time            Cj              Ck              shCj            shCk            Br             
0.000000000e+00 1.000000000e+01 1.000000000e-05 0.000000000e+00 0.000000000e+00 1.000000000e+01
2.885771543e+01 6.281888846e+00 1.597452431e-03 8.071287374e-08 1.271523250e-03 9.978330350e+00
5.771543086e+01 5.680232208e+00 3.812478744e-03 8.731015899e-07 2.041347478e-03 9.927387596e+00
8.657314629e+01 5.308784482e+00 7.970579825e-03 3.200048694e-06 2.590726899e-03 9.859408264e+00
1.154308617e+02 5.079271486e+00 1.511274169e-02 7.562842096e-06 3.014579334e-03 9.781736597e+00
1.442885772e+02 4.937430528e+00 2.586057117e-02 1.409532257e-05 3.355926265e-03 9.698754501e+00
1.731462926e+02 4.849852743e+00 4.043911807e-02 2.265395284e-05 3.636879743e-03 9.613036878e+00
2.020040080e+02 4.795943032e+00 5.877253364e-02 3.292504750e-05 3.870458089e-03 9.526069517e+00
2.308617234e+02 4.762992486e+00 8.058850746e-02 4.451373452e-05 4.065355629e-03 9.438688819e+00
2.597194389e+02 4.743151937e+00 1.055062619e-01 5.700707939e-05 4.227965320e-03 9.351348598e+00
2.885771543e+02 4.731569659e+00 1.331014702e-01 7.001392327e-05 4.363289881e-03 9.264280654e+00
3.174348697e+02 4.725243900e+00 1.629496299e-01 8.318692316e-05 4.475388062e-03 9.177590773e+00
3.462925852e+02 4.722315740e+00 1.946523885e-01 9.623244041e-05 4.567620287e-03 9.091315506e+00
3.751503006e+02 4.721631523e+00 2.278511942e-01 1.089123870e-04 4.642803512e-03 9.005455451e+00
4.040080160e+02 4.722473815e+00 2.622328001e-01 1.210416079e-04 4.703317184e-03 8.919994332e+00
4.328657315e+02 4.724394792e+00 2.975294336e-01 1.324827530e-04 4.751183467e-03 8.834909701e+00
4.617234469e+02 4.727113371e+00 3.335159666e-01 1.431400787e-04 4.788129598e-03 8.750178684e+00
4.905811623e+02 4.730451404e+00 3.700053775e-01 1.529528871e-04 4.815637742e-03 8.665780821e+00
5.194388778e+02 4.734294742e+00 4.068440014e-01 1.618894842e-04 4.834984281e-03 8.581699285e+00
5.482965932e+02 4.738568719e+00 4.439065207e-01 1.699414692e-04 4.847272265e-03 8.497921192e+00
5.771543086e+02 4.743223314e+00 4.810914418e-01 1.771187921e-04 4.853457866e-03 8.414437439e+00
6.060120240e+02 4.748223806e+00 5.183170254e-01 1.834454491e-04 4.854371868e-03 8.331242316e+00
6.348697395e+02 4.753545001e+00 5.555177376e-01 1.889558455e-04 4.850737758e-03 8.248333046e+00
6.637274549e+02 4.759167737e+00 5.926412927e-01 1.936917788e-04 4.843186473e-03 8.165709317e+00
6.925851703e+02 4.765076610e+00 6.296461256e-01 1.976999427e-04 4.832268955e-03 8.083372844e+00
7.214428858e+02 4.771258735e+00 6.664993539e-01 2.010299773e-04 4.818466960e-03 8.001326987e+00
7.503006012e+02 4.777702737e+00 7.031750038e-01 2.037328200e-04 4.802202250e-03 7.919576407e+00
7.791583166e+02 4.784398324e+00 7.396527738e-01 2.058595155e-04 4.783843324e-03 7.838126809e+00
8.080160321e+02 4.791335916e+00 7.759167667e-01 2.074602345e-04 4.763713330e-03 7.756984688e+00
8.368737475e+02 4.798506428e+00 8.119546640e-01 2.085835733e-04 4.742095031e-03 7.676157148e+00
8.657314629e+02 4.805901167e+00 8.477569811e-01 2.092760507e-04 4.719236056e-03 7.595651740e+00
8.945891784e+02 4.813511717e+00 8.833164871e-01 2.095817481e-04 4.695353107e-03 7.515476341e+00
9.234468938e+02 4.821329903e+00 9.186277374e-01 2.095420898e-04 4.670635775e-03 7.435639045e+00
9.523046092e+02 4.829347743e+00 9.536866988e-01 2.091957184e-04 4.645249816e-03 7.356148082e+00
9.811623246e+02 4.837557430e+00 9.884904394e-01 2.085784487e-04 4.619340157e-03 7.277011748e+00
1.010020040e+03 4.845951330e+00 1.023036920e+00 2.077233060e-04 4.593033233e-03 7.198238357e+00
1.038877756e+03 4.854521935e+00 1.057324788e+00 2.066605669e-04 4.566439185e-03 7.119836193e+00
1.067735471e+03 4.863261883e+00 1.091353223e+00 2.054178693e-04 4.539653973e-03 7.041813475e+00
1.096593186e+03 4.872163961e+00 1.125121828e+00 2.040203389e-04 4.512761042e-03 6.964178326e+00
1.125450902e+03 4.881221076e+00 1.158630528e+00 2.024907194e-04 4.485832748e-03 6.886938757e+00
1.154308617e+03 4.890426251e+00 1.191879494e+00 2.008495163e-04 4.458931704e-03 6.810102643e+00
1.183166333e+03 4.899772658e+00 1.224869092e+00 1.991151652e-04 4.432112065e-03 6.733677706e+00
1.212024048e+03 4.909253577e+00 1.257599824e+00 1.973041678e-04 4.405420408e-03 6.657671511e+00
1.240881764e+03 4.918862412e+00 1.290072302e+00 1.954312524e-04 4.378896716e-03 6.582091447e+00
1.269739479e+03 4.928592691e+00 1.322287214e+00 1.935095178e-04 4.352575170e-03 6.506944724e+00
1.298597194e+03 4.938438060e+00 1.354245302e+00 1.915505726e-04 4.326484849e-03 6.432238366e+00
1.327454910e+03 4.948392284e+00 1.385947344e+00 1.895646704e-04 4.300650365e-03 6.357979205e+00
1.356312625e+03 4.958449248e+00 1.417394143e+00 1.875608357e-04 4.275092408e-03 6.284173873e+00
1.385170341e+03 4.968602952e+00 1.448586512e+00 1.855469807e-04 4.249828218e-03 6.210828807e+00
1.414028056e+03 4.978847515e+00 1.479525271e+00 1.835300150e-04 4.224872021e-03 6.137950237e+00
1.442885772e+03 4.989177169e+00 1.510211242e+00 1.815159471e-04 4.200235404e-03 6.065544190e+00
1.471743487e+03 4.999586265e+00 1.540645239e+00 1.795099759e-04 4.175927643e-03 5.993616486e+00
1.500601202e+03 5.010069266e+00 1.570828070e+00 1.775165799e-04 4.151956014e-03 5.922172736e+00
1.529458918e+03 5.020620753e+00 1.600760532e+00 1.755395934e-04 4.128326038e-03 5.851218341e+00
1.558316633e+03 5.031235415e+00 1.630443414e+00 1.735822777e-04 4.105041712e-03 5.780758494e+00
1.587174349e+03 5.041908058e+00 1.659877491e+00 1.716473893e-04 4.082105717e-03 5.710798177e+00
1.616032064e+03 5.052633599e+00 1.689063530e+00 1.697372292e-04 4.059519564e-03 5.641342162e+00
1.644889780e+03 5.063407064e+00 1.718002287e+00 1.678537023e-04 4.037283761e-03 5.572395009e+00
1.673747495e+03 5.074223595e+00 1.746694507e+00 1.659983632e-04 4.015397971e-03 5.503961072e+00
1.702605210e+03 5.085078447e+00 1.775140927e+00 1.641724566e-04 3.993861112e-03 5.436044492e+00
1.731462926e+03 5.095966960e+00 1.803342276e+00 1.623769638e-04 3.972671448e-03 5.368649206e+00
1.760320641e+03 5.106884605e+00 1.831299275e+00 1.606126274e-04 3.951826728e-03 5.301778940e+00
1.789178357e+03 5.117826970e+00 1.859012641e+00 1.588799835e-04 3.931324251e-03 5.235437214e+00
1.818036072e+03 5.128789725e+00 1.886483086e+00 1.571793901e-04 3.911160881e-03 5.169627346e+00
1.846893788e+03 5.139768655e+00 1.913711319e+00 1.555110579e-04 3.891333190e-03 5.104352448e+00
1.875751503e+03 5.150759652e+00 1.940698048e+00 1.538750562e-04 3.871837448e-03 5.039615430e+00
1.904609218e+03 5.161758710e+00 1.967443979e+00 1.522713434e-04 3.852669709e-03 4.975419003e+00
1.933466934e+03 5.172761928e+00 1.993949820e+00 1.506997811e-04 3.833825846e-03 4.911765679e+00
1.962324649e+03 5.183765504e+00 2.020216281e+00 1.491601450e-04 3.815301566e-03 4.848657774e+00
1.991182365e+03 5.194765739e+00 2.046244077e+00 1.476521425e-04 3.797092468e-03 4.786097409e+00
2.020040080e+03 5.205759033e+00 2.072033923e+00 1.461754204e-04 3.779194050e-03 4.724086514e+00
2.048897796e+03 5.216741886e+00 2.097586544e+00 1.447295839e-04 3.761601763e-03 4.662626827e+00
2.077755511e+03 5.227710892e+00 2.122902671e+00 1.433141885e-04 3.744310986e-03 4.601719900e+00
2.106613226e+03 5.238662746e+00 2.147983040e+00 1.419287723e-04 3.727317107e-03 4.541367101e+00
2.135470942e+03 5.249594239e+00 2.172828399e+00 1.405728283e-04 3.710615457e-03 4.481569612e+00
2.164328657e+03 5.260502258e+00 2.197439504e+00 1.392458481e-04 3.694201410e-03 4.422328439e+00
2.193186373e+03 5.271383771e+00 2.221817122e+00 1.379472903e-04 3.678070293e-03 4.363644408e+00
2.222044088e+03 5.282235842e+00 2.245962031e+00 1.366766159e-04 3.662217492e-03 4.305518174e+00
2.250901804e+03 5.293055650e+00 2.269875020e+00 1.354332672e-04 3.646638428e-03 4.247950217e+00
2.279759519e+03 5.303840456e+00 2.293556895e+00 1.342166913e-04 3.631328570e-03 4.190940850e+00
2.308617234e+03 5.314587582e+00 2.317008470e+00 1.330263236e-04 3.616283358e-03 4.134490222e+00
2.337474950e+03 5.325294452e+00 2.340230577e+00 1.318616076e-04 3.601498320e-03 4.078598318e+00
2.366332665e+03 5.335958581e+00 2.363224061e+00 1.307219856e-04 3.586969036e-03 4.023264963e+00
2.395190381e+03 5.346577566e+00 2.385989783e+00 1.296069074e-04 3.572691140e-03 3.968489827e+00
2.424048096e+03 5.357149093e+00 2.408528617e+00 1.285158271e-04 3.558660328e-03 3.914272428e+00
2.452905812e+03 5.367670936e+00 2.430841457e+00 1.274482068e-04 3.544872370e-03 3.860612131e+00
2.481763527e+03 5.378140942e+00 2.452929212e+00 1.264035166e-04 3.531323081e-03 3.807508159e+00
2.510621242e+03 5.388557023e+00 2.474792805e+00 1.253812329e-04 3.518008309e-03 3.754959587e+00
2.539478958e+03 5.398917186e+00 2.496433180e+00 1.243808431e-04 3.504923993e-03 3.702965354e+00
2.568336673e+03 5.409219519e+00 2.517851296e+00 1.234018402e-04 3.492066139e-03 3.651524260e+00
2.597194389e+03 5.419462181e+00 2.539048128e+00 1.224437296e-04 3.479430807e-03 3.600634973e+00
2.626052104e+03 5.429643413e+00 2.560024673e+00 1.215060276e-04 3.467014138e-03 3.550296030e+00
2.654909820e+03 5.439761527e+00 2.580781941e+00 1.205882603e-04 3.454812333e-03 3.500505843e+00
2.683767535e+03 5.449814890e+00 2.601320962e+00 1.196899619e-04 3.442821619e-03 3.451262701e+00
2.712625251e+03 5.459801948e+00 2.621642782e+00 1.188106796e-04 3.431038309e-03 3.402564771e+00
2.741482966e+03 5.469721228e+00 2.641748466e+00 1.179499718e-04 3.419458800e-03 3.354410105e+00
2.770340681e+03 5.479571314e+00 2.661639097e+00 1.171074078e-04 3.408079538e-03 3.306796643e+00
2.799198397e+03 5.489350875e+00 2.681315778e+00 1.162825639e-04 3.396897044e-03 3.259722215e+00
2.828056112e+03 5.499058647e+00 2.700779627e+00 1.154750288e-04 3.385907913e-03 3.213184543e+00
2.856913828e+03 5.508693402e+00 2.720031777e+00 1.146843991e-04 3.375108741e-03 3.167181248e+00
2.885771543e+03 5.518253979e+00 2.739073379e+00 1.139102805e-04 3.364496189e-03 3.121709851e+00
2.914629259e+03 5.527739297e+00 2.757905604e+00 1.131522927e-04 3.354067021e-03 3.076767776e+00
2.943486974e+03 5.537148330e+00 2.776529639e+00 1.124100661e-04 3.343818059e-03 3.032352355e+00
2.972344689e+03 5.546480109e+00 2.794946686e+00 1.116832371e-04 3.333746163e-03 2.988460831e+00
3.001202405e+03 5.555733729e+00 2.813157965e+00 1.109714493e-04 3.323848251e-03 2.945090358e+00
3.030060120e+03 5.564908336e+00 2.831164713e+00 1.102743581e-04 3.314121302e-03 2.902238008e+00
3.058917836e+03 5.574003127e+00 2.848968178e+00 1.095916277e-04 3.304562336e-03 2.859900775e+00
3.087775551e+03 5.583017360e+00 2.866569628e+00 1.089229299e-04 3.295168431e-03 2.818075572e+00
3.116633267e+03 5.591950345e+00 2.883970345e+00 1.082679463e-04 3.285936729e-03 2.776759242e+00
3.145490982e+03 5.600801442e+00 2.901171625e+00 1.076263660e-04 3.276864412e-03 2.735948556e+00
3.174348697e+03 5.609570063e+00 2.918174779e+00 1.069978853e-04 3.267948717e-03 2.695640216e+00
3.203206413e+03 5.618255668e+00 2.934981133e+00 1.063822092e-04 3.259186933e-03 2.655830861e+00
3.232064128e+03 5.626857765e+00 2.951592024e+00 1.057790496e-04 3.250576392e-03 2.616517068e+00
3.260921844e+03 5.635375908e+00 2.968008803e+00 1.051881258e-04 3.242114477e-03 2.577695354e+00
3.289779559e+03 5.643809699e+00 2.984232837e+00 1.046091650e-04 3.233798618e-03 2.539362182e+00
3.318637275e+03 5.652158780e+00 3.000265500e+00 1.040419002e-04 3.225626290e-03 2.501513959e+00
3.347494990e+03 5.660422840e+00 3.016108183e+00 1.034860717e-04 3.217595010e-03 2.464147047e+00
3.376352705e+03 5.668601609e+00 3.031762285e+00 1.029414267e-04 3.209702348e-03 2.427257754e+00
3.405210421e+03 5.676694856e+00 3.047229216e+00 1.024077183e-04 3.201945909e-03 2.390842348e+00
3.434068136e+03 5.684702391e+00 3.062510400e+00 1.018847059e-04 3.194323345e-03 2.354897054e+00
3.462925852e+03 5.692624062e+00 3.077607266e+00 1.013721552e-04 3.186832350e-03 2.319418054e+00
3.491783567e+03 5.700459754e+00 3.092521257e+00 1.008698376e-04 3.179470657e-03 2.284401497e+00
3.520641283e+03 5.708209390e+00 3.107253823e+00 1.003775301e-04 3.172236040e-03 2.249843497e+00
3.549498998e+03 5.715872925e+00 3.121806423e+00 9.989501536e-05 3.165126313e-03 2.215740133e+00
3.578356713e+03 5.723450351e+00 3.136180523e+00 9.942208136e-05 3.158139329e-03 2.182087457e+00
3.607214429e+03 5.730941690e+00 3.150377598e+00 9.895852127e-05 3.151272979e-03 2.148881494e+00
3.636072144e+03 5.738347000e+00 3.164399129e+00 9.850413359e-05 3.144525191e-03 2.116118240e+00
3.664929860e+03 5.745666365e+00 3.178246606e+00 9.805872143e-05 3.137893929e-03 2.083793673e+00
3.693787575e+03 5.752899902e+00 3.191921522e+00 9.762209280e-05 3.131377193e-03 2.051903749e+00
3.722645291e+03 5.760047757e+00 3.205425378e+00 9.719406068e-05 3.124973020e-03 2.020444402e+00
3.751503006e+03 5.767110102e+00 3.218759679e+00 9.677444222e-05 3.118679479e-03 1.989411554e+00
3.780360721e+03 5.774087136e+00 3.231925935e+00 9.636305915e-05 3.112494676e-03 1.958801111e+00
3.809218437e+03 5.780979088e+00 3.244925661e+00 9.595973772e-05 3.106416748e-03 1.928608964e+00
3.838076152e+03 5.787786205e+00 3.257760374e+00 9.556430798e-05 3.100443865e-03 1.898830999e+00
3.866933868e+03 5.794508764e+00 3.270431595e+00 9.517660410e-05 3.094574230e-03 1.869463092e+00
3.895791583e+03 5.801147062e+00 3.282940848e+00 9.479646448e-05 3.088806076e-03 1.840501107e+00
3.924649299e+03 5.807701420e+00 3.295289661e+00 9.442373106e-05 3.083137668e-03 1.811940908e+00
3.953507014e+03 5.814172180e+00 3.307479561e+00 9.405824945e-05 3.077567301e-03 1.783778356e+00
3.982364729e+03 5.820559702e+00 3.319512078e+00 9.369986908e-05 3.072093298e-03 1.756009311e+00
4.011222445e+03 5.826864369e+00 3.331388741e+00 9.334844342e-05 3.066714017e-03 1.728629626e+00
4.040080160e+03 5.833086582e+00 3.343111083e+00 9.300382863e-05 3.061427840e-03 1.701635164e+00
4.068937876e+03 5.839226758e+00 3.354680633e+00 9.266588443e-05 3.056233176e-03 1.675021790e+00
4.097795591e+03 5.845285335e+00 3.366098923e+00 9.233447390e-05 3.051128465e-03 1.648785367e+00
4.126653307e+03 5.851262767e+00 3.377367484e+00 9.200946313e-05 3.046112171e-03 1.622921771e+00
4.155511022e+03 5.857159521e+00 3.388487843e+00 9.169072123e-05 3.041182787e-03 1.597426884e+00
4.184368737e+03 5.862976080e+00 3.399461528e+00 9.137812048e-05 3.036338830e-03 1.572296597e+00
4.213226453e+03 5.868712942e+00 3.410290063e+00 9.107153655e-05 3.031578846e-03 1.547526805e+00
4.242084168e+03 5.874370616e+00 3.420974971e+00 9.077084724e-05 3.026901404e-03 1.523113423e+00
4.270941884e+03 5.879949625e+00 3.431517768e+00 9.047593338e-05 3.022305097e-03 1.499052377e+00
4.299799599e+03 5.885450511e+00 3.441919978e+00 9.018667877e-05 3.017788545e-03 1.475339600e+00
4.328657315e+03 5.890873826e+00 3.452183112e+00 8.990296966e-05 3.013350390e-03 1.451971047e+00
4.357515030e+03 5.896220129e+00 3.462308682e+00 8.962469483e-05 3.008989299e-03 1.428942686e+00
4.386372745e+03 5.901489989e+00 3.472298192e+00 8.935174533e-05 3.004703959e-03 1.406250504e+00
4.415230461e+03 5.906683970e+00 3.482153132e+00 8.908401392e-05 3.000493074e-03 1.383890501e+00
4.444088176e+03 5.911802660e+00 3.491874998e+00 8.882139632e-05 2.996355378e-03 1.361858700e+00
4.472945892e+03 5.916846646e+00 3.501465273e+00 8.856379008e-05 2.992289619e-03 1.340151147e+00
4.501803607e+03 5.921816618e+00 3.510925498e+00 8.831110791e-05 2.988294642e-03 1.318763903e+00
4.530661323e+03 5.926713074e+00 3.520257075e+00 8.806323046e-05 2.984369126e-03 1.297693050e+00
4.559519038e+03 5.931536711e+00 3.529461527e+00 8.782008122e-05 2.980511985e-03 1.276934695e+00
4.588376754e+03 5.936288124e+00 3.538540302e+00 8.758155960e-05 2.976722018e-03 1.256484968e+00
4.617234469e+03 5.940967933e+00 3.547494849e+00 8.734757201e-05 2.972998071e-03 1.236340020e+00
4.646092184e+03 5.945576799e+00 3.556326638e+00 8.711803543e-05 2.969339052e-03 1.216496030e+00
4.674949900e+03 5.950115361e+00 3.565037109e+00 8.689286225e-05 2.965743854e-03 1.196949199e+00
4.703807615e+03 5.954584260e+00 3.573627698e+00 8.667196550e-05 2.962211384e-03 1.177695757e+00
4.732665331e+03 5.958984148e+00 3.582099835e+00 8.645526164e-05 2.958740575e-03 1.158731958e+00
4.761523046e+03 5.963315681e+00 3.590454941e+00 8.624266931e-05 2.955330382e-03 1.140054084e+00
4.790380762e+03 5.967579516e+00 3.598694430e+00 8.603410862e-05 2.951979773e-03 1.121658444e+00
4.819238477e+03 5.971776314e+00 3.606819707e+00 8.582950182e-05 2.948687739e-03 1.103541374e+00
4.848096192e+03 5.975906739e+00 3.614832168e+00 8.562877247e-05 2.945453285e-03 1.085699239e+00
4.876953908e+03 5.979971455e+00 3.622733200e+00 8.543184599e-05 2.942275434e-03 1.068128434e+00
4.905811623e+03 5.983971130e+00 3.630524181e+00 8.523864908e-05 2.939153226e-03 1.050825382e+00
4.934669339e+03 5.987906432e+00 3.638206482e+00 8.504911007e-05 2.936085714e-03 1.033786535e+00
4.963527054e+03 5.991778030e+00 3.645781460e+00 8.486315876e-05 2.933071970e-03 1.017008375e+00
4.992384770e+03 5.995586595e+00 3.653250467e+00 8.468072646e-05 2.930111082e-03 1.000487417e+00
5.021242485e+03 5.999332796e+00 3.660614842e+00 8.450174597e-05 2.927202152e-03 9.842202026e-01
5.050100200e+03 6.003017307e+00 3.667875917e+00 8.432615150e-05 2.924344300e-03 9.682033058e-01
5.078957916e+03 6.006640795e+00 3.675035011e+00 8.415387858e-05 2.921536658e-03 9.524333320e-01
5.107815631e+03 6.010203932e+00 3.682093435e+00 8.398486417e-05 2.918778373e-03 9.369069182e-01
5.136673347e+03 6.013707387e+00 3.689052488e+00 8.381904647e-05 2.916068610e-03 9.216207318e-01
5.165531062e+03 6.017151828e+00 3.695913461e+00 8.365636491e-05 2.913406544e-03 9.065714729e-01
5.194388778e+03 6.020537920e+00 3.702677631e+00 8.349676016e-05 2.910791365e-03 8.917558749e-01
5.223246493e+03 6.023866330e+00 3.709346268e+00 8.334017421e-05 2.908222278e-03 8.771706999e-01
5.252104208e+03 6.027137721e+00 3.715920628e+00 8.318655012e-05 2.905698500e-03 8.628127449e-01
5.280961924e+03 6.030352753e+00 3.722401958e+00 8.303583209e-05 2.903219263e-03 8.486788390e-01
5.309819639e+03 6.033512088e+00 3.728791494e+00 8.288796566e-05 2.900783811e-03 8.347658415e-01
5.338677355e+03 6.036616381e+00 3.735090462e+00 8.274289731e-05 2.898391402e-03 8.210706460e-01
5.367535070e+03 6.039666287e+00 3.741300074e+00 8.260057466e-05 2.896041305e-03 8.075901780e-01
5.396392786e+03 6.042662457e+00 3.747421534e+00 8.246094641e-05 2.893732802e-03 7.943213950e-01
5.425250501e+03 6.045605542e+00 3.753456034e+00 8.232396229e-05 2.891465188e-03 7.812612875e-01
5.454108216e+03 6.048496186e+00 3.759404753e+00 8.218957304e-05 2.889237769e-03 7.684068784e-01
5.482965932e+03 6.051335031e+00 3.765268861e+00 8.205773033e-05 2.887049862e-03 7.557552227e-01
5.511823647e+03 6.054122717e+00 3.771049516e+00 8.192838690e-05 2.884900798e-03 7.433034091e-01
5.540681363e+03 6.056859879e+00 3.776747863e+00 8.180149638e-05 2.882789917e-03 7.310485585e-01
5.569539078e+03 6.059547147e+00 3.782365038e+00 8.167701331e-05 2.880716570e-03 7.189878242e-01
5.598396794e+03 6.062185152e+00 3.787902164e+00 8.155489317e-05 2.878680123e-03 7.071183889e-01
5.627254509e+03 6.064774515e+00 3.793360355e+00 8.143509228e-05 2.876679948e-03 6.954374723e-01
5.656112224e+03 6.067315856e+00 3.798740709e+00 8.131756778e-05 2.874715429e-03 6.839423253e-01
5.684969940e+03 6.069809790e+00 3.804044315e+00 8.120227766e-05 2.872785961e-03 6.726302314e-01
5.713827655e+03 6.072256929e+00 3.809272254e+00 8.108918098e-05 2.870890950e-03 6.614985007e-01
5.742685371e+03 6.074657880e+00 3.814425590e+00 8.097823735e-05 2.869029812e-03 6.505444805e-01
5.771543086e+03 6.077013244e+00 3.819505378e+00 8.086940719e-05 2.867201970e-03 6.397655502e-01
5.800400802e+03 6.079323618e+00 3.824512662e+00 8.076265167e-05 2.865406859e-03 6.291591202e-01
5.829258517e+03 6.081589595e+00 3.829448473e+00 8.065793288e-05 2.863643926e-03 6.187226301e-01
5.858116232e+03 6.083811764e+00 3.834313834e+00 8.055521367e-05 2.861912623e-03 6.084535504e-01
5.886973948e+03 6.085990708e+00 3.839109752e+00 8.045445741e-05 2.860212413e-03 5.983493866e-01
5.915831663e+03 6.088127005e+00 3.843837226e+00 8.035562827e-05 2.858542769e-03 5.884076736e-01
5.944689379e+03 6.090221228e+00 3.848497242e+00 8.025869113e-05 2.856903172e-03 5.786259770e-01
5.973547094e+03 6.092273946e+00 3.853090776e+00 8.016361163e-05 2.855293112e-03 5.690018901e-01
6.002404810e+03 6.094285723e+00 3.857618793e+00 8.007035595e-05 2.853712088e-03 5.595330409e-01
6.031262525e+03 6.096257116e+00 3.862082244e+00 7.997889096e-05 2.852159606e-03 5.502170864e-01
6.060120240e+03 6.098188677e+00 3.866482071e+00 7.988918413e-05 2.850635182e-03 5.410517138e-01
6.088977956e+03 6.100080957e+00 3.870819206e+00 7.980120370e-05 2.849138340e-03 5.320346378e-01
6.117835671e+03 6.101934497e+00 3.875094567e+00 7.971491836e-05 2.847668611e-03 5.231636054e-01
6.146693387e+03 6.103749833e+00 3.879309063e+00 7.963029745e-05 2.846225535e-03 5.144363926e-01
6.175551102e+03 6.105527499e+00 3.883463592e+00 7.954731086e-05 2.844808659e-03 5.058508047e-01
6.204408818e+03 6.107268021e+00 3.887559040e+00 7.946592913e-05 2.843417538e-03 4.974046749e-01
6.233266533e+03 6.108971921e+00 3.891596282e+00 7.938612338e-05 2.842051735e-03 4.890958653e-01
6.262124248e+03 6.110639714e+00 3.895576184e+00 7.930786515e-05 2.840710821e-03 4.809222676e-01
6.290981964e+03 6.112271910e+00 3.899499600e+00 7.923112658e-05 2.839394371e-03 4.728818018e-01
6.319839679e+03 6.113869016e+00 3.903367373e+00 7.915588033e-05 2.838101971e-03 4.649724153e-01
6.348697395e+03 6.115431532e+00 3.907180336e+00 7.908209970e-05 2.836833213e-03 4.571920820e-01
6.377555110e+03 6.116959952e+00 3.910939311e+00 7.900975831e-05 2.835587694e-03 4.495388057e-01
6.406412826e+03 6.118454764e+00 3.914645110e+00 7.893883036e-05 2.834365020e-03 4.420106166e-01
6.435270541e+03 6.119916452e+00 3.918298535e+00 7.886929049e-05 2.833164803e-03 4.346055723e-01
6.464128257e+03 6.121345496e+00 3.921900377e+00 7.880111395e-05 2.831986661e-03 4.273217555e-01
6.492985972e+03 6.122742368e+00 3.925451416e+00 7.873427631e-05 2.830830219e-03 4.201572772e-01
6.521843687e+03 6.124107535e+00 3.928952424e+00 7.866875366e-05 2.829695109e-03 4.131102743e-01
6.550701403e+03 6.125441459e+00 3.932404161e+00 7.860452249e-05 2.828580968e-03 4.061789099e-01
6.579559118e+03 6.126744598e+00 3.935807377e+00 7.854155979e-05 2.827487440e-03 3.993613721e-01
6.608416834e+03 6.128017404e+00 3.939162814e+00 7.847984299e-05 2.826414175e-03 3.926558748e-01
6.637274549e+03 6.129260321e+00 3.942471202e+00 7.841934987e-05 2.825360827e-03 3.860606574e-01
6.666132265e+03 6.130473792e+00 3.945733263e+00 7.836005865e-05 2.824327059e-03 3.795739843e-01
6.694989980e+03 6.131658251e+00 3.948949707e+00 7.830194795e-05 2.823312538e-03 3.731941445e-01
6.723847695e+03 6.132814129e+00 3.952121237e+00 7.824499686e-05 2.822316937e-03 3.669194511e-01
6.752705411e+03 6.133941852e+00 3.955248544e+00 7.818918475e-05 2.821339934e-03 3.607482417e-01
6.781563126e+03 6.135041839e+00 3.958332313e+00 7.813449141e-05 2.820381213e-03 3.546788781e-01
6.810420842e+03 6.136114504e+00 3.961373215e+00 7.808089699e-05 2.819440463e-03 3.487097455e-01
6.839278557e+03 6.137160257e+00 3.964371917e+00 7.802838209e-05 2.818517379e-03 3.428392520e-01
6.868136273e+03 6.138179504e+00 3.967329072e+00 7.797692757e-05 2.817611661e-03 3.370658297e-01
6.896993988e+03 6.139172642e+00 3.970245327e+00 7.792651466e-05 2.816723012e-03 3.313879330e-01
6.925851703e+03 6.140140067e+00 3.973121319e+00 7.787712493e-05 2.815851143e-03 3.258040391e-01
6.954709419e+03 6.141082167e+00 3.975957676e+00 7.782874036e-05 2.814995770e-03 3.203126475e-01
6.983567134e+03 6.141999327e+00 3.978755018e+00 7.778134321e-05 2.814156610e-03 3.149122797e-01
7.012424850e+03 6.142891926e+00 3.981513955e+00 7.773491603e-05 2.813333389e-03 3.096014791e-01
7.041282565e+03 6.143760338e+00 3.984235089e+00 7.768944172e-05 2.812525836e-03 3.043788107e-01
7.070140281e+03 6.144604932e+00 3.986919014e+00 7.764490346e-05 2.811733683e-03 2.992428607e-01
7.098997996e+03 6.145426073e+00 3.989566315e+00 7.760128482e-05 2.810956669e-03 2.941922364e-01
7.127855711e+03 6.146224121e+00 3.992177569e+00 7.755856963e-05 2.810194537e-03 2.892255659e-01
7.156713427e+03 6.146999431e+00 3.994753344e+00 7.751674196e-05 2.809447034e-03 2.843414977e-01
7.185571142e+03 6.147752352e+00 3.997294200e+00 7.747578621e-05 2.808713910e-03 2.795387006e-01
7.214428858e+03 6.148483230e+00 3.999800690e+00 7.743568703e-05 2.807994920e-03 2.748158633e-01
7.243286573e+03 6.149192406e+00 4.002273357e+00 7.739642946e-05 2.807289826e-03 2.701716948e-01
7.272144289e+03 6.149880216e+00 4.004712739e+00 7.735799873e-05 2.806598389e-03 2.656049231e-01
7.301002004e+03 6.150546992e+00 4.007119364e+00 7.732038031e-05 2.805920379e-03 2.611142955e-01
7.329859719e+03 6.151193060e+00 4.009493753e+00 7.728355997e-05 2.805255566e-03 2.566985782e-01
7.358717435e+03 6.151818744e+00 4.011836419e+00 7.724752371e-05 2.804603726e-03 2.523565563e-01
7.387575150e+03 6.152424360e+00 4.014147867e+00 7.721225785e-05 2.803964638e-03 2.480870340e-01
7.416432866e+03 6.153010224e+00 4.016428596e+00 7.717774890e-05 2.803338085e-03 2.438888331e-01
7.445290581e+03 6.153576644e+00 4.018679096e+00 7.714398362e-05 2.802723854e-03 2.397607935e-01
7.474148297e+03 6.154123924e+00 4.020899852e+00 7.711094899e-05 2.802121735e-03 2.357017727e-01
7.503006012e+03 6.154652366e+00 4.023091339e+00 7.707863223e-05 2.801531522e-03 2.317106461e-01
7.531863727e+03 6.155162267e+00 4.025254027e+00 7.704702089e-05 2.800953013e-03 2.277863070e-01
7.560721443e+03 6.155653918e+00 4.027388379e+00 7.701610262e-05 2.800386009e-03 2.239276651e-01
7.589579158e+03 6.156127607e+00 4.029494850e+00 7.698586533e-05 2.799830313e-03 2.201336466e-01
7.618436874e+03 6.156583619e+00 4.031573888e+00 7.695629713e-05 2.799285733e-03 2.164031949e-01
7.647294589e+03 6.157022233e+00 4.033625936e+00 7.692738637e-05 2.798752080e-03 2.127352692e-01
7.676152305e+03 6.157443726e+00 4.035651427e+00 7.689912164e-05 2.798229169e-03 2.091288467e-01
7.705010020e+03 6.157848368e+00 4.037650791e+00 7.687149167e-05 2.797716816e-03 2.055829187e-01
7.733867735e+03 6.158236428e+00 4.039624450e+00 7.684448542e-05 2.797214841e-03 2.020964924e-01
7.762725451e+03 6.158608169e+00 4.041572818e+00 7.681809202e-05 2.796723069e-03 1.986685909e-01
7.791583166e+03 6.158963853e+00 4.043496305e+00 7.679230083e-05 2.796241324e-03 1.952982524e-01
7.820440882e+03 6.159303735e+00 4.045395317e+00 7.676710137e-05 2.795769438e-03 1.919845315e-01
7.849298597e+03 6.159628070e+00 4.047270249e+00 7.674248335e-05 2.795307240e-03 1.887264960e-01
7.878156313e+03 6.159937105e+00 4.049121493e+00 7.671843666e-05 2.794854567e-03 1.855232288e-01
7.907014028e+03 6.160231087e+00 4.050949434e+00 7.669495135e-05 2.794411255e-03 1.823738271e-01
7.935871743e+03 6.160510256e+00 4.052754452e+00 7.667201766e-05 2.793977146e-03 1.792774025e-01
7.964729459e+03 6.160774850e+00 4.054536915e+00 7.664962627e-05 2.793552085e-03 1.762330821e-01
7.993587174e+03 6.161025102e+00 4.056297190e+00 7.662776768e-05 2.793135918e-03 1.732400048e-01
8.022444890e+03 6.161261245e+00 4.058035640e+00 7.660643271e-05 2.792728494e-03 1.702973236e-01
8.051302605e+03 6.161483504e+00 4.059752619e+00 7.658561232e-05 2.792329664e-03 1.674042052e-01
8.080160321e+03 6.161692104e+00 4.061448477e+00 7.656529763e-05 2.791939282e-03 1.645598292e-01
8.109018036e+03 6.161887269e+00 4.063123568e+00 7.654547950e-05 2.791557199e-03 1.617633898e-01
8.137875752e+03 6.162069217e+00 4.064778230e+00 7.652614939e-05 2.791183275e-03 1.590140922e-01
8.166733467e+03 6.162238163e+00 4.066412800e+00 7.650729870e-05 2.790817368e-03 1.563111550e-01
8.195591182e+03 6.162394320e+00 4.068027612e+00 7.648891895e-05 2.790459338e-03 1.536538091e-01
8.224448898e+03 6.162537890e+00 4.069622976e+00 7.647100280e-05 2.790109064e-03 1.510412983e-01
8.253306613e+03 6.162669076e+00 4.071199210e+00 7.645354222e-05 2.789766414e-03 1.484728781e-01
8.282164329e+03 6.162788078e+00 4.072756623e+00 7.643652975e-05 2.789431263e-03 1.459478158e-01
8.311022044e+03 6.162895096e+00 4.074295530e+00 7.641995726e-05 2.789103477e-03 1.434653909e-01
8.339879760e+03 6.162990330e+00 4.075816240e+00 7.640381666e-05 2.788782925e-03 1.410248942e-01
8.368737475e+03 6.163073974e+00 4.077319059e+00 7.638810013e-05 2.788469477e-03 1.386256280e-01
8.397595190e+03 6.163146213e+00 4.078804271e+00 7.637280104e-05 2.788163022e-03 1.362669058e-01
8.426452906e+03 6.163207237e+00 4.080272173e+00 7.635791181e-05 2.787863436e-03 1.339480523e-01
8.455310621e+03 6.163257228e+00 4.081723048e+00 7.634342548e-05 2.787570603e-03 1.316684029e-01
8.484168337e+03 6.163296365e+00 4.083157172e+00 7.632933546e-05 2.787284413e-03 1.294273039e-01
8.513026052e+03 6.163324824e+00 4.084574818e+00 7.631563533e-05 2.787004760e-03 1.272241121e-01
8.541883768e+03 6.163342781e+00 4.085976258e+00 7.630231816e-05 2.786731529e-03 1.250581949e-01
8.570741483e+03 6.163350411e+00 4.087361764e+00 7.628937706e-05 2.786464607e-03 1.229289298e-01
8.599599198e+03 6.163347883e+00 4.088731599e+00 7.627680549e-05 2.786203883e-03 1.208357044e-01
8.628456914e+03 6.163335365e+00 4.090086025e+00 7.626459701e-05 2.785949253e-03 1.187779163e-01
8.657314629e+03 6.163313026e+00 4.091425302e+00 7.625274491e-05 2.785700605e-03 1.167549731e-01
8.686172345e+03 6.163281027e+00 4.092749682e+00 7.624124294e-05 2.785457835e-03 1.147662917e-01
8.715030060e+03 6.163239523e+00 4.094059400e+00 7.623008611e-05 2.785220859e-03 1.128112988e-01
8.743887776e+03 6.163188667e+00 4.095354697e+00 7.621926877e-05 2.784989582e-03 1.108894303e-01
8.772745491e+03 6.163128617e+00 4.096635813e+00 7.620878491e-05 2.784763905e-03 1.090001313e-01
8.801603206e+03 6.163059527e+00 4.097902987e+00 7.619862841e-05 2.784543725e-03 1.071428561e-01
8.830460922e+03 6.162981547e+00 4.099156449e+00 7.618879377e-05 2.784328953e-03 1.053170678e-01
8.859318637e+03 6.162894823e+00 4.100396429e+00 7.617927528e-05 2.784119492e-03 1.035222384e-01
8.888176353e+03 6.162799505e+00 4.101623156e+00 7.617006705e-05 2.783915245e-03 1.017578485e-01
8.917034068e+03 6.162695737e+00 4.102836853e+00 7.616116351e-05 2.783716119e-03 1.000233872e-01
8.945891784e+03 6.162583650e+00 4.104037725e+00 7.615256044e-05 2.783522042e-03 9.831835202e-02
8.974749499e+03 6.162463383e+00 4.105225986e+00 7.614425278e-05 2.783332931e-03 9.664224871e-02
9.003607214e+03 6.162335072e+00 4.106401844e+00 7.613623544e-05 2.783148699e-03 9.499459116e-02
9.032464930e+03 6.162198855e+00 4.107565508e+00 7.612850320e-05 2.782969260e-03 9.337490130e-02
9.061322645e+03 6.162054863e+00 4.108717178e+00 7.612105148e-05 2.782794538e-03 9.178270884e-02
9.090180361e+03 6.161903226e+00 4.109857058e+00 7.611387511e-05 2.782624447e-03 9.021755135e-02
9.119038076e+03 6.161744076e+00 4.110985348e+00 7.610696912e-05 2.782458903e-03 8.867897395e-02
9.147895792e+03 6.161577538e+00 4.112102243e+00 7.610032860e-05 2.782297825e-03 8.716652926e-02
9.176753507e+03 6.161403728e+00 4.113207929e+00 7.609394961e-05 2.782141145e-03 8.567977736e-02
9.205611222e+03 6.161222766e+00 4.114302594e+00 7.608782754e-05 2.781988786e-03 8.421828551e-02
9.234468938e+03 6.161034772e+00 4.115386420e+00 7.608195810e-05 2.781840676e-03 8.278162820e-02
9.263326653e+03 6.160839869e+00 4.116459583e+00 7.607633715e-05 2.781696747e-03 8.136938693e-02
9.292184369e+03 6.160638174e+00 4.117522255e+00 7.607096084e-05 2.781556934e-03 7.998115010e-02
9.321042084e+03 6.160429798e+00 4.118574622e+00 7.606582434e-05 2.781421156e-03 7.861651300e-02
9.349899800e+03 6.160214858e+00 4.119616858e+00 7.606092341e-05 2.781289344e-03 7.727507756e-02
9.378757515e+03 6.159993465e+00 4.120649135e+00 7.605625377e-05 2.781161424e-03 7.595645232e-02
9.407615230e+03 6.159765720e+00 4.121671614e+00 7.605181207e-05 2.781037340e-03 7.466025239e-02
9.436472946e+03 6.159531728e+00 4.122684462e+00 7.604759417e-05 2.780917022e-03 7.338609918e-02
9.465330661e+03 6.159291595e+00 4.123687838e+00 7.604359638e-05 2.780800407e-03 7.213362043e-02
9.494188377e+03 6.159045428e+00 4.124681896e+00 7.603981513e-05 2.780687436e-03 7.090245009e-02
9.523046092e+03 6.158793328e+00 4.125666786e+00 7.603624704e-05 2.780578053e-03 6.969222816e-02
9.551903808e+03 6.158535396e+00 4.126642671e+00 7.603288792e-05 2.780472188e-03 6.850260066e-02
9.580761523e+03 6.158271732e+00 4.127609702e+00 7.602973407e-05 2.780369779e-03 6.733321950e-02
9.609619238e+03 6.158002437e+00 4.128568030e+00 7.602678177e-05 2.780270765e-03 6.618374235e-02
9.638476954e+03 6.157727597e+00 4.129517798e+00 7.602402805e-05 2.780175092e-03 6.505383267e-02
9.667334669e+03 6.157447305e+00 4.130459152e+00 7.602146934e-05 2.780082702e-03 6.394315944e-02
9.696192385e+03 6.157161653e+00 4.131392231e+00 7.601910244e-05 2.779993539e-03 6.285139722e-02
9.725050100e+03 6.156870734e+00 4.132317169e+00 7.601692428e-05 2.779907554e-03 6.177822601e-02
9.753907816e+03 6.156574638e+00 4.133234098e+00 7.601493198e-05 2.779824697e-03 6.072333110e-02
9.782765531e+03 6.156273452e+00 4.134143158e+00 7.601312185e-05 2.779744907e-03 5.968640310e-02
9.811623246e+03 6.155967267e+00 4.135044485e+00 7.601149060e-05 2.779668129e-03 5.866713776e-02
9.840480962e+03 6.155656169e+00 4.135938209e+00 7.601003496e-05 2.779594309e-03 5.766523591e-02
9.869338677e+03 6.155340234e+00 4.136824453e+00 7.600875257e-05 2.779523404e-03 5.668040342e-02
9.898196393e+03 6.155019543e+00 4.137703345e+00 7.600764035e-05 2.779455364e-03 5.571235106e-02
9.927054108e+03 6.154694177e+00 4.138575006e+00 7.600669543e-05 2.779390139e-03 5.476079442e-02
9.955911824e+03 6.154364221e+00 4.139439559e+00 7.600591483e-05 2.779327680e-03 5.382545393e-02
9.984769539e+03 6.154029751e+00 4.140297121e+00 7.600529589e-05 2.779267944e-03 5.290605461e-02
1.001362725e+04 6.153690843e+00 4.141147810e+00 7.600483582e-05 2.779210881e-03 5.200232617e-02
1.004248497e+04 6.153347573e+00 4.141991743e+00 7.600453187e-05 2.779156446e-03 5.111400282e-02
1.007134269e+04 6.153000016e+00 4.142829032e+00 7.600438137e-05 2.779104594e-03 5.024082322e-02
1.010020040e+04 6.152648244e+00 4.143659789e+00 7.600438180e-05 2.779055282e-03 4.938253045e-02
1.012905812e+04 6.152292329e+00 4.144484124e+00 7.600453057e-05 2.779008466e-03 4.853887186e-02
1.015791583e+04 6.151932341e+00 4.145302144e+00 7.600482516e-05 2.778964105e-03 4.770959910e-02
1.018677355e+04 6.151568353e+00 4.146113955e+00 7.600526306e-05 2.778922156e-03 4.689446798e-02
1.021563126e+04 6.151200430e+00 4.146919660e+00 7.600584188e-05 2.778882578e-03 4.609323836e-02
1.024448898e+04 6.150828642e+00 4.147719364e+00 7.600655924e-05 2.778845332e-03 4.530567415e-02
1.027334669e+04 6.150453050e+00 4.148513166e+00 7.600741281e-05 2.778810377e-03 4.453154337e-02
1.030220441e+04 6.150073720e+00 4.149301167e+00 7.600840032e-05 2.778777675e-03 4.377061775e-02
1.033106212e+04 6.149690713e+00 4.150083464e+00 7.600951955e-05 2.778747188e-03 4.302267291e-02
1.035991984e+04 6.149304098e+00 4.150860151e+00 7.601076815e-05 2.778718878e-03 4.228748834e-02
1.038877756e+04 6.148913945e+00 4.151631321e+00 7.601214381e-05 2.778692707e-03 4.156484721e-02
1.041763527e+04 6.148520317e+00 4.152397065e+00 7.601364431e-05 2.778668639e-03 4.085453625e-02
1.044649299e+04 6.148123273e+00 4.153157476e+00 7.601526760e-05 2.778646638e-03 4.015634584e-02
1.047535070e+04 6.147722800e+00 4.153912658e+00 7.601701286e-05 2.778626674e-03 3.947006992e-02
1.050420842e+04 6.147319062e+00 4.154662677e+00 7.601887605e-05 2.778608704e-03 3.879550594e-02
1.053306613e+04 6.146912059e+00 4.155407631e+00 7.602085631e-05 2.778592700e-03 3.813245475e-02
1.056192385e+04 6.146501865e+00 4.156147602e+00 7.602295129e-05 2.778578626e-03 3.748072071e-02
1.059078156e+04 6.146088529e+00 4.156882673e+00 7.602515914e-05 2.778566450e-03 3.684011130e-02
1.061963928e+04 6.145672104e+00 4.157612929e+00 7.602747802e-05 2.778556139e-03 3.621043710e-02
1.064849699e+04 6.145252645e+00 4.158338447e+00 7.602990603e-05 2.778547664e-03 3.559151391e-02
1.067735471e+04 6.144830203e+00 4.159059310e+00 7.603244131e-05 2.778540991e-03 3.498315668e-02
1.070621242e+04 6.144404831e+00 4.159775593e+00 7.603508207e-05 2.778536091e-03 3.438518754e-02
1.073507014e+04 6.143976578e+00 4.160487376e+00 7.603782651e-05 2.778532933e-03 3.379742730e-02
1.076392786e+04 6.143545495e+00 4.161194732e+00 7.604067289e-05 2.778531488e-03 3.321970295e-02
1.079278557e+04 6.143111631e+00 4.161897737e+00 7.604361949e-05 2.778531727e-03 3.265184418e-02
1.082164329e+04 6.142675034e+00 4.162596464e+00 7.604666462e-05 2.778533621e-03 3.209368090e-02
1.085050100e+04 6.142235750e+00 4.163290984e+00 7.604980662e-05 2.778537142e-03 3.154505054e-02
1.087935872e+04 6.141793828e+00 4.163981368e+00 7.605304384e-05 2.778542262e-03 3.100578742e-02
1.090821643e+04 6.141349313e+00 4.164667687e+00 7.605637468e-05 2.778548954e-03 3.047573158e-02
1.093707415e+04 6.140902249e+00 4.165350008e+00 7.605979756e-05 2.778557192e-03 2.995472741e-02
1.096593186e+04 6.140452681e+00 4.166028397e+00 7.606331096e-05 2.778566949e-03 2.944262240e-02
1.099478958e+04 6.140000653e+00 4.166702921e+00 7.606691334e-05 2.778578200e-03 2.893926292e-02
1.102364729e+04 6.139546205e+00 4.167373643e+00 7.607060323e-05 2.778590920e-03 2.844450319e-02
1.105250501e+04 6.139089382e+00 4.168040629e+00 7.607437914e-05 2.778605083e-03 2.795819512e-02
1.108136273e+04 6.138630223e+00 4.168703939e+00 7.607823964e-05 2.778620665e-03 2.748019532e-02
1.111022044e+04 6.138168770e+00 4.169363636e+00 7.608218331e-05 2.778637643e-03 2.701036249e-02
1.113907816e+04 6.137705063e+00 4.170019781e+00 7.608620875e-05 2.778655992e-03 2.654855664e-02
1.116793587e+04 6.137239141e+00 4.170672432e+00 7.609031458e-05 2.778675689e-03 2.609464100e-02
1.119679359e+04 6.136771042e+00 4.171321649e+00 7.609449946e-05 2.778696712e-03 2.564848099e-02
1.122565130e+04 6.136300805e+00 4.171967489e+00 7.609876205e-05 2.778719038e-03 2.520994417e-02
1.125450902e+04 6.135828467e+00 4.172610009e+00 7.610310105e-05 2.778742645e-03 2.477890045e-02
1.128336673e+04 6.135354065e+00 4.173249263e+00 7.610751519e-05 2.778767510e-03 2.435522188e-02
1.131222445e+04 6.134877635e+00 4.173885308e+00 7.611200319e-05 2.778793614e-03 2.393878296e-02
1.134108216e+04 6.134399212e+00 4.174518196e+00 7.611656384e-05 2.778820935e-03 2.352946044e-02
1.136993988e+04 6.133918831e+00 4.175147981e+00 7.612119591e-05 2.778849452e-03 2.312713256e-02
1.139879760e+04 6.133436528e+00 4.175774714e+00 7.612589819e-05 2.778879145e-03 2.273168002e-02
1.142765531e+04 6.132952334e+00 4.176398445e+00 7.613066954e-05 2.778909994e-03 2.234298608e-02
1.145651303e+04 6.132466284e+00 4.177019227e+00 7.613550878e-05 2.778941980e-03 2.196093518e-02
1.148537074e+04 6.131978411e+00 4.177637107e+00 7.614041477e-05 2.778975084e-03 2.158541361e-02
1.151422846e+04 6.131488745e+00 4.178252134e+00 7.614538642e-05 2.779009286e-03 2.121631059e-02
1.154308617e+04 6.130997319e+00 4.178864355e+00 7.615042262e-05 2.779044568e-03 2.085351662e-02
1.157194389e+04 6.130504164e+00 4.179473819e+00 7.615552229e-05 2.779080912e-03 2.049692327e-02
1.160080160e+04 6.130009311e+00 4.180080570e+00 7.616068437e-05 2.779118299e-03 2.014642543e-02
1.162965932e+04 6.129512788e+00 4.180684654e+00 7.616590783e-05 2.779156713e-03 1.980191905e-02
1.165851703e+04 6.129014626e+00 4.181286115e+00 7.617119162e-05 2.779196136e-03 1.946330086e-02
1.168737475e+04 6.128514854e+00 4.181884998e+00 7.617653476e-05 2.779236550e-03 1.913047113e-02
1.171623246e+04 6.128013500e+00 4.182481344e+00 7.618193626e-05 2.779277940e-03 1.880333123e-02
1.174509018e+04 6.127510592e+00 4.183075197e+00 7.618739515e-05 2.779320288e-03 1.848178425e-02
1.177394790e+04 6.127006158e+00 4.183666597e+00 7.619291046e-05 2.779363579e-03 1.816573468e-02
1.180280561e+04 6.126500224e+00 4.184255586e+00 7.619848126e-05 2.779407796e-03 1.785508845e-02
1.183166333e+04 6.125992817e+00 4.184842204e+00 7.620410664e-05 2.779452925e-03 1.754975346e-02
1.186052104e+04 6.125483964e+00 4.185426490e+00 7.620978567e-05 2.779498949e-03 1.724963887e-02
1.188937876e+04 6.124973690e+00 4.186008483e+00 7.621551747e-05 2.779545853e-03 1.695465523e-02
1.191823647e+04 6.124462020e+00 4.186588221e+00 7.622130117e-05 2.779593623e-03 1.666471570e-02
1.194709419e+04 6.123948979e+00 4.187165742e+00 7.622713590e-05 2.779642244e-03 1.637973408e-02
1.197595190e+04 6.123434593e+00 4.187741082e+00 7.623302081e-05 2.779691702e-03 1.609962513e-02
1.200480962e+04 6.122918884e+00 4.188314278e+00 7.623895508e-05 2.779741982e-03 1.582430527e-02
1.203366733e+04 6.122401876e+00 4.188885366e+00 7.624493786e-05 2.779793071e-03 1.555369219e-02
1.206252505e+04 6.121883593e+00 4.189454379e+00 7.625096838e-05 2.779844955e-03 1.528770721e-02
1.209138277e+04 6.121364058e+00 4.190021354e+00 7.625704584e-05 2.779897621e-03 1.502627030e-02
1.212024048e+04 6.120843292e+00 4.190586323e+00 7.626316946e-05 2.779951056e-03 1.476930355e-02
1.214909820e+04 6.120321319e+00 4.191149320e+00 7.626933847e-05 2.780005246e-03 1.451673042e-02
1.217795591e+04 6.119798159e+00 4.191710377e+00 7.627555213e-05 2.780060179e-03 1.426847579e-02
1.220681363e+04 6.119273835e+00 4.192269528e+00 7.628180969e-05 2.780115842e-03 1.402446650e-02
1.223567134e+04 6.118748366e+00 4.192826802e+00 7.628811044e-05 2.780172223e-03 1.378462966e-02
1.226452906e+04 6.118221774e+00 4.193382232e+00 7.629445365e-05 2.780229311e-03 1.354889402e-02
1.229338677e+04 6.117694079e+00 4.193935847e+00 7.630083864e-05 2.780287092e-03 1.331718956e-02
1.232224449e+04 6.117165301e+00 4.194487678e+00 7.630726470e-05 2.780345556e-03 1.308944740e-02
1.235110220e+04 6.116635458e+00 4.195037754e+00 7.631373117e-05 2.780404692e-03 1.286559977e-02
1.237995992e+04 6.116104572e+00 4.195586105e+00 7.632023738e-05 2.780464487e-03 1.264558025e-02
1.240881764e+04 6.115572660e+00 4.196132757e+00 7.632678268e-05 2.780524930e-03 1.242932349e-02
1.243767535e+04 6.115039741e+00 4.196677740e+00 7.633336642e-05 2.780586012e-03 1.221676522e-02
1.246653307e+04 6.114505833e+00 4.197221082e+00 7.633998798e-05 2.780647721e-03 1.200784217e-02
1.249539078e+04 6.113970955e+00 4.197762808e+00 7.634664672e-05 2.780710046e-03 1.180249220e-02
1.252424850e+04 6.113435124e+00 4.198302945e+00 7.635334205e-05 2.780772978e-03 1.160065432e-02
1.255310621e+04 6.112898357e+00 4.198841521e+00 7.636007335e-05 2.780836506e-03 1.140226847e-02
1.258196393e+04 6.112360672e+00 4.199378560e+00 7.636684005e-05 2.780900620e-03 1.120727563e-02
1.261082164e+04 6.111822084e+00 4.199914087e+00 7.637364156e-05 2.780965310e-03 1.101561772e-02
1.263967936e+04 6.111282612e+00 4.200448128e+00 7.638047731e-05 2.781030567e-03 1.082723782e-02
1.266853707e+04 6.110742271e+00 4.200980707e+00 7.638734674e-05 2.781096382e-03 1.064208029e-02
1.269739479e+04 6.110201076e+00 4.201511847e+00 7.639424931e-05 2.781162744e-03 1.046008971e-02
1.272625251e+04 6.109659044e+00 4.202041573e+00 7.640118446e-05 2.781229645e-03 1.028121187e-02
1.275511022e+04 6.109116190e+00 4.202569907e+00 7.640815167e-05 2.781297075e-03 1.010539346e-02
1.278396794e+04 6.108572530e+00 4.203096873e+00 7.641515042e-05 2.781365027e-03 9.932582030e-03
1.281282565e+04 6.108028077e+00 4.203622492e+00 7.642218018e-05 2.781433490e-03 9.762725994e-03
1.284168337e+04 6.107482848e+00 4.204146787e+00 7.642924046e-05 2.781502458e-03 9.595775728e-03
1.287054108e+04 6.106936855e+00 4.204669779e+00 7.643633076e-05 2.781571920e-03 9.431681187e-03
1.289939880e+04 6.106390114e+00 4.205191489e+00 7.644345058e-05 2.781641870e-03 9.270393331e-03
1.292825651e+04 6.105842638e+00 4.205711939e+00 7.645059946e-05 2.781712298e-03 9.111864093e-03
1.295711423e+04 6.105294441e+00 4.206231149e+00 7.645777692e-05 2.781783197e-03 8.956046202e-03
1.298597194e+04 6.104745536e+00 4.206749139e+00 7.646498248e-05 2.781854559e-03 8.802893167e-03
1.301482966e+04 6.104195937e+00 4.207265929e+00 7.647221571e-05 2.781926376e-03 8.652359660e-03
1.304368737e+04 6.103645656e+00 4.207781539e+00 7.647947615e-05 2.781998641e-03 8.504401321e-03
1.307254509e+04 6.103094707e+00 4.208295987e+00 7.648676336e-05 2.782071346e-03 8.358973698e-03
1.310140281e+04 6.102543102e+00 4.208809292e+00 7.649407690e-05 2.782144484e-03 8.216033484e-03
1.313026052e+04 6.101990853e+00 4.209321473e+00 7.650141636e-05 2.782218047e-03 8.075538103e-03
1.315911824e+04 6.101437972e+00 4.209832549e+00 7.650878131e-05 2.782292029e-03 7.937445693e-03
1.318797595e+04 6.100884472e+00 4.210342537e+00 7.651617134e-05 2.782366423e-03 7.801715088e-03
1.321683367e+04 6.100330363e+00 4.210851454e+00 7.652358606e-05 2.782441222e-03 7.668306424e-03
1.324569138e+04 6.099775659e+00 4.211359318e+00 7.653102505e-05 2.782516419e-03 7.537179677e-03
1.327454910e+04 6.099220369e+00 4.211866146e+00 7.653848794e-05 2.782592007e-03 7.408295810e-03
1.330340681e+04 6.098664505e+00 4.212371954e+00 7.654597433e-05 2.782667980e-03 7.281616450e-03
1.333226453e+04 6.098108078e+00 4.212876759e+00 7.655348386e-05 2.782744332e-03 7.157103866e-03
1.336112224e+04 6.097551099e+00 4.213380578e+00 7.656101614e-05 2.782821057e-03 7.034720957e-03
1.338997996e+04 6.096993578e+00 4.213883425e+00 7.656857083e-05 2.782898147e-03 6.914431476e-03
1.341883768e+04 6.096435525e+00 4.214385316e+00 7.657614754e-05 2.782975598e-03 6.796199695e-03
1.344769539e+04 6.095876952e+00 4.214886268e+00 7.658374595e-05 2.783053402e-03 6.679990290e-03
1.347655311e+04 6.095317868e+00 4.215386294e+00 7.659136569e-05 2.783131555e-03 6.565768646e-03
1.350541082e+04 6.094758282e+00 4.215885410e+00 7.659900644e-05 2.783210051e-03 6.453500729e-03
1.353426854e+04 6.094198205e+00 4.216383630e+00 7.660666784e-05 2.783288884e-03 6.343153069e-03
1.356312625e+04 6.093637646e+00 4.216880969e+00 7.661434958e-05 2.783368047e-03 6.234692849e-03
1.359198397e+04 6.093076615e+00 4.217377440e+00 7.662205134e-05 2.783447537e-03 6.128088350e-03
1.362084168e+04 6.092515120e+00 4.217873057e+00 7.662977280e-05 2.783527348e-03 6.023307415e-03
1.364969940e+04 6.091953171e+00 4.218367834e+00 7.663751364e-05 2.783607473e-03 5.920318821e-03
1.367855711e+04 6.091390776e+00 4.218861784e+00 7.664527355e-05 2.783687909e-03 5.819091866e-03
1.370741483e+04 6.090827946e+00 4.219354921e+00 7.665305224e-05 2.783768649e-03 5.719596350e-03
1.373627255e+04 6.090264687e+00 4.219847257e+00 7.666084940e-05 2.783849689e-03 5.621802568e-03
1.376513026e+04 6.089701008e+00 4.220338804e+00 7.666866475e-05 2.783931025e-03 5.525681296e-03
1.379398798e+04 6.089136919e+00 4.220829577e+00 7.667649800e-05 2.784012650e-03 5.431204396e-03
1.382284569e+04 6.088572426e+00 4.221319585e+00 7.668434887e-05 2.784094561e-03 5.338343986e-03
1.385170341e+04 6.088007539e+00 4.221808842e+00 7.669221708e-05 2.784176753e-03 5.247071988e-03
1.388056112e+04 6.087442264e+00 4.222297359e+00 7.670010237e-05 2.784259221e-03 5.157361183e-03
1.390941884e+04 6.086876611e+00 4.222785149e+00 7.670800445e-05 2.784341960e-03 5.069184802e-03
1.393827655e+04 6.086310585e+00 4.223272222e+00 7.671592307e-05 2.784424966e-03 4.982516515e-03
1.396713427e+04 6.085744196e+00 4.223758590e+00 7.672385796e-05 2.784508235e-03 4.897330417e-03
1.399599198e+04 6.085177450e+00 4.224244263e+00 7.673180888e-05 2.784591763e-03 4.813601023e-03
1.402484970e+04 6.084610354e+00 4.224729253e+00 7.673977559e-05 2.784675545e-03 4.731304440e-03
1.405370741e+04 6.084042916e+00 4.225213570e+00 7.674775782e-05 2.784759576e-03 4.650415588e-03
1.408256513e+04 6.083475142e+00 4.225697225e+00 7.675575534e-05 2.784843854e-03 4.570910278e-03
1.411142285e+04 6.082907041e+00 4.226180228e+00 7.676376792e-05 2.784928374e-03 4.492764802e-03
1.414028056e+04 6.082338617e+00 4.226662588e+00 7.677179531e-05 2.785013132e-03 4.415955847e-03
1.416913828e+04 6.081769878e+00 4.227144317e+00 7.677983729e-05 2.785098124e-03 4.340460482e-03
1.419799599e+04 6.081200832e+00 4.227625424e+00 7.678789363e-05 2.785183347e-03 4.266256154e-03
1.422685371e+04 6.080631483e+00 4.228105919e+00 7.679596411e-05 2.785268796e-03 4.193320920e-03
1.425571142e+04 6.080061838e+00 4.228585810e+00 7.680404853e-05 2.785354468e-03 4.121633598e-03
1.428456914e+04 6.079491903e+00 4.229065107e+00 7.681214665e-05 2.785440360e-03 4.051172396e-03
1.431342685e+04 6.078921686e+00 4.229543819e+00 7.682025828e-05 2.785526467e-03 3.981916318e-03
1.434228457e+04 6.078351191e+00 4.230021956e+00 7.682838320e-05 2.785612787e-03 3.913844722e-03
1.437114228e+04 6.077780424e+00 4.230499526e+00 7.683652121e-05 2.785699315e-03 3.846937307e-03
1.440000000e+04 6.077209392e+00 4.230976538e+00 7.684467211e-05 2.785786049e-03 3.781174109e-03
