time            Cj              Ck              shCj            shCk           
0.000000000e+00 1.000000000e+00 0.000000000e+00 0.000000000e+00 0.000000000e+00
1.442885772e+01 8.200363965e-01 7.904296596e-03 9.060181242e-07 2.716914830e-04
2.885771543e+01 7.131565462e-01 1.553860356e-02 9.541597045e-06 4.790115134e-04
4.328657315e+01 6.497870686e-01 2.466124053e-02 3.316085438e-05 6.553330612e-04
5.771543086e+01 6.123985772e-01 3.641824913e-02 7.471943447e-05 8.153769382e-04
7.214428858e+01 5.906215064e-01 5.127909728e-02 1.345081421e-04 9.673226037e-04
8.657314629e+01 5.783475822e-01 6.921415246e-02 2.118774351e-04 1.116330542e-03
1.010020040e+02 5.720061132e-01 8.989929921e-02 3.061092145e-04 1.265888371e-03
1.154308617e+02 5.695357709e-01 1.128780771e-01 4.167349388e-04 1.418503211e-03
1.298597194e+02 5.697694218e-01 1.376698373e-01 5.436000844e-04 1.576115318e-03
1.442885772e+02 5.720655030e-01 1.638325257e-01 6.868383589e-04 1.740351508e-03
1.587174349e+02 5.760872479e-01 1.909930407e-01 8.468272188e-04 1.912677415e-03
1.731462926e+02 5.816709553e-01 2.188567838e-01 1.024148890e-03 2.094488259e-03
1.875751503e+02 5.887480580e-01 2.472051373e-01 1.219564038e-03 2.287161710e-03
2.020040080e+02 5.972996760e-01 2.758868276e-01 1.433995491e-03 2.492091027e-03
2.164328657e+02 6.073307864e-01 3.048069285e-01 1.668520368e-03 2.710706701e-03
2.308617234e+02 6.188560670e-01 3.339157053e-01 1.924367904e-03 2.944492480e-03
2.452905812e+02 6.318926676e-01 3.631984500e-01 2.202920184e-03 3.194999658e-03
2.597194389e+02 6.464569454e-01 3.926668060e-01 2.505716134e-03 3.463859772e-03
2.741482966e+02 6.625634058e-01 4.223516834e-01 2.834458352e-03 3.752795946e-03
2.885771543e+02 6.802248094e-01 4.522976953e-01 3.191018569e-03 4.063637663e-03
3.030060120e+02 6.994527853e-01 4.825589050e-01 3.577449151e-03 4.398330781e-03
3.174348697e+02 7.202586441e-01 5.131956599e-01 3.995990930e-03 4.758953689e-03
3.318637275e+02 7.426541817e-01 5.442723000e-01 4.449086579e-03 5.147728967e-03
3.462925852e+02 7.666523923e-01 5.758555537e-01 4.939395782e-03 5.567036387e-03
3.607214429e+02 7.922680485e-01 6.080134445e-01 5.469799113e-03 6.019438361e-03
3.751503006e+02 8.195181600e-01 6.408145791e-01 6.043436292e-03 6.507673697e-03
3.895791583e+02 8.484223088e-01 6.743277154e-01 6.663692413e-03 7.034707032e-03
4.040080160e+02 8.790028856e-01 7.086215290e-01 7.334246170e-03 7.603715672e-03
4.184368737e+02 9.112852482e-01 7.437645142e-01 8.059079987e-03 8.218122824e-03
4.328657315e+02 9.452978178e-01 7.798249797e-01 8.842493165e-03 8.881625971e-03
4.472945892e+02 9.810721224e-01 8.168711032e-01 9.689140185e-03 9.598205657e-03
4.617234469e+02 1.018642792e+00 8.549710246e-01 1.060404900e-02 1.037215283e-02
4.761523046e+02 1.058047594e+00 8.941929598e-01 1.159265558e-02 1.120809760e-02
4.905811623e+02 1.099327392e+00 9.346053232e-01 1.266083324e-02 1.211103638e-02
5.050100200e+02 1.142526083e+00 9.762768558e-01 1.381492299e-02 1.308635610e-02
5.194388778e+02 1.187690580e+00 1.019276765e+00 1.506177555e-02 1.413987133e-02
5.338677355e+02 1.234870772e+00 1.063674820e+00 1.640878223e-02 1.527785307e-02
5.482965932e+02 1.284119471e+00 1.109541492e+00 1.786392301e-02 1.650706911e-02
5.627254509e+02 1.335492371e+00 1.156948063e+00 1.943581233e-02 1.783481971e-02
5.771543086e+02 1.389047997e+00 1.205966722e+00 2.113374720e-02 1.926898003e-02
5.915831663e+02 1.444847669e+00 1.256670658e+00 2.296775590e-02 2.081804798e-02
6.060120240e+02 1.502955454e+00 1.309134149e+00 2.494865115e-02 2.249119031e-02
6.204408818e+02 1.563438134e+00 1.363432658e+00 2.708809605e-02 2.429828983e-02
6.348697395e+02 1.626365144e+00 1.419642888e+00 2.939867627e-02 2.625000607e-02
6.492985972e+02 1.691808541e+00 1.477842848e+00 3.189395253e-02 2.835783428e-02
6.637274549e+02 1.759842956e+00 1.538111923e+00 3.458854255e-02 3.063416655e-02
6.781563126e+02 1.830545558e+00 1.600530921e+00 3.749820182e-02 3.309236289e-02
6.925851703e+02 1.903995979e+00 1.665182110e+00 4.063989950e-02 3.574681656e-02
7.070140281e+02 1.980276271e+00 1.732149257e+00 4.403190849e-02 3.861303217e-02
7.214428858e+02 2.059470888e+00 1.801517680e+00 4.769392127e-02 4.170772555e-02
7.358717435e+02 2.141666560e+00 1.873374228e+00 5.164712389e-02 4.504888801e-02
7.503006012e+02 2.226952264e+00 1.947807328e+00 5.591431961e-02 4.865589386e-02
7.647294589e+02 2.315419145e+00 2.024906969e+00 6.052003471e-02 5.254959484e-02
7.791583166e+02 2.407160435e+00 2.104764712e+00 6.549065159e-02 5.675242830e-02
7.935871743e+02 2.502271359e+00 2.187473674e+00 7.085453028e-02 6.128852554e-02
8.080160321e+02 2.600849044e+00 2.273128492e+00 7.664213401e-02 6.618384267e-02
8.224448898e+02 2.702992418e+00 2.361825309e+00 8.288617820e-02 7.146627542e-02
8.368737475e+02 2.808802092e+00 2.453661729e+00 8.962179941e-02 7.716577214e-02
8.513026052e+02 2.918380229e+00 2.548736755e+00 9.688668405e-02 8.331451539e-02
8.657314629e+02 3.031830420e+00 2.647150732e+00 1.047212296e-01 8.994704041e-02
8.801603206e+02 3.149257525e+00 2.749005271e+00 1.131687340e-01 9.710038736e-02
8.945891784e+02 3.270767524e+00 2.854403160e+00 1.222755589e-01 1.048142646e-01
9.090180361e+02 3.396467336e+00 2.963448270e+00 1.320913106e-01 1.131312120e-01
9.234468938e+02 3.526464640e+00 3.076245438e+00 1.426690238e-01 1.220967707e-01
9.378757515e+02 3.660867671e+00 3.192900340e+00 1.540653497e-01 1.317596580e-01
9.523046092e+02 3.799785016e+00 3.313519364e+00 1.663407378e-01 1.421719380e-01
9.667334669e+02 3.943325369e+00 3.438209442e+00 1.795596477e-01 1.533892251e-01
9.811623246e+02 4.091597306e+00 3.567077893e+00 1.937907057e-01 1.654708415e-01
9.955911824e+02 4.244709016e+00 3.700232236e+00 2.091068893e-01 1.784799845e-01
1.010020040e+03 4.402768039e+00 3.837780005e+00 2.255857468e-01 1.924839448e-01
1.024448898e+03 4.565880967e+00 3.979828526e+00 2.433095005e-01 2.075543169e-01
1.038877756e+03 4.734153150e+00 4.126484693e+00 2.623652303e-01 2.237670157e-01
1.053306613e+03 4.907688377e+00 4.277854737e+00 2.828449981e-01 2.412025736e-01
1.067735471e+03 5.086588540e+00 4.434043957e+00 3.048459507e-01 2.599462297e-01
1.082164329e+03 5.270953296e+00 4.595156462e+00 3.284703961e-01 2.800880473e-01
1.096593186e+03 5.460879701e+00 4.761294876e+00 3.538258419e-01 3.017230100e-01
1.111022044e+03 5.656461842e+00 4.932560047e+00 3.810249888e-01 3.249510848e-01
1.125450902e+03 5.857790459e+00 5.109050729e+00 4.101856723e-01 3.498772461e-01
1.139879760e+03 6.064952542e+00 5.290863262e+00 4.414307518e-01 3.766114660e-01
1.154308617e+03 6.278030940e+00 5.478091231e+00 4.748879167e-01 4.052686354e-01
1.168737475e+03 6.497103942e+00 5.670825121e+00 5.106894217e-01 4.359684374e-01
1.183166333e+03 6.722244867e+00 5.869151953e+00 5.489717274e-01 4.688351467e-01
1.197595190e+03 6.953521643e+00 6.073154923e+00 5.898750534e-01 5.039973554e-01
1.212024048e+03 7.190996383e+00 6.282913026e+00 6.335428034e-01 5.415876053e-01
1.226452906e+03 7.434724970e+00 6.498500676e+00 6.801209016e-01 5.817419325e-01
1.240881764e+03 7.684756630e+00 6.719987320e+00 7.297569588e-01 6.245993029e-01
1.255310621e+03 7.941133525e+00 6.947437056e+00 7.825993396e-01 6.703009067e-01
1.269739479e+03 8.203890341e+00 7.180908242e+00 8.387960657e-01 7.189893907e-01
1.284168337e+03 8.473053896e+00 7.420453116e+00 8.984935826e-01 7.708078850e-01
1.298597194e+03 8.748642757e+00 7.666117415e+00 9.618353879e-01 8.258989643e-01
1.313026052e+03 9.030666869e+00 7.917940004e+00 1.028960484e+00 8.844034336e-01
1.327454910e+03 9.319127220e+00 8.175952514e+00 1.100001761e+00 9.464589774e-01
1.341883768e+03 9.614015492e+00 8.440178974e+00 1.175084131e+00 1.012198717e+00
1.356312625e+03 9.915313794e+00 8.710635509e+00 1.254322669e+00 1.081749570e+00
1.370741483e+03 1.022299437e+01 8.987329994e+00 1.337820682e+00 1.155230549e+00
1.385170341e+03 1.053701936e+01 9.270261761e+00 1.425667620e+00 1.232751048e+00
1.399599198e+03 1.085734060e+01 9.559421332e+00 1.517936979e+00 1.314408933e+00
1.414028056e+03 1.118389945e+01 9.854790160e+00 1.614684314e+00 1.400288579e+00
1.428456914e+03 1.151662667e+01 1.015634042e+01 1.715945239e+00 1.490459048e+00
1.442885772e+03 1.185544233e+01 1.046403479e+01 1.821733558e+00 1.584972191e+00
1.457314629e+03 1.220025576e+01 1.077782635e+01 1.932039569e+00 1.683860866e+00
1.471743487e+03 1.255096555e+01 1.109765839e+01 2.046828589e+00 1.787137274e+00
1.486172345e+03 1.290745961e+01 1.142346439e+01 2.166039758e+00 1.894791478e+00
1.500601202e+03 1.326961526e+01 1.175516792e+01 2.289585161e+00 2.006790143e+00
1.515030060e+03 1.363729937e+01 1.209268267e+01 2.417349336e+00 2.123075547e+00
1.529458918e+03 1.401036855e+01 1.243591250e+01 2.549189184e+00 2.243564911e+00
1.543887776e+03 1.438866941e+01 1.278475146e+01 2.684934317e+00 2.368150076e+00
1.558316633e+03 1.477203883e+01 1.313908399e+01 2.824387869e+00 2.496697565e+00
1.572745491e+03 1.516030431e+01 1.349878501e+01 2.967327757e+00 2.629049037e+00
1.587174349e+03 1.555328434e+01 1.386372021e+01 3.113508385e+00 2.765022159e+00
1.601603206e+03 1.595078884e+01 1.423374622e+01 3.262662771e+00 2.904411862e+00
1.616032064e+03 1.635261962e+01 1.460871097e+01 3.414505051e+00 3.046991999e+00
1.630460922e+03 1.675857089e+01 1.498845398e+01 3.568733296e+00 3.192517343e+00
1.644889780e+03 1.716842982e+01 1.537280677e+01 3.725032603e+00 3.340725903e+00
1.659318637e+03 1.758197708e+01 1.576159324e+01 3.883078350e+00 3.491341484e+00
1.673747495e+03 1.799898748e+01 1.615463011e+01 4.042539604e+00 3.644076497e+00
1.688176353e+03 1.841923057e+01 1.655172743e+01 4.203082444e+00 3.798634790e+00
1.702605210e+03 1.884247133e+01 1.695268906e+01 4.364373412e+00 3.954714689e+00
1.717034068e+03 1.926847080e+01 1.735731318e+01 4.526082711e+00 4.112011964e+00
1.731462926e+03 1.969698677e+01 1.776539289e+01 4.687887216e+00 4.270222729e+00
1.745891784e+03 2.012777451e+01 1.817671674e+01 4.849473320e+00 4.429046215e+00
1.760320641e+03 2.056058740e+01 1.859106933e+01 5.010539280e+00 4.588187315e+00
1.774749499e+03 2.099517767e+01 1.900823191e+01 5.170797732e+00 4.747359202e+00
1.789178357e+03 2.143129707e+01 1.942798299e+01 5.329977193e+00 4.906285217e+00
1.803607214e+03 2.186869754e+01 1.985009893e+01 5.487823612e+00 5.064700772e+00
1.818036072e+03 2.230713188e+01 2.027435455e+01 5.644101548e+00 5.222354964e+00
1.832464930e+03 2.274635437e+01 2.070052373e+01 5.798594843e+00 5.379011760e+00
1.846893788e+03 2.318612147e+01 2.112838001e+01 5.951107232e+00 5.534451074e+00
1.861322645e+03 2.362619236e+01 2.155769720e+01 6.101462467e+00 5.688469511e+00
1.875751503e+03 2.406632954e+01 2.198824993e+01 6.249503962e+00 5.840880478e+00
1.890180361e+03 2.450629936e+01 2.241981421e+01 6.395094575e+00 5.991514559e+00
1.904609218e+03 2.494587253e+01 2.285216792e+01 6.538116026e+00 6.140219396e+00
1.919038076e+03 2.538482463e+01 2.328509141e+01 6.678468122e+00 6.286859425e+00
1.933466934e+03 2.582293650e+01 2.371836788e+01 6.816067963e+00 6.431315494e+00
1.947895792e+03 2.625999474e+01 2.415178397e+01 6.950849022e+00 6.573484396e+00
1.962324649e+03 2.669579203e+01 2.458513013e+01 7.082759787e+00 6.713277927e+00
1.976753507e+03 2.713012742e+01 2.501820097e+01 7.211763016e+00 6.850622296e+00
1.991182365e+03 2.756280667e+01 2.545079570e+01 7.337834304e+00 6.985457178e+00
2.005611222e+03 2.799364250e+01 2.588271848e+01 7.460961210e+00 7.117734966e+00
2.020040080e+03 2.842245482e+01 2.631377869e+01 7.581142039e+00 7.247419794e+00
2.034468938e+03 2.884907090e+01 2.674379123e+01 7.698384786e+00 7.374486640e+00
2.048897796e+03 2.927332549e+01 2.717257676e+01 7.812706088e+00 7.498920410e+00
2.063326653e+03 2.969506098e+01 2.759996195e+01 7.924130246e+00 7.620715065e+00
2.077755511e+03 3.011412747e+01 2.802577963e+01 8.032688284e+00 7.739872747e+00
2.092184369e+03 3.053038276e+01 2.844986891e+01 8.138417077e+00 7.856402949e+00
2.106613226e+03 3.094369243e+01 2.887207541e+01 8.241358534e+00 7.970321731e+00
2.121042084e+03 3.135392977e+01 2.929225124e+01 8.341558852e+00 8.081650974e+00
2.135470942e+03 3.176097578e+01 2.971025515e+01 8.439067822e+00 8.190417671e+00
2.149899800e+03 3.216471909e+01 3.012595252e+01 8.533938200e+00 8.296653282e+00
2.164328657e+03 3.256505587e+01 3.053921542e+01 8.626225141e+00 8.400393125e+00
2.178757515e+03 3.296188968e+01 3.094992256e+01 8.715985681e+00 8.501675819e+00
2.193186373e+03 3.335513142e+01 3.135795930e+01 8.803278276e+00 8.600542767e+00
2.207615230e+03 3.374469910e+01 3.176321757e+01 8.888162395e+00 8.697037694e+00
2.222044088e+03 3.413051772e+01 3.216559583e+01 8.970698150e+00 8.791206219e+00
2.236472946e+03 3.451251910e+01 3.256499897e+01 9.050945976e+00 8.883095469e+00
2.250901804e+03 3.489064165e+01 3.296133819e+01 9.128966350e+00 8.972753737e+00
2.265330661e+03 3.526483020e+01 3.335453095e+01 9.204819544e+00 9.060230170e+00
2.279759519e+03 3.563503580e+01 3.374450073e+01 9.278565419e+00 9.145574497e+00
2.294188377e+03 3.600121546e+01 3.413117701e+01 9.350263229e+00 9.228836775e+00
2.308617234e+03 3.636333200e+01 3.451449505e+01 9.419971471e+00 9.310067174e+00
2.323046092e+03 3.672135375e+01 3.489439573e+01 9.487747761e+00 9.389315794e+00
2.337474950e+03 3.707525438e+01 3.527082543e+01 9.553648728e+00 9.466632506e+00
2.351903808e+03 3.742501264e+01 3.564373581e+01 9.617729892e+00 9.542066769e+00
2.366332665e+03 3.777061215e+01 3.601308367e+01 9.680045639e+00 9.615667556e+00
2.380761523e+03 3.811204116e+01 3.637883076e+01 9.740649111e+00 9.687483200e+00
2.395190381e+03 3.844929232e+01 3.674094354e+01 9.799592216e+00 9.757561343e+00
2.409619238e+03 3.878236247e+01 3.709939311e+01 9.856925564e+00 9.825948848e+00
2.424048096e+03 3.911125246e+01 3.745415498e+01 9.912698437e+00 9.892691713e+00
2.438476954e+03 3.943596681e+01 3.780520881e+01 9.966958709e+00 9.957834952e+00
2.452905812e+03 3.975651363e+01 3.815253832e+01 1.001975309e+01 1.002142282e+01
2.467334669e+03 4.007290432e+01 3.849613105e+01 1.007112684e+01 1.008349844e+01
2.481763527e+03 4.038515340e+01 3.883597819e+01 1.012112390e+01 1.014410401e+01
2.496192385e+03 4.069327834e+01 3.917207441e+01 1.016978693e+01 1.020328069e+01
2.510621242e+03 4.099729928e+01 3.950441766e+01 1.021715727e+01 1.026106859e+01
2.525050100e+03 4.129723906e+01 3.983300914e+01 1.026327505e+01 1.031750690e+01
2.539478958e+03 4.159312273e+01 4.015785287e+01 1.030817902e+01 1.037263361e+01
2.553907816e+03 4.188497760e+01 4.047895571e+01 1.035190676e+01 1.042648577e+01
2.568336673e+03 4.217283301e+01 4.079632716e+01 1.039449466e+01 1.047909938e+01
2.582765531e+03 4.245672017e+01 4.110997918e+01 1.043597792e+01 1.053050947e+01
2.597194389e+03 4.273667200e+01 4.141992605e+01 1.047639059e+01 1.058075001e+01
2.611623246e+03 4.301272300e+01 4.172618425e+01 1.051576561e+01 1.062985404e+01
2.626052104e+03 4.328490920e+01 4.202877238e+01 1.055413488e+01 1.067785365e+01
2.640480962e+03 4.355326777e+01 4.232771078e+01 1.059152911e+01 1.072477985e+01
2.654909820e+03 4.381783715e+01 4.262302164e+01 1.062797810e+01 1.077066284e+01
2.669338677e+03 4.407865682e+01 4.291472877e+01 1.066351062e+01 1.081553185e+01
2.683767535e+03 4.433576721e+01 4.320285754e+01 1.069815449e+01 1.085941526e+01
2.698196393e+03 4.458920957e+01 4.348743465e+01 1.073193656e+01 1.090234053e+01
2.712625251e+03 4.483902590e+01 4.376848816e+01 1.076488284e+01 1.094433435e+01
2.727054108e+03 4.508525887e+01 4.404604735e+01 1.079701845e+01 1.098542255e+01
2.741482966e+03 4.532795163e+01 4.432014246e+01 1.082836759e+01 1.102563009e+01
2.755911824e+03 4.556714781e+01 4.459080479e+01 1.085895372e+01 1.106498123e+01
2.770340681e+03 4.580289143e+01 4.485806652e+01 1.088879951e+01 1.110349945e+01
2.784769539e+03 4.603522682e+01 4.512196064e+01 1.091792683e+01 1.114120750e+01
2.799198397e+03 4.626419853e+01 4.538252085e+01 1.094635685e+01 1.117812740e+01
2.813627255e+03 4.648985128e+01 4.563978149e+01 1.097411003e+01 1.121428051e+01
2.828056112e+03 4.671222996e+01 4.589377757e+01 1.100120615e+01 1.124968751e+01
2.842484970e+03 4.693137939e+01 4.614454442e+01 1.102766430e+01 1.128436841e+01
2.856913828e+03 4.714734443e+01 4.639211787e+01 1.105350291e+01 1.131834257e+01
2.871342685e+03 4.736016991e+01 4.663653417e+01 1.107873989e+01 1.135162880e+01
2.885771543e+03 4.756990055e+01 4.687782982e+01 1.110339248e+01 1.138424530e+01
2.900200401e+03 4.777658092e+01 4.711604160e+01 1.112747738e+01 1.141620969e+01
2.914629259e+03 4.798025539e+01 4.735120645e+01 1.115101074e+01 1.144753905e+01
2.929058116e+03 4.818096811e+01 4.758336150e+01 1.117400817e+01 1.147824991e+01
2.943486974e+03 4.837876304e+01 4.781254398e+01 1.119648478e+01 1.150835832e+01
2.957915832e+03 4.857368374e+01 4.803879116e+01 1.121845519e+01 1.153787981e+01
2.972344689e+03 4.876577350e+01 4.826214027e+01 1.123993350e+01 1.156682938e+01
2.986773547e+03 4.895507530e+01 4.848262862e+01 1.126093342e+01 1.159522166e+01
3.001202405e+03 4.914163174e+01 4.870029341e+01 1.128146816e+01 1.162307076e+01
3.015631263e+03 4.932548501e+01 4.891517176e+01 1.130155056e+01 1.165039040e+01
3.030060120e+03 4.950667692e+01 4.912730067e+01 1.132119299e+01 1.167719383e+01
3.044488978e+03 4.968524883e+01 4.933671697e+01 1.134040748e+01 1.170349395e+01
3.058917836e+03 4.986124172e+01 4.954345736e+01 1.135920564e+01 1.172930323e+01
3.073346693e+03 5.003469609e+01 4.974755836e+01 1.137759873e+01 1.175463379e+01
3.087775551e+03 5.020565192e+01 4.994905616e+01 1.139559767e+01 1.177949737e+01
3.102204409e+03 5.037414873e+01 5.014798675e+01 1.141321298e+01 1.180390533e+01
3.116633267e+03 5.054022562e+01 5.034438590e+01 1.143045491e+01 1.182786872e+01
3.131062124e+03 5.070392116e+01 5.053828910e+01 1.144733335e+01 1.185139827e+01
3.145490982e+03 5.086527343e+01 5.072973152e+01 1.146385793e+01 1.187450437e+01
3.159919840e+03 5.102431998e+01 5.091874800e+01 1.148003793e+01 1.189719711e+01
3.174348697e+03 5.118109786e+01 5.110537310e+01 1.149588239e+01 1.191948629e+01
3.188777555e+03 5.133564364e+01 5.128964103e+01 1.151140004e+01 1.194138141e+01
3.203206413e+03 5.148799337e+01 5.147158568e+01 1.152659937e+01 1.196289170e+01
3.217635271e+03 5.163818255e+01 5.165124056e+01 1.154148860e+01 1.198402614e+01
3.232064128e+03 5.178624608e+01 5.182863871e+01 1.155607570e+01 1.200479341e+01
3.246492986e+03 5.193221852e+01 5.200381300e+01 1.157036839e+01 1.202520196e+01
3.260921844e+03 5.207613381e+01 5.217679581e+01 1.158437417e+01 1.204526000e+01
3.275350701e+03 5.221802539e+01 5.234761915e+01 1.159810032e+01 1.206497552e+01
3.289779559e+03 5.235792618e+01 5.251631466e+01 1.161155391e+01 1.208435626e+01
3.304208417e+03 5.249586859e+01 5.268291357e+01 1.162474178e+01 1.210340976e+01
3.318637275e+03 5.263188454e+01 5.284744673e+01 1.163767060e+01 1.212214333e+01
3.333066132e+03 5.276600538e+01 5.300994458e+01 1.165034680e+01 1.214056410e+01
3.347494990e+03 5.289826206e+01 5.317043719e+01 1.166277666e+01 1.215867899e+01
3.361923848e+03 5.302868498e+01 5.332895427e+01 1.167496625e+01 1.217649471e+01
3.376352705e+03 5.315730402e+01 5.348552502e+01 1.168692151e+01 1.219401783e+01
3.390781563e+03 5.328414843e+01 5.364017814e+01 1.169864818e+01 1.221125472e+01
3.405210421e+03 5.340924726e+01 5.379294222e+01 1.171015179e+01 1.222821154e+01
3.419639279e+03 5.353262893e+01 5.394384528e+01 1.172143777e+01 1.224489431e+01
3.434068136e+03 5.365432138e+01 5.409291498e+01 1.173251139e+01 1.226130892e+01
3.448496994e+03 5.377435210e+01 5.424017854e+01 1.174337775e+01 1.227746106e+01
3.462925852e+03 5.389274811e+01 5.438566282e+01 1.175404183e+01 1.229335629e+01
3.477354709e+03 5.400953597e+01 5.452939427e+01 1.176450845e+01 1.230900001e+01
3.491783567e+03 5.412474178e+01 5.467139898e+01 1.177478231e+01 1.232439750e+01
3.506212425e+03 5.423839121e+01 5.481170259e+01 1.178486796e+01 1.233955389e+01
3.520641283e+03 5.435050945e+01 5.495033040e+01 1.179476984e+01 1.235447415e+01
3.535070140e+03 5.446112126e+01 5.508730727e+01 1.180449224e+01 1.236916313e+01
3.549498998e+03 5.457025101e+01 5.522265774e+01 1.181403939e+01 1.238362562e+01
3.563927856e+03 5.467792263e+01 5.535640596e+01 1.182341536e+01 1.239786621e+01
3.578356713e+03 5.478415961e+01 5.548857570e+01 1.183262410e+01 1.241188941e+01
3.592785571e+03 5.488898506e+01 5.561919035e+01 1.184166947e+01 1.242569959e+01
3.607214429e+03 5.499242166e+01 5.574827293e+01 1.185055524e+01 1.243930103e+01
3.621643287e+03 5.509449170e+01 5.587584612e+01 1.185928505e+01 1.245269791e+01
3.636072144e+03 5.519521710e+01 5.600193223e+01 1.186786247e+01 1.246589429e+01
3.650501002e+03 5.529461935e+01 5.612655320e+01 1.187629095e+01 1.247889413e+01
3.664929860e+03 5.539271960e+01 5.624973065e+01 1.188457385e+01 1.249170131e+01
3.679358717e+03 5.548953859e+01 5.637148582e+01 1.189271446e+01 1.250431959e+01
3.693787575e+03 5.558509669e+01 5.649183959e+01 1.190071594e+01 1.251675263e+01
3.708216433e+03 5.567941399e+01 5.661081260e+01 1.190858143e+01 1.252900404e+01
3.722645291e+03 5.577251014e+01 5.672842508e+01 1.191631395e+01 1.254107733e+01
3.737074148e+03 5.586440446e+01 5.684469693e+01 1.192391644e+01 1.255297592e+01
3.751503006e+03 5.595511595e+01 5.695964775e+01 1.193139176e+01 1.256470313e+01
3.765931864e+03 5.604466325e+01 5.707329681e+01 1.193874273e+01 1.257626225e+01
3.780360721e+03 5.613306468e+01 5.718566309e+01 1.194597204e+01 1.258765642e+01
3.794789579e+03 5.622033825e+01 5.729676523e+01 1.195308236e+01 1.259888878e+01
3.809218437e+03 5.630650160e+01 5.740662156e+01 1.196007628e+01 1.260996237e+01
3.823647295e+03 5.639157211e+01 5.751525013e+01 1.196695630e+01 1.262088012e+01
3.838076152e+03 5.647556683e+01 5.762266868e+01 1.197372487e+01 1.263164495e+01
3.852505010e+03 5.655850250e+01 5.772889468e+01 1.198038440e+01 1.264225968e+01
3.866933868e+03 5.664039557e+01 5.783394526e+01 1.198693721e+01 1.265272708e+01
3.881362725e+03 5.672126220e+01 5.793783733e+01 1.199338556e+01 1.266304984e+01
3.895791583e+03 5.680111829e+01 5.804058749e+01 1.199973168e+01 1.267323061e+01
3.910220441e+03 5.687997942e+01 5.814221208e+01 1.200597772e+01 1.268327197e+01
3.924649299e+03 5.695786092e+01 5.824272717e+01 1.201212579e+01 1.269317644e+01
3.939078156e+03 5.703477784e+01 5.834214854e+01 1.201817794e+01 1.270294650e+01
3.953507014e+03 5.711074493e+01 5.844049170e+01 1.202413617e+01 1.271258454e+01
3.967935872e+03 5.718577676e+01 5.853777199e+01 1.203000243e+01 1.272209294e+01
3.982364729e+03 5.725988760e+01 5.863400443e+01 1.203577863e+01 1.273147398e+01
3.996793587e+03 5.733309149e+01 5.872920381e+01 1.204146661e+01 1.274072994e+01
4.011222445e+03 5.740540215e+01 5.882338463e+01 1.204706819e+01 1.274986300e+01
4.025651303e+03 5.747683301e+01 5.891656106e+01 1.205258512e+01 1.275887533e+01
4.040080160e+03 5.754739748e+01 5.900874729e+01 1.205801915e+01 1.276776905e+01
4.054509018e+03 5.761710862e+01 5.909995713e+01 1.206337195e+01 1.277654623e+01
4.068937876e+03 5.768597924e+01 5.919020417e+01 1.206864517e+01 1.278520889e+01
4.083366733e+03 5.775402195e+01 5.927950179e+01 1.207384041e+01 1.279375900e+01
4.097795591e+03 5.782124914e+01 5.936786312e+01 1.207895922e+01 1.280219850e+01
4.112224449e+03 5.788767298e+01 5.945530111e+01 1.208400313e+01 1.281052930e+01
4.126653307e+03 5.795330543e+01 5.954182849e+01 1.208897363e+01 1.281875324e+01
4.141082164e+03 5.801815826e+01 5.962745776e+01 1.209387219e+01 1.282687215e+01
4.155511022e+03 5.808224300e+01 5.971220122e+01 1.209870020e+01 1.283488780e+01
4.169939880e+03 5.814557101e+01 5.979607099e+01 1.210345908e+01 1.284280195e+01
4.184368737e+03 5.820815345e+01 5.987907898e+01 1.210815017e+01 1.285061631e+01
4.198797595e+03 5.827000130e+01 5.996123691e+01 1.211277481e+01 1.285833256e+01
4.213226453e+03 5.833112536e+01 6.004255633e+01 1.211733418e+01 1.286595224e+01
4.227655311e+03 5.839153616e+01 6.012304851e+01 1.212182968e+01 1.287347708e+01
4.242084168e+03 5.845124413e+01 6.020272462e+01 1.212626246e+01 1.288090858e+01
4.256513026e+03 5.851025949e+01 6.028159561e+01 1.213063378e+01 1.288824833e+01
4.270941884e+03 5.856859232e+01 6.035967229e+01 1.213494478e+01 1.289549782e+01
4.285370741e+03 5.862625249e+01 6.043696526e+01 1.213919661e+01 1.290265851e+01
4.299799599e+03 5.868324973e+01 6.051348498e+01 1.214339039e+01 1.290973188e+01
4.314228457e+03 5.873959360e+01 6.058924170e+01 1.214752723e+01 1.291671933e+01
4.328657315e+03 5.879529348e+01 6.066424554e+01 1.215160818e+01 1.292362226e+01
4.343086172e+03 5.885035863e+01 6.073850645e+01 1.215563430e+01 1.293044203e+01
4.357515030e+03 5.890479810e+01 6.081203420e+01 1.215960661e+01 1.293717998e+01
4.371943888e+03 5.895862084e+01 6.088483843e+01 1.216352610e+01 1.294383743e+01
4.386372745e+03 5.901183561e+01 6.095692860e+01 1.216739376e+01 1.295041567e+01
4.400801603e+03 5.906445106e+01 6.102831403e+01 1.217121054e+01 1.295691596e+01
4.415230461e+03 5.911647566e+01 6.109900390e+01 1.217497739e+01 1.296333953e+01
4.429659319e+03 5.916791776e+01 6.116900722e+01 1.217869520e+01 1.296968760e+01
4.444088176e+03 5.921878558e+01 6.123833289e+01 1.218236487e+01 1.297596136e+01
4.458517034e+03 5.926908717e+01 6.130698964e+01 1.218598726e+01 1.298216197e+01
4.472945892e+03 5.931883049e+01 6.137498607e+01 1.218956324e+01 1.298829058e+01
4.487374749e+03 5.936802332e+01 6.144233065e+01 1.219309364e+01 1.299434831e+01
4.501803607e+03 5.941667336e+01 6.150903170e+01 1.219657928e+01 1.300033627e+01
4.516232465e+03 5.946478816e+01 6.157509744e+01 1.220002095e+01 1.300625554e+01
4.530661323e+03 5.951237514e+01 6.164053592e+01 1.220341944e+01 1.301210718e+01
4.545090180e+03 5.955944160e+01 6.170535510e+01 1.220677550e+01 1.301789223e+01
4.559519038e+03 5.960599475e+01 6.176956279e+01 1.221008989e+01 1.302361171e+01
4.573947896e+03 5.965204164e+01 6.183316670e+01 1.221336334e+01 1.302926663e+01
4.588376754e+03 5.969758924e+01 6.189617440e+01 1.221659656e+01 1.303485797e+01
4.602805611e+03 5.974264438e+01 6.195859335e+01 1.221979026e+01 1.304038670e+01
4.617234469e+03 5.978721381e+01 6.202043091e+01 1.222294511e+01 1.304585377e+01
4.631663327e+03 5.983130415e+01 6.208169429e+01 1.222606180e+01 1.305126010e+01
4.646092184e+03 5.987492190e+01 6.214239062e+01 1.222914096e+01 1.305660661e+01
4.660521042e+03 5.991807348e+01 6.220252690e+01 1.223218325e+01 1.306189420e+01
4.674949900e+03 5.996076521e+01 6.226211004e+01 1.223518930e+01 1.306712375e+01
4.689378758e+03 6.000300328e+01 6.232114683e+01 1.223815972e+01 1.307229613e+01
4.703807615e+03 6.004479381e+01 6.237964396e+01 1.224109511e+01 1.307741217e+01
4.718236473e+03 6.008614282e+01 6.243760804e+01 1.224399606e+01 1.308247273e+01
4.732665331e+03 6.012705623e+01 6.249504554e+01 1.224686315e+01 1.308747861e+01
4.747094188e+03 6.016753986e+01 6.255196286e+01 1.224969695e+01 1.309243062e+01
4.761523046e+03 6.020759945e+01 6.260836631e+01 1.225249801e+01 1.309732956e+01
4.775951904e+03 6.024724064e+01 6.266426207e+01 1.225526688e+01 1.310217620e+01
4.790380762e+03 6.028646898e+01 6.271965626e+01 1.225800407e+01 1.310697130e+01
4.804809619e+03 6.032528994e+01 6.277455489e+01 1.226071012e+01 1.311171561e+01
4.819238477e+03 6.036370889e+01 6.282896388e+01 1.226338554e+01 1.311640987e+01
4.833667335e+03 6.040173114e+01 6.288288906e+01 1.226603081e+01 1.312105479e+01
4.848096192e+03 6.043936189e+01 6.293633619e+01 1.226864644e+01 1.312565109e+01
4.862525050e+03 6.047660628e+01 6.298931092e+01 1.227123289e+01 1.313019947e+01
4.876953908e+03 6.051346937e+01 6.304181884e+01 1.227379065e+01 1.313470061e+01
4.891382766e+03 6.054995612e+01 6.309386544e+01 1.227632016e+01 1.313915519e+01
4.905811623e+03 6.058607145e+01 6.314545614e+01 1.227882189e+01 1.314356387e+01
4.920240481e+03 6.062182018e+01 6.319659629e+01 1.228129626e+01 1.314792729e+01
4.934669339e+03 6.065720705e+01 6.324729113e+01 1.228374373e+01 1.315224611e+01
4.949098196e+03 6.069223675e+01 6.329754585e+01 1.228616470e+01 1.315652093e+01
4.963527054e+03 6.072691388e+01 6.334736555e+01 1.228855959e+01 1.316075240e+01
4.977955912e+03 6.076124297e+01 6.339675527e+01 1.229092882e+01 1.316494110e+01
4.992384770e+03 6.079522849e+01 6.344571996e+01 1.229327278e+01 1.316908764e+01
5.006813627e+03 6.082887484e+01 6.349426449e+01 1.229559186e+01 1.317319261e+01
5.021242485e+03 6.086218634e+01 6.354239370e+01 1.229788645e+01 1.317725658e+01
5.035671343e+03 6.089516727e+01 6.359011232e+01 1.230015692e+01 1.318128012e+01
5.050100200e+03 6.092782184e+01 6.363742504e+01 1.230240365e+01 1.318526378e+01
5.064529058e+03 6.096015417e+01 6.368433647e+01 1.230462699e+01 1.318920812e+01
5.078957916e+03 6.099216836e+01 6.373085116e+01 1.230682730e+01 1.319311367e+01
5.093386774e+03 6.102386841e+01 6.377697358e+01 1.230900493e+01 1.319698096e+01
5.107815631e+03 6.105525829e+01 6.382270815e+01 1.231116022e+01 1.320081051e+01
5.122244489e+03 6.108634188e+01 6.386805923e+01 1.231329351e+01 1.320460284e+01
5.136673347e+03 6.111712303e+01 6.391303111e+01 1.231540512e+01 1.320835845e+01
5.151102204e+03 6.114760552e+01 6.395762801e+01 1.231749537e+01 1.321207784e+01
5.165531062e+03 6.117779308e+01 6.400185413e+01 1.231956459e+01 1.321576149e+01
5.179959920e+03 6.120768938e+01 6.404571356e+01 1.232161309e+01 1.321940988e+01
5.194388778e+03 6.123729803e+01 6.408921036e+01 1.232364115e+01 1.322302348e+01
5.208817635e+03 6.126662261e+01 6.413234854e+01 1.232564910e+01 1.322660276e+01
5.223246493e+03 6.129566662e+01 6.417513204e+01 1.232763721e+01 1.323014817e+01
5.237675351e+03 6.132443352e+01 6.421756475e+01 1.232960578e+01 1.323366017e+01
5.252104208e+03 6.135292672e+01 6.425965051e+01 1.233155509e+01 1.323713919e+01
5.266533066e+03 6.138114959e+01 6.430139310e+01 1.233348542e+01 1.324058567e+01
5.280961924e+03 6.140910544e+01 6.434279626e+01 1.233539704e+01 1.324400002e+01
5.295390782e+03 6.143679755e+01 6.438386367e+01 1.233729020e+01 1.324738269e+01
5.309819639e+03 6.146422911e+01 6.442459896e+01 1.233916518e+01 1.325073407e+01
5.324248497e+03 6.149140330e+01 6.446500570e+01 1.234102225e+01 1.325405457e+01
5.338677355e+03 6.151832324e+01 6.450508744e+01 1.234286164e+01 1.325734462e+01
5.353106212e+03 6.154499201e+01 6.454484764e+01 1.234468362e+01 1.326060458e+01
5.367535070e+03 6.157141266e+01 6.458428977e+01 1.234648841e+01 1.326383486e+01
5.381963928e+03 6.159758818e+01 6.462341720e+01 1.234827626e+01 1.326703581e+01
5.396392786e+03 6.162352151e+01 6.466223329e+01 1.235004739e+01 1.327020783e+01
5.410821643e+03 6.164921557e+01 6.470074134e+01 1.235180205e+01 1.327335128e+01
5.425250501e+03 6.167467321e+01 6.473894460e+01 1.235354046e+01 1.327646653e+01
5.439679359e+03 6.169989727e+01 6.477684628e+01 1.235526285e+01 1.327955394e+01
5.454108216e+03 6.172489053e+01 6.481444956e+01 1.235696943e+01 1.328261385e+01
5.468537074e+03 6.174965573e+01 6.485175757e+01 1.235866041e+01 1.328564663e+01
5.482965932e+03 6.177419558e+01 6.488877339e+01 1.236033602e+01 1.328865261e+01
5.497394790e+03 6.179851275e+01 6.492550007e+01 1.236199646e+01 1.329163212e+01
5.511823647e+03 6.182260988e+01 6.496194062e+01 1.236364193e+01 1.329458550e+01
5.526252505e+03 6.184648956e+01 6.499809800e+01 1.236527262e+01 1.329751307e+01
5.540681363e+03 6.187015435e+01 6.503397516e+01 1.236688874e+01 1.330041515e+01
5.555110220e+03 6.189360678e+01 6.506957497e+01 1.236849048e+01 1.330329205e+01
5.569539078e+03 6.191684932e+01 6.510490030e+01 1.237007802e+01 1.330614410e+01
5.583967936e+03 6.193988445e+01 6.513995396e+01 1.237165157e+01 1.330897159e+01
5.598396794e+03 6.196271457e+01 6.517473873e+01 1.237321129e+01 1.331177482e+01
5.612825651e+03 6.198534207e+01 6.520925736e+01 1.237475737e+01 1.331455410e+01
5.627254509e+03 6.200776931e+01 6.524351255e+01 1.237629000e+01 1.331730972e+01
5.641683367e+03 6.202999860e+01 6.527750698e+01 1.237780933e+01 1.332004196e+01
5.656112224e+03 6.205203224e+01 6.531124330e+01 1.237931555e+01 1.332275111e+01
5.670541082e+03 6.207387249e+01 6.534472410e+01 1.238080882e+01 1.332543745e+01
5.684969940e+03 6.209552156e+01 6.537795197e+01 1.238228931e+01 1.332810125e+01
5.699398798e+03 6.211698166e+01 6.541092944e+01 1.238375718e+01 1.333074278e+01
5.713827655e+03 6.213825496e+01 6.544365903e+01 1.238521259e+01 1.333336232e+01
5.728256513e+03 6.215934358e+01 6.547614321e+01 1.238665570e+01 1.333596012e+01
5.742685371e+03 6.218024965e+01 6.550838444e+01 1.238808666e+01 1.333853644e+01
5.757114228e+03 6.220097523e+01 6.554038512e+01 1.238950563e+01 1.334109153e+01
5.771543086e+03 6.222152239e+01 6.557214765e+01 1.239091276e+01 1.334362566e+01
5.785971944e+03 6.224189314e+01 6.560367438e+01 1.239230819e+01 1.334613906e+01
5.800400802e+03 6.226208948e+01 6.563496764e+01 1.239369206e+01 1.334863199e+01
5.814829659e+03 6.228211338e+01 6.566602973e+01 1.239506453e+01 1.335110467e+01
5.829258517e+03 6.230196679e+01 6.569686291e+01 1.239642572e+01 1.335355734e+01
5.843687375e+03 6.232165162e+01 6.572746944e+01 1.239777578e+01 1.335599025e+01
5.858116232e+03 6.234116976e+01 6.575785153e+01 1.239911486e+01 1.335840362e+01
5.872545090e+03 6.236052309e+01 6.578801136e+01 1.240044307e+01 1.336079768e+01
5.886973948e+03 6.237971343e+01 6.581795109e+01 1.240176056e+01 1.336317266e+01
5.901402806e+03 6.239874262e+01 6.584767287e+01 1.240306744e+01 1.336552876e+01
5.915831663e+03 6.241761243e+01 6.587717880e+01 1.240436385e+01 1.336786620e+01
5.930260521e+03 6.243632465e+01 6.590647096e+01 1.240564990e+01 1.337018520e+01
5.944689379e+03 6.245488101e+01 6.593555142e+01 1.240692574e+01 1.337248598e+01
5.959118236e+03 6.247328325e+01 6.596442220e+01 1.240819148e+01 1.337476874e+01
5.973547094e+03 6.249153305e+01 6.599308532e+01 1.240944725e+01 1.337703370e+01
5.987975952e+03 6.250963211e+01 6.602154276e+01 1.241069315e+01 1.337928104e+01
6.002404810e+03 6.252758207e+01 6.604979649e+01 1.241192929e+01 1.338151095e+01
6.016833667e+03 6.254538457e+01 6.607784843e+01 1.241315579e+01 1.338372364e+01
6.031262525e+03 6.256304123e+01 6.610570052e+01 1.241437278e+01 1.338591930e+01
6.045691383e+03 6.258055363e+01 6.613335463e+01 1.241558034e+01 1.338809812e+01
6.060120240e+03 6.259792335e+01 6.616081265e+01 1.241677861e+01 1.339026029e+01
6.074549098e+03 6.261515193e+01 6.618807642e+01 1.241796768e+01 1.339240600e+01
6.088977956e+03 6.263224091e+01 6.621514776e+01 1.241914767e+01 1.339453544e+01
6.103406814e+03 6.264919181e+01 6.624202848e+01 1.242031868e+01 1.339664878e+01
6.117835671e+03 6.266600610e+01 6.626872037e+01 1.242148080e+01 1.339874620e+01
6.132264529e+03 6.268268527e+01 6.629522518e+01 1.242263414e+01 1.340082787e+01
6.146693387e+03 6.269923077e+01 6.632154467e+01 1.242377880e+01 1.340289396e+01
6.161122244e+03 6.271564403e+01 6.634768055e+01 1.242491487e+01 1.340494463e+01
6.175551102e+03 6.273192646e+01 6.637363453e+01 1.242604244e+01 1.340698006e+01
6.189979960e+03 6.274807948e+01 6.639940830e+01 1.242716162e+01 1.340900042e+01
6.204408818e+03 6.276410445e+01 6.642500350e+01 1.242827251e+01 1.341100587e+01
6.218837675e+03 6.278000275e+01 6.645042180e+01 1.242937518e+01 1.341299657e+01
6.233266533e+03 6.279577571e+01 6.647566481e+01 1.243046975e+01 1.341497269e+01
6.247695391e+03 6.281142466e+01 6.650073415e+01 1.243155630e+01 1.341693437e+01
6.262124248e+03 6.282695093e+01 6.652563140e+01 1.243263490e+01 1.341888178e+01
6.276553106e+03 6.284235579e+01 6.655035813e+01 1.243370565e+01 1.342081505e+01
6.290981964e+03 6.285764054e+01 6.657491590e+01 1.243476863e+01 1.342273434e+01
6.305410822e+03 6.287280642e+01 6.659930624e+01 1.243582393e+01 1.342463980e+01
6.319839679e+03 6.288785470e+01 6.662353067e+01 1.243687163e+01 1.342653157e+01
6.334268537e+03 6.290278660e+01 6.664759070e+01 1.243791181e+01 1.342840981e+01
6.348697395e+03 6.291760334e+01 6.667148780e+01 1.243894456e+01 1.343027464e+01
6.363126253e+03 6.293230611e+01 6.669522345e+01 1.243996996e+01 1.343212623e+01
6.377555110e+03 6.294689611e+01 6.671879910e+01 1.244098808e+01 1.343396469e+01
6.391983968e+03 6.296137450e+01 6.674221617e+01 1.244199900e+01 1.343579017e+01
6.406412826e+03 6.297574244e+01 6.676547611e+01 1.244300280e+01 1.343760280e+01
6.420841683e+03 6.299000108e+01 6.678858029e+01 1.244399955e+01 1.343940272e+01
6.435270541e+03 6.300415153e+01 6.681153013e+01 1.244498932e+01 1.344119005e+01
6.449699399e+03 6.301819491e+01 6.683432698e+01 1.244597220e+01 1.344296493e+01
6.464128257e+03 6.303213233e+01 6.685697220e+01 1.244694825e+01 1.344472748e+01
6.478557114e+03 6.304596487e+01 6.687946715e+01 1.244791754e+01 1.344647783e+01
6.492985972e+03 6.305969360e+01 6.690181314e+01 1.244888014e+01 1.344821611e+01
6.507414830e+03 6.307331958e+01 6.692401150e+01 1.244983613e+01 1.344994243e+01
6.521843687e+03 6.308684386e+01 6.694606351e+01 1.245078556e+01 1.345165691e+01
6.536272545e+03 6.310026747e+01 6.696797047e+01 1.245172851e+01 1.345335967e+01
6.550701403e+03 6.311359144e+01 6.698973365e+01 1.245266505e+01 1.345505084e+01
6.565130261e+03 6.312681677e+01 6.701135431e+01 1.245359523e+01 1.345673054e+01
6.579559118e+03 6.313994446e+01 6.703283368e+01 1.245451914e+01 1.345839887e+01
6.593987976e+03 6.315297549e+01 6.705417301e+01 1.245543683e+01 1.346005596e+01
6.608416834e+03 6.316591084e+01 6.707537351e+01 1.245634835e+01 1.346170190e+01
6.622845691e+03 6.317875146e+01 6.709643638e+01 1.245725379e+01 1.346333682e+01
6.637274549e+03 6.319149832e+01 6.711736282e+01 1.245815319e+01 1.346496083e+01
6.651703407e+03 6.320415233e+01 6.713815400e+01 1.245904661e+01 1.346657402e+01
6.666132265e+03 6.321671444e+01 6.715881109e+01 1.245993411e+01 1.346817650e+01
6.680561122e+03 6.322918555e+01 6.717933525e+01 1.246081576e+01 1.346976838e+01
6.694989980e+03 6.324156657e+01 6.719972761e+01 1.246169161e+01 1.347134976e+01
6.709418838e+03 6.325385840e+01 6.721998931e+01 1.246256171e+01 1.347292075e+01
6.723847695e+03 6.326606191e+01 6.724012147e+01 1.246342613e+01 1.347448144e+01
6.738276553e+03 6.327817797e+01 6.726012519e+01 1.246428492e+01 1.347603194e+01
6.752705411e+03 6.329020746e+01 6.728000156e+01 1.246513814e+01 1.347757235e+01
6.767134269e+03 6.330215121e+01 6.729975168e+01 1.246598584e+01 1.347910276e+01
6.781563126e+03 6.331401008e+01 6.731937661e+01 1.246682808e+01 1.348062327e+01
6.795991984e+03 6.332578489e+01 6.733887740e+01 1.246766491e+01 1.348213398e+01
6.810420842e+03 6.333747646e+01 6.735825512e+01 1.246849637e+01 1.348363497e+01
6.824849699e+03 6.334908561e+01 6.737751081e+01 1.246932253e+01 1.348512635e+01
6.839278557e+03 6.336061314e+01 6.739664548e+01 1.247014343e+01 1.348660820e+01
6.853707415e+03 6.337205984e+01 6.741566015e+01 1.247095912e+01 1.348808060e+01
6.868136273e+03 6.338342649e+01 6.743455584e+01 1.247176965e+01 1.348954366e+01
6.882565130e+03 6.339471387e+01 6.745333354e+01 1.247257507e+01 1.349099745e+01
6.896993988e+03 6.340592274e+01 6.747199423e+01 1.247337543e+01 1.349244207e+01
6.911422846e+03 6.341705387e+01 6.749053890e+01 1.247417077e+01 1.349387761e+01
6.925851703e+03 6.342810798e+01 6.750896850e+01 1.247496115e+01 1.349530413e+01
6.940280561e+03 6.343908584e+01 6.752728400e+01 1.247574661e+01 1.349672174e+01
6.954709419e+03 6.344998815e+01 6.754548634e+01 1.247652719e+01 1.349813051e+01
6.969138277e+03 6.346081566e+01 6.756357646e+01 1.247730295e+01 1.349953052e+01
6.983567134e+03 6.347156906e+01 6.758155529e+01 1.247807393e+01 1.350092186e+01
6.997995992e+03 6.348224906e+01 6.759942374e+01 1.247884017e+01 1.350230461e+01
7.012424850e+03 6.349285637e+01 6.761718272e+01 1.247960171e+01 1.350367884e+01
7.026853707e+03 6.350339166e+01 6.763483314e+01 1.248035860e+01 1.350504464e+01
7.041282565e+03 6.351385562e+01 6.765237588e+01 1.248111089e+01 1.350640207e+01
7.055711423e+03 6.352424893e+01 6.766981182e+01 1.248185860e+01 1.350775122e+01
7.070140281e+03 6.353457224e+01 6.768714185e+01 1.248260179e+01 1.350909216e+01
7.084569138e+03 6.354482621e+01 6.770436682e+01 1.248334050e+01 1.351042497e+01
7.098997996e+03 6.355501150e+01 6.772148758e+01 1.248407476e+01 1.351174971e+01
7.113426854e+03 6.356512875e+01 6.773850499e+01 1.248480462e+01 1.351306647e+01
7.127855711e+03 6.357517858e+01 6.775541989e+01 1.248553011e+01 1.351437531e+01
7.142284569e+03 6.358516164e+01 6.777223310e+01 1.248625128e+01 1.351567630e+01
7.156713427e+03 6.359507853e+01 6.778894544e+01 1.248696817e+01 1.351696951e+01
7.171142285e+03 6.360492988e+01 6.780555774e+01 1.248768080e+01 1.351825501e+01
7.185571142e+03 6.361471629e+01 6.782207079e+01 1.248838923e+01 1.351953288e+01
7.200000000e+03 6.362443835e+01 6.783848540e+01 1.248909349e+01 1.352080318e+01
