time            Cj              Ck              Br              shCj            shCk            shBr            O1              O2             
0.000000000e+00 4.000000000e+00 1.000000000e-05 4.000000000e+00 0.000000000e+00 0.000000000e+00 4.000000000e+00 4.000000000e+00 4.000000000e+00
8.016032064e+01 3.632347186e+00 1.151726897e-02 3.989735535e+00 1.231435790e-04 1.112524763e-02 3.999825177e+00 4.012825607e+00 3.987174393e+00
1.603206413e+02 3.628775494e+00 2.503565539e-02 3.978182370e+00 5.620183588e-04 2.221897038e-02 3.999287307e+00 4.025650951e+00 3.974349049e+00
2.404809619e+02 3.627203066e+00 4.096490347e-02 3.966626860e+00 1.321840058e-03 3.332380624e-02 3.998376216e+00 4.038475767e+00 3.961524233e+00
3.206412826e+02 3.626545683e+00 5.876318229e-02 3.955057734e+00 2.402804512e-03 4.444901193e-02 3.997081435e+00 4.051299792e+00 3.948700208e+00
4.008016032e+02 3.626345011e+00 7.782768733e-02 3.943467975e+00 3.805274617e-03 5.560375117e-02 3.995392322e+00 4.064122763e+00 3.935877237e+00
4.809619238e+02 3.626393354e+00 9.769132235e-02 3.931853475e+00 5.529776046e-03 6.679717728e-02 3.993298068e+00 4.076944415e+00 3.923055585e+00
5.611222445e+02 3.626594086e+00 1.180355309e-01 3.920211947e+00 7.576992283e-03 7.803843201e-02 3.990787705e+00 4.089764486e+00 3.910235514e+00
6.412825651e+02 3.626900885e+00 1.386563414e-01 3.908542215e+00 9.947759243e-03 8.933664359e-02 3.987850113e+00 4.102582712e+00 3.897417288e+00
7.214428858e+02 3.627290757e+00 1.594277644e-01 3.896843768e+00 1.264305946e-02 1.007009244e-01 3.984474034e+00 4.115398830e+00 3.884601170e+00
8.016032064e+02 3.627751874e+00 1.802736949e-01 3.885116487e+00 1.566401583e-02 1.121403684e-01 3.980648076e+00 4.128212577e+00 3.871787423e+00
8.817635271e+02 3.628277869e+00 2.011488182e-01 3.873360483e+00 1.901188485e-02 1.236640473e-01 3.976360728e+00 4.141023691e+00 3.858976309e+00
9.619238477e+02 3.628865146e+00 2.220264322e-01 3.861576004e+00 2.268804938e-02 1.352810071e-01 3.971600374e+00 4.153831908e+00 3.846168092e+00
1.042084168e+03 3.629511538e+00 2.428909062e-01 3.849763376e+00 2.669401091e-02 1.470002637e-01 3.966355305e+00 4.166636967e+00 3.833363033e+00
1.122244489e+03 3.630215643e+00 2.637331428e-01 3.837922974e+00 3.103138117e-02 1.588307981e-01 3.960613734e+00 4.179438606e+00 3.820561394e+00
1.202404810e+03 3.630976470e+00 2.845478868e-01 3.826055199e+00 3.570187332e-02 1.707815486e-01 3.954363815e+00 4.192236562e+00 3.807763438e+00
1.282565130e+03 3.631793253e+00 3.053321067e-01 3.814160469e+00 4.070729248e-02 1.828614104e-01 3.947593656e+00 4.205030575e+00 3.794969425e+00
1.362725451e+03 3.632665357e+00 3.260840781e-01 3.802239211e+00 4.604952561e-02 1.950792209e-01 3.940291346e+00 4.217820383e+00 3.782179617e+00
1.442885772e+03 3.633592214e+00 3.468028357e-01 3.790291862e+00 5.173053086e-02 2.074437579e-01 3.932444968e+00 4.230605726e+00 3.769394274e+00
1.523046092e+03 3.634573300e+00 3.674878461e-01 3.778318860e+00 5.775232625e-02 2.199637295e-01 3.924042625e+00 4.243386342e+00 3.756613658e+00
1.603206413e+03 3.635608111e+00 3.881388269e-01 3.766320648e+00 6.411697767e-02 2.326477652e-01 3.915072464e+00 4.256161973e+00 3.743838027e+00
1.683366733e+03 3.636696158e+00 4.087556464e-01 3.754297670e+00 7.082658624e-02 2.455044064e-01 3.905522701e+00 4.268932358e+00 3.731067642e+00
1.763527054e+03 3.637836961e+00 4.293382581e-01 3.742250374e+00 7.788327498e-02 2.585420961e-01 3.895381647e+00 4.281697238e+00 3.718302762e+00
1.843687375e+03 3.639030042e+00 4.498866604e-01 3.730179207e+00 8.528917483e-02 2.717691676e-01 3.884637734e+00 4.294456354e+00 3.705543646e+00
1.923847695e+03 3.640274928e+00 4.704008771e-01 3.718084620e+00 9.304641001e-02 2.851938332e-01 3.873279552e+00 4.307209449e+00 3.692790551e+00
2.004008016e+03 3.641571147e+00 4.908809482e-01 3.705967064e+00 1.011570827e-01 2.988241713e-01 3.861295873e+00 4.319956264e+00 3.680043736e+00
2.084168337e+03 3.642918226e+00 5.113269236e-01 3.693826990e+00 1.096232571e-01 3.126681131e-01 3.848675687e+00 4.332696542e+00 3.667303458e+00
2.164328657e+03 3.644315696e+00 5.317388578e-01 3.681664853e+00 1.184469423e-01 3.267334290e-01 3.835408238e+00 4.345430027e+00 3.654569973e+00
2.244488978e+03 3.645763088e+00 5.521168061e-01 3.669481107e+00 1.276300757e-01 3.410277132e-01 3.821483058e+00 4.358156462e+00 3.641843538e+00
2.324649299e+03 3.647259932e+00 5.724608245e-01 3.657276208e+00 1.371745040e-01 3.555583687e-01 3.806890006e+00 4.370875592e+00 3.629124408e+00
2.404809619e+03 3.648805759e+00 5.927709657e-01 3.645050613e+00 1.470819661e-01 3.703325918e-01 3.791619303e+00 4.383587161e+00 3.616412839e+00
2.484969940e+03 3.650400101e+00 6.130472846e-01 3.632804778e+00 1.573540729e-01 3.853573547e-01 3.775661578e+00 4.396290915e+00 3.603709085e+00
2.565130261e+03 3.652042491e+00 6.332898333e-01 3.620539164e+00 1.679922882e-01 4.006393886e-01 3.759007902e+00 4.408986601e+00 3.591013399e+00
2.645290581e+03 3.653732461e+00 6.534986650e-01 3.608254229e+00 1.789979091e-01 4.161851660e-01 3.741649837e+00 4.421673965e+00 3.578326035e+00
2.725450902e+03 3.655469545e+00 6.736738308e-01 3.595950433e+00 1.903720435e-01 4.320008809e-01 3.723579477e+00 4.434352755e+00 3.565647245e+00
2.805611222e+03 3.657253276e+00 6.938153813e-01 3.583628237e+00 2.021155919e-01 4.480924326e-01 3.704789489e+00 4.447022719e+00 3.552977281e+00
2.885771543e+03 3.659083190e+00 7.139233647e-01 3.571288103e+00 2.142292235e-01 4.644654035e-01 3.685273166e+00 4.459683607e+00 3.540316393e+00
2.965931864e+03 3.660958820e+00 7.339978282e-01 3.558930493e+00 2.267133571e-01 4.811250418e-01 3.665024462e+00 4.472335167e+00 3.527664833e+00
3.046092184e+03 3.662879702e+00 7.540388171e-01 3.546555869e+00 2.395681381e-01 4.980762408e-01 3.644038046e+00 4.484977150e+00 3.515022850e+00
3.126252505e+03 3.664845373e+00 7.740463765e-01 3.534164697e+00 2.527934172e-01 5.153235185e-01 3.622309344e+00 4.497609308e+00 3.502390692e+00
3.206412826e+03 3.666855369e+00 7.940205492e-01 3.521757438e+00 2.663887298e-01 5.328709998e-01 3.599834584e+00 4.510231392e+00 3.489768608e+00
3.286573146e+03 3.668909228e+00 8.139613776e-01 3.509334558e+00 2.803532736e-01 5.507223941e-01 3.576610844e+00 4.522843156e+00 3.477156844e+00
3.366733467e+03 3.671006488e+00 8.338689028e-01 3.496896521e+00 2.946858877e-01 5.688809775e-01 3.552636094e+00 4.535444352e+00 3.464555648e+00
3.446893788e+03 3.673146689e+00 8.537431648e-01 3.484443792e+00 3.093850322e-01 5.873495712e-01 3.527909241e+00 4.548034736e+00 3.451965264e+00
3.527054108e+03 3.675329369e+00 8.735842026e-01 3.471976837e+00 3.244487662e-01 6.061305235e-01 3.502430177e+00 4.560614063e+00 3.439385937e+00
3.607214429e+03 3.677554069e+00 8.933920538e-01 3.459496122e+00 3.398747331e-01 6.252256938e-01 3.476199807e+00 4.573182089e+00 3.426817911e+00
3.687374749e+03 3.679820330e+00 9.131667550e-01 3.447002112e+00 3.556601340e-01 6.446364289e-01 3.449220107e+00 4.585738571e+00 3.414261429e+00
3.767535070e+03 3.682127695e+00 9.329083415e-01 3.434495272e+00 3.718017174e-01 6.643635509e-01 3.421494142e+00 4.598283268e+00 3.401716732e+00
3.847695391e+03 3.684475707e+00 9.526168475e-01 3.421976071e+00 3.882957544e-01 6.844073354e-01 3.393026123e+00 4.610815937e+00 3.389184063e+00
3.927855711e+03 3.686863908e+00 9.722923063e-01 3.409444973e+00 4.051380383e-01 7.047675117e-01 3.363821412e+00 4.623336340e+00 3.376663660e+00
4.008016032e+03 3.689291845e+00 9.919347501e-01 3.396902444e+00 4.223238492e-01 7.254432272e-01 3.333886585e+00 4.635844237e+00 3.364155763e+00
4.088176353e+03 3.691759063e+00 1.011544210e+00 3.384348951e+00 4.398479511e-01 7.464330422e-01 3.303229421e+00 4.648339391e+00 3.351660609e+00
4.168336673e+03 3.694265107e+00 1.031120717e+00 3.371784960e+00 4.577045753e-01 7.677349183e-01 3.271858969e+00 4.660821563e+00 3.339178437e+00
4.248496994e+03 3.696809527e+00 1.050664299e+00 3.359210937e+00 4.758874492e-01 7.893462453e-01 3.239785524e+00 4.673290518e+00 3.326709482e+00
4.328657315e+03 3.699391870e+00 1.070174985e+00 3.346627347e+00 4.943897359e-01 8.112637799e-01 3.207020665e+00 4.685746022e+00 3.314253978e+00
4.408817635e+03 3.702011686e+00 1.089652803e+00 3.334034656e+00 5.132040360e-01 8.334836484e-01 3.173577249e+00 4.698187839e+00 3.301812161e+00
4.488977956e+03 3.704668526e+00 1.109097779e+00 3.321433329e+00 5.323223910e-01 8.560013510e-01 3.139469442e+00 4.710615738e+00 3.289384262e+00
4.569138277e+03 3.707361941e+00 1.128509938e+00 3.308823830e+00 5.517362979e-01 8.788117727e-01 3.104712704e+00 4.723029486e+00 3.276970514e+00
4.649298597e+03 3.710091485e+00 1.147889305e+00 3.296206625e+00 5.714367585e-01 9.019092293e-01 3.069323778e+00 4.735428853e+00 3.264571147e+00
4.729458918e+03 3.712856711e+00 1.167235904e+00 3.283582178e+00 5.914141925e-01 9.252873927e-01 3.033320681e+00 4.747813609e+00 3.252186391e+00
4.809619238e+03 3.715657174e+00 1.186549758e+00 3.270950951e+00 6.116583883e-01 9.489392381e-01 2.996722714e+00 4.760183526e+00 3.239816474e+00
4.889779559e+03 3.718492431e+00 1.205830889e+00 3.258313408e+00 6.321587085e-01 9.728572323e-01 2.959550403e+00 4.772538377e+00 3.227461623e+00
4.969939880e+03 3.721362039e+00 1.225079319e+00 3.245670011e+00 6.529039546e-01 9.970332172e-01 2.921825498e+00 4.784877935e+00 3.215122065e+00
5.050100200e+03 3.724265556e+00 1.244295067e+00 3.233021222e+00 6.738824349e-01 1.021458470e+00 2.883570901e+00 4.797201976e+00 3.202798024e+00
5.130260521e+03 3.727202544e+00 1.263478154e+00 3.220367502e+00 6.950819379e-01 1.046123672e+00 2.844810721e+00 4.809510276e+00 3.190489724e+00
5.210420842e+03 3.730172562e+00 1.282628599e+00 3.207709312e+00 7.164897899e-01 1.071018970e+00 2.805570144e+00 4.821802612e+00 3.178197388e+00
5.290581162e+03 3.733175174e+00 1.301746421e+00 3.195047111e+00 7.380928707e-01 1.096133993e+00 2.765875395e+00 4.834078764e+00 3.165921236e+00
5.370741483e+03 3.736209943e+00 1.320831636e+00 3.182381357e+00 7.598776295e-01 1.121457862e+00 2.725753703e+00 4.846338511e+00 3.153661489e+00
5.450901804e+03 3.739276435e+00 1.339884262e+00 3.169712510e+00 7.818301110e-01 1.146979220e+00 2.685233241e+00 4.858581635e+00 3.141418365e+00
5.531062124e+03 3.742374215e+00 1.358904315e+00 3.157041026e+00 8.039359873e-01 1.172686259e+00 2.644343057e+00 4.870807918e+00 3.129192082e+00
5.611222445e+03 3.745502852e+00 1.377891811e+00 3.144367361e+00 8.261805932e-01 1.198566758e+00 2.603112991e+00 4.883017144e+00 3.116982856e+00
5.691382766e+03 3.748661915e+00 1.396846765e+00 3.131691970e+00 8.485489402e-01 1.224608095e+00 2.561573647e+00 4.895209099e+00 3.104790901e+00
5.771543086e+03 3.751850975e+00 1.415769191e+00 3.119015307e+00 8.710257739e-01 1.250797302e+00 2.519756261e+00 4.907383567e+00 3.092616433e+00
5.851703407e+03 3.755069603e+00 1.434659104e+00 3.106337825e+00 8.935956030e-01 1.277121098e+00 2.477692639e+00 4.919540339e+00 3.080459661e+00
5.931863727e+03 3.758317374e+00 1.453516516e+00 3.093659976e+00 9.162427373e-01 1.303565921e+00 2.435415074e+00 4.931679202e+00 3.068320798e+00
6.012024048e+03 3.761593863e+00 1.472341441e+00 3.080982211e+00 9.389513266e-01 1.330117969e+00 2.392956258e+00 4.943799947e+00 3.056200053e+00
6.092184369e+03 3.764898646e+00 1.491133891e+00 3.068304979e+00 9.617053925e-01 1.356763233e+00 2.350349211e+00 4.955902366e+00 3.044097634e+00
6.172344689e+03 3.768231301e+00 1.509893877e+00 3.055628727e+00 9.844888772e-01 1.383487542e+00 2.307627173e+00 4.967986252e+00 3.032013748e+00
6.252505010e+03 3.771591408e+00 1.528621411e+00 3.042953904e+00 1.007285684e+00 1.410276605e+00 2.264823519e+00 4.980051400e+00 3.019948600e+00
6.332665331e+03 3.774978548e+00 1.547316504e+00 3.030280954e+00 1.030079718e+00 1.437116053e+00 2.221971663e+00 4.992097606e+00 3.007902394e+00
6.412825651e+03 3.778392305e+00 1.565979166e+00 3.017610322e+00 1.052854932e+00 1.463991480e+00 2.179104962e+00 5.004124667e+00 2.995875333e+00
6.492985972e+03 3.781832262e+00 1.584609407e+00 3.004942449e+00 1.075595365e+00 1.490888489e+00 2.136256632e+00 5.016132382e+00 2.983867618e+00
6.573146293e+03 3.785298007e+00 1.603207236e+00 2.992277778e+00 1.098285186e+00 1.517792727e+00 2.093459651e+00 5.028120552e+00 2.971879448e+00
6.653306613e+03 3.788789125e+00 1.621772664e+00 2.979616748e+00 1.120908728e+00 1.544689928e+00 2.050746679e+00 5.040088979e+00 2.959911021e+00
6.733466934e+03 3.792305208e+00 1.640305698e+00 2.966959797e+00 1.143450536e+00 1.571565955e+00 2.008149963e+00 5.052037465e+00 2.947962535e+00
6.813627255e+03 3.795845846e+00 1.658806347e+00 2.954307361e+00 1.165895406e+00 1.598406842e+00 1.965701258e+00 5.063965815e+00 2.936034185e+00
6.893787575e+03 3.799410633e+00 1.677274619e+00 2.941659874e+00 1.188228406e+00 1.625198817e+00 1.923431744e+00 5.075873836e+00 2.924126164e+00
6.973947896e+03 3.802999161e+00 1.695710523e+00 2.929017771e+00 1.210434938e+00 1.651928362e+00 1.881371948e+00 5.087761335e+00 2.912238665e+00
7.054108216e+03 3.806611029e+00 1.714114065e+00 2.916381483e+00 1.232500774e+00 1.678582244e+00 1.839551668e+00 5.099628122e+00 2.900371878e+00
7.134268537e+03 3.810245835e+00 1.732485253e+00 2.903751439e+00 1.254412018e+00 1.705147499e+00 1.797999899e+00 5.111474007e+00 2.888525993e+00
7.214428858e+03 3.813903177e+00 1.750824094e+00 2.891128066e+00 1.276155204e+00 1.731611511e+00 1.756744776e+00 5.123298802e+00 2.876701198e+00
7.294589178e+03 3.817582658e+00 1.769130596e+00 2.878511791e+00 1.297717424e+00 1.757962134e+00 1.715813530e+00 5.135102321e+00 2.864897679e+00
7.374749499e+03 3.821283881e+00 1.787404763e+00 2.865903039e+00 1.319086109e+00 1.784187496e+00 1.675232421e+00 5.146884380e+00 2.853115620e+00
7.454909820e+03 3.825006452e+00 1.805646604e+00 2.853302230e+00 1.340249216e+00 1.810276189e+00 1.635026601e+00 5.158644795e+00 2.841355205e+00
7.535070140e+03 3.828749979e+00 1.823856123e+00 2.840709784e+00 1.361195256e+00 1.836217273e+00 1.595220202e+00 5.170383385e+00 2.829616615e+00
7.615230461e+03 3.832514070e+00 1.842033328e+00 2.828126121e+00 1.381913243e+00 1.862000246e+00 1.555836264e+00 5.182099970e+00 2.817900030e+00
7.695390782e+03 3.836298336e+00 1.860178223e+00 2.815551656e+00 1.402392739e+00 1.887615086e+00 1.516896680e+00 5.193794372e+00 2.806205628e+00
7.775551102e+03 3.840102391e+00 1.878290816e+00 2.802986803e+00 1.422623889e+00 1.913052287e+00 1.478422133e+00 5.205466413e+00 2.794533587e+00
7.855711423e+03 3.843925849e+00 1.896371111e+00 2.790431974e+00 1.442597417e+00 1.938302851e+00 1.440432105e+00 5.217115918e+00 2.782884082e+00
7.935871743e+03 3.847768327e+00 1.914419113e+00 2.777887579e+00 1.462304618e+00 1.963358298e+00 1.402944873e+00 5.228742714e+00 2.771257286e+00
8.016032064e+03 3.851629443e+00 1.932434830e+00 2.765354026e+00 1.481737382e+00 1.988210671e+00 1.365977490e+00 5.240346629e+00 2.759653371e+00
8.096192385e+03 3.855508820e+00 1.950418266e+00 2.752831719e+00 1.500888190e+00 2.012852550e+00 1.329545768e+00 5.251927492e+00 2.748072508e+00
8.176352705e+03 3.859406079e+00 1.968369426e+00 2.740321062e+00 1.519750123e+00 2.037277054e+00 1.293664276e+00 5.263485134e+00 2.736514866e+00
8.256513026e+03 3.863320845e+00 1.986288315e+00 2.727822456e+00 1.538316857e+00 2.061477840e+00 1.258346342e+00 5.275019389e+00 2.724980611e+00
8.336673347e+03 3.867252745e+00 2.004174941e+00 2.715336299e+00 1.556582655e+00 2.085449102e+00 1.223604069e+00 5.286530090e+00 2.713469910e+00
8.416833667e+03 3.871201408e+00 2.022029306e+00 2.702862987e+00 1.574542374e+00 2.109185568e+00 1.189448333e+00 5.298017074e+00 2.701982926e+00
8.496993988e+03 3.875166465e+00 2.039851418e+00 2.690402915e+00 1.592191440e+00 2.132682490e+00 1.155888824e+00 5.309480179e+00 2.690519821e+00
8.577154309e+03 3.879147549e+00 2.057641282e+00 2.677956473e+00 1.609525868e+00 2.155935654e+00 1.122934008e+00 5.320919244e+00 2.679080756e+00
8.657314629e+03 3.883144295e+00 2.075398902e+00 2.665524050e+00 1.626542218e+00 2.178941350e+00 1.090591219e+00 5.332334110e+00 2.667665890e+00
8.737474950e+03 3.887156340e+00 2.093124285e+00 2.653106033e+00 1.643237603e+00 2.201696373e+00 1.058866654e+00 5.343724620e+00 2.656275380e+00
8.817635271e+03 3.891183323e+00 2.110817436e+00 2.640702806e+00 1.659609670e+00 2.224198012e+00 1.027765396e+00 5.355090618e+00 2.644909382e+00
8.897795591e+03 3.895224886e+00 2.128478362e+00 2.628314751e+00 1.675656587e+00 2.246444031e+00 9.972914528e-01 5.366431951e+00 2.633568049e+00
8.977955912e+03 3.899280672e+00 2.146107068e+00 2.615942245e+00 1.691377021e+00 2.268432654e+00 9.674477932e-01 5.377748466e+00 2.622251534e+00
9.058116232e+03 3.903350327e+00 2.163703559e+00 2.603585666e+00 1.706770129e+00 2.290162557e+00 9.382363805e-01 5.389040012e+00 2.610959988e+00
9.138276553e+03 3.907433499e+00 2.181267843e+00 2.591245387e+00 1.721835544e+00 2.311632859e+00 9.096582044e-01 5.400306441e+00 2.599693559e+00
9.218436874e+03 3.911529837e+00 2.198799926e+00 2.578921779e+00 1.736573352e+00 2.332843100e+00 8.817133175e-01 5.411547605e+00 2.588452395e+00
9.298597194e+03 3.915638995e+00 2.216299813e+00 2.566615210e+00 1.750984061e+00 2.353793204e+00 8.544008974e-01 5.422763360e+00 2.577236640e+00
9.378757515e+03 3.919760625e+00 2.233767513e+00 2.554326046e+00 1.765068589e+00 2.374483475e+00 8.277192735e-01 5.433953561e+00 2.566046439e+00
9.458917836e+03 3.923894386e+00 2.251203031e+00 2.542054650e+00 1.778828255e+00 2.394914592e+00 8.016659686e-01 5.445118066e+00 2.554881934e+00
9.539078156e+03 3.928039936e+00 2.268606375e+00 2.529801383e+00 1.792264747e+00 2.415087576e+00 7.762377404e-01 5.456256735e+00 2.543743265e+00
9.619238477e+03 3.932196935e+00 2.285977553e+00 2.517566600e+00 1.805380109e+00 2.435003775e+00 7.514306256e-01 5.467369429e+00 2.532630571e+00
9.699398798e+03 3.936365047e+00 2.303316572e+00 2.505350658e+00 1.818176712e+00 2.454664845e+00 7.272399803e-01 5.478456011e+00 2.521543989e+00
9.779559118e+03 3.940543938e+00 2.320623440e+00 2.493153908e+00 1.830657246e+00 2.474072734e+00 7.036605221e-01 5.489516347e+00 2.510483653e+00
9.859719439e+03 3.944733276e+00 2.337898164e+00 2.480976699e+00 1.842824684e+00 2.493229655e+00 6.806863864e-01 5.500550301e+00 2.499449699e+00
9.939879760e+03 3.948932729e+00 2.355140754e+00 2.468819376e+00 1.854682270e+00 2.512138073e+00 6.583111614e-01 5.511557744e+00 2.488442256e+00
1.002004008e+04 3.953141972e+00 2.372351219e+00 2.456682284e+00 1.866233500e+00 2.530800686e+00 6.365279193e-01 5.522538544e+00 2.477461456e+00
1.010020040e+04 3.957360678e+00 2.389529567e+00 2.444565762e+00 1.877482107e+00 2.549220414e+00 6.153292591e-01 5.533492573e+00 2.466507427e+00
1.018036072e+04 3.961588524e+00 2.406675807e+00 2.432470148e+00 1.888432036e+00 2.567400372e+00 5.947073471e-01 5.544419705e+00 2.455580295e+00
1.026052104e+04 3.965825189e+00 2.423789950e+00 2.420395776e+00 1.899087429e+00 2.585343860e+00 5.746539577e-01 5.555319815e+00 2.444680185e+00
1.034068136e+04 3.970070355e+00 2.440872006e+00 2.408342978e+00 1.909452601e+00 2.603054339e+00 5.551605121e-01 5.566192779e+00 2.433807221e+00
1.042084168e+04 3.974323706e+00 2.457921984e+00 2.396312082e+00 1.919532029e+00 2.620535420e+00 5.362181131e-01 5.577038476e+00 2.422961524e+00
1.050100200e+04 3.978584928e+00 2.474939896e+00 2.384303414e+00 1.929330332e+00 2.637790847e+00 5.178175788e-01 5.587856787e+00 2.412143213e+00
1.058116232e+04 3.982853709e+00 2.491925753e+00 2.372317296e+00 1.938852255e+00 2.654824482e+00 4.999494776e-01 5.598647593e+00 2.401352407e+00
1.066132265e+04 3.987129740e+00 2.508879567e+00 2.360354047e+00 1.948102653e+00 2.671640286e+00 4.826041561e-01 5.609410778e+00 2.390589222e+00
1.074148297e+04 3.991412715e+00 2.525801349e+00 2.348413984e+00 1.957086484e+00 2.688242322e+00 4.657717736e-01 5.620146228e+00 2.379853772e+00
1.082164329e+04 3.995702328e+00 2.542691112e+00 2.336497420e+00 1.965808785e+00 2.704634724e+00 4.494423303e-01 5.630853829e+00 2.369146171e+00
1.090180361e+04 3.999998278e+00 2.559548869e+00 2.324604666e+00 1.974274626e+00 2.720821650e+00 4.336056916e-01 5.641533471e+00 2.358466529e+00
1.098196393e+04 4.004300264e+00 2.576374632e+00 2.312736029e+00 1.982489242e+00 2.736807434e+00 4.182516018e-01 5.652185043e+00 2.347814957e+00
1.106212425e+04 4.008607990e+00 2.593168417e+00 2.300891812e+00 1.990457759e+00 2.752596284e+00 4.033697898e-01 5.662808440e+00 2.337191560e+00
1.114228457e+04 4.012921161e+00 2.609930235e+00 2.289072316e+00 1.998185430e+00 2.768192542e+00 3.889498718e-01 5.673403554e+00 2.326596446e+00
1.122244489e+04 4.017239484e+00 2.626660104e+00 2.277277838e+00 2.005677514e+00 2.783600550e+00 3.749814323e-01 5.683970282e+00 2.316029718e+00
1.130260521e+04 4.021562668e+00 2.643358036e+00 2.265508675e+00 2.012939272e+00 2.798824657e+00 3.614540570e-01 5.694508521e+00 2.305491479e+00
1.138276553e+04 4.025890426e+00 2.660024049e+00 2.253765116e+00 2.019975964e+00 2.813869212e+00 3.483573372e-01 5.705018171e+00 2.294981829e+00
1.146292585e+04 4.030222471e+00 2.676658158e+00 2.242047450e+00 2.026792845e+00 2.828738558e+00 3.356808875e-01 5.715499132e+00 2.284500868e+00
1.154308617e+04 4.034558522e+00 2.693260379e+00 2.230355962e+00 2.033395151e+00 2.843437024e+00 3.234143667e-01 5.725951306e+00 2.274048694e+00
1.162324649e+04 4.038898297e+00 2.709830730e+00 2.218690935e+00 2.039788093e+00 2.857968917e+00 3.115474883e-01 5.736374599e+00 2.263625401e+00
1.170340681e+04 4.043241518e+00 2.726369228e+00 2.207052646e+00 2.045976854e+00 2.872338520e+00 3.000700312e-01 5.746768917e+00 2.253231083e+00
1.178356713e+04 4.047587908e+00 2.742875892e+00 2.195441372e+00 2.051966574e+00 2.886550078e+00 2.889718677e-01 5.757134166e+00 2.242865834e+00
1.186372745e+04 4.051937195e+00 2.759350739e+00 2.183857385e+00 2.057762346e+00 2.900607795e+00 2.782429729e-01 5.767470257e+00 2.232529743e+00
1.194388778e+04 4.056289106e+00 2.775793789e+00 2.172300952e+00 2.063369214e+00 2.914515831e+00 2.678734226e-01 5.777777101e+00 2.222222899e+00
1.202404810e+04 4.060643374e+00 2.792205062e+00 2.160772341e+00 2.068792171e+00 2.928278301e+00 2.578534078e-01 5.788054611e+00 2.211945389e+00
1.210420842e+04 4.064999732e+00 2.808584577e+00 2.149271814e+00 2.074036142e+00 2.941899261e+00 2.481732579e-01 5.798302701e+00 2.201697299e+00
1.218436874e+04 4.069357916e+00 2.824932357e+00 2.137799630e+00 2.079105984e+00 2.955382705e+00 2.388234484e-01 5.808521289e+00 2.191478711e+00
1.226452906e+04 4.073717664e+00 2.841248421e+00 2.126356044e+00 2.084006486e+00 2.968732567e+00 2.297945905e-01 5.818710291e+00 2.181289709e+00
1.234468938e+04 4.078078719e+00 2.857532793e+00 2.114941309e+00 2.088742369e+00 2.981952723e+00 2.210774453e-01 5.828869627e+00 2.171130373e+00
1.242484970e+04 4.082440822e+00 2.873785494e+00 2.103555675e+00 2.093318279e+00 2.995046982e+00 2.126629257e-01 5.838999220e+00 2.161000780e+00
1.250501002e+04 4.086803720e+00 2.890006547e+00 2.092199388e+00 2.097738782e+00 3.008019080e+00 2.045421131e-01 5.849098992e+00 2.150901008e+00
1.258517034e+04 4.091167160e+00 2.906195977e+00 2.080872690e+00 2.102008365e+00 3.020872687e+00 1.967062443e-01 5.859168867e+00 2.140831133e+00
1.266533066e+04 4.095530894e+00 2.922353808e+00 2.069575822e+00 2.106131432e+00 3.033611397e+00 1.891467370e-01 5.869208773e+00 2.130791227e+00
1.274549098e+04 4.099894674e+00 2.938480063e+00 2.058309020e+00 2.110112302e+00 3.046238731e+00 1.818551772e-01 5.879218637e+00 2.120781363e+00
1.282565130e+04 4.104258256e+00 2.954574770e+00 2.047072515e+00 2.113955210e+00 3.058758135e+00 1.748233266e-01 5.889198389e+00 2.110801611e+00
1.290581162e+04 4.108621397e+00 2.970637954e+00 2.035866540e+00 2.117664301e+00 3.071172977e+00 1.680431262e-01 5.899147960e+00 2.100852040e+00
1.298597194e+04 4.112983858e+00 2.986669642e+00 2.024691318e+00 2.121243636e+00 3.083486551e+00 1.615066931e-01 5.909067284e+00 2.090932716e+00
1.306613226e+04 4.117345400e+00 3.002669860e+00 2.013547075e+00 2.124697187e+00 3.095702073e+00 1.552063243e-01 5.918956295e+00 2.081043705e+00
1.314629259e+04 4.121705790e+00 3.018638637e+00 2.002434028e+00 2.128028836e+00 3.107822681e+00 1.491344971e-01 5.928814929e+00 2.071185071e+00
1.322645291e+04 4.126064795e+00 3.034576002e+00 1.991352396e+00 2.131242380e+00 3.119851438e+00 1.432838668e-01 5.938643125e+00 2.061356875e+00
1.330661323e+04 4.130422184e+00 3.050481984e+00 1.980302391e+00 2.134341523e+00 3.131791329e+00 1.376472701e-01 5.948440822e+00 2.051559178e+00
1.338677355e+04 4.134777729e+00 3.066356612e+00 1.969284224e+00 2.137329883e+00 3.143645260e+00 1.322177218e-01 5.958207961e+00 2.041792039e+00
1.346693387e+04 4.139131205e+00 3.082199917e+00 1.958298100e+00 2.140210990e+00 3.155416064e+00 1.269884149e-01 5.967944485e+00 2.032055515e+00
1.354709419e+04 4.143482390e+00 3.098011930e+00 1.947344223e+00 2.142988285e+00 3.167106495e+00 1.219527193e-01 5.977650338e+00 2.022349662e+00
1.362725451e+04 4.147831062e+00 3.113792683e+00 1.936422793e+00 2.145665122e+00 3.178719234e+00 1.171041808e-01 5.987325468e+00 2.012674532e+00
1.370741483e+04 4.152177002e+00 3.129542208e+00 1.925534007e+00 2.148244772e+00 3.190256888e+00 1.124365144e-01 5.996969820e+00 2.003030180e+00
1.378757515e+04 4.156519996e+00 3.145260538e+00 1.914678058e+00 2.150730413e+00 3.201721987e+00 1.079436152e-01 6.006583345e+00 1.993416655e+00
1.386773547e+04 4.160859830e+00 3.160947707e+00 1.903855137e+00 2.153125146e+00 3.213116993e+00 1.036195366e-01 6.016165994e+00 1.983834006e+00
1.394789579e+04 4.165196292e+00 3.176603750e+00 1.893065431e+00 2.155431982e+00 3.224444291e+00 9.945851244e-02 6.025717718e+00 1.974282282e+00
1.402805611e+04 4.169529174e+00 3.192228700e+00 1.882309123e+00 2.157653857e+00 3.235706202e+00 9.545492657e-02 6.035238472e+00 1.964761528e+00
1.410821643e+04 4.173858270e+00 3.207822595e+00 1.871586393e+00 2.159793619e+00 3.246904973e+00 9.160333997e-02 6.044728211e+00 1.955271789e+00
1.418837675e+04 4.178183374e+00 3.223385469e+00 1.860897419e+00 2.161854036e+00 3.258042782e+00 8.789846185e-02 6.054186893e+00 1.945813107e+00
1.426853707e+04 4.182504286e+00 3.238917361e+00 1.850242374e+00 2.163837797e+00 3.269121743e+00 8.433516410e-02 6.063614476e+00 1.936385524e+00
1.434869739e+04 4.186820807e+00 3.254418307e+00 1.839621430e+00 2.165747524e+00 3.280143905e+00 8.090846575e-02 6.073010921e+00 1.926989079e+00
1.442885772e+04 4.191132738e+00 3.269888347e+00 1.829034754e+00 2.167585751e+00 3.291111253e+00 7.761354142e-02 6.082376188e+00 1.917623812e+00
1.450901804e+04 4.195439886e+00 3.285327518e+00 1.818482509e+00 2.169354937e+00 3.302025705e+00 7.444571082e-02 6.091710242e+00 1.908289758e+00
1.458917836e+04 4.199742058e+00 3.300735861e+00 1.807964856e+00 2.171057480e+00 3.312889124e+00 7.140043740e-02 6.101013048e+00 1.898986952e+00
1.466933868e+04 4.204039063e+00 3.316113416e+00 1.797481955e+00 2.172695696e+00 3.323703308e+00 6.847333115e-02 6.110284571e+00 1.889715429e+00
1.474949900e+04 4.208330715e+00 3.331460223e+00 1.787033958e+00 2.174271830e+00 3.334469996e+00 6.566013325e-02 6.119524779e+00 1.880475221e+00
1.482965932e+04 4.212616828e+00 3.346776325e+00 1.776621017e+00 2.175788061e+00 3.345190872e+00 6.295672613e-02 6.128733642e+00 1.871266358e+00
1.490981964e+04 4.216897219e+00 3.362061764e+00 1.766243281e+00 2.177246509e+00 3.355867567e+00 6.035912172e-02 6.137911131e+00 1.862088869e+00
1.498997996e+04 4.221171706e+00 3.377316582e+00 1.755900894e+00 2.178649214e+00 3.366501650e+00 5.786345736e-02 6.147057218e+00 1.852942782e+00
1.507014028e+04 4.225440112e+00 3.392540823e+00 1.745593998e+00 2.179998153e+00 3.377094637e+00 5.546600228e-02 6.156171877e+00 1.843828123e+00
1.515030060e+04 4.229702259e+00 3.407734532e+00 1.735322732e+00 2.181295258e+00 3.387648006e+00 5.316314208e-02 6.165255082e+00 1.834744918e+00
1.523046092e+04 4.233957975e+00 3.422897753e+00 1.725087231e+00 2.182542385e+00 3.398163172e+00 5.095138631e-02 6.174306812e+00 1.825693188e+00
1.531062124e+04 4.238207087e+00 3.438030531e+00 1.714887628e+00 2.183741325e+00 3.408641499e+00 4.882735805e-02 6.183327043e+00 1.816672957e+00
1.539078156e+04 4.242449426e+00 3.453132914e+00 1.704724051e+00 2.184893826e+00 3.419084312e+00 4.678779115e-02 6.192315756e+00 1.807684244e+00
1.547094188e+04 4.246684824e+00 3.468204948e+00 1.694596626e+00 2.186001572e+00 3.429492886e+00 4.482953552e-02 6.201272931e+00 1.798727069e+00
1.555110220e+04 4.250913117e+00 3.483246681e+00 1.684505478e+00 2.187066191e+00 3.439868453e+00 4.294954113e-02 6.210198552e+00 1.789801448e+00
1.563126253e+04 4.255134142e+00 3.498258160e+00 1.674450725e+00 2.188089259e+00 3.450212198e+00 4.114486699e-02 6.219092601e+00 1.780907399e+00
1.571142285e+04 4.259347737e+00 3.513239435e+00 1.664432484e+00 2.189072300e+00 3.460525265e+00 3.941267108e-02 6.227955065e+00 1.772044935e+00
1.579158317e+04 4.263553746e+00 3.528190555e+00 1.654450869e+00 2.190016788e+00 3.470808761e+00 3.775020673e-02 6.236785930e+00 1.763214070e+00
1.587174349e+04 4.267752012e+00 3.543111570e+00 1.644505991e+00 2.190924144e+00 3.481063746e+00 3.615482891e-02 6.245585183e+00 1.754414817e+00
1.595190381e+04 4.271942380e+00 3.558002531e+00 1.634597957e+00 2.191795746e+00 3.491291248e+00 3.462397788e-02 6.254352816e+00 1.745647184e+00
1.603206413e+04 4.276124700e+00 3.572863490e+00 1.624726873e+00 2.192632922e+00 3.501492255e+00 3.315518868e-02 6.263088817e+00 1.736911183e+00
1.611222445e+04 4.280298821e+00 3.587694499e+00 1.614892838e+00 2.193436956e+00 3.511667718e+00 3.174608081e-02 6.271793180e+00 1.728206820e+00
1.619238477e+04 4.284464596e+00 3.602495610e+00 1.605095953e+00 2.194209086e+00 3.521818553e+00 3.039436184e-02 6.280465899e+00 1.719534101e+00
1.627254509e+04 4.288621880e+00 3.617266877e+00 1.595336313e+00 2.194950510e+00 3.531945643e+00 2.909781648e-02 6.289106967e+00 1.710893033e+00
1.635270541e+04 4.292770529e+00 3.632008354e+00 1.585614010e+00 2.195662385e+00 3.542049840e+00 2.785430931e-02 6.297716382e+00 1.702283618e+00
1.643286573e+04 4.296910404e+00 3.646720095e+00 1.575929133e+00 2.196345825e+00 3.552131961e+00 2.666178239e-02 6.306294140e+00 1.693705860e+00
1.651302605e+04 4.301041364e+00 3.661402156e+00 1.566281771e+00 2.197001909e+00 3.562192797e+00 2.551824753e-02 6.314840241e+00 1.685159759e+00
1.659318637e+04 4.305163274e+00 3.676054592e+00 1.556672007e+00 2.197631676e+00 3.572233104e+00 2.442179465e-02 6.323354685e+00 1.676645315e+00
1.667334669e+04 4.309275998e+00 3.690677461e+00 1.547099921e+00 2.198236129e+00 3.582253615e+00 2.337057836e-02 6.331837473e+00 1.668162527e+00
1.675350701e+04 4.313379404e+00 3.705270820e+00 1.537565591e+00 2.198816235e+00 3.592255029e+00 2.236282502e-02 6.340288608e+00 1.659711392e+00
1.683366733e+04 4.317473361e+00 3.719834725e+00 1.528069094e+00 2.199372925e+00 3.602238024e+00 2.139682496e-02 6.348708094e+00 1.651291906e+00
1.691382766e+04 4.321557742e+00 3.734369236e+00 1.518610500e+00 2.199907100e+00 3.612203247e+00 2.047093092e-02 6.357095937e+00 1.642904063e+00
1.699398798e+04 4.325632420e+00 3.748874412e+00 1.509189880e+00 2.200419627e+00 3.622151324e+00 1.958355774e-02 6.365452143e+00 1.634547857e+00
1.707414830e+04 4.329697270e+00 3.763350311e+00 1.499807300e+00 2.200911340e+00 3.632082854e+00 1.873317756e-02 6.373776719e+00 1.626223281e+00
1.715430862e+04 4.333752171e+00 3.777796996e+00 1.490462824e+00 2.201383047e+00 3.641998414e+00 1.791831947e-02 6.382069676e+00 1.617930324e+00
1.723446894e+04 4.337797002e+00 3.792214525e+00 1.481156514e+00 2.201835524e+00 3.651898561e+00 1.713756811e-02 6.390331022e+00 1.609668978e+00
1.731462926e+04 4.341831645e+00 3.806602961e+00 1.471888426e+00 2.202269520e+00 3.661783828e+00 1.638956037e-02 6.398560770e+00 1.601439230e+00
1.739478958e+04 4.345855984e+00 3.820962365e+00 1.462658618e+00 2.202685756e+00 3.671654728e+00 1.567298354e-02 6.406758932e+00 1.593241068e+00
1.747494990e+04 4.349869904e+00 3.835292801e+00 1.453467141e+00 2.203084928e+00 3.681511754e+00 1.498657698e-02 6.414925523e+00 1.585074477e+00
1.755511022e+04 4.353873294e+00 3.849594330e+00 1.444314046e+00 2.203467705e+00 3.691355378e+00 1.432912503e-02 6.423060556e+00 1.576939444e+00
1.763527054e+04 4.357866043e+00 3.863867018e+00 1.435199381e+00 2.203834731e+00 3.701186055e+00 1.369946017e-02 6.431164049e+00 1.568835951e+00
1.771543086e+04 4.361848043e+00 3.878110928e+00 1.426123189e+00 2.204186628e+00 3.711004223e+00 1.309645887e-02 6.439236019e+00 1.560763981e+00
1.779559118e+04 4.365819188e+00 3.892326126e+00 1.417085514e+00 2.204523993e+00 3.720810299e+00 1.251904034e-02 6.447276485e+00 1.552723515e+00
1.787575150e+04 4.369779373e+00 3.906512676e+00 1.408086394e+00 2.204847403e+00 3.730604687e+00 1.196616587e-02 6.455285466e+00 1.544714534e+00
1.795591182e+04 4.373728496e+00 3.920670644e+00 1.399125866e+00 2.205157410e+00 3.740387774e+00 1.143683595e-02 6.463262982e+00 1.536737018e+00
1.803607214e+04 4.377666455e+00 3.934800098e+00 1.390203964e+00 2.205454549e+00 3.750159930e+00 1.093009036e-02 6.471209057e+00 1.528790943e+00
1.811623246e+04 4.381593154e+00 3.948901104e+00 1.381320721e+00 2.205739334e+00 3.759921513e+00 1.044500533e-02 6.479123713e+00 1.520876287e+00
1.819639279e+04 4.385508494e+00 3.962973730e+00 1.372476165e+00 2.206012257e+00 3.769672864e+00 9.980693250e-03 6.487006974e+00 1.512993026e+00
1.827655311e+04 4.389412381e+00 3.977018043e+00 1.363670323e+00 2.206273794e+00 3.779414311e+00 9.536301924e-03 6.494858866e+00 1.505141134e+00
1.835671343e+04 4.393304721e+00 3.991034114e+00 1.354903219e+00 2.206524402e+00 3.789146168e+00 9.111010220e-03 6.502679415e+00 1.497320585e+00
1.843687375e+04 4.397185424e+00 4.005022010e+00 1.346174874e+00 2.206764523e+00 3.798868739e+00 8.704029901e-03 6.510468648e+00 1.489531352e+00
1.851703407e+04 4.401054400e+00 4.018981802e+00 1.337485307e+00 2.206994579e+00 3.808582314e+00 8.314606076e-03 6.518226594e+00 1.481773406e+00
1.859719439e+04 4.404911562e+00 4.032913560e+00 1.328834535e+00 2.207214976e+00 3.818287171e+00 7.942009711e-03 6.525953283e+00 1.474046717e+00
1.867735471e+04 4.408756824e+00 4.046817355e+00 1.320222572e+00 2.207426108e+00 3.827983579e+00 7.585541447e-03 6.533648745e+00 1.466351255e+00
1.875751503e+04 4.412590101e+00 4.060693258e+00 1.311649431e+00 2.207628350e+00 3.837671788e+00 7.244532977e-03 6.541313012e+00 1.458686988e+00
1.883767535e+04 4.416411313e+00 4.074541340e+00 1.303115119e+00 2.207822062e+00 3.847352046e+00 6.918338217e-03 6.548946116e+00 1.451053884e+00
1.891783567e+04 4.420220377e+00 4.088361675e+00 1.294619644e+00 2.208007595e+00 3.857024587e+00 6.606337583e-03 6.556548091e+00 1.443451909e+00
1.899799599e+04 4.424017216e+00 4.102154334e+00 1.286163012e+00 2.208185282e+00 3.866689642e+00 6.307939387e-03 6.564118972e+00 1.435881028e+00
1.907815631e+04 4.427801753e+00 4.115919391e+00 1.277745223e+00 2.208355447e+00 3.876347428e+00 6.022571945e-03 6.571658795e+00 1.428341205e+00
1.915831663e+04 4.431573913e+00 4.129656920e+00 1.269366278e+00 2.208518399e+00 3.885998157e+00 5.749687052e-03 6.579167595e+00 1.420832405e+00
1.923847695e+04 4.435333621e+00 4.143366994e+00 1.261026175e+00 2.208674427e+00 3.895642001e+00 5.488758915e-03 6.586645412e+00 1.413354588e+00
1.931863727e+04 4.439080807e+00 4.157049689e+00 1.252724909e+00 2.208823826e+00 3.905279179e+00 5.239284530e-03 6.594092283e+00 1.405907717e+00
1.939879760e+04 4.442815400e+00 4.170705079e+00 1.244462473e+00 2.208966864e+00 3.914909859e+00 5.000779841e-03 6.601508247e+00 1.398491753e+00
1.947895792e+04 4.446537332e+00 4.184333241e+00 1.236238859e+00 2.209103807e+00 3.924534222e+00 4.772780323e-03 6.608893346e+00 1.391106654e+00
1.955911824e+04 4.450246537e+00 4.197934249e+00 1.228054054e+00 2.209234908e+00 3.934152442e+00 4.554840386e-03 6.616247621e+00 1.383752379e+00
1.963927856e+04 4.453942948e+00 4.211508181e+00 1.219908046e+00 2.209360408e+00 3.943764663e+00 4.346532367e-03 6.623571113e+00 1.376428887e+00
1.971943888e+04 4.457626503e+00 4.225055113e+00 1.211800819e+00 2.209480541e+00 3.953371057e+00 4.147446084e-03 6.630863867e+00 1.369136133e+00
1.979959920e+04 4.461297139e+00 4.238575123e+00 1.203732355e+00 2.209595531e+00 3.962971754e+00 3.957188072e-03 6.638125926e+00 1.361874074e+00
1.987975952e+04 4.464954798e+00 4.252068288e+00 1.195702634e+00 2.209705594e+00 3.972566912e+00 3.775380936e-03 6.645357336e+00 1.354642664e+00
1.995991984e+04 4.468599419e+00 4.265534686e+00 1.187711635e+00 2.209810936e+00 3.982156651e+00 3.601662747e-03 6.652558141e+00 1.347441859e+00
2.004008016e+04 4.472230946e+00 4.278974396e+00 1.179759333e+00 2.209911754e+00 3.991741111e+00 3.435686423e-03 6.659728390e+00 1.340271610e+00
2.012024048e+04 4.475849323e+00 4.292387497e+00 1.171845702e+00 2.210008241e+00 4.001320413e+00 3.277119165e-03 6.666868129e+00 1.333131871e+00
2.020040080e+04 4.479454497e+00 4.305774068e+00 1.163970714e+00 2.210100577e+00 4.010894676e+00 3.125641895e-03 6.673977407e+00 1.326022593e+00
2.028056112e+04 4.483046415e+00 4.319134188e+00 1.156134339e+00 2.210188938e+00 4.020464014e+00 2.980948713e-03 6.681056274e+00 1.318943726e+00
2.036072144e+04 4.486625027e+00 4.332467938e+00 1.148336545e+00 2.210273493e+00 4.030028535e+00 2.842746364e-03 6.688104778e+00 1.311895222e+00
2.044088176e+04 4.490190282e+00 4.345775398e+00 1.140577298e+00 2.210354402e+00 4.039588346e+00 2.710753756e-03 6.695122972e+00 1.304877028e+00
2.052104208e+04 4.493742133e+00 4.359056650e+00 1.132856561e+00 2.210431822e+00 4.049143544e+00 2.584701511e-03 6.702110907e+00 1.297889093e+00
2.060120240e+04 4.497280535e+00 4.372311773e+00 1.125174298e+00 2.210505900e+00 4.058694226e+00 2.464331494e-03 6.709068636e+00 1.290931364e+00
2.068136273e+04 4.500805441e+00 4.385540850e+00 1.117530467e+00 2.210576778e+00 4.068240483e+00 2.349396331e-03 6.715996211e+00 1.284003789e+00
2.076152305e+04 4.504316808e+00 4.398743962e+00 1.109925028e+00 2.210644594e+00 4.077782403e+00 2.239658328e-03 6.722893687e+00 1.277106313e+00
2.084168337e+04 4.507814595e+00 4.411921192e+00 1.102357936e+00 2.210709479e+00 4.087320071e+00 2.134890891e-03 6.729761119e+00 1.270238881e+00
2.092184369e+04 4.511298761e+00 4.425072623e+00 1.094829147e+00 2.210771559e+00 4.096853565e+00 2.034876300e-03 6.736598563e+00 1.263401437e+00
2.100200401e+04 4.514769267e+00 4.438198336e+00 1.087338613e+00 2.210830954e+00 4.106382964e+00 1.939405813e-03 6.743406073e+00 1.256593927e+00
2.108216433e+04 4.518226075e+00 4.451298415e+00 1.079886285e+00 2.210887778e+00 4.115908340e+00 1.848281165e-03 6.750183709e+00 1.249816291e+00
2.116232465e+04 4.521669148e+00 4.464372945e+00 1.072472113e+00 2.210942145e+00 4.125429764e+00 1.761309413e-03 6.756931527e+00 1.243068473e+00
2.124248497e+04 4.525098453e+00 4.477422007e+00 1.065096043e+00 2.210994158e+00 4.134947302e+00 1.678309843e-03 6.763649586e+00 1.236350414e+00
2.132264529e+04 4.528513954e+00 4.490445688e+00 1.057758022e+00 2.211043921e+00 4.144461021e+00 1.599104747e-03 6.770337945e+00 1.229662055e+00
2.140280561e+04 4.531915621e+00 4.503444070e+00 1.050457994e+00 2.211091531e+00 4.153970979e+00 1.523528227e-03 6.776996664e+00 1.223003336e+00
2.148296593e+04 4.535303422e+00 4.516417239e+00 1.043195901e+00 2.211137081e+00 4.163477238e+00 1.451418694e-03 6.783625804e+00 1.216374196e+00
2.156312625e+04 4.538677328e+00 4.529365279e+00 1.035971684e+00 2.211180661e+00 4.172979853e+00 1.382622223e-03 6.790225426e+00 1.209774574e+00
2.164328657e+04 4.542037309e+00 4.542288277e+00 1.028785282e+00 2.211222356e+00 4.182478879e+00 1.316992117e-03 6.796795591e+00 1.203204409e+00
2.172344689e+04 4.545383341e+00 4.555186316e+00 1.021636632e+00 2.211262251e+00 4.191974366e+00 1.254386299e-03 6.803336364e+00 1.196663636e+00
2.180360721e+04 4.548715395e+00 4.568059484e+00 1.014525671e+00 2.211300421e+00 4.201466364e+00 1.194671160e-03 6.809847805e+00 1.190152195e+00
2.188376754e+04 4.552033449e+00 4.580907866e+00 1.007452332e+00 2.211336944e+00 4.210954920e+00 1.137717806e-03 6.816329981e+00 1.183670019e+00
2.196392786e+04 4.555337480e+00 4.593731548e+00 1.000416549e+00 2.211371892e+00 4.220440079e+00 1.083402395e-03 6.822782954e+00 1.177217046e+00
2.204408818e+04 4.558627464e+00 4.606530616e+00 9.934182523e-01 2.211405334e+00 4.229921885e+00 1.031606071e-03 6.829206790e+00 1.170793210e+00
2.212424850e+04 4.561903382e+00 4.619305159e+00 9.864573721e-01 2.211437335e+00 4.239400378e+00 9.822164213e-04 6.835601555e+00 1.164398445e+00
2.220440882e+04 4.565165214e+00 4.632055261e+00 9.795338364e-01 2.211467961e+00 4.248875598e+00 9.351250871e-04 6.841967316e+00 1.158032684e+00
2.228456914e+04 4.568412942e+00 4.644781012e+00 9.726475723e-01 2.211497272e+00 4.258347584e+00 8.902268471e-04 6.848304138e+00 1.151695862e+00
2.236472946e+04 4.571646548e+00 4.657482497e+00 9.657985051e-01 2.211525327e+00 4.267816371e+00 8.474239105e-04 6.854612089e+00 1.145387911e+00
2.244488978e+04 4.574866018e+00 4.670159805e+00 9.589865586e-01 2.211552180e+00 4.277281994e+00 8.066210670e-04 6.860891239e+00 1.139108761e+00
2.252505010e+04 4.578071335e+00 4.682813023e+00 9.522116554e-01 2.211577886e+00 4.286744486e+00 7.677269580e-04 6.867141654e+00 1.132858346e+00
2.260521042e+04 4.581262487e+00 4.695442239e+00 9.454737167e-01 2.211602497e+00 4.296203878e+00 7.306557384e-04 6.873363404e+00 1.126636596e+00
2.268537074e+04 4.584439461e+00 4.708047542e+00 9.387726622e-01 2.211626059e+00 4.305660201e+00 6.953243833e-04 6.879556559e+00 1.120443441e+00
2.276553106e+04 4.587602246e+00 4.720629020e+00 9.321084105e-01 2.211648622e+00 4.315113484e+00 6.616538959e-04 6.885721189e+00 1.114278811e+00
2.284569138e+04 4.590750831e+00 4.733186761e+00 9.254808785e-01 2.211670228e+00 4.324563753e+00 6.295685230e-04 6.891857366e+00 1.108142634e+00
2.292585170e+04 4.593885208e+00 4.745720854e+00 9.188899822e-01 2.211690921e+00 4.334011036e+00 5.989961620e-04 6.897965159e+00 1.102034841e+00
2.300601202e+04 4.597005369e+00 4.758231388e+00 9.123356360e-01 2.211710743e+00 4.343455357e+00 5.698677857e-04 6.904044641e+00 1.095955359e+00
2.308617234e+04 4.600111305e+00 4.770718451e+00 9.058177534e-01 2.211729731e+00 4.352896741e+00 5.421172859e-04 6.910095884e+00 1.089904116e+00
2.316633267e+04 4.603203013e+00 4.783182134e+00 8.993362463e-01 2.211747924e+00 4.362335210e+00 5.156815219e-04 6.916118961e+00 1.083881039e+00
2.324649299e+04 4.606280486e+00 4.795622525e+00 8.928910256e-01 2.211765357e+00 4.371770787e+00 4.904999721e-04 6.922113945e+00 1.077886055e+00
2.332665331e+04 4.609343721e+00 4.808039713e+00 8.864820010e-01 2.211782066e+00 4.381203493e+00 4.665146301e-04 6.928080909e+00 1.071919091e+00
2.340681363e+04 4.612392716e+00 4.820433789e+00 8.801090810e-01 2.211798081e+00 4.390633348e+00 4.436716579e-04 6.934019929e+00 1.065980071e+00
2.348697395e+04 4.615427467e+00 4.832804842e+00 8.737721728e-01 2.211813436e+00 4.400060370e+00 4.219174850e-04 6.939931078e+00 1.060068922e+00
2.356713427e+04 4.618447976e+00 4.845152961e+00 8.674711827e-01 2.211828160e+00 4.409484580e+00 4.012013889e-04 6.945814431e+00 1.054185569e+00
2.364729459e+04 4.621454241e+00 4.857478237e+00 8.612060159e-01 2.211842282e+00 4.418905993e+00 3.814746528e-04 6.951670065e+00 1.048329935e+00
2.372745491e+04 4.624446265e+00 4.869780760e+00 8.549765761e-01 2.211855829e+00 4.428324628e+00 3.626927832e-04 6.957498054e+00 1.042501946e+00
2.380761523e+04 4.627424049e+00 4.882060619e+00 8.487827664e-01 2.211868828e+00 4.437740500e+00 3.448116186e-04 6.963298476e+00 1.036701524e+00
2.388777555e+04 4.630387596e+00 4.894317905e+00 8.426244887e-01 2.211881303e+00 4.447153624e+00 3.277885556e-04 6.969071406e+00 1.030928594e+00
2.396793587e+04 4.633336910e+00 4.906552708e+00 8.365016437e-01 2.211893280e+00 4.456564017e+00 3.115831188e-04 6.974816922e+00 1.025183078e+00
2.404809619e+04 4.636271997e+00 4.918765118e+00 8.304141313e-01 2.211904780e+00 4.465971691e+00 2.961576600e-04 6.980535102e+00 1.019464898e+00
2.412825651e+04 4.639192862e+00 4.930955227e+00 8.243618502e-01 2.211915825e+00 4.475376660e+00 2.814763361e-04 6.986226023e+00 1.013773977e+00
2.420841683e+04 4.642099511e+00 4.943123124e+00 8.183446982e-01 2.211926437e+00 4.484778937e+00 2.675036263e-04 6.991889764e+00 1.008110236e+00
2.428857715e+04 4.644991954e+00 4.955268899e+00 8.123625724e-01 2.211936636e+00 4.494178534e+00 2.542061111e-04 6.997526403e+00 1.002473597e+00
2.436873747e+04 4.647870197e+00 4.967392645e+00 8.064153684e-01 2.211946440e+00 4.503575464e+00 2.415521192e-04 7.003136020e+00 9.968639803e-01
2.444889780e+04 4.650734251e+00 4.979494450e+00 8.005029815e-01 2.211955868e+00 4.512969737e+00 2.295120397e-04 7.008718693e+00 9.912813072e-01
2.452905812e+04 4.653584126e+00 4.991574406e+00 7.946253055e-01 2.211964938e+00 4.522361364e+00 2.180565446e-04 7.014274502e+00 9.857254978e-01
2.460921844e+04 4.656419832e+00 5.003632604e+00 7.887822339e-01 2.211973665e+00 4.531750356e+00 2.071579764e-04 7.019803528e+00 9.801964721e-01
2.468937876e+04 4.659241383e+00 5.015669135e+00 7.829736588e-01 2.211982066e+00 4.541136722e+00 1.967899266e-04 7.025305850e+00 9.746941497e-01
2.476953908e+04 4.662048789e+00 5.027684088e+00 7.771994718e-01 2.211990155e+00 4.550520472e+00 1.869278981e-04 7.030781550e+00 9.692184499e-01
2.484969940e+04 4.664842066e+00 5.039677556e+00 7.714595635e-01 2.211997948e+00 4.559901616e+00 1.775475664e-04 7.036230708e+00 9.637692918e-01
2.492985972e+04 4.667621227e+00 5.051649628e+00 7.657538238e-01 2.212005459e+00 4.569280161e+00 1.686259622e-04 7.041653406e+00 9.583465942e-01
2.501002004e+04 4.670386288e+00 5.063600396e+00 7.600821418e-01 2.212012700e+00 4.578656116e+00 1.601410781e-04 7.047049725e+00 9.529502753e-01
2.509018036e+04 4.673137263e+00 5.075529951e+00 7.544444056e-01 2.212019683e+00 4.588029489e+00 1.520730171e-04 7.052419747e+00 9.475802534e-01
2.517034068e+04 4.675874171e+00 5.087438383e+00 7.488405028e-01 2.212026422e+00 4.597400288e+00 1.444015704e-04 7.057763554e+00 9.422364463e-01
2.525050100e+04 4.678597028e+00 5.099325783e+00 7.432703203e-01 2.212032927e+00 4.606768520e+00 1.371075505e-04 7.063081228e+00 9.369187717e-01
2.533066132e+04 4.681305853e+00 5.111192242e+00 7.377337439e-01 2.212039210e+00 4.616134192e+00 1.301726653e-04 7.068372853e+00 9.316271467e-01
2.541082164e+04 4.684000664e+00 5.123037851e+00 7.322306591e-01 2.212045281e+00 4.625497311e+00 1.235793356e-04 7.073638511e+00 9.263614886e-01
2.549098196e+04 4.686681481e+00 5.134862700e+00 7.267609505e-01 2.212051150e+00 4.634857883e+00 1.173126880e-04 7.078878286e+00 9.211217140e-01
2.557114228e+04 4.689348324e+00 5.146666881e+00 7.213245020e-01 2.212056827e+00 4.644215914e+00 1.113561967e-04 7.084092260e+00 9.159077396e-01
2.565130261e+04 4.692001214e+00 5.158450484e+00 7.159211971e-01 2.212062320e+00 4.653571411e+00 1.056947123e-04 7.089280518e+00 9.107194817e-01
2.573146293e+04 4.694640173e+00 5.170213600e+00 7.105509182e-01 2.212067639e+00 4.662924379e+00 1.003137506e-04 7.094443144e+00 9.055568564e-01
2.581162325e+04 4.697265223e+00 5.181956319e+00 7.052135476e-01 2.212072792e+00 4.672274824e+00 9.519945703e-05 7.099580220e+00 9.004197796e-01
2.589178357e+04 4.699876387e+00 5.193678732e+00 6.999089666e-01 2.212077786e+00 4.681622751e+00 9.034040938e-05 7.104691833e+00 8.953081670e-01
2.597194389e+04 4.702473688e+00 5.205380929e+00 6.946370560e-01 2.212082629e+00 4.690968164e+00 8.572336556e-05 7.109778066e+00 8.902219339e-01
2.605210421e+04 4.705057152e+00 5.217063002e+00 6.893976961e-01 2.212087329e+00 4.700311069e+00 8.133647511e-05 7.114839004e+00 8.851609957e-01
2.613226453e+04 4.707626803e+00 5.228725040e+00 6.841907667e-01 2.212091892e+00 4.709651471e+00 7.716838658e-05 7.119874733e+00 8.801252675e-01
2.621242485e+04 4.710182666e+00 5.240367133e+00 6.790161469e-01 2.212096325e+00 4.718989374e+00 7.320834418e-05 7.124885336e+00 8.751146640e-01
2.629258517e+04 4.712724768e+00 5.251989373e+00 6.738737153e-01 2.212100633e+00 4.728324782e+00 6.944711182e-05 7.129870900e+00 8.701291000e-01
2.637274549e+04 4.715253135e+00 5.263591848e+00 6.687633501e-01 2.212104824e+00 4.737657699e+00 6.587445439e-05 7.134831510e+00 8.651684901e-01
2.645290581e+04 4.717767795e+00 5.275174650e+00 6.636849288e-01 2.212108902e+00 4.746988130e+00 6.248110396e-05 7.139767251e+00 8.602327485e-01
2.653306613e+04 4.720268775e+00 5.286737868e+00 6.586383286e-01 2.212112874e+00 4.756316077e+00 5.925819392e-05 7.144678211e+00 8.553217895e-01
2.661322645e+04 4.722756104e+00 5.298281593e+00 6.536234262e-01 2.212116743e+00 4.765641546e+00 5.619737362e-05 7.149564473e+00 8.504355271e-01
2.669338677e+04 4.725229811e+00 5.309805913e+00 6.486400977e-01 2.212120516e+00 4.774964539e+00 5.329120407e-05 7.154426125e+00 8.455738751e-01
2.677354709e+04 4.727689926e+00 5.321310919e+00 6.436882190e-01 2.212124196e+00 4.784285060e+00 5.053177084e-05 7.159263253e+00 8.407367474e-01
2.685370741e+04 4.730136479e+00 5.332796701e+00 6.387676655e-01 2.212127788e+00 4.793603112e+00 4.791181023e-05 7.164075942e+00 8.359240575e-01
2.693386774e+04 4.732569500e+00 5.344263347e+00 6.338783120e-01 2.212131297e+00 4.802918698e+00 4.542436731e-05 7.168864281e+00 8.311357190e-01
2.701402806e+04 4.734989021e+00 5.355710947e+00 6.290200331e-01 2.212134726e+00 4.812231822e+00 4.306295328e-05 7.173628355e+00 8.263716452e-01
2.709418838e+04 4.737395073e+00 5.367139592e+00 6.241927030e-01 2.212138079e+00 4.821542486e+00 4.082172057e-05 7.178368251e+00 8.216317492e-01
2.717434870e+04 4.739787689e+00 5.378549368e+00 6.193961955e-01 2.212141360e+00 4.830850694e+00 3.869445255e-05 7.183084056e+00 8.169159444e-01
2.725450902e+04 4.742166901e+00 5.389940367e+00 6.146303841e-01 2.212144574e+00 4.840156447e+00 3.667544308e-05 7.187775856e+00 8.122241436e-01
2.733466934e+04 4.744532742e+00 5.401312675e+00 6.098951418e-01 2.212147722e+00 4.849459749e+00 3.475921991e-05 7.192443740e+00 8.075562598e-01
2.741482966e+04 4.746885246e+00 5.412666384e+00 6.051903415e-01 2.212150808e+00 4.858760603e+00 3.294077089e-05 7.197087794e+00 8.029122059e-01
2.749498998e+04 4.749224447e+00 5.424001580e+00 6.005158556e-01 2.212153835e+00 4.868059010e+00 3.121553780e-05 7.201708105e+00 7.982918946e-01
2.757515030e+04 4.751550380e+00 5.435318352e+00 5.958715564e-01 2.212156805e+00 4.877354974e+00 2.957861618e-05 7.206304762e+00 7.936952385e-01
2.765531062e+04 4.753863080e+00 5.446616790e+00 5.912573156e-01 2.212159722e+00 4.886648496e+00 2.802553637e-05 7.210877850e+00 7.891221503e-01
2.773547094e+04 4.756162582e+00 5.457896980e+00 5.866730051e-01 2.212162586e+00 4.895939579e+00 2.655201096e-05 7.215427458e+00 7.845725424e-01
2.781563126e+04 4.758448923e+00 5.469159012e+00 5.821184961e-01 2.212165403e+00 4.905228225e+00 2.515417140e-05 7.219953673e+00 7.800463274e-01
2.789579158e+04 4.760722137e+00 5.480402971e+00 5.775936598e-01 2.212168175e+00 4.914514436e+00 2.382840431e-05 7.224456582e+00 7.755434176e-01
2.797595190e+04 4.762982262e+00 5.491628947e+00 5.730983670e-01 2.212170904e+00 4.923798216e+00 2.257088256e-05 7.228936275e+00 7.710637254e-01
2.805611222e+04 4.765229336e+00 5.502837027e+00 5.686324884e-01 2.212173592e+00 4.933079565e+00 2.137810889e-05 7.233392837e+00 7.666071631e-01
2.813627255e+04 4.767463395e+00 5.514027298e+00 5.641958946e-01 2.212176243e+00 4.942358485e+00 2.024680887e-05 7.237826357e+00 7.621736429e-01
2.821643287e+04 4.769684478e+00 5.525199848e+00 5.597884558e-01 2.212178854e+00 4.951634979e+00 1.917398462e-05 7.242236923e+00 7.577630770e-01
2.829659319e+04 4.771892622e+00 5.536354763e+00 5.554100421e-01 2.212181429e+00 4.960909048e+00 1.815665527e-05 7.246624622e+00 7.533753777e-01
2.837675351e+04 4.774087868e+00 5.547492131e+00 5.510605233e-01 2.212183969e+00 4.970180693e+00 1.719207457e-05 7.250989543e+00 7.490104570e-01
2.845691383e+04 4.776270254e+00 5.558612037e+00 5.467397694e-01 2.212186476e+00 4.979449917e+00 1.627743116e-05 7.255331773e+00 7.446682271e-01
2.853707415e+04 4.778439818e+00 5.569714569e+00 5.424476499e-01 2.212188952e+00 4.988716721e+00 1.541032846e-05 7.259651400e+00 7.403486002e-01
2.861723447e+04 4.780596602e+00 5.580799813e+00 5.381840340e-01 2.212191397e+00 4.997981108e+00 1.458845172e-05 7.263948512e+00 7.360514883e-01
2.869739479e+04 4.782740644e+00 5.591867854e+00 5.339487913e-01 2.212193815e+00 5.007243079e+00 1.380940142e-05 7.268223197e+00 7.317768034e-01
2.877755511e+04 4.784871985e+00 5.602918779e+00 5.297417911e-01 2.212196208e+00 5.016502636e+00 1.307095361e-05 7.272475542e+00 7.275244578e-01
2.885771543e+04 4.786990666e+00 5.613952673e+00 5.255629024e-01 2.212198577e+00 5.025759780e+00 1.237118004e-05 7.276705637e+00 7.232943635e-01
2.893787575e+04 4.789096728e+00 5.624969620e+00 5.214119941e-01 2.212200924e+00 5.035014514e+00 1.170812946e-05 7.280913568e+00 7.190864325e-01
2.901803607e+04 4.791190212e+00 5.635969708e+00 5.172889355e-01 2.212203249e+00 5.044266837e+00 1.107974203e-05 7.285099423e+00 7.149005771e-01
2.909819639e+04 4.793271160e+00 5.646953020e+00 5.131935953e-01 2.212205552e+00 5.053516752e+00 1.048437607e-05 7.289263291e+00 7.107367093e-01
2.917835671e+04 4.795339615e+00 5.657919643e+00 5.091258422e-01 2.212207836e+00 5.062764260e+00 9.920391678e-06 7.293405259e+00 7.065947412e-01
2.925851703e+04 4.797395617e+00 5.668869659e+00 5.050855453e-01 2.212210099e+00 5.072009362e+00 9.386028152e-06 7.297525415e+00 7.024745852e-01
2.933867735e+04 4.799439210e+00 5.679803154e+00 5.010725733e-01 2.212212342e+00 5.081252059e+00 8.879827319e-06 7.301623847e+00 6.983761533e-01
2.941883768e+04 4.801470438e+00 5.690720213e+00 4.970867946e-01 2.212214564e+00 5.090492353e+00 8.400380420e-06 7.305700642e+00 6.942993578e-01
2.949899800e+04 4.803489342e+00 5.701620919e+00 4.931280781e-01 2.212216768e+00 5.099730246e+00 7.946306157e-06 7.309755889e+00 6.902441110e-01
2.957915832e+04 4.805495967e+00 5.712505354e+00 4.891962925e-01 2.212218957e+00 5.108965740e+00 7.516282900e-06 7.313789675e+00 6.862103253e-01
2.965931864e+04 4.807490354e+00 5.723373604e+00 4.852913065e-01 2.212221130e+00 5.118198836e+00 7.109063877e-06 7.317802087e+00 6.821979129e-01
2.973947896e+04 4.809472550e+00 5.734225750e+00 4.814129888e-01 2.212223291e+00 5.127429535e+00 6.723581445e-06 7.321793213e+00 6.782067865e-01
2.981963928e+04 4.811442596e+00 5.745061875e+00 4.775612082e-01 2.212225442e+00 5.136657838e+00 6.358599305e-06 7.325763142e+00 6.742368584e-01
2.989979960e+04 4.813400537e+00 5.755882063e+00 4.737358334e-01 2.212227583e+00 5.145883746e+00 6.012936220e-06 7.329711959e+00 6.702880411e-01
2.997995992e+04 4.815346418e+00 5.766686397e+00 4.699367333e-01 2.212229709e+00 5.155107260e+00 5.685735310e-06 7.333639753e+00 6.663602472e-01
3.006012024e+04 4.817280284e+00 5.777474959e+00 4.661637766e-01 2.212231821e+00 5.164328380e+00 5.375894162e-06 7.337546611e+00 6.624533894e-01
3.014028056e+04 4.819202181e+00 5.788247831e+00 4.624168325e-01 2.212233921e+00 5.173547110e+00 5.082635964e-06 7.341432619e+00 6.585673806e-01
3.022044088e+04 4.821112152e+00 5.799005095e+00 4.586957697e-01 2.212236009e+00 5.182763450e+00 4.804983733e-06 7.345297867e+00 6.547021333e-01
3.030060120e+04 4.823010243e+00 5.809746831e+00 4.550004575e-01 2.212238088e+00 5.191977402e+00 4.542223309e-06 7.349142439e+00 6.508575608e-01
3.038076152e+04 4.824896500e+00 5.820473122e+00 4.513307648e-01 2.212240158e+00 5.201188966e+00 4.293482172e-06 7.352966424e+00 6.470335757e-01
3.046092184e+04 4.826770968e+00 5.831184048e+00 4.476865611e-01 2.212242220e+00 5.210398144e+00 4.058120765e-06 7.356769909e+00 6.432300914e-01
3.054108216e+04 4.828633693e+00 5.841879690e+00 4.440677156e-01 2.212244275e+00 5.219604936e+00 3.835375683e-06 7.360552979e+00 6.394470209e-01
3.062124248e+04 4.830484722e+00 5.852560128e+00 4.404740983e-01 2.212246320e+00 5.228809344e+00 3.624764048e-06 7.364315722e+00 6.356842779e-01
3.070140281e+04 4.832324101e+00 5.863225442e+00 4.369055782e-01 2.212248357e+00 5.238011368e+00 3.425477327e-06 7.368058225e+00 6.319417752e-01
3.078156313e+04 4.834151875e+00 5.873875715e+00 4.333620247e-01 2.212250385e+00 5.247211009e+00 3.236830531e-06 7.371780574e+00 6.282194262e-01
3.086172345e+04 4.835968093e+00 5.884511022e+00 4.298433088e-01 2.212252407e+00 5.256408271e+00 3.058568347e-06 7.375482855e+00 6.245171452e-01
3.094188377e+04 4.837772800e+00 5.895131446e+00 4.263492996e-01 2.212254422e+00 5.265603153e+00 2.889914628e-06 7.379165155e+00 6.208348453e-01
3.102204409e+04 4.839566041e+00 5.905737065e+00 4.228798667e-01 2.212256432e+00 5.274795657e+00 2.730261395e-06 7.382827560e+00 6.171724399e-01
3.110220441e+04 4.841347867e+00 5.916327958e+00 4.194348818e-01 2.212258434e+00 5.283985782e+00 2.579396714e-06 7.386470156e+00 6.135298439e-01
3.118236473e+04 4.843118323e+00 5.926904203e+00 4.160142147e-01 2.212260430e+00 5.293173529e+00 2.436712649e-06 7.390093029e+00 6.099069707e-01
3.126252505e+04 4.844877455e+00 5.937465881e+00 4.126177351e-01 2.212262421e+00 5.302358899e+00 2.301663441e-06 7.393696266e+00 6.063037340e-01
3.134268537e+04 4.846625313e+00 5.948013067e+00 4.092453152e-01 2.212264406e+00 5.311541896e+00 2.174012223e-06 7.397279951e+00 6.027200489e-01
3.142284569e+04 4.848361942e+00 5.958545840e+00 4.058968257e-01 2.212266387e+00 5.320722520e+00 2.053335742e-06 7.400844170e+00 5.991558296e-01
3.150300601e+04 4.850087391e+00 5.969064277e+00 4.025721368e-01 2.212268363e+00 5.329900774e+00 1.939139957e-06 7.404389010e+00 5.956109901e-01
3.158316633e+04 4.851801707e+00 5.979568457e+00 3.992711208e-01 2.212270335e+00 5.339076656e+00 1.831177266e-06 7.407914555e+00 5.920854454e-01
3.166332665e+04 4.853504938e+00 5.990058454e+00 3.959936497e-01 2.212272303e+00 5.348250166e+00 1.729166950e-06 7.411420889e+00 5.885791108e-01
3.174348697e+04 4.855197132e+00 6.000534348e+00 3.927395940e-01 2.212274266e+00 5.357421307e+00 1.632669034e-06 7.414908100e+00 5.850919003e-01
3.182364729e+04 4.856878337e+00 6.010996214e+00 3.895088263e-01 2.212276225e+00 5.366590079e+00 1.541429686e-06 7.418376271e+00 5.816237293e-01
3.190380762e+04 4.858548602e+00 6.021444127e+00 3.863012199e-01 2.212278181e+00 5.375756483e+00 1.455262771e-06 7.421825486e+00 5.781745138e-01
3.198396794e+04 4.860207973e+00 6.031878164e+00 3.831166458e-01 2.212280132e+00 5.384920521e+00 1.373784014e-06 7.425255832e+00 5.747441680e-01
3.206412826e+04 4.861856500e+00 6.042298401e+00 3.799549775e-01 2.212282081e+00 5.394082193e+00 1.296782519e-06 7.428667392e+00 5.713326081e-01
3.214428858e+04 4.863494231e+00 6.052704912e+00 3.768160879e-01 2.212284026e+00 5.403241501e+00 1.224017701e-06 7.432060250e+00 5.679397497e-01
3.222444890e+04 4.865121213e+00 6.063097772e+00 3.736998500e-01 2.212285967e+00 5.412398444e+00 1.155253698e-06 7.435434492e+00 5.645655085e-01
3.230460922e+04 4.866737496e+00 6.073477058e+00 3.706061367e-01 2.212287906e+00 5.421553025e+00 1.090231293e-06 7.438790200e+00 5.612098000e-01
3.238476954e+04 4.868343128e+00 6.083842841e+00 3.675348233e-01 2.212289842e+00 5.430705245e+00 1.028831131e-06 7.442127459e+00 5.578725414e-01
3.246492986e+04 4.869938157e+00 6.094195198e+00 3.644857825e-01 2.212291776e+00 5.439855104e+00 9.707952779e-07 7.445446352e+00 5.545536482e-01
3.254509018e+04 4.871522631e+00 6.104534202e+00 3.614588886e-01 2.212293706e+00 5.449002604e+00 9.159442255e-07 7.448746963e+00 5.512530369e-01
3.262525050e+04 4.873096601e+00 6.114859926e+00 3.584540160e-01 2.212295634e+00 5.458147745e+00 8.641011203e-07 7.452029376e+00 5.479706240e-01
3.270541082e+04 4.874660113e+00 6.125172443e+00 3.554710400e-01 2.212297560e+00 5.467290528e+00 8.150781925e-07 7.455293673e+00 5.447063266e-01
3.278557114e+04 4.876213217e+00 6.135471827e+00 3.525098358e-01 2.212299484e+00 5.476430953e+00 7.687619059e-07 7.458539938e+00 5.414600618e-01
3.286573146e+04 4.877755961e+00 6.145758148e+00 3.495702792e-01 2.212301405e+00 5.485569021e+00 7.250366272e-07 7.461768253e+00 5.382317469e-01
3.294589178e+04 4.879288395e+00 6.156031481e+00 3.466522458e-01 2.212303324e+00 5.494704734e+00 6.837365914e-07 7.464978701e+00 5.350212992e-01
3.302605210e+04 4.880810567e+00 6.166291897e+00 3.437556115e-01 2.212305241e+00 5.503838096e+00 6.446990569e-07 7.468171364e+00 5.318286361e-01
3.310621242e+04 4.882322526e+00 6.176539467e+00 3.408802531e-01 2.212307157e+00 5.512969107e+00 6.078526897e-07 7.471346324e+00 5.286536757e-01
3.318637275e+04 4.883824321e+00 6.186774262e+00 3.380260475e-01 2.212309070e+00 5.522097768e+00 5.731024351e-07 7.474503664e+00 5.254963360e-01
3.326653307e+04 4.885316001e+00 6.196996354e+00 3.351928716e-01 2.212310981e+00 5.531224077e+00 5.402950800e-07 7.477643465e+00 5.223565348e-01
3.334669339e+04 4.886797613e+00 6.207205813e+00 3.323806025e-01 2.212312891e+00 5.540348033e+00 5.093242386e-07 7.480765809e+00 5.192341906e-01
3.342685371e+04 4.888269208e+00 6.217402709e+00 3.295891181e-01 2.212314799e+00 5.549469637e+00 4.801120539e-07 7.483870778e+00 5.161292217e-01
3.350701403e+04 4.889730833e+00 6.227587112e+00 3.268182965e-01 2.212316706e+00 5.558588888e+00 4.525712993e-07 7.486958453e+00 5.130415470e-01
3.358717435e+04 4.891182538e+00 6.237759093e+00 3.240680160e-01 2.212318611e+00 5.567705793e+00 4.265778261e-07 7.490028915e+00 5.099710853e-01
3.366733467e+04 4.892624372e+00 6.247918721e+00 3.213381552e-01 2.212320515e+00 5.576820352e+00 4.020555134e-07 7.493082244e+00 5.069177557e-01
3.374749499e+04 4.894056383e+00 6.258066065e+00 3.186285931e-01 2.212322417e+00 5.585932565e+00 3.789239153e-07 7.496118523e+00 5.038814773e-01
3.382765531e+04 4.895478620e+00 6.268201195e+00 3.159392090e-01 2.212324317e+00 5.595042435e+00 3.571043400e-07 7.499137830e+00 5.008621695e-01
3.390781563e+04 4.896891131e+00 6.278324178e+00 3.132698831e-01 2.212326217e+00 5.604149961e+00 3.365196684e-07 7.502140248e+00 4.978597523e-01
3.398797595e+04 4.898293966e+00 6.288435083e+00 3.106204951e-01 2.212328115e+00 5.613255146e+00 3.171008037e-07 7.505125855e+00 4.948741454e-01
3.406813627e+04 4.899687174e+00 6.298533979e+00 3.079909255e-01 2.212330012e+00 5.622357990e+00 2.987818246e-07 7.508094731e+00 4.919052688e-01
3.414829659e+04 4.901070802e+00 6.308620933e+00 3.053810551e-01 2.212331907e+00 5.631458495e+00 2.815005712e-07 7.511046957e+00 4.889530428e-01
3.422845691e+04 4.902444900e+00 6.318696011e+00 3.027907655e-01 2.212333802e+00 5.640556659e+00 2.651974449e-07 7.513982612e+00 4.860173880e-01
3.430861723e+04 4.903809515e+00 6.328759282e+00 3.002199379e-01 2.212335695e+00 5.649652483e+00 2.498197993e-07 7.516901775e+00 4.830982251e-01
3.438877756e+04 4.905164697e+00 6.338810810e+00 2.976684544e-01 2.212337587e+00 5.658745969e+00 2.353182730e-07 7.519804525e+00 4.801954751e-01
3.446893788e+04 4.906510494e+00 6.348850664e+00 2.951361974e-01 2.212339478e+00 5.667837116e+00 2.216418580e-07 7.522690941e+00 4.773090590e-01
3.454909820e+04 4.907846955e+00 6.358878909e+00 2.926230497e-01 2.212341368e+00 5.676925928e+00 2.087396716e-07 7.525561102e+00 4.744388983e-01
3.462925852e+04 4.909174127e+00 6.368895611e+00 2.901288943e-01 2.212343257e+00 5.686012403e+00 1.965743699e-07 7.528415085e+00 4.715849145e-01
3.470941884e+04 4.910492060e+00 6.378900835e+00 2.876536148e-01 2.212345146e+00 5.695096542e+00 1.851080330e-07 7.531252970e+00 4.687470295e-01
3.478957916e+04 4.911800801e+00 6.388894647e+00 2.851970952e-01 2.212347033e+00 5.704178347e+00 1.742944812e-07 7.534074835e+00 4.659251653e-01
3.486973948e+04 4.913100399e+00 6.398877110e+00 2.827592198e-01 2.212348919e+00 5.713257819e+00 1.640957368e-07 7.536880756e+00 4.631192442e-01
3.494989980e+04 4.914390902e+00 6.408848290e+00 2.803398733e-01 2.212350804e+00 5.722334959e+00 1.544834233e-07 7.539670811e+00 4.603291885e-01
3.503006012e+04 4.915672358e+00 6.418808251e+00 2.779389407e-01 2.212352689e+00 5.731409767e+00 1.454278944e-07 7.542445079e+00 4.575549211e-01
3.511022044e+04 4.916944816e+00 6.428757056e+00 2.755563076e-01 2.212354572e+00 5.740482245e+00 1.368970272e-07 7.545203635e+00 4.547963648e-01
3.519038076e+04 4.918208322e+00 6.438694770e+00 2.731918601e-01 2.212356455e+00 5.749552394e+00 1.288500748e-07 7.547946557e+00 4.520534429e-01
3.527054108e+04 4.919462925e+00 6.448621455e+00 2.708454844e-01 2.212358336e+00 5.758620215e+00 1.212682439e-07 7.550673921e+00 4.493260787e-01
3.535070140e+04 4.920708673e+00 6.458537175e+00 2.685170672e-01 2.212360217e+00 5.767685709e+00 1.141271423e-07 7.553385804e+00 4.466141957e-01
3.543086172e+04 4.921945615e+00 6.468441992e+00 2.662064957e-01 2.212362098e+00 5.776748878e+00 1.074044941e-07 7.556082282e+00 4.439177179e-01
3.551102204e+04 4.923173796e+00 6.478335968e+00 2.639136577e-01 2.212363977e+00 5.785809721e+00 1.010654181e-07 7.558763431e+00 4.412365693e-01
3.559118236e+04 4.924393265e+00 6.488219166e+00 2.616384411e-01 2.212365856e+00 5.794868238e+00 9.509387043e-08 7.561429326e+00 4.385706743e-01
3.567134269e+04 4.925604070e+00 6.498091646e+00 2.593807342e-01 2.212367734e+00 5.803924431e+00 8.947022457e-08 7.564080043e+00 4.359199574e-01
3.575150301e+04 4.926806257e+00 6.507953471e+00 2.571404259e-01 2.212369611e+00 5.812978300e+00 8.417607758e-08 7.566715657e+00 4.332843433e-01
3.583166333e+04 4.927999875e+00 6.517804700e+00 2.549174056e-01 2.212371488e+00 5.822029847e+00 7.918933655e-08 7.569336243e+00 4.306637572e-01
3.591182365e+04 4.929184970e+00 6.527645396e+00 2.527115632e-01 2.212373364e+00 5.831079073e+00 7.449088673e-08 7.571941876e+00 4.280581242e-01
3.599198397e+04 4.930361589e+00 6.537475618e+00 2.505227885e-01 2.212375239e+00 5.840125979e+00 7.006681570e-08 7.574532630e+00 4.254673699e-01
3.607214429e+04 4.931529781e+00 6.547295426e+00 2.483509722e-01 2.212377113e+00 5.849170565e+00 6.590232310e-08 7.577108580e+00 4.228914199e-01
3.615230461e+04 4.932689590e+00 6.557104881e+00 2.461960054e-01 2.212378987e+00 5.858212833e+00 6.198235014e-08 7.579669800e+00 4.203302003e-01
3.623246493e+04 4.933841066e+00 6.566904041e+00 2.440577795e-01 2.212380860e+00 5.867252783e+00 5.828881057e-08 7.582216363e+00 4.177836374e-01
3.631262525e+04 4.934984253e+00 6.576692967e+00 2.419361866e-01 2.212382732e+00 5.876290416e+00 5.481159431e-08 7.584748342e+00 4.152516575e-01
3.639278557e+04 4.936119199e+00 6.586471715e+00 2.398311187e-01 2.212384604e+00 5.885325733e+00 5.153897375e-08 7.587265813e+00 4.127341874e-01
3.647294589e+04 4.937245951e+00 6.596240346e+00 2.377424688e-01 2.212386475e+00 5.894358735e+00 4.846025368e-08 7.589768846e+00 4.102311540e-01
3.655310621e+04 4.938364554e+00 6.605998918e+00 2.356701304e-01 2.212388346e+00 5.903389423e+00 4.555344786e-08 7.592257515e+00 4.077424846e-01
3.663326653e+04 4.939475055e+00 6.615747487e+00 2.336139969e-01 2.212390216e+00 5.912417797e+00 4.281470379e-08 7.594731893e+00 4.052681067e-01
3.671342685e+04 4.940577500e+00 6.625486112e+00 2.315739625e-01 2.212392085e+00 5.921443859e+00 4.023572119e-08 7.597192052e+00 4.028079479e-01
3.679358717e+04 4.941671936e+00 6.635214851e+00 2.295499216e-01 2.212393954e+00 5.930467610e+00 3.780834642e-08 7.599638064e+00 4.003619360e-01
3.687374749e+04 4.942758408e+00 6.644933759e+00 2.275417693e-01 2.212395822e+00 5.939489049e+00 3.552533545e-08 7.602070001e+00 3.979299994e-01
3.695390782e+04 4.943836963e+00 6.654642894e+00 2.255494009e-01 2.212397689e+00 5.948508180e+00 3.338035394e-08 7.604487934e+00 3.955120662e-01
3.703406814e+04 4.944907645e+00 6.664342312e+00 2.235727122e-01 2.212399556e+00 5.957525001e+00 3.136797717e-08 7.606891935e+00 3.931080653e-01
3.711422846e+04 4.945970501e+00 6.674032070e+00 2.216116004e-01 2.212401422e+00 5.966539514e+00 2.946048884e-08 7.609282074e+00 3.907179259e-01
3.719438878e+04 4.947025576e+00 6.683712221e+00 2.196659620e-01 2.212403288e+00 5.975551720e+00 2.766304844e-08 7.611658423e+00 3.883415769e-01
3.727454910e+04 4.948072915e+00 6.693382824e+00 2.177356939e-01 2.212405153e+00 5.984561619e+00 2.597175311e-08 7.614021052e+00 3.859789478e-01
3.735470942e+04 4.949112564e+00 6.703043931e+00 2.158206940e-01 2.212407017e+00 5.993569214e+00 2.438180255e-08 7.616370032e+00 3.836299682e-01
3.743486974e+04 4.950144567e+00 6.712695598e+00 2.139208604e-01 2.212408881e+00 6.002574503e+00 2.288907293e-08 7.618705432e+00 3.812945681e-01
3.751503006e+04 4.951168971e+00 6.722337880e+00 2.120360916e-01 2.212410744e+00 6.011577489e+00 2.149011699e-08 7.621027323e+00 3.789726775e-01
3.759519038e+04 4.952185820e+00 6.731970830e+00 2.101662867e-01 2.212412607e+00 6.020578173e+00 2.018216395e-08 7.623335773e+00 3.766642268e-01
3.767535070e+04 4.953195158e+00 6.741594503e+00 2.083113460e-01 2.212414469e+00 6.029576554e+00 1.893929880e-08 7.625630853e+00 3.743691473e-01
3.775551102e+04 4.954197029e+00 6.751208952e+00 2.064711692e-01 2.212416331e+00 6.038572635e+00 1.776886294e-08 7.627912630e+00 3.720873695e-01
3.783567134e+04 4.955191479e+00 6.760814231e+00 2.046456565e-01 2.212418192e+00 6.047566415e+00 1.666899578e-08 7.630181175e+00 3.698188247e-01
3.791583166e+04 4.956178551e+00 6.770410392e+00 2.028347090e-01 2.212420052e+00 6.056557896e+00 1.563651265e-08 7.632436556e+00 3.675634443e-01
3.799599198e+04 4.957158291e+00 6.779997487e+00 2.010382280e-01 2.212421912e+00 6.065547079e+00 1.466866400e-08 7.634678840e+00 3.653211599e-01
3.807615230e+04 4.958130742e+00 6.789575570e+00 1.992561152e-01 2.212423772e+00 6.074533964e+00 1.376313533e-08 7.636908096e+00 3.630919036e-01
3.815631263e+04 4.959095948e+00 6.799144692e+00 1.974882731e-01 2.212425631e+00 6.083518553e+00 1.291804728e-08 7.639124393e+00 3.608756074e-01
3.823647295e+04 4.960053952e+00 6.808704906e+00 1.957346049e-01 2.212427489e+00 6.092500846e+00 1.211574664e-08 7.641327796e+00 3.586722043e-01
3.831663327e+04 4.961004799e+00 6.818256262e+00 1.939950137e-01 2.212429347e+00 6.101480844e+00 1.136101887e-08 7.643518373e+00 3.564816267e-01
3.839679359e+04 4.961948531e+00 6.827798812e+00 1.922694031e-01 2.212431204e+00 6.110458548e+00 1.065261091e-08 7.645696192e+00 3.543038077e-01
3.847695391e+04 4.962885192e+00 6.837332606e+00 1.905576772e-01 2.212433061e+00 6.119433958e+00 9.988243292e-09 7.647861320e+00 3.521386804e-01
3.855711423e+04 4.963814825e+00 6.846857696e+00 1.888597407e-01 2.212434917e+00 6.128407077e+00 9.365905916e-09 7.650013822e+00 3.499861784e-01
3.863727455e+04 4.964737474e+00 6.856374131e+00 1.871754987e-01 2.212436772e+00 6.137377904e+00 8.783858066e-09 7.652153765e+00 3.478462353e-01
3.871743487e+04 4.965653182e+00 6.865881960e+00 1.855048567e-01 2.212438627e+00 6.146346441e+00 8.240628406e-09 7.654281215e+00 3.457187853e-01
3.879759519e+04 4.966561990e+00 6.875381235e+00 1.838477212e-01 2.212440482e+00 6.155312688e+00 7.726130753e-09 7.656396237e+00 3.436037627e-01
3.887775551e+04 4.967463941e+00 6.884872005e+00 1.822039984e-01 2.212442336e+00 6.164276646e+00 7.242516620e-09 7.658498898e+00 3.415011021e-01
3.895791583e+04 4.968359078e+00 6.894354318e+00 1.805735953e-01 2.212444189e+00 6.173238316e+00 6.788796640e-09 7.660589262e+00 3.394107381e-01
3.903807615e+04 4.969247443e+00 6.903828222e+00 1.789564195e-01 2.212446042e+00 6.182197699e+00 6.363394073e-09 7.662667394e+00 3.373326058e-01
3.911823647e+04 4.970129078e+00 6.913293768e+00 1.773523786e-01 2.212447895e+00 6.191154796e+00 5.964909930e-09 7.664733359e+00 3.352666406e-01
3.919839679e+04 4.971004026e+00 6.922751002e+00 1.757613813e-01 2.212449747e+00 6.200109608e+00 5.592122974e-09 7.666787222e+00 3.332127780e-01
3.927855711e+04 4.971872329e+00 6.932199973e+00 1.741833362e-01 2.212451598e+00 6.209062135e+00 5.243989719e-09 7.668829046e+00 3.311709537e-01
3.935871743e+04 4.972734026e+00 6.941640728e+00 1.726181528e-01 2.212453449e+00 6.218012379e+00 4.912269085e-09 7.670858896e+00 3.291411041e-01
3.943887776e+04 4.973589160e+00 6.951073316e+00 1.710657408e-01 2.212455299e+00 6.226960340e+00 4.599573706e-09 7.672876835e+00 3.271231653e-01
3.951903808e+04 4.974437773e+00 6.960497782e+00 1.695260105e-01 2.212457149e+00 6.235906019e+00 4.305523424e-09 7.674882926e+00 3.251170741e-01
3.959919840e+04 4.975279905e+00 6.969914173e+00 1.679988725e-01 2.212458998e+00 6.244849417e+00 4.029159153e-09 7.676877233e+00 3.231227671e-01
3.967935872e+04 4.976115599e+00 6.979322537e+00 1.664842381e-01 2.212460847e+00 6.253790535e+00 3.769659502e-09 7.678859818e+00 3.211401816e-01
3.975951904e+04 4.976944894e+00 6.988722918e+00 1.649820188e-01 2.212462695e+00 6.262729373e+00 3.526340767e-09 7.680830745e+00 3.191692548e-01
3.983967936e+04 4.977767831e+00 6.998115363e+00 1.634921267e-01 2.212464543e+00 6.271665934e+00 3.298656938e-09 7.682790075e+00 3.172099245e-01
3.991983968e+04 4.978584452e+00 7.007499917e+00 1.620144744e-01 2.212466390e+00 6.280600217e+00 3.086199698e-09 7.684737871e+00 3.152621285e-01
4.000000000e+04 4.979394796e+00 7.016876626e+00 1.605489750e-01 2.212468237e+00 6.289532223e+00 2.888255322e-09 7.686674195e+00 3.133258049e-01
