time            HelperCCk       shHelperCCk    
0.000000000e+00 1.500000000e+02 1.500000000e+02
4.328657315e+02 1.499499340e+02 1.496924741e+02
8.657314629e+02 1.498715518e+02 1.493857293e+02
1.298597194e+03 1.497750331e+02 1.490799224e+02
1.731462926e+03 1.496625528e+02 1.487751505e+02
2.164328657e+03 1.495346873e+02 1.484714527e+02
2.597194389e+03 1.493911593e+02 1.481688433e+02
3.030060120e+03 1.492312329e+02 1.478673264e+02
3.462925852e+03 1.490539327e+02 1.475669009e+02
3.895791583e+03 1.488581731e+02 1.472675633e+02
4.328657315e+03 1.486428416e+02 1.469693088e+02
4.761523046e+03 1.484068613e+02 1.466721319e+02
5.194388778e+03 1.481492456e+02 1.463760267e+02
5.627254509e+03 1.478691534e+02 1.460809870e+02
6.060120240e+03 1.475659459e+02 1.457870063e+02
6.492985972e+03 1.472392460e+02 1.454940778e+02
6.925851703e+03 1.468889991e+02 1.452021948e+02
7.358717435e+03 1.465155303e+02 1.449113503e+02
7.791583166e+03 1.461195959e+02 1.446215372e+02
8.224448898e+03 1.457024208e+02 1.443327484e+02
8.657314629e+03 1.452657212e+02 1.440449768e+02
9.090180361e+03 1.448117036e+02 1.437582152e+02
9.523046092e+03 1.443430415e+02 1.434724565e+02
9.955911824e+03 1.438628265e+02 1.431876936e+02
1.038877756e+04 1.433744954e+02 1.429039196e+02
1.082164329e+04 1.428817365e+02 1.426211276e+02
1.125450902e+04 1.423883834e+02 1.423393107e+02
1.168737475e+04 1.418982982e+02 1.420584622e+02
1.212024048e+04 1.414152562e+02 1.417785754e+02
1.255310621e+04 1.409428367e+02 1.414996437e+02
1.298597194e+04 1.404843283e+02 1.412216606e+02
1.341883768e+04 1.400426502e+02 1.409446196e+02
1.385170341e+04 1.396202975e+02 1.406685142e+02
1.428456914e+04 1.392193063e+02 1.403933381e+02
1.471743487e+04 1.388412421e+02 1.401190849e+02
1.515030060e+04 1.384872070e+02 1.398457483e+02
1.558316633e+04 1.381578627e+02 1.395733220e+02
1.601603206e+04 1.378534670e+02 1.393017998e+02
1.644889780e+04 1.375739184e+02 1.390311755e+02
1.688176353e+04 1.373188064e+02 1.387614428e+02
1.731462926e+04 1.370874630e+02 1.384925958e+02
1.774749499e+04 1.368790138e+02 1.382246283e+02
1.818036072e+04 1.366924265e+02 1.379575344e+02
1.861322645e+04 1.365265546e+02 1.376913082e+02
1.904609218e+04 1.363801762e+02 1.374259438e+02
1.947895792e+04 1.362520277e+02 1.371614358e+02
1.991182365e+04 1.361408305e+02 1.368977785e+02
2.034468938e+04 1.360453137e+02 1.366349667e+02
2.077755511e+04 1.359642305e+02 1.363729953e+02
2.121042084e+04 1.358963709e+02 1.361118594e+02
2.164328657e+04 1.358405698e+02 1.358515546e+02
2.207615230e+04 1.357957125e+02 1.355920766e+02
2.250901804e+04 1.357607368e+02 1.353334216e+02
2.294188377e+04 1.357346333e+02 1.350755861e+02
2.337474950e+04 1.357164440e+02 1.348185671e+02
2.380761523e+04 1.357052598e+02 1.345623619e+02
2.424048096e+04 1.357002171e+02 1.343069683e+02
2.467334669e+04 1.357004939e+02 1.340523845e+02
2.510621242e+04 1.357053056e+02 1.337986090e+02
2.553907816e+04 1.357139005e+02 1.335456408e+02
2.597194389e+04 1.357255558e+02 1.332934789e+02
2.640480962e+04 1.357395735e+02 1.330421228e+02
2.683767535e+04 1.357552757e+02 1.327915717e+02
2.727054108e+04 1.357720016e+02 1.325418254e+02
2.770340681e+04 1.357891031e+02 1.322928832e+02
2.813627255e+04 1.358059420e+02 1.320447445e+02
2.856913828e+04 1.358218860e+02 1.317974086e+02
2.900200401e+04 1.358363064e+02 1.315508744e+02
2.943486974e+04 1.358485749e+02 1.313051407e+02
2.986773547e+04 1.358580613e+02 1.310602060e+02
3.030060120e+04 1.358641313e+02 1.308160688e+02
3.073346693e+04 1.358661447e+02 1.305727269e+02
3.116633267e+04 1.358634537e+02 1.303301783e+02
3.159919840e+04 1.358554020e+02 1.300884207e+02
3.203206413e+04 1.358413245e+02 1.298474514e+02
3.246492986e+04 1.358205464e+02 1.296072677e+02
3.289779559e+04 1.357923847e+02 1.293678669e+02
3.333066132e+04 1.357561487e+02 1.291292459e+02
3.376352705e+04 1.357111423e+02 1.288914017e+02
3.419639279e+04 1.356566673e+02 1.286543310e+02
3.462925852e+04 1.355920267e+02 1.284180306e+02
3.506212425e+04 1.355165311e+02 1.281824971e+02
3.549498998e+04 1.354295050e+02 1.279477270e+02
3.592785571e+04 1.353302959e+02 1.277137168e+02
3.636072144e+04 1.352182845e+02 1.274804628e+02
3.679358717e+04 1.350928975e+02 1.272479612e+02
3.722645291e+04 1.349536220e+02 1.270162082e+02
3.765931864e+04 1.348000219e+02 1.267851997e+02
3.809218437e+04 1.346317557e+02 1.265549317e+02
3.852505010e+04 1.344485963e+02 1.263254001e+02
3.895791583e+04 1.342504500e+02 1.260966005e+02
3.939078156e+04 1.340373764e+02 1.258685287e+02
3.982364729e+04 1.338096065e+02 1.256411801e+02
4.025651303e+04 1.335675579e+02 1.254145503e+02
4.068937876e+04 1.333118473e+02 1.251886348e+02
4.112224449e+04 1.330432973e+02 1.249634290e+02
4.155511022e+04 1.327629373e+02 1.247389283e+02
4.198797595e+04 1.324719985e+02 1.245151281e+02
4.242084168e+04 1.321719006e+02 1.242920239e+02
4.285370741e+04 1.318642325e+02 1.240696111e+02
4.328657315e+04 1.315507251e+02 1.238478852e+02
4.371943888e+04 1.312332190e+02 1.236268417e+02
4.415230461e+04 1.309136278e+02 1.234064763e+02
4.458517034e+04 1.305938972e+02 1.231867844e+02
4.501803607e+04 1.302759643e+02 1.229677617e+02
4.545090180e+04 1.299617173e+02 1.227494041e+02
4.588376754e+04 1.296529566e+02 1.225317071e+02
4.631663327e+04 1.293513617e+02 1.223146667e+02
4.674949900e+04 1.290584616e+02 1.220982786e+02
4.718236473e+04 1.287756129e+02 1.218825389e+02
4.761523046e+04 1.285039831e+02 1.216674433e+02
4.804809619e+04 1.282445414e+02 1.214529880e+02
4.848096192e+04 1.279980557e+02 1.212391690e+02
4.891382766e+04 1.277650951e+02 1.210259824e+02
4.934669339e+04 1.275460375e+02 1.208134244e+02
4.977955912e+04 1.273410809e+02 1.206014912e+02
5.021242485e+04 1.271502587e+02 1.203901791e+02
5.064529058e+04 1.269734554e+02 1.201794845e+02
5.107815631e+04 1.268104253e+02 1.199694038e+02
5.151102204e+04 1.266608101e+02 1.197599335e+02
5.194388778e+04 1.265241570e+02 1.195510704e+02
5.237675351e+04 1.263999356e+02 1.193428112e+02
5.280961924e+04 1.262875537e+02 1.191351528e+02
5.324248497e+04 1.261863718e+02 1.189280922e+02
5.367535070e+04 1.260957150e+02 1.187216265e+02
5.410821643e+04 1.260148846e+02 1.185157532e+02
5.454108216e+04 1.259431666e+02 1.183104697e+02
5.497394790e+04 1.258798392e+02 1.181057737e+02
5.540681363e+04 1.258241790e+02 1.179016631e+02
5.583967936e+04 1.257754650e+02 1.176981360e+02
5.627254509e+04 1.257329822e+02 1.174951906e+02
5.670541082e+04 1.256960237e+02 1.172928254e+02
5.713827655e+04 1.256638918e+02 1.170910391e+02
5.757114228e+04 1.256358987e+02 1.168898304e+02
5.800400802e+04 1.256113664e+02 1.166891983e+02
5.843687375e+04 1.255896261e+02 1.164891418e+02
5.886973948e+04 1.255700175e+02 1.162896602e+02
5.930260521e+04 1.255518871e+02 1.160907526e+02
5.973547094e+04 1.255345878e+02 1.158924184e+02
6.016833667e+04 1.255174765e+02 1.156946568e+02
6.060120240e+04 1.254999133e+02 1.154974672e+02
6.103406814e+04 1.254812599e+02 1.153008486e+02
6.146693387e+04 1.254608783e+02 1.151048004e+02
6.189979960e+04 1.254381300e+02 1.149093215e+02
6.233266533e+04 1.254123743e+02 1.147144109e+02
6.276553106e+04 1.253829687e+02 1.145200674e+02
6.319839679e+04 1.253492678e+02 1.143262899e+02
6.363126253e+04 1.253106242e+02 1.141330769e+02
6.406412826e+04 1.252663885e+02 1.139404270e+02
6.449699399e+04 1.252159109e+02 1.137483386e+02
6.492985972e+04 1.251585430e+02 1.135568099e+02
6.536272545e+04 1.250936405e+02 1.133658393e+02
6.579559118e+04 1.250205664e+02 1.131754248e+02
6.622845691e+04 1.249386954e+02 1.129855644e+02
6.666132265e+04 1.248474195e+02 1.127962561e+02
6.709418838e+04 1.247461538e+02 1.126074977e+02
6.752705411e+04 1.246343443e+02 1.124192871e+02
6.795991984e+04 1.245114759e+02 1.122316219e+02
6.839278557e+04 1.243770828e+02 1.120444998e+02
6.882565130e+04 1.242307579e+02 1.118579183e+02
6.925851703e+04 1.240721650e+02 1.116718750e+02
6.969138277e+04 1.239010502e+02 1.114863673e+02
7.012424850e+04 1.237172543e+02 1.113013926e+02
7.055711423e+04 1.235207248e+02 1.111169482e+02
7.098997996e+04 1.233115274e+02 1.109330314e+02
7.142284569e+04 1.230898562e+02 1.107496394e+02
7.185571142e+04 1.228560424e+02 1.105667694e+02
7.228857715e+04 1.226105601e+02 1.103844185e+02
7.272144289e+04 1.223540301e+02 1.102025839e+02
7.315430862e+04 1.220872192e+02 1.100212626e+02
7.358717435e+04 1.218110361e+02 1.098404519e+02
7.402004008e+04 1.215265236e+02 1.096601487e+02
7.445290581e+04 1.212348458e+02 1.094803501e+02
7.488577154e+04 1.209372720e+02 1.093010533e+02
7.531863727e+04 1.206351569e+02 1.091222554e+02
7.575150301e+04 1.203299177e+02 1.089439535e+02
7.618436874e+04 1.200230094e+02 1.087661448e+02
7.661723447e+04 1.197158983e+02 1.085888265e+02
7.705010020e+04 1.194100358e+02 1.084119958e+02
7.748296593e+04 1.191068327e+02 1.082356499e+02
7.791583166e+04 1.188076350e+02 1.080597863e+02
7.834869739e+04 1.185137024e+02 1.078844020e+02
7.878156313e+04 1.182261898e+02 1.077094947e+02
7.921442886e+04 1.179461326e+02 1.075350616e+02
7.964729459e+04 1.176744349e+02 1.073611002e+02
8.008016032e+04 1.174118632e+02 1.071876080e+02
8.051302605e+04 1.171590423e+02 1.070145826e+02
8.094589178e+04 1.169164556e+02 1.068420215e+02
8.137875752e+04 1.166844478e+02 1.066699224e+02
8.181162325e+04 1.164632314e+02 1.064982830e+02
8.224448898e+04 1.162528935e+02 1.063271011e+02
8.267735471e+04 1.160534061e+02 1.061563745e+02
8.311022044e+04 1.158646359e+02 1.059861010e+02
8.354308617e+04 1.156863558e+02 1.058162787e+02
8.397595190e+04 1.155182555e+02 1.056469057e+02
8.440881764e+04 1.153599534e+02 1.054779799e+02
8.484168337e+04 1.152110062e+02 1.053094997e+02
8.527454910e+04 1.150709196e+02 1.051414633e+02
8.570741483e+04 1.149391569e+02 1.049738690e+02
8.614028056e+04 1.148151473e+02 1.048067154e+02
8.657314629e+04 1.146982933e+02 1.046400010e+02
8.700601202e+04 1.145879765e+02 1.044737245e+02
8.743887776e+04 1.144835637e+02 1.043078844e+02
8.787174349e+04 1.143844105e+02 1.041424797e+02
8.830460922e+04 1.142898656e+02 1.039775091e+02
8.873747495e+04 1.141992734e+02 1.038129717e+02
8.917034068e+04 1.141119768e+02 1.036488663e+02
8.960320641e+04 1.140273185e+02 1.034851919e+02
9.003607214e+04 1.139446426e+02 1.033219477e+02
9.046893788e+04 1.138632961e+02 1.031591326e+02
9.090180361e+04 1.137826291e+02 1.029967458e+02
9.133466934e+04 1.137019959e+02 1.028347864e+02
9.176753507e+04 1.136207554e+02 1.026732533e+02
9.220040080e+04 1.135382720e+02 1.025121456e+02
9.263326653e+04 1.134539163e+02 1.023514624e+02
9.306613226e+04 1.133670657e+02 1.021912027e+02
9.349899800e+04 1.132771059e+02 1.020313653e+02
9.393186373e+04 1.131834323e+02 1.018719493e+02
9.436472946e+04 1.130854513e+02 1.017129535e+02
9.479759519e+04 1.129825832e+02 1.015543766e+02
9.523046092e+04 1.128742646e+02 1.013962176e+02
9.566332665e+04 1.127599512e+02 1.012384751e+02
9.609619238e+04 1.126391220e+02 1.010811478e+02
9.652905812e+04 1.125112831e+02 1.009242343e+02
9.696192385e+04 1.123759729e+02 1.007677333e+02
9.739478958e+04 1.122327667e+02 1.006116433e+02
9.782765531e+04 1.120812832e+02 1.004559629e+02
9.826052104e+04 1.119211901e+02 1.003006905e+02
9.869338677e+04 1.117522103e+02 1.001458245e+02
9.912625251e+04 1.115741293e+02 9.999136345e+01
9.955911824e+04 1.113868009e+02 9.983730558e+01
9.999198397e+04 1.111901538e+02 9.968364927e+01
1.004248497e+05 1.109841977e+02 9.953039284e+01
1.008577154e+05 1.107690285e+02 9.937753457e+01
1.012905812e+05 1.105448322e+02 9.922507269e+01
1.017234469e+05 1.103118883e+02 9.907300546e+01
1.021563126e+05 1.100705715e+02 9.892133108e+01
1.025891784e+05 1.098213512e+02 9.877004774e+01
1.030220441e+05 1.095647899e+02 9.861915365e+01
1.034549098e+05 1.093015394e+02 9.846864696e+01
1.038877756e+05 1.090323344e+02 9.831852586e+01
1.043206413e+05 1.087579848e+02 9.816878852e+01
1.047535070e+05 1.084793657e+02 9.801943310e+01
1.051863727e+05 1.081974060e+02 9.787045778e+01
1.056192385e+05 1.079130753e+02 9.772186074e+01
1.060521042e+05 1.076273696e+02 9.757364018e+01
1.064849699e+05 1.073412970e+02 9.742579430e+01
1.069178357e+05 1.070558623e+02 9.727832131e+01
1.073507014e+05 1.067720527e+02 9.713121945e+01
1.077835671e+05 1.064908231e+02 9.698448697e+01
1.082164329e+05 1.062130835e+02 9.683812215e+01
1.086492986e+05 1.059396867e+02 9.669212327e+01
1.090821643e+05 1.056714184e+02 9.654648866e+01
1.095150301e+05 1.054089891e+02 9.640121664e+01
1.099478958e+05 1.051530269e+02 9.625630559e+01
1.103807615e+05 1.049040738e+02 9.611175391e+01
1.108136273e+05 1.046625824e+02 9.596755999e+01
1.112464930e+05 1.044289158e+02 9.582372231e+01
1.116793587e+05 1.042033477e+02 9.568023934e+01
1.121122244e+05 1.039860651e+02 9.553710958e+01
1.125450902e+05 1.037771716e+02 9.539433160e+01
1.129779559e+05 1.035766920e+02 9.525190395e+01
1.134108216e+05 1.033845774e+02 9.510982527e+01
1.138436874e+05 1.032007113e+02 9.496809420e+01
1.142765531e+05 1.030249152e+02 9.482670943e+01
1.147094188e+05 1.028569554e+02 9.468566969e+01
1.151422846e+05 1.026965488e+02 9.454497373e+01
1.155751503e+05 1.025433692e+02 9.440462037e+01
1.160080160e+05 1.023970531e+02 9.426460843e+01
1.164408818e+05 1.022572052e+02 9.412493679e+01
1.168737475e+05 1.021234035e+02 9.398560437e+01
1.173066132e+05 1.019952039e+02 9.384661010e+01
1.177394790e+05 1.018721448e+02 9.370795296e+01
1.181723447e+05 1.017537504e+02 9.356963196e+01
1.186052104e+05 1.016395346e+02 9.343164612e+01
1.190380762e+05 1.015290039e+02 9.329399450e+01
1.194709419e+05 1.014216597e+02 9.315667617e+01
1.199038076e+05 1.013170013e+02 9.301969022e+01
1.203366733e+05 1.012145274e+02 9.288303577e+01
1.207695391e+05 1.011137382e+02 9.274671192e+01
1.212024048e+05 1.010141373e+02 9.261071780e+01
1.216352705e+05 1.009152328e+02 9.247505252e+01
1.220681363e+05 1.008165390e+02 9.233971522e+01
1.225010020e+05 1.007175776e+02 9.220470501e+01
1.229338677e+05 1.006178795e+02 9.207002101e+01
1.233667335e+05 1.005169858e+02 9.193566232e+01
1.237995992e+05 1.004144494e+02 9.180162805e+01
1.242324649e+05 1.003098366e+02 9.166791728e+01
1.246653307e+05 1.002027289e+02 9.153452907e+01
1.250981964e+05 1.000927245e+02 9.140146250e+01
1.255310621e+05 9.997944058e+01 9.126871660e+01
1.259639279e+05 9.986251514e+01 9.113629039e+01
1.263967936e+05 9.974160948e+01 9.100418290e+01
1.268296593e+05 9.961641050e+01 9.087239311e+01
1.272625251e+05 9.948663322e+01 9.074092001e+01
1.276953908e+05 9.935202345e+01 9.060976255e+01
1.281282565e+05 9.921236043e+01 9.047891968e+01
1.285611222e+05 9.906745961e+01 9.034839034e+01
1.289939880e+05 9.891717525e+01 9.021817344e+01
1.294268537e+05 9.876140307e+01 9.008826788e+01
1.298597194e+05 9.860008254e+01 8.995867255e+01
1.302925852e+05 9.843319926e+01 8.982938633e+01
1.307254509e+05 9.826078660e+01 8.970040809e+01
1.311583166e+05 9.808292725e+01 8.957173667e+01
1.315911824e+05 9.789975417e+01 8.944337092e+01
1.320240481e+05 9.771145100e+01 8.931530967e+01
1.324569138e+05 9.751825178e+01 8.918755176e+01
1.328897796e+05 9.732044013e+01 8.906009601e+01
1.333226453e+05 9.711834757e+01 8.893294124e+01
1.337555110e+05 9.691235119e+01 8.880608625e+01
1.341883768e+05 9.670287048e+01 8.867952987e+01
1.346212425e+05 9.649036335e+01 8.855327090e+01
1.350541082e+05 9.627532182e+01 8.842730816e+01
1.354869739e+05 9.605826686e+01 8.830164046e+01
1.359198397e+05 9.583974255e+01 8.817626662e+01
1.363527054e+05 9.562031013e+01 8.805118547e+01
1.367855711e+05 9.540054151e+01 8.792639582e+01
1.372184369e+05 9.518101283e+01 8.780189650e+01
1.376513026e+05 9.496229775e+01 8.767768637e+01
1.380841683e+05 9.474496101e+01 8.755376427e+01
1.385170341e+05 9.452955218e+01 8.743012905e+01
1.389498998e+05 9.431659983e+01 8.730677958e+01
1.393827655e+05 9.410660606e+01 8.718371474e+01
1.398156313e+05 9.390004172e+01 8.706093341e+01
1.402484970e+05 9.369734217e+01 8.693843449e+01
1.406813627e+05 9.349890382e+01 8.681621690e+01
1.411142285e+05 9.330508131e+01 8.669427956e+01
1.415470942e+05 9.311618542e+01 8.657262141e+01
1.419799599e+05 9.293248180e+01 8.645124139e+01
1.424128257e+05 9.275419023e+01 8.633013848e+01
1.428456914e+05 9.258148463e+01 8.620931166e+01
1.432785571e+05 9.241449361e+01 8.608875991e+01
1.437114228e+05 9.225330159e+01 8.596848225e+01
1.441442886e+05 9.209795028e+01 8.584847771e+01
1.445771543e+05 9.194844061e+01 8.572874532e+01
1.450100200e+05 9.180473497e+01 8.560928415e+01
1.454428858e+05 9.166675960e+01 8.549009327e+01
1.458757515e+05 9.153440728e+01 8.537117177e+01
1.463086172e+05 9.140753994e+01 8.525251875e+01
1.467414830e+05 9.128599151e+01 8.513413334e+01
1.471743487e+05 9.116957064e+01 8.501601466e+01
1.476072144e+05 9.105806340e+01 8.489816188e+01
1.480400802e+05 9.095123597e+01 8.478057416e+01
1.484729459e+05 9.084883713e+01 8.466325068e+01
1.489058116e+05 9.075060072e+01 8.454619063e+01
1.493386774e+05 9.065624791e+01 8.442939321e+01
1.497715431e+05 9.056548934e+01 8.431285765e+01
1.502044088e+05 9.047802713e+01 8.419658318e+01
1.506372745e+05 9.039355671e+01 8.408056902e+01
1.510701403e+05 9.031176858e+01 8.396481443e+01
1.515030060e+05 9.023234987e+01 8.384931866e+01
1.519358717e+05 9.015498585e+01 8.373408098e+01
1.523687375e+05 9.007936124e+01 8.361910065e+01
1.528016032e+05 9.000516155e+01 8.350437693e+01
1.532344689e+05 8.993207420e+01 8.338990911e+01
1.536673347e+05 8.985978972e+01 8.327569646e+01
1.541002004e+05 8.978800276e+01 8.316173827e+01
1.545330661e+05 8.971641318e+01 8.304803380e+01
1.549659319e+05 8.964472700e+01 8.293458234e+01
1.553987976e+05 8.957265745e+01 8.282138316e+01
1.558316633e+05 8.949992594e+01 8.270843555e+01
1.562645291e+05 8.942626305e+01 8.259573877e+01
1.566973948e+05 8.935140953e+01 8.248329210e+01
1.571302605e+05 8.927511734e+01 8.237109480e+01
1.575631263e+05 8.919715066e+01 8.225914614e+01
1.579959920e+05 8.911728700e+01 8.214744538e+01
1.584288577e+05 8.903531821e+01 8.203599177e+01
1.588617234e+05 8.895105163e+01 8.192478457e+01
1.592945892e+05 8.886431116e+01 8.181382302e+01
1.597274549e+05 8.877493836e+01 8.170310636e+01
1.601603206e+05 8.868279354e+01 8.159263384e+01
1.605931864e+05 8.858775681e+01 8.148240468e+01
1.610260521e+05 8.848972911e+01 8.137241812e+01
1.614589178e+05 8.838863309e+01 8.126267338e+01
1.618917836e+05 8.828441409e+01 8.115316968e+01
1.623246493e+05 8.817704085e+01 8.104390624e+01
1.627575150e+05 8.806650609e+01 8.093488228e+01
1.631903808e+05 8.795282711e+01 8.082609701e+01
1.636232465e+05 8.783604607e+01 8.071754963e+01
1.640561122e+05 8.771623014e+01 8.060923935e+01
1.644889780e+05 8.759347140e+01 8.050116537e+01
1.649218437e+05 8.746788661e+01 8.039332691e+01
1.653547094e+05 8.733961657e+01 8.028572316e+01
1.657875752e+05 8.720882545e+01 8.017835332e+01
1.662204409e+05 8.707569972e+01 8.007121659e+01
1.666533066e+05 8.694044688e+01 7.996431218e+01
1.670861723e+05 8.680329393e+01 7.985763929e+01
1.675190381e+05 8.666448558e+01 7.975119711e+01
1.679519038e+05 8.652428235e+01 7.964498486e+01
1.683847695e+05 8.638295838e+01 7.953900173e+01
1.688176353e+05 8.624079905e+01 7.943324695e+01
1.692505010e+05 8.609809857e+01 7.932771971e+01
1.696833667e+05 8.595515732e+01 7.922241924e+01
1.701162325e+05 8.581227928e+01 7.911734476e+01
1.705490982e+05 8.566976934e+01 7.901249548e+01
1.709819639e+05 8.552793060e+01 7.890787062e+01
1.714148297e+05 8.538706182e+01 7.880346943e+01
1.718476954e+05 8.524745484e+01 7.869929114e+01
1.722805611e+05 8.510939224e+01 7.859533498e+01
1.727134269e+05 8.497314503e+01 7.849160020e+01
1.731462926e+05 8.483897063e+01 7.838808605e+01
1.735791583e+05 8.470711099e+01 7.828479180e+01
1.740120240e+05 8.457779095e+01 7.818171669e+01
1.744448898e+05 8.445121685e+01 7.807886000e+01
1.748777555e+05 8.432757536e+01 7.797622100e+01
1.753106212e+05 8.420703261e+01 7.787379898e+01
1.757434870e+05 8.408973343e+01 7.777159322e+01
1.761763527e+05 8.397580105e+01 7.766960302e+01
1.766092184e+05 8.386533677e+01 7.756782767e+01
1.770420842e+05 8.375842008e+01 7.746626648e+01
1.774749499e+05 8.365510880e+01 7.736491877e+01
1.779078156e+05 8.355543954e+01 7.726378386e+01
1.783406814e+05 8.345942817e+01 7.716286108e+01
1.787735471e+05 8.336707060e+01 7.706214975e+01
1.792064128e+05 8.327834353e+01 7.696164923e+01
1.796392786e+05 8.319320542e+01 7.686135886e+01
1.800721443e+05 8.311159741e+01 7.676127799e+01
1.805050100e+05 8.303344445e+01 7.666140599e+01
1.809378758e+05 8.295865634e+01 7.656174223e+01
1.813707415e+05 8.288712889e+01 7.646228608e+01
1.818036072e+05 8.281874501e+01 7.636303692e+01
1.822364729e+05 8.275337590e+01 7.626399413e+01
1.826693387e+05 8.269088215e+01 7.616515712e+01
1.831022044e+05 8.263111484e+01 7.606652527e+01
1.835350701e+05 8.257391662e+01 7.596809800e+01
1.839679359e+05 8.251912278e+01 7.586987470e+01
1.844008016e+05 8.246656226e+01 7.577185480e+01
1.848336673e+05 8.241605859e+01 7.567403771e+01
1.852665331e+05 8.236743086e+01 7.557642285e+01
1.856993988e+05 8.232049459e+01 7.547900965e+01
1.861322645e+05 8.227506263e+01 7.538179753e+01
1.865651303e+05 8.223094591e+01 7.528478593e+01
1.869979960e+05 8.218795427e+01 7.518797429e+01
1.874308617e+05 8.214589721e+01 7.509136203e+01
1.878637275e+05 8.210458458e+01 7.499494860e+01
1.882965932e+05 8.206382730e+01 7.489873344e+01
1.887294589e+05 8.202343805e+01 7.480271600e+01
1.891623246e+05 8.198323185e+01 7.470689572e+01
1.895951904e+05 8.194302676e+01 7.461127204e+01
1.900280561e+05 8.190264448e+01 7.451584441e+01
1.904609218e+05 8.186191098e+01 7.442061227e+01
1.908937876e+05 8.182065706e+01 7.432557509e+01
1.913266533e+05 8.177871901e+01 7.423073229e+01
1.917595190e+05 8.173593912e+01 7.413608334e+01
1.921923848e+05 8.169216636e+01 7.404162767e+01
1.926252505e+05 8.164725688e+01 7.394736474e+01
1.930581162e+05 8.160107464e+01 7.385329399e+01
1.934909820e+05 8.155349193e+01 7.375941487e+01
1.939238477e+05 8.150439004e+01 7.366572683e+01
1.943567134e+05 8.145365970e+01 7.357222931e+01
1.947895792e+05 8.140120162e+01 7.347892176e+01
1.952224449e+05 8.134692706e+01 7.338580363e+01
1.956553106e+05 8.129075828e+01 7.329287435e+01
1.960881764e+05 8.123262905e+01 7.320013338e+01
1.965210421e+05 8.117248502e+01 7.310758016e+01
1.969539078e+05 8.111028410e+01 7.301521413e+01
1.973867735e+05 8.104599685e+01 7.292303474e+01
1.978196393e+05 8.097960670e+01 7.283104142e+01
1.982525050e+05 8.091111019e+01 7.273923363e+01
1.986853707e+05 8.084051711e+01 7.264761081e+01
1.991182365e+05 8.076785055e+01 7.255617240e+01
1.995511022e+05 8.069314692e+01 7.246491784e+01
1.999839679e+05 8.061645580e+01 7.237384659e+01
2.004168337e+05 8.053783976e+01 7.228295807e+01
2.008496994e+05 8.045737407e+01 7.219225175e+01
2.012825651e+05 8.037514631e+01 7.210172707e+01
2.017154309e+05 8.029125589e+01 7.201138347e+01
2.021482966e+05 8.020581335e+01 7.192122040e+01
2.025811623e+05 8.011893997e+01 7.183123731e+01
2.030140281e+05 8.003076666e+01 7.174143366e+01
2.034468938e+05 7.994143329e+01 7.165180889e+01
2.038797595e+05 7.985108768e+01 7.156236247e+01
2.043126253e+05 7.975988466e+01 7.147309384e+01
2.047454910e+05 7.966798492e+01 7.138400246e+01
2.051783567e+05 7.957555386e+01 7.129508779e+01
2.056112224e+05 7.948276038e+01 7.120634931e+01
2.060440882e+05 7.938977586e+01 7.111778646e+01
2.064769539e+05 7.929677281e+01 7.102939871e+01
2.069098196e+05 7.920392373e+01 7.094118554e+01
2.073426854e+05 7.911139980e+01 7.085314642e+01
2.077755511e+05 7.901936976e+01 7.076528081e+01
2.082084168e+05 7.892799876e+01 7.067758820e+01
2.086412826e+05 7.883744727e+01 7.059006806e+01
2.090741483e+05 7.874787002e+01 7.050271988e+01
2.095070140e+05 7.865941503e+01 7.041554314e+01
2.099398798e+05 7.857222279e+01 7.032853733e+01
2.103727455e+05 7.848642527e+01 7.024170195e+01
2.108056112e+05 7.840214539e+01 7.015503647e+01
2.112384770e+05 7.831949630e+01 7.006854040e+01
2.116713427e+05 7.823858085e+01 6.998221325e+01
2.121042084e+05 7.815949116e+01 6.989605451e+01
2.125370741e+05 7.808230828e+01 6.981006369e+01
2.129699399e+05 7.800710190e+01 6.972424029e+01
2.134028056e+05 7.793393024e+01 6.963858384e+01
2.138356713e+05 7.786284001e+01 6.955309385e+01
2.142685371e+05 7.779386639e+01 6.946776983e+01
2.147014028e+05 7.772703314e+01 6.938261131e+01
2.151342685e+05 7.766235272e+01 6.929761782e+01
2.155671343e+05 7.759982662e+01 6.921278888e+01
2.160000000e+05 7.753944555e+01 6.912812402e+01
