time            Cj              Ck              shCj            shCk            Br              shBr           
0.000000000e+00 1.000000000e+01 1.000000000e-05 0.000000000e+00 0.000000000e+00 1.000000000e+01 1.000000000e+01
1.442885772e+01 7.342731214e+00 1.749774778e-03 1.492302199e-08 1.630673012e-03 9.993451018e+00 9.999999517e+00
2.885771543e+01 6.823199806e+00 3.369337083e-03 1.905535602e-07 2.862188095e-03 9.976603670e+00 9.999996611e+00
4.328657315e+01 6.423138199e+00 5.129038966e-03 8.034399811e-07 3.871280745e-03 9.951974057e+00 9.999989729e+00
5.771543086e+01 6.111579582e+00 7.235589440e-03 2.157302745e-06 4.724439616e-03 9.921442937e+00 9.999977894e+00
7.214428858e+01 5.868861633e+00 9.887052374e-03 4.528791629e-06 5.463837165e-03 9.886465321e+00 9.999960515e+00
8.657314629e+01 5.679720375e+00 1.325690880e-02 8.143336675e-06 6.117064996e-03 9.848162106e+00 9.999937262e+00
1.010020040e+02 5.532292678e+00 1.748618037e-02 1.316692731e-05 6.702621276e-03 9.807393348e+00 9.999907984e+00
1.154308617e+02 5.417355625e+00 2.268113051e-02 1.970649619e-05 7.233226846e-03 9.764816410e+00 9.999872656e+00
1.298597194e+02 5.327736828e+00 2.891438388e-02 2.781483094e-05 7.717870320e-03 9.720931725e+00 9.999831339e+00
1.442885772e+02 5.257856500e+00 3.622801695e-02 3.749768127e-05 8.163091263e-03 9.676118666e+00 9.999784153e+00
1.587174349e+02 5.203373280e+00 4.463760103e-02 4.872159966e-05 8.573794540e-03 9.630663419e+00 9.999731259e+00
1.731462926e+02 5.160907872e+00 5.413661487e-02 6.142177054e-05 8.953776038e-03 9.584780725e+00 9.999672845e+00
1.875751503e+02 5.127829828e+00 6.470075190e-02 7.550924714e-05 9.306063102e-03 9.538630623e+00 9.999609118e+00
2.020040080e+02 5.102090761e+00 7.629194284e-02 9.087743706e-05 9.633139794e-03 9.492331451e+00 9.999540293e+00
2.164328657e+02 5.082095534e+00 8.886191899e-02 1.074076736e-04 9.937095774e-03 9.445969819e+00 9.999466591e+00
2.308617234e+02 5.066601595e+00 1.023553043e-01 1.249739209e-04 1.021972658e-02 9.399608327e+00 9.999388236e+00
2.452905812e+02 5.054640961e+00 1.167121934e-01 1.434466110e-04 1.048260262e-02 9.353291454e+00 9.999305448e+00
2.597194389e+02 5.045459369e+00 1.318702794e-01 1.626957496e-04 1.072711701e-02 9.307050089e+00 9.999218446e+00
2.741482966e+02 5.038468918e+00 1.477665470e-01 1.825933335e-04 1.095451910e-02 9.260905007e+00 9.999127442e+00
2.885771543e+02 5.033211366e+00 1.643385897e-01 2.030152013e-04 1.116593920e-02 9.214869497e+00 9.999032644e+00
3.030060120e+02 5.029329460e+00 1.815256370e-01 2.238424560e-04 1.136240757e-02 9.168951380e+00 9.998934251e+00
3.174348697e+02 5.026544389e+00 1.992692389e-01 2.449623477e-04 1.154486683e-02 9.123154541e+00 9.998832457e+00
3.318637275e+02 5.024638545e+00 2.175138077e-01 2.662690389e-04 1.171418552e-02 9.077480072e+00 9.998727449e+00
3.462925852e+02 5.023442249e+00 2.362069743e-01 2.876639847e-04 1.187116468e-02 9.031927136e+00 9.998619405e+00
3.607214429e+02 5.022822806e+00 2.552997150e-01 3.090560916e-04 1.201654709e-02 8.986493625e+00 9.998508497e+00
3.751503006e+02 5.022676429e+00 2.747464595e-01 3.303617779e-04 1.215102185e-02 8.941176630e+00 9.998394889e+00
3.895791583e+02 5.022921976e+00 2.945050628e-01 3.515048206e-04 1.227522971e-02 8.895972796e+00 9.998278737e+00
4.040080160e+02 5.023495831e+00 3.145367662e-01 3.724163524e-04 1.238976937e-02 8.850878581e+00 9.998160192e+00
4.184368737e+02 5.024348067e+00 3.348060169e-01 3.930343761e-04 1.249519934e-02 8.805890429e+00 9.998039397e+00
4.328657315e+02 5.025439366e+00 3.552803535e-01 4.133036761e-04 1.259204388e-02 8.761004905e+00 9.997916488e+00
4.472945892e+02 5.026738857e+00 3.759302552e-01 4.331753473e-04 1.268079154e-02 8.716218779e+00 9.997791597e+00
4.617234469e+02 5.028222001e+00 3.967288743e-01 4.526064964e-04 1.276190328e-02 8.671529074e+00 9.997664846e+00
4.761523046e+02 5.029869454e+00 4.176519161e-01 4.715597724e-04 1.283581047e-02 8.626933101e+00 9.997536356e+00
4.905811623e+02 5.031665678e+00 4.386774537e-01 4.900033058e-04 1.290292048e-02 8.582428480e+00 9.997406238e+00
5.050100200e+02 5.033598291e+00 4.597856499e-01 5.079098672e-04 1.296361596e-02 8.538013128e+00 9.997274601e+00
5.194388778e+02 5.035657283e+00 4.809587067e-01 5.252569616e-04 1.301825782e-02 8.493685271e+00 9.997141546e+00
5.338677355e+02 5.037834512e+00 5.021805869e-01 5.420261898e-04 1.306718686e-02 8.449443418e+00 9.997007172e+00
5.482965932e+02 5.040123327e+00 5.234369000e-01 5.582029815e-04 1.311072435e-02 8.405286355e+00 9.996871572e+00
5.627254509e+02 5.042518179e+00 5.447146933e-01 5.737763151e-04 1.314917574e-02 8.361213122e+00 9.996734834e+00
5.771543086e+02 5.045014498e+00 5.660026489e-01 5.887385594e-04 1.318282289e-02 8.317223011e+00 9.996597041e+00
5.915831663e+02 5.047608291e+00 5.872902302e-01 6.030847183e-04 1.321194259e-02 8.273315514e+00 9.996458275e+00
6.060120240e+02 5.050296244e+00 6.085682849e-01 6.168125838e-04 1.323678961e-02 8.229490335e+00 9.996318613e+00
6.204408818e+02 5.053075394e+00 6.298286024e-01 6.299223947e-04 1.325760729e-02 8.185747363e+00 9.996178126e+00
6.348697395e+02 5.055943109e+00 6.510638417e-01 6.424165227e-04 1.327462662e-02 8.142086648e+00 9.996036884e+00
6.492985972e+02 5.058897087e+00 6.722674918e-01 6.542992284e-04 1.328806504e-02 8.098508393e+00 9.995894953e+00
6.637274549e+02 5.061935230e+00 6.934337436e-01 6.655764954e-04 1.329812920e-02 8.055012935e+00 9.995752395e+00
6.781563126e+02 5.065055577e+00 7.145574512e-01 6.762558627e-04 1.330501488e-02 8.011600729e+00 9.995609270e+00
6.925851703e+02 5.068256284e+00 7.356340273e-01 6.863462169e-04 1.330890833e-02 7.968272341e+00 9.995465634e+00
7.070140281e+02 5.071535663e+00 7.566594217e-01 6.958575982e-04 1.330998528e-02 7.925028428e+00 9.995321542e+00
7.214428858e+02 5.074892136e+00 7.776300454e-01 7.048010656e-04 1.330841228e-02 7.881869734e+00 9.995177045e+00
7.358717435e+02 5.078324119e+00 7.985427325e-01 7.131885491e-04 1.330434742e-02 7.838797075e+00 9.995032190e+00
7.503006012e+02 5.081830106e+00 8.193946603e-01 7.210327927e-04 1.329794156e-02 7.795811336e+00 9.994887025e+00
7.647294589e+02 5.085408688e+00 8.401833713e-01 7.283471034e-04 1.328933633e-02 7.752913455e+00 9.994741593e+00
7.791583166e+02 5.089058448e+00 8.609066887e-01 7.351453323e-04 1.327866676e-02 7.710104420e+00 9.994595935e+00
7.935871743e+02 5.092778020e+00 8.815626962e-01 7.414417364e-04 1.326606089e-02 7.667385261e+00 9.994450091e+00
8.080160321e+02 5.096566062e+00 9.021497094e-01 7.472509019e-04 1.325164032e-02 7.624757045e+00 9.994304099e+00
8.224448898e+02 5.100421260e+00 9.226662701e-01 7.525876846e-04 1.323551990e-02 7.582220870e+00 9.994157993e+00
8.368737475e+02 5.104342319e+00 9.431111079e-01 7.574671118e-04 1.321780853e-02 7.539777863e+00 9.994011808e+00
8.513026052e+02 5.108327962e+00 9.634831064e-01 7.619042935e-04 1.319860975e-02 7.497429168e+00 9.993865576e+00
8.657314629e+02 5.112376931e+00 9.837812993e-01 7.659143847e-04 1.317802171e-02 7.455175948e+00 9.993719325e+00
8.801603206e+02 5.116487983e+00 1.004004855e+00 7.695125331e-04 1.315613737e-02 7.413019382e+00 9.993573085e+00
8.945891784e+02 5.120659887e+00 1.024153059e+00 7.727138251e-04 1.313304485e-02 7.370960656e+00 9.993426884e+00
9.090180361e+02 5.124891428e+00 1.044225301e+00 7.755332381e-04 1.310882768e-02 7.329000968e+00 9.993280745e+00
9.234468938e+02 5.129181401e+00 1.064221063e+00 7.779856065e-04 1.308356499e-02 7.287141519e+00 9.993134693e+00
9.378757515e+02 5.133528615e+00 1.084139910e+00 7.800855873e-04 1.305733178e-02 7.245383513e+00 9.992988751e+00
9.523046092e+02 5.137931887e+00 1.103981478e+00 7.818476232e-04 1.303019908e-02 7.203728156e+00 9.992842941e+00
9.667334669e+02 5.142390048e+00 1.123745467e+00 7.832859134e-04 1.300223426e-02 7.162176652e+00 9.992697281e+00
9.811623246e+02 5.146901936e+00 1.143431632e+00 7.844144013e-04 1.297350106e-02 7.120730202e+00 9.992551792e+00
9.955911824e+02 5.151466403e+00 1.163039785e+00 7.852467560e-04 1.294405979e-02 7.079390005e+00 9.992406492e+00
1.010020040e+03 5.156082305e+00 1.182569777e+00 7.857963527e-04 1.291396763e-02 7.038157253e+00 9.992261395e+00
1.024448898e+03 5.160748516e+00 1.202021503e+00 7.860762532e-04 1.288327857e-02 6.997033132e+00 9.992116520e+00
1.038877756e+03 5.165463914e+00 1.221394890e+00 7.860991980e-04 1.285204379e-02 6.956018820e+00 9.991971880e+00
1.053306613e+03 5.170227386e+00 1.240689895e+00 7.858775934e-04 1.282031171e-02 6.915115488e+00 9.991827489e+00
1.067735471e+03 5.175037830e+00 1.259906503e+00 7.854235097e-04 1.278812810e-02 6.874324294e+00 9.991683360e+00
1.082164329e+03 5.179894154e+00 1.279044721e+00 7.847486671e-04 1.275553624e-02 6.833646389e+00 9.991539505e+00
1.096593186e+03 5.184795274e+00 1.298104577e+00 7.838644447e-04 1.272257705e-02 6.793082911e+00 9.991395935e+00
1.111022044e+03 5.189740116e+00 1.317086117e+00 7.827818694e-04 1.268928917e-02 6.752634988e+00 9.991252662e+00
1.125450902e+03 5.194727615e+00 1.335989405e+00 7.815116175e-04 1.265570913e-02 6.712303735e+00 9.991109694e+00
1.139879760e+03 5.199756715e+00 1.354814517e+00 7.800640155e-04 1.262187142e-02 6.672090255e+00 9.990967041e+00
1.154308617e+03 5.204826368e+00 1.373561538e+00 7.784490410e-04 1.258780858e-02 6.631995637e+00 9.990824711e+00
1.168737475e+03 5.209935537e+00 1.392230568e+00 7.766763223e-04 1.255355135e-02 6.592020957e+00 9.990682711e+00
1.183166333e+03 5.215083194e+00 1.410821712e+00 7.747551441e-04 1.251912870e-02 6.552167277e+00 9.990541050e+00
1.197595190e+03 5.220268318e+00 1.429335083e+00 7.726944535e-04 1.248456798e-02 6.512435646e+00 9.990399734e+00
1.212024048e+03 5.225489900e+00 1.447770800e+00 7.705028582e-04 1.244989496e-02 6.472827097e+00 9.990258768e+00
1.226452906e+03 5.230746938e+00 1.466128990e+00 7.681886436e-04 1.241513389e-02 6.433342649e+00 9.990118158e+00
1.240881764e+03 5.236038439e+00 1.484409781e+00 7.657597649e-04 1.238030767e-02 6.393983305e+00 9.989977910e+00
1.255310621e+03 5.241363422e+00 1.502613306e+00 7.632238673e-04 1.234543778e-02 6.354750055e+00 9.989838027e+00
1.269739479e+03 5.246720911e+00 1.520739701e+00 7.605882803e-04 1.231054448e-02 6.315643872e+00 9.989698515e+00
1.284168337e+03 5.252109942e+00 1.538789104e+00 7.578600343e-04 1.227564680e-02 6.276665714e+00 9.989559376e+00
1.298597194e+03 5.257529560e+00 1.556761657e+00 7.550458603e-04 1.224076262e-02 6.237816524e+00 9.989420614e+00
1.313026052e+03 5.262978817e+00 1.574657499e+00 7.521522034e-04 1.220590874e-02 6.199097227e+00 9.989282233e+00
1.327454910e+03 5.268456777e+00 1.592476774e+00 7.491852251e-04 1.217110094e-02 6.160508736e+00 9.989144233e+00
1.341883768e+03 5.273962512e+00 1.610219624e+00 7.461508173e-04 1.213635397e-02 6.122051944e+00 9.989006619e+00
1.356312625e+03 5.279495102e+00 1.627886193e+00 7.430546019e-04 1.210168173e-02 6.083727730e+00 9.988869391e+00
1.370741483e+03 5.285053637e+00 1.645476625e+00 7.399019475e-04 1.206709718e-02 6.045536958e+00 9.988732551e+00
1.385170341e+03 5.290637218e+00 1.662991061e+00 7.366979711e-04 1.203261247e-02 6.007480472e+00 9.988596101e+00
1.399599198e+03 5.296244951e+00 1.680429645e+00 7.334475485e-04 1.199823897e-02 5.969559103e+00 9.988460042e+00
1.414028056e+03 5.301875956e+00 1.697792519e+00 7.301553239e-04 1.196398726e-02 5.931773666e+00 9.988324374e+00
1.428456914e+03 5.307529358e+00 1.715079824e+00 7.268257142e-04 1.192986728e-02 5.894124957e+00 9.988189098e+00
1.442885772e+03 5.313204295e+00 1.732291702e+00 7.234629190e-04 1.189588821e-02 5.856613757e+00 9.988054214e+00
1.457314629e+03 5.318899910e+00 1.749428293e+00 7.200709285e-04 1.186205867e-02 5.819240831e+00 9.987919723e+00
1.471743487e+03 5.324615359e+00 1.766489735e+00 7.166535297e-04 1.182838663e-02 5.782006928e+00 9.987785624e+00
1.486172345e+03 5.330349804e+00 1.783476168e+00 7.132143152e-04 1.179487949e-02 5.744912778e+00 9.987651918e+00
1.500601202e+03 5.336102420e+00 1.800387728e+00 7.097566902e-04 1.176154415e-02 5.707959098e+00 9.987518602e+00
1.515030060e+03 5.341872386e+00 1.817224552e+00 7.062838764e-04 1.172838695e-02 5.671146587e+00 9.987385678e+00
1.529458918e+03 5.347658894e+00 1.833986774e+00 7.027989254e-04 1.169541378e-02 5.634475926e+00 9.987253144e+00
1.543887776e+03 5.353461145e+00 1.850674530e+00 6.993047194e-04 1.166263003e-02 5.597947782e+00 9.987121000e+00
1.558316633e+03 5.359278347e+00 1.867287953e+00 6.958039838e-04 1.163004070e-02 5.561562805e+00 9.986989243e+00
1.572745491e+03 5.365109718e+00 1.883827173e+00 6.922992920e-04 1.159765042e-02 5.525321628e+00 9.986857873e+00
1.587174349e+03 5.370954486e+00 1.900292324e+00 6.887930613e-04 1.156546331e-02 5.489224868e+00 9.986726889e+00
1.601603206e+03 5.376811887e+00 1.916683535e+00 6.852875776e-04 1.153348322e-02 5.453273125e+00 9.986596289e+00
1.616032064e+03 5.382681166e+00 1.933000936e+00 6.817849929e-04 1.150171369e-02 5.417466985e+00 9.986466071e+00
1.630460922e+03 5.388561577e+00 1.949244654e+00 6.782873199e-04 1.147015781e-02 5.381807015e+00 9.986336235e+00
1.644889780e+03 5.394452385e+00 1.965414819e+00 6.747964583e-04 1.143881845e-02 5.346293767e+00 9.986206777e+00
1.659318637e+03 5.400352861e+00 1.981511556e+00 6.713141915e-04 1.140769820e-02 5.310927778e+00 9.986077697e+00
1.673747495e+03 5.406262285e+00 1.997534993e+00 6.678421775e-04 1.137679930e-02 5.275709566e+00 9.985948992e+00
1.688176353e+03 5.412179950e+00 2.013485254e+00 6.643819793e-04 1.134612380e-02 5.240639636e+00 9.985820660e+00
1.702605210e+03 5.418105153e+00 2.029362465e+00 6.609350578e-04 1.131567350e-02 5.205718475e+00 9.985692700e+00
1.717034068e+03 5.424037202e+00 2.045166750e+00 6.575027646e-04 1.128544991e-02 5.170946555e+00 9.985565109e+00
1.731462926e+03 5.429975415e+00 2.060898233e+00 6.540863695e-04 1.125545440e-02 5.136324332e+00 9.985437885e+00
1.745891784e+03 5.435919116e+00 2.076557037e+00 6.506870544e-04 1.122568810e-02 5.101852246e+00 9.985311025e+00
1.760320641e+03 5.441867640e+00 2.092143286e+00 6.473059061e-04 1.119615194e-02 5.067530722e+00 9.985184528e+00
1.774749499e+03 5.447820330e+00 2.107657101e+00 6.439439416e-04 1.116684669e-02 5.033360168e+00 9.985058391e+00
1.789178357e+03 5.453776537e+00 2.123098606e+00 6.406021025e-04 1.113777296e-02 4.999340978e+00 9.984932612e+00
1.803607214e+03 5.459735622e+00 2.138467922e+00 6.372812400e-04 1.110893112e-02 4.965473529e+00 9.984807187e+00
1.818036072e+03 5.465696954e+00 2.153765171e+00 6.339821577e-04 1.108032148e-02 4.931758183e+00 9.984682116e+00
1.832464930e+03 5.471659911e+00 2.168990476e+00 6.307055933e-04 1.105194423e-02 4.898195287e+00 9.984557394e+00
1.846893788e+03 5.477623878e+00 2.184143957e+00 6.274522256e-04 1.102379939e-02 4.864785174e+00 9.984433021e+00
1.861322645e+03 5.483588251e+00 2.199225737e+00 6.242226410e-04 1.099588677e-02 4.831528159e+00 9.984308993e+00
1.875751503e+03 5.489552433e+00 2.214235937e+00 6.210174064e-04 1.096820617e-02 4.798424543e+00 9.984185307e+00
1.890180361e+03 5.495515834e+00 2.229174679e+00 6.178370357e-04 1.094075730e-02 4.765474614e+00 9.984061961e+00
1.904609218e+03 5.501477876e+00 2.244042085e+00 6.146819943e-04 1.091353976e-02 4.732678642e+00 9.983938953e+00
1.919038076e+03 5.507437987e+00 2.258838277e+00 6.115526616e-04 1.088655293e-02 4.700036885e+00 9.983816279e+00
1.933466934e+03 5.513395602e+00 2.273563378e+00 6.084494094e-04 1.085979620e-02 4.667549584e+00 9.983693938e+00
1.947895792e+03 5.519350169e+00 2.288217510e+00 6.053725697e-04 1.083326892e-02 4.635216967e+00 9.983571927e+00
1.962324649e+03 5.525301138e+00 2.302800798e+00 6.023224336e-04 1.080697033e-02 4.603039246e+00 9.983450242e+00
1.976753507e+03 5.531247973e+00 2.317313363e+00 5.992992237e-04 1.078089951e-02 4.571016621e+00 9.983328881e+00
1.991182365e+03 5.537190142e+00 2.331755331e+00 5.963031542e-04 1.075505556e-02 4.539149275e+00 9.983207842e+00
2.005611222e+03 5.543127123e+00 2.346126825e+00 5.933344107e-04 1.072943752e-02 4.507437379e+00 9.983087122e+00
2.020040080e+03 5.549058402e+00 2.360427971e+00 5.903931454e-04 1.070404437e-02 4.475881087e+00 9.982966719e+00
2.034468938e+03 5.554983472e+00 2.374658894e+00 5.874794592e-04 1.067887498e-02 4.444480544e+00 9.982846629e+00
2.048897796e+03 5.560901836e+00 2.388819721e+00 5.845934425e-04 1.065392821e-02 4.413235877e+00 9.982726849e+00
2.063326653e+03 5.566813002e+00 2.402910578e+00 5.817351665e-04 1.062920289e-02 4.382147199e+00 9.982607379e+00
2.077755511e+03 5.572716488e+00 2.416931594e+00 5.789046760e-04 1.060469781e-02 4.351214613e+00 9.982488214e+00
2.092184369e+03 5.578611820e+00 2.430882896e+00 5.761019753e-04 1.058041167e-02 4.320438205e+00 9.982369352e+00
2.106613226e+03 5.584498530e+00 2.444764613e+00 5.733270600e-04 1.055634318e-02 4.289818050e+00 9.982250790e+00
2.121042084e+03 5.590376159e+00 2.458576876e+00 5.705799133e-04 1.053249101e-02 4.259354208e+00 9.982132526e+00
2.135470942e+03 5.596244255e+00 2.472319816e+00 5.678604979e-04 1.050885382e-02 4.229046726e+00 9.982014557e+00
2.149899800e+03 5.602102374e+00 2.485993564e+00 5.651687281e-04 1.048543014e-02 4.198895641e+00 9.981896881e+00
2.164328657e+03 5.607950081e+00 2.499598252e+00 5.625045290e-04 1.046221857e-02 4.168900973e+00 9.981779494e+00
2.178757515e+03 5.613786945e+00 2.513134015e+00 5.598678239e-04 1.043921770e-02 4.139062731e+00 9.981662395e+00
2.193186373e+03 5.619612545e+00 2.526600987e+00 5.572585153e-04 1.041642611e-02 4.109380912e+00 9.981545581e+00
2.207615230e+03 5.625426468e+00 2.539999304e+00 5.546764966e-04 1.039384234e-02 4.079855499e+00 9.981429049e+00
2.222044088e+03 5.631228306e+00 2.553329103e+00 5.521216539e-04 1.037146494e-02 4.050486463e+00 9.981312797e+00
2.236472946e+03 5.637017660e+00 2.566590521e+00 5.495937651e-04 1.034929220e-02 4.021273766e+00 9.981196822e+00
2.250901804e+03 5.642794137e+00 2.579783696e+00 5.470927234e-04 1.032732271e-02 3.992217352e+00 9.981081121e+00
2.265330661e+03 5.648557353e+00 2.592908769e+00 5.446183822e-04 1.030555499e-02 3.963317158e+00 9.980965693e+00
2.279759519e+03 5.654306929e+00 2.605965882e+00 5.421705835e-04 1.028398753e-02 3.934573107e+00 9.980850534e+00
2.294188377e+03 5.660042496e+00 2.618955176e+00 5.397491655e-04 1.026261881e-02 3.905985109e+00 9.980735642e+00
2.308617234e+03 5.665763688e+00 2.631876797e+00 5.373539506e-04 1.024144731e-02 3.877553064e+00 9.980621015e+00
2.323046092e+03 5.671470149e+00 2.644730886e+00 5.349846579e-04 1.022047125e-02 3.849276863e+00 9.980506651e+00
2.337474950e+03 5.677161529e+00 2.657517590e+00 5.326411530e-04 1.019968921e-02 3.821156382e+00 9.980392546e+00
2.351903808e+03 5.682837485e+00 2.670237058e+00 5.303232400e-04 1.017909966e-02 3.793191487e+00 9.980278698e+00
2.366332665e+03 5.688497681e+00 2.682889438e+00 5.280307202e-04 1.015870105e-02 3.765382032e+00 9.980165106e+00
2.380761523e+03 5.694141786e+00 2.695474879e+00 5.257633933e-04 1.013849184e-02 3.737727862e+00 9.980051766e+00
2.395190381e+03 5.699769478e+00 2.707993532e+00 5.235210323e-04 1.011847044e-02 3.710228809e+00 9.979938677e+00
2.409619238e+03 5.705380440e+00 2.720445550e+00 5.213033765e-04 1.009863520e-02 3.682884699e+00 9.979825835e+00
2.424048096e+03 5.710974363e+00 2.732831085e+00 5.191102394e-04 1.007898464e-02 3.655695341e+00 9.979713239e+00
2.438476954e+03 5.716550944e+00 2.745150294e+00 5.169414002e-04 1.005951720e-02 3.628660539e+00 9.979600887e+00
2.452905812e+03 5.722109885e+00 2.757403333e+00 5.147966373e-04 1.004023135e-02 3.601780082e+00 9.979488775e+00
2.467334669e+03 5.727650896e+00 2.769590360e+00 5.126757287e-04 1.002112554e-02 3.575053754e+00 9.979376903e+00
2.481763527e+03 5.733173694e+00 2.781711533e+00 5.105784256e-04 1.000219820e-02 3.548481326e+00 9.979265267e+00
2.496192385e+03 5.738677999e+00 2.793767012e+00 5.085044858e-04 9.983447773e-03 3.522062560e+00 9.979153865e+00
2.510621242e+03 5.744163541e+00 2.805756959e+00 5.064536930e-04 9.964872751e-03 3.495797207e+00 9.979042695e+00
2.525050100e+03 5.749630054e+00 2.817681539e+00 5.044258163e-04 9.946471617e-03 3.469685012e+00 9.978931755e+00
2.539478958e+03 5.755077278e+00 2.829540915e+00 5.024206258e-04 9.928242860e-03 3.443725706e+00 9.978821043e+00
2.553907816e+03 5.760504961e+00 2.841335253e+00 5.004378927e-04 9.910184979e-03 3.417919013e+00 9.978710557e+00
2.568336673e+03 5.765912855e+00 2.853064721e+00 4.984773593e-04 9.892296423e-03 3.392264650e+00 9.978600294e+00
2.582765531e+03 5.771300718e+00 2.864729486e+00 4.965387976e-04 9.874575709e-03 3.366762322e+00 9.978490252e+00
2.597194389e+03 5.776668315e+00 2.876329720e+00 4.946219813e-04 9.857021365e-03 3.341411726e+00 9.978380430e+00
2.611623246e+03 5.782015417e+00 2.887865594e+00 4.927266799e-04 9.839631920e-03 3.316212551e+00 9.978270824e+00
2.626052104e+03 5.787341798e+00 2.899337281e+00 4.908526648e-04 9.822405912e-03 3.291164476e+00 9.978161434e+00
2.640480962e+03 5.792647242e+00 2.910744955e+00 4.889997091e-04 9.805341894e-03 3.266267173e+00 9.978052257e+00
2.654909820e+03 5.797931534e+00 2.922088791e+00 4.871675378e-04 9.788438315e-03 3.241520306e+00 9.977943291e+00
2.669338677e+03 5.803194468e+00 2.933368966e+00 4.853559503e-04 9.771693801e-03 3.216923529e+00 9.977834533e+00
2.683767535e+03 5.808435842e+00 2.944585659e+00 4.835647202e-04 9.755106924e-03 3.192476491e+00 9.977725983e+00
2.698196393e+03 5.813655460e+00 2.955739051e+00 4.817936233e-04 9.738676271e-03 3.168178829e+00 9.977617638e+00
2.712625251e+03 5.818853132e+00 2.966829322e+00 4.800424381e-04 9.722400440e-03 3.144030176e+00 9.977509496e+00
2.727054108e+03 5.824028671e+00 2.977856655e+00 4.783109460e-04 9.706278043e-03 3.120030155e+00 9.977401555e+00
2.741482966e+03 5.829181898e+00 2.988821235e+00 4.765989305e-04 9.690307703e-03 3.096178384e+00 9.977293813e+00
2.755911824e+03 5.834312637e+00 2.999723244e+00 4.749061204e-04 9.674487935e-03 3.072474471e+00 9.977186269e+00
2.770340681e+03 5.839420719e+00 3.010562871e+00 4.732323316e-04 9.658817443e-03 3.048918019e+00 9.977078920e+00
2.784769539e+03 5.844505980e+00 3.021340304e+00 4.715773496e-04 9.643294878e-03 3.025508622e+00 9.976971764e+00
2.799198397e+03 5.849568259e+00 3.032055732e+00 4.699409629e-04 9.627918901e-03 3.002245870e+00 9.976864800e+00
2.813627255e+03 5.854607402e+00 3.042709346e+00 4.683229629e-04 9.612688186e-03 2.979129343e+00 9.976758026e+00
2.828056112e+03 5.859623259e+00 3.053301339e+00 4.667231443e-04 9.597601420e-03 2.956158616e+00 9.976651441e+00
2.842484970e+03 5.864615685e+00 3.063831905e+00 4.651413026e-04 9.582657302e-03 2.933333257e+00 9.976545041e+00
2.856913828e+03 5.869584540e+00 3.074301234e+00 4.635771641e-04 9.567854389e-03 2.910652828e+00 9.976438826e+00
2.871342685e+03 5.874529688e+00 3.084709524e+00 4.620305645e-04 9.553191475e-03 2.888116885e+00 9.976332794e+00
2.885771543e+03 5.879450998e+00 3.095056972e+00 4.605012997e-04 9.538667277e-03 2.865724977e+00 9.976226942e+00
2.900200401e+03 5.884348345e+00 3.105343778e+00 4.589891678e-04 9.524280524e-03 2.843476648e+00 9.976121270e+00
2.914629259e+03 5.889221607e+00 3.115570141e+00 4.574939689e-04 9.510029954e-03 2.821371436e+00 9.976015775e+00
2.929058116e+03 5.894070667e+00 3.125736261e+00 4.560155058e-04 9.495914317e-03 2.799408873e+00 9.975910457e+00
2.943486974e+03 5.898895412e+00 3.135842342e+00 4.545535831e-04 9.481932375e-03 2.777588485e+00 9.975805312e+00
2.957915832e+03 5.903695736e+00 3.145888585e+00 4.531080035e-04 9.468082901e-03 2.755909792e+00 9.975700340e+00
2.972344689e+03 5.908471534e+00 3.155875195e+00 4.516785786e-04 9.454364678e-03 2.734372310e+00 9.975595538e+00
2.986773547e+03 5.913222708e+00 3.165802378e+00 4.502651201e-04 9.440776502e-03 2.712975551e+00 9.975490906e+00
3.001202405e+03 5.917949162e+00 3.175670341e+00 4.488674419e-04 9.427317179e-03 2.691719018e+00 9.975386441e+00
3.015631263e+03 5.922650805e+00 3.185479293e+00 4.474853607e-04 9.413985529e-03 2.670602214e+00 9.975282142e+00
3.030060120e+03 5.927327551e+00 3.195229442e+00 4.461186956e-04 9.400780381e-03 2.649624633e+00 9.975178008e+00
3.044488978e+03 5.931979317e+00 3.204921000e+00 4.447672668e-04 9.387700573e-03 2.628785766e+00 9.975074036e+00
3.058917836e+03 5.936606020e+00 3.214554173e+00 4.434308728e-04 9.374744907e-03 2.608085097e+00 9.974970226e+00
3.073346693e+03 5.941207588e+00 3.224129177e+00 4.421093513e-04 9.361912269e-03 2.587522109e+00 9.974866575e+00
3.087775551e+03 5.945783950e+00 3.233646224e+00 4.408025279e-04 9.349201528e-03 2.567096280e+00 9.974763082e+00
3.102204409e+03 5.950335038e+00 3.243105529e+00 4.395102299e-04 9.336611560e-03 2.546807083e+00 9.974659746e+00
3.116633267e+03 5.954860787e+00 3.252507307e+00 4.382322871e-04 9.324141255e-03 2.526653987e+00 9.974556565e+00
3.131062124e+03 5.959361139e+00 3.261851775e+00 4.369685313e-04 9.311789511e-03 2.506636456e+00 9.974453537e+00
3.145490982e+03 5.963836037e+00 3.271139150e+00 4.357187957e-04 9.299555237e-03 2.486753953e+00 9.974350662e+00
3.159919840e+03 5.968285436e+00 3.280369653e+00 4.344829027e-04 9.287437322e-03 2.467005932e+00 9.974247937e+00
3.174348697e+03 5.972709284e+00 3.289543502e+00 4.332606944e-04 9.275434705e-03 2.447391848e+00 9.974145362e+00
3.188777555e+03 5.977107538e+00 3.298660919e+00 4.320520080e-04 9.263546318e-03 2.427911152e+00 9.974042934e+00
3.203206413e+03 5.981480157e+00 3.307722125e+00 4.308566821e-04 9.251771103e-03 2.408563288e+00 9.973940653e+00
3.217635271e+03 5.985827104e+00 3.316727344e+00 4.296745569e-04 9.240108011e-03 2.389347702e+00 9.973838517e+00
3.232064128e+03 5.990148345e+00 3.325676797e+00 4.285054782e-04 9.228556011e-03 2.370263832e+00 9.973736524e+00
3.246492986e+03 5.994443842e+00 3.334570706e+00 4.273493013e-04 9.217114097e-03 2.351311116e+00 9.973634674e+00
3.260921844e+03 5.998713568e+00 3.343409296e+00 4.262058714e-04 9.205781247e-03 2.332488986e+00 9.973532964e+00
3.275350701e+03 6.002957498e+00 3.352192792e+00 4.250750412e-04 9.194556460e-03 2.313796873e+00 9.973431394e+00
3.289779559e+03 6.007175607e+00 3.360921418e+00 4.239566665e-04 9.183438748e-03 2.295234206e+00 9.973329962e+00
3.304208417e+03 6.011367876e+00 3.369595402e+00 4.228506493e-04 9.172427236e-03 2.276800410e+00 9.973228667e+00
3.318637275e+03 6.015534289e+00 3.378214972e+00 4.217568630e-04 9.161520985e-03 2.258494907e+00 9.973127507e+00
3.333066132e+03 6.019674828e+00 3.386780353e+00 4.206751875e-04 9.150719078e-03 2.240317118e+00 9.973026481e+00
3.347494990e+03 6.023789481e+00 3.395291774e+00 4.196055171e-04 9.140020635e-03 2.222266460e+00 9.972925589e+00
3.361923848e+03 6.027878244e+00 3.403749466e+00 4.185476772e-04 9.129424625e-03 2.204342348e+00 9.972824828e+00
3.376352705e+03 6.031941169e+00 3.412153690e+00 4.175009516e-04 9.118928795e-03 2.186544196e+00 9.972724197e+00
3.390781563e+03 6.035978192e+00 3.420504640e+00 4.164659379e-04 9.108533869e-03 2.168871415e+00 9.972623695e+00
3.405210421e+03 6.039989330e+00 3.428802558e+00 4.154423030e-04 9.098238473e-03 2.151323414e+00 9.972523321e+00
3.419639279e+03 6.043974592e+00 3.437047679e+00 4.144298659e-04 9.088041579e-03 2.133899600e+00 9.972423074e+00
3.434068136e+03 6.047933985e+00 3.445240236e+00 4.134284945e-04 9.077942277e-03 2.116599378e+00 9.972322952e+00
3.448496994e+03 6.051867517e+00 3.453380461e+00 4.124381021e-04 9.067939765e-03 2.099422152e+00 9.972222955e+00
3.462925852e+03 6.055775201e+00 3.461468588e+00 4.114585544e-04 9.058033135e-03 2.082367323e+00 9.972123080e+00
3.477354709e+03 6.059657050e+00 3.469504853e+00 4.104897286e-04 9.048221512e-03 2.065434292e+00 9.972023328e+00
3.491783567e+03 6.063513083e+00 3.477489490e+00 4.095314953e-04 9.038504009e-03 2.048622459e+00 9.971923695e+00
3.506212425e+03 6.067343322e+00 3.485422735e+00 4.085837363e-04 9.028879773e-03 2.031931219e+00 9.971824183e+00
3.520641283e+03 6.071147786e+00 3.493304825e+00 4.076463266e-04 9.019347933e-03 2.015359971e+00 9.971724788e+00
3.535070140e+03 6.074926500e+00 3.501135995e+00 4.067191498e-04 9.009907647e-03 1.998908109e+00 9.971625511e+00
3.549498998e+03 6.078679492e+00 3.508916484e+00 4.058020912e-04 9.000558081e-03 1.982575028e+00 9.971526350e+00
3.563927856e+03 6.082406793e+00 3.516646528e+00 4.048950318e-04 8.991298400e-03 1.966360119e+00 9.971427304e+00
3.578356713e+03 6.086108432e+00 3.524326366e+00 4.039978640e-04 8.982127792e-03 1.950262775e+00 9.971328371e+00
3.592785571e+03 6.089784447e+00 3.531956235e+00 4.031104742e-04 8.973045444e-03 1.934282384e+00 9.971229552e+00
3.607214429e+03 6.093434872e+00 3.539536375e+00 4.022327518e-04 8.964050545e-03 1.918418340e+00 9.971130844e+00
3.621643287e+03 6.097059746e+00 3.547067024e+00 4.013645884e-04 8.955142300e-03 1.902670029e+00 9.971032246e+00
3.636072144e+03 6.100659109e+00 3.554548420e+00 4.005058760e-04 8.946319917e-03 1.887036840e+00 9.970933758e+00
3.650501002e+03 6.104233003e+00 3.561980804e+00 3.996565077e-04 8.937582608e-03 1.871518164e+00 9.970835379e+00
3.664929860e+03 6.107781473e+00 3.569364415e+00 3.988163784e-04 8.928929597e-03 1.856113385e+00 9.970737106e+00
3.679358717e+03 6.111304565e+00 3.576699493e+00 3.979853847e-04 8.920360116e-03 1.840821894e+00 9.970638941e+00
3.693787575e+03 6.114802327e+00 3.583986277e+00 3.971634238e-04 8.911873401e-03 1.825643076e+00 9.970540880e+00
3.708216433e+03 6.118274808e+00 3.591225009e+00 3.963503942e-04 8.903468695e-03 1.810576317e+00 9.970442924e+00
3.722645291e+03 6.121722062e+00 3.598415927e+00 3.955461966e-04 8.895145252e-03 1.795621005e+00 9.970345071e+00
3.737074148e+03 6.125144140e+00 3.605559274e+00 3.947507325e-04 8.886902331e-03 1.780776526e+00 9.970247320e+00
3.751503006e+03 6.128541100e+00 3.612655290e+00 3.939639047e-04 8.878739199e-03 1.766042265e+00 9.970149671e+00
3.765931864e+03 6.131912999e+00 3.619704215e+00 3.931856172e-04 8.870655129e-03 1.751417608e+00 9.970052122e+00
3.780360721e+03 6.135259893e+00 3.626706291e+00 3.924157747e-04 8.862649399e-03 1.736901943e+00 9.969954672e+00
3.794789579e+03 6.138581846e+00 3.633661758e+00 3.916542840e-04 8.854721297e-03 1.722494655e+00 9.969857321e+00
3.809218437e+03 6.141878919e+00 3.640570858e+00 3.909010530e-04 8.846870119e-03 1.708195130e+00 9.969760067e+00
3.823647295e+03 6.145151176e+00 3.647433832e+00 3.901559903e-04 8.839095164e-03 1.694002755e+00 9.969662909e+00
3.838076152e+03 6.148398681e+00 3.654250920e+00 3.894190052e-04 8.831395736e-03 1.679916918e+00 9.969565847e+00
3.852505010e+03 6.151621502e+00 3.661022364e+00 3.886900093e-04 8.823771150e-03 1.665937006e+00 9.969468880e+00
3.866933868e+03 6.154819708e+00 3.667748406e+00 3.879689149e-04 8.816220726e-03 1.652062405e+00 9.969372006e+00
3.881362725e+03 6.157993367e+00 3.674429285e+00 3.872556347e-04 8.808743789e-03 1.638292506e+00 9.969275225e+00
3.895791583e+03 6.161142551e+00 3.681065243e+00 3.865500830e-04 8.801339671e-03 1.624626698e+00 9.969178537e+00
3.910220441e+03 6.164267332e+00 3.687656521e+00 3.858521757e-04 8.794007711e-03 1.611064368e+00 9.969081939e+00
3.924649299e+03 6.167367785e+00 3.694203360e+00 3.851618291e-04 8.786747254e-03 1.597604908e+00 9.968985431e+00
3.939078156e+03 6.170443982e+00 3.700705999e+00 3.844789599e-04 8.779557648e-03 1.584247710e+00 9.968889012e+00
3.953507014e+03 6.173496002e+00 3.707164681e+00 3.838034872e-04 8.772438252e-03 1.570992164e+00 9.968792682e+00
3.967935872e+03 6.176523922e+00 3.713579644e+00 3.831353306e-04 8.765388429e-03 1.557837663e+00 9.968696439e+00
3.982364729e+03 6.179527822e+00 3.719951131e+00 3.824744108e-04 8.758407548e-03 1.544783599e+00 9.968600283e+00
3.996793587e+03 6.182507781e+00 3.726279380e+00 3.818206493e-04 8.751494985e-03 1.531829366e+00 9.968504213e+00
4.011222445e+03 6.185463879e+00 3.732564631e+00 3.811739682e-04 8.744650118e-03 1.518974361e+00 9.968408227e+00
4.025651303e+03 6.188396201e+00 3.738807124e+00 3.805342912e-04 8.737872334e-03 1.506217979e+00 9.968312326e+00
4.040080160e+03 6.191304828e+00 3.745007099e+00 3.799015424e-04 8.731161024e-03 1.493559618e+00 9.968216508e+00
4.054509018e+03 6.194189845e+00 3.751164794e+00 3.792756471e-04 8.724515586e-03 1.480998676e+00 9.968120773e+00
4.068937876e+03 6.197051336e+00 3.757280448e+00 3.786565312e-04 8.717935422e-03 1.468534554e+00 9.968025119e+00
4.083366733e+03 6.199889391e+00 3.763354301e+00 3.780441228e-04 8.711419946e-03 1.456166650e+00 9.967929546e+00
4.097795591e+03 6.202704094e+00 3.769386591e+00 3.774383493e-04 8.704968568e-03 1.443894367e+00 9.967834053e+00
4.112224449e+03 6.205495535e+00 3.775377554e+00 3.768391395e-04 8.698580708e-03 1.431717110e+00 9.967738640e+00
4.126653307e+03 6.208263801e+00 3.781327430e+00 3.762464228e-04 8.692255791e-03 1.419634284e+00 9.967643305e+00
4.141082164e+03 6.211008982e+00 3.787236454e+00 3.756601297e-04 8.685993245e-03 1.407645297e+00 9.967548048e+00
4.155511022e+03 6.213731171e+00 3.793104864e+00 3.750801924e-04 8.679792511e-03 1.395749553e+00 9.967452868e+00
4.169939880e+03 6.216430459e+00 3.798932896e+00 3.745065429e-04 8.673653028e-03 1.383946461e+00 9.967357764e+00
4.184368737e+03 6.219106938e+00 3.804720786e+00 3.739391141e-04 8.667574243e-03 1.372235433e+00 9.967262735e+00
4.198797595e+03 6.221760702e+00 3.810468770e+00 3.733778399e-04 8.661555605e-03 1.360615882e+00 9.967167782e+00
4.213226453e+03 6.224391843e+00 3.816177082e+00 3.728226550e-04 8.655596573e-03 1.349087222e+00 9.967072902e+00
4.227655311e+03 6.227000457e+00 3.821845960e+00 3.722734941e-04 8.649696602e-03 1.337648866e+00 9.966978096e+00
4.242084168e+03 6.229586640e+00 3.827475638e+00 3.717302935e-04 8.643855156e-03 1.326300232e+00 9.966883362e+00
4.256513026e+03 6.232150487e+00 3.833066349e+00 3.711929900e-04 8.638071706e-03 1.315040738e+00 9.966788700e+00
4.270941884e+03 6.234692095e+00 3.838618329e+00 3.706615208e-04 8.632345724e-03 1.303869805e+00 9.966694110e+00
4.285370741e+03 6.237211561e+00 3.844131810e+00 3.701358243e-04 8.626676690e-03 1.292786854e+00 9.966599589e+00
4.299799599e+03 6.239708985e+00 3.849607022e+00 3.696158422e-04 8.621064110e-03 1.281791309e+00 9.966505139e+00
4.314228457e+03 6.242184465e+00 3.855044194e+00 3.691015162e-04 8.615507487e-03 1.270882597e+00 9.966410758e+00
4.328657315e+03 6.244638100e+00 3.860443558e+00 3.685927867e-04 8.610006315e-03 1.260060143e+00 9.966316445e+00
4.343086172e+03 6.247069991e+00 3.865805342e+00 3.680895964e-04 8.604560104e-03 1.249323377e+00 9.966222199e+00
4.357515030e+03 6.249480239e+00 3.871129777e+00 3.675918890e-04 8.599168370e-03 1.238671731e+00 9.966128021e+00
4.371943888e+03 6.251868940e+00 3.876417104e+00 3.670995955e-04 8.593830532e-03 1.228104636e+00 9.966033909e+00
4.386372745e+03 6.254236189e+00 3.881667589e+00 3.666126329e-04 8.588545892e-03 1.217621530e+00 9.965939863e+00
4.400801603e+03 6.256582102e+00 3.886881384e+00 3.661310090e-04 8.583314472e-03 1.207221848e+00 9.965845882e+00
4.415230461e+03 6.258906776e+00 3.892058749e+00 3.656546378e-04 8.578135553e-03 1.196905029e+00 9.965751965e+00
4.429659319e+03 6.261210311e+00 3.897199920e+00 3.651834590e-04 8.573008615e-03 1.186670515e+00 9.965658112e+00
4.444088176e+03 6.263492811e+00 3.902305117e+00 3.647174254e-04 8.567933244e-03 1.176517749e+00 9.965564322e+00
4.458517034e+03 6.265754380e+00 3.907374565e+00 3.642564827e-04 8.562908967e-03 1.166446177e+00 9.965470595e+00
4.472945892e+03 6.267995120e+00 3.912408491e+00 3.638005787e-04 8.557935328e-03 1.156455245e+00 9.965376930e+00
4.487374749e+03 6.270215136e+00 3.917407120e+00 3.633496598e-04 8.553011860e-03 1.146544403e+00 9.965283326e+00
4.501803607e+03 6.272414532e+00 3.922370677e+00 3.629036750e-04 8.548138114e-03 1.136713102e+00 9.965189782e+00
4.516232465e+03 6.274593411e+00 3.927299383e+00 3.624625744e-04 8.543313650e-03 1.126960800e+00 9.965096299e+00
4.530661323e+03 6.276751880e+00 3.932193463e+00 3.620263061e-04 8.538538013e-03 1.117286947e+00 9.965002875e+00
4.545090180e+03 6.278890042e+00 3.937053138e+00 3.615948216e-04 8.533810773e-03 1.107691006e+00 9.964909510e+00
4.559519038e+03 6.281008002e+00 3.941878630e+00 3.611680710e-04 8.529131487e-03 1.098172435e+00 9.964816203e+00
4.573947896e+03 6.283105867e+00 3.946670160e+00 3.607460054e-04 8.524499723e-03 1.088730694e+00 9.964722954e+00
4.588376754e+03 6.285183741e+00 3.951427947e+00 3.603285777e-04 8.519915061e-03 1.079365253e+00 9.964629762e+00
4.602805611e+03 6.287241731e+00 3.956152212e+00 3.599157393e-04 8.515377067e-03 1.070075574e+00 9.964536627e+00
4.617234469e+03 6.289279942e+00 3.960843172e+00 3.595074438e-04 8.510885327e-03 1.060861129e+00 9.964443547e+00
4.631663327e+03 6.291298480e+00 3.965501047e+00 3.591036443e-04 8.506439420e-03 1.051721386e+00 9.964350523e+00
4.646092184e+03 6.293297452e+00 3.970126051e+00 3.587042954e-04 8.502038939e-03 1.042655824e+00 9.964257554e+00
4.660521042e+03 6.295276964e+00 3.974718403e+00 3.583093514e-04 8.497683472e-03 1.033663916e+00 9.964164640e+00
4.674949900e+03 6.297237122e+00 3.979278318e+00 3.579187670e-04 8.493372612e-03 1.024745139e+00 9.964071778e+00
4.689378758e+03 6.299178032e+00 3.983806011e+00 3.575324979e-04 8.489105956e-03 1.015898973e+00 9.963978971e+00
4.703807615e+03 6.301099803e+00 3.988301696e+00 3.571505006e-04 8.484883113e-03 1.007124905e+00 9.963886215e+00
4.718236473e+03 6.303002540e+00 3.992765586e+00 3.567727327e-04 8.480703693e-03 9.984224231e-01 9.963793512e+00
4.732665331e+03 6.304886349e+00 3.997197892e+00 3.563991503e-04 8.476567298e-03 9.897910111e-01 9.963700861e+00
4.747094188e+03 6.306751339e+00 4.001598827e+00 3.560297117e-04 8.472473548e-03 9.812301633e-01 9.963608261e+00
4.761523046e+03 6.308597615e+00 4.005968600e+00 3.556643757e-04 8.468422064e-03 9.727393749e-01 9.963515711e+00
4.775951904e+03 6.310425285e+00 4.010307422e+00 3.553030998e-04 8.464412458e-03 9.643181382e-01 9.963423211e+00
4.790380762e+03 6.312234454e+00 4.014615501e+00 3.549458436e-04 8.460444358e-03 9.559659531e-01 9.963330761e+00
4.804809619e+03 6.314025230e+00 4.018893044e+00 3.545925665e-04 8.456517390e-03 9.476823200e-01 9.963238360e+00
4.819238477e+03 6.315797720e+00 4.023140260e+00 3.542432282e-04 8.452631183e-03 9.394667415e-01 9.963146008e+00
4.833667335e+03 6.317552029e+00 4.027357356e+00 3.538977891e-04 8.448785370e-03 9.313187227e-01 9.963053703e+00
4.848096192e+03 6.319288264e+00 4.031544536e+00 3.535562099e-04 8.444979588e-03 9.232377712e-01 9.962961446e+00
4.862525050e+03 6.321006532e+00 4.035702006e+00 3.532184522e-04 8.441213480e-03 9.152233994e-01 9.962869236e+00
4.876953908e+03 6.322706940e+00 4.039829969e+00 3.528844774e-04 8.437486689e-03 9.072751186e-01 9.962777073e+00
4.891382766e+03 6.324389593e+00 4.043928630e+00 3.525542476e-04 8.433798860e-03 8.993924436e-01 9.962684956e+00
4.905811623e+03 6.326054599e+00 4.047998190e+00 3.522277254e-04 8.430149643e-03 8.915748918e-01 9.962592885e+00
4.920240481e+03 6.327702063e+00 4.052038852e+00 3.519048736e-04 8.426538692e-03 8.838219837e-01 9.962500858e+00
4.934669339e+03 6.329332090e+00 4.056050813e+00 3.515856558e-04 8.422965666e-03 8.761332445e-01 9.962408877e+00
4.949098196e+03 6.330944787e+00 4.060034274e+00 3.512700357e-04 8.419430222e-03 8.685081978e-01 9.962316940e+00
4.963527054e+03 6.332540260e+00 4.063989435e+00 3.509579777e-04 8.415932026e-03 8.609463715e-01 9.962225046e+00
4.977955912e+03 6.334118615e+00 4.067916493e+00 3.506494463e-04 8.412470743e-03 8.534472957e-01 9.962133196e+00
4.992384770e+03 6.335679956e+00 4.071815645e+00 3.503444064e-04 8.409046042e-03 8.460105039e-01 9.962041389e+00
5.006813627e+03 6.337224388e+00 4.075687086e+00 3.500428230e-04 8.405657591e-03 8.386355328e-01 9.961949624e+00
5.021242485e+03 6.338752018e+00 4.079531012e+00 3.497446620e-04 8.402305068e-03 8.313219197e-01 9.961857901e+00
5.035671343e+03 6.340262949e+00 4.083347617e+00 3.494498899e-04 8.398988152e-03 8.240692052e-01 9.961766220e+00
5.050100200e+03 6.341757287e+00 4.087137095e+00 3.491584731e-04 8.395706524e-03 8.168769327e-01 9.961674580e+00
5.064529058e+03 6.343235136e+00 4.090899638e+00 3.488703781e-04 8.392459865e-03 8.097446481e-01 9.961582981e+00
5.078957916e+03 6.344696599e+00 4.094635436e+00 3.485855719e-04 8.389247861e-03 8.026719000e-01 9.961491422e+00
5.093386774e+03 6.346141781e+00 4.098344680e+00 3.483040224e-04 8.386070203e-03 7.956582392e-01 9.961399903e+00
5.107815631e+03 6.347570786e+00 4.102027560e+00 3.480256976e-04 8.382926583e-03 7.887032194e-01 9.961308423e+00
5.122244489e+03 6.348983717e+00 4.105684265e+00 3.477505658e-04 8.379816697e-03 7.818063964e-01 9.961216983e+00
5.136673347e+03 6.350380678e+00 4.109314982e+00 3.474785952e-04 8.376740241e-03 7.749673290e-01 9.961125581e+00
5.151102204e+03 6.351761770e+00 4.112919897e+00 3.472097546e-04 8.373696913e-03 7.681855783e-01 9.961034217e+00
5.165531062e+03 6.353127097e+00 4.116499198e+00 3.469440136e-04 8.370686420e-03 7.614607080e-01 9.960942892e+00
5.179959920e+03 6.354476762e+00 4.120053067e+00 3.466813418e-04 8.367708467e-03 7.547922845e-01 9.960851603e+00
5.194388778e+03 6.355810867e+00 4.123581690e+00 3.464217093e-04 8.364762763e-03 7.481798765e-01 9.960760352e+00
5.208817635e+03 6.357129513e+00 4.127085250e+00 3.461650859e-04 8.361849016e-03 7.416230555e-01 9.960669137e+00
5.223246493e+03 6.358432802e+00 4.130563928e+00 3.459114421e-04 8.358966941e-03 7.351213952e-01 9.960577959e+00
5.237675351e+03 6.359720835e+00 4.134017905e+00 3.456607492e-04 8.356116255e-03 7.286744723e-01 9.960486816e+00
5.252104208e+03 6.360993713e+00 4.137447362e+00 3.454129781e-04 8.353296677e-03 7.222818657e-01 9.960395709e+00
5.266533066e+03 6.362251537e+00 4.140852478e+00 3.451681005e-04 8.350507929e-03 7.159431569e-01 9.960304638e+00
5.280961924e+03 6.363494407e+00 4.144233430e+00 3.449260882e-04 8.347749734e-03 7.096579302e-01 9.960213600e+00
5.295390782e+03 6.364722424e+00 4.147590398e+00 3.446869131e-04 8.345021818e-03 7.034257719e-01 9.960122598e+00
5.309819639e+03 6.365935686e+00 4.150923556e+00 3.444505478e-04 8.342323910e-03 6.972462714e-01 9.960031629e+00
5.324248497e+03 6.367134293e+00 4.154233080e+00 3.442169647e-04 8.339655742e-03 6.911190203e-01 9.959940694e+00
5.338677355e+03 6.368318344e+00 4.157519145e+00 3.439861369e-04 8.337017046e-03 6.850436129e-01 9.959849792e+00
5.353106212e+03 6.369487938e+00 4.160781923e+00 3.437580374e-04 8.334407558e-03 6.790196459e-01 9.959758924e+00
5.367535070e+03 6.370643172e+00 4.164021589e+00 3.435326402e-04 8.331827019e-03 6.730467184e-01 9.959668087e+00
5.381963928e+03 6.371784146e+00 4.167238313e+00 3.433099190e-04 8.329275168e-03 6.671244323e-01 9.959577284e+00
5.396392786e+03 6.372910956e+00 4.170432265e+00 3.430898477e-04 8.326751749e-03 6.612523919e-01 9.959486511e+00
5.410821643e+03 6.374023699e+00 4.173603616e+00 3.428724005e-04 8.324256506e-03 6.554302040e-01 9.959395771e+00
5.425250501e+03 6.375122473e+00 4.176752534e+00 3.426575522e-04 8.321789186e-03 6.496574778e-01 9.959305062e+00
5.439679359e+03 6.376207372e+00 4.179879187e+00 3.424452775e-04 8.319349540e-03 6.439338252e-01 9.959214383e+00
5.454108216e+03 6.377278495e+00 4.182983742e+00 3.422355520e-04 8.316937322e-03 6.382588602e-01 9.959123736e+00
5.468537074e+03 6.378335936e+00 4.186066365e+00 3.420283509e-04 8.314552285e-03 6.326321996e-01 9.959033118e+00
5.482965932e+03 6.379379791e+00 4.189127221e+00 3.418236497e-04 8.312194185e-03 6.270534628e-01 9.958942530e+00
5.497394790e+03 6.380410154e+00 4.192166473e+00 3.416214245e-04 8.309862782e-03 6.215222714e-01 9.958851972e+00
5.511823647e+03 6.381427120e+00 4.195184284e+00 3.414216514e-04 8.307557837e-03 6.160382496e-01 9.958761443e+00
5.526252505e+03 6.382430784e+00 4.198180818e+00 3.412243069e-04 8.305279113e-03 6.106010238e-01 9.958670943e+00
5.540681363e+03 6.383421238e+00 4.201156234e+00 3.410293676e-04 8.303026375e-03 6.052102231e-01 9.958580471e+00
5.555110220e+03 6.384398576e+00 4.204110693e+00 3.408368106e-04 8.300799392e-03 5.998654790e-01 9.958490028e+00
5.569539078e+03 6.385362892e+00 4.207044354e+00 3.406466129e-04 8.298597932e-03 5.945664255e-01 9.958399613e+00
5.583967936e+03 6.386314277e+00 4.209957376e+00 3.404587521e-04 8.296421769e-03 5.893126989e-01 9.958309225e+00
5.598396794e+03 6.387252824e+00 4.212849916e+00 3.402732056e-04 8.294270674e-03 5.841039380e-01 9.958218865e+00
5.612825651e+03 6.388178624e+00 4.215722130e+00 3.400899514e-04 8.292144424e-03 5.789397838e-01 9.958128532e+00
5.627254509e+03 6.389091768e+00 4.218574174e+00 3.399089676e-04 8.290042797e-03 5.738198799e-01 9.958038226e+00
5.641683367e+03 6.389992348e+00 4.221406201e+00 3.397302324e-04 8.287965573e-03 5.687438725e-01 9.957947946e+00
5.656112224e+03 6.390880454e+00 4.224218367e+00 3.395537245e-04 8.285912533e-03 5.637114097e-01 9.957857692e+00
5.670541082e+03 6.391756176e+00 4.227010823e+00 3.393794226e-04 8.283883461e-03 5.587221425e-01 9.957767464e+00
5.684969940e+03 6.392619602e+00 4.229783720e+00 3.392073056e-04 8.281878143e-03 5.537757237e-01 9.957677262e+00
5.699398798e+03 6.393470824e+00 4.232537211e+00 3.390373529e-04 8.279896366e-03 5.488718088e-01 9.957587085e+00
5.713827655e+03 6.394309928e+00 4.235271445e+00 3.388695437e-04 8.277937921e-03 5.440100556e-01 9.957496933e+00
5.728256513e+03 6.395137004e+00 4.237986569e+00 3.387038577e-04 8.276002597e-03 5.391901246e-01 9.957406805e+00
5.742685371e+03 6.395952138e+00 4.240682733e+00 3.385402747e-04 8.274090189e-03 5.344116780e-01 9.957316703e+00
5.757114228e+03 6.396755420e+00 4.243360084e+00 3.383787747e-04 8.272200491e-03 5.296743809e-01 9.957226624e+00
5.771543086e+03 6.397546934e+00 4.246018767e+00 3.382193379e-04 8.270333300e-03 5.249779005e-01 9.957136569e+00
5.785971944e+03 6.398326768e+00 4.248658927e+00 3.380619447e-04 8.268488415e-03 5.203219063e-01 9.957046538e+00
5.800400802e+03 6.399095008e+00 4.251280710e+00 3.379065761e-04 8.266665637e-03 5.157060695e-01 9.956956530e+00
5.814829659e+03 6.399851740e+00 4.253884258e+00 3.377532126e-04 8.264864769e-03 5.111300644e-01 9.956866546e+00
5.829258517e+03 6.400597049e+00 4.256469713e+00 3.376018354e-04 8.263085615e-03 5.065935675e-01 9.956776584e+00
5.843687375e+03 6.401331019e+00 4.259037218e+00 3.374524255e-04 8.261327979e-03 5.020962575e-01 9.956686644e+00
5.858116232e+03 6.402053734e+00 4.261586913e+00 3.373049644e-04 8.259591670e-03 4.976378152e-01 9.956596728e+00
5.872545090e+03 6.402765279e+00 4.264118936e+00 3.371594336e-04 8.257876497e-03 4.932179240e-01 9.956506833e+00
5.886973948e+03 6.403465736e+00 4.266633428e+00 3.370158150e-04 8.256182270e-03 4.888362692e-01 9.956416959e+00
5.901402806e+03 6.404155189e+00 4.269130526e+00 3.368740903e-04 8.254508803e-03 4.844925386e-01 9.956327108e+00
5.915831663e+03 6.404833720e+00 4.271610367e+00 3.367342422e-04 8.252855912e-03 4.801864212e-01 9.956237278e+00
5.930260521e+03 6.405501411e+00 4.274073087e+00 3.365962527e-04 8.251223412e-03 4.759176095e-01 9.956147468e+00
5.944689379e+03 6.406158345e+00 4.276518821e+00 3.364601043e-04 8.249611120e-03 4.716857978e-01 9.956057680e+00
5.959118236e+03 6.406804600e+00 4.278947704e+00 3.363257798e-04 8.248018856e-03 4.674906828e-01 9.955967912e+00
5.973547094e+03 6.407440260e+00 4.281359869e+00 3.361932619e-04 8.246446441e-03 4.633319630e-01 9.955878164e+00
5.987975952e+03 6.408065402e+00 4.283755448e+00 3.360625336e-04 8.244893698e-03 4.592093393e-01 9.955788437e+00
6.002404810e+03 6.408680108e+00 4.286134573e+00 3.359335782e-04 8.243360450e-03 4.551225148e-01 9.955698729e+00
6.016833667e+03 6.409284457e+00 4.288497374e+00 3.358063790e-04 8.241846524e-03 4.510711946e-01 9.955609041e+00
6.031262525e+03 6.409878527e+00 4.290843983e+00 3.356809198e-04 8.240351748e-03 4.470550854e-01 9.955519372e+00
6.045691383e+03 6.410462398e+00 4.293174527e+00 3.355571840e-04 8.238875950e-03 4.430738970e-01 9.955429723e+00
6.060120240e+03 6.411036146e+00 4.295489134e+00 3.354351557e-04 8.237418961e-03 4.391273409e-01 9.955340092e+00
6.074549098e+03 6.411599849e+00 4.297787933e+00 3.353148187e-04 8.235980613e-03 4.352151309e-01 9.955250480e+00
6.088977956e+03 6.412153585e+00 4.300071049e+00 3.351961573e-04 8.234560739e-03 4.313369827e-01 9.955160887e+00
6.103406814e+03 6.412697429e+00 4.302338607e+00 3.350791559e-04 8.233159174e-03 4.274926141e-01 9.955071311e+00
6.117835671e+03 6.413231459e+00 4.304590734e+00 3.349637988e-04 8.231775755e-03 4.236817452e-01 9.954981754e+00
6.132264529e+03 6.413755749e+00 4.306827551e+00 3.348500708e-04 8.230410320e-03 4.199040978e-01 9.954892215e+00
6.146693387e+03 6.414270376e+00 4.309049182e+00 3.347379568e-04 8.229062708e-03 4.161593957e-01 9.954802693e+00
6.161122244e+03 6.414775413e+00 4.311255750e+00 3.346274416e-04 8.227732761e-03 4.124473653e-01 9.954713188e+00
6.175551102e+03 6.415270935e+00 4.313447376e+00 3.345185104e-04 8.226420320e-03 4.087677346e-01 9.954623701e+00
6.189979960e+03 6.415757016e+00 4.315624179e+00 3.344111484e-04 8.225125230e-03 4.051202338e-01 9.954534230e+00
6.204408818e+03 6.416233729e+00 4.317786280e+00 3.343053409e-04 8.223847334e-03 4.015045951e-01 9.954444777e+00
6.218837675e+03 6.416701147e+00 4.319933797e+00 3.342010736e-04 8.222586480e-03 3.979205527e-01 9.954355340e+00
6.233266533e+03 6.417159343e+00 4.322066848e+00 3.340983321e-04 8.221342516e-03 3.943678428e-01 9.954265919e+00
6.247695391e+03 6.417608389e+00 4.324185551e+00 3.339971023e-04 8.220115290e-03 3.908462035e-01 9.954176514e+00
6.262124248e+03 6.418048357e+00 4.326290021e+00 3.338973702e-04 8.218904655e-03 3.873553747e-01 9.954087125e+00
6.276553106e+03 6.418479317e+00 4.328380374e+00 3.337991218e-04 8.217710461e-03 3.838950988e-01 9.953997752e+00
6.290981964e+03 6.418901340e+00 4.330456724e+00 3.337023434e-04 8.216532562e-03 3.804651196e-01 9.953908395e+00
6.305410822e+03 6.419314497e+00 4.332519185e+00 3.336070214e-04 8.215370811e-03 3.770651832e-01 9.953819052e+00
6.319839679e+03 6.419718857e+00 4.334567871e+00 3.335131422e-04 8.214225067e-03 3.736950375e-01 9.953729725e+00
6.334268537e+03 6.420114490e+00 4.336602893e+00 3.334206925e-04 8.213095184e-03 3.703544323e-01 9.953640413e+00
6.348697395e+03 6.420501464e+00 4.338624363e+00 3.333296590e-04 8.211981022e-03 3.670431194e-01 9.953551115e+00
6.363126253e+03 6.420879849e+00 4.340632391e+00 3.332400287e-04 8.210882440e-03 3.637608522e-01 9.953461833e+00
6.377555110e+03 6.421249712e+00 4.342627087e+00 3.331517889e-04 8.209799301e-03 3.605073863e-01 9.953372564e+00
6.391983968e+03 6.421611121e+00 4.344608561e+00 3.330649265e-04 8.208731467e-03 3.572824790e-01 9.953283310e+00
6.406412826e+03 6.421964144e+00 4.346576920e+00 3.329794287e-04 8.207678800e-03 3.540858896e-01 9.953194069e+00
6.420841683e+03 6.422308846e+00 4.348532272e+00 3.328952831e-04 8.206641165e-03 3.509173793e-01 9.953104843e+00
6.435270541e+03 6.422645294e+00 4.350474723e+00 3.328124771e-04 8.205618428e-03 3.477767110e-01 9.953015630e+00
6.449699399e+03 6.422973554e+00 4.352404379e+00 3.327309984e-04 8.204610456e-03 3.446636493e-01 9.952926431e+00
6.464128257e+03 6.423293691e+00 4.354321345e+00 3.326508347e-04 8.203617118e-03 3.415779610e-01 9.952837244e+00
6.478557114e+03 6.423605770e+00 4.356225727e+00 3.325719739e-04 8.202638283e-03 3.385194144e-01 9.952748071e+00
6.492985972e+03 6.423909856e+00 4.358117626e+00 3.324944040e-04 8.201673821e-03 3.354877798e-01 9.952658911e+00
6.507414830e+03 6.424206014e+00 4.359997146e+00 3.324181132e-04 8.200723604e-03 3.324828289e-01 9.952569764e+00
6.521843687e+03 6.424494306e+00 4.361864389e+00 3.323430899e-04 8.199787507e-03 3.295043354e-01 9.952480629e+00
6.536272545e+03 6.424774796e+00 4.363719457e+00 3.322693224e-04 8.198865402e-03 3.265520750e-01 9.952391507e+00
6.550701403e+03 6.425047547e+00 4.365562449e+00 3.321967989e-04 8.197957165e-03 3.236258248e-01 9.952302396e+00
6.565130261e+03 6.425312622e+00 4.367393466e+00 3.321255082e-04 8.197062673e-03 3.207253640e-01 9.952213298e+00
6.579559118e+03 6.425570081e+00 4.369212606e+00 3.320554389e-04 8.196181801e-03 3.178504732e-01 9.952124212e+00
6.593987976e+03 6.425819987e+00 4.371019968e+00 3.319865797e-04 8.195314429e-03 3.150009349e-01 9.952035138e+00
6.608416834e+03 6.426062401e+00 4.372815649e+00 3.319189196e-04 8.194460437e-03 3.121765332e-01 9.951946075e+00
6.622845691e+03 6.426297384e+00 4.374599747e+00 3.318524476e-04 8.193619704e-03 3.093770541e-01 9.951857024e+00
6.637274549e+03 6.426524995e+00 4.376372357e+00 3.317871527e-04 8.192792113e-03 3.066022850e-01 9.951767984e+00
6.651703407e+03 6.426745295e+00 4.378133575e+00 3.317230246e-04 8.191977549e-03 3.038520152e-01 9.951678955e+00
6.666132265e+03 6.426958345e+00 4.379883496e+00 3.316600525e-04 8.191175895e-03 3.011260353e-01 9.951589936e+00
6.680561122e+03 6.427164201e+00 4.381622213e+00 3.315982257e-04 8.190387037e-03 2.984241382e-01 9.951500929e+00
6.694989980e+03 6.427362924e+00 4.383349821e+00 3.315375339e-04 8.189610859e-03 2.957461178e-01 9.951411933e+00
6.709418838e+03 6.427554572e+00 4.385066411e+00 3.314779665e-04 8.188847249e-03 2.930917701e-01 9.951322946e+00
6.723847695e+03 6.427739201e+00 4.386772075e+00 3.314195134e-04 8.188096095e-03 2.904608924e-01 9.951233971e+00
6.738276553e+03 6.427916871e+00 4.388466904e+00 3.313621644e-04 8.187357286e-03 2.878532839e-01 9.951145005e+00
6.752705411e+03 6.428087637e+00 4.390150990e+00 3.313059095e-04 8.186630712e-03 2.852687450e-01 9.951056050e+00
6.767134269e+03 6.428251556e+00 4.391824422e+00 3.312507386e-04 8.185916264e-03 2.827070781e-01 9.950967104e+00
6.781563126e+03 6.428408685e+00 4.393487288e+00 3.311966419e-04 8.185213835e-03 2.801680870e-01 9.950878168e+00
6.795991984e+03 6.428559080e+00 4.395139677e+00 3.311436097e-04 8.184523316e-03 2.776515772e-01 9.950789242e+00
6.810420842e+03 6.428702795e+00 4.396781677e+00 3.310916321e-04 8.183844602e-03 2.751573555e-01 9.950700325e+00
6.824849699e+03 6.428839886e+00 4.398413375e+00 3.310406997e-04 8.183177587e-03 2.726852305e-01 9.950611417e+00
6.839278557e+03 6.428970408e+00 4.400034857e+00 3.309908029e-04 8.182522167e-03 2.702350122e-01 9.950522519e+00
6.853707415e+03 6.429094414e+00 4.401646209e+00 3.309419324e-04 8.181878240e-03 2.678065120e-01 9.950433630e+00
6.868136273e+03 6.429211959e+00 4.403247516e+00 3.308940787e-04 8.181245702e-03 2.653995431e-01 9.950344749e+00
6.882565130e+03 6.429323096e+00 4.404838862e+00 3.308472326e-04 8.180624452e-03 2.630139200e-01 9.950255878e+00
6.896993988e+03 6.429427878e+00 4.406420331e+00 3.308013850e-04 8.180014389e-03 2.606494588e-01 9.950167015e+00
6.911422846e+03 6.429526357e+00 4.407992006e+00 3.307565268e-04 8.179415413e-03 2.583059770e-01 9.950078160e+00
6.925851703e+03 6.429618587e+00 4.409553970e+00 3.307126489e-04 8.178827426e-03 2.559832936e-01 9.949989314e+00
6.940280561e+03 6.429704619e+00 4.411106306e+00 3.306697432e-04 8.178250335e-03 2.536812296e-01 9.949900476e+00
6.954709419e+03 6.429784506e+00 4.412649094e+00 3.306278002e-04 8.177684039e-03 2.513996067e-01 9.949811646e+00
6.969138277e+03 6.429858298e+00 4.414182414e+00 3.305868115e-04 8.177128443e-03 2.491382482e-01 9.949722824e+00
6.983567134e+03 6.429926045e+00 4.415706348e+00 3.305467683e-04 8.176583451e-03 2.468969790e-01 9.949634010e+00
6.997995992e+03 6.429987799e+00 4.417220973e+00 3.305076622e-04 8.176048970e-03 2.446756254e-01 9.949545204e+00
7.012424850e+03 6.430043610e+00 4.418726370e+00 3.304694845e-04 8.175524905e-03 2.424740149e-01 9.949456405e+00
7.026853707e+03 6.430093527e+00 4.420222616e+00 3.304322271e-04 8.175011164e-03 2.402919766e-01 9.949367614e+00
7.041282565e+03 6.430137600e+00 4.421709788e+00 3.303958815e-04 8.174507655e-03 2.381293411e-01 9.949278830e+00
7.055711423e+03 6.430175877e+00 4.423187965e+00 3.303604395e-04 8.174014288e-03 2.359859401e-01 9.949190053e+00
7.070140281e+03 6.430208407e+00 4.424657220e+00 3.303258930e-04 8.173530972e-03 2.338616070e-01 9.949101284e+00
7.084569138e+03 6.430235238e+00 4.426117627e+00 3.302922342e-04 8.173057620e-03 2.317561768e-01 9.949012521e+00
7.098997996e+03 6.430256417e+00 4.427569263e+00 3.302594549e-04 8.172594141e-03 2.296694852e-01 9.948923765e+00
7.113426854e+03 6.430271992e+00 4.429012203e+00 3.302275473e-04 8.172140449e-03 2.276013694e-01 9.948835016e+00
7.127855711e+03 6.430282011e+00 4.430446519e+00 3.301965034e-04 8.171696457e-03 2.255516682e-01 9.948746274e+00
7.142284569e+03 6.430286519e+00 4.431872285e+00 3.301663156e-04 8.171262079e-03 2.235202213e-01 9.948657538e+00
7.156713427e+03 6.430285564e+00 4.433289573e+00 3.301369762e-04 8.170837228e-03 2.215068702e-01 9.948568808e+00
7.171142285e+03 6.430279190e+00 4.434698455e+00 3.301084775e-04 8.170421822e-03 2.195114574e-01 9.948480085e+00
7.185571142e+03 6.430267445e+00 4.436099002e+00 3.300808121e-04 8.170015776e-03 2.175338268e-01 9.948391368e+00
7.200000000e+03 6.430250373e+00 4.437491284e+00 3.300539725e-04 8.169619008e-03 2.155738236e-01 9.948302657e+00
