time            Cj              Ck              shCj            shCk           
0.000000000e+00 1.000000000e+00 0.000000000e+00 0.000000000e+00 0.000000000e+00
1.442885772e+01 8.200363965e-01 7.904296596e-03 0.000000000e+00 4.923804425e-03
2.885771543e+01 7.131565462e-01 1.553860356e-02 0.000000000e+00 9.847233762e-03
4.328657315e+01 6.497870686e-01 2.466124053e-02 0.000000000e+00 1.477028805e-02
5.771543086e+01 6.123985772e-01 3.641824913e-02 0.000000000e+00 1.969296734e-02
7.214428858e+01 5.906215064e-01 5.127909728e-02 0.000000000e+00 2.461527167e-02
8.657314629e+01 5.783475822e-01 6.921415246e-02 0.000000000e+00 2.953720107e-02
1.010020040e+02 5.720061132e-01 8.989929921e-02 0.000000000e+00 3.445875561e-02
1.154308617e+02 5.695357709e-01 1.128780771e-01 0.000000000e+00 3.937993530e-02
1.298597194e+02 5.697694218e-01 1.376698373e-01 0.000000000e+00 4.430074021e-02
1.442885772e+02 5.720655030e-01 1.638325257e-01 0.000000000e+00 4.922117037e-02
1.587174349e+02 5.760872479e-01 1.909930407e-01 0.000000000e+00 5.414122582e-02
1.731462926e+02 5.816709553e-01 2.188567838e-01 0.000000000e+00 5.906090662e-02
1.875751503e+02 5.887480580e-01 2.472051373e-01 0.000000000e+00 6.398021278e-02
2.020040080e+02 5.972996760e-01 2.758868276e-01 0.000000000e+00 6.889914438e-02
2.164328657e+02 6.073307864e-01 3.048069285e-01 0.000000000e+00 7.381770143e-02
2.308617234e+02 6.188560670e-01 3.339157053e-01 0.000000000e+00 7.873588399e-02
2.452905812e+02 6.318926676e-01 3.631984500e-01 0.000000000e+00 8.365369210e-02
2.597194389e+02 6.464569454e-01 3.926668060e-01 0.000000000e+00 8.857112581e-02
2.741482966e+02 6.625634058e-01 4.223516834e-01 0.000000000e+00 9.348818514e-02
2.885771543e+02 6.802248094e-01 4.522976953e-01 0.000000000e+00 9.840487016e-02
3.030060120e+02 6.994527853e-01 4.825589050e-01 0.000000000e+00 1.033211809e-01
3.174348697e+02 7.202586441e-01 5.131956599e-01 0.000000000e+00 1.082371174e-01
3.318637275e+02 7.426541817e-01 5.442723000e-01 0.000000000e+00 1.131526797e-01
3.462925852e+02 7.666523923e-01 5.758555537e-01 0.000000000e+00 1.180678678e-01
3.607214429e+02 7.922680485e-01 6.080134445e-01 0.000000000e+00 1.229826819e-01
3.751503006e+02 8.195181601e-01 6.408145790e-01 0.000000000e+00 1.278971218e-01
3.895791583e+02 8.484223087e-01 6.743277154e-01 0.000000000e+00 1.328111878e-01
4.040080160e+02 8.790028857e-01 7.086215290e-01 0.000000000e+00 1.377248797e-01
4.184368737e+02 9.112852480e-01 7.437645143e-01 0.000000000e+00 1.426381977e-01
4.328657315e+02 9.452978135e-01 7.798249799e-01 0.000000000e+00 1.475511418e-01
4.472945892e+02 9.810721069e-01 8.168711042e-01 0.000000000e+00 1.524637121e-01
4.617234469e+02 1.018642778e+00 8.549710238e-01 0.000000000e+00 1.573759085e-01
4.761523046e+02 1.058047589e+00 8.941929548e-01 0.000000000e+00 1.622877312e-01
4.905811623e+02 1.099327389e+00 9.346053147e-01 0.000000000e+00 1.671991801e-01
5.050100200e+02 1.142526081e+00 9.762768463e-01 0.000000000e+00 1.721102554e-01
5.194388778e+02 1.187690582e+00 1.019276749e+00 0.000000000e+00 1.770209570e-01
5.338677355e+02 1.234870779e+00 1.063674799e+00 0.000000000e+00 1.819312850e-01
5.482965932e+02 1.284119483e+00 1.109541471e+00 0.000000000e+00 1.868412394e-01
5.627254509e+02 1.335492386e+00 1.156948042e+00 0.000000000e+00 1.917508204e-01
5.771543086e+02 1.389048015e+00 1.205966700e+00 0.000000000e+00 1.966600278e-01
5.915831663e+02 1.444847690e+00 1.256670635e+00 0.000000000e+00 2.015688618e-01
6.060120240e+02 1.502955479e+00 1.309134131e+00 0.000000000e+00 2.064773224e-01
6.204408818e+02 1.563438157e+00 1.363432643e+00 0.000000000e+00 2.113854097e-01
6.348697395e+02 1.626365163e+00 1.419642872e+00 0.000000000e+00 2.162931237e-01
6.492985972e+02 1.691808556e+00 1.477842832e+00 0.000000000e+00 2.212004644e-01
6.637274549e+02 1.759842969e+00 1.538111907e+00 0.000000000e+00 2.261074319e-01
6.781563126e+02 1.830545563e+00 1.600530903e+00 0.000000000e+00 2.310140262e-01
6.925851703e+02 1.903995977e+00 1.665182089e+00 0.000000000e+00 2.359202473e-01
7.070140281e+02 1.980276275e+00 1.732149242e+00 0.000000000e+00 2.408260954e-01
7.214428858e+02 2.059470891e+00 1.801517664e+00 0.000000000e+00 2.457315704e-01
7.358717435e+02 2.141666561e+00 1.873374213e+00 0.000000000e+00 2.506366724e-01
7.503006012e+02 2.226952265e+00 1.947807312e+00 0.000000000e+00 2.555414015e-01
7.647294589e+02 2.315419146e+00 2.024906955e+00 0.000000000e+00 2.604457576e-01
7.791583166e+02 2.407160434e+00 2.104764699e+00 0.000000000e+00 2.653497408e-01
7.935871743e+02 2.502271356e+00 2.187473658e+00 0.000000000e+00 2.702533512e-01
8.080160321e+02 2.600849040e+00 2.273128476e+00 0.000000000e+00 2.751565888e-01
8.224448898e+02 2.702992414e+00 2.361825295e+00 0.000000000e+00 2.800594536e-01
8.368737475e+02 2.808802086e+00 2.453661714e+00 0.000000000e+00 2.849619457e-01
8.513026052e+02 2.918380219e+00 2.548736738e+00 0.000000000e+00 2.898640652e-01
8.657314629e+02 3.031830397e+00 2.647150708e+00 0.000000000e+00 2.947658120e-01
8.801603206e+02 3.149257485e+00 2.749005233e+00 0.000000000e+00 2.996671862e-01
8.945891784e+02 3.270767465e+00 2.854403108e+00 0.000000000e+00 3.045681879e-01
9.090180361e+02 3.396467262e+00 2.963448206e+00 0.000000000e+00 3.094688171e-01
9.234468938e+02 3.526464550e+00 3.076245362e+00 0.000000000e+00 3.143690738e-01
9.378757515e+02 3.660867563e+00 3.192900248e+00 0.000000000e+00 3.192689581e-01
9.523046092e+02 3.799784883e+00 3.313519250e+00 0.000000000e+00 3.241684700e-01
9.667334669e+02 3.943325211e+00 3.438209306e+00 0.000000000e+00 3.290676096e-01
9.811623246e+02 4.091597125e+00 3.567077739e+00 0.000000000e+00 3.339663768e-01
9.955911824e+02 4.244708813e+00 3.700232064e+00 0.000000000e+00 3.388647719e-01
1.010020040e+03 4.402767812e+00 3.837779809e+00 0.000000000e+00 3.437627947e-01
1.024448898e+03 4.565880715e+00 3.979828305e+00 0.000000000e+00 3.486604454e-01
1.038877756e+03 4.734152876e+00 4.126484454e+00 0.000000000e+00 3.535577239e-01
1.053306613e+03 4.907688066e+00 4.277854467e+00 0.000000000e+00 3.584546303e-01
1.067735471e+03 5.086588203e+00 4.434043659e+00 0.000000000e+00 3.633511647e-01
1.082164329e+03 5.270952928e+00 4.595156126e+00 0.000000000e+00 3.682473272e-01
1.096593186e+03 5.460879359e+00 4.761294550e+00 0.000000000e+00 3.731431176e-01
1.111022044e+03 5.656461528e+00 4.932559750e+00 0.000000000e+00 3.780385362e-01
1.125450902e+03 5.857790152e+00 5.109050446e+00 0.000000000e+00 3.829335828e-01
1.139879760e+03 6.064952210e+00 5.290862934e+00 0.000000000e+00 3.878282577e-01
1.154308617e+03 6.278030584e+00 5.478090895e+00 0.000000000e+00 3.927225607e-01
1.168737475e+03 6.497103590e+00 5.670824801e+00 0.000000000e+00 3.976164920e-01
1.183166333e+03 6.722244514e+00 5.869151636e+00 0.000000000e+00 4.025100516e-01
1.197595190e+03 6.953521285e+00 6.073154607e+00 0.000000000e+00 4.074032396e-01
1.212024048e+03 7.190996020e+00 6.282912699e+00 0.000000000e+00 4.122960559e-01
1.226452906e+03 7.434724599e+00 6.498500344e+00 0.000000000e+00 4.171885006e-01
1.240881764e+03 7.684756251e+00 6.719986981e+00 0.000000000e+00 4.220805738e-01
1.255310621e+03 7.941133137e+00 6.947436709e+00 0.000000000e+00 4.269722755e-01
1.269739479e+03 8.203889944e+00 7.180907887e+00 0.000000000e+00 4.318636058e-01
1.284168337e+03 8.473053490e+00 7.420452753e+00 0.000000000e+00 4.367545647e-01
1.298597194e+03 8.748642340e+00 7.666117044e+00 0.000000000e+00 4.416451521e-01
1.313026052e+03 9.030666443e+00 7.917939623e+00 0.000000000e+00 4.465353683e-01
1.327454910e+03 9.319126780e+00 8.175952119e+00 0.000000000e+00 4.514252132e-01
1.341883768e+03 9.614015044e+00 8.440178572e+00 0.000000000e+00 4.563146868e-01
1.356312625e+03 9.915313338e+00 8.710635098e+00 0.000000000e+00 4.612037892e-01
1.370741483e+03 1.022299390e+01 8.987329573e+00 0.000000000e+00 4.660925205e-01
1.385170341e+03 1.053701888e+01 9.270261331e+00 0.000000000e+00 4.709808807e-01
1.399599198e+03 1.085734011e+01 9.559420894e+00 0.000000000e+00 4.758688698e-01
1.414028056e+03 1.118389896e+01 9.854789714e+00 0.000000000e+00 4.807564878e-01
1.428456914e+03 1.151662617e+01 1.015633996e+01 0.000000000e+00 4.856437349e-01
1.442885772e+03 1.185544183e+01 1.046403433e+01 0.000000000e+00 4.905306110e-01
1.457314629e+03 1.220025525e+01 1.077782588e+01 0.000000000e+00 4.954171162e-01
1.471743487e+03 1.255096503e+01 1.109765792e+01 0.000000000e+00 5.003032506e-01
1.486172345e+03 1.290745909e+01 1.142346391e+01 0.000000000e+00 5.051890141e-01
1.500601202e+03 1.326961473e+01 1.175516743e+01 0.000000000e+00 5.100744068e-01
1.515030060e+03 1.363729884e+01 1.209268218e+01 0.000000000e+00 5.149594288e-01
1.529458918e+03 1.401036802e+01 1.243591200e+01 0.000000000e+00 5.198440801e-01
1.543887776e+03 1.438866887e+01 1.278475096e+01 0.000000000e+00 5.247283608e-01
1.558316633e+03 1.477203829e+01 1.313908348e+01 0.000000000e+00 5.296122708e-01
1.572745491e+03 1.516030377e+01 1.349878451e+01 0.000000000e+00 5.344958103e-01
1.587174349e+03 1.555328379e+01 1.386371970e+01 0.000000000e+00 5.393789792e-01
1.601603206e+03 1.595078829e+01 1.423374571e+01 0.000000000e+00 5.442617777e-01
1.616032064e+03 1.635261907e+01 1.460871046e+01 0.000000000e+00 5.491442057e-01
1.630460922e+03 1.675857035e+01 1.498845348e+01 0.000000000e+00 5.540262633e-01
1.644889780e+03 1.716842928e+01 1.537280627e+01 0.000000000e+00 5.589079506e-01
1.659318637e+03 1.758197654e+01 1.576159273e+01 0.000000000e+00 5.637892675e-01
1.673747495e+03 1.799898694e+01 1.615462960e+01 0.000000000e+00 5.686702141e-01
1.688176353e+03 1.841923003e+01 1.655172692e+01 0.000000000e+00 5.735507906e-01
1.702605210e+03 1.884247078e+01 1.695268854e+01 0.000000000e+00 5.784309968e-01
1.717034068e+03 1.926847025e+01 1.735731266e+01 0.000000000e+00 5.833108328e-01
1.731462926e+03 1.969698622e+01 1.776539237e+01 0.000000000e+00 5.881902988e-01
1.745891784e+03 2.012777396e+01 1.817671622e+01 0.000000000e+00 5.930693947e-01
1.760320641e+03 2.056058688e+01 1.859106883e+01 0.000000000e+00 5.979481206e-01
1.774749499e+03 2.099517717e+01 1.900823144e+01 0.000000000e+00 6.028264764e-01
1.789178357e+03 2.143129657e+01 1.942798253e+01 0.000000000e+00 6.077044624e-01
1.803607214e+03 2.186869704e+01 1.985009848e+01 0.000000000e+00 6.125820784e-01
1.818036072e+03 2.230713137e+01 2.027435409e+01 0.000000000e+00 6.174593246e-01
1.832464930e+03 2.274635385e+01 2.070052325e+01 0.000000000e+00 6.223362009e-01
1.846893788e+03 2.318612095e+01 2.112837953e+01 0.000000000e+00 6.272127075e-01
1.861322645e+03 2.362619184e+01 2.155769672e+01 0.000000000e+00 6.320888443e-01
1.875751503e+03 2.406632901e+01 2.198824945e+01 0.000000000e+00 6.369646115e-01
1.890180361e+03 2.450629885e+01 2.241981372e+01 0.000000000e+00 6.418400090e-01
1.904609218e+03 2.494587209e+01 2.285216748e+01 0.000000000e+00 6.467150369e-01
1.919038076e+03 2.538482428e+01 2.328509102e+01 0.000000000e+00 6.515896952e-01
1.933466934e+03 2.582293633e+01 2.371836764e+01 0.000000000e+00 6.564639840e-01
1.947895792e+03 2.625999475e+01 2.415178388e+01 0.000000000e+00 6.613379033e-01
1.962324649e+03 2.669579220e+01 2.458513018e+01 0.000000000e+00 6.662114532e-01
1.976753507e+03 2.713012775e+01 2.501820116e+01 0.000000000e+00 6.710846337e-01
1.991182365e+03 2.756280713e+01 2.545079603e+01 0.000000000e+00 6.759574448e-01
2.005611222e+03 2.799364314e+01 2.588271897e+01 0.000000000e+00 6.808298866e-01
2.020040080e+03 2.842245565e+01 2.631377937e+01 0.000000000e+00 6.857019591e-01
2.034468938e+03 2.884907188e+01 2.674379207e+01 0.000000000e+00 6.905736624e-01
2.048897796e+03 2.927332663e+01 2.717257777e+01 0.000000000e+00 6.954449965e-01
2.063326653e+03 2.969506230e+01 2.759996316e+01 0.000000000e+00 7.003159614e-01
2.077755511e+03 3.011412897e+01 2.802578102e+01 0.000000000e+00 7.051865573e-01
2.092184369e+03 3.053038441e+01 2.844987047e+01 0.000000000e+00 7.100567841e-01
2.106613226e+03 3.094369425e+01 2.887207716e+01 0.000000000e+00 7.149266418e-01
2.121042084e+03 3.135393164e+01 2.929225308e+01 0.000000000e+00 7.197961306e-01
2.135470942e+03 3.176097755e+01 2.971025694e+01 0.000000000e+00 7.246652504e-01
2.149899800e+03 3.216472072e+01 3.012595420e+01 0.000000000e+00 7.295340013e-01
2.164328657e+03 3.256505740e+01 3.053921701e+01 0.000000000e+00 7.344023834e-01
2.178757515e+03 3.296189093e+01 3.094992392e+01 0.000000000e+00 7.392703966e-01
2.193186373e+03 3.335513292e+01 3.135796091e+01 0.000000000e+00 7.441380411e-01
2.207615230e+03 3.374470065e+01 3.176321925e+01 0.000000000e+00 7.490053168e-01
2.222044088e+03 3.413051939e+01 3.216559763e+01 0.000000000e+00 7.538722238e-01
2.236472946e+03 3.451252086e+01 3.256500088e+01 0.000000000e+00 7.587387622e-01
2.250901804e+03 3.489064345e+01 3.296134017e+01 0.000000000e+00 7.636049320e-01
2.265330661e+03 3.526483207e+01 3.335453300e+01 0.000000000e+00 7.684707332e-01
2.279759519e+03 3.563503771e+01 3.374450284e+01 0.000000000e+00 7.733361659e-01
2.294188377e+03 3.600121728e+01 3.413117905e+01 0.000000000e+00 7.782012301e-01
2.308617234e+03 3.636333360e+01 3.451449690e+01 0.000000000e+00 7.830659259e-01
2.323046092e+03 3.672135517e+01 3.489439740e+01 0.000000000e+00 7.879302533e-01
2.337474950e+03 3.707525581e+01 3.527082706e+01 0.000000000e+00 7.927942123e-01
2.351903808e+03 3.742501407e+01 3.564373743e+01 0.000000000e+00 7.976578029e-01
2.366332665e+03 3.777061334e+01 3.601308507e+01 0.000000000e+00 8.025210253e-01
2.380761523e+03 3.811204230e+01 3.637883213e+01 0.000000000e+00 8.073838795e-01
2.395190381e+03 3.844929352e+01 3.674094498e+01 0.000000000e+00 8.122463655e-01
2.409619238e+03 3.878236377e+01 3.709939466e+01 0.000000000e+00 8.171084833e-01
2.424048096e+03 3.911125378e+01 3.745415657e+01 0.000000000e+00 8.219702330e-01
2.438476954e+03 3.943596816e+01 3.780521043e+01 0.000000000e+00 8.268316147e-01
2.452905812e+03 3.975651499e+01 3.815253996e+01 0.000000000e+00 8.316926283e-01
2.467334669e+03 4.007290568e+01 3.849613270e+01 0.000000000e+00 8.365532739e-01
2.481763527e+03 4.038515477e+01 3.883597985e+01 0.000000000e+00 8.414135516e-01
2.496192385e+03 4.069327971e+01 3.917207608e+01 0.000000000e+00 8.462734614e-01
2.510621242e+03 4.099730070e+01 3.950441939e+01 0.000000000e+00 8.511330033e-01
2.525050100e+03 4.129724047e+01 3.983301087e+01 0.000000000e+00 8.559921774e-01
2.539478958e+03 4.159312412e+01 4.015785459e+01 0.000000000e+00 8.608509837e-01
2.553907816e+03 4.188497899e+01 4.047895742e+01 0.000000000e+00 8.657094223e-01
2.568336673e+03 4.217283438e+01 4.079632885e+01 0.000000000e+00 8.705674932e-01
2.582765531e+03 4.245672153e+01 4.110998086e+01 0.000000000e+00 8.754251965e-01
2.597194389e+03 4.273667336e+01 4.141992774e+01 0.000000000e+00 8.802825321e-01
2.611623246e+03 4.301272438e+01 4.172618597e+01 0.000000000e+00 8.851395001e-01
2.626052104e+03 4.328491055e+01 4.202877406e+01 0.000000000e+00 8.899961007e-01
2.640480962e+03 4.355326909e+01 4.232771243e+01 0.000000000e+00 8.948523337e-01
2.654909820e+03 4.381783845e+01 4.262302326e+01 0.000000000e+00 8.997081993e-01
2.669338677e+03 4.407865810e+01 4.291473038e+01 0.000000000e+00 9.045636975e-01
2.683767535e+03 4.433576847e+01 4.320285911e+01 0.000000000e+00 9.094188283e-01
2.698196393e+03 4.458921082e+01 4.348743622e+01 0.000000000e+00 9.142735918e-01
2.712625251e+03 4.483902715e+01 4.376848974e+01 0.000000000e+00 9.191279880e-01
2.727054108e+03 4.508526009e+01 4.404604888e+01 0.000000000e+00 9.239820170e-01
2.741482966e+03 4.532795281e+01 4.432014395e+01 0.000000000e+00 9.288356788e-01
2.755911824e+03 4.556714896e+01 4.459080625e+01 0.000000000e+00 9.336889734e-01
2.770340681e+03 4.580289256e+01 4.485806795e+01 0.000000000e+00 9.385419009e-01
2.784769539e+03 4.603522793e+01 4.512196204e+01 0.000000000e+00 9.433944613e-01
2.799198397e+03 4.626419962e+01 4.538252224e+01 0.000000000e+00 9.482466547e-01
2.813627255e+03 4.648985237e+01 4.563978288e+01 0.000000000e+00 9.530984811e-01
2.828056112e+03 4.671223100e+01 4.589377890e+01 0.000000000e+00 9.579499406e-01
2.842484970e+03 4.693138038e+01 4.614454570e+01 0.000000000e+00 9.628010331e-01
2.856913828e+03 4.714734540e+01 4.639211912e+01 0.000000000e+00 9.676517588e-01
2.871342685e+03 4.736017087e+01 4.663653539e+01 0.000000000e+00 9.725021176e-01
2.885771543e+03 4.756990149e+01 4.687783102e+01 0.000000000e+00 9.773521097e-01
2.900200401e+03 4.777658184e+01 4.711604277e+01 0.000000000e+00 9.822017350e-01
2.914629259e+03 4.798025628e+01 4.735120760e+01 0.000000000e+00 9.870509936e-01
2.929058116e+03 4.818096899e+01 4.758336262e+01 0.000000000e+00 9.918998856e-01
2.943486974e+03 4.837876386e+01 4.781254506e+01 0.000000000e+00 9.967484109e-01
2.957915832e+03 4.857368452e+01 4.803879218e+01 0.000000000e+00 1.001596570e+00
2.972344689e+03 4.876577425e+01 4.826214125e+01 0.000000000e+00 1.006444362e+00
2.986773547e+03 4.895507602e+01 4.848262957e+01 0.000000000e+00 1.011291788e+00
3.001202405e+03 4.914163242e+01 4.870029432e+01 0.000000000e+00 1.016138847e+00
3.015631263e+03 4.932548565e+01 4.891517263e+01 0.000000000e+00 1.020985540e+00
3.030060120e+03 4.950667752e+01 4.912730148e+01 0.000000000e+00 1.025831866e+00
3.044488978e+03 4.968524941e+01 4.933671776e+01 0.000000000e+00 1.030677826e+00
3.058917836e+03 4.986124226e+01 4.954345812e+01 0.000000000e+00 1.035523420e+00
3.073346693e+03 5.003469655e+01 4.974755902e+01 0.000000000e+00 1.040368648e+00
3.087775551e+03 5.020565230e+01 4.994905674e+01 0.000000000e+00 1.045213509e+00
3.102204409e+03 5.037414908e+01 5.014798729e+01 0.000000000e+00 1.050058004e+00
3.116633267e+03 5.054022594e+01 5.034438641e+01 0.000000000e+00 1.054902134e+00
3.131062124e+03 5.070392144e+01 5.053828956e+01 0.000000000e+00 1.059745897e+00
3.145490982e+03 5.086527367e+01 5.072973193e+01 0.000000000e+00 1.064589294e+00
3.159919840e+03 5.102432019e+01 5.091874837e+01 0.000000000e+00 1.069432325e+00
3.174348697e+03 5.118109805e+01 5.110537344e+01 0.000000000e+00 1.074274990e+00
3.188777555e+03 5.133564380e+01 5.128964133e+01 0.000000000e+00 1.079117289e+00
3.203206413e+03 5.148799348e+01 5.147158592e+01 0.000000000e+00 1.083959222e+00
3.217635271e+03 5.163818261e+01 5.165124073e+01 0.000000000e+00 1.088800789e+00
3.232064128e+03 5.178624619e+01 5.182863892e+01 0.000000000e+00 1.093641991e+00
3.246492986e+03 5.193221870e+01 5.200381327e+01 0.000000000e+00 1.098482827e+00
3.260921844e+03 5.207613401e+01 5.217679609e+01 0.000000000e+00 1.103323297e+00
3.275350701e+03 5.221802556e+01 5.234761938e+01 0.000000000e+00 1.108163401e+00
3.289779559e+03 5.235792632e+01 5.251631485e+01 0.000000000e+00 1.113003140e+00
3.304208417e+03 5.249586876e+01 5.268291377e+01 0.000000000e+00 1.117842513e+00
3.318637275e+03 5.263188470e+01 5.284744693e+01 0.000000000e+00 1.122681521e+00
3.333066132e+03 5.276600556e+01 5.300994479e+01 0.000000000e+00 1.127520163e+00
3.347494990e+03 5.289826222e+01 5.317043738e+01 0.000000000e+00 1.132358440e+00
3.361923848e+03 5.302868507e+01 5.332895438e+01 0.000000000e+00 1.137196351e+00
3.376352705e+03 5.315730402e+01 5.348552502e+01 0.000000000e+00 1.142033897e+00
3.390781563e+03 5.328414843e+01 5.364017814e+01 0.000000000e+00 1.146871078e+00
3.405210421e+03 5.340924721e+01 5.379294215e+01 0.000000000e+00 1.151707893e+00
3.419639279e+03 5.353262885e+01 5.394384517e+01 0.000000000e+00 1.156544343e+00
3.434068136e+03 5.365432134e+01 5.409291489e+01 0.000000000e+00 1.161380428e+00
3.448496994e+03 5.377435214e+01 5.424017854e+01 0.000000000e+00 1.166216147e+00
3.462925852e+03 5.389274819e+01 5.438566286e+01 0.000000000e+00 1.171051502e+00
3.477354709e+03 5.400953606e+01 5.452939432e+01 0.000000000e+00 1.175886491e+00
3.491783567e+03 5.412474186e+01 5.467139900e+01 0.000000000e+00 1.180721116e+00
3.506212425e+03 5.423839126e+01 5.481170259e+01 0.000000000e+00 1.185555375e+00
3.520641283e+03 5.435050948e+01 5.495033037e+01 0.000000000e+00 1.190389269e+00
3.535070140e+03 5.446112129e+01 5.508730723e+01 0.000000000e+00 1.195222799e+00
3.549498998e+03 5.457025104e+01 5.522265770e+01 0.000000000e+00 1.200055963e+00
3.563927856e+03 5.467792264e+01 5.535640590e+01 0.000000000e+00 1.204888763e+00
3.578356713e+03 5.478415958e+01 5.548857559e+01 0.000000000e+00 1.209721198e+00
3.592785571e+03 5.488898499e+01 5.561919018e+01 0.000000000e+00 1.214553268e+00
3.607214429e+03 5.499242159e+01 5.574827276e+01 0.000000000e+00 1.219384973e+00
3.621643287e+03 5.509449170e+01 5.587584601e+01 0.000000000e+00 1.224216314e+00
3.636072144e+03 5.519521714e+01 5.600193216e+01 0.000000000e+00 1.229047290e+00
3.650501002e+03 5.529461941e+01 5.612655315e+01 0.000000000e+00 1.233877901e+00
3.664929860e+03 5.539271964e+01 5.624973058e+01 0.000000000e+00 1.238708148e+00
3.679358717e+03 5.548953862e+01 5.637148573e+01 0.000000000e+00 1.243538030e+00
3.693787575e+03 5.558509674e+01 5.649183952e+01 0.000000000e+00 1.248367548e+00
3.708216433e+03 5.567941403e+01 5.661081253e+01 0.000000000e+00 1.253196701e+00
3.722645291e+03 5.577251017e+01 5.672842499e+01 0.000000000e+00 1.258025490e+00
3.737074148e+03 5.586440449e+01 5.684469684e+01 0.000000000e+00 1.262853915e+00
3.751503006e+03 5.595511596e+01 5.695964764e+01 0.000000000e+00 1.267681975e+00
3.765931864e+03 5.604466324e+01 5.707329667e+01 0.000000000e+00 1.272509671e+00
3.780360721e+03 5.613306465e+01 5.718566292e+01 0.000000000e+00 1.277337003e+00
3.794789579e+03 5.622033821e+01 5.729676505e+01 0.000000000e+00 1.282163971e+00
3.809218437e+03 5.630650161e+01 5.740662142e+01 0.000000000e+00 1.286990574e+00
3.823647295e+03 5.639157214e+01 5.751525002e+01 0.000000000e+00 1.291816814e+00
3.838076152e+03 5.647556688e+01 5.762266859e+01 0.000000000e+00 1.296642689e+00
3.852505010e+03 5.655850255e+01 5.772889459e+01 0.000000000e+00 1.301468200e+00
3.866933868e+03 5.664039563e+01 5.783394518e+01 0.000000000e+00 1.306293348e+00
3.881362725e+03 5.672126229e+01 5.793783726e+01 0.000000000e+00 1.311118131e+00
3.895791583e+03 5.680111839e+01 5.804058744e+01 0.000000000e+00 1.315942550e+00
3.910220441e+03 5.687997953e+01 5.814221204e+01 0.000000000e+00 1.320766606e+00
3.924649299e+03 5.695786104e+01 5.824272714e+01 0.000000000e+00 1.325590297e+00
3.939078156e+03 5.703477794e+01 5.834214850e+01 0.000000000e+00 1.330413625e+00
3.953507014e+03 5.711074504e+01 5.844049167e+01 0.000000000e+00 1.335236590e+00
3.967935872e+03 5.718577686e+01 5.853777194e+01 0.000000000e+00 1.340059190e+00
3.982364729e+03 5.725988768e+01 5.863400436e+01 0.000000000e+00 1.344881427e+00
3.996793587e+03 5.733309153e+01 5.872920369e+01 0.000000000e+00 1.349703300e+00
4.011222445e+03 5.740540220e+01 5.882338452e+01 0.000000000e+00 1.354524810e+00
4.025651303e+03 5.747683315e+01 5.891656105e+01 0.000000000e+00 1.359345956e+00
4.040080160e+03 5.754739759e+01 5.900874724e+01 0.000000000e+00 1.364166738e+00
4.054509018e+03 5.761710871e+01 5.909995707e+01 0.000000000e+00 1.368987157e+00
4.068937876e+03 5.768597933e+01 5.919020410e+01 0.000000000e+00 1.373807213e+00
4.083366733e+03 5.775402204e+01 5.927950171e+01 0.000000000e+00 1.378626905e+00
4.097795591e+03 5.782124922e+01 5.936786304e+01 0.000000000e+00 1.383446234e+00
4.112224449e+03 5.788767306e+01 5.945530104e+01 0.000000000e+00 1.388265200e+00
4.126653307e+03 5.795330552e+01 5.954182841e+01 0.000000000e+00 1.393083802e+00
4.141082164e+03 5.801815834e+01 5.962745768e+01 0.000000000e+00 1.397902042e+00
4.155511022e+03 5.808224309e+01 5.971220115e+01 0.000000000e+00 1.402719918e+00
4.169939880e+03 5.814557111e+01 5.979607093e+01 0.000000000e+00 1.407537431e+00
4.184368737e+03 5.820815354e+01 5.987907891e+01 0.000000000e+00 1.412354580e+00
4.198797595e+03 5.827000139e+01 5.996123683e+01 0.000000000e+00 1.417171367e+00
4.213226453e+03 5.833112541e+01 6.004255621e+01 0.000000000e+00 1.421987791e+00
4.227655311e+03 5.839153621e+01 6.012304839e+01 0.000000000e+00 1.426803852e+00
4.242084168e+03 5.845124423e+01 6.020272456e+01 0.000000000e+00 1.431619550e+00
4.256513026e+03 5.851025960e+01 6.028159556e+01 0.000000000e+00 1.436434885e+00
4.270941884e+03 5.856859242e+01 6.035967222e+01 0.000000000e+00 1.441249857e+00
4.285370741e+03 5.862625258e+01 6.043696519e+01 0.000000000e+00 1.446064466e+00
4.299799599e+03 5.868324982e+01 6.051348490e+01 0.000000000e+00 1.450878713e+00
4.314228457e+03 5.873959368e+01 6.058924162e+01 0.000000000e+00 1.455692596e+00
4.328657315e+03 5.879529356e+01 6.066424545e+01 0.000000000e+00 1.460506117e+00
4.343086172e+03 5.885035870e+01 6.073850636e+01 0.000000000e+00 1.465319276e+00
4.357515030e+03 5.890479817e+01 6.081203410e+01 0.000000000e+00 1.470132072e+00
4.371943888e+03 5.895862090e+01 6.088483832e+01 0.000000000e+00 1.474944505e+00
4.386372745e+03 5.901183566e+01 6.095692848e+01 0.000000000e+00 1.479756576e+00
4.400801603e+03 5.906445110e+01 6.102831390e+01 0.000000000e+00 1.484568284e+00
4.415230461e+03 5.911647568e+01 6.109900374e+01 0.000000000e+00 1.489379630e+00
4.429659319e+03 5.916791778e+01 6.116900707e+01 0.000000000e+00 1.494190614e+00
4.444088176e+03 5.921878559e+01 6.123833273e+01 0.000000000e+00 1.499001235e+00
4.458517034e+03 5.926908719e+01 6.130698948e+01 0.000000000e+00 1.503811494e+00
4.472945892e+03 5.931883054e+01 6.137498595e+01 0.000000000e+00 1.508621390e+00
4.487374749e+03 5.936802339e+01 6.144233054e+01 0.000000000e+00 1.513430924e+00
4.501803607e+03 5.941667342e+01 6.150903158e+01 0.000000000e+00 1.518240097e+00
4.516232465e+03 5.946478820e+01 6.157509730e+01 0.000000000e+00 1.523048906e+00
4.530661323e+03 5.951237517e+01 6.164053578e+01 0.000000000e+00 1.527857354e+00
4.545090180e+03 5.955944163e+01 6.170535495e+01 0.000000000e+00 1.532665440e+00
4.559519038e+03 5.960599477e+01 6.176956263e+01 0.000000000e+00 1.537473164e+00
4.573947896e+03 5.965204165e+01 6.183316653e+01 0.000000000e+00 1.542280525e+00
4.588376754e+03 5.969758924e+01 6.189617422e+01 0.000000000e+00 1.547087525e+00
4.602805611e+03 5.974264438e+01 6.195859316e+01 0.000000000e+00 1.551894163e+00
4.617234469e+03 5.978721379e+01 6.202043070e+01 0.000000000e+00 1.556700439e+00
4.631663327e+03 5.983130411e+01 6.208169406e+01 0.000000000e+00 1.561506353e+00
4.646092184e+03 5.987492184e+01 6.214239037e+01 0.000000000e+00 1.566311906e+00
4.660521042e+03 5.991807342e+01 6.220252665e+01 0.000000000e+00 1.571117096e+00
4.674949900e+03 5.996076515e+01 6.226210979e+01 0.000000000e+00 1.575921925e+00
4.689378758e+03 6.000300323e+01 6.232114659e+01 0.000000000e+00 1.580726392e+00
4.703807615e+03 6.004479379e+01 6.237964375e+01 0.000000000e+00 1.585530498e+00
4.718236473e+03 6.008614285e+01 6.243760787e+01 0.000000000e+00 1.590334242e+00
4.732665331e+03 6.012705626e+01 6.249504537e+01 0.000000000e+00 1.595137624e+00
4.747094188e+03 6.016753990e+01 6.255196271e+01 0.000000000e+00 1.599940645e+00
4.761523046e+03 6.020759949e+01 6.260836616e+01 0.000000000e+00 1.604743305e+00
4.775951904e+03 6.024724068e+01 6.266426192e+01 0.000000000e+00 1.609545603e+00
4.790380762e+03 6.028646902e+01 6.271965610e+01 0.000000000e+00 1.614347540e+00
4.804809619e+03 6.032528997e+01 6.277455472e+01 0.000000000e+00 1.619149115e+00
4.819238477e+03 6.036370891e+01 6.282896370e+01 0.000000000e+00 1.623950329e+00
4.833667335e+03 6.040173116e+01 6.288288888e+01 0.000000000e+00 1.628751182e+00
4.848096192e+03 6.043936191e+01 6.293633601e+01 0.000000000e+00 1.633551673e+00
4.862525050e+03 6.047660629e+01 6.298931073e+01 0.000000000e+00 1.638351804e+00
4.876953908e+03 6.051346938e+01 6.304181865e+01 0.000000000e+00 1.643151573e+00
4.891382766e+03 6.054995614e+01 6.309386525e+01 0.000000000e+00 1.647950981e+00
4.905811623e+03 6.058607147e+01 6.314545597e+01 0.000000000e+00 1.652750028e+00
4.920240481e+03 6.062182020e+01 6.319659611e+01 0.000000000e+00 1.657548714e+00
4.934669339e+03 6.065720707e+01 6.324729095e+01 0.000000000e+00 1.662347039e+00
4.949098196e+03 6.069223679e+01 6.329754569e+01 0.000000000e+00 1.667145003e+00
4.963527054e+03 6.072691393e+01 6.334736541e+01 0.000000000e+00 1.671942606e+00
4.977955912e+03 6.076124301e+01 6.339675512e+01 0.000000000e+00 1.676739849e+00
4.992384770e+03 6.079522854e+01 6.344571980e+01 0.000000000e+00 1.681536730e+00
5.006813627e+03 6.082887488e+01 6.349426434e+01 0.000000000e+00 1.686333251e+00
5.021242485e+03 6.086218639e+01 6.354239355e+01 0.000000000e+00 1.691129411e+00
5.035671343e+03 6.089516733e+01 6.359011218e+01 0.000000000e+00 1.695925210e+00
5.050100200e+03 6.092782189e+01 6.363742490e+01 0.000000000e+00 1.700720649e+00
5.064529058e+03 6.096015423e+01 6.368433633e+01 0.000000000e+00 1.705515727e+00
5.078957916e+03 6.099216842e+01 6.373085102e+01 0.000000000e+00 1.710310445e+00
5.093386774e+03 6.102386847e+01 6.377697344e+01 0.000000000e+00 1.715104802e+00
5.107815631e+03 6.105525833e+01 6.382270800e+01 0.000000000e+00 1.719898798e+00
5.122244489e+03 6.108634192e+01 6.386805907e+01 0.000000000e+00 1.724692434e+00
5.136673347e+03 6.111712306e+01 6.391303094e+01 0.000000000e+00 1.729485710e+00
5.151102204e+03 6.114760556e+01 6.395762785e+01 0.000000000e+00 1.734278625e+00
5.165531062e+03 6.117779311e+01 6.400185396e+01 0.000000000e+00 1.739071180e+00
5.179959920e+03 6.120768941e+01 6.404571339e+01 0.000000000e+00 1.743863374e+00
5.194388778e+03 6.123729807e+01 6.408921020e+01 0.000000000e+00 1.748655208e+00
5.208817635e+03 6.126662267e+01 6.413234840e+01 0.000000000e+00 1.753446683e+00
5.223246493e+03 6.129566669e+01 6.417513192e+01 0.000000000e+00 1.758237796e+00
5.237675351e+03 6.132443357e+01 6.421756461e+01 0.000000000e+00 1.763028550e+00
5.252104208e+03 6.135292677e+01 6.425965036e+01 0.000000000e+00 1.767818944e+00
5.266533066e+03 6.138114967e+01 6.430139298e+01 0.000000000e+00 1.772608978e+00
5.280961924e+03 6.140910553e+01 6.434279615e+01 0.000000000e+00 1.777398651e+00
5.295390782e+03 6.143679764e+01 6.438386356e+01 0.000000000e+00 1.782187965e+00
5.309819639e+03 6.146422920e+01 6.442459885e+01 0.000000000e+00 1.786976919e+00
5.324248497e+03 6.149140339e+01 6.446500560e+01 0.000000000e+00 1.791765513e+00
5.338677355e+03 6.151832334e+01 6.450508734e+01 0.000000000e+00 1.796553747e+00
5.353106212e+03 6.154499212e+01 6.454484755e+01 0.000000000e+00 1.801341621e+00
5.367535070e+03 6.157141277e+01 6.458428968e+01 0.000000000e+00 1.806129135e+00
5.381963928e+03 6.159758829e+01 6.462341712e+01 0.000000000e+00 1.810916290e+00
5.396392786e+03 6.162352162e+01 6.466223320e+01 0.000000000e+00 1.815703085e+00
5.410821643e+03 6.164921567e+01 6.470074124e+01 0.000000000e+00 1.820489520e+00
5.425250501e+03 6.167467331e+01 6.473894450e+01 0.000000000e+00 1.825275596e+00
5.439679359e+03 6.169989737e+01 6.477684618e+01 0.000000000e+00 1.830061312e+00
5.454108216e+03 6.172489062e+01 6.481444946e+01 0.000000000e+00 1.834846669e+00
5.468537074e+03 6.174965583e+01 6.485175748e+01 0.000000000e+00 1.839631666e+00
5.482965932e+03 6.177419570e+01 6.488877331e+01 0.000000000e+00 1.844416304e+00
5.497394790e+03 6.179851289e+01 6.492550002e+01 0.000000000e+00 1.849200582e+00
5.511823647e+03 6.182261005e+01 6.496194060e+01 0.000000000e+00 1.853984501e+00
5.526252505e+03 6.184648981e+01 6.499809807e+01 0.000000000e+00 1.858768060e+00
5.540681363e+03 6.187015457e+01 6.503397519e+01 0.000000000e+00 1.863551261e+00
5.555110220e+03 6.189360698e+01 6.506957499e+01 0.000000000e+00 1.868334102e+00
5.569539078e+03 6.191684950e+01 6.510490028e+01 0.000000000e+00 1.873116584e+00
5.583967936e+03 6.193988459e+01 6.513995391e+01 0.000000000e+00 1.877898706e+00
5.598396794e+03 6.196271469e+01 6.517473866e+01 0.000000000e+00 1.882680470e+00
5.612825651e+03 6.198534219e+01 6.520925729e+01 0.000000000e+00 1.887461874e+00
5.627254509e+03 6.200776942e+01 6.524351247e+01 0.000000000e+00 1.892242920e+00
5.641683367e+03 6.202999871e+01 6.527750690e+01 0.000000000e+00 1.897023606e+00
5.656112224e+03 6.205203235e+01 6.531124322e+01 0.000000000e+00 1.901803934e+00
5.670541082e+03 6.207387259e+01 6.534472402e+01 0.000000000e+00 1.906583902e+00
5.684969940e+03 6.209552167e+01 6.537795189e+01 0.000000000e+00 1.911363512e+00
5.699398798e+03 6.211698177e+01 6.541092936e+01 0.000000000e+00 1.916142763e+00
5.713827655e+03 6.213825508e+01 6.544365896e+01 0.000000000e+00 1.920921655e+00
5.728256513e+03 6.215934372e+01 6.547614317e+01 0.000000000e+00 1.925700188e+00
5.742685371e+03 6.218024981e+01 6.550838441e+01 0.000000000e+00 1.930478362e+00
5.757114228e+03 6.220097541e+01 6.554038511e+01 0.000000000e+00 1.935256178e+00
5.771543086e+03 6.222152256e+01 6.557214764e+01 0.000000000e+00 1.940033635e+00
5.785971944e+03 6.224189329e+01 6.560367435e+01 0.000000000e+00 1.944810734e+00
5.800400802e+03 6.226208959e+01 6.563496756e+01 0.000000000e+00 1.949587474e+00
5.814829659e+03 6.228211344e+01 6.566602960e+01 0.000000000e+00 1.954363856e+00
5.829258517e+03 6.230196685e+01 6.569686278e+01 0.000000000e+00 1.959139879e+00
5.843687375e+03 6.232165172e+01 6.572746935e+01 0.000000000e+00 1.963915543e+00
5.858116232e+03 6.234116987e+01 6.575785145e+01 0.000000000e+00 1.968690849e+00
5.872545090e+03 6.236052320e+01 6.578801129e+01 0.000000000e+00 1.973465797e+00
5.886973948e+03 6.237971355e+01 6.581795103e+01 0.000000000e+00 1.978240387e+00
5.901402806e+03 6.239874274e+01 6.584767281e+01 0.000000000e+00 1.983014618e+00
5.915831663e+03 6.241761255e+01 6.587717874e+01 0.000000000e+00 1.987788491e+00
5.930260521e+03 6.243632476e+01 6.590647090e+01 0.000000000e+00 1.992562005e+00
5.944689379e+03 6.245488113e+01 6.593555135e+01 0.000000000e+00 1.997335162e+00
5.959118236e+03 6.247328336e+01 6.596442213e+01 0.000000000e+00 2.002107960e+00
5.973547094e+03 6.249153315e+01 6.599308523e+01 0.000000000e+00 2.006880401e+00
5.987975952e+03 6.250963221e+01 6.602154268e+01 0.000000000e+00 2.011652483e+00
6.002404810e+03 6.252758217e+01 6.604979640e+01 0.000000000e+00 2.016424207e+00
6.016833667e+03 6.254538467e+01 6.607784835e+01 0.000000000e+00 2.021195574e+00
6.031262525e+03 6.256304133e+01 6.610570044e+01 0.000000000e+00 2.025966582e+00
6.045691383e+03 6.258055374e+01 6.613335456e+01 0.000000000e+00 2.030737233e+00
6.060120240e+03 6.259792346e+01 6.616081259e+01 0.000000000e+00 2.035507525e+00
6.074549098e+03 6.261515206e+01 6.618807636e+01 0.000000000e+00 2.040277460e+00
6.088977956e+03 6.263224104e+01 6.621514770e+01 0.000000000e+00 2.045047037e+00
6.103406814e+03 6.264919193e+01 6.624202842e+01 0.000000000e+00 2.049816257e+00
6.117835671e+03 6.266600622e+01 6.626872031e+01 0.000000000e+00 2.054585119e+00
6.132264529e+03 6.268268538e+01 6.629522511e+01 0.000000000e+00 2.059353623e+00
6.146693387e+03 6.269923086e+01 6.632154458e+01 0.000000000e+00 2.064121769e+00
6.161122244e+03 6.271564410e+01 6.634768045e+01 0.000000000e+00 2.068889558e+00
6.175551102e+03 6.273192654e+01 6.637363443e+01 0.000000000e+00 2.073656989e+00
6.189979960e+03 6.274807958e+01 6.639940821e+01 0.000000000e+00 2.078424063e+00
6.204408818e+03 6.276410456e+01 6.642500343e+01 0.000000000e+00 2.083190780e+00
6.218837675e+03 6.278000285e+01 6.645042172e+01 0.000000000e+00 2.087957139e+00
6.233266533e+03 6.279577582e+01 6.647566474e+01 0.000000000e+00 2.092723140e+00
6.247695391e+03 6.281142477e+01 6.650073408e+01 0.000000000e+00 2.097488785e+00
6.262124248e+03 6.282695103e+01 6.652563132e+01 0.000000000e+00 2.102254072e+00
6.276553106e+03 6.284235590e+01 6.655035806e+01 0.000000000e+00 2.107019002e+00
6.290981964e+03 6.285764065e+01 6.657491582e+01 0.000000000e+00 2.111783574e+00
6.305410822e+03 6.287280654e+01 6.659930617e+01 0.000000000e+00 2.116547790e+00
6.319839679e+03 6.288785482e+01 6.662353061e+01 0.000000000e+00 2.121311648e+00
6.334268537e+03 6.290278672e+01 6.664759063e+01 0.000000000e+00 2.126075149e+00
6.348697395e+03 6.291760345e+01 6.667148773e+01 0.000000000e+00 2.130838294e+00
6.363126253e+03 6.293230622e+01 6.669522337e+01 0.000000000e+00 2.135601081e+00
6.377555110e+03 6.294689621e+01 6.671879901e+01 0.000000000e+00 2.140363511e+00
6.391983968e+03 6.296137460e+01 6.674221609e+01 0.000000000e+00 2.145125584e+00
6.406412826e+03 6.297574254e+01 6.676547603e+01 0.000000000e+00 2.149887301e+00
6.420841683e+03 6.299000118e+01 6.678858022e+01 0.000000000e+00 2.154648660e+00
6.435270541e+03 6.300415165e+01 6.681153007e+01 0.000000000e+00 2.159409663e+00
6.449699399e+03 6.301819503e+01 6.683432692e+01 0.000000000e+00 2.164170309e+00
6.464128257e+03 6.303213244e+01 6.685697213e+01 0.000000000e+00 2.168930598e+00
6.478557114e+03 6.304596497e+01 6.687946708e+01 0.000000000e+00 2.173690531e+00
6.492985972e+03 6.305969371e+01 6.690181307e+01 0.000000000e+00 2.178450107e+00
6.507414830e+03 6.307331969e+01 6.692401143e+01 0.000000000e+00 2.183209326e+00
6.521843687e+03 6.308684397e+01 6.694606344e+01 0.000000000e+00 2.187968189e+00
6.536272545e+03 6.310026758e+01 6.696797040e+01 0.000000000e+00 2.192726695e+00
6.550701403e+03 6.311359155e+01 6.698973358e+01 0.000000000e+00 2.197484845e+00
6.565130261e+03 6.312681687e+01 6.701135424e+01 0.000000000e+00 2.202242638e+00
6.579559118e+03 6.313994456e+01 6.703283361e+01 0.000000000e+00 2.207000075e+00
6.593987976e+03 6.315297558e+01 6.705417293e+01 0.000000000e+00 2.211757156e+00
6.608416834e+03 6.316591093e+01 6.707537342e+01 0.000000000e+00 2.216513880e+00
6.622845691e+03 6.317875156e+01 6.709643630e+01 0.000000000e+00 2.221270248e+00
6.637274549e+03 6.319149843e+01 6.711736275e+01 0.000000000e+00 2.226026259e+00
6.651703407e+03 6.320415246e+01 6.713815394e+01 0.000000000e+00 2.230781915e+00
6.666132265e+03 6.321671457e+01 6.715881104e+01 0.000000000e+00 2.235537214e+00
6.680561122e+03 6.322918567e+01 6.717933519e+01 0.000000000e+00 2.240292157e+00
6.694989980e+03 6.324156669e+01 6.719972755e+01 0.000000000e+00 2.245046744e+00
6.709418838e+03 6.325385851e+01 6.721998925e+01 0.000000000e+00 2.249800975e+00
6.723847695e+03 6.326606202e+01 6.724012140e+01 0.000000000e+00 2.254554850e+00
6.738276553e+03 6.327817808e+01 6.726012512e+01 0.000000000e+00 2.259308369e+00
6.752705411e+03 6.329020757e+01 6.728000150e+01 0.000000000e+00 2.264061532e+00
6.767134269e+03 6.330215132e+01 6.729975161e+01 0.000000000e+00 2.268814339e+00
6.781563126e+03 6.331401019e+01 6.731937654e+01 0.000000000e+00 2.273566791e+00
6.795991984e+03 6.332578500e+01 6.733887734e+01 0.000000000e+00 2.278318886e+00
6.810420842e+03 6.333747658e+01 6.735825506e+01 0.000000000e+00 2.283070626e+00
6.824849699e+03 6.334908574e+01 6.737751076e+01 0.000000000e+00 2.287822010e+00
6.839278557e+03 6.336061329e+01 6.739664544e+01 0.000000000e+00 2.292573038e+00
6.853707415e+03 6.337205999e+01 6.741566013e+01 0.000000000e+00 2.297323711e+00
6.868136273e+03 6.338342662e+01 6.743455579e+01 0.000000000e+00 2.302074028e+00
6.882565130e+03 6.339471400e+01 6.745333349e+01 0.000000000e+00 2.306823989e+00
6.896993988e+03 6.340592286e+01 6.747199417e+01 0.000000000e+00 2.311573595e+00
6.911422846e+03 6.341705398e+01 6.749053884e+01 0.000000000e+00 2.316322846e+00
6.925851703e+03 6.342810810e+01 6.750896844e+01 0.000000000e+00 2.321071741e+00
6.940280561e+03 6.343908595e+01 6.752728394e+01 0.000000000e+00 2.325820280e+00
6.954709419e+03 6.344998827e+01 6.754548628e+01 0.000000000e+00 2.330568465e+00
6.969138277e+03 6.346081577e+01 6.756357640e+01 0.000000000e+00 2.335316293e+00
6.983567134e+03 6.347156917e+01 6.758155523e+01 0.000000000e+00 2.340063767e+00
6.997995992e+03 6.348224918e+01 6.759942368e+01 0.000000000e+00 2.344810885e+00
7.012424850e+03 6.349285648e+01 6.761718266e+01 0.000000000e+00 2.349557648e+00
7.026853707e+03 6.350339178e+01 6.763483308e+01 0.000000000e+00 2.354304056e+00
7.041282565e+03 6.351385574e+01 6.765237582e+01 0.000000000e+00 2.359050109e+00
7.055711423e+03 6.352424904e+01 6.766981177e+01 0.000000000e+00 2.363795807e+00
7.070140281e+03 6.353457235e+01 6.768714179e+01 0.000000000e+00 2.368541149e+00
7.084569138e+03 6.354482632e+01 6.770436675e+01 0.000000000e+00 2.373286137e+00
7.098997996e+03 6.355501161e+01 6.772148751e+01 0.000000000e+00 2.378030770e+00
7.113426854e+03 6.356512885e+01 6.773850492e+01 0.000000000e+00 2.382775047e+00
7.127855711e+03 6.357517868e+01 6.775541981e+01 0.000000000e+00 2.387518970e+00
7.142284569e+03 6.358516173e+01 6.777223302e+01 0.000000000e+00 2.392262538e+00
7.156713427e+03 6.359507863e+01 6.778894537e+01 0.000000000e+00 2.397005751e+00
7.171142285e+03 6.360492999e+01 6.780555767e+01 0.000000000e+00 2.401748609e+00
7.185571142e+03 6.361471641e+01 6.782207074e+01 0.000000000e+00 2.406491113e+00
7.200000000e+03 6.362443849e+01 6.783848537e+01 0.000000000e+00 2.411233262e+00
