time            Cj              Ck              shCj            shCk            Br              shBr           
0.000000000e+00 1.000000000e+01 1.000000000e-05 0.000000000e+00 0.000000000e+00 1.000000000e+01 1.000000000e+01
2.164328657e+02 8.577802967e+00 3.005311065e-02 4.680993050e-03 1.825409642e-02 9.983677440e+00 9.989571375e+00
4.328657315e+02 7.632103854e+00 5.682677199e-02 2.095773320e-02 4.065704664e-02 9.942681465e+00 9.947578997e+00
6.492985972e+02 7.003756819e+00 8.244150469e-02 5.328820522e-02 7.518625682e-02 9.885897694e+00 9.851639618e+00
8.657314629e+02 6.586540964e+00 1.085479191e-01 1.106971404e-01 1.321810555e-01 9.819170394e+00 9.665434248e+00
1.082164329e+03 6.309745164e+00 1.363100237e-01 2.079983414e-01 2.269530659e-01 9.746299857e+00 9.333912193e+00
1.298597194e+03 6.126367614e+00 1.664624300e-01 3.661545578e-01 3.807789470e-01 9.669731578e+00 8.783679044e+00
1.515030060e+03 6.005191654e+00 1.993964707e-01 6.087057787e-01 6.181826577e-01 9.591021956e+00 7.940148635e+00
1.731462926e+03 5.925493253e+00 2.352479607e-01 9.500007006e-01 9.562246468e-01 9.511148555e+00 6.773969235e+00
1.947895792e+03 5.873516345e+00 2.739743739e-01 1.376183409e+00 1.385623049e+00 9.430714915e+00 5.362893071e+00
2.164328657e+03 5.840129749e+00 3.154172594e-01 1.835116705e+00 1.858146451e+00 9.350084848e+00 3.903380064e+00
2.380761523e+03 5.819271100e+00 3.593498197e-01 2.256128660e+00 2.302575105e+00 9.269470041e+00 2.619737536e+00
2.597194389e+03 5.806913992e+00 4.055114443e-01 2.588518855e+00 2.663215988e+00 9.188986903e+00 1.643640544e+00
2.813627255e+03 5.800382609e+00 4.536316211e-01 2.820696139e+00 2.923207742e+00 9.108693279e+00 9.815719520e-01
3.030060120e+03 5.797897022e+00 5.034456455e-01 2.969107982e+00 3.096412223e+00 9.028611983e+00 5.671945396e-01
3.246492986e+03 5.798271549e+00 5.547042588e-01 3.058582896e+00 3.207467967e+00 8.948745772e+00 3.210175340e-01
3.462925852e+03 5.800714691e+00 6.071789539e-01 3.110619023e+00 3.278667111e+00 8.869086753e+00 1.793857288e-01
3.679358717e+03 5.804696434e+00 6.606643048e-01 3.140259969e+00 3.325917417e+00 8.789622190e+00 9.945575222e-02
3.895791583e+03 5.809860258e+00 7.149783314e-01 3.156964443e+00 3.359313026e+00 8.710338003e+00 5.486476549e-02
4.112224449e+03 5.815964792e+00 7.699616356e-01 3.166346093e+00 3.384867164e+00 8.631220794e+00 3.016361708e-02
4.328657315e+03 5.822845125e+00 8.254758262e-01 3.171631614e+00 3.406038715e+00 8.552258937e+00 1.654228637e-02
4.545090180e+03 5.830387158e+00 8.814015855e-01 3.174642274e+00 3.424778188e+00 8.473443097e+00 9.054206794e-03
4.761523046e+03 5.838510604e+00 9.376366119e-01 3.176395305e+00 3.442172937e+00 8.394766389e+00 4.947327109e-03
4.977955912e+03 5.847157709e+00 9.940935846e-01 3.177455204e+00 3.458824927e+00 8.316224339e+00 2.699135027e-03
5.194388778e+03 5.856285776e+00 1.050698241e+00 3.178133935e+00 3.475065933e+00 8.237814726e+00 1.470442076e-03
5.410821643e+03 5.865862205e+00 1.107387609e+00 3.178603469e+00 3.491078316e+00 8.159537371e+00 7.999427262e-04
5.627254509e+03 5.875861201e+00 1.164108423e+00 3.178958255e+00 3.506961962e+00 8.081393902e+00 4.345819781e-04
5.843687375e+03 5.886261584e+00 1.220815721e+00 3.179250216e+00 3.522771606e+00 8.003387523e+00 2.357738210e-04
6.060120240e+03 5.897045334e+00 1.277471611e+00 3.179507764e+00 3.538537119e+00 7.925522788e+00 1.277418413e-04
6.276553106e+03 5.908196619e+00 1.334044213e+00 3.179746444e+00 3.554274801e+00 7.847805404e+00 6.911837382e-05
6.492985972e+03 5.919701151e+00 1.390506733e+00 3.179974772e+00 3.569993550e+00 7.770242042e+00 3.734823587e-05
6.709418838e+03 5.931545744e+00 1.446836683e+00 3.180197373e+00 3.585698193e+00 7.692840179e+00 2.015482127e-05
6.925851703e+03 5.943718025e+00 1.503015209e+00 3.180416783e+00 3.601391366e+00 7.615607953e+00 1.086197378e-05
7.142284569e+03 5.956206232e+00 1.559026514e+00 3.180634364e+00 3.617074488e+00 7.538554038e+00 5.844499220e-06
7.358717435e+03 5.968999083e+00 1.614857381e+00 3.180850870e+00 3.632748342e+00 7.461687540e+00 3.138218626e-06
7.575150301e+03 5.982085677e+00 1.670496760e+00 3.181066701e+00 3.648413346e+00 7.385017902e+00 1.685308211e-06
7.791583166e+03 5.995455431e+00 1.725935422e+00 3.181282078e+00 3.664069731e+00 7.308554826e+00 9.101958051e-07
8.008016032e+03 6.009098028e+00 1.781165652e+00 3.181497125e+00 3.679717629e+00 7.232308200e+00 4.886646911e-07
8.224448898e+03 6.023003396e+00 1.836181020e+00 3.181711902e+00 3.695357108e+00 7.156288044e+00 2.607069923e-07
8.440881764e+03 6.037161670e+00 1.890976173e+00 3.181926444e+00 3.710988207e+00 7.080504459e+00 1.413361572e-07
8.657314629e+03 6.051563182e+00 1.945546644e+00 3.182140769e+00 3.726610951e+00 7.004967584e+00 7.828634953e-08
8.873747495e+03 6.066198443e+00 1.999888712e+00 3.182354896e+00 3.742225362e+00 6.929687555e+00 4.272838693e-08
9.090180361e+03 6.081058137e+00 2.053999280e+00 3.182568808e+00 3.757831434e+00 6.854674480e+00 2.237660977e-08
9.306613226e+03 6.096133106e+00 2.107875769e+00 3.182782553e+00 3.773429209e+00 6.779938405e+00 1.183043963e-08
9.523046092e+03 6.111414349e+00 2.161516029e+00 3.182996090e+00 3.789018663e+00 6.705489295e+00 6.256190052e-09
9.739478958e+03 6.126893013e+00 2.214918264e+00 3.183209410e+00 3.804599791e+00 6.631337013e+00 3.313508674e-09
9.955911824e+03 6.142560392e+00 2.268080975e+00 3.183422554e+00 3.820172632e+00 6.557491300e+00 1.752228293e-09
1.017234469e+04 6.158407921e+00 2.321002901e+00 3.183635506e+00 3.835737180e+00 6.483961763e+00 9.249427286e-10
1.038877756e+04 6.174427171e+00 2.373682982e+00 3.183848267e+00 3.851293438e+00 6.410757861e+00 4.868478057e-10
1.060521042e+04 6.190609851e+00 2.426120319e+00 3.184060836e+00 3.866841414e+00 6.337888893e+00 2.559193745e-10
1.082164329e+04 6.206947804e+00 2.478314145e+00 3.184273213e+00 3.882381111e+00 6.265363988e+00 1.347538496e-10
1.103807615e+04 6.223433006e+00 2.530263802e+00 3.184485400e+00 3.897912536e+00 6.193192099e+00 7.203251248e-11
1.125450902e+04 6.240057561e+00 2.581968713e+00 3.184697396e+00 3.913435694e+00 6.121381990e+00 3.847599413e-11
1.147094188e+04 6.256813704e+00 2.633428374e+00 3.184909199e+00 3.928950590e+00 6.049942236e+00 2.007326385e-11
1.168737475e+04 6.273693800e+00 2.684642335e+00 3.185120817e+00 3.944457232e+00 5.978881214e+00 1.056198428e-11
1.190380762e+04 6.290690340e+00 2.735610187e+00 3.185332241e+00 3.959955621e+00 5.908207098e+00 5.802941487e-12
1.212024048e+04 6.307795941e+00 2.786331556e+00 3.185543476e+00 3.975445765e+00 5.837927857e+00 3.115574154e-12
1.233667335e+04 6.325003348e+00 2.836806093e+00 3.185754523e+00 3.990927670e+00 5.768051248e+00 1.550312972e-12
1.255310621e+04 6.342305433e+00 2.887033470e+00 3.185965379e+00 4.006401340e+00 5.698584815e+00 8.055608510e-13
1.276953908e+04 6.359695190e+00 2.937013371e+00 3.186176046e+00 4.021866781e+00 5.629535887e+00 5.292135018e-13
1.298597194e+04 6.377165741e+00 2.986745495e+00 3.186386526e+00 4.037323999e+00 5.560911574e+00 3.918627050e-13
1.320240481e+04 6.394710331e+00 3.036229547e+00 3.186596816e+00 4.052772998e+00 5.492718767e+00 2.323800787e-13
1.341883768e+04 6.412322330e+00 3.085465237e+00 3.186806922e+00 4.068213786e+00 5.424964135e+00 8.823897093e-14
1.363527054e+04 6.429995232e+00 3.134452284e+00 3.187016829e+00 4.083646361e+00 5.357654123e+00 2.158953285e-14
1.385170341e+04 6.447722653e+00 3.183190407e+00 3.187226574e+00 4.099070749e+00 5.290794955e+00 2.226835624e-14
1.406813627e+04 6.465498335e+00 3.231679332e+00 3.187436108e+00 4.114486926e+00 5.224392630e+00 2.536015727e-14
1.428456914e+04 6.483316142e+00 3.279918785e+00 3.187645443e+00 4.129894905e+00 5.158452921e+00 1.282078219e-14
1.450100200e+04 6.501170059e+00 3.327908500e+00 3.187854618e+00 4.145294715e+00 5.092981379e+00 6.598541865e-15
1.471743487e+04 6.519054197e+00 3.375648211e+00 3.188063597e+00 4.160686338e+00 5.027983327e+00 3.396357216e-15
1.493386774e+04 6.536962786e+00 3.423137661e+00 3.188272389e+00 4.176069786e+00 4.963463869e+00 1.743506147e-15
1.515030060e+04 6.554890177e+00 3.470376596e+00 3.188480995e+00 4.191445064e+00 4.899427884e+00 8.896077559e-16
1.536673347e+04 6.572830846e+00 3.517364770e+00 3.188689415e+00 4.206812178e+00 4.835880025e+00 4.556811075e-16
1.558316633e+04 6.590779388e+00 3.564101946e+00 3.188897650e+00 4.222171134e+00 4.772824727e+00 2.319357243e-16
1.579959920e+04 6.608730517e+00 3.610587893e+00 3.189105699e+00 4.237521936e+00 4.710266202e+00 1.171881036e-16
1.601603206e+04 6.626679068e+00 3.656822393e+00 3.189313564e+00 4.252864590e+00 4.648208445e+00 5.913394942e-17
1.623246493e+04 6.644619997e+00 3.702805239e+00 3.189521234e+00 4.268199096e+00 4.586655231e+00 2.961393718e-17
1.644889780e+04 6.662548377e+00 3.748536236e+00 3.189728755e+00 4.283525487e+00 4.525610120e+00 1.467718833e-17
1.666533066e+04 6.680459399e+00 3.794015203e+00 3.189936037e+00 4.298843711e+00 4.465076457e+00 7.450961970e-18
1.688176353e+04 6.698348373e+00 3.839241975e+00 3.190143151e+00 4.314153817e+00 4.405057374e+00 3.770853178e-18
1.709819639e+04 6.716210724e+00 3.884216404e+00 3.190350121e+00 4.329455830e+00 4.345555793e+00 1.905232268e-18
1.731462926e+04 6.734041996e+00 3.928938357e+00 3.190556872e+00 4.344749703e+00 4.286574428e+00 9.640489351e-19
1.753106212e+04 6.751837847e+00 3.973407722e+00 3.190763445e+00 4.360035470e+00 4.228115785e+00 4.876489667e-19
1.774749499e+04 6.769594050e+00 4.017624407e+00 3.190969836e+00 4.375313132e+00 4.170182164e+00 2.475383959e-19
1.796392786e+04 6.787306493e+00 4.061588342e+00 3.191176044e+00 4.390582694e+00 4.112775671e+00 1.256167802e-19
1.818036072e+04 6.804971170e+00 4.105299475e+00 3.191382070e+00 4.405844162e+00 4.055898213e+00 6.231071177e-20
1.839679359e+04 6.822584196e+00 4.148757781e+00 3.191587913e+00 4.421097540e+00 3.999551495e+00 3.023982855e-20
1.861322645e+04 6.840141796e+00 4.191963259e+00 3.191793573e+00 4.436342835e+00 3.943737027e+00 1.538516285e-20
1.882965932e+04 6.857640305e+00 4.234915933e+00 3.191999052e+00 4.451580052e+00 3.888456131e+00 8.064871654e-21
1.904609218e+04 6.875076164e+00 4.277615851e+00 3.192204349e+00 4.466809195e+00 3.833709945e+00 3.884676900e-21
1.926252505e+04 6.892445926e+00 4.320063090e+00 3.192409465e+00 4.482030271e+00 3.779499420e+00 1.797118557e-21
1.947895792e+04 6.909746248e+00 4.362257753e+00 3.192614399e+00 4.497243284e+00 3.725825325e+00 9.613761457e-22
1.969539078e+04 6.926973897e+00 4.404199973e+00 3.192819152e+00 4.512448240e+00 3.672688251e+00 5.616130727e-22
1.991182365e+04 6.944125743e+00 4.445889910e+00 3.193023724e+00 4.527645144e+00 3.620088614e+00 2.976670007e-22
2.012825651e+04 6.961198761e+00 4.487327756e+00 3.193228117e+00 4.542834002e+00 3.568026658e+00 1.548367195e-22
2.034468938e+04 6.978190026e+00 4.528513731e+00 3.193432328e+00 4.558014819e+00 3.516502458e+00 1.099115161e-22
2.056112224e+04 6.995096720e+00 4.569448087e+00 3.193636359e+00 4.573187600e+00 3.465515925e+00 9.852756416e-23
2.077755511e+04 7.011916119e+00 4.610131105e+00 3.193840210e+00 4.588352351e+00 3.415066808e+00 7.315938340e-23
2.099398798e+04 7.028645605e+00 4.650563101e+00 3.194043883e+00 4.603509076e+00 3.365154696e+00 2.693732262e-23
2.121042084e+04 7.045282651e+00 4.690744420e+00 3.194247375e+00 4.618657782e+00 3.315779024e+00 -3.485993981e-23
2.142685371e+04 7.061824833e+00 4.730675440e+00 3.194450688e+00 4.633798473e+00 3.266939077e+00 -5.768888337e-23
2.164328657e+04 7.078269818e+00 4.770356571e+00 3.194653823e+00 4.648931155e+00 3.218633990e+00 -5.142555257e-23
2.185971944e+04 7.094615369e+00 4.809788257e+00 3.194856779e+00 4.664055833e+00 3.170862754e+00 -1.859754899e-23
2.207615230e+04 7.110859341e+00 4.848970974e+00 3.195059556e+00 4.679172513e+00 3.123624221e+00 7.314339780e-24
2.229258517e+04 7.126999681e+00 4.887905231e+00 3.195262155e+00 4.694281199e+00 3.076917102e+00 2.421309483e-23
2.250901804e+04 7.143034424e+00 4.926591568e+00 3.195464577e+00 4.709381898e+00 3.030739979e+00 1.599847565e-23
2.272545090e+04 7.158961695e+00 4.965030562e+00 3.195666820e+00 4.724474613e+00 2.985091299e+00 3.615281907e-24
2.294188377e+04 7.174779707e+00 5.003222819e+00 3.195868886e+00 4.739559352e+00 2.939969387e+00 -1.220555395e-23
2.315831663e+04 7.190486756e+00 5.041168980e+00 3.196070775e+00 4.754636118e+00 2.895372442e+00 -1.498819905e-23
2.337474950e+04 7.206081225e+00 5.078869718e+00 3.196272487e+00 4.769704917e+00 2.851298543e+00 -1.525926395e-23
2.359118236e+04 7.221561579e+00 5.116325740e+00 3.196474022e+00 4.784765755e+00 2.807745657e+00 -1.123206965e-23
2.380761523e+04 7.236926362e+00 5.153537784e+00 3.196675380e+00 4.799818637e+00 2.764711635e+00 -4.050837791e-25
2.402404810e+04 7.252174202e+00 5.190506621e+00 3.196876562e+00 4.814863568e+00 2.722194220e+00 9.724496339e-24
2.424048096e+04 7.267303801e+00 5.227233053e+00 3.197077568e+00 4.829900553e+00 2.680191050e+00 1.383332473e-23
2.445691383e+04 7.282313942e+00 5.263717915e+00 3.197278399e+00 4.844929598e+00 2.638699663e+00 1.102289286e-23
2.467334669e+04 7.297203480e+00 5.299962073e+00 3.197479053e+00 4.859950708e+00 2.597717494e+00 7.627292887e-24
2.488977956e+04 7.311971346e+00 5.335966424e+00 3.197679532e+00 4.874963888e+00 2.557241888e+00 2.041686008e-24
2.510621242e+04 7.326616542e+00 5.371731895e+00 3.197879836e+00 4.889969144e+00 2.517270097e+00 -3.686976128e-24
2.532264529e+04 7.341138144e+00 5.407259445e+00 3.198079965e+00 4.904966480e+00 2.477799282e+00 -6.901269309e-24
2.553907816e+04 7.355535293e+00 5.442550062e+00 3.198279918e+00 4.919955901e+00 2.438826523e+00 -5.649984967e-24
2.575551102e+04 7.369807201e+00 5.477604762e+00 3.198479697e+00 4.934937414e+00 2.400348817e+00 -2.103066630e-24
2.597194389e+04 7.383953146e+00 5.512424592e+00 3.198679304e+00 4.949911025e+00 2.362363083e+00 5.338303306e-25
2.618837675e+04 7.397972470e+00 5.547010627e+00 3.198878737e+00 4.964876737e+00 2.324866165e+00 3.301993934e-24
2.640480962e+04 7.411864580e+00 5.581363970e+00 3.199077994e+00 4.979834556e+00 2.287854834e+00 3.814661682e-24
2.662124248e+04 7.425628945e+00 5.615485750e+00 3.199277077e+00 4.994784486e+00 2.251325795e+00 2.190699952e-24
2.683767535e+04 7.439265093e+00 5.649377125e+00 3.199475988e+00 5.009726535e+00 2.215275685e+00 2.703249962e-25
2.705410822e+04 7.452772612e+00 5.683039278e+00 3.199674726e+00 5.024660706e+00 2.179701081e+00 -1.323757808e-24
2.727054108e+04 7.466151148e+00 5.716473417e+00 3.199873291e+00 5.039587006e+00 2.144598498e+00 -2.532645811e-24
2.748697395e+04 7.479400403e+00 5.749680776e+00 3.200071683e+00 5.054505438e+00 2.109964396e+00 -2.023628915e-24
2.770340681e+04 7.492520134e+00 5.782662614e+00 3.200269902e+00 5.069416009e+00 2.075795182e+00 -1.051980101e-24
2.791983968e+04 7.505510150e+00 5.815420214e+00 3.200467950e+00 5.084318724e+00 2.042087211e+00 -8.193100215e-26
2.813627255e+04 7.518370314e+00 5.847954880e+00 3.200665825e+00 5.099213588e+00 2.008836792e+00 1.117202448e-24
2.835270541e+04 7.531100539e+00 5.880267940e+00 3.200863528e+00 5.114100606e+00 1.976040186e+00 1.314100192e-24
2.856913828e+04 7.543700785e+00 5.912360744e+00 3.201061060e+00 5.128979783e+00 1.943693615e+00 1.710997836e-24
2.878557114e+04 7.556171063e+00 5.944234664e+00 3.201258421e+00 5.143851125e+00 1.911793260e+00 2.015446114e-24
2.900200401e+04 7.568511428e+00 5.975891090e+00 3.201455610e+00 5.158714637e+00 1.880335265e+00 2.031013096e-24
2.921843687e+04 7.580721981e+00 6.007331433e+00 3.201652629e+00 5.173570324e+00 1.849315739e+00 1.270469642e-24
2.943486974e+04 7.592802867e+00 6.038557126e+00 3.201849478e+00 5.188418191e+00 1.818730761e+00 -2.105709035e-26
2.965130261e+04 7.604754273e+00 6.069569615e+00 3.202046156e+00 5.203258244e+00 1.788576377e+00 -1.116427391e-24
2.986773547e+04 7.616576426e+00 6.100370369e+00 3.202242662e+00 5.218090487e+00 1.758848611e+00 -1.470555889e-24
3.008416834e+04 7.628269593e+00 6.130960870e+00 3.202438998e+00 5.232914927e+00 1.729543457e+00 -9.534494730e-25
3.030060120e+04 7.639834083e+00 6.161342619e+00 3.202635167e+00 5.247731567e+00 1.700656891e+00 -7.675530025e-25
3.051703407e+04 7.651270236e+00 6.191517131e+00 3.202831169e+00 5.262540414e+00 1.672184867e+00 -1.224133851e-24
3.073346693e+04 7.662578434e+00 6.221485937e+00 3.203026999e+00 5.277341472e+00 1.644123321e+00 -1.176206736e-24
3.094989980e+04 7.673759089e+00 6.251250582e+00 3.203222653e+00 5.292134747e+00 1.616468172e+00 -4.383662503e-25
3.116633267e+04 7.684812650e+00 6.280812624e+00 3.203418131e+00 5.306920244e+00 1.589215328e+00 1.005766094e-24
3.138276553e+04 7.695739597e+00 6.310173635e+00 3.203613448e+00 5.321697968e+00 1.562360683e+00 1.904321841e-24
3.159919840e+04 7.706540440e+00 6.339335198e+00 3.203808608e+00 5.336467925e+00 1.535900122e+00 1.968573610e-24
3.181563126e+04 7.717215720e+00 6.368298908e+00 3.204003605e+00 5.351230119e+00 1.509829523e+00 1.539941326e-24
3.203206413e+04 7.727766008e+00 6.397066370e+00 3.204198431e+00 5.365984556e+00 1.484144758e+00 9.478361085e-25
3.224849699e+04 7.738191901e+00 6.425639201e+00 3.204393081e+00 5.380731241e+00 1.458841693e+00 2.610563712e-25
3.246492986e+04 7.748494024e+00 6.454019025e+00 3.204587563e+00 5.395470178e+00 1.433916192e+00 -5.075932658e-25
3.268136273e+04 7.758673026e+00 6.482207476e+00 3.204781870e+00 5.410201374e+00 1.409364122e+00 -8.075771399e-25
3.289779559e+04 7.768729582e+00 6.510206197e+00 3.204976006e+00 5.424924832e+00 1.385181347e+00 -6.396199757e-25
3.311422846e+04 7.778664389e+00 6.538016836e+00 3.205169981e+00 5.439640560e+00 1.361363733e+00 -3.682725824e-25
3.333066132e+04 7.788478168e+00 6.565641051e+00 3.205363806e+00 5.454348561e+00 1.337907155e+00 -4.498897215e-26
3.354709419e+04 7.798171662e+00 6.593080503e+00 3.205557460e+00 5.469048842e+00 1.314807489e+00 4.239469259e-25
3.376352705e+04 7.807745631e+00 6.620336860e+00 3.205750947e+00 5.483741406e+00 1.292060620e+00 6.372242363e-25
3.397995992e+04 7.817200858e+00 6.647411795e+00 3.205944263e+00 5.498426261e+00 1.269662442e+00 4.806200617e-25
3.419639279e+04 7.826538144e+00 6.674306985e+00 3.206137410e+00 5.513103409e+00 1.247608858e+00 2.882345437e-25
3.441282565e+04 7.835758306e+00 6.701024111e+00 3.206330382e+00 5.527772855e+00 1.225895781e+00 5.138871010e-26
3.462925852e+04 7.844862179e+00 6.727564856e+00 3.206523190e+00 5.542434606e+00 1.204519140e+00 -2.663800621e-25
3.484569138e+04 7.853850613e+00 6.753930906e+00 3.206715840e+00 5.557088667e+00 1.183474875e+00 -4.506364658e-25
3.506212425e+04 7.862724474e+00 6.780123950e+00 3.206908339e+00 5.571735044e+00 1.162758941e+00 -3.443356052e-25
3.527855711e+04 7.871484643e+00 6.806145676e+00 3.207100669e+00 5.586373742e+00 1.142367309e+00 -2.202318552e-25
3.549498998e+04 7.880132011e+00 6.831997776e+00 3.207292832e+00 5.601004765e+00 1.122295969e+00 -4.748221666e-26
3.571142285e+04 7.888667485e+00 6.857681939e+00 3.207484828e+00 5.615628118e+00 1.102540927e+00 1.610506139e-25
3.592785571e+04 7.897091982e+00 6.883199856e+00 3.207676654e+00 5.630243806e+00 1.083098209e+00 3.099248020e-25
3.614428858e+04 7.905406431e+00 6.908553215e+00 3.207868307e+00 5.644851833e+00 1.063963861e+00 2.429263302e-25
3.636072144e+04 7.913611770e+00 6.933743705e+00 3.208059801e+00 5.659452206e+00 1.045133948e+00 1.706773238e-25
3.657715431e+04 7.921708946e+00 6.958773012e+00 3.208251143e+00 5.674044931e+00 1.026604561e+00 6.712265425e-26
3.679358717e+04 7.929698919e+00 6.983642819e+00 3.208442329e+00 5.688630014e+00 1.008371811e+00 -4.702813620e-26
3.701002004e+04 7.937582651e+00 7.008354807e+00 3.208633345e+00 5.703207456e+00 9.904318330e-01 -1.575840912e-25
3.722645291e+04 7.945361116e+00 7.032910654e+00 3.208824187e+00 5.717777264e+00 9.727807858e-01 -1.436679421e-25
3.744288577e+04 7.953035293e+00 7.057312034e+00 3.209014871e+00 5.732339444e+00 9.554148534e-01 -1.188348423e-25
3.765931864e+04 7.960606168e+00 7.081560617e+00 3.209205394e+00 5.746894000e+00 9.383302463e-01 -6.103769737e-26
3.787575150e+04 7.968074731e+00 7.105658067e+00 3.209395757e+00 5.761440938e+00 9.215232008e-01 6.047684884e-27
3.809218437e+04 7.975441978e+00 7.129606046e+00 3.209585956e+00 5.775980262e+00 9.049899795e-01 8.330717454e-26
3.830861723e+04 7.982708911e+00 7.153406206e+00 3.209775994e+00 5.790511978e+00 8.887268740e-01 9.218835417e-26
3.852505010e+04 7.989876532e+00 7.177060199e+00 3.209965870e+00 5.805036091e+00 8.727302025e-01 8.507884247e-26
3.874148297e+04 7.996945850e+00 7.200569665e+00 3.210155584e+00 5.819552606e+00 8.569963128e-01 5.809535977e-26
3.895791583e+04 8.003917874e+00 7.223936242e+00 3.210345137e+00 5.834061528e+00 8.415215817e-01 2.181404066e-26
3.917434870e+04 8.010793617e+00 7.247161558e+00 3.210534528e+00 5.848562862e+00 8.263024149e-01 -2.854213735e-26
3.939078156e+04 8.017574093e+00 7.270247235e+00 3.210723759e+00 5.863056614e+00 8.113352490e-01 -4.825366885e-26
3.960721443e+04 8.024260316e+00 7.293194888e+00 3.210912830e+00 5.877542787e+00 7.966165504e-01 -5.040345294e-26
3.982364729e+04 8.030853304e+00 7.316006124e+00 3.211101739e+00 5.892021388e+00 7.821428164e-01 -4.318432853e-26
4.004008016e+04 8.037354072e+00 7.338682539e+00 3.211290489e+00 5.906492422e+00 7.679105758e-01 -2.301226962e-26
4.025651303e+04 8.043763638e+00 7.361225724e+00 3.211479079e+00 5.920955892e+00 7.539163873e-01 2.257179283e-26
4.047294589e+04 8.050083016e+00 7.383637261e+00 3.211667508e+00 5.935411806e+00 7.401568435e-01 6.418429945e-26
4.068937876e+04 8.056313220e+00 7.405918719e+00 3.211855778e+00 5.949860167e+00 7.266285687e-01 6.997386501e-26
4.090581162e+04 8.062455266e+00 7.428071661e+00 3.212043889e+00 5.964300981e+00 7.133282176e-01 7.554750396e-26
4.112224449e+04 8.068510164e+00 7.450097642e+00 3.212231840e+00 5.978734253e+00 7.002524786e-01 8.439855031e-26
4.133867735e+04 8.074478923e+00 7.471998201e+00 3.212419633e+00 5.993159988e+00 6.873980741e-01 7.409905765e-26
4.155511022e+04 8.080362551e+00 7.493774873e+00 3.212607266e+00 6.007578190e+00 6.747617584e-01 4.380173478e-26
4.177154309e+04 8.086162053e+00 7.515429180e+00 3.212794741e+00 6.021988866e+00 6.623403162e-01 1.356606202e-26
4.198797595e+04 8.091878429e+00 7.536962633e+00 3.212982058e+00 6.036392019e+00 6.501305693e-01 -1.356248755e-26
4.220440882e+04 8.097512677e+00 7.558376733e+00 3.213169216e+00 6.050787656e+00 6.381293719e-01 -2.128456495e-26
4.242084168e+04 8.103065793e+00 7.579672971e+00 3.213356216e+00 6.065175780e+00 6.263336091e-01 -3.014299149e-26
4.263727455e+04 8.108538765e+00 7.600852825e+00 3.213543059e+00 6.079556398e+00 6.147402014e-01 -3.719812362e-26
4.285370741e+04 8.113932580e+00 7.621917762e+00 3.213729743e+00 6.093929514e+00 6.033461031e-01 -3.453049939e-26
4.307014028e+04 8.119248219e+00 7.642869238e+00 3.213916271e+00 6.108295133e+00 5.921483017e-01 -2.277707397e-26
4.328657315e+04 8.124486659e+00 7.663708700e+00 3.214102641e+00 6.122653261e+00 5.811438162e-01 -7.983013252e-27
4.350300601e+04 8.129648872e+00 7.684437578e+00 3.214288854e+00 6.137003902e+00 5.703297022e-01 5.687802463e-27
4.371943888e+04 8.134735823e+00 7.705057292e+00 3.214474910e+00 6.151347061e+00 5.597030479e-01 9.402677747e-27
4.393587174e+04 8.139748475e+00 7.725569254e+00 3.214660810e+00 6.165682743e+00 5.492609734e-01 1.579992928e-26
4.415230461e+04 8.144687783e+00 7.745974858e+00 3.214846553e+00 6.180010954e+00 5.390006341e-01 2.039857720e-26
4.436873747e+04 8.149554695e+00 7.766275489e+00 3.215032140e+00 6.194331698e+00 5.289192188e-01 1.969103754e-26
4.458517034e+04 8.154350156e+00 7.786472518e+00 3.215217571e+00 6.208644981e+00 5.190139493e-01 1.402134724e-26
4.480160321e+04 8.159075102e+00 7.806567306e+00 3.215402846e+00 6.222950807e+00 5.092820794e-01 6.552683390e-27
4.501803607e+04 8.163730464e+00 7.826561198e+00 3.215587965e+00 6.237249181e+00 4.997208984e-01 -6.372389059e-28
4.523446894e+04 8.168317167e+00 7.846455529e+00 3.215772929e+00 6.251540109e+00 4.903277282e-01 -2.842034466e-27
4.545090180e+04 8.172836127e+00 7.866251620e+00 3.215957738e+00 6.265823596e+00 4.810999217e-01 -7.720574339e-27
4.566733467e+04 8.177288257e+00 7.885950781e+00 3.216142392e+00 6.280099645e+00 4.720348669e-01 -1.119621555e-26
4.588376754e+04 8.181674458e+00 7.905554306e+00 3.216326891e+00 6.294368263e+00 4.631299843e-01 -1.152973607e-26
4.610020040e+04 8.185995628e+00 7.925063478e+00 3.216511235e+00 6.308629455e+00 4.543827262e-01 -8.970400441e-27
4.631663327e+04 8.190252657e+00 7.944479569e+00 3.216695424e+00 6.322883225e+00 4.457905770e-01 -5.546807575e-27
4.653306613e+04 8.194446426e+00 7.963803834e+00 3.216879460e+00 6.337129578e+00 4.373510548e-01 -1.922029591e-27
4.674949900e+04 8.198577809e+00 7.983037516e+00 3.217063341e+00 6.351368520e+00 4.290617094e-01 -4.832416030e-28
4.696593186e+04 8.202647674e+00 8.002181849e+00 3.217247068e+00 6.365600055e+00 4.209201208e-01 4.824146743e-27
4.718236473e+04 8.206656881e+00 8.021238050e+00 3.217430642e+00 6.379824189e+00 4.129239030e-01 1.011275528e-26
4.739879760e+04 8.210606281e+00 8.040207322e+00 3.217614062e+00 6.394040926e+00 4.050707009e-01 1.434810491e-26
4.761523046e+04 8.214496717e+00 8.059090858e+00 3.217797329e+00 6.408250271e+00 3.973581912e-01 1.649318690e-26
4.783166333e+04 8.218329026e+00 8.077889837e+00 3.217980443e+00 6.422452230e+00 3.897840794e-01 1.822930953e-26
4.804809619e+04 8.222104037e+00 8.096605424e+00 3.218163403e+00 6.436646806e+00 3.823461048e-01 1.809180801e-26
4.826452906e+04 8.225822568e+00 8.115238772e+00 3.218346211e+00 6.450834006e+00 3.750420365e-01 1.579455720e-26
4.848096192e+04 8.229485433e+00 8.133791019e+00 3.218528867e+00 6.465013834e+00 3.678696744e-01 1.145171906e-26
4.869739479e+04 8.233093436e+00 8.152263294e+00 3.218711370e+00 6.479186295e+00 3.608268465e-01 6.956719742e-27
4.891382766e+04 8.236647372e+00 8.170656708e+00 3.218893721e+00 6.493351395e+00 3.539114137e-01 2.750510124e-27
4.913026052e+04 8.240148029e+00 8.188972363e+00 3.219075920e+00 6.507509137e+00 3.471212656e-01 3.818748051e-28
4.934669339e+04 8.243596187e+00 8.207211346e+00 3.219257967e+00 6.521659527e+00 3.404543214e-01 2.139695679e-28
4.956312625e+04 8.246992617e+00 8.225374732e+00 3.219439862e+00 6.535802571e+00 3.339085284e-01 -2.089713750e-27
4.977955912e+04 8.250338084e+00 8.243463582e+00 3.219621606e+00 6.549938272e+00 3.274818647e-01 -4.475159176e-27
4.999599198e+04 8.253633341e+00 8.261478946e+00 3.219803199e+00 6.564066636e+00 3.211723366e-01 -7.556253290e-27
5.021242485e+04 8.256879136e+00 8.279421859e+00 3.219984641e+00 6.578187668e+00 3.149779787e-01 -1.065970491e-26
5.042885772e+04 8.260076208e+00 8.297293346e+00 3.220165932e+00 6.592301372e+00 3.088968536e-01 -1.081329881e-26
5.064529058e+04 8.263225286e+00 8.315094417e+00 3.220347072e+00 6.606407754e+00 3.029270525e-01 -8.781327391e-27
5.086172345e+04 8.266327093e+00 8.332826069e+00 3.220528062e+00 6.620506819e+00 2.970666943e-01 -3.686768950e-27
5.107815631e+04 8.269382343e+00 8.350489290e+00 3.220708902e+00 6.634598571e+00 2.913139251e-01 2.655983696e-27
5.129458918e+04 8.272391741e+00 8.368085051e+00 3.220889591e+00 6.648683015e+00 2.856669179e-01 6.356269775e-27
5.151102204e+04 8.275355985e+00 8.385614314e+00 3.221070131e+00 6.662760157e+00 2.801238734e-01 7.243978320e-27
5.172745491e+04 8.278275763e+00 8.403078027e+00 3.221250521e+00 6.676830001e+00 2.746830186e-01 2.751602800e-27
5.194388778e+04 8.281151758e+00 8.420477126e+00 3.221430761e+00 6.690892552e+00 2.693426066e-01 -2.111056809e-27
5.216032064e+04 8.283984642e+00 8.437812535e+00 3.221610852e+00 6.704947816e+00 2.641009166e-01 -3.621075243e-27
5.237675351e+04 8.286775079e+00 8.455085167e+00 3.221790794e+00 6.718995796e+00 2.589562542e-01 -4.990287359e-27
5.259318637e+04 8.289523727e+00 8.472295920e+00 3.221970586e+00 6.733036498e+00 2.539069503e-01 -5.480807625e-27
5.280961924e+04 8.292231233e+00 8.489445681e+00 3.222150230e+00 6.747069927e+00 2.489513611e-01 -4.076293849e-27
5.302605210e+04 8.294898238e+00 8.506535329e+00 3.222329726e+00 6.761096087e+00 2.440878671e-01 -3.960311176e-27
5.324248497e+04 8.297525376e+00 8.523565726e+00 3.222509072e+00 6.775114984e+00 2.393148742e-01 -4.041081727e-27
5.345891784e+04 8.300113270e+00 8.540537726e+00 3.222688271e+00 6.789126623e+00 2.346308129e-01 -3.738494007e-27
5.367535070e+04 8.302662536e+00 8.557452168e+00 3.222867322e+00 6.803131008e+00 2.300341375e-01 -2.950580188e-27
5.389178357e+04 8.305173782e+00 8.574309881e+00 3.223046224e+00 6.817128144e+00 2.255233263e-01 -1.661073958e-27
5.410821643e+04 8.307647612e+00 8.591111686e+00 3.223224979e+00 6.831118037e+00 2.210968805e-01 -5.358490603e-28
5.432464930e+04 8.310084617e+00 8.607858387e+00 3.223403587e+00 6.845100690e+00 2.167533256e-01 5.522007619e-28
5.454108216e+04 8.312485382e+00 8.624550780e+00 3.223582047e+00 6.859076109e+00 2.124912095e-01 1.339510713e-27
5.475751503e+04 8.314850485e+00 8.641189649e+00 3.223760360e+00 6.873044299e+00 2.083091033e-01 1.473940547e-27
5.497394790e+04 8.317180495e+00 8.657775767e+00 3.223938526e+00 6.887005265e+00 2.042056002e-01 1.179795443e-27
5.519038076e+04 8.319475976e+00 8.674309897e+00 3.224116545e+00 6.900959011e+00 2.001793155e-01 1.345774250e-27
5.540681363e+04 8.321737482e+00 8.690792791e+00 3.224294418e+00 6.914905542e+00 1.962288867e-01 1.337409471e-27
5.562324649e+04 8.323965560e+00 8.707225188e+00 3.224472144e+00 6.928844864e+00 1.923529728e-01 1.183649654e-27
5.583967936e+04 8.326160749e+00 8.723607820e+00 3.224649724e+00 6.942776981e+00 1.885502541e-01 9.440427522e-28
5.605611222e+04 8.328323583e+00 8.739941404e+00 3.224827158e+00 6.956701897e+00 1.848194322e-01 5.676459475e-28
5.627254509e+04 8.330454586e+00 8.756226652e+00 3.225004446e+00 6.970619619e+00 1.811592296e-01 9.742370505e-29
5.648897796e+04 8.332554277e+00 8.772464261e+00 3.225181588e+00 6.984530150e+00 1.775683888e-01 -3.252663536e-28
5.670541082e+04 8.334623164e+00 8.788654920e+00 3.225358585e+00 6.998433495e+00 1.740456730e-01 -5.742059619e-28
5.692184369e+04 8.336661753e+00 8.804799308e+00 3.225535436e+00 7.012329660e+00 1.705898652e-01 -4.895961894e-28
5.713827655e+04 8.338670540e+00 8.820898093e+00 3.225712142e+00 7.026218649e+00 1.671997687e-01 -6.051669394e-28
5.735470942e+04 8.340650014e+00 8.836951933e+00 3.225888703e+00 7.040100467e+00 1.638742058e-01 -6.650106629e-28
5.757114228e+04 8.342600657e+00 8.852961477e+00 3.226065120e+00 7.053975119e+00 1.606120179e-01 -6.449059925e-28
5.778757515e+04 8.344522945e+00 8.868927365e+00 3.226241392e+00 7.067842610e+00 1.574120655e-01 -5.633568455e-28
5.800400802e+04 8.346417347e+00 8.884850226e+00 3.226417519e+00 7.081702944e+00 1.542732278e-01 -4.304321437e-28
5.822044088e+04 8.348284324e+00 8.900730680e+00 3.226593502e+00 7.095556126e+00 1.511944034e-01 -1.716457253e-28
5.843687375e+04 8.350124332e+00 8.916569337e+00 3.226769341e+00 7.109402162e+00 1.481745076e-01 1.160273624e-28
5.865330661e+04 8.351937820e+00 8.932366800e+00 3.226945036e+00 7.123241056e+00 1.452124741e-01 3.809800364e-28
5.886973948e+04 8.353725229e+00 8.948123660e+00 3.227120587e+00 7.137072812e+00 1.423072544e-01 5.545459323e-28
5.908617234e+04 8.355486994e+00 8.963840500e+00 3.227295995e+00 7.150897436e+00 1.394578171e-01 5.493827897e-28
5.930260521e+04 8.357223546e+00 8.979517895e+00 3.227471259e+00 7.164714932e+00 1.366631498e-01 7.244833600e-28
5.951903808e+04 8.358935307e+00 8.995156409e+00 3.227646380e+00 7.178525306e+00 1.339222549e-01 8.956433059e-28
5.973547094e+04 8.360622693e+00 9.010756601e+00 3.227821358e+00 7.192328561e+00 1.312341520e-01 1.036499198e-27
5.995190381e+04 8.362286115e+00 9.026319017e+00 3.227996193e+00 7.206124704e+00 1.285978772e-01 1.143685146e-27
6.016833667e+04 8.363925976e+00 9.041844198e+00 3.228170885e+00 7.219913737e+00 1.260124827e-01 1.217498451e-27
6.038476954e+04 8.365542675e+00 9.057332674e+00 3.228345435e+00 7.233695668e+00 1.234770380e-01 1.225020212e-27
6.060120240e+04 8.367136604e+00 9.072784968e+00 3.228519843e+00 7.247470499e+00 1.209906276e-01 1.156079126e-27
6.081763527e+04 8.368708148e+00 9.088201595e+00 3.228694108e+00 7.261238237e+00 1.185523506e-01 1.021039319e-27
6.103406814e+04 8.370257689e+00 9.103583061e+00 3.228868231e+00 7.274998885e+00 1.161613219e-01 8.203728260e-28
6.125050100e+04 8.371785599e+00 9.118929866e+00 3.229042213e+00 7.288752449e+00 1.138166715e-01 5.576829961e-28
6.146693387e+04 8.373292249e+00 9.134242498e+00 3.229216053e+00 7.302498933e+00 1.115175447e-01 2.656736429e-28
6.168336673e+04 8.374778000e+00 9.149521442e+00 3.229389751e+00 7.316238343e+00 1.092631023e-01 7.638971120e-30
6.189979960e+04 8.376243211e+00 9.164767173e+00 3.229563308e+00 7.329970682e+00 1.070525175e-01 -2.064720767e-28
6.211623246e+04 8.377688232e+00 9.179980158e+00 3.229736724e+00 7.343695956e+00 1.048849783e-01 -3.315086531e-28
6.233266533e+04 8.379113411e+00 9.195160857e+00 3.229909999e+00 7.357414169e+00 1.027596868e-01 -3.127362955e-28
6.254909820e+04 8.380519089e+00 9.210309724e+00 3.230083133e+00 7.371125327e+00 1.006758586e-01 -1.261483302e-28
6.276553106e+04 8.381905600e+00 9.225427202e+00 3.230256126e+00 7.384829433e+00 9.863272538e-02 -1.218210631e-28
6.298196393e+04 8.383273276e+00 9.240513730e+00 3.230428979e+00 7.398526493e+00 9.662952870e-02 -1.313772121e-28
6.319839679e+04 8.384622441e+00 9.255569740e+00 3.230601692e+00 7.412216512e+00 9.466552449e-02 -1.953036810e-28
6.341482966e+04 8.385953414e+00 9.270595655e+00 3.230774265e+00 7.425899494e+00 9.273998151e-02 -3.674448402e-28
6.363126253e+04 8.387266512e+00 9.285591893e+00 3.230946697e+00 7.439575443e+00 9.085218111e-02 -7.163791516e-28
6.384769539e+04 8.388562044e+00 9.300558864e+00 3.231118990e+00 7.453244366e+00 8.900141922e-02 -8.434291817e-28
6.406412826e+04 8.389840315e+00 9.315496972e+00 3.231291144e+00 7.466906266e+00 8.718700190e-02 -8.227830643e-28
6.428056112e+04 8.391101625e+00 9.330406613e+00 3.231463157e+00 7.480561148e+00 8.540824751e-02 -6.636032542e-28
6.449699399e+04 8.392346269e+00 9.345288179e+00 3.231635032e+00 7.494209017e+00 8.366448655e-02 -3.023636887e-28
6.471342685e+04 8.393574538e+00 9.360142053e+00 3.231806767e+00 7.507849877e+00 8.195506117e-02 3.387959478e-28
6.492985972e+04 8.394786717e+00 9.374968613e+00 3.231978364e+00 7.521483734e+00 8.027932635e-02 9.255881033e-28
6.514629259e+04 8.395983088e+00 9.389768230e+00 3.232149822e+00 7.535110592e+00 7.863664814e-02 1.189495343e-27
6.536272545e+04 8.397163927e+00 9.404541270e+00 3.232321141e+00 7.548730456e+00 7.702640244e-02 1.238896556e-27
6.557915832e+04 8.398329506e+00 9.419288091e+00 3.232492322e+00 7.562343331e+00 7.544797681e-02 9.400166208e-28
6.579559118e+04 8.399480094e+00 9.434009049e+00 3.232663364e+00 7.575949221e+00 7.390076955e-02 1.291287034e-28
6.601202405e+04 8.400615952e+00 9.448704488e+00 3.232834269e+00 7.589548130e+00 7.238419017e-02 -9.930494342e-28
6.622845691e+04 8.401737341e+00 9.463374752e+00 3.233005035e+00 7.603140065e+00 7.089765997e-02 -1.386724810e-27
6.644488978e+04 8.402844515e+00 9.478020176e+00 3.233175664e+00 7.616725029e+00 6.944060803e-02 -1.499272554e-27
6.666132265e+04 8.403937725e+00 9.492641090e+00 3.233346155e+00 7.630303026e+00 6.801247453e-02 -1.111773051e-27
6.687775551e+04 8.405017217e+00 9.507237819e+00 3.233516509e+00 7.643874063e+00 6.661270956e-02 4.967542478e-29
6.709418838e+04 8.406083233e+00 9.521810682e+00 3.233686725e+00 7.657438143e+00 6.524077299e-02 2.262386043e-27
6.731062124e+04 8.407136012e+00 9.536359993e+00 3.233856804e+00 7.670995272e+00 6.389613687e-02 2.937497196e-27
6.752705411e+04 8.408175787e+00 9.550886060e+00 3.234026747e+00 7.684545453e+00 6.257827935e-02 3.158985313e-27
6.774348697e+04 8.409202790e+00 9.565389186e+00 3.234196553e+00 7.698088692e+00 6.128668911e-02 2.573887966e-27
6.795991984e+04 8.410217247e+00 9.579869670e+00 3.234366222e+00 7.711624993e+00 6.002086394e-02 7.386662686e-28
6.817635271e+04 8.411219380e+00 9.594327805e+00 3.234535754e+00 7.725154361e+00 5.878031059e-02 -2.889333490e-27
6.839278557e+04 8.412209409e+00 9.608763878e+00 3.234705150e+00 7.738676801e+00 5.756454643e-02 -5.237920029e-27
6.860921844e+04 8.413187549e+00 9.623178172e+00 3.234874411e+00 7.752192317e+00 5.637309609e-02 -6.046781678e-27
6.882565130e+04 8.414154012e+00 9.637570967e+00 3.235043535e+00 7.765700914e+00 5.520549246e-02 -5.528553962e-27
6.904208417e+04 8.415109006e+00 9.651942535e+00 3.235212523e+00 7.779202597e+00 5.406127721e-02 -2.901495434e-27
6.925851703e+04 8.416052736e+00 9.666293145e+00 3.235381376e+00 7.792697370e+00 5.294000028e-02 2.794234455e-27
6.947494990e+04 8.416985403e+00 9.680623062e+00 3.235550094e+00 7.806185238e+00 5.184122066e-02 8.707461009e-27
6.969138277e+04 8.417907203e+00 9.694932544e+00 3.235718676e+00 7.819666206e+00 5.076450567e-02 1.064890139e-26
6.990781563e+04 8.418818333e+00 9.709221848e+00 3.235887123e+00 7.833140278e+00 4.970942886e-02 1.045075248e-26
7.012424850e+04 8.419718982e+00 9.723491224e+00 3.236055435e+00 7.846607458e+00 4.867557227e-02 6.723024542e-27
7.034068136e+04 8.420609339e+00 9.737740917e+00 3.236223612e+00 7.860067753e+00 4.766252547e-02 -2.253704508e-27
7.055711423e+04 8.421489589e+00 9.751971172e+00 3.236391655e+00 7.873521165e+00 4.666988585e-02 -1.561135457e-26
7.077354709e+04 8.422359912e+00 9.766182225e+00 3.236559563e+00 7.886967701e+00 4.569725971e-02 -1.986525654e-26
7.098997996e+04 8.423220487e+00 9.780374309e+00 3.236727337e+00 7.900407364e+00 4.474425806e-02 -2.060244738e-26
7.120641283e+04 8.424071489e+00 9.794547656e+00 3.236894976e+00 7.913840160e+00 4.381049995e-02 -1.533302794e-26
7.142284569e+04 8.424913090e+00 9.808702491e+00 3.237062482e+00 7.927266092e+00 4.289561139e-02 -9.556936212e-28
7.163927856e+04 8.425745460e+00 9.822839036e+00 3.237229853e+00 7.940685166e+00 4.199922516e-02 2.629816433e-26
7.185571142e+04 8.426568765e+00 9.836957507e+00 3.237397092e+00 7.954097386e+00 4.112098288e-02 3.736245012e-26
7.207214429e+04 8.427383167e+00 9.851058121e+00 3.237564196e+00 7.967502756e+00 4.026053030e-02 4.093501554e-26
7.228857715e+04 8.428188829e+00 9.865141086e+00 3.237731167e+00 7.980901282e+00 3.941752032e-02 3.412583585e-26
7.250501002e+04 8.428985907e+00 9.879206610e+00 3.237898005e+00 7.994292968e+00 3.859161236e-02 1.121696600e-26
7.272144289e+04 8.429774556e+00 9.893254896e+00 3.238064710e+00 8.007677818e+00 3.778247203e-02 -3.477686704e-26
7.293787575e+04 8.430554929e+00 9.907286143e+00 3.238231283e+00 8.021055837e+00 3.698977237e-02 -6.994752778e-26
7.315430862e+04 8.431327176e+00 9.921300548e+00 3.238397722e+00 8.034427030e+00 3.621319180e-02 -8.068021845e-26
7.337074148e+04 8.432091442e+00 9.935298302e+00 3.238564029e+00 8.047791402e+00 3.545241403e-02 -7.333150626e-26
7.358717435e+04 8.432847874e+00 9.949279595e+00 3.238730203e+00 8.061148957e+00 3.470712905e-02 -3.717400244e-26
7.380360721e+04 8.433596613e+00 9.963244614e+00 3.238896245e+00 8.074499700e+00 3.397703256e-02 4.097569675e-26
7.402004008e+04 8.434337797e+00 9.977193540e+00 3.239062155e+00 8.087843636e+00 3.326182650e-02 1.385433480e-25
7.423647295e+04 8.435071565e+00 9.991126552e+00 3.239227933e+00 8.101180768e+00 3.256121900e-02 1.924419801e-25
7.445290581e+04 8.435798049e+00 1.000504383e+01 3.239393579e+00 8.114511101e+00 3.187492205e-02 2.329967593e-25
7.466933868e+04 8.436517384e+00 1.001894554e+01 3.239559093e+00 8.127834640e+00 3.120265364e-02 2.462225589e-25
7.488577154e+04 8.437229698e+00 1.003283186e+01 3.239724477e+00 8.141151388e+00 3.054413699e-02 2.144792616e-25
7.510220441e+04 8.437935119e+00 1.004670295e+01 3.239889729e+00 8.154461352e+00 2.989910062e-02 1.277032599e-25
7.531863727e+04 8.438633771e+00 1.006055897e+01 3.240054850e+00 8.167764535e+00 2.926727972e-02 9.113321687e-26
7.553507014e+04 8.439325779e+00 1.007440010e+01 3.240219840e+00 8.181060943e+00 2.864841221e-02 4.907274394e-26
7.575150301e+04 8.440011263e+00 1.008822648e+01 3.240384699e+00 8.194350581e+00 2.804224169e-02 8.772479854e-27
7.596793587e+04 8.440690341e+00 1.010203827e+01 3.240549427e+00 8.207633452e+00 2.744851661e-02 -1.977839143e-26
7.618436874e+04 8.441363130e+00 1.011583563e+01 3.240714024e+00 8.220909562e+00 2.686699005e-02 -2.355333061e-26
7.640080160e+04 8.442029744e+00 1.012961870e+01 3.240878491e+00 8.234178914e+00 2.629742114e-02 -4.375929670e-26
7.661723447e+04 8.442690296e+00 1.014338763e+01 3.241042828e+00 8.247441513e+00 2.573957216e-02 -6.479630793e-26
7.683366733e+04 8.443344896e+00 1.015714256e+01 3.241207035e+00 8.260697364e+00 2.519320998e-02 -7.581600479e-26
7.705010020e+04 8.443993653e+00 1.017088365e+01 3.241371112e+00 8.273946471e+00 2.465810602e-02 -7.334642080e-26
7.726653307e+04 8.444636672e+00 1.018461102e+01 3.241535060e+00 8.287188838e+00 2.413403600e-02 -5.372221965e-26
7.748296593e+04 8.445274059e+00 1.019832481e+01 3.241698877e+00 8.300424471e+00 2.362078063e-02 -2.809493990e-26
7.769939880e+04 8.445905915e+00 1.021202517e+01 3.241862566e+00 8.313653374e+00 2.311812468e-02 -6.364189111e-27
7.791583166e+04 8.446532342e+00 1.022571221e+01 3.242026125e+00 8.326875551e+00 2.262585616e-02 1.498297895e-26
7.813226453e+04 8.447153439e+00 1.023938608e+01 3.242189554e+00 8.340091008e+00 2.214376750e-02 3.008029095e-26
7.834869739e+04 8.447769302e+00 1.025304689e+01 3.242352855e+00 8.353299748e+00 2.167165507e-02 3.131553124e-26
7.856513026e+04 8.448380028e+00 1.026669478e+01 3.242516027e+00 8.366501776e+00 2.120931940e-02 2.100406967e-26
7.878156313e+04 8.448985709e+00 1.028032986e+01 3.242679070e+00 8.379697097e+00 2.075656563e-02 2.720182919e-26
7.899799599e+04 8.449586437e+00 1.029395226e+01 3.242841985e+00 8.392885714e+00 2.031320113e-02 3.038700782e-26
7.921442886e+04 8.450182304e+00 1.030756210e+01 3.243004771e+00 8.406067634e+00 1.987903753e-02 3.058490870e-26
7.943086172e+04 8.450773397e+00 1.032115948e+01 3.243167429e+00 8.419242860e+00 1.945389001e-02 2.826928781e-26
7.964729459e+04 8.451359803e+00 1.033474453e+01 3.243329959e+00 8.432411396e+00 1.903757728e-02 2.437906950e-26
7.986372745e+04 8.451941608e+00 1.034831736e+01 3.243492361e+00 8.445573248e+00 1.862992292e-02 1.615487604e-26
8.008016032e+04 8.452518895e+00 1.036187808e+01 3.243654635e+00 8.458728419e+00 1.823075203e-02 6.741965796e-27
8.029659319e+04 8.453091748e+00 1.037542679e+01 3.243816782e+00 8.471876915e+00 1.783989374e-02 -2.174852023e-27
8.051302605e+04 8.453660246e+00 1.038896360e+01 3.243978801e+00 8.485018739e+00 1.745718042e-02 -8.353369310e-27
8.072945892e+04 8.454224469e+00 1.040248863e+01 3.244140693e+00 8.498153897e+00 1.708244762e-02 -8.942516489e-27
8.094589178e+04 8.454784495e+00 1.041600196e+01 3.244302458e+00 8.511282392e+00 1.671553496e-02 -1.164247294e-26
8.116232465e+04 8.455340400e+00 1.042950370e+01 3.244464095e+00 8.524404230e+00 1.635628442e-02 -1.558430582e-26
8.137875752e+04 8.455892259e+00 1.044299395e+01 3.244625606e+00 8.537519414e+00 1.600454085e-02 -1.776682206e-26
8.159519038e+04 8.456440146e+00 1.045647280e+01 3.244786990e+00 8.550627949e+00 1.566015227e-02 -1.790313451e-26
8.181162325e+04 8.456984133e+00 1.046994036e+01 3.244948247e+00 8.563729841e+00 1.532296962e-02 -1.581764640e-26
8.202805611e+04 8.457524291e+00 1.048339671e+01 3.245109378e+00 8.576825092e+00 1.499284716e-02 -1.210509504e-26
8.224448898e+04 8.458060690e+00 1.049684195e+01 3.245270383e+00 8.589913708e+00 1.466964216e-02 -7.798335534e-27
8.246092184e+04 8.458593397e+00 1.051027616e+01 3.245431261e+00 8.602995694e+00 1.435321382e-02 -3.141253929e-27
8.267735471e+04 8.459122480e+00 1.052369944e+01 3.245592013e+00 8.616071052e+00 1.404342443e-02 8.534898003e-28
8.289378758e+04 8.459648004e+00 1.053711187e+01 3.245752640e+00 8.629139790e+00 1.374013893e-02 2.856482519e-27
8.311022044e+04 8.460170035e+00 1.055051354e+01 3.245913141e+00 8.642201909e+00 1.344322500e-02 2.501945175e-27
8.332665331e+04 8.460688635e+00 1.056390452e+01 3.246073516e+00 8.655257416e+00 1.315255370e-02 5.245160176e-27
8.354308617e+04 8.461203867e+00 1.057728491e+01 3.246233766e+00 8.668306314e+00 1.286799734e-02 7.340967950e-27
8.375951904e+04 8.461715791e+00 1.059065479e+01 3.246393891e+00 8.681348608e+00 1.258943121e-02 8.608198389e-27
8.397595190e+04 8.462224468e+00 1.060401423e+01 3.246553890e+00 8.694384303e+00 1.231673297e-02 8.908747448e-27
8.419238477e+04 8.462729957e+00 1.061736331e+01 3.246713765e+00 8.707413402e+00 1.204978266e-02 8.157956584e-27
8.440881764e+04 8.463232314e+00 1.063070211e+01 3.246873515e+00 8.720435911e+00 1.178846360e-02 6.889049273e-27
8.462525050e+04 8.463731597e+00 1.064403070e+01 3.247033140e+00 8.733451833e+00 1.153266026e-02 5.107293928e-27
8.484168337e+04 8.464227860e+00 1.065734916e+01 3.247192640e+00 8.746461174e+00 1.128225966e-02 3.097219925e-27
8.505811623e+04 8.464721160e+00 1.067065756e+01 3.247352017e+00 8.759463937e+00 1.103715107e-02 1.304038046e-27
8.527454910e+04 8.465211548e+00 1.068395597e+01 3.247511269e+00 8.772460128e+00 1.079722591e-02 3.153007876e-28
8.549098196e+04 8.465699077e+00 1.069724446e+01 3.247670396e+00 8.785449750e+00 1.056237825e-02 -9.854372651e-28
8.570741483e+04 8.466183800e+00 1.071052310e+01 3.247829400e+00 8.798432808e+00 1.033250397e-02 -2.775164109e-27
8.592384770e+04 8.466665765e+00 1.072379195e+01 3.247988280e+00 8.811409306e+00 1.010750068e-02 -4.171561919e-27
8.614028056e+04 8.467145023e+00 1.073705109e+01 3.248147037e+00 8.824379249e+00 9.887268172e-03 -4.952472763e-27
8.635671343e+04 8.467621623e+00 1.075030057e+01 3.248305670e+00 8.837342641e+00 9.671708204e-03 -4.878443755e-27
8.657314629e+04 8.468095612e+00 1.076354047e+01 3.248464179e+00 8.850299487e+00 9.460724711e-03 -4.169658167e-27
8.678957916e+04 8.468567036e+00 1.077677084e+01 3.248622565e+00 8.863249791e+00 9.254223822e-03 -3.611130193e-27
8.700601202e+04 8.469035942e+00 1.078999175e+01 3.248780829e+00 8.876193558e+00 9.052112796e-03 -2.805367527e-27
8.722244489e+04 8.469502374e+00 1.080320325e+01 3.248938969e+00 8.889130791e+00 8.854301011e-03 -1.953655207e-27
8.743887776e+04 8.469966378e+00 1.081640540e+01 3.249096986e+00 8.902061496e+00 8.660699616e-03 -1.337845089e-27
8.765531062e+04 8.470427996e+00 1.082959827e+01 3.249254881e+00 8.914985676e+00 8.471221558e-03 -1.184069203e-27
8.787174349e+04 8.470887270e+00 1.084278191e+01 3.249412653e+00 8.927903337e+00 8.285782185e-03 -1.586851439e-28
8.808817635e+04 8.471344242e+00 1.085595638e+01 3.249570303e+00 8.940814482e+00 8.104297564e-03 8.174221924e-28
8.830460922e+04 8.471798954e+00 1.086912173e+01 3.249727831e+00 8.953719116e+00 7.926685767e-03 1.640127291e-27
8.852104208e+04 8.472251444e+00 1.088227801e+01 3.249885236e+00 8.966617243e+00 7.752866477e-03 2.193077669e-27
8.873747495e+04 8.472701754e+00 1.089542529e+01 3.250042520e+00 8.979508868e+00 7.582760951e-03 2.348026602e-27
8.895390782e+04 8.473149920e+00 1.090856360e+01 3.250199682e+00 8.992393994e+00 7.416292716e-03 2.590509218e-27
8.917034068e+04 8.473595982e+00 1.092169301e+01 3.250356722e+00 9.005272628e+00 7.253386058e-03 2.769240393e-27
8.938677355e+04 8.474039975e+00 1.093481356e+01 3.250513640e+00 9.018144772e+00 7.093966828e-03 2.813509539e-27
8.960320641e+04 8.474481938e+00 1.094792530e+01 3.250670438e+00 9.031010431e+00 6.937962442e-03 2.765528678e-27
8.981963928e+04 8.474921904e+00 1.096102829e+01 3.250827113e+00 9.043869610e+00 6.785301740e-03 2.691714344e-27
9.003607214e+04 8.475359910e+00 1.097412256e+01 3.250983668e+00 9.056722313e+00 6.635914947e-03 2.685374790e-27
9.025250501e+04 8.475795990e+00 1.098720817e+01 3.251140102e+00 9.069568544e+00 6.489734697e-03 2.225119372e-27
9.046893788e+04 8.476230176e+00 1.100028516e+01 3.251296415e+00 9.082408308e+00 6.346693685e-03 1.587501212e-27
9.068537074e+04 8.476662503e+00 1.101335358e+01 3.251452608e+00 9.095241608e+00 6.206726300e-03 8.314457899e-28
9.090180361e+04 8.477093003e+00 1.102641347e+01 3.251608679e+00 9.108068450e+00 6.069768279e-03 -8.940931638e-30
9.111823647e+04 8.477521708e+00 1.103946487e+01 3.251764631e+00 9.120888838e+00 5.935756621e-03 -8.900097931e-28
9.133466934e+04 8.477948648e+00 1.105250783e+01 3.251920462e+00 9.133702776e+00 5.804629582e-03 -1.756726409e-27
9.155110220e+04 8.478373855e+00 1.106554239e+01 3.252076173e+00 9.146510269e+00 5.676327757e-03 -2.495003623e-27
9.176753507e+04 8.478797358e+00 1.107856860e+01 3.252231764e+00 9.159311320e+00 5.550791394e-03 -3.043361938e-27
9.198396794e+04 8.479219186e+00 1.109158648e+01 3.252387235e+00 9.172105934e+00 5.427962503e-03 -3.301901083e-27
9.220040080e+04 8.479639369e+00 1.110459609e+01 3.252542586e+00 9.184894116e+00 5.307784240e-03 -3.156106656e-27
9.241683367e+04 8.480057936e+00 1.111759746e+01 3.252697818e+00 9.197675869e+00 5.190200887e-03 -2.476102333e-27
9.263326653e+04 8.480474912e+00 1.113059063e+01 3.252852931e+00 9.210451199e+00 5.075157923e-03 -1.273645602e-27
9.284969940e+04 8.480890327e+00 1.114357563e+01 3.253007924e+00 9.223220109e+00 4.962602697e-03 -7.473420328e-28
9.306613226e+04 8.481304205e+00 1.115655251e+01 3.253162798e+00 9.235982604e+00 4.852482431e-03 -3.374169941e-28
9.328256513e+04 8.481716575e+00 1.116952130e+01 3.253317553e+00 9.248738688e+00 4.744745861e-03 -2.187080176e-28
9.349899800e+04 8.482127460e+00 1.118248204e+01 3.253472189e+00 9.261488365e+00 4.639342745e-03 -6.107178533e-28
9.371543086e+04 8.482536887e+00 1.119543476e+01 3.253626706e+00 9.274231640e+00 4.536223837e-03 -1.781443763e-27
9.393186373e+04 8.482944880e+00 1.120837950e+01 3.253781105e+00 9.286968517e+00 4.435341023e-03 -3.473556239e-27
9.414829659e+04 8.483351463e+00 1.122131629e+01 3.253935385e+00 9.299699001e+00 4.336647643e-03 -3.631182653e-27
9.436472946e+04 8.483756660e+00 1.123424516e+01 3.254089546e+00 9.312423095e+00 4.240097118e-03 -3.329324892e-27
9.458116232e+04 8.484160494e+00 1.124716615e+01 3.254243590e+00 9.325140804e+00 4.145644151e-03 -2.301580342e-27
9.479759519e+04 8.484562988e+00 1.126007929e+01 3.254397516e+00 9.337852132e+00 4.053244351e-03 -2.195724554e-28
9.501402806e+04 8.484964164e+00 1.127298461e+01 3.254551323e+00 9.350557084e+00 3.962854211e-03 3.312455919e-27
9.523046092e+04 8.485364044e+00 1.128588214e+01 3.254705013e+00 9.363255664e+00 3.874431295e-03 7.287555710e-27
9.544689379e+04 8.485762650e+00 1.129877192e+01 3.254858585e+00 9.375947876e+00 3.787934310e-03 8.647926088e-27
9.566332665e+04 8.486160002e+00 1.131165396e+01 3.255012040e+00 9.388633725e+00 3.703322141e-03 8.885589649e-27
9.587975952e+04 8.486556122e+00 1.132452831e+01 3.255165377e+00 9.401313214e+00 3.620554780e-03 7.374535412e-27
9.609619238e+04 8.486951029e+00 1.133739500e+01 3.255318597e+00 9.413986348e+00 3.539593023e-03 3.357827805e-27
9.631262525e+04 8.487344743e+00 1.135025404e+01 3.255471699e+00 9.426653132e+00 3.460398444e-03 -4.062927649e-27
9.652905812e+04 8.487737285e+00 1.136310547e+01 3.255624685e+00 9.439313569e+00 3.382933713e-03 -1.087781191e-26
9.674549098e+04 8.488128672e+00 1.137594932e+01 3.255777554e+00 9.451967664e+00 3.307162356e-03 -1.139910904e-26
9.696192385e+04 8.488518923e+00 1.138878561e+01 3.255930306e+00 9.464615421e+00 3.233048027e-03 -9.250072823e-27
9.717835671e+04 8.488908058e+00 1.140161437e+01 3.256082942e+00 9.477256844e+00 3.160555405e-03 -3.208084225e-27
9.739478958e+04 8.489296093e+00 1.141443563e+01 3.256235461e+00 9.489891938e+00 3.089649877e-03 8.179421725e-27
9.761122244e+04 8.489683047e+00 1.142724940e+01 3.256387863e+00 9.502520708e+00 3.020297519e-03 2.661175894e-26
9.782765531e+04 8.490068937e+00 1.144005573e+01 3.256540150e+00 9.515143156e+00 2.952465075e-03 5.405179325e-26
9.804408818e+04 8.490453779e+00 1.145285463e+01 3.256692320e+00 9.527759288e+00 2.886120862e-03 7.002920119e-26
9.826052104e+04 8.490837591e+00 1.146564612e+01 3.256844375e+00 9.540369107e+00 2.821232704e-03 8.208518159e-26
9.847695391e+04 8.491220388e+00 1.147843024e+01 3.256996314e+00 9.552972618e+00 2.757769371e-03 8.988575115e-26
9.869338677e+04 8.491602186e+00 1.149120700e+01 3.257148137e+00 9.565569826e+00 2.695700330e-03 9.092714924e-26
9.890981964e+04 8.491983002e+00 1.150397643e+01 3.257299844e+00 9.578160734e+00 2.634995655e-03 8.222099619e-26
9.912625251e+04 8.492362851e+00 1.151673854e+01 3.257451436e+00 9.590745346e+00 2.575626016e-03 6.025901105e-26
9.934268537e+04 8.492741746e+00 1.152949338e+01 3.257602913e+00 9.603323667e+00 2.517562999e-03 3.271552481e-26
9.955911824e+04 8.493119704e+00 1.154224094e+01 3.257754275e+00 9.615895701e+00 2.460779074e-03 1.781435194e-26
9.977555110e+04 8.493496739e+00 1.155498127e+01 3.257905521e+00 9.628461453e+00 2.405246364e-03 2.581252452e-27
9.999198397e+04 8.493872864e+00 1.156771437e+01 3.258056653e+00 9.641020927e+00 2.350937972e-03 -1.112817970e-26
1.002084168e+05 8.494248094e+00 1.158044027e+01 3.258207670e+00 9.653574126e+00 2.297827544e-03 -2.096361535e-26
1.004248497e+05 8.494622443e+00 1.159315900e+01 3.258358572e+00 9.666121055e+00 2.245889256e-03 -2.403814226e-26
1.006412826e+05 8.494995923e+00 1.160587056e+01 3.258509360e+00 9.678661719e+00 2.195097800e-03 -1.688641722e-26
1.008577154e+05 8.495368547e+00 1.161857499e+01 3.258660034e+00 9.691196121e+00 2.145429047e-03 -1.811460143e-26
1.010741483e+05 8.495740329e+00 1.163127230e+01 3.258810593e+00 9.703724266e+00 2.096858616e-03 -2.088997304e-26
1.012905812e+05 8.496111281e+00 1.164396251e+01 3.258961038e+00 9.716246158e+00 2.049362724e-03 -2.186224821e-26
1.015070140e+05 8.496481415e+00 1.165664563e+01 3.259111369e+00 9.728761801e+00 2.002918170e-03 -2.106373923e-26
1.017234469e+05 8.496850744e+00 1.166932170e+01 3.259261587e+00 9.741271199e+00 1.957502222e-03 -1.865553915e-26
1.019398798e+05 8.497219279e+00 1.168199072e+01 3.259411690e+00 9.753774356e+00 1.913092610e-03 -1.494328799e-26
1.021563126e+05 8.497587032e+00 1.169465272e+01 3.259561680e+00 9.766271277e+00 1.869667675e-03 -1.012280197e-26
1.023727455e+05 8.497954013e+00 1.170730771e+01 3.259711557e+00 9.778761966e+00 1.827206489e-03 -4.077387935e-27
1.025891784e+05 8.498320235e+00 1.171995571e+01 3.259861320e+00 9.791246428e+00 1.785687923e-03 2.097511433e-27
1.028056112e+05 8.498685708e+00 1.173259674e+01 3.260010970e+00 9.803724665e+00 1.745091550e-03 7.584528366e-27
1.030220441e+05 8.499050443e+00 1.174523082e+01 3.260160507e+00 9.816196683e+00 1.705397365e-03 1.137735872e-26
1.032384770e+05 8.499414450e+00 1.175785796e+01 3.260309931e+00 9.828662486e+00 1.666585762e-03 1.226723639e-26
1.034549098e+05 8.499777740e+00 1.177047817e+01 3.260459242e+00 9.841122077e+00 1.628637536e-03 8.829407735e-27
1.036713427e+05 8.500140322e+00 1.178309148e+01 3.260608441e+00 9.853575462e+00 1.591534318e-03 7.994213923e-27
1.038877756e+05 8.500502207e+00 1.179569791e+01 3.260757527e+00 9.866022644e+00 1.555257683e-03 8.377414898e-27
1.041042084e+05 8.500863404e+00 1.180829746e+01 3.260906500e+00 9.878463627e+00 1.519789554e-03 8.137331781e-27
1.043206413e+05 8.501223922e+00 1.182089015e+01 3.261055361e+00 9.890898415e+00 1.485112327e-03 7.452260381e-27
1.045370741e+05 8.501583772e+00 1.183347600e+01 3.261204110e+00 9.903327013e+00 1.451208755e-03 6.601856399e-27
1.047535070e+05 8.501942961e+00 1.184605503e+01 3.261352747e+00 9.915749425e+00 1.418061940e-03 5.977919929e-27
1.049699399e+05 8.502301500e+00 1.185862724e+01 3.261501272e+00 9.928165655e+00 1.385655463e-03 5.287498404e-27
1.051863727e+05 8.502659396e+00 1.187119266e+01 3.261649685e+00 9.940575707e+00 1.353973656e-03 1.957070184e-27
1.054028056e+05 8.503016658e+00 1.188375129e+01 3.261797987e+00 9.952979586e+00 1.323000360e-03 -1.808760713e-27
1.056192385e+05 8.503373295e+00 1.189630315e+01 3.261946177e+00 9.965377295e+00 1.292720093e-03 -5.758606641e-27
1.058356713e+05 8.503729314e+00 1.190884826e+01 3.262094255e+00 9.977768838e+00 1.263117688e-03 -9.572676923e-27
1.060521042e+05 8.504084725e+00 1.192138663e+01 3.262242222e+00 9.990154221e+00 1.234178287e-03 -1.285779884e-26
1.062685371e+05 8.504439534e+00 1.193391828e+01 3.262390078e+00 1.000253345e+01 1.205887328e-03 -1.514243864e-26
1.064849699e+05 8.504793751e+00 1.194644321e+01 3.262537823e+00 1.001490652e+01 1.178230536e-03 -1.587172254e-26
1.067014028e+05 8.505147381e+00 1.195896144e+01 3.262685457e+00 1.002727344e+01 1.151194735e-03 -1.846726782e-26
1.069178357e+05 8.505500432e+00 1.197147298e+01 3.262832980e+00 1.003963422e+01 1.124765930e-03 -2.083595564e-26
1.071342685e+05 8.505852913e+00 1.198397785e+01 3.262980393e+00 1.005198886e+01 1.098930755e-03 -2.260908950e-26
1.073507014e+05 8.506204829e+00 1.199647606e+01 3.263127695e+00 1.006433736e+01 1.073676159e-03 -2.363232313e-26
1.075671343e+05 8.506556189e+00 1.200896762e+01 3.263274886e+00 1.007667973e+01 1.048989357e-03 -2.374731477e-26
1.077835671e+05 8.506906999e+00 1.202145254e+01 3.263421967e+00 1.008901597e+01 1.024857822e-03 -2.279269576e-26
1.080000000e+05 8.507257265e+00 1.203393084e+01 3.263568938e+00 1.010134609e+01 1.001269274e-03 -2.060503916e-26
