time            shA            
0.000000000e+00 1.000000000e-04
2.004008016e+01 1.641890242e-01
4.008016032e+01 2.700216209e-01
6.012024048e+01 3.609301222e-01
8.016032064e+01 4.414313081e-01
1.002004008e+02 5.134610382e-01
1.202404810e+02 5.783274860e-01
1.402805611e+02 6.371157133e-01
1.603206413e+02 6.907694908e-01
1.803607214e+02 7.401096101e-01
2.004008016e+02 7.858424638e-01
2.204408818e+02 8.285689815e-01
2.404809619e+02 8.687947111e-01
2.605210421e+02 9.069403999e-01
2.805611222e+02 9.433524083e-01
3.006012024e+02 9.783125061e-01
3.206412826e+02 1.012046763e+00
3.406813627e+02 1.044733500e+00
3.607214429e+02 1.076510259e+00
3.807615230e+02 1.107479765e+00
4.008016032e+02 1.137715303e+00
4.208416834e+02 1.167265039e+00
4.408817635e+02 1.196155975e+00
4.609218437e+02 1.224397242e+00
4.809619238e+02 1.251982899e+00
5.010020040e+02 1.278894571e+00
5.210420842e+02 1.305103522e+00
5.410821643e+02 1.330572632e+00
5.611222445e+02 1.355258114e+00
5.811623246e+02 1.379111063e+00
6.012024048e+02 1.402078883e+00
6.212424850e+02 1.424106522e+00
6.412825651e+02 1.445137756e+00
6.613226453e+02 1.465116190e+00
6.813627255e+02 1.483986336e+00
7.014028056e+02 1.501694554e+00
7.214428858e+02 1.518189991e+00
7.414829659e+02 1.533425341e+00
7.615230461e+02 1.547357710e+00
7.815631263e+02 1.559949325e+00
8.016032064e+02 1.571168213e+00
8.216432866e+02 1.580988831e+00
8.416833667e+02 1.589392662e+00
8.617234469e+02 1.596368693e+00
8.817635271e+02 1.601913887e+00
9.018036072e+02 1.606033564e+00
9.218436874e+02 1.608741685e+00
9.418837675e+02 1.610061071e+00
9.619238477e+02 1.610023533e+00
9.819639279e+02 1.608669895e+00
1.002004008e+03 1.606049931e+00
1.022044088e+03 1.602222128e+00
1.042084168e+03 1.597253493e+00
1.062124248e+03 1.591219124e+00
1.082164329e+03 1.584201571e+00
1.102204409e+03 1.576290449e+00
1.122244489e+03 1.567581576e+00
1.142284569e+03 1.558176276e+00
1.162324649e+03 1.548180442e+00
1.182364729e+03 1.537703657e+00
1.202404810e+03 1.526858297e+00
1.222444890e+03 1.515758474e+00
1.242484970e+03 1.504519134e+00
1.262525050e+03 1.493255126e+00
1.282565130e+03 1.482080243e+00
1.302605210e+03 1.471106434e+00
1.322645291e+03 1.460443027e+00
1.342685371e+03 1.450196064e+00
1.362725451e+03 1.440467736e+00
1.382765531e+03 1.431355906e+00
1.402805611e+03 1.422953772e+00
1.422845691e+03 1.415349670e+00
1.442885772e+03 1.408626911e+00
1.462925852e+03 1.402863740e+00
1.482965932e+03 1.398133501e+00
1.503006012e+03 1.394504680e+00
1.523046092e+03 1.392041308e+00
1.543086172e+03 1.390802890e+00
1.563126253e+03 1.390845279e+00
1.583166333e+03 1.392220555e+00
1.603206413e+03 1.394977641e+00
1.623246493e+03 1.399162589e+00
1.643286573e+03 1.404818993e+00
1.663326653e+03 1.411988286e+00
1.683366733e+03 1.420710057e+00
1.703406814e+03 1.431022352e+00
1.723446894e+03 1.442961788e+00
1.743486974e+03 1.456563804e+00
1.763527054e+03 1.471862700e+00
1.783567134e+03 1.488891673e+00
1.803607214e+03 1.507682691e+00
1.823647295e+03 1.528266481e+00
1.843687375e+03 1.550672215e+00
1.863727455e+03 1.574927291e+00
1.883767535e+03 1.601056888e+00
1.903807615e+03 1.629083520e+00
1.923847695e+03 1.659026576e+00
1.943887776e+03 1.690901620e+00
1.963927856e+03 1.724719717e+00
1.983967936e+03 1.760486609e+00
2.004008016e+03 1.798201979e+00
2.024048096e+03 1.837858463e+00
2.044088176e+03 1.879440732e+00
2.064128257e+03 1.922924482e+00
2.084168337e+03 1.968275366e+00
2.104208417e+03 2.015448007e+00
2.124248497e+03 2.064385049e+00
2.144288577e+03 2.115015826e+00
2.164328657e+03 2.167255817e+00
2.184368737e+03 2.221005557e+00
2.204408818e+03 2.276149900e+00
2.224448898e+03 2.332557130e+00
2.244488978e+03 2.390078894e+00
2.264529058e+03 2.448549656e+00
2.284569138e+03 2.507786663e+00
2.304609218e+03 2.567590165e+00
2.324649299e+03 2.627743886e+00
2.344689379e+03 2.688015791e+00
2.364729459e+03 2.748159211e+00
2.384769539e+03 2.807914360e+00
2.404809619e+03 2.867010099e+00
2.424849699e+03 2.925166101e+00
2.444889780e+03 2.982095432e+00
2.464929860e+03 3.037507428e+00
2.484969940e+03 3.091110914e+00
2.505010020e+03 3.142617722e+00
2.525050100e+03 3.191746433e+00
2.545090180e+03 3.238226419e+00
2.565130261e+03 3.281801895e+00
2.585170341e+03 3.322236264e+00
2.605210421e+03 3.359316198e+00
2.625250501e+03 3.392855996e+00
2.645290581e+03 3.422701461e+00
2.665330661e+03 3.448733759e+00
2.685370741e+03 3.470872836e+00
2.705410822e+03 3.489080493e+00
2.725450902e+03 3.503362793e+00
2.745490982e+03 3.513772062e+00
2.765531062e+03 3.520407959e+00
2.785571142e+03 3.523418248e+00
2.805611222e+03 3.522998093e+00
2.825651303e+03 3.519389509e+00
2.845691383e+03 3.512879092e+00
2.865731463e+03 3.503795556e+00
2.885771543e+03 3.492506568e+00
2.905811623e+03 3.479414615e+00
2.925851703e+03 3.464952630e+00
2.945891784e+03 3.449579343e+00
2.965931864e+03 3.433773981e+00
2.985971944e+03 3.418031194e+00
3.006012024e+03 3.402855827e+00
3.026052104e+03 3.388757942e+00
3.046092184e+03 3.376247952e+00
3.066132265e+03 3.365832100e+00
3.086172345e+03 3.358008501e+00
3.106212425e+03 3.353263300e+00
3.126252505e+03 3.352067426e+00
3.146292585e+03 3.354873610e+00
3.166332665e+03 3.362113621e+00
3.186372745e+03 3.374195739e+00
3.206412826e+03 3.391502224e+00
3.226452906e+03 3.414386616e+00
3.246492986e+03 3.443170732e+00
3.266533066e+03 3.478141662e+00
3.286573146e+03 3.519547158e+00
3.306613226e+03 3.567591915e+00
3.326653307e+03 3.622431437e+00
3.346693387e+03 3.684166809e+00
3.366733467e+03 3.752836604e+00
3.386773547e+03 3.828410227e+00
3.406813627e+03 3.910779369e+00
3.426853707e+03 3.999749644e+00
3.446893788e+03 4.095032280e+00
3.466933868e+03 4.196236199e+00
3.486973948e+03 4.302861120e+00
3.507014028e+03 4.414292474e+00
3.527054108e+03 4.529798234e+00
3.547094188e+03 4.648528797e+00
3.567134269e+03 4.769520313e+00
3.587174349e+03 4.891702057e+00
3.607214429e+03 5.013908033e+00
3.627254509e+03 5.134893426e+00
3.647294589e+03 5.253355451e+00
3.667334669e+03 5.367958713e+00
3.687374749e+03 5.477364269e+00
3.707414830e+03 5.580261792e+00
3.727454910e+03 5.675403655e+00
3.747494990e+03 5.761639778e+00
3.767535070e+03 5.837951777e+00
3.787575150e+03 5.903485093e+00
3.807615230e+03 5.957577388e+00
3.827655311e+03 5.999782245e+00
3.847695391e+03 6.029886585e+00
3.867735471e+03 6.047921308e+00
3.887775551e+03 6.054164155e+00
3.907815631e+03 6.049134972e+00
3.927855711e+03 6.033583195e+00
3.947895792e+03 6.008468367e+00
3.967935872e+03 5.974934499e+00
3.987975952e+03 5.934279451e+00
4.008016032e+03 5.887920972e+00
4.028056112e+03 5.837360707e+00
4.048096192e+03 5.784148002e+00
4.068136273e+03 5.729844790e+00
4.088176353e+03 5.675992967e+00
4.108216433e+03 5.624085230e+00
4.128256513e+03 5.575539974e+00
4.148296593e+03 5.531680728e+00
4.168336673e+03 5.493720011e+00
4.188376754e+03 5.462747355e+00
4.208416834e+03 5.439721113e+00
4.228456914e+03 5.425463181e+00
4.248496994e+03 5.420655967e+00
4.268537074e+03 5.425840974e+00
4.288577154e+03 5.441418118e+00
4.308617234e+03 5.467645386e+00
4.328657315e+03 5.504638216e+00
4.348697395e+03 5.552368541e+00
4.368737475e+03 5.610663335e+00
4.388777555e+03 5.679202861e+00
4.408817635e+03 5.757518885e+00
4.428857715e+03 5.844993491e+00
4.448897796e+03 5.940858958e+00
4.468937876e+03 6.044199432e+00
4.488977956e+03 6.153955028e+00
4.509018036e+03 6.268929242e+00
4.529058116e+03 6.387799919e+00
4.549098196e+03 6.509134664e+00
4.569138277e+03 6.631410324e+00
4.589178357e+03 6.753036466e+00
4.609218437e+03 6.872383184e+00
4.629258517e+03 6.987811945e+00
4.649298597e+03 7.097708741e+00
4.669338677e+03 7.200518591e+00
4.689378758e+03 7.294780105e+00
4.709418838e+03 7.379158417e+00
4.729458918e+03 7.452476087e+00
4.749498998e+03 7.513739430e+00
4.769539078e+03 7.562160434e+00
4.789579158e+03 7.597172785e+00
4.809619238e+03 7.618440973e+00
4.829659319e+03 7.625863421e+00
4.849699399e+03 7.619568377e+00
4.869739479e+03 7.599903416e+00
4.889779559e+03 7.567419203e+00
4.909819639e+03 7.522847763e+00
4.929859719e+03 7.467076835e+00
4.949899800e+03 7.401120960e+00
4.969939880e+03 7.326090507e+00
4.989979960e+03 7.243159953e+00
5.010020040e+03 7.153536290e+00
5.030060120e+03 7.058428579e+00
5.050100200e+03 6.959019605e+00
5.070140281e+03 6.856440038e+00
5.090180361e+03 6.751745857e+00
5.110220441e+03 6.645899015e+00
5.130260521e+03 6.539751693e+00
5.150300601e+03 6.434034020e+00
5.170340681e+03 6.329345043e+00
5.190380762e+03 6.226146982e+00
5.210420842e+03 6.124762208e+00
5.230460922e+03 6.025373220e+00
5.250501002e+03 5.928024974e+00
5.270541082e+03 5.832629913e+00
5.290581162e+03 5.738975687e+00
5.310621242e+03 5.646735814e+00
5.330661323e+03 5.555483762e+00
5.350701403e+03 5.464710399e+00
5.370741483e+03 5.373846355e+00
5.390781563e+03 5.282288238e+00
5.410821643e+03 5.189429919e+00
5.430861723e+03 5.094697831e+00
5.450901804e+03 4.997589166e+00
5.470941884e+03 4.897710975e+00
5.490981964e+03 4.794816976e+00
5.511022044e+03 4.688838216e+00
5.531062124e+03 4.579903335e+00
5.551102204e+03 4.468344511e+00
5.571142285e+03 4.354686427e+00
5.591182365e+03 4.239617800e+00
5.611222445e+03 4.123947607e+00
5.631262525e+03 4.008550739e+00
5.651302605e+03 3.894309667e+00
5.671342685e+03 3.782059245e+00
5.691382766e+03 3.672540889e+00
5.711422846e+03 3.566370327e+00
5.731462926e+03 3.464020569e+00
5.751503006e+03 3.365819211e+00
5.771543086e+03 3.271957436e+00
5.791583166e+03 3.182507034e+00
5.811623246e+03 3.097441771e+00
5.831663327e+03 3.016659881e+00
5.851703407e+03 2.940005332e+00
5.871743487e+03 2.867286413e+00
5.891783567e+03 2.798290961e+00
5.911823647e+03 2.732798144e+00
5.931863727e+03 2.670587091e+00
5.951903808e+03 2.611442845e+00
5.971943888e+03 2.555160168e+00
5.991983968e+03 2.501545737e+00
6.012024048e+03 2.450419178e+00
6.032064128e+03 2.401613272e+00
6.052104208e+03 2.354973660e+00
6.072144289e+03 2.310358222e+00
6.092184369e+03 2.267636277e+00
6.112224449e+03 2.226687719e+00
6.132264529e+03 2.187402138e+00
6.152304609e+03 2.149677990e+00
6.172344689e+03 2.113421722e+00
6.192384770e+03 2.078547166e+00
6.212424850e+03 2.044974730e+00
6.232464930e+03 2.012630852e+00
6.252505010e+03 1.981447524e+00
6.272545090e+03 1.951361513e+00
6.292585170e+03 1.922314375e+00
6.312625251e+03 1.894251620e+00
6.332665331e+03 1.867122585e+00
6.352705411e+03 1.840880067e+00
6.372745491e+03 1.815480014e+00
6.392785571e+03 1.790881273e+00
6.412825651e+03 1.767045360e+00
6.432865731e+03 1.743936239e+00
6.452905812e+03 1.721520133e+00
6.472945892e+03 1.699765345e+00
6.492985972e+03 1.678642105e+00
6.513026052e+03 1.658122420e+00
6.533066132e+03 1.638179945e+00
6.553106212e+03 1.618789863e+00
6.573146293e+03 1.599928772e+00
6.593186373e+03 1.581574591e+00
6.613226453e+03 1.563706461e+00
6.633266533e+03 1.546304666e+00
6.653306613e+03 1.529350554e+00
6.673346693e+03 1.512826462e+00
6.693386774e+03 1.496715658e+00
6.713426854e+03 1.481002275e+00
6.733466934e+03 1.465671257e+00
6.753507014e+03 1.450708306e+00
6.773547094e+03 1.436099839e+00
6.793587174e+03 1.421832938e+00
6.813627255e+03 1.407895314e+00
6.833667335e+03 1.394275266e+00
6.853707415e+03 1.380961649e+00
6.873747495e+03 1.367943838e+00
6.893787575e+03 1.355211700e+00
6.913827655e+03 1.342755565e+00
6.933867735e+03 1.330566199e+00
6.953907816e+03 1.318634783e+00
6.973947896e+03 1.306952882e+00
6.993987976e+03 1.295512435e+00
7.014028056e+03 1.284305726e+00
7.034068136e+03 1.273325368e+00
7.054108216e+03 1.262564285e+00
7.074148297e+03 1.252015701e+00
7.094188377e+03 1.241673114e+00
7.114228457e+03 1.231530292e+00
7.134268537e+03 1.221581254e+00
7.154308617e+03 1.211820259e+00
7.174348697e+03 1.202241791e+00
7.194388778e+03 1.192840553e+00
7.214428858e+03 1.183611452e+00
7.234468938e+03 1.174549593e+00
7.254509018e+03 1.165650265e+00
7.274549098e+03 1.156908936e+00
7.294589178e+03 1.148321243e+00
7.314629259e+03 1.139882983e+00
7.334669339e+03 1.131590108e+00
7.354709419e+03 1.123438719e+00
7.374749499e+03 1.115425052e+00
7.394789579e+03 1.107545483e+00
7.414829659e+03 1.099796511e+00
7.434869739e+03 1.092174759e+00
7.454909820e+03 1.084676970e+00
7.474949900e+03 1.077299994e+00
7.494989980e+03 1.070040792e+00
7.515030060e+03 1.062896425e+00
7.535070140e+03 1.055864054e+00
7.555110220e+03 1.048940934e+00
7.575150301e+03 1.042124410e+00
7.595190381e+03 1.035411913e+00
7.615230461e+03 1.028800958e+00
7.635270541e+03 1.022289139e+00
7.655310621e+03 1.015874127e+00
7.675350701e+03 1.009553667e+00
7.695390782e+03 1.003325573e+00
7.715430862e+03 9.971877279e-01
7.735470942e+03 9.911380797e-01
7.755511022e+03 9.851746388e-01
7.775551102e+03 9.792954778e-01
7.795591182e+03 9.734987236e-01
7.815631263e+03 9.677825585e-01
7.835671343e+03 9.621452263e-01
7.855711423e+03 9.565850174e-01
7.875751503e+03 9.511002679e-01
7.895791583e+03 9.456893681e-01
7.915831663e+03 9.403507529e-01
7.935871743e+03 9.350829018e-01
7.955911824e+03 9.298843367e-01
7.975951904e+03 9.247536210e-01
7.995991984e+03 9.196893574e-01
8.016032064e+03 9.146901859e-01
8.036072144e+03 9.097547886e-01
8.056112224e+03 9.048818836e-01
8.076152305e+03 9.000702214e-01
8.096192385e+03 8.953185857e-01
8.116232465e+03 8.906257926e-01
8.136272545e+03 8.859906905e-01
8.156312625e+03 8.814121584e-01
8.176352705e+03 8.768891042e-01
8.196392786e+03 8.724204644e-01
8.216432866e+03 8.680052027e-01
8.236472946e+03 8.636423101e-01
8.256513026e+03 8.593308030e-01
8.276553106e+03 8.550697224e-01
8.296593186e+03 8.508581335e-01
8.316633267e+03 8.466951247e-01
8.336673347e+03 8.425798068e-01
8.356713427e+03 8.385113139e-01
8.376753507e+03 8.344888001e-01
8.396793587e+03 8.305114393e-01
8.416833667e+03 8.265784298e-01
8.436873747e+03 8.226889844e-01
8.456913828e+03 8.188423353e-01
8.476953908e+03 8.150377349e-01
8.496993988e+03 8.112744533e-01
8.517034068e+03 8.075517766e-01
8.537074148e+03 8.038690074e-01
8.557114228e+03 8.002254643e-01
8.577154309e+03 7.966204815e-01
8.597194389e+03 7.930534073e-01
8.617234469e+03 7.895236084e-01
8.637274549e+03 7.860304655e-01
8.657314629e+03 7.825733718e-01
8.677354709e+03 7.791517340e-01
8.697394790e+03 7.757649716e-01
8.717434870e+03 7.724125173e-01
8.737474950e+03 7.690938164e-01
8.757515030e+03 7.658083262e-01
8.777555110e+03 7.625555165e-01
8.797595190e+03 7.593348678e-01
8.817635271e+03 7.561458720e-01
8.837675351e+03 7.529880319e-01
8.857715431e+03 7.498608608e-01
8.877755511e+03 7.467638827e-01
8.897795591e+03 7.436966312e-01
8.917835671e+03 7.406586495e-01
8.937875752e+03 7.376494910e-01
8.957915832e+03 7.346687173e-01
8.977955912e+03 7.317158994e-01
8.997995992e+03 7.287906169e-01
9.018036072e+03 7.258924593e-01
9.038076152e+03 7.230210240e-01
9.058116232e+03 7.201759136e-01
9.078156313e+03 7.173567396e-01
9.098196393e+03 7.145631308e-01
9.118236473e+03 7.117947069e-01
9.138276553e+03 7.090511077e-01
9.158316633e+03 7.063319745e-01
9.178356713e+03 7.036369573e-01
9.198396794e+03 7.009657126e-01
9.218436874e+03 6.983179032e-01
9.238476954e+03 6.956931983e-01
9.258517034e+03 6.930912739e-01
9.278557114e+03 6.905118114e-01
9.298597194e+03 6.879544975e-01
9.318637275e+03 6.854190278e-01
9.338677355e+03 6.829051018e-01
9.358717435e+03 6.804124260e-01
9.378757515e+03 6.779407110e-01
9.398797595e+03 6.754896727e-01
9.418837675e+03 6.730590322e-01
9.438877756e+03 6.706485159e-01
9.458917836e+03 6.682578551e-01
9.478957916e+03 6.658867860e-01
9.498997996e+03 6.635350498e-01
9.519038076e+03 6.612023922e-01
9.539078156e+03 6.588885636e-01
9.559118236e+03 6.565933186e-01
9.579158317e+03 6.543164162e-01
9.599198397e+03 6.520576199e-01
9.619238477e+03 6.498166968e-01
9.639278557e+03 6.475934188e-01
9.659318637e+03 6.453875614e-01
9.679358717e+03 6.431989041e-01
9.699398798e+03 6.410272297e-01
9.719438878e+03 6.388723255e-01
9.739478958e+03 6.367339820e-01
9.759519038e+03 6.346119929e-01
9.779559118e+03 6.325061561e-01
9.799599198e+03 6.304162721e-01
9.819639279e+03 6.283421453e-01
9.839679359e+03 6.262835839e-01
9.859719439e+03 6.242403988e-01
9.879759519e+03 6.222124031e-01
9.899799599e+03 6.201994139e-01
9.919839679e+03 6.182012509e-01
9.939879760e+03 6.162177388e-01
9.959919840e+03 6.142487040e-01
9.979959920e+03 6.122939715e-01
1.000000000e+04 6.103533754e-01
