time            A               B               C               shA             shB             shC            
0.000000000e+00 1.100000000e+01 1.000000000e+01 3.000000000e+00 1.100000000e+00 1.000000000e+00 3.000000000e-01
2.004008016e+01 3.397845618e+00 3.361795543e+00 1.045865674e+00 4.748252271e-01 4.504103732e-01 2.531262749e-01
4.008016032e+01 3.208123655e+00 3.368584677e+00 1.103546194e+00 5.334153260e-01 5.156063780e-01 3.586982395e-01
6.012024048e+01 3.167418250e+00 3.497064209e+00 1.200022644e+00 5.950368096e-01 5.797721283e-01 4.599186217e-01
8.016032064e+01 3.147208037e+00 3.640644537e+00 1.301933322e+00 6.522887782e-01 6.360970910e-01 5.558892798e-01
1.002004008e+02 3.125797153e+00 3.778765113e+00 1.402662458e+00 7.046763306e-01 6.840621567e-01 6.461673765e-01
1.202404810e+02 3.100239516e+00 3.907532213e+00 1.500913352e+00 7.527868007e-01 7.242772437e-01 7.304569996e-01
1.402805611e+02 3.070831345e+00 4.026336351e+00 1.596486780e+00 7.972998022e-01 7.575705031e-01 8.085648373e-01
1.603206413e+02 3.038345279e+00 4.135247889e+00 1.689441619e+00 8.388250801e-01 7.848062905e-01 8.803895693e-01
1.803607214e+02 3.003544034e+00 4.234496892e+00 1.779921845e+00 8.778832172e-01 8.068318249e-01 9.459135332e-01
2.004008016e+02 2.967103632e+00 4.324356898e+00 1.868114929e+00 9.149109971e-01 8.244512943e-01 1.005193276e+00
2.204408818e+02 2.929610102e+00 4.405110868e+00 1.954236224e+00 9.502707097e-01 8.384101475e-01 1.058349561e+00
2.404809619e+02 2.891569076e+00 4.477036869e+00 2.038518993e+00 9.842597467e-01 8.493861809e-01 1.105557226e+00
2.605210421e+02 2.853416548e+00 4.540400887e+00 2.121205903e+00 1.017119415e+00 8.579855090e-01 1.147035374e+00
2.805611222e+02 2.815528952e+00 4.595453753e+00 2.202541517e+00 1.049042905e+00 8.647424886e-01 1.183038178e+00
3.006012024e+02 2.778232077e+00 4.642431165e+00 2.282765674e+00 1.080182354e+00 8.701224874e-01 1.213846583e+00
3.206412826e+02 2.741808478e+00 4.681554973e+00 2.362107644e+00 1.110654871e+00 8.745262498e-01 1.239760717e+00
3.406813627e+02 2.706504124e+00 4.713036486e+00 2.440780956e+00 1.140547713e+00 8.782955752e-01 1.261093415e+00
3.607214429e+02 2.672533556e+00 4.737079966e+00 2.518979689e+00 1.169922945e+00 8.817195651e-01 1.278164822e+00
3.807615230e+02 2.640084549e+00 4.753886977e+00 2.596874427e+00 1.198821013e+00 8.850407384e-01 1.291297587e+00
4.008016032e+02 2.609321778e+00 4.763660053e+00 2.674609840e+00 1.227264129e+00 8.884612190e-01 1.300813133e+00
4.208416834e+02 2.580389974e+00 4.766606785e+00 2.752302412e+00 1.255258995e+00 8.921484858e-01 1.307028739e+00
4.408817635e+02 2.553416481e+00 4.762943019e+00 2.830038635e+00 1.282799143e+00 8.962404709e-01 1.310254903e+00
4.609218437e+02 2.528513515e+00 4.752895826e+00 2.907873893e+00 1.309866979e+00 9.008503364e-01 1.310793681e+00
4.809619238e+02 2.505779884e+00 4.736705830e+00 2.985831571e+00 1.336435562e+00 9.060704890e-01 1.308937117e+00
5.010020040e+02 2.485302622e+00 4.714628999e+00 3.063902586e+00 1.362470139e+00 9.119761526e-01 1.304966269e+00
5.210420842e+02 2.467158390e+00 4.686937458e+00 3.142045281e+00 1.387929494e+00 9.186283713e-01 1.299150270e+00
5.410821643e+02 2.451414421e+00 4.653920517e+00 3.220185692e+00 1.412767251e+00 9.260765724e-01 1.291746044e+00
5.611222445e+02 2.438129774e+00 4.615884135e+00 3.298218041e+00 1.436932909e+00 9.343606568e-01 1.282997649e+00
5.811623246e+02 2.427355975e+00 4.573150863e+00 3.376005597e+00 1.460372921e+00 9.435127109e-01 1.273136266e+00
6.012024048e+02 2.419137831e+00 4.526058450e+00 3.453381933e+00 1.483031641e+00 9.535584029e-01 1.262379915e+00
6.212424850e+02 2.413514062e+00 4.474958597e+00 3.530152440e+00 1.504852188e+00 9.645180830e-01 1.250933488e+00
6.412825651e+02 2.410517737e+00 4.420215131e+00 3.606096203e+00 1.525777337e+00 9.764076029e-01 1.238988789e+00
6.613226453e+02 2.410176727e+00 4.362201845e+00 3.680968332e+00 1.545750279e+00 9.892389642e-01 1.226724606e+00
6.813627255e+02 2.412514127e+00 4.301300038e+00 3.754502435e+00 1.564715366e+00 1.003020787e+00 1.214306883e+00
7.014028056e+02 2.417548260e+00 4.237896170e+00 3.826413723e+00 1.582618881e+00 1.017758586e+00 1.201888962e+00
7.214428858e+02 2.425292939e+00 4.172379072e+00 3.896402086e+00 1.599409705e+00 1.033454933e+00 1.189611929e+00
7.414829659e+02 2.435757488e+00 4.105137162e+00 3.964155763e+00 1.615039974e+00 1.050109565e+00 1.177604877e+00
7.615230461e+02 2.448946626e+00 4.036555870e+00 4.029355036e+00 1.629465714e+00 1.067719334e+00 1.165985417e+00
7.815631263e+02 2.464860324e+00 3.967014728e+00 4.091676411e+00 1.642647454e+00 1.086278140e+00 1.154860073e+00
8.016032064e+02 2.483493586e+00 3.896885099e+00 4.150796490e+00 1.654550758e+00 1.105776797e+00 1.144324890e+00
8.216432866e+02 2.504836048e+00 3.826527548e+00 4.206396491e+00 1.665146792e+00 1.126202849e+00 1.134465951e+00
8.416833667e+02 2.528871546e+00 3.756289784e+00 4.258166370e+00 1.674412799e+00 1.147540369e+00 1.125360046e+00
8.617234469e+02 2.555577718e+00 3.686504671e+00 4.305808934e+00 1.682332540e+00 1.169769755e+00 1.117075311e+00
8.817635271e+02 2.584925204e+00 3.617488538e+00 4.349044183e+00 1.688896721e+00 1.192867479e+00 1.109671920e+00
9.018036072e+02 2.616877164e+00 3.549539882e+00 4.387612890e+00 1.694103331e+00 1.216805888e+00 1.103202794e+00
9.218436874e+02 2.651388450e+00 3.482938065e+00 4.421280569e+00 1.697957953e+00 1.241552994e+00 1.097714274e+00
9.418837675e+02 2.688404898e+00 3.417942725e+00 4.449840468e+00 1.700473979e+00 1.267072286e+00 1.093246863e+00
9.619238477e+02 2.727862419e+00 3.354793179e+00 4.473116756e+00 1.701672811e+00 1.293322563e+00 1.089835885e+00
9.819639279e+02 2.769686124e+00 3.293708314e+00 4.490966955e+00 1.701583962e+00 1.320257792e+00 1.087512160e+00
1.002004008e+03 2.813789580e+00 3.234886511e+00 4.503283973e+00 1.700245058e+00 1.347827062e+00 1.086302621e+00
1.022044088e+03 2.860074178e+00 3.178505634e+00 4.509997761e+00 1.697701651e+00 1.375974669e+00 1.086230879e+00
1.042084168e+03 2.908427647e+00 3.124724298e+00 4.511076444e+00 1.694007343e+00 1.404639850e+00 1.087317817e+00
1.062124248e+03 2.958723793e+00 3.073682083e+00 4.506526748e+00 1.689223386e+00 1.433757047e+00 1.089582045e+00
1.082164329e+03 3.010821726e+00 3.025500403e+00 4.496394166e+00 1.683418360e+00 1.463256031e+00 1.093040329e+00
1.102204409e+03 3.064565165e+00 2.980283454e+00 4.480762693e+00 1.676667799e+00 1.493062079e+00 1.097707944e+00
1.122244489e+03 3.119782102e+00 2.938119373e+00 4.459753678e+00 1.669053676e+00 1.523096241e+00 1.103599017e+00
1.142284569e+03 3.176284480e+00 2.899081320e+00 4.433524537e+00 1.660663836e+00 1.553275664e+00 1.110726763e+00
1.162324649e+03 3.233868047e+00 2.863228657e+00 4.402267006e+00 1.651591372e+00 1.583513964e+00 1.119103673e+00
1.182364729e+03 3.292312531e+00 2.830608049e+00 4.366204940e+00 1.641933903e+00 1.613721700e+00 1.128741624e+00
1.202404810e+03 3.351381950e+00 2.801254733e+00 4.325591769e+00 1.631792843e+00 1.643806810e+00 1.139652008e+00
1.222444890e+03 3.410825249e+00 2.775193399e+00 4.280707760e+00 1.621272599e+00 1.673675270e+00 1.151845619e+00
1.242484970e+03 3.470377279e+00 2.752439416e+00 4.231856761e+00 1.610479750e+00 1.703231631e+00 1.165332712e+00
1.262525050e+03 3.529759891e+00 2.732999787e+00 4.179363005e+00 1.599522256e+00 1.732379650e+00 1.180122881e+00
1.282565130e+03 3.588683583e+00 2.716873771e+00 4.123567709e+00 1.588508606e+00 1.761023077e+00 1.196224825e+00
1.302605210e+03 3.646849009e+00 2.704054171e+00 4.064825388e+00 1.577547110e+00 1.789066224e+00 1.213646275e+00
1.322645291e+03 3.703949426e+00 2.694527459e+00 4.003500404e+00 1.566745065e+00 1.816414838e+00 1.232393636e+00
1.342685371e+03 3.759672811e+00 2.688274615e+00 3.939963338e+00 1.556208111e+00 1.842976806e+00 1.252471734e+00
1.362725451e+03 3.813704248e+00 2.685271576e+00 3.874587724e+00 1.546039682e+00 1.868662863e+00 1.273883495e+00
1.382765531e+03 3.865729163e+00 2.685489473e+00 3.807746263e+00 1.536340307e+00 1.893387496e+00 1.296629555e+00
1.402805611e+03 3.915435670e+00 2.688894936e+00 3.739808159e+00 1.527207320e+00 1.917069547e+00 1.320707900e+00
1.422845691e+03 3.962518849e+00 2.695450130e+00 3.671134892e+00 1.518734145e+00 1.939633304e+00 1.346113380e+00
1.442885772e+03 4.006681594e+00 2.705112779e+00 3.602079840e+00 1.511010646e+00 1.961008634e+00 1.372837364e+00
1.462925852e+03 4.047640036e+00 2.717836047e+00 3.532983368e+00 1.504122284e+00 1.981132312e+00 1.400867195e+00
1.482965932e+03 4.085125210e+00 2.733568331e+00 3.464172122e+00 1.498150403e+00 1.999948345e+00 1.430185769e+00
1.503006012e+03 4.118886675e+00 2.752252958e+00 3.395956523e+00 1.493172031e+00 2.017408763e+00 1.460771065e+00
1.523046092e+03 4.148694750e+00 2.773827786e+00 3.328629788e+00 1.489260077e+00 2.033474106e+00 1.492595672e+00
1.543086172e+03 4.174343637e+00 2.798224722e+00 3.262466272e+00 1.486483324e+00 2.048114065e+00 1.525626351e+00
1.563126253e+03 4.195653009e+00 2.825369297e+00 3.197721165e+00 1.484906771e+00 2.061307838e+00 1.559823620e+00
1.583166333e+03 4.212471222e+00 2.855179934e+00 3.134629067e+00 1.484591584e+00 2.073044713e+00 1.595141374e+00
1.603206413e+03 4.224675573e+00 2.887567387e+00 3.073404976e+00 1.485595721e+00 2.083324215e+00 1.631526453e+00
1.623246493e+03 4.232174695e+00 2.922434161e+00 3.014243315e+00 1.487973916e+00 2.092156476e+00 1.668918456e+00
1.643286573e+03 4.234908965e+00 2.959673823e+00 2.957318781e+00 1.491778127e+00 2.099562336e+00 1.707249429e+00
1.663326653e+03 4.232851488e+00 2.999170230e+00 2.902786659e+00 1.497057753e+00 2.105573476e+00 1.746443673e+00
1.683366733e+03 4.226008031e+00 3.040797078e+00 2.850783588e+00 1.503859932e+00 2.110232365e+00 1.786417666e+00
1.703406814e+03 4.214416927e+00 3.084417197e+00 2.801428554e+00 1.512229840e+00 2.113592074e+00 1.827080078e+00
1.723446894e+03 4.198148748e+00 3.129882093e+00 2.754823589e+00 1.522210771e+00 2.115716201e+00 1.868331750e+00
1.743486974e+03 4.177305208e+00 3.177031510e+00 2.711055158e+00 1.533844432e+00 2.116678417e+00 1.910065968e+00
1.763527054e+03 4.152018103e+00 3.225693076e+00 2.670195209e+00 1.547171022e+00 2.116562117e+00 1.952168656e+00
1.783567134e+03 4.122447738e+00 3.275682180e+00 2.632302373e+00 1.562229289e+00 2.115459874e+00 1.994518815e+00
1.803607214e+03 4.088781281e+00 3.326801847e+00 2.597423161e+00 1.579056503e+00 2.113472885e+00 2.036988978e+00
1.823647295e+03 4.051230580e+00 3.378842953e+00 2.565593241e+00 1.597688451e+00 2.110710266e+00 2.079445825e+00
1.843687375e+03 4.010030156e+00 3.431584456e+00 2.536838443e+00 1.618159176e+00 2.107288356e+00 2.121750900e+00
1.863727455e+03 3.965434640e+00 3.484793980e+00 2.511176000e+00 1.640500818e+00 2.103329907e+00 2.163761445e+00
1.883767535e+03 3.917716251e+00 3.538228489e+00 2.488615661e+00 1.664743374e+00 2.098963283e+00 2.205331266e+00
1.903807615e+03 3.867162242e+00 3.591635348e+00 2.469160306e+00 1.690914033e+00 2.094321583e+00 2.246311938e+00
1.923847695e+03 3.814072035e+00 3.644753368e+00 2.452807287e+00 1.719037039e+00 2.089541816e+00 2.286553733e+00
1.943887776e+03 3.758754510e+00 3.697314356e+00 2.439548835e+00 1.749132850e+00 2.084764016e+00 2.325907026e+00
1.963927856e+03 3.701525418e+00 3.749044495e+00 2.429372886e+00 1.781217613e+00 2.080130517e+00 2.364223425e+00
1.983967936e+03 3.642704466e+00 3.799666401e+00 2.422263524e+00 1.815302326e+00 2.075785077e+00 2.401357304e+00
2.004008016e+03 3.582612746e+00 3.848900889e+00 2.418201600e+00 1.851392190e+00 2.071872158e+00 2.437167100e+00
2.024048096e+03 3.521570286e+00 3.896469304e+00 2.417164775e+00 1.889485416e+00 2.068536357e+00 2.471516901e+00
2.044088176e+03 3.459893533e+00 3.942095661e+00 2.419127926e+00 1.929572538e+00 2.065921637e+00 2.504277907e+00
2.064128257e+03 3.397893219e+00 3.985509078e+00 2.424063144e+00 1.971635266e+00 2.064170958e+00 2.535329904e+00
2.084168337e+03 3.335872379e+00 4.026446026e+00 2.431939725e+00 2.015645508e+00 2.063425773e+00 2.564562756e+00
2.104208417e+03 3.274124290e+00 4.064653104e+00 2.442723939e+00 2.061564017e+00 2.063825641e+00 2.591878158e+00
2.124248497e+03 3.212931147e+00 4.099889149e+00 2.456378848e+00 2.109339610e+00 2.065507973e+00 2.617190763e+00
2.144288577e+03 3.152562608e+00 4.131927675e+00 2.472863884e+00 2.158907915e+00 2.068607813e+00 2.640429716e+00
2.164328657e+03 3.093274636e+00 4.160559250e+00 2.492134368e+00 2.210190294e+00 2.073257663e+00 2.661540005e+00
2.184368737e+03 3.035308677e+00 4.185593556e+00 2.514140941e+00 2.263092899e+00 2.079587376e+00 2.680483608e+00
2.204408818e+03 2.978890978e+00 4.206861527e+00 2.538828865e+00 2.317505689e+00 2.087724082e+00 2.697240668e+00
2.224448898e+03 2.924232251e+00 4.224217050e+00 2.566137291e+00 2.373301710e+00 2.097792125e+00 2.711810361e+00
2.244488978e+03 2.871527517e+00 4.237538558e+00 2.595998450e+00 2.430336481e+00 2.109913011e+00 2.724211653e+00
2.264529058e+03 2.820956112e+00 4.246730519e+00 2.628336742e+00 2.488447517e+00 2.124205315e+00 2.734483944e+00
2.284569138e+03 2.772681916e+00 4.251724568e+00 2.663067826e+00 2.547454135e+00 2.140784568e+00 2.742687445e+00
2.304609218e+03 2.726853774e+00 4.252480396e+00 2.700097664e+00 2.607157530e+00 2.159763060e+00 2.748903331e+00
2.324649299e+03 2.683606044e+00 4.248986393e+00 2.739321572e+00 2.667341139e+00 2.181249575e+00 2.753233680e+00
2.344689379e+03 2.643059264e+00 4.241260037e+00 2.780623284e+00 2.727771334e+00 2.205348997e+00 2.755801185e+00
2.364729459e+03 2.605320918e+00 4.229348020e+00 2.823874057e+00 2.788198462e+00 2.232161800e+00 2.756748627e+00
2.384769539e+03 2.570486280e+00 4.213326084e+00 2.868931854e+00 2.848358287e+00 2.261783376e+00 2.756238109e+00
2.404809619e+03 2.538639298e+00 4.193298614e+00 2.915640630e+00 2.907973812e+00 2.294303184e+00 2.754450081e+00
2.424849699e+03 2.509853507e+00 4.169397958e+00 2.963829749e+00 2.966757515e+00 2.329803709e+00 2.751582151e+00
2.444889780e+03 2.484192930e+00 4.141783509e+00 3.013313561e+00 3.024413960e+00 2.368359221e+00 2.747847729e+00
2.464929860e+03 2.461712962e+00 4.110640527e+00 3.063891193e+00 3.080642838e+00 2.410034287e+00 2.743474500e+00
2.484969940e+03 2.442461200e+00 4.076178730e+00 3.115346552e+00 3.135142352e+00 2.454882073e+00 2.738702783e+00
2.505010020e+03 2.426478216e+00 4.038630664e+00 3.167448601e+00 3.187612955e+00 2.502942398e+00 2.733783798e+00
2.525050100e+03 2.413798230e+00 3.998249857e+00 3.219951912e+00 3.237761375e+00 2.554239564e+00 2.728977879e+00
2.545090180e+03 2.404449691e+00 3.955308794e+00 3.272597528e+00 3.285304901e+00 2.608779966e+00 2.724552668e+00
2.565130261e+03 2.398455734e+00 3.910096716e+00 3.325114137e+00 3.329975819e+00 2.666549517e+00 2.720781326e+00
2.585170341e+03 2.395834508e+00 3.862917269e+00 3.377219590e+00 3.371525986e+00 2.727510900e+00 2.717940790e+00
2.605210421e+03 2.396599352e+00 3.814086046e+00 3.428622744e+00 3.409731408e+00 2.791600714e+00 2.716310095e+00
2.625250501e+03 2.400758830e+00 3.763928037e+00 3.479025600e+00 3.444396747e+00 2.858726578e+00 2.716168793e+00
2.645290581e+03 2.408316587e+00 3.712775016e+00 3.528125822e+00 3.475359674e+00 2.928764233e+00 2.717795471e+00
2.665330661e+03 2.419271040e+00 3.660962934e+00 3.575619471e+00 3.502494923e+00 3.001554795e+00 2.721466372e+00
2.685370741e+03 2.433614904e+00 3.608829319e+00 3.621204007e+00 3.525718007e+00 3.076902194e+00 2.727454104e+00
2.705410822e+03 2.451334540e+00 3.556710740e+00 3.664581517e+00 3.544988428e+00 3.154570975e+00 2.736026432e+00
2.725450902e+03 2.472409130e+00 3.504940371e+00 3.705462102e+00 3.560312321e+00 3.234284546e+00 2.747445122e+00
2.745490982e+03 2.496809688e+00 3.453845689e+00 3.743567374e+00 3.571744437e+00 3.315724036e+00 2.761964794e+00
2.765531062e+03 2.524497922e+00 3.403746349e+00 3.778634006e+00 3.579389381e+00 3.398527886e+00 2.779831744e+00
2.785571142e+03 2.555424950e+00 3.354952254e+00 3.810417279e+00 3.583402045e+00 3.482292320e+00 2.801282681e+00
2.805611222e+03 2.589529916e+00 3.307761840e+00 3.838694565e+00 3.583987247e+00 3.566572753e+00 2.826543335e+00
2.825651303e+03 2.626738476e+00 3.262460642e+00 3.863268680e+00 3.581398399e+00 3.650886461e+00 2.855826825e+00
2.845691383e+03 2.666961285e+00 3.219320069e+00 3.883971014e+00 3.575935480e+00 3.734716256e+00 2.889331803e+00
2.865731463e+03 2.710092419e+00 3.178596460e+00 3.900664464e+00 3.567942139e+00 3.817515500e+00 2.927240253e+00
2.885771543e+03 2.756007821e+00 3.140530394e+00 3.913246039e+00 3.557802062e+00 3.898714333e+00 2.969714909e+00
2.905811623e+03 2.804563890e+00 3.105346250e+00 3.921649021e+00 3.545934758e+00 3.977727219e+00 3.016896218e+00
2.925851703e+03 2.855596094e+00 3.073251982e+00 3.925844855e+00 3.532790680e+00 4.053961676e+00 3.068898843e+00
2.945891784e+03 2.908917894e+00 3.044439085e+00 3.925844454e+00 3.518846197e+00 4.126827757e+00 3.125807755e+00
2.965931864e+03 2.964319840e+00 3.019082753e+00 3.921699041e+00 3.504598062e+00 4.195748964e+00 3.187673682e+00
2.985971944e+03 3.021569037e+00 2.997342137e+00 3.913500477e+00 3.490557960e+00 4.260173316e+00 3.254508263e+00
3.006012024e+03 3.080408982e+00 2.979360710e+00 3.901380996e+00 3.477247015e+00 4.319585083e+00 3.326278735e+00
3.026052104e+03 3.140559834e+00 2.965266670e+00 3.885512400e+00 3.465190477e+00 4.373516597e+00 3.402902360e+00
3.046092184e+03 3.201719184e+00 2.955173342e+00 3.866104661e+00 3.454912669e+00 4.421559799e+00 3.484240736e+00
3.066132265e+03 3.263563375e+00 2.949179544e+00 3.843403930e+00 3.446932293e+00 4.463377270e+00 3.570094120e+00
3.086172345e+03 3.325749364e+00 2.947369868e+00 3.817690043e+00 3.441758101e+00 4.498712366e+00 3.660196055e+00
3.106212425e+03 3.387917181e+00 2.949814835e+00 3.789273471e+00 3.439884976e+00 4.527398039e+00 3.754208598e+00
3.126252505e+03 3.449692956e+00 2.956570905e+00 3.758491849e+00 3.441790387e+00 4.549364076e+00 3.851718381e+00
3.146292585e+03 3.510692503e+00 2.967680298e+00 3.725706092e+00 3.447931143e+00 4.564642463e+00 3.952233912e+00
3.166332665e+03 3.570525429e+00 2.983170629e+00 3.691296173e+00 3.458740354e+00 4.573370686e+00 4.055184461e+00
3.186372745e+03 3.628799713e+00 3.003054295e+00 3.655656739e+00 3.474624530e+00 4.575792441e+00 4.159920862e+00
3.206412826e+03 3.685126622e+00 3.027327699e+00 3.619192548e+00 3.495960585e+00 4.572256327e+00 4.265718606e+00
3.226452906e+03 3.739125999e+00 3.055970229e+00 3.582313890e+00 3.523092694e+00 4.563211846e+00 4.371783332e+00
3.246492986e+03 3.790431652e+00 3.088943047e+00 3.545432167e+00 3.556328813e+00 4.549203158e+00 4.477259053e+00
3.266533066e+03 3.838696922e+00 3.126187725e+00 3.508955533e+00 3.595936663e+00 4.530860614e+00 4.581239472e+00
3.286573146e+03 3.883600104e+00 3.167624737e+00 3.473284952e+00 3.642139174e+00 4.508890532e+00 4.682781636e+00
3.306613226e+03 3.924849773e+00 3.213151877e+00 3.438810513e+00 3.695109170e+00 4.484063327e+00 4.780922683e+00
3.326653307e+03 3.962189766e+00 3.262642646e+00 3.405908235e+00 3.754963339e+00 4.457200615e+00 4.874698655e+00
3.346693387e+03 3.995403758e+00 3.315944681e+00 3.374937306e+00 3.821755435e+00 4.429161624e+00 4.963165404e+00
3.366733467e+03 4.024319303e+00 3.372878287e+00 3.346237827e+00 3.895468810e+00 4.400829424e+00 5.045420813e+00
3.386773547e+03 4.048811220e+00 3.433235172e+00 3.320129041e+00 3.976008428e+00 4.373097389e+00 5.120627704e+00
3.406813627e+03 4.068804246e+00 3.496777435e+00 3.296908036e+00 4.063192595e+00 4.346856301e+00 5.188036668e+00
3.426853707e+03 4.084274890e+00 3.563236911e+00 3.276848874e+00 4.156744734e+00 4.322982364e+00 5.247008034e+00
3.446893788e+03 4.095252381e+00 3.632314951e+00 3.260202116e+00 4.256285607e+00 4.302326420e+00 5.297032040e+00
3.466933868e+03 4.101818718e+00 3.703682709e+00 3.247194647e+00 4.361326566e+00 4.285704441e+00 5.337746400e+00
3.486973948e+03 4.104107774e+00 3.776982009e+00 3.238029755e+00 4.471264334e+00 4.273889325e+00 5.368950481e+00
3.507014028e+03 4.102303541e+00 3.851826815e+00 3.232887355e+00 4.585378041e+00 4.267603877e+00 5.390615518e+00
3.527054108e+03 4.096637455e+00 3.927805375e+00 3.231924317e+00 4.702828957e+00 4.267514821e+00 5.402890249e+00
3.547094188e+03 4.087384941e+00 4.004483038e+00 3.235274807e+00 4.822663745e+00 4.274227611e+00 5.406101737e+00
3.567134269e+03 4.074861220e+00 4.081405777e+00 3.243050568e+00 4.943821740e+00 4.288281715e+00 5.400751022e+00
3.587174349e+03 4.059416543e+00 4.158104339e+00 3.255341104e+00 5.065146490e+00 4.310146065e+00 5.387504044e+00
3.607214429e+03 4.041430950e+00 4.234099027e+00 3.272213703e+00 5.185402002e+00 4.340214361e+00 5.367177870e+00
3.627254509e+03 4.021308709e+00 4.308905026e+00 3.293713269e+00 5.303293578e+00 4.378799932e+00 5.340722922e+00
3.647294589e+03 3.999472597e+00 4.382038180e+00 3.319861947e+00 5.417492981e+00 4.426129968e+00 5.309201950e+00
3.667334669e+03 3.976358176e+00 4.453021127e+00 3.350658521e+00 5.526667483e+00 4.482338937e+00 5.273766566e+00
3.687374749e+03 3.952408195e+00 4.521389659e+00 3.386077605e+00 5.629511934e+00 4.547461204e+00 5.235632361e+00
3.707414830e+03 3.928067269e+00 4.586699185e+00 3.426068633e+00 5.724782832e+00 4.621422931e+00 5.196053609e+00
3.727454910e+03 3.903776926e+00 4.648531134e+00 3.470554679e+00 5.811333133e+00 4.704033488e+00 5.156298459e+00
3.747494990e+03 3.879971130e+00 4.706499184e+00 3.519431158e+00 5.888146419e+00 4.794976790e+00 5.117625513e+00
3.767535070e+03 3.857072310e+00 4.760255142e+00 3.572564456e+00 5.954368955e+00 4.893803055e+00 5.081262411e+00
3.787575150e+03 3.835487962e+00 4.809494355e+00 3.629790560e+00 6.009338142e+00 4.999921682e+00 5.048386949e+00
3.807615230e+03 3.815607807e+00 4.853960524e+00 3.690913751e+00 6.052606049e+00 5.112596016e+00 5.020110949e+00
3.827655311e+03 3.797801479e+00 4.893449801e+00 3.755705462e+00 6.083956901e+00 5.230940790e+00 4.997466918e+00
3.847695391e+03 3.782416745e+00 4.927814072e+00 3.823903361e+00 6.103417464e+00 5.353923191e+00 4.981397382e+00
3.867735471e+03 3.769778155e+00 4.956963367e+00 3.895210778e+00 6.111259904e+00 5.480368278e+00 4.972746514e+00
3.887775551e+03 3.760186090e+00 4.980867336e+00 3.969296537e+00 6.107996906e+00 5.608969413e+00 4.972253615e+00
3.907815631e+03 3.753916113e+00 4.999555758e+00 4.045795312e+00 6.094369047e+00 5.738304342e+00 4.980547992e+00
3.927855711e+03 3.751218565e+00 5.013118105e+00 4.124308552e+00 6.071325275e+00 5.866856948e+00 4.998144619e+00
3.947895792e+03 3.752318306e+00 5.021702170e+00 4.204406065e+00 6.039997268e+00 5.993044687e+00 5.025440138e+00
3.967935872e+03 3.757414542e+00 5.025511803e+00 4.285628320e+00 6.001668885e+00 6.115251306e+00 5.062708772e+00
3.987975952e+03 3.766680666e+00 5.024803841e+00 4.367489474e+00 5.957742331e+00 6.231863784e+00 5.110097855e+00
4.008016032e+03 3.780264037e+00 5.019884287e+00 4.449481181e+00 5.909702349e+00 6.341312684e+00 5.167622835e+00
4.028056112e+03 3.798285662e+00 5.011103867e+00 4.531077139e+00 5.859080279e+00 6.442114038e+00 5.235161778e+00
4.048096192e+03 3.820839727e+00 4.998853057e+00 4.611738351e+00 5.807419212e+00 6.532911354e+00 5.312449599e+00
4.068136273e+03 3.847992949e+00 4.983556684e+00 4.690919054e+00 5.756241619e+00 6.612515816e+00 5.399072404e+00
4.088176353e+03 3.879783735e+00 4.965668243e+00 4.768073213e+00 5.707020394e+00 6.679942820e+00 5.494462514e+00
4.108216433e+03 3.916221139e+00 4.945664030e+00 4.842661478e+00 5.661153942e+00 6.734443175e+00 5.597894871e+00
4.128256513e+03 3.957283636e+00 4.924037213e+00 4.914158475e+00 5.619945670e+00 6.775527430e+00 5.708485625e+00
4.148296593e+03 4.002917736e+00 4.901291951e+00 4.982060280e+00 5.584587873e+00 6.802982037e+00 5.825193786e+00
4.168336673e+03 4.053036480e+00 4.877937655e+00 5.045891917e+00 5.556149655e+00 6.816876797e+00 5.946826662e+00
4.188376754e+03 4.107517872e+00 4.854483499e+00 5.105214715e+00 5.535568542e+00 6.817562843e+00 6.072049957e+00
4.208416834e+03 4.166203327e+00 4.831433239e+00 5.159633346e+00 5.523644987e+00 6.805661635e+00 6.199402968e+00
4.228456914e+03 4.228896208e+00 4.809280409e+00 5.208802392e+00 5.521039108e+00 6.782045507e+00 6.327319117e+00
4.248496994e+03 4.295360557e+00 4.788503949e+00 5.252432254e+00 5.528269040e+00 6.747810333e+00 6.454152144e+00
4.268537074e+03 4.365320109e+00 4.769564273e+00 5.290294289e+00 5.545710051e+00 6.704242447e+00 6.578207171e+00
4.288577154e+03 4.438457718e+00 4.752899803e+00 5.322225028e+00 5.573594063e+00 6.652780860e+00 6.697776221e+00
4.308617234e+03 4.514415283e+00 4.738923944e+00 5.348129343e+00 5.612009111e+00 6.594976762e+00 6.811177143e+00
4.328657315e+03 4.592794295e+00 4.728022500e+00 5.367982513e+00 5.660898547e+00 6.532452215e+00 6.916794438e+00
4.348697395e+03 4.673157098e+00 4.720551456e+00 5.381831103e+00 5.720059980e+00 6.466859651e+00 7.013120558e+00
4.368737475e+03 4.755028948e+00 4.716835125e+00 5.389792601e+00 5.789144102e+00 6.399843779e+00 7.098795907e+00
4.388777555e+03 4.837900936e+00 4.717164554e+00 5.392053861e+00 5.867653754e+00 6.333007097e+00 7.172645824e+00
4.408817635e+03 4.921233818e+00 4.721796172e+00 5.388868320e+00 5.954943694e+00 6.267879951e+00 7.233712905e+00
4.428857715e+03 5.004462770e+00 4.730950596e+00 5.380552072e+00 6.050221661e+00 6.205895650e+00 7.281283151e+00
4.448897796e+03 5.087003040e+00 4.744811542e+00 5.367478914e+00 6.152551366e+00 6.148370790e+00 7.314904839e+00
4.468937876e+03 5.168256453e+00 4.763524812e+00 5.350074435e+00 6.260858052e+00 6.096490636e+00 7.334399256e+00
4.488977956e+03 5.247618694e+00 4.787197282e+00 5.328809330e+00 6.373937251e+00 6.051299268e+00 7.339862656e+00
4.509018036e+03 5.324487218e+00 4.815895908e+00 5.304192113e+00 6.490467093e+00 6.013693608e+00 7.331659874e+00
4.529058116e+03 5.398269682e+00 4.849646696e+00 5.276761387e+00 6.609024646e+00 5.984420903e+00 7.310409510e+00
4.549098196e+03 5.468392675e+00 4.888433678e+00 5.247077894e+00 6.728106219e+00 5.964078701e+00 7.276961792e+00
4.569138277e+03 5.534310588e+00 4.932197881e+00 5.215716517e+00 6.846151508e+00 5.953116621e+00 7.232370171e+00
4.589178357e+03 5.595514377e+00 4.980836349e+00 5.183258433e+00 6.961571246e+00 5.951839288e+00 7.177857915e+00
4.609218437e+03 5.651540016e+00 5.034201264e+00 5.150283581e+00 7.072777537e+00 5.960409810e+00 7.114781416e+00
4.629258517e+03 5.701976419e+00 5.092099219e+00 5.117363582e+00 7.178216082e+00 5.978853417e+00 7.044591725e+00
4.649298597e+03 5.746472590e+00 5.154290747e+00 5.085055258e+00 7.276399164e+00 6.007060999e+00 6.968795903e+00
4.669338677e+03 5.784743836e+00 5.220490170e+00 5.053894799e+00 7.365938191e+00 6.044792404e+00 6.888919671e+00
4.689378758e+03 5.816576845e+00 5.290365868e+00 5.024392658e+00 7.445574570e+00 6.091679570e+00 6.806472581e+00
4.709418838e+03 5.841833480e+00 5.363541069e+00 4.997029206e+00 7.514207651e+00 6.147229612e+00 6.722916727e+00
4.729458918e+03 5.860453196e+00 5.439595235e+00 4.972251104e+00 7.570918648e+00 6.210828129e+00 6.639639671e+00
4.749498998e+03 5.872453993e+00 5.518066131e+00 4.950468397e+00 7.614989638e+00 6.281743057e+00 6.557931957e+00
4.769539078e+03 5.877931877e+00 5.598452643e+00 4.932052256e+00 7.645916758e+00 6.359129447e+00 6.478969383e+00
4.789579158e+03 5.877058872e+00 5.680218386e+00 4.917333300e+00 7.663417311e+00 6.442035486e+00 6.403799786e+00
4.809619238e+03 5.870079608e+00 5.762796124e+00 4.906600422e+00 7.667430442e+00 6.529410119e+00 6.333334067e+00
4.829659319e+03 5.857306604e+00 5.845593015e+00 4.900100025e+00 7.658111472e+00 6.620112529e+00 6.268340912e+00
4.849699399e+03 5.839114415e+00 5.927996606e+00 4.898035587e+00 7.635820361e+00 6.712923584e+00 6.209444561e+00
4.869739479e+03 5.815932755e+00 6.009381563e+00 4.900567474e+00 7.601104671e+00 6.806559368e+00 6.157125064e+00
4.889779559e+03 5.788238857e+00 6.089117007e+00 4.907812921e+00 7.554677968e+00 6.899686636e+00 6.111720316e+00
4.909819639e+03 5.756549248e+00 6.166574342e+00 4.919846133e+00 7.497394548e+00 6.990939972e+00 6.073429289e+00
4.929859719e+03 5.721411162e+00 6.241135438e+00 4.936698439e+00 7.430221422e+00 7.078940321e+00 6.042315973e+00
4.949899800e+03 5.683393836e+00 6.312200972e+00 4.958358494e+00 7.354208788e+00 7.162314335e+00 6.018313555e+00
4.969939880e+03 5.643079864e+00 6.379198797e+00 4.984772491e+00 7.270459815e+00 7.239714107e+00 6.001228564e+00
4.989979960e+03 5.601056834e+00 6.441592084e+00 5.015844397e+00 7.180100895e+00 7.309836466e+00 5.990744718e+00
5.010020040e+03 5.557909413e+00 6.498887082e+00 5.051436233e+00 7.084253188e+00 7.371441378e+00 5.986426411e+00
5.030060120e+03 5.514211997e+00 6.550640309e+00 5.091368418e+00 6.984006144e+00 7.423368746e+00 5.987721817e+00
5.050100200e+03 5.470522073e+00 6.596464975e+00 5.135420229e+00 6.880393626e+00 7.464553091e+00 5.993965698e+00
5.070140281e+03 5.427374331e+00 6.636036512e+00 5.183330426e+00 6.774373009e+00 7.494035744e+00 6.004382139e+00
5.090180361e+03 5.385275612e+00 6.669097030e+00 5.234798103e+00 6.666807585e+00 7.510974199e+00 6.018087411e+00
5.110220441e+03 5.344700649e+00 6.695458659e+00 5.289483818e+00 6.558452242e+00 7.514648731e+00 6.034093414e+00
5.130260521e+03 5.306088653e+00 6.715005614e+00 5.347011072e+00 6.449942672e+00 7.504466233e+00 6.051312120e+00
5.150300601e+03 5.269840622e+00 6.727695054e+00 5.406968181e+00 6.341787717e+00 7.479961967e+00 6.068561514e+00
5.170340681e+03 5.236317424e+00 6.733556560e+00 5.468910607e+00 6.234365216e+00 7.440799613e+00 6.084573986e+00
5.190380762e+03 5.205838450e+00 6.732690467e+00 5.532363758e+00 6.127920694e+00 7.386770769e+00 6.098007573e+00
5.210420842e+03 5.178680849e+00 6.725264938e+00 5.596826283e+00 6.022569317e+00 7.317795146e+00 6.107461488e+00
5.230460922e+03 5.155079240e+00 6.711511925e+00 5.661773884e+00 5.918300940e+00 7.233922381e+00 6.111496746e+00
5.250501002e+03 5.135225767e+00 6.691722176e+00 5.726663596e+00 5.814988339e+00 7.135337307e+00 6.108663223e+00
5.270541082e+03 5.119270505e+00 6.666239275e+00 5.790938557e+00 5.712399043e+00 7.022369239e+00 6.097534484e+00
5.290581162e+03 5.107322012e+00 6.635453159e+00 5.854033092e+00 5.610210499e+00 6.895506115e+00 6.076750536e+00
5.310621242e+03 5.099448121e+00 6.599792804e+00 5.915378230e+00 5.508029774e+00 6.755412965e+00 6.045070333e+00
5.330661323e+03 5.095676752e+00 6.559718831e+00 5.974407321e+00 5.405416844e+00 6.602953162e+00 6.001431426e+00
5.350701403e+03 5.095996832e+00 6.515715684e+00 6.030561861e+00 5.301912451e+00 6.439208873e+00 5.945016302e+00
5.370741483e+03 5.100359225e+00 6.468283833e+00 6.083297275e+00 5.197069565e+00 6.265496019e+00 5.875320092e+00
5.390781563e+03 5.108677666e+00 6.417932101e+00 6.132088569e+00 5.090487567e+00 6.083367517e+00 5.792213421e+00
5.410821643e+03 5.120829714e+00 6.365170191e+00 6.176435735e+00 4.981847583e+00 5.894598411e+00 5.695991891e+00
5.430861723e+03 5.136657703e+00 6.310501598e+00 6.215868756e+00 4.870946330e+00 5.701148263e+00 5.587402408e+00
5.450901804e+03 5.155969729e+00 6.254416970e+00 6.249952103e+00 4.757725275e+00 5.505099209e+00 5.467637612e+00
5.470941884e+03 5.178540680e+00 6.197388011e+00 6.278288615e+00 4.642291479e+00 5.308572628e+00 5.338292429e+00
5.490981964e+03 5.204113349e+00 6.139861962e+00 6.300522646e+00 4.524926577e+00 5.113632549e+00 5.201282391e+00
5.511022044e+03 5.232399659e+00 6.082256702e+00 6.316342429e+00 4.406081292e+00 4.922187608e+00 5.058730085e+00
5.531062124e+03 5.263082035e+00 6.024956469e+00 6.325481565e+00 4.286354522e+00 4.735904676e+00 4.912832511e+00
5.551102204e+03 5.295814966e+00 5.968308196e+00 6.327719638e+00 4.166458277e+00 4.556145467e+00 4.765726329e+00
5.571142285e+03 5.330226777e+00 5.912618424e+00 6.322881928e+00 4.047172032e+00 4.383932996e+00 4.619368307e+00
5.591182365e+03 5.365921664e+00 5.858150755e+00 6.310838248e+00 3.929291905e+00 4.219949044e+00 4.475444818e+00
5.611222445e+03 5.402481996e+00 5.805123790e+00 6.291500974e+00 3.813580850e+00 4.064558573e+00 4.335317962e+00
5.631262525e+03 5.439470920e+00 5.753709504e+00 6.264822331e+00 3.700725656e+00 3.917853446e+00 4.200008756e+00
5.651302605e+03 5.476435279e+00 5.704031978e+00 6.230791081e+00 3.591305017e+00 3.779706564e+00 4.070211921e+00
5.671342685e+03 5.512908853e+00 5.656166463e+00 6.189428739e+00 3.485770749e+00 3.649828267e+00 3.946333275e+00
5.691382766e+03 5.548415912e+00 5.610138695e+00 6.140785546e+00 3.384442043e+00 3.527818769e+00 3.828539731e+00
5.711422846e+03 5.582475098e+00 5.565924454e+00 6.084936380e+00 3.287510840e+00 3.413212839e+00 3.716813090e+00
5.731462926e+03 5.614603591e+00 5.523449330e+00 6.021976915e+00 3.195055335e+00 3.305515144e+00 3.611001053e+00
5.751503006e+03 5.644321569e+00 5.482588715e+00 5.952020279e+00 3.107058344e+00 3.204226301e+00 3.510861493e+00
5.771543086e+03 5.671156913e+00 5.443168052e+00 5.875194557e+00 3.023427540e+00 3.108860733e+00 3.416098237e+00
5.791583166e+03 5.694650139e+00 5.404963427e+00 5.791641462e+00 2.944015232e+00 3.018957852e+00 3.326388233e+00
5.811623246e+03 5.714359508e+00 5.367702613e+00 5.701516492e+00 2.868636127e+00 2.934088212e+00 3.241401039e+00
5.831663327e+03 5.729866260e+00 5.331066749e+00 5.604990866e+00 2.797082256e+00 2.853856080e+00 3.160811939e+00
5.851703407e+03 5.740779922e+00 5.294692902e+00 5.502255469e+00 2.729134817e+00 2.777899613e+00 3.084310157e+00
5.871743487e+03 5.746743604e+00 5.258177789e+00 5.393526858e+00 2.664573060e+00 2.705889561e+00 3.011603478e+00
5.891783567e+03 5.747439190e+00 5.221083042e+00 5.279055271e+00 2.603180603e+00 2.637527146e+00 2.942420378e+00
5.911823647e+03 5.742592314e+00 5.182942411e+00 5.159134271e+00 2.544749605e+00 2.572541549e+00 2.876510494e+00
5.931863727e+03 5.731976964e+00 5.143271331e+00 5.034111373e+00 2.489083320e+00 2.510687309e+00 2.813644087e+00
5.951903808e+03 5.715419586e+00 5.101579234e+00 4.904398696e+00 2.435997416e+00 2.451741782e+00 2.753610923e+00
5.971943888e+03 5.692802467e+00 5.057384857e+00 4.770482336e+00 2.385320437e+00 2.395502773e+00 2.696218851e+00
5.991983968e+03 5.664066235e+00 5.010234643e+00 4.632928962e+00 2.336893668e+00 2.341786365e+00 2.641292280e+00
6.012024048e+03 5.629211281e+00 4.959723833e+00 4.492388065e+00 2.290570649e+00 2.290424973e+00 2.588670671e+00
6.032064128e+03 5.588297947e+00 4.905519520e+00 4.349588512e+00 2.246216472e+00 2.241265607e+00 2.538207101e+00
6.052104208e+03 5.541445367e+00 4.847384265e+00 4.205328384e+00 2.203706966e+00 2.194168339e+00 2.489766934e+00
6.072144289e+03 5.488828942e+00 4.785198301e+00 4.060458046e+00 2.162927853e+00 2.149004941e+00 2.443226605e+00
6.092184369e+03 5.430676524e+00 4.718977875e+00 3.915857084e+00 2.123773915e+00 2.105657690e+00 2.398472536e+00
6.112224449e+03 5.367263460e+00 4.648887070e+00 3.772406680e+00 2.086148199e+00 2.064018310e+00 2.355400154e+00
6.132264529e+03 5.298906805e+00 4.575240591e+00 3.630959909e+00 2.049961274e+00 2.023987041e+00 2.313913022e+00
6.152304609e+03 5.225959037e+00 4.498495850e+00 3.492312697e+00 2.015130550e+00 1.985471814e+00 2.273922060e+00
6.172344689e+03 5.148801658e+00 4.419233769e+00 3.357178213e+00 1.981579656e+00 1.948387516e+00 2.235344855e+00
6.192384770e+03 5.067839006e+00 4.338129426e+00 3.226166967e+00 1.949237875e+00 1.912655344e+00 2.198105049e+00
6.212424850e+03 4.983492539e+00 4.255915108e+00 3.099774055e+00 1.918039640e+00 1.878202226e+00 2.162131780e+00
6.232464930e+03 4.896195696e+00 4.173339662e+00 2.978373980e+00 1.887924077e+00 1.844960308e+00 2.127359199e+00
6.252505010e+03 4.806389292e+00 4.091128539e+00 2.862222605e+00 1.858834588e+00 1.812866488e+00 2.093726030e+00
6.272545090e+03 4.714517300e+00 4.009948697e+00 2.751465001e+00 1.830718490e+00 1.781862011e+00 2.061175171e+00
6.292585170e+03 4.621022799e+00 3.930381581e+00 2.646147583e+00 1.803526676e+00 1.751892094e+00 2.029653346e+00
6.312625251e+03 4.526343858e+00 3.852905918e+00 2.546232806e+00 1.777213316e+00 1.722905594e+00 1.999110786e+00
6.332665331e+03 4.430909210e+00 3.777890546e+00 2.451614832e+00 1.751735591e+00 1.694854711e+00 1.969500938e+00
6.352705411e+03 4.335133672e+00 3.705596180e+00 2.362134900e+00 1.727053443e+00 1.667694716e+00 1.940780212e+00
6.372745491e+03 4.239413386e+00 3.636184087e+00 2.277595483e+00 1.703129361e+00 1.641383706e+00 1.912907745e+00
6.392785571e+03 4.144121096e+00 3.569729338e+00 2.197772693e+00 1.679928176e+00 1.615882387e+00 1.885845185e+00
6.412825651e+03 4.049601705e+00 3.506236310e+00 2.122426689e+00 1.657416879e+00 1.591153866e+00 1.859556504e+00
6.432865731e+03 3.956168401e+00 3.445654541e+00 2.051310106e+00 1.635564464e+00 1.567163474e+00 1.834007821e+00
6.452905812e+03 3.864099628e+00 3.387893550e+00 1.984174598e+00 1.614341769e+00 1.543878601e+00 1.809167241e+00
6.472945892e+03 3.773637059e+00 3.332835747e+00 1.920775760e+00 1.593721345e+00 1.521268539e+00 1.785004712e+00
6.492985972e+03 3.684984695e+00 3.280347078e+00 1.860876678e+00 1.573677331e+00 1.499304350e+00 1.761491893e+00
6.513026052e+03 3.598309074e+00 3.230285342e+00 1.804250344e+00 1.554185340e+00 1.477958738e+00 1.738602028e+00
6.533066132e+03 3.513740505e+00 3.182506388e+00 1.750681197e+00 1.535222351e+00 1.457205930e+00 1.716309842e+00
6.553106212e+03 3.431375194e+00 3.136868482e+00 1.699965972e+00 1.516766621e+00 1.437021575e+00 1.694591434e+00
6.573146293e+03 3.351278035e+00 3.093235203e+00 1.651914044e+00 1.498797592e+00 1.417382647e+00 1.673424186e+00
6.593186373e+03 3.273485882e+00 3.051477210e+00 1.606347396e+00 1.481295813e+00 1.398267351e+00 1.652786675e+00
6.613226453e+03 3.198011084e+00 3.011473166e+00 1.563100325e+00 1.464242864e+00 1.379655046e+00 1.632658598e+00
6.633266533e+03 3.124845092e+00 2.973110067e+00 1.522018961e+00 1.447621292e+00 1.361526166e+00 1.613020695e+00
6.653306613e+03 3.053961986e+00 2.936283200e+00 1.482960685e+00 1.431414544e+00 1.343862153e+00 1.593854684e+00
6.673346693e+03 2.985321809e+00 2.900895832e+00 1.445793470e+00 1.415606913e+00 1.326645390e+00 1.575143198e+00
6.693386774e+03 2.918873610e+00 2.866858746e+00 1.410395195e+00 1.400183480e+00 1.309859144e+00 1.556869731e+00
6.713426854e+03 2.854558154e+00 2.834089725e+00 1.376652950e+00 1.385130068e+00 1.293487512e+00 1.539018579e+00
6.733466934e+03 2.792310282e+00 2.802513002e+00 1.344462360e+00 1.370433199e+00 1.277515364e+00 1.521574796e+00
6.753507014e+03 2.732060907e+00 2.772058717e+00 1.313726931e+00 1.356080042e+00 1.261928305e+00 1.504524147e+00
6.773547094e+03 2.673738677e+00 2.742662397e+00 1.284357426e+00 1.342058386e+00 1.246712623e+00 1.487853066e+00
6.793587174e+03 2.617271314e+00 2.714264471e+00 1.256271281e+00 1.328356593e+00 1.231855252e+00 1.471548614e+00
6.813627255e+03 2.562586705e+00 2.686809840e+00 1.229392062e+00 1.314963571e+00 1.217343736e+00 1.455598447e+00
6.833667335e+03 2.509613703e+00 2.660247455e+00 1.203648957e+00 1.301868739e+00 1.203166190e+00 1.439990780e+00
6.853707415e+03 2.458282749e+00 2.634529955e+00 1.178976311e+00 1.289061997e+00 1.189311270e+00 1.424714353e+00
6.873747495e+03 2.408526351e+00 2.609613355e+00 1.155313199e+00 1.276533704e+00 1.175768141e+00 1.409758405e+00
6.893787575e+03 2.360279348e+00 2.585456725e+00 1.132603032e+00 1.264274645e+00 1.162526452e+00 1.395112646e+00
6.913827655e+03 2.313479147e+00 2.562021946e+00 1.110793202e+00 1.252276013e+00 1.149576302e+00 1.380767230e+00
6.933867735e+03 2.268065800e+00 2.539273458e+00 1.089834752e+00 1.240529384e+00 1.136908223e+00 1.366712731e+00
6.953907816e+03 2.223982045e+00 2.517178040e+00 1.069682079e+00 1.229026697e+00 1.124513154e+00 1.352940120e+00
6.973947896e+03 2.181173350e+00 2.495704647e+00 1.050292663e+00 1.217760235e+00 1.112382418e+00 1.339440747e+00
6.993987976e+03 2.139587767e+00 2.474824192e+00 1.031626818e+00 1.206722604e+00 1.100507702e+00 1.326206319e+00
7.014028056e+03 2.099175925e+00 2.454509417e+00 1.013647469e+00 1.195906722e+00 1.088881040e+00 1.313228880e+00
7.034068136e+03 2.059890937e+00 2.434734752e+00 9.963199481e-01 1.185305796e+00 1.077494794e+00 1.300500797e+00
7.054108216e+03 2.021688259e+00 2.415476172e+00 9.796118027e-01 1.174913312e+00 1.066341636e+00 1.288014742e+00
7.074148297e+03 1.984525589e+00 2.396711078e+00 9.634926301e-01 1.164723017e+00 1.055414533e+00 1.275763677e+00
7.094188377e+03 1.948362788e+00 2.378418217e+00 9.479339218e-01 1.154728911e+00 1.044706733e+00 1.263740839e+00
7.114228457e+03 1.913161684e+00 2.360577534e+00 9.329089153e-01 1.144925230e+00 1.034211753e+00 1.251939726e+00
7.134268537e+03 1.878886084e+00 2.343170156e+00 9.183924764e-01 1.135306434e+00 1.023923359e+00 1.240354089e+00
7.154308617e+03 1.845501537e+00 2.326178238e+00 9.043609688e-01 1.125867201e+00 1.013835562e+00 1.228977912e+00
7.174348697e+03 1.812975315e+00 2.309584934e+00 8.907921525e-01 1.116602411e+00 1.003942602e+00 1.217805408e+00
7.194388778e+03 1.781276283e+00 2.293374317e+00 8.776650832e-01 1.107507140e+00 9.942389351e-01 1.206831005e+00
7.214428858e+03 1.750374810e+00 2.277531313e+00 8.649600209e-01 1.098576649e+00 9.847192292e-01 1.196049334e+00
7.234468938e+03 1.720242677e+00 2.262041647e+00 8.526583455e-01 1.089806375e+00 9.753783489e-01 1.185455224e+00
7.254509018e+03 1.690853002e+00 2.246891791e+00 8.407424806e-01 1.081191925e+00 9.662113489e-01 1.175043691e+00
7.274549098e+03 1.662180158e+00 2.232068916e+00 8.291958227e-01 1.072729066e+00 9.572134644e-01 1.164809929e+00
7.294589178e+03 1.634199696e+00 2.217560841e+00 8.180026742e-01 1.064413718e+00 9.483801031e-01 1.154749303e+00
7.314629259e+03 1.606888284e+00 2.203356001e+00 8.071481872e-01 1.056241947e+00 9.397068379e-01 1.144857338e+00
7.334669339e+03 1.580223640e+00 2.189443401e+00 7.966183064e-01 1.048209961e+00 9.311893987e-01 1.135129719e+00
7.354709419e+03 1.554184475e+00 2.175812587e+00 7.863997177e-01 1.040314101e+00 9.228236663e-01 1.125562277e+00
7.374749499e+03 1.528750436e+00 2.162453609e+00 7.764798029e-01 1.032550835e+00 9.146056655e-01 1.116150986e+00
7.394789579e+03 1.503902050e+00 2.149356990e+00 7.668465892e-01 1.024916754e+00 9.065315582e-01 1.106891957e+00
7.414829659e+03 1.479620682e+00 2.136513702e+00 7.574887159e-01 1.017408566e+00 8.985976384e-01 1.097781431e+00
7.434869739e+03 1.455888485e+00 2.123915134e+00 7.483953950e-01 1.010023090e+00 8.908003263e-01 1.088815774e+00
7.454909820e+03 1.432688354e+00 2.111553069e+00 7.395563711e-01 1.002757254e+00 8.831361622e-01 1.079991472e+00
7.474949900e+03 1.410003909e+00 2.099419672e+00 7.309618999e-01 9.956080880e-01 8.756018031e-01 1.071305125e+00
7.494989980e+03 1.387819429e+00 2.087507454e+00 7.226027099e-01 9.885727201e-01 8.681940164e-01 1.062753446e+00
7.515030060e+03 1.366119826e+00 2.075809258e+00 7.144699745e-01 9.816483732e-01 8.609096758e-01 1.054333250e+00
7.535070140e+03 1.344890621e+00 2.064318240e+00 7.065552903e-01 9.748323608e-01 8.537457573e-01 1.046041455e+00
7.555110220e+03 1.324117906e+00 2.053027857e+00 6.988506491e-01 9.681220831e-01 8.466993347e-01 1.037875077e+00
7.575150301e+03 1.303788321e+00 2.041931844e+00 6.913484154e-01 9.615150238e-01 8.397675753e-01 1.029831226e+00
7.595190381e+03 1.283889016e+00 2.031024200e+00 6.840413082e-01 9.550087466e-01 8.329477371e-01 1.021907099e+00
7.615230461e+03 1.264407638e+00 2.020299179e+00 6.769223781e-01 9.486008919e-01 8.262371644e-01 1.014099982e+00
7.635270541e+03 1.245332306e+00 2.009751275e+00 6.699849911e-01 9.422891740e-01 8.196332849e-01 1.006407243e+00
7.655310621e+03 1.226651573e+00 1.999375200e+00 6.632228105e-01 9.360713785e-01 8.131336063e-01 9.988263294e-01
7.675350701e+03 1.208354419e+00 1.989165886e+00 6.566297798e-01 9.299453586e-01 8.067357129e-01 9.913547668e-01
7.695390782e+03 1.190430241e+00 1.979118470e+00 6.502001091e-01 9.239090335e-01 8.004372632e-01 9.839901532e-01
7.715430862e+03 1.172868813e+00 1.969228282e+00 6.439282612e-01 9.179603854e-01 7.942359868e-01 9.767301583e-01
7.735470942e+03 1.155660277e+00 1.959490834e+00 6.378089361e-01 9.120974572e-01 7.881296817e-01 9.695725201e-01
7.755511022e+03 1.138795119e+00 1.949901810e+00 6.318370606e-01 9.063183501e-01 7.821162118e-01 9.625150427e-01
7.775551102e+03 1.122264170e+00 1.940457064e+00 6.260077764e-01 9.006212219e-01 7.761935044e-01 9.555555935e-01
7.795591182e+03 1.106058581e+00 1.931152608e+00 6.203164276e-01 8.950042841e-01 7.703595479e-01 9.486921013e-01
7.815631263e+03 1.090169811e+00 1.921984606e+00 6.147585525e-01 8.894658005e-01 7.646123895e-01 9.419225538e-01
7.835671343e+03 1.074589607e+00 1.912949363e+00 6.093298741e-01 8.840040858e-01 7.589501335e-01 9.352449957e-01
7.855711423e+03 1.059309996e+00 1.904043321e+00 6.040262860e-01 8.786175021e-01 7.533709382e-01 9.286575263e-01
7.875751503e+03 1.044323276e+00 1.895263053e+00 5.988438521e-01 8.733044593e-01 7.478730154e-01 9.221582984e-01
7.895791583e+03 1.029621989e+00 1.886605253e+00 5.937787883e-01 8.680634114e-01 7.424546268e-01 9.157455150e-01
7.915831663e+03 1.015198949e+00 1.878066741e+00 5.888274665e-01 8.628928566e-01 7.371140841e-01 9.094174292e-01
7.935871743e+03 1.001047189e+00 1.869644448e+00 5.839863953e-01 8.577913344e-01 7.318497452e-01 9.031723411e-01
7.955911824e+03 9.871599748e-01 1.861335412e+00 5.792522252e-01 8.527574253e-01 7.266600149e-01 8.970085973e-01
7.975951904e+03 9.735307862e-01 1.853136776e+00 5.746217312e-01 8.477897486e-01 7.215433411e-01 8.909245884e-01
7.995991984e+03 9.601533044e-01 1.845045778e+00 5.700918161e-01 8.428869616e-01 7.164982151e-01 8.849187483e-01
8.016032064e+03 9.470214063e-01 1.837059752e+00 5.656594970e-01 8.380477579e-01 7.115231687e-01 8.789895522e-01
8.036072144e+03 9.341291834e-01 1.829176128e+00 5.613219065e-01 8.332708663e-01 7.066167740e-01 8.731355154e-01
8.056112224e+03 9.214708991e-01 1.821392420e+00 5.570762812e-01 8.285550496e-01 7.017776408e-01 8.673551919e-01
8.076152305e+03 9.090409925e-01 1.813706224e+00 5.529199630e-01 8.238991037e-01 6.970044168e-01 8.616471734e-01
8.096192385e+03 8.968340760e-01 1.806115217e+00 5.488503887e-01 8.193018558e-01 6.922957848e-01 8.560100875e-01
8.116232465e+03 8.848449205e-01 1.798617152e+00 5.448650912e-01 8.147621646e-01 6.876504632e-01 8.504425974e-01
8.136272545e+03 8.730684511e-01 1.791209851e+00 5.409616900e-01 8.102789179e-01 6.830672030e-01 8.449433999e-01
8.156312625e+03 8.614997594e-01 1.783891213e+00 5.371378927e-01 8.058510327e-01 6.785447885e-01 8.395112250e-01
8.176352705e+03 8.501340741e-01 1.776659203e+00 5.333914860e-01 8.014774534e-01 6.740820349e-01 8.341448340e-01
8.196392786e+03 8.389667640e-01 1.769511849e+00 5.297203371e-01 7.971571518e-01 6.696777882e-01 8.288430198e-01
8.216432866e+03 8.279933342e-01 1.762447241e+00 5.261223857e-01 7.928891255e-01 6.653309234e-01 8.236046045e-01
8.236472946e+03 8.172094183e-01 1.755463529e+00 5.225956451e-01 7.886723977e-01 6.610403444e-01 8.184284397e-01
8.256513026e+03 8.066107728e-01 1.748558918e+00 5.191381955e-01 7.845060156e-01 6.568049827e-01 8.133134045e-01
8.276553106e+03 7.961932842e-01 1.741731673e+00 5.157481844e-01 7.803890505e-01 6.526237963e-01 8.082584057e-01
8.296593186e+03 7.859529504e-01 1.734980110e+00 5.124238206e-01 7.763205964e-01 6.484957693e-01 8.032623761e-01
8.316633267e+03 7.758858838e-01 1.728302594e+00 5.091633751e-01 7.722997699e-01 6.444199111e-01 7.983242743e-01
8.336673347e+03 7.659883055e-01 1.721697543e+00 5.059651751e-01 7.683257087e-01 6.403952549e-01 7.934430835e-01
8.356713427e+03 7.562565397e-01 1.715163419e+00 5.028276048e-01 7.643975719e-01 6.364208581e-01 7.886178112e-01
8.376753507e+03 7.466870106e-01 1.708698729e+00 4.997491005e-01 7.605145385e-01 6.324958005e-01 7.838474879e-01
8.396793587e+03 7.372762420e-01 1.702302024e+00 4.967281510e-01 7.566758074e-01 6.286191847e-01 7.791311671e-01
8.416833667e+03 7.280208490e-01 1.695971898e+00 4.937632929e-01 7.528805965e-01 6.247901343e-01 7.744679240e-01
8.436873747e+03 7.189175459e-01 1.689706986e+00 4.908531115e-01 7.491281424e-01 6.210077940e-01 7.698568554e-01
8.456913828e+03 7.099631296e-01 1.683505962e+00 4.879962359e-01 7.454176993e-01 6.172713287e-01 7.652970786e-01
8.476953908e+03 7.011544839e-01 1.677367538e+00 4.851913401e-01 7.417485391e-01 6.135799232e-01 7.607877310e-01
8.496993988e+03 6.924885749e-01 1.671290461e+00 4.824371394e-01 7.381199506e-01 6.099327810e-01 7.563279698e-01
8.517034068e+03 6.839624479e-01 1.665273513e+00 4.797323889e-01 7.345312388e-01 6.063291244e-01 7.519169709e-01
8.537074148e+03 6.755732252e-01 1.659315513e+00 4.770758841e-01 7.309817252e-01 6.027681940e-01 7.475539288e-01
8.557114228e+03 6.673181014e-01 1.653415306e+00 4.744664556e-01 7.274707461e-01 5.992492471e-01 7.432380559e-01
8.577154309e+03 6.591943497e-01 1.647571777e+00 4.719029722e-01 7.239976536e-01 5.957715588e-01 7.389685821e-01
8.597194389e+03 6.511993078e-01 1.641783834e+00 4.693843356e-01 7.205618137e-01 5.923344203e-01 7.347447541e-01
8.617234469e+03 6.433303836e-01 1.636050419e+00 4.669094816e-01 7.171626073e-01 5.889371389e-01 7.305658351e-01
8.637274549e+03 6.355850503e-01 1.630370502e+00 4.644773781e-01 7.137994286e-01 5.855790376e-01 7.264311046e-01
8.657314629e+03 6.279608440e-01 1.624743078e+00 4.620870232e-01 7.104716855e-01 5.822594544e-01 7.223398572e-01
8.677354709e+03 6.204553634e-01 1.619167170e+00 4.597374461e-01 7.071787990e-01 5.789777422e-01 7.182914032e-01
8.697394790e+03 6.130662650e-01 1.613641827e+00 4.574277030e-01 7.039202026e-01 5.757332680e-01 7.142850671e-01
8.717434870e+03 6.057912672e-01 1.608166124e+00 4.551568801e-01 7.006953425e-01 5.725254133e-01 7.103201885e-01
8.737474950e+03 5.986281403e-01 1.602739156e+00 4.529240879e-01 6.975036766e-01 5.693535725e-01 7.063961202e-01
8.757515030e+03 5.915747093e-01 1.597360045e+00 4.507284630e-01 6.943446743e-01 5.662171531e-01 7.025122286e-01
8.777555110e+03 5.846288552e-01 1.592027933e+00 4.485691692e-01 6.912178172e-01 5.631155763e-01 6.986678943e-01
8.797595190e+03 5.777885059e-01 1.586741986e+00 4.464453911e-01 6.881225971e-01 5.600482750e-01 6.948625097e-01
8.817635271e+03 5.710516397e-01 1.581501388e+00 4.443563372e-01 6.850585166e-01 5.570146941e-01 6.910954800e-01
8.837675351e+03 5.644162890e-01 1.576305347e+00 4.423012408e-01 6.820250896e-01 5.540142913e-01 6.873662232e-01
8.857715431e+03 5.578805268e-01 1.571153089e+00 4.402793536e-01 6.790218395e-01 5.510465347e-01 6.836741685e-01
8.877755511e+03 5.514424732e-01 1.566043857e+00 4.382899491e-01 6.760482995e-01 5.481109043e-01 6.800187570e-01
8.897795591e+03 5.451002922e-01 1.560976917e+00 4.363323229e-01 6.731040134e-01 5.452068910e-01 6.763994414e-01
8.917835671e+03 5.388521898e-01 1.555951549e+00 4.344057874e-01 6.701885337e-01 5.423339961e-01 6.728156849e-01
8.937875752e+03 5.326964145e-01 1.550967051e+00 4.325096748e-01 6.673014220e-01 5.394917312e-01 6.692669618e-01
8.957915832e+03 5.266312601e-01 1.546022742e+00 4.306433366e-01 6.644422495e-01 5.366796184e-01 6.657527568e-01
8.977955912e+03 5.206550544e-01 1.541117952e+00 4.288061401e-01 6.616105955e-01 5.338971890e-01 6.622725647e-01
8.997995992e+03 5.147661640e-01 1.536252031e+00 4.269974705e-01 6.588060480e-01 5.311439845e-01 6.588258902e-01
9.018036072e+03 5.089629907e-01 1.531424341e+00 4.252167298e-01 6.560282036e-01 5.284195555e-01 6.554122480e-01
9.038076152e+03 5.032439732e-01 1.526634259e+00 4.234633348e-01 6.532766664e-01 5.257234616e-01 6.520311621e-01
9.058116232e+03 4.976075865e-01 1.521881179e+00 4.217367186e-01 6.505510490e-01 5.230552713e-01 6.486821656e-01
9.078156313e+03 4.920523413e-01 1.517164507e+00 4.200363293e-01 6.478509712e-01 5.204145620e-01 6.453648010e-01
9.098196393e+03 4.865767776e-01 1.512483665e+00 4.183616285e-01 6.451760605e-01 5.178009191e-01 6.420786191e-01
9.118236473e+03 4.811794719e-01 1.507838085e+00 4.167120926e-01 6.425259517e-01 5.152139366e-01 6.388231796e-01
9.138276553e+03 4.758590329e-01 1.503227216e+00 4.150872117e-01 6.399002867e-01 5.126532165e-01 6.355980505e-01
9.158316633e+03 4.706140984e-01 1.498650518e+00 4.134864880e-01 6.372987142e-01 5.101183683e-01 6.324028077e-01
9.178356713e+03 4.654433332e-01 1.494107460e+00 4.119094374e-01 6.347208899e-01 5.076090094e-01 6.292370356e-01
9.198396794e+03 4.603454311e-01 1.489597527e+00 4.103555876e-01 6.321664762e-01 5.051247647e-01 6.261003261e-01
9.218436874e+03 4.553191149e-01 1.485120212e+00 4.088244781e-01 6.296351416e-01 5.026652661e-01 6.229922786e-01
9.238476954e+03 4.503631367e-01 1.480675020e+00 4.073156605e-01 6.271265612e-01 5.002301530e-01 6.199125001e-01
9.258517034e+03 4.454762730e-01 1.476261469e+00 4.058286971e-01 6.246404162e-01 4.978190713e-01 6.168606049e-01
9.278557114e+03 4.406573252e-01 1.471879084e+00 4.043631611e-01 6.221763937e-01 4.954316739e-01 6.138362141e-01
9.298597194e+03 4.359051279e-01 1.467527406e+00 4.029186370e-01 6.197341869e-01 4.930676204e-01 6.108389562e-01
9.318637275e+03 4.312185354e-01 1.463205981e+00 4.014947187e-01 6.173134945e-01 4.907265767e-01 6.078684659e-01
9.338677355e+03 4.265964281e-01 1.458914367e+00 4.000910101e-01 6.149140208e-01 4.884082147e-01 6.049243848e-01
9.358717435e+03 4.220377035e-01 1.454652130e+00 3.987071253e-01 6.125354758e-01 4.861122131e-01 6.020063611e-01
9.378757515e+03 4.175412874e-01 1.450418846e+00 3.973426871e-01 6.101775745e-01 4.838382561e-01 5.991140491e-01
9.398797595e+03 4.131061256e-01 1.446214099e+00 3.959973274e-01 6.078400374e-01 4.815860339e-01 5.962471092e-01
9.418837675e+03 4.087311866e-01 1.442037482e+00 3.946706875e-01 6.055225900e-01 4.793552425e-01 5.934052081e-01
9.438877756e+03 4.044154575e-01 1.437888596e+00 3.933624165e-01 6.032249627e-01 4.771455834e-01 5.905880181e-01
9.458917836e+03 4.001579473e-01 1.433767051e+00 3.920721719e-01 6.009468909e-01 4.749567636e-01 5.877952175e-01
9.478957916e+03 3.959576921e-01 1.429672467e+00 3.907996202e-01 5.986881147e-01 4.727884955e-01 5.850264902e-01
9.498997996e+03 3.918137415e-01 1.425604469e+00 3.895444348e-01 5.964483789e-01 4.706404966e-01 5.822815254e-01
9.519038076e+03 3.877251663e-01 1.421562693e+00 3.883062968e-01 5.942274326e-01 4.685124897e-01 5.795600178e-01
9.539078156e+03 3.836910526e-01 1.417546777e+00 3.870848952e-01 5.920250297e-01 4.664042025e-01 5.768616677e-01
9.559118236e+03 3.797105086e-01 1.413556371e+00 3.858799256e-01 5.898409283e-01 4.643153674e-01 5.741861800e-01
9.579158317e+03 3.757826582e-01 1.409591130e+00 3.846910908e-01 5.876748906e-01 4.622457219e-01 5.715332651e-01
9.599198397e+03 3.719066411e-01 1.405650716e+00 3.835181007e-01 5.855266833e-01 4.601950080e-01 5.689026381e-01
9.619238477e+03 3.680816140e-01 1.401734795e+00 3.823606711e-01 5.833960767e-01 4.581629722e-01 5.662940190e-01
9.639278557e+03 3.643067526e-01 1.397843045e+00 3.812185248e-01 5.812828456e-01 4.561493655e-01 5.637071325e-01
9.659318637e+03 3.605812519e-01 1.393975148e+00 3.800913909e-01 5.791867682e-01 4.541539435e-01 5.611417081e-01
9.679358717e+03 3.569043184e-01 1.390130792e+00 3.789790041e-01 5.771076269e-01 4.521764656e-01 5.585974795e-01
9.699398798e+03 3.532751745e-01 1.386309671e+00 3.778811054e-01 5.750452075e-01 4.502166958e-01 5.560741851e-01
9.719438878e+03 3.496930570e-01 1.382511483e+00 3.767974414e-01 5.729992997e-01 4.482744020e-01 5.535715675e-01
9.739478958e+03 3.461572188e-01 1.378735936e+00 3.757277642e-01 5.709696966e-01 4.463493562e-01 5.510893737e-01
9.759519038e+03 3.426669269e-01 1.374982741e+00 3.746718316e-01 5.689561949e-01 4.444413341e-01 5.486273547e-01
9.779559118e+03 3.392214619e-01 1.371251613e+00 3.736294065e-01 5.669585947e-01 4.425501156e-01 5.461852658e-01
9.799599198e+03 3.358201178e-01 1.367542275e+00 3.726002569e-01 5.649766993e-01 4.406754840e-01 5.437628660e-01
9.819639279e+03 3.324622033e-01 1.363854456e+00 3.715841561e-01 5.630103156e-01 4.388172264e-01 5.413599185e-01
9.839679359e+03 3.291470397e-01 1.360187886e+00 3.705808821e-01 5.610592533e-01 4.369751337e-01 5.389761901e-01
9.859719439e+03 3.258739608e-01 1.356542304e+00 3.695902175e-01 5.591233255e-01 4.351489998e-01 5.366114514e-01
9.879759519e+03 3.226423130e-01 1.352917451e+00 3.686119500e-01 5.572023484e-01 4.333386226e-01 5.342654768e-01
9.899799599e+03 3.194514549e-01 1.349313076e+00 3.676458714e-01 5.552961411e-01 4.315438031e-01 5.319380443e-01
9.919839679e+03 3.163007572e-01 1.345728929e+00 3.666917780e-01 5.534045256e-01 4.297643457e-01 5.296289351e-01
9.939879760e+03 3.131896026e-01 1.342164767e+00 3.657494707e-01 5.515273270e-01 4.280000579e-01 5.273379345e-01
9.959919840e+03 3.101173847e-01 1.338620351e+00 3.648187542e-01 5.496643730e-01 4.262507505e-01 5.250648307e-01
9.979959920e+03 3.070835081e-01 1.335095445e+00 3.638994372e-01 5.478154942e-01 4.245162374e-01 5.228094151e-01
1.000000000e+04 3.040873888e-01 1.331589818e+00 3.629913325e-01 5.459805238e-01 4.227963354e-01 5.205714828e-01
