time            Cj              Ck              Br              O1              O2             
0.000000000e+00 4.000000000e+00 1.000000000e-05 4.000000000e+00 4.000000000e+00 4.000000000e+00
2.404809619e+02 3.687811427e+00 1.084757652e-01 3.913387685e+00 4.169197558e+00 3.830802442e+00
4.809619238e+02 3.691773778e+00 2.215962085e-01 3.822872581e+00 4.337790760e+00 3.662209240e+00
7.214428858e+02 3.698026372e+00 3.327497006e-01 3.731945452e+00 4.505183822e+00 3.494816178e+00
9.619238477e+02 3.706406847e+00 4.419747072e-01 3.640739996e+00 4.670797968e+00 3.329202032e+00
1.202404810e+03 3.716756932e+00 5.493059033e-01 3.549389491e+00 4.834078903e+00 3.165921097e+00
1.442885772e+03 3.728922773e+00 6.547744665e-01 3.458026126e+00 4.994504735e+00 3.005495265e+00
1.683366733e+03 3.742754983e+00 7.584086059e-01 3.366780387e+00 5.151591411e+00 2.848408589e+00
1.923847695e+03 3.758108870e+00 8.602338931e-01 3.275780453e+00 5.304898115e+00 2.695101885e+00
2.164328657e+03 3.774844599e+00 9.602736544e-01 3.185151603e+00 5.454031404e+00 2.545968596e+00
2.404809619e+03 3.792827328e+00 1.058549339e+00 3.095015680e+00 5.598647931e+00 2.401352069e+00
2.645290581e+03 3.811927344e+00 1.155080858e+00 3.005490595e+00 5.738456091e+00 2.261543909e+00
2.885771543e+03 3.832020172e+00 1.249886919e+00 2.916689840e+00 5.873216597e+00 2.126783403e+00
3.126252505e+03 3.852986671e+00 1.342985328e+00 2.828722088e+00 6.002741888e+00 1.997258112e+00
3.366733467e+03 3.874713095e+00 1.434393253e+00 2.741690838e+00 6.126894601e+00 1.873105399e+00
3.607214429e+03 3.897091152e+00 1.524127496e+00 2.655694076e+00 6.245585360e+00 1.754414640e+00
3.847695391e+03 3.920018030e+00 1.612204723e+00 2.570824013e+00 6.358769853e+00 1.641230147e+00
4.088176353e+03 3.943396397e+00 1.698641660e+00 2.487166870e+00 6.466445308e+00 1.533554692e+00
4.328657315e+03 3.967134391e+00 1.783455281e+00 2.404802713e+00 6.568646698e+00 1.431353302e+00
4.569138277e+03 3.991145582e+00 1.866662963e+00 2.323805330e+00 6.665442715e+00 1.334557285e+00
4.809619238e+03 4.015348910e+00 1.948282612e+00 2.244242165e+00 6.756931617e+00 1.243068383e+00
5.050100200e+03 4.039668612e+00 2.028332777e+00 2.166174297e+00 6.843237091e+00 1.156762909e+00
5.290581162e+03 4.064034127e+00 2.106832732e+00 2.089656451e+00 6.924504213e+00 1.075495787e+00
5.531062124e+03 4.088379986e+00 2.183802549e+00 2.014737049e+00 7.000895548e+00 9.991044525e-01
5.771543086e+03 4.112645679e+00 2.259263129e+00 1.941458328e+00 7.072587594e+00 9.274124061e-01
6.012024048e+03 4.136775514e+00 2.333236235e+00 1.869856462e+00 7.139767400e+00 8.602326000e-01
6.252505010e+03 4.160718469e+00 2.405744503e+00 1.799961715e+00 7.202629488e+00 7.973705121e-01
6.492985972e+03 4.184428026e+00 2.476811438e+00 1.731798625e+00 7.261373115e+00 7.386268852e-01
6.733466934e+03 4.207861998e+00 2.546461390e+00 1.665386222e+00 7.316199863e+00 6.838001368e-01
6.973947896e+03 4.230982352e+00 2.614719531e+00 1.600738256e+00 7.367311530e+00 6.326884701e-01
7.214428858e+03 4.253755017e+00 2.681611807e+00 1.537863436e+00 7.414908308e+00 5.850916917e-01
7.454909820e+03 4.276149698e+00 2.747164879e+00 1.476765697e+00 7.459187256e+00 5.408127436e-01
7.695390782e+03 4.298139694e+00 2.811406103e+00 1.417444462e+00 7.500341040e+00 4.996589598e-01
7.935871743e+03 4.319701697e+00 2.874363441e+00 1.359894916e+00 7.538556908e+00 4.614430916e-01
8.176352705e+03 4.340815564e+00 2.936065325e+00 1.304108296e+00 7.574015884e+00 4.259841164e-01
8.416833667e+03 4.361464201e+00 2.996540755e+00 1.250072165e+00 7.606892150e+00 3.931078495e-01
8.657314629e+03 4.381633343e+00 3.055819120e+00 1.197770677e+00 7.637352601e+00 3.626473993e-01
8.897795591e+03 4.401311300e+00 3.113930043e+00 1.147184883e+00 7.665556540e+00 3.344434600e-01
9.138276553e+03 4.420488863e+00 3.170903457e+00 1.098292995e+00 7.691655552e+00 3.083444475e-01
9.378757515e+03 4.439159089e+00 3.226769462e+00 1.051070646e+00 7.715793398e+00 2.842066018e-01
9.619238477e+03 4.457317145e+00 3.281558267e+00 1.005491144e+00 7.738106013e+00 2.618939869e-01
9.859719439e+03 4.474960117e+00 3.335300098e+00 9.615257398e-01 7.758721681e+00 2.412783191e-01
1.010020040e+04 4.492086873e+00 3.388025152e+00 9.191438597e-01 7.777761141e+00 2.222388594e-01
1.034068136e+04 4.508697898e+00 3.439763526e+00 8.783133317e-01 7.795337809e+00 2.046621908e-01
1.058116232e+04 4.524795149e+00 3.490545150e+00 8.390006216e-01 7.811558036e+00 1.884419643e-01
1.082164329e+04 4.540381916e+00 3.540399733e+00 8.011710296e-01 7.826521360e+00 1.734786396e-01
1.106212425e+04 4.555462695e+00 3.589356709e+00 7.647888834e-01 7.840320804e+00 1.596791964e-01
1.130260521e+04 4.570043060e+00 3.637445186e+00 7.298177304e-01 7.853043174e+00 1.469568264e-01
1.154308617e+04 4.584129543e+00 3.684693895e+00 6.962205123e-01 7.864769377e+00 1.352306227e-01
1.178356713e+04 4.597729525e+00 3.731131153e+00 6.639597243e-01 7.875574731e+00 1.244252694e-01
1.202404810e+04 4.610851133e+00 3.776784819e+00 6.329975632e-01 7.885529268e+00 1.144707317e-01
1.226452906e+04 4.623503146e+00 3.821682265e+00 6.032960658e-01 7.894698050e+00 1.053019503e-01
1.250501002e+04 4.635694901e+00 3.865850339e+00 5.748172356e-01 7.903141456e+00 9.685854419e-02
1.274549098e+04 4.647436210e+00 3.909315341e+00 5.475231636e-01 7.910915482e+00 8.908451751e-02
1.298597194e+04 4.658737281e+00 3.952102996e+00 5.213761340e-01 7.918072020e+00 8.192798017e-02
1.322645291e+04 4.669608650e+00 3.994238439e+00 4.963387149e-01 7.924659116e+00 7.534088363e-02
1.346693387e+04 4.680061117e+00 4.035746194e+00 4.723738463e-01 7.930721235e+00 6.927876523e-02
1.370741483e+04 4.690105680e+00 4.076650160e+00 4.494449204e-01 7.936299500e+00 6.370049980e-02
1.394789579e+04 4.699753482e+00 4.116973606e+00 4.275158466e-01 7.941431926e+00 5.856807421e-02
1.418837675e+04 4.709015766e+00 4.156739154e+00 4.065511134e-01 7.946153631e+00 5.384636911e-02
1.442885772e+04 4.717903822e+00 4.195968781e+00 3.865158420e-01 7.950497047e+00 4.950295309e-02
1.466933868e+04 4.726428950e+00 4.234683812e+00 3.673758348e-01 7.954492116e+00 4.550788439e-02
1.490981964e+04 4.734602419e+00 4.272904921e+00 3.490976114e-01 7.958166465e+00 4.183353532e-02
1.515030060e+04 4.742435440e+00 4.310652132e+00 3.316484414e-01 7.961545577e+00 3.845442255e-02
1.539078156e+04 4.749939132e+00 4.347944821e+00 3.149963733e-01 7.964652952e+00 3.534704770e-02
1.563126253e+04 4.757124495e+00 4.384801721e+00 2.991102579e-01 7.967510255e+00 3.248974480e-02
1.587174349e+04 4.764002389e+00 4.421240931e+00 2.839597640e-01 7.970137453e+00 2.986254745e-02
1.611222445e+04 4.770583514e+00 4.457279920e+00 2.695153910e-01 7.972552940e+00 2.744705971e-02
1.635270541e+04 4.776878388e+00 4.492935539e+00 2.557484784e-01 7.974773664e+00 2.522633616e-02
1.659318637e+04 4.782897338e+00 4.528224029e+00 2.426312126e-01 7.976815233e+00 2.318476719e-02
1.683366733e+04 4.788650479e+00 4.563161032e+00 2.301366266e-01 7.978692019e+00 2.130798057e-02
1.707414830e+04 4.794147713e+00 4.597761605e+00 2.182385991e-01 7.980417255e+00 1.958274521e-02
1.731462926e+04 4.799398711e+00 4.632040230e+00 2.069118510e-01 7.982003118e+00 1.799688228e-02
1.755511022e+04 4.804412910e+00 4.666010828e+00 1.961319406e-01 7.983460820e+00 1.653918041e-02
1.779559118e+04 4.809199504e+00 4.699686774e+00 1.858752530e-01 7.984800677e+00 1.519932348e-02
1.803607214e+04 4.813767446e+00 4.733080909e+00 1.761189908e-01 7.986032180e+00 1.396781989e-02
1.827655311e+04 4.818125437e+00 4.766205555e+00 1.668411621e-01 7.987164063e+00 1.283593747e-02
1.851703407e+04 4.822281929e+00 4.799072529e+00 1.580205675e-01 7.988204358e+00 1.179564150e-02
1.875751503e+04 4.826245123e+00 4.831693158e+00 1.496367848e-01 7.989160458e+00 1.083954218e-02
1.899799599e+04 4.830022969e+00 4.864078297e+00 1.416701537e-01 7.990039157e+00 9.960843107e-03
1.923847695e+04 4.833623166e+00 4.896238337e+00 1.341017588e-01 7.990846706e+00 9.153294018e-03
1.947895792e+04 4.837053165e+00 4.928183226e+00 1.269134130e-01 7.991588854e+00 8.411145759e-03
1.971943888e+04 4.840320171e+00 4.959922481e+00 1.200876389e-01 7.992270888e+00 7.729112382e-03
1.995991984e+04 4.843431143e+00 4.991465203e+00 1.136076506e-01 7.992897666e+00 7.102333779e-03
2.020040080e+04 4.846392802e+00 5.022820089e+00 1.074573349e-01 7.993473658e+00 6.526341575e-03
2.044088176e+04 4.849211633e+00 5.053995453e+00 1.016212324e-01 7.994002973e+00 5.997026593e-03
2.068136273e+04 4.851893888e+00 5.084999232e+00 9.608451818e-02 7.994489388e+00 5.510611611e-03
2.092184369e+04 4.854445591e+00 5.115839007e+00 9.083298262e-02 7.994936375e+00 5.063624505e-03
2.116232465e+04 4.856872544e+00 5.146522008e+00 8.585301201e-02 7.995347126e+00 4.652874387e-03
2.140280561e+04 4.859180330e+00 5.177055138e+00 8.113156952e-02 7.995724574e+00 4.275425764e-03
2.164328657e+04 4.861374320e+00 5.207444977e+00 7.665617598e-02 7.996071419e+00 3.928581447e-03
2.188376754e+04 4.863459677e+00 5.237697798e+00 7.241489122e-02 7.996390137e+00 3.609863068e-03
2.212424850e+04 4.865441363e+00 5.267819580e+00 6.839629503e-02 7.996683010e+00 3.316990312e-03
2.236472946e+04 4.867324143e+00 5.297816019e+00 6.458946911e-02 7.996952131e+00 3.047869418e-03
2.260521042e+04 4.869112592e+00 5.327692540e+00 6.098397903e-02 7.997199424e+00 2.800576171e-03
2.284569138e+04 4.870811099e+00 5.357454308e+00 5.756985594e-02 7.997426659e+00 2.573340589e-03
2.308617234e+04 4.872423872e+00 5.387106239e+00 5.433757984e-02 7.997635463e+00 2.364537194e-03
2.332665331e+04 4.873954948e+00 5.416653012e+00 5.127806271e-02 7.997827327e+00 2.172673080e-03
2.356713427e+04 4.875408194e+00 5.446099077e+00 4.838263040e-02 7.998003627e+00 1.996373170e-03
2.380761523e+04 4.876787312e+00 5.475448661e+00 4.564300855e-02 7.998165623e+00 1.834376822e-03
2.404809619e+04 4.878095850e+00 5.504705792e+00 4.305130472e-02 7.998314477e+00 1.685522623e-03
2.428857715e+04 4.879337210e+00 5.533874307e+00 4.059999492e-02 7.998451255e+00 1.548745216e-03
2.452905812e+04 4.880514631e+00 5.562957823e+00 3.828190748e-02 7.998576935e+00 1.423065162e-03
2.476953908e+04 4.881631209e+00 5.591959770e+00 3.609020804e-02 7.998692419e+00 1.307581454e-03
2.501002004e+04 4.882689934e+00 5.620883472e+00 3.401838755e-02 7.998798533e+00 1.201467401e-03
2.525050100e+04 4.883693642e+00 5.649732034e+00 3.206024727e-02 7.998896037e+00 1.103963119e-03
2.549098196e+04 4.884645036e+00 5.678508394e+00 3.020988806e-02 7.998985629e+00 1.014371069e-03
2.573146293e+04 4.885546708e+00 5.707215364e+00 2.846169455e-02 7.999067950e+00 9.320496260e-04
2.597194389e+04 4.886401135e+00 5.735855610e+00 2.681031598e-02 7.999143592e+00 8.564077044e-04
2.621242485e+04 4.887210679e+00 5.764431659e+00 2.525066571e-02 7.999213097e+00 7.869028734e-04
2.645290581e+04 4.887977588e+00 5.792945901e+00 2.377791740e-02 7.999276961e+00 7.230387304e-04
2.669338677e+04 4.888704012e+00 5.821400610e+00 2.238747487e-02 7.999335642e+00 6.643576677e-04
2.693386774e+04 4.889392001e+00 5.849797940e+00 2.107496583e-02 7.999389561e+00 6.104385527e-04
2.717434870e+04 4.890043509e+00 5.878139934e+00 1.983623767e-02 7.999439105e+00 5.608949231e-04
2.741482966e+04 4.890660397e+00 5.906428526e+00 1.866734648e-02 7.999484628e+00 5.153719079e-04
2.765531062e+04 4.891244441e+00 5.934665550e+00 1.756454624e-02 7.999526457e+00 4.735433940e-04
2.789579158e+04 4.891797329e+00 5.962852743e+00 1.652427763e-02 7.999564891e+00 4.351092098e-04
2.813627255e+04 4.892320672e+00 5.990991752e+00 1.554316298e-02 7.999600206e+00 3.997939208e-04
2.837675351e+04 4.892816000e+00 6.019084133e+00 1.461800124e-02 7.999632654e+00 3.673456936e-04
2.861723447e+04 4.893284772e+00 6.047131362e+00 1.374574874e-02 7.999662468e+00 3.375315300e-04
2.885771543e+04 4.893728375e+00 6.075134834e+00 1.292352239e-02 7.999689861e+00 3.101386435e-04
2.909819639e+04 4.894148131e+00 6.103095878e+00 1.214857702e-02 7.999715031e+00 2.849685552e-04
2.933867735e+04 4.894545295e+00 6.131015742e+00 1.141831941e-02 7.999738158e+00 2.618417605e-04
2.957915832e+04 4.894921064e+00 6.158895616e+00 1.073028208e-02 7.999759409e+00 2.405907852e-04
2.981963928e+04 4.895276570e+00 6.186736618e+00 1.008213446e-02 7.999778936e+00 2.210641263e-04
3.006012024e+04 4.895612893e+00 6.214539811e+00 9.471665133e-03 7.999796878e+00 2.031217387e-04
3.030060120e+04 4.895931057e+00 6.242306197e+00 8.896780392e-03 7.999813365e+00 1.866354466e-04
3.054108216e+04 4.896232035e+00 6.270036724e+00 8.355496391e-03 7.999828513e+00 1.714873850e-04
3.078156313e+04 4.896516752e+00 6.297732290e+00 7.845933759e-03 7.999842431e+00 1.575690442e-04
3.102204409e+04 4.896786084e+00 6.325393745e+00 7.366312675e-03 7.999855219e+00 1.447806033e-04
3.126252505e+04 4.897040865e+00 6.353021889e+00 6.914949787e-03 7.999866969e+00 1.330310021e-04
3.150300601e+04 4.897281887e+00 6.380617484e+00 6.490245850e-03 7.999877765e+00 1.222346913e-04
3.174348697e+04 4.897509898e+00 6.408181246e+00 6.090694630e-03 7.999887685e+00 1.123152054e-04
3.198396794e+04 4.897725613e+00 6.435713855e+00 5.714865644e-03 7.999896799e+00 1.032007966e-04
3.222444890e+04 4.897929706e+00 6.463215954e+00 5.361405522e-03 7.999905175e+00 9.482547239e-05
3.246492986e+04 4.898122816e+00 6.490688146e+00 5.029040095e-03 7.999912870e+00 8.713015063e-05
3.270541082e+04 4.898305551e+00 6.518131006e+00 4.716557518e-03 7.999919941e+00 8.005882795e-05
3.294589178e+04 4.898478485e+00 6.545545074e+00 4.422818186e-03 7.999926439e+00 7.356141358e-05
3.318637275e+04 4.898642164e+00 6.572930863e+00 4.146741431e-03 7.999932409e+00 6.759120862e-05
3.342685371e+04 4.898797104e+00 6.600288856e+00 3.887306681e-03 7.999937895e+00 6.210543261e-05
3.366733467e+04 4.898943793e+00 6.627619510e+00 3.643551397e-03 7.999942935e+00 5.706506189e-05
3.390781563e+04 4.899082694e+00 6.654923257e+00 3.414562707e-03 7.999947566e+00 5.243362039e-05
3.414829659e+04 4.899214246e+00 6.682200504e+00 3.199482931e-03 7.999951822e+00 4.817839031e-05
3.438877756e+04 4.899338864e+00 6.709451639e+00 2.997497707e-03 7.999955732e+00 4.426848852e-05
3.462925852e+04 4.899456940e+00 6.736677025e+00 2.807839732e-03 7.999959324e+00 4.067582064e-05
3.486973948e+04 4.899568846e+00 6.763877006e+00 2.629786384e-03 7.999962625e+00 3.737490264e-05
3.511022044e+04 4.899674934e+00 6.791051910e+00 2.462651856e-03 7.999965658e+00 3.434163756e-05
3.535070140e+04 4.899775535e+00 6.818202042e+00 2.305793700e-03 7.999968445e+00 3.155467927e-05
3.559118236e+04 4.899870965e+00 6.845327696e+00 2.158601801e-03 7.999971006e+00 2.899380517e-05
3.583166333e+04 4.899961520e+00 6.872429145e+00 2.020502357e-03 7.999973359e+00 2.664068465e-05
3.607214429e+04 4.900047481e+00 6.899506650e+00 1.890955011e-03 7.999975521e+00 2.447858427e-05
3.631262525e+04 4.900129114e+00 6.926560456e+00 1.769448038e-03 7.999977508e+00 2.249187479e-05
3.655310621e+04 4.900206670e+00 6.953590797e+00 1.655501866e-03 7.999979334e+00 2.066649641e-05
3.679358717e+04 4.900280385e+00 6.980597892e+00 1.548661701e-03 7.999981011e+00 1.898923982e-05
3.703406814e+04 4.900350483e+00 7.007581950e+00 1.448500325e-03 7.999982552e+00 1.744811288e-05
3.727454910e+04 4.900417175e+00 7.034543167e+00 1.354615429e-03 7.999983968e+00 1.603212098e-05
3.751503006e+04 4.900480662e+00 7.061481730e+00 1.266626390e-03 7.999985269e+00 1.473097600e-05
3.775551102e+04 4.900541131e+00 7.088397815e+00 1.184177138e-03 7.999986464e+00 1.353550849e-05
3.799599198e+04 4.900598759e+00 7.115291591e+00 1.106929878e-03 7.999987563e+00 1.243701869e-05
3.823647295e+04 4.900653716e+00 7.142163214e+00 1.034567960e-03 7.999988572e+00 1.142766381e-05
3.847695391e+04 4.900706158e+00 7.169012836e+00 9.667932345e-04 7.999989500e+00 1.050024207e-05
3.871743487e+04 4.900756235e+00 7.195840598e+00 9.033240467e-04 7.999990352e+00 9.648042006e-06
3.895791583e+04 4.900804087e+00 7.222646635e+00 8.438970334e-04 7.999991135e+00 8.865037760e-06
3.919839679e+04 4.900849848e+00 7.249431075e+00 7.882626162e-04 7.999991854e+00 8.145558770e-06
3.943887776e+04 4.900893642e+00 7.276194040e+00 7.361874438e-04 7.999992516e+00 7.484498501e-06
3.967935872e+04 4.900935587e+00 7.302935644e+00 6.874514513e-04 7.999993123e+00 6.877123577e-06
3.991983968e+04 4.900975794e+00 7.329655998e+00 6.418466249e-04 7.999993681e+00 6.319007282e-06
4.016032064e+04 4.901014367e+00 7.356355205e+00 5.991797612e-04 7.999994194e+00 5.806255482e-06
4.040080160e+04 4.901051406e+00 7.383033364e+00 5.592669458e-04 7.999994665e+00 5.335123419e-06
4.064128257e+04 4.901087003e+00 7.409690570e+00 5.219354335e-04 7.999995098e+00 4.902178417e-06
4.088176353e+04 4.901121245e+00 7.436326911e+00 4.870250717e-04 7.999995496e+00 4.504425342e-06
4.112224449e+04 4.901154214e+00 7.462942474e+00 4.543828210e-04 7.999995861e+00 4.138932442e-06
4.136272545e+04 4.901185989e+00 7.489537340e+00 4.238657369e-04 7.999996197e+00 3.803064135e-06
4.160320641e+04 4.901216642e+00 7.516111586e+00 3.953407685e-04 7.999996506e+00 3.494477909e-06
4.184368737e+04 4.901246241e+00 7.542665286e+00 3.686811489e-04 7.999996789e+00 3.210911965e-06
4.208416834e+04 4.901274851e+00 7.569198511e+00 3.437688335e-04 7.999997050e+00 2.950344492e-06
4.232464930e+04 4.901302533e+00 7.595711329e+00 3.204933031e-04 7.999997289e+00 2.710934654e-06
4.256513026e+04 4.901329343e+00 7.622203804e+00 2.987497275e-04 7.999997509e+00 2.490937096e-06
4.280561122e+04 4.901355335e+00 7.648675998e+00 2.784408002e-04 7.999997711e+00 2.288799022e-06
4.304609218e+04 4.901380560e+00 7.675127971e+00 2.594747397e-04 7.999997897e+00 2.103071508e-06
4.328657315e+04 4.901405066e+00 7.701559779e+00 2.417648869e-04 7.999998068e+00 1.932396774e-06
4.352705411e+04 4.901428895e+00 7.727971477e+00 2.252317743e-04 7.999998224e+00 1.775612363e-06
4.376753507e+04 4.901452090e+00 7.754363116e+00 2.097989110e-04 7.999998368e+00 1.631557869e-06
4.400801603e+04 4.901474691e+00 7.780734750e+00 1.953947430e-04 7.999998501e+00 1.499174269e-06
4.424849699e+04 4.901496735e+00 7.807086424e+00 1.819535084e-04 7.999998622e+00 1.377551236e-06
4.448897796e+04 4.901518255e+00 7.833418186e+00 1.694128124e-04 7.999998734e+00 1.265818160e-06
4.472945892e+04 4.901539285e+00 7.859730082e+00 1.577133742e-04 7.999998837e+00 1.163138623e-06
4.496993988e+04 4.901559855e+00 7.886022154e+00 1.468005305e-04 7.999998931e+00 1.068782805e-06
4.521042084e+04 4.901579994e+00 7.912294446e+00 1.366236004e-04 7.999999018e+00 9.821035572e-07
4.545090180e+04 4.901599729e+00 7.938546997e+00 1.271336394e-04 7.999999098e+00 9.024467699e-07
4.569138277e+04 4.901619084e+00 7.964779848e+00 1.182853567e-04 7.999999171e+00 8.292338705e-07
4.593186373e+04 4.901638085e+00 7.990993036e+00 1.100375271e-04 7.999999238e+00 7.619761816e-07
4.617234469e+04 4.901656751e+00 8.017186598e+00 1.023499432e-04 7.999999300e+00 7.001690184e-07
4.641282565e+04 4.901675106e+00 8.043360571e+00 9.518528351e-05 7.999999357e+00 6.433608579e-07
4.665330661e+04 4.901693168e+00 8.069514989e+00 8.850982088e-05 7.999999409e+00 5.911723427e-07
4.689378758e+04 4.901710955e+00 8.095649887e+00 8.229064903e-05 7.999999457e+00 5.432159900e-07
4.713426854e+04 4.901728485e+00 8.121765299e+00 7.649721420e-05 7.999999501e+00 4.991426055e-07
4.737474950e+04 4.901745773e+00 8.147861255e+00 7.110158013e-05 7.999999541e+00 4.586493307e-07
4.761523046e+04 4.901762834e+00 8.173937787e+00 6.607717941e-05 7.999999579e+00 4.214455651e-07
4.785571142e+04 4.901779684e+00 8.199994925e+00 6.139888565e-05 7.999999613e+00 3.872560931e-07
4.809619238e+04 4.901796334e+00 8.226032700e+00 5.704376272e-05 7.999999644e+00 3.558440921e-07
4.833667335e+04 4.901812797e+00 8.252051145e+00 5.299044134e-05 7.999999673e+00 3.269942280e-07
4.857715431e+04 4.901829085e+00 8.278050286e+00 4.921814402e-05 7.999999700e+00 3.004852401e-07
4.881763527e+04 4.901845210e+00 8.304030155e+00 4.570753308e-05 7.999999724e+00 2.761162160e-07
4.905811623e+04 4.901861180e+00 8.329990775e+00 4.244158085e-05 7.999999746e+00 2.537318514e-07
4.929859719e+04 4.901877005e+00 8.355932175e+00 3.940378566e-05 7.999999767e+00 2.331733084e-07
4.953907816e+04 4.901892694e+00 8.381854380e+00 3.657814720e-05 7.999999786e+00 2.142786447e-07
4.977955912e+04 4.901908255e+00 8.407757417e+00 3.394981914e-05 7.999999803e+00 1.969023206e-07
5.002004008e+04 4.901923697e+00 8.433641314e+00 3.150632163e-05 7.999999819e+00 1.809451200e-07
5.026052104e+04 4.901939026e+00 8.459506096e+00 2.923466603e-05 7.999999834e+00 1.662834128e-07
5.050100200e+04 4.901954250e+00 8.485351790e+00 2.712280085e-05 7.999999847e+00 1.528058634e-07
5.074148297e+04 4.901969375e+00 8.511178420e+00 2.515951463e-05 7.999999860e+00 1.404115117e-07
5.098196393e+04 4.901984406e+00 8.536986009e+00 2.333543121e-05 7.999999871e+00 1.290292674e-07
5.122244489e+04 4.901999349e+00 8.562774582e+00 2.164051230e-05 7.999999881e+00 1.185686835e-07
5.146292585e+04 4.902014210e+00 8.588544164e+00 2.006573438e-05 7.999999891e+00 1.089535686e-07
5.170340681e+04 4.902028993e+00 8.614294778e+00 1.860272904e-05 7.999999900e+00 1.001146990e-07
5.194388778e+04 4.902043702e+00 8.640026448e+00 1.724421667e-05 7.999999908e+00 9.199700454e-08
5.218436874e+04 4.902058342e+00 8.665739197e+00 1.598266007e-05 7.999999915e+00 8.453769282e-08
5.242484970e+04 4.902072918e+00 8.691433049e+00 1.481120991e-05 7.999999922e+00 7.768178952e-08
5.266533066e+04 4.902087431e+00 8.717108026e+00 1.372361966e-05 7.999999929e+00 7.138107829e-08
5.290581162e+04 4.902101887e+00 8.742764150e+00 1.271432659e-05 7.999999934e+00 6.559566146e-08
5.314629259e+04 4.902116288e+00 8.768401445e+00 1.177761251e-05 7.999999940e+00 6.027958222e-08
5.338677355e+04 4.902130637e+00 8.794019933e+00 1.090826644e-05 7.999999945e+00 5.539245947e-08
5.362725451e+04 4.902144937e+00 8.819619636e+00 1.010182729e-05 7.999999949e+00 5.090449097e-08
5.386773547e+04 4.902159190e+00 8.845200576e+00 9.354084564e-06 7.999999953e+00 4.678734907e-08
5.410821643e+04 4.902173400e+00 8.870762775e+00 8.660616775e-06 7.999999957e+00 4.300577985e-08
5.434869739e+04 4.902187567e+00 8.896306254e+00 8.017452264e-06 7.999999960e+00 3.953015197e-08
5.458917836e+04 4.902201696e+00 8.921831036e+00 7.420802246e-06 7.999999964e+00 3.633168865e-08
5.482965932e+04 4.902215786e+00 8.947337142e+00 6.868093085e-06 7.999999967e+00 3.340003669e-08
5.507014028e+04 4.902229841e+00 8.972824593e+00 6.355932306e-06 7.999999969e+00 3.070909650e-08
5.531062124e+04 4.902243861e+00 8.998293411e+00 5.881217972e-06 7.999999972e+00 2.823589217e-08
5.555110220e+04 4.902257849e+00 9.023743617e+00 5.441097065e-06 7.999999974e+00 2.596001987e-08
5.579158317e+04 4.902271807e+00 9.049175232e+00 5.032971442e-06 7.999999976e+00 2.386357059e-08
5.603206413e+04 4.902285735e+00 9.074588276e+00 4.655326125e-06 7.999999978e+00 2.194328718e-08
5.627254509e+04 4.902299634e+00 9.099982771e+00 4.305476397e-06 7.999999980e+00 2.017782812e-08
5.651302605e+04 4.902313506e+00 9.125358736e+00 3.981336437e-06 7.999999981e+00 1.855362551e-08
5.675350701e+04 4.902327353e+00 9.150716193e+00 3.680924374e-06 7.999999983e+00 1.705776250e-08
5.699398798e+04 4.902341174e+00 9.176055163e+00 3.402636511e-06 7.999999984e+00 1.568110753e-08
5.723446894e+04 4.902354972e+00 9.201375668e+00 3.145156500e-06 7.999999986e+00 1.441731530e-08
5.747494990e+04 4.902368747e+00 9.226677728e+00 2.906739807e-06 7.999999987e+00 1.325475432e-08
5.771543086e+04 4.902382500e+00 9.251961364e+00 2.685959098e-06 7.999999988e+00 1.218497595e-08
5.795591182e+04 4.902396233e+00 9.277226598e+00 2.481463952e-06 7.999999989e+00 1.120002314e-08
5.819639279e+04 4.902409945e+00 9.302473445e+00 2.292265889e-06 7.999999990e+00 1.029480602e-08
5.843687375e+04 4.902423636e+00 9.327701923e+00 2.117253624e-06 7.999999991e+00 9.463037990e-09
5.867735471e+04 4.902437306e+00 9.352912051e+00 1.955316828e-06 7.999999991e+00 8.698262300e-09
5.891783567e+04 4.902450956e+00 9.378103848e+00 1.805470296e-06 7.999999992e+00 7.994882054e-09
5.915831663e+04 4.902464587e+00 9.403277332e+00 1.666777837e-06 7.999999993e+00 7.347516464e-09
5.939879760e+04 4.902478211e+00 9.428432588e+00 1.538385238e-06 7.999999993e+00 6.751474292e-09
5.963927856e+04 4.902491806e+00 9.453569523e+00 1.419631914e-06 7.999999994e+00 6.203408610e-09
5.987975952e+04 4.902505395e+00 9.478688256e+00 1.309874196e-06 7.999999994e+00 5.699912487e-09
6.012024048e+04 4.902518962e+00 9.503788751e+00 1.208438670e-06 7.999999995e+00 5.237297437e-09
6.036072144e+04 4.902532511e+00 9.528871020e+00 1.114699058e-06 7.999999995e+00 4.812192294e-09
6.060120240e+04 4.902546046e+00 9.553935125e+00 1.027920935e-06 7.999999996e+00 4.420705611e-09
6.084168337e+04 4.902559566e+00 9.578981067e+00 9.477162431e-07 7.999999996e+00 4.060796724e-09
6.108216433e+04 4.902573072e+00 9.604008856e+00 8.737977947e-07 7.999999996e+00 3.730958399e-09
6.132264529e+04 4.902586562e+00 9.629018539e+00 8.051261191e-07 7.999999997e+00 3.425808176e-09
6.156312625e+04 4.902600039e+00 9.654010103e+00 7.420258358e-07 7.999999997e+00 3.147064710e-09
6.180360721e+04 4.902613500e+00 9.678983576e+00 6.839018787e-07 7.999999997e+00 2.891668018e-09
6.204408818e+04 4.902626948e+00 9.703938978e+00 6.302970646e-07 7.999999997e+00 2.657252603e-09
6.228456914e+04 4.902640383e+00 9.728876328e+00 5.809994758e-07 7.999999998e+00 2.442836033e-09
6.252505010e+04 4.902653803e+00 9.753795650e+00 5.355289834e-07 7.999999998e+00 2.245958904e-09
6.276553106e+04 4.902667211e+00 9.778696966e+00 4.934428056e-07 7.999999998e+00 2.064365500e-09
6.300601202e+04 4.902680605e+00 9.803580289e+00 4.547650406e-07 7.999999998e+00 1.898329709e-09
6.324649299e+04 4.902693987e+00 9.828445645e+00 4.190186252e-07 7.999999998e+00 1.745412891e-09
6.348697395e+04 4.902707356e+00 9.853293052e+00 3.859470958e-07 7.999999998e+00 1.604366881e-09
6.372745491e+04 4.902720712e+00 9.878122527e+00 3.555237195e-07 7.999999999e+00 1.475174660e-09
6.396793587e+04 4.902734055e+00 9.902934091e+00 3.274059365e-07 7.999999999e+00 1.356126664e-09
6.420841683e+04 4.902747387e+00 9.927727762e+00 3.015562430e-07 7.999999999e+00 1.247119677e-09
6.444889780e+04 4.902760706e+00 9.952503559e+00 2.779520263e-07 7.999999999e+00 1.148128174e-09
6.468937876e+04 4.902774012e+00 9.977261502e+00 2.562130263e-07 7.999999999e+00 1.057260647e-09
6.492985972e+04 4.902787307e+00 1.000200161e+01 2.361408414e-07 7.999999999e+00 9.735744143e-10
6.517034068e+04 4.902800590e+00 1.002672390e+01 2.175370698e-07 7.999999999e+00 8.961267915e-10
6.541082164e+04 4.902813861e+00 1.005142840e+01 2.002276668e-07 7.999999999e+00 8.240985431e-10
6.565130261e+04 4.902827120e+00 1.007611512e+01 1.846764555e-07 7.999999999e+00 7.599033171e-10
6.589178357e+04 4.902840367e+00 1.010078407e+01 1.703543505e-07 7.999999999e+00 7.009224380e-10
6.613226453e+04 4.902853603e+00 1.012543529e+01 1.571180842e-07 7.999999999e+00 6.464926568e-10
6.637274549e+04 4.902866827e+00 1.015006879e+01 1.448243889e-07 7.999999999e+00 5.959507246e-10
6.661322645e+04 4.902880040e+00 1.017468459e+01 1.333299971e-07 7.999999999e+00 5.486333926e-10
6.685370741e+04 4.902893242e+00 1.019928270e+01 1.228561809e-07 7.999999999e+00 5.056668189e-10
6.709418838e+04 4.902906431e+00 1.022386315e+01 1.133562421e-07 8.000000000e+00 4.668617828e-10
6.733466934e+04 4.902919610e+00 1.024842595e+01 1.045766250e-07 8.000000000e+00 4.310136666e-10
6.757515030e+04 4.902932778e+00 1.027297113e+01 9.642386110e-08 8.000000000e+00 3.977036695e-10
6.781563126e+04 4.902945934e+00 1.029749870e+01 8.880448193e-08 8.000000000e+00 3.665129903e-10
6.805611222e+04 4.902959079e+00 1.032200868e+01 8.170632012e-08 8.000000000e+00 3.374118314e-10
6.829659319e+04 4.902972213e+00 1.034650109e+01 7.536269587e-08 8.000000000e+00 3.115449862e-10
6.853707415e+04 4.902985336e+00 1.037097595e+01 6.950433215e-08 8.000000000e+00 2.876524578e-10
6.877755511e+04 4.902998448e+00 1.039543327e+01 6.407277265e-08 8.000000000e+00 2.654829685e-10
6.901803607e+04 4.903011548e+00 1.041987308e+01 5.900956102e-08 8.000000000e+00 2.447852410e-10
6.925851703e+04 4.903024638e+00 1.044429540e+01 5.425624096e-08 8.000000000e+00 2.253079976e-10
6.949899800e+04 4.903037717e+00 1.046870023e+01 5.011415958e-08 8.000000000e+00 2.084299876e-10
6.973947896e+04 4.903050785e+00 1.049308761e+01 4.638891418e-08 8.000000000e+00 1.932840521e-10
6.997995992e+04 4.903063842e+00 1.051745755e+01 4.297026053e-08 8.000000000e+00 1.793842975e-10
7.022044088e+04 4.903076888e+00 1.054181007e+01 3.981698843e-08 8.000000000e+00 1.665575768e-10
7.046092184e+04 4.903089923e+00 1.056614518e+01 3.688788772e-08 8.000000000e+00 1.546307432e-10
7.070140281e+04 4.903102948e+00 1.059046291e+01 3.414174820e-08 8.000000000e+00 1.434306498e-10
7.094188377e+04 4.903115962e+00 1.061476327e+01 3.153735970e-08 8.000000000e+00 1.327841497e-10
7.118236473e+04 4.903128965e+00 1.063904629e+01 2.903351204e-08 8.000000000e+00 1.225180960e-10
7.142284569e+04 4.903141957e+00 1.066331198e+01 2.686842967e-08 8.000000000e+00 1.136581222e-10
7.166332665e+04 4.903154939e+00 1.068756035e+01 2.499917552e-08 8.000000000e+00 1.060236729e-10
7.190380762e+04 4.903167909e+00 1.071179143e+01 2.327608223e-08 8.000000000e+00 9.897631772e-11
7.214428858e+04 4.903180870e+00 1.073600524e+01 2.167518637e-08 8.000000000e+00 9.241689877e-11
7.238476954e+04 4.903193819e+00 1.076020179e+01 2.017252454e-08 8.000000000e+00 8.624625808e-11
7.262525050e+04 4.903206758e+00 1.078438110e+01 1.874413328e-08 8.000000000e+00 8.036523766e-11
7.286573146e+04 4.903219686e+00 1.080854320e+01 1.736604918e-08 8.000000000e+00 7.467467956e-11
7.310621242e+04 4.903232604e+00 1.083268809e+01 1.601430881e-08 8.000000000e+00 6.907542582e-11
7.334669339e+04 4.903245512e+00 1.085681580e+01 1.480859353e-08 8.000000000e+00 6.406925615e-11
7.358717435e+04 4.903258408e+00 1.088092635e+01 1.381319672e-08 8.000000000e+00 5.992623471e-11
7.382765531e+04 4.903271294e+00 1.090501974e+01 1.288994235e-08 8.000000000e+00 5.606939538e-11
7.406813627e+04 4.903284170e+00 1.092909601e+01 1.202706313e-08 8.000000000e+00 5.245060270e-11
7.430861723e+04 4.903297035e+00 1.095315517e+01 1.121279176e-08 8.000000000e+00 4.902172121e-11
7.454909820e+04 4.903309890e+00 1.097719724e+01 1.043536095e-08 8.000000000e+00 4.573461546e-11
7.478957916e+04 4.903322734e+00 1.100122223e+01 9.683003412e-09 8.000000000e+00 4.254114998e-11
7.503006012e+04 4.903335567e+00 1.102523017e+01 8.943951855e-09 8.000000000e+00 3.939318934e-11
7.527054108e+04 4.903348391e+00 1.104922106e+01 8.377761678e-09 8.000000000e+00 3.696814399e-11
7.551102204e+04 4.903361204e+00 1.107319493e+01 7.765062213e-09 8.000000000e+00 3.433868506e-11
7.575150301e+04 4.903374006e+00 1.109715181e+01 7.209150957e-09 8.000000000e+00 3.194397267e-11
7.599198397e+04 4.903386798e+00 1.112109169e+01 6.699682968e-09 8.000000000e+00 2.974189496e-11
7.623246493e+04 4.903399580e+00 1.114501461e+01 6.227093899e-09 8.000000000e+00 2.769364587e-11
7.647294589e+04 4.903412351e+00 1.116892058e+01 5.782599996e-09 8.000000000e+00 2.576372514e-11
7.671342685e+04 4.903425112e+00 1.119280962e+01 5.358198102e-09 8.000000000e+00 2.391993829e-11
7.695390782e+04 4.903437863e+00 1.121668175e+01 4.946665654e-09 8.000000000e+00 2.213339664e-11
7.719438878e+04 4.903450603e+00 1.124053698e+01 4.549729865e-09 8.000000000e+00 2.040959511e-11
7.743486974e+04 4.903463333e+00 1.126437533e+01 4.207358304e-09 8.000000000e+00 1.889984156e-11
7.767535070e+04 4.903476053e+00 1.128819683e+01 3.880692912e-09 8.000000000e+00 1.745590584e-11
7.791583166e+04 4.903488762e+00 1.131200147e+01 3.568393566e-09 8.000000000e+00 1.607262246e-11
7.815631263e+04 4.903501461e+00 1.133578930e+01 3.270053166e-09 8.000000000e+00 1.474871162e-11
7.839679359e+04 4.903514150e+00 1.135956032e+01 2.986197646e-09 8.000000000e+00 1.348677922e-11
7.863727455e+04 4.903526829e+00 1.138331454e+01 2.718285966e-09 8.000000000e+00 1.229331683e-11
7.887775551e+04 4.903539497e+00 1.140705200e+01 2.468710113e-09 8.000000000e+00 1.117870175e-11
7.911823647e+04 4.903552155e+00 1.143077270e+01 2.240795105e-09 8.000000000e+00 1.015719694e-11
7.935871743e+04 4.903564803e+00 1.145447667e+01 2.038798987e-09 8.000000000e+00 9.246951062e-12
7.959919840e+04 4.903577441e+00 1.147816391e+01 1.867912834e-09 8.000000000e+00 8.469998481e-12
7.983967936e+04 4.903590069e+00 1.150183446e+01 1.708837940e-09 8.000000000e+00 7.747958097e-12
8.008016032e+04 4.903602686e+00 1.152548832e+01 1.460402229e-09 8.000000000e+00 6.666607976e-12
8.032064128e+04 4.903615293e+00 1.154912551e+01 1.213650461e-09 8.000000000e+00 5.600384372e-12
8.056112224e+04 4.903627891e+00 1.157274606e+01 9.704795492e-10 8.000000000e+00 4.558037987e-12
8.080160321e+04 4.903640478e+00 1.159634997e+01 7.333321199e-10 8.000000000e+00 3.550616202e-12
8.104208417e+04 4.903653055e+00 1.161993727e+01 5.051965171e-10 8.000000000e+00 2.591463081e-12
8.128256513e+04 4.903665622e+00 1.164350797e+01 2.896068003e-10 8.000000000e+00 1.696219370e-12
8.152304609e+04 4.903678178e+00 1.166706208e+01 9.064274548e-11 8.000000000e+00 8.828224929e-13
8.176352705e+04 4.903690725e+00 1.169059964e+01 -8.707015568e-11 8.000000000e+00 1.715065583e-13
8.200400802e+04 4.903703262e+00 1.171412065e+01 -2.383606952e-10 8.000000000e+00 -4.151976453e-13
8.224448898e+04 4.903715788e+00 1.173762513e+01 -3.575119491e-10 8.000000000e+00 -8.524626481e-13
8.248496994e+04 4.903728305e+00 1.176111310e+01 -4.639392614e-10 8.000000000e+00 -1.230179384e-12
8.272545090e+04 4.903740811e+00 1.178458458e+01 -6.363888904e-10 8.000000000e+00 -1.908801103e-12
8.296593186e+04 4.903753308e+00 1.180803958e+01 -7.995803269e-10 8.000000000e+00 -2.547068166e-12
8.320641283e+04 4.903765794e+00 1.183147812e+01 -9.516110211e-10 8.000000000e+00 -3.138295911e-12
8.344689379e+04 4.903778271e+00 1.185490022e+01 -1.090362668e-09 8.000000000e+00 -3.675006638e-12
8.368737475e+04 4.903790737e+00 1.187830590e+01 -1.213501208e-09 8.000000000e+00 -4.148929600e-12
8.392785571e+04 4.903803194e+00 1.190169516e+01 -1.318476825e-09 8.000000000e+00 -4.551001010e-12
8.416833667e+04 4.903815640e+00 1.192506803e+01 -1.402523948e-09 8.000000000e+00 -4.871364037e-12
8.440881764e+04 4.903828077e+00 1.194842453e+01 -1.462661253e-09 8.000000000e+00 -5.099368805e-12
8.464929860e+04 4.903840503e+00 1.197176468e+01 -1.495691658e-09 8.000000000e+00 -5.223572400e-12
8.488977956e+04 4.903852920e+00 1.199508848e+01 -1.498202327e-09 8.000000000e+00 -5.231738859e-12
8.513026052e+04 4.903865327e+00 1.201839595e+01 -1.488676354e-09 8.000000000e+00 -5.192105970e-12
8.537074148e+04 4.903877724e+00 1.204168713e+01 -1.521869787e-09 8.000000000e+00 -5.306224970e-12
8.561122244e+04 4.903890111e+00 1.206496201e+01 -1.545355670e-09 8.000000000e+00 -5.381718690e-12
8.585170341e+04 4.903902488e+00 1.208822062e+01 -1.559325194e-09 8.000000000e+00 -5.419596676e-12
8.609218437e+04 4.903914855e+00 1.211146297e+01 -1.563999096e-09 8.000000000e+00 -5.420976997e-12
8.633266533e+04 4.903927213e+00 1.213468908e+01 -1.559627668e-09 8.000000000e+00 -5.387086252e-12
8.657314629e+04 4.903939560e+00 1.215789898e+01 -1.546490751e-09 8.000000000e+00 -5.319259566e-12
8.681362725e+04 4.903951898e+00 1.218109266e+01 -1.524897737e-09 8.000000000e+00 -5.218940589e-12
8.705410822e+04 4.903964226e+00 1.220427016e+01 -1.495187567e-09 8.000000000e+00 -5.087681501e-12
8.729458918e+04 4.903976544e+00 1.222743149e+01 -1.457728737e-09 8.000000000e+00 -4.927143007e-12
8.753507014e+04 4.903988853e+00 1.225057666e+01 -1.412919289e-09 8.000000000e+00 -4.739094338e-12
8.777555110e+04 4.904001151e+00 1.227370569e+01 -1.362191435e-09 8.000000000e+00 -4.531471396e-12
8.801603206e+04 4.904013440e+00 1.229681860e+01 -1.308139315e-09 8.000000000e+00 -4.319147218e-12
8.825651303e+04 4.904025719e+00 1.231991540e+01 -1.249405170e-09 8.000000000e+00 -4.093093969e-12
8.849699399e+04 4.904037988e+00 1.234299612e+01 -1.186683901e-09 8.000000000e+00 -3.856592330e-12
8.873747495e+04 4.904050248e+00 1.236606077e+01 -1.120709753e-09 8.000000000e+00 -3.613090562e-12
8.897795591e+04 4.904062498e+00 1.238910936e+01 -1.052256314e-09 8.000000000e+00 -3.366204499e-12
8.921843687e+04 4.904074738e+00 1.241214192e+01 -9.821365140e-10 8.000000000e+00 -3.119717556e-12
8.945891784e+04 4.904086968e+00 1.243515845e+01 -9.112026276e-10 8.000000000e+00 -2.877580723e-12
8.969939880e+04 4.904099189e+00 1.245815898e+01 -8.403462710e-10 8.000000000e+00 -2.643912566e-12
8.993987976e+04 4.904111400e+00 1.248114351e+01 -7.704984038e-10 8.000000000e+00 -2.422999230e-12
9.018036072e+04 4.904123602e+00 1.250411208e+01 -7.026293285e-10 8.000000000e+00 -2.219294435e-12
9.042084168e+04 4.904135793e+00 1.252706469e+01 -6.352692484e-10 8.000000000e+00 -2.018313944e-12
9.066132265e+04 4.904147975e+00 1.255000136e+01 -5.652194923e-10 8.000000000e+00 -1.792115963e-12
9.090180361e+04 4.904160148e+00 1.257292211e+01 -4.974308213e-10 8.000000000e+00 -1.575419195e-12
9.114228457e+04 4.904172311e+00 1.259582695e+01 -4.326374379e-10 8.000000000e+00 -1.370315739e-12
9.138276553e+04 4.904184464e+00 1.261871590e+01 -3.715913617e-10 8.000000000e+00 -1.178899402e-12
9.162324649e+04 4.904196608e+00 1.264158898e+01 -3.150624294e-10 8.000000000e+00 -1.003265702e-12
9.186372745e+04 4.904208742e+00 1.266444620e+01 -2.638382947e-10 8.000000000e+00 -8.455118612e-13
9.210420842e+04 4.904220866e+00 1.268728758e+01 -2.187244288e-10 8.000000000e+00 -7.077368128e-13
9.234468938e+04 4.904232981e+00 1.271011313e+01 -1.805441198e-10 8.000000000e+00 -5.920411970e-13
9.258517034e+04 4.904245087e+00 1.273292287e+01 -1.501384732e-10 8.000000000e+00 -5.005273626e-13
9.282565130e+04 4.904257183e+00 1.275571682e+01 -1.283664113e-10 8.000000000e+00 -4.352993666e-13
9.306613226e+04 4.904269269e+00 1.277849500e+01 -1.080973515e-10 8.000000000e+00 -3.776733021e-13
9.330661323e+04 4.904281346e+00 1.280125741e+01 -7.919782394e-11 8.000000000e+00 -3.011242185e-13
9.354709419e+04 4.904293413e+00 1.282400409e+01 -5.324633334e-11 8.000000000e+00 -2.354541190e-13
9.378757515e+04 4.904305471e+00 1.284673503e+01 -3.002665069e-11 8.000000000e+00 -1.797974055e-13
9.402805611e+04 4.904317519e+00 1.286945026e+01 -9.277764771e-12 8.000000000e+00 -1.331276591e-13
9.426853707e+04 4.904329558e+00 1.289214980e+01 9.306117934e-12 8.000000000e+00 -9.425763992e-14
9.450901804e+04 4.904341588e+00 1.291483366e+01 2.607557320e-11 8.000000000e+00 -6.183928764e-14
9.474949900e+04 4.904353608e+00 1.293750185e+01 4.142595908e-11 8.000000000e+00 -3.436372104e-14
9.498997996e+04 4.904365618e+00 1.296015440e+01 5.579741589e-11 8.000000000e+00 -1.016123817e-14
9.523046092e+04 4.904377619e+00 1.298279131e+01 6.967486621e-11 8.000000000e+00 1.259868368e-14
9.547094188e+04 4.904389611e+00 1.300541261e+01 8.358801492e-11 8.000000000e+00 3.590738795e-14
9.571142285e+04 4.904401593e+00 1.302801831e+01 9.365423937e-11 8.000000000e+00 4.899888827e-14
9.595190381e+04 4.904413566e+00 1.305060843e+01 9.559340095e-11 8.000000000e+00 3.998609508e-14
9.619238477e+04 4.904425530e+00 1.307318298e+01 9.517383420e-11 8.000000000e+00 2.613668236e-14
9.643286573e+04 4.904437484e+00 1.309574198e+01 9.252347496e-11 8.000000000e+00 8.401645344e-15
9.667334669e+04 4.904449429e+00 1.311828544e+01 8.778338148e-11 8.000000000e+00 -1.219896056e-14
9.691382766e+04 4.904461364e+00 1.314081338e+01 8.110773439e-11 8.000000000e+00 -3.457601981e-14
9.715430862e+04 4.904473290e+00 1.316332582e+01 7.266383671e-11 8.000000000e+00 -5.757135672e-14
9.739478958e+04 4.904485207e+00 1.318582277e+01 6.263211386e-11 8.000000000e+00 -7.995773547e-14
9.763527054e+04 4.904497115e+00 1.320830425e+01 5.120611365e-11 8.000000000e+00 -1.004388601e-13
9.787575150e+04 4.904509013e+00 1.323077027e+01 3.859250627e-11 8.000000000e+00 -1.176493744e-13
9.811623246e+04 4.904520902e+00 1.325322085e+01 2.501108432e-11 8.000000000e+00 -1.301548623e-13
9.835671343e+04 4.904532781e+00 1.327565600e+01 1.074048265e-11 8.000000000e+00 -1.509425265e-13
9.859719439e+04 4.904544652e+00 1.329807575e+01 -3.939999286e-12 8.000000000e+00 -1.889820716e-13
9.883767535e+04 4.904556513e+00 1.332048010e+01 -1.882064644e-11 8.000000000e+00 -2.269606586e-13
9.907815631e+04 4.904568364e+00 1.334286907e+01 -3.362605908e-11 8.000000000e+00 -2.641557261e-13
9.931863727e+04 4.904580207e+00 1.336524269e+01 -4.806758312e-11 8.000000000e+00 -2.998174891e-13
9.955911824e+04 4.904592040e+00 1.338760095e+01 -6.184331005e-11 8.000000000e+00 -3.331689394e-13
9.979959920e+04 4.904603864e+00 1.340994389e+01 -7.463807697e-11 8.000000000e+00 -3.634058450e-13
1.000400802e+05 4.904615679e+00 1.343227151e+01 -8.612346662e-11 8.000000000e+00 -3.896967509e-13
1.002805611e+05 4.904627485e+00 1.345458383e+01 -9.595780732e-11 8.000000000e+00 -4.111829783e-13
1.005210421e+05 4.904639282e+00 1.347688086e+01 -1.037861730e-10 8.000000000e+00 -4.269786251e-13
1.007615230e+05 4.904651069e+00 1.349916263e+01 -1.092403832e-10 8.000000000e+00 -4.361705658e-13
1.010020040e+05 4.904662847e+00 1.352142914e+01 -1.119390031e-10 8.000000000e+00 -4.378184515e-13
1.012424850e+05 4.904674616e+00 1.354368042e+01 -1.114873435e-10 8.000000000e+00 -4.309547098e-13
1.014829659e+05 4.904686376e+00 1.356591647e+01 -1.074774606e-10 8.000000000e+00 -4.145845448e-13
1.017234469e+05 4.904698127e+00 1.358813732e+01 -9.948815660e-11 8.000000000e+00 -3.876859373e-13
1.019639279e+05 4.904709868e+00 1.361034297e+01 -1.029131257e-10 8.000000000e+00 -3.896805282e-13
1.022044088e+05 4.904721601e+00 1.363253345e+01 -1.058302143e-10 8.000000000e+00 -3.901529142e-13
1.024448898e+05 4.904733324e+00 1.365470877e+01 -1.079121716e-10 8.000000000e+00 -3.883412890e-13
1.026853707e+05 4.904745038e+00 1.367686894e+01 -1.091432456e-10 8.000000000e+00 -3.842869821e-13
1.029258517e+05 4.904756744e+00 1.369901398e+01 -1.095134043e-10 8.000000000e+00 -3.780526153e-13
1.031663327e+05 4.904768440e+00 1.372114391e+01 -1.090183358e-10 8.000000000e+00 -3.697221021e-13
1.034068136e+05 4.904780127e+00 1.374325874e+01 -1.076594482e-10 8.000000000e+00 -3.594006487e-13
1.036472946e+05 4.904791805e+00 1.376535848e+01 -1.054438696e-10 8.000000000e+00 -3.472147529e-13
1.038877756e+05 4.904803474e+00 1.378744315e+01 -1.023844481e-10 8.000000000e+00 -3.333122052e-13
1.041282565e+05 4.904815134e+00 1.380951278e+01 -9.849975199e-11 8.000000000e+00 -3.178620878e-13
1.043687375e+05 4.904826785e+00 1.383156736e+01 -9.381406944e-11 8.000000000e+00 -3.010547753e-13
1.046092184e+05 4.904838427e+00 1.385360691e+01 -8.835740875e-11 8.000000000e+00 -2.831019343e-13
1.048496994e+05 4.904850060e+00 1.387563146e+01 -8.216549821e-11 8.000000000e+00 -2.642365238e-13
1.050901804e+05 4.904861683e+00 1.389764102e+01 -7.527978616e-11 8.000000000e+00 -2.447127948e-13
1.053306613e+05 4.904873298e+00 1.391963560e+01 -6.833539678e-11 8.000000000e+00 -2.236456069e-13
1.055711423e+05 4.904884904e+00 1.394161522e+01 -6.155317632e-11 8.000000000e+00 -2.010002300e-13
1.058116232e+05 4.904896501e+00 1.396357989e+01 -5.455075339e-11 8.000000000e+00 -1.779653298e-13
1.060521042e+05 4.904908090e+00 1.398552962e+01 -4.742551830e-11 8.000000000e+00 -1.548150584e-13
1.062925852e+05 4.904919669e+00 1.400746444e+01 -4.028197603e-11 8.000000000e+00 -1.318421072e-13
1.065330661e+05 4.904931239e+00 1.402938436e+01 -3.323174623e-11 8.000000000e+00 -1.093577065e-13
1.067735471e+05 4.904942800e+00 1.405128939e+01 -2.639356321e-11 8.000000000e+00 -8.769162544e-14
1.070140281e+05 4.904954353e+00 1.407317954e+01 -1.989327597e-11 8.000000000e+00 -6.719217245e-14
1.072545090e+05 4.904965896e+00 1.409505484e+01 -1.386384816e-11 8.000000000e+00 -4.822619481e-14
1.074949900e+05 4.904977431e+00 1.411691530e+01 -8.445358107e-12 8.000000000e+00 -3.117907883e-14
1.077354709e+05 4.904988956e+00 1.413876093e+01 -3.784998808e-12 8.000000000e+00 -1.645474983e-14
1.079759519e+05 4.905000473e+00 1.416059175e+01 -3.707792620e-14 8.000000000e+00 -4.475672146e-15
1.082164329e+05 4.905011981e+00 1.418240776e+01 2.636982202e-12 8.000000000e+00 4.317150889e-15
1.084569138e+05 4.905023481e+00 1.420420900e+01 4.068644574e-12 8.000000000e+00 9.464176924e-15
1.086973948e+05 4.905034971e+00 1.422599547e+01 4.445497579e-12 8.000000000e+00 1.148252712e-14
1.089378758e+05 4.905046452e+00 1.424776718e+01 9.023840112e-12 8.000000000e+00 2.477749303e-14
1.091783567e+05 4.905057925e+00 1.426952416e+01 1.334062967e-11 8.000000000e+00 3.712633807e-14
1.094188377e+05 4.905069389e+00 1.429126641e+01 1.736397065e-11 8.000000000e+00 4.844770391e-14
1.096593186e+05 4.905080844e+00 1.431299395e+01 2.106195366e-11 8.000000000e+00 5.866114808e-14
1.098997996e+05 4.905092290e+00 1.433470680e+01 2.440265547e-11 8.000000000e+00 6.768714395e-14
1.101402806e+05 4.905103728e+00 1.435640497e+01 2.735413903e-11 8.000000000e+00 7.544708074e-14
1.103807615e+05 4.905115157e+00 1.437808847e+01 2.988445349e-11 8.000000000e+00 8.186326356e-14
1.106212425e+05 4.905126577e+00 1.439975733e+01 3.196163417e-11 8.000000000e+00 8.685891334e-14
1.108617234e+05 4.905137988e+00 1.442141155e+01 3.355370257e-11 8.000000000e+00 9.035816688e-14
1.111022044e+05 4.905149391e+00 1.444305114e+01 3.462866638e-11 8.000000000e+00 9.228607684e-14
1.113426854e+05 4.905160785e+00 1.446467614e+01 3.515451948e-11 8.000000000e+00 9.256861174e-14
1.115831663e+05 4.905172170e+00 1.448628654e+01 3.509924192e-11 8.000000000e+00 9.113265593e-14
1.118236473e+05 4.905183546e+00 1.450788236e+01 3.443079994e-11 8.000000000e+00 8.790600965e-14
1.120641283e+05 4.905194914e+00 1.452946362e+01 3.311714596e-11 8.000000000e+00 8.281738898e-14
1.123046092e+05 4.905206273e+00 1.455103033e+01 3.225348153e-11 8.000000000e+00 7.896982649e-14
1.125450902e+05 4.905217623e+00 1.457258251e+01 3.177577488e-11 8.000000000e+00 7.620390781e-14
1.127855711e+05 4.905228965e+00 1.459412018e+01 3.107203701e-11 8.000000000e+00 7.281859826e-14
1.130260521e+05 4.905240298e+00 1.461564333e+01 3.016398395e-11 8.000000000e+00 6.889778492e-14
1.132665331e+05 4.905251622e+00 1.463715200e+01 2.907557969e-11 8.000000000e+00 6.453263791e-14
1.135070140e+05 4.905262938e+00 1.465864619e+01 2.783303618e-11 8.000000000e+00 5.982161043e-14
1.137474950e+05 4.905274245e+00 1.468012593e+01 2.646481331e-11 8.000000000e+00 5.487043869e-14
1.139879760e+05 4.905285544e+00 1.470159121e+01 2.500161892e-11 8.000000000e+00 4.979214199e-14
1.142284569e+05 4.905296834e+00 1.472304207e+01 2.347640881e-11 8.000000000e+00 4.470702266e-14
1.144689379e+05 4.905308115e+00 1.474447850e+01 2.192438674e-11 8.000000000e+00 3.974266610e-14
1.147094188e+05 4.905319388e+00 1.476590053e+01 2.038300443e-11 8.000000000e+00 3.503394075e-14
1.149498998e+05 4.905330652e+00 1.478730818e+01 1.889196152e-11 8.000000000e+00 3.072299809e-14
1.151903808e+05 4.905341907e+00 1.480870145e+01 1.749320563e-11 8.000000000e+00 2.695927268e-14
1.154308617e+05 4.905353154e+00 1.483008035e+01 1.623093233e-11 8.000000000e+00 2.389948211e-14
1.156713427e+05 4.905364393e+00 1.485144492e+01 1.469102453e-11 8.000000000e+00 1.993731566e-14
1.159118236e+05 4.905375623e+00 1.487279515e+01 1.064546261e-11 8.000000000e+00 6.492792963e-15
1.161523046e+05 4.905386844e+00 1.489413106e+01 6.448296052e-12 8.000000000e+00 -7.402782291e-15
1.163927856e+05 4.905398057e+00 1.491545268e+01 2.126677472e-12 8.000000000e+00 -2.166363328e-14
1.166332665e+05 4.905409262e+00 1.493676000e+01 -2.290621294e-12 8.000000000e+00 -3.619911678e-14
1.168737475e+05 4.905420458e+00 1.495805305e+01 -6.773209160e-12 8.000000000e+00 -5.091372314e-14
1.171142285e+05 4.905431645e+00 1.497933183e+01 -1.128907579e-11 8.000000000e+00 -6.570707633e-14
1.173547094e+05 4.905442824e+00 1.500059637e+01 -1.580459163e-11 8.000000000e+00 -8.047393388e-14
1.175951904e+05 4.905453994e+00 1.502184668e+01 -2.028450783e-11 8.000000000e+00 -9.510418693e-14
1.178356713e+05 4.905465156e+00 1.504308277e+01 -2.469195635e-11 8.000000000e+00 -1.094828602e-13
1.180761523e+05 4.905476310e+00 1.506430466e+01 -2.898844988e-11 8.000000000e+00 -1.234901121e-13
1.183166333e+05 4.905487455e+00 1.508551235e+01 -3.313388187e-11 8.000000000e+00 -1.370012344e-13
1.185571142e+05 4.905498592e+00 1.510670587e+01 -3.708652652e-11 8.000000000e+00 -1.498866527e-13
1.187975952e+05 4.905509720e+00 1.512788523e+01 -4.080303879e-11 8.000000000e+00 -1.620119261e-13
1.190380762e+05 4.905520840e+00 1.514905044e+01 -4.423845440e-11 8.000000000e+00 -1.732377472e-13
1.192785571e+05 4.905531951e+00 1.517020152e+01 -4.734618983e-11 8.000000000e+00 -1.834199424e-13
1.195190381e+05 4.905543054e+00 1.519133847e+01 -5.007804229e-11 8.000000000e+00 -1.924094715e-13
1.197595190e+05 4.905554149e+00 1.521246132e+01 -5.238418978e-11 8.000000000e+00 -2.000524280e-13
1.200000000e+05 4.905565235e+00 1.523357008e+01 -5.421319103e-11 8.000000000e+00 -2.061900390e-13
