time            Cj              Br              O1              O2             
0.000000000e+00 4.000000000e+00 4.000000000e+00 4.000000000e+00 4.000000000e+00
1.002004008e+01 3.644364002e+00 3.970217500e+00 4.004809617e+00 3.995190383e+00
2.004008016e+01 3.670813803e+00 3.940061544e+00 4.009619220e+00 3.990380780e+00
3.006012024e+01 3.698220268e+00 3.909916619e+00 4.014428795e+00 3.985571205e+00
4.008016032e+01 3.725660415e+00 3.879783595e+00 4.019238329e+00 3.980761671e+00
5.010020040e+01 3.753091387e+00 3.849665780e+00 4.024047806e+00 3.975952194e+00
6.012024048e+01 3.780508399e+00 3.819566575e+00 4.028857215e+00 3.971142785e+00
7.014028056e+01 3.807908286e+00 3.789489379e+00 4.033666540e+00 3.966333460e+00
8.016032064e+01 3.835287929e+00 3.759437580e+00 4.038475767e+00 3.961524233e+00
9.018036072e+01 3.862644254e+00 3.729414554e+00 4.043284883e+00 3.956715117e+00
1.002004008e+02 3.889974193e+00 3.699423659e+00 4.048093875e+00 3.951906125e+00
1.102204409e+02 3.917274684e+00 3.669468245e+00 4.052902727e+00 3.947097273e+00
1.202404810e+02 3.944542680e+00 3.639551645e+00 4.057711426e+00 3.942288574e+00
1.302605210e+02 3.971775151e+00 3.609677169e+00 4.062519958e+00 3.937480042e+00
1.402805611e+02 3.998969083e+00 3.579848115e+00 4.067328310e+00 3.932671690e+00
1.503006012e+02 4.026121474e+00 3.550067759e+00 4.072136467e+00 3.927863533e+00
1.603206413e+02 4.053229347e+00 3.520339354e+00 4.076944415e+00 3.923055585e+00
1.703406814e+02 4.080289741e+00 3.490666128e+00 4.081752141e+00 3.918247859e+00
1.803607214e+02 4.107299727e+00 3.461051277e+00 4.086559631e+00 3.913440369e+00
1.903807615e+02 4.134256394e+00 3.431497978e+00 4.091366871e+00 3.908633129e+00
2.004008016e+02 4.161156853e+00 3.402009376e+00 4.096173846e+00 3.903826154e+00
2.104208417e+02 4.187998242e+00 3.372588590e+00 4.100980544e+00 3.899019456e+00
2.204408818e+02 4.214777723e+00 3.343238710e+00 4.105786949e+00 3.894213051e+00
2.304609218e+02 4.241492487e+00 3.313962793e+00 4.110593049e+00 3.889406951e+00
2.404809619e+02 4.268139753e+00 3.284763865e+00 4.115398830e+00 3.884601170e+00
2.505010020e+02 4.294716766e+00 3.255644920e+00 4.120204277e+00 3.879795723e+00
2.605210421e+02 4.321220810e+00 3.226608911e+00 4.125009377e+00 3.874990623e+00
2.705410822e+02 4.347649191e+00 3.197658764e+00 4.129814116e+00 3.870185884e+00
2.805611222e+02 4.373999257e+00 3.168797357e+00 4.134618480e+00 3.865381520e+00
2.905811623e+02 4.400268382e+00 3.140027542e+00 4.139422455e+00 3.860577545e+00
3.006012024e+02 4.426453984e+00 3.111352118e+00 4.144226027e+00 3.855773973e+00
3.106212425e+02 4.452553506e+00 3.082773857e+00 4.149029183e+00 3.850970817e+00
3.206412826e+02 4.478564437e+00 3.054295479e+00 4.153831908e+00 3.846168092e+00
3.306613226e+02 4.504484298e+00 3.025919669e+00 4.158634190e+00 3.841365810e+00
3.406813627e+02 4.530310649e+00 2.997649068e+00 4.163436013e+00 3.836563987e+00
3.507014028e+02 4.556041091e+00 2.969486270e+00 4.168237365e+00 3.831762635e+00
3.607214429e+02 4.581673261e+00 2.941433831e+00 4.173038231e+00 3.826961769e+00
3.707414830e+02 4.607204839e+00 2.913494256e+00 4.177838597e+00 3.822161403e+00
3.807615230e+02 4.632633548e+00 2.885670006e+00 4.182638451e+00 3.817361549e+00
3.907815631e+02 4.657957150e+00 2.857963494e+00 4.187437777e+00 3.812562223e+00
4.008016032e+02 4.683173450e+00 2.830377089e+00 4.192236562e+00 3.807763438e+00
4.108216433e+02 4.708280299e+00 2.802913105e+00 4.197034793e+00 3.802965207e+00
4.208416834e+02 4.733275591e+00 2.775573813e+00 4.201832456e+00 3.798167544e+00
4.308617234e+02 4.758157260e+00 2.748361435e+00 4.206629536e+00 3.793370464e+00
4.408817635e+02 4.782923290e+00 2.721278141e+00 4.211426021e+00 3.788573979e+00
4.509018036e+02 4.807571705e+00 2.694326054e+00 4.216221896e+00 3.783778104e+00
4.609218437e+02 4.832100578e+00 2.667507245e+00 4.221017148e+00 3.778982852e+00
4.709418838e+02 4.856508026e+00 2.640823735e+00 4.225811762e+00 3.774188238e+00
4.809619238e+02 4.880792213e+00 2.614277493e+00 4.230605726e+00 3.769394274e+00
4.909819639e+02 4.904951347e+00 2.587870438e+00 4.235399025e+00 3.764600975e+00
5.010020040e+02 4.928983685e+00 2.561604438e+00 4.240191645e+00 3.759808355e+00
5.110220441e+02 4.952887531e+00 2.535481309e+00 4.244983574e+00 3.755016426e+00
5.210420842e+02 4.976661236e+00 2.509502811e+00 4.249774797e+00 3.750225203e+00
5.310621242e+02 5.000303201e+00 2.483670654e+00 4.254565300e+00 3.745434700e+00
5.410821643e+02 5.023811872e+00 2.457986493e+00 4.259355071e+00 3.740644929e+00
5.511022044e+02 5.047185742e+00 2.432451936e+00 4.264144094e+00 3.735855906e+00
5.611222445e+02 5.070423351e+00 2.407068539e+00 4.268932358e+00 3.731067642e+00
5.711422846e+02 5.093523292e+00 2.381837798e+00 4.273719847e+00 3.726280153e+00
5.811623246e+02 5.116484205e+00 2.356761157e+00 4.278506548e+00 3.721493452e+00
5.911823647e+02 5.139304771e+00 2.331840015e+00 4.283292448e+00 3.716707552e+00
6.012024048e+02 5.161983722e+00 2.307075716e+00 4.288077533e+00 3.711922467e+00
6.112224449e+02 5.184519842e+00 2.282469549e+00 4.292861789e+00 3.707138211e+00
6.212424850e+02 5.206911960e+00 2.258022748e+00 4.297645202e+00 3.702354798e+00
6.312625251e+02 5.229158950e+00 2.233736504e+00 4.302427760e+00 3.697572240e+00
6.412825651e+02 5.251259733e+00 2.209611953e+00 4.307209449e+00 3.692790551e+00
6.513026052e+02 5.273213282e+00 2.185650174e+00 4.311990254e+00 3.688009746e+00
6.613226453e+02 5.295018613e+00 2.161852199e+00 4.316770163e+00 3.683229837e+00
6.713426854e+02 5.316674788e+00 2.138219011e+00 4.321549162e+00 3.678450838e+00
6.813627255e+02 5.338180916e+00 2.114751540e+00 4.326327236e+00 3.673672764e+00
6.913827655e+02 5.359536155e+00 2.091450665e+00 4.331104374e+00 3.668895626e+00
7.014028056e+02 5.380739708e+00 2.068317213e+00 4.335880561e+00 3.664119439e+00
7.114228457e+02 5.401790819e+00 2.045351969e+00 4.340655783e+00 3.659344217e+00
7.214428858e+02 5.422688782e+00 2.022555663e+00 4.345430027e+00 3.654569973e+00
7.314629259e+02 5.443432935e+00 1.999928975e+00 4.350203280e+00 3.649796720e+00
7.414829659e+02 5.464022663e+00 1.977472538e+00 4.354975528e+00 3.645024472e+00
7.515030060e+02 5.484457385e+00 1.955186943e+00 4.359746758e+00 3.640253242e+00
7.615230461e+02 5.504736573e+00 1.933072727e+00 4.364516956e+00 3.635483044e+00
7.715430862e+02 5.524859739e+00 1.911130380e+00 4.369286109e+00 3.630713891e+00
7.815631263e+02 5.544826441e+00 1.889360347e+00 4.374054203e+00 3.625945797e+00
7.915831663e+02 5.564636266e+00 1.867763033e+00 4.378821225e+00 3.621178775e+00
8.016032064e+02 5.584288856e+00 1.846338790e+00 4.383587161e+00 3.616412839e+00
8.116232465e+02 5.603783889e+00 1.825087930e+00 4.388351998e+00 3.611648002e+00
8.216432866e+02 5.623121083e+00 1.804010716e+00 4.393115723e+00 3.606884277e+00
8.316633267e+02 5.642300197e+00 1.783107377e+00 4.397878322e+00 3.602121678e+00
8.416833667e+02 5.661321030e+00 1.762378092e+00 4.402639782e+00 3.597360218e+00
8.517034068e+02 5.680183419e+00 1.741822999e+00 4.407400090e+00 3.592599910e+00
8.617234469e+02 5.698887241e+00 1.721442194e+00 4.412159232e+00 3.587840768e+00
8.717434870e+02 5.717432411e+00 1.701235737e+00 4.416917195e+00 3.583082805e+00
8.817635271e+02 5.735818883e+00 1.681203642e+00 4.421673965e+00 3.578326035e+00
8.917835671e+02 5.754046647e+00 1.661345888e+00 4.426429530e+00 3.573570470e+00
9.018036072e+02 5.772115727e+00 1.641662412e+00 4.431183875e+00 3.568816125e+00
9.118236473e+02 5.790026171e+00 1.622153117e+00 4.435936988e+00 3.564063012e+00
9.218436874e+02 5.807778076e+00 1.602817864e+00 4.440688856e+00 3.559311144e+00
9.318637275e+02 5.825371570e+00 1.583656480e+00 4.445439465e+00 3.554560535e+00
9.418837675e+02 5.842806809e+00 1.564668756e+00 4.450188802e+00 3.549811198e+00
9.519038076e+02 5.860083973e+00 1.545854450e+00 4.454936853e+00 3.545063147e+00
9.619238477e+02 5.877203282e+00 1.527213284e+00 4.459683607e+00 3.540316393e+00
9.719438878e+02 5.894164984e+00 1.508744946e+00 4.464429048e+00 3.535570952e+00
9.819639279e+02 5.910969357e+00 1.490449091e+00 4.469173165e+00 3.530826835e+00
9.919839679e+02 5.927616766e+00 1.472325342e+00 4.473915943e+00 3.526084057e+00
1.002004008e+03 5.944107545e+00 1.454373292e+00 4.478657371e+00 3.521342629e+00
1.012024048e+03 5.960442054e+00 1.436592502e+00 4.483397434e+00 3.516602566e+00
1.022044088e+03 5.976620689e+00 1.418982501e+00 4.488136120e+00 3.511863880e+00
1.032064128e+03 5.992643886e+00 1.401542794e+00 4.492873416e+00 3.507126584e+00
1.042084168e+03 6.008512096e+00 1.384272852e+00 4.497609308e+00 3.502390692e+00
1.052104208e+03 6.024225796e+00 1.367172123e+00 4.502343783e+00 3.497656217e+00
1.062124248e+03 6.039785492e+00 1.350240025e+00 4.507076829e+00 3.492923171e+00
1.072144289e+03 6.055191718e+00 1.333475951e+00 4.511808432e+00 3.488191568e+00
1.082164329e+03 6.070445025e+00 1.316879269e+00 4.516538579e+00 3.483461421e+00
1.092184369e+03 6.085545991e+00 1.300449320e+00 4.521267258e+00 3.478732742e+00
1.102204409e+03 6.100495215e+00 1.284185423e+00 4.525994455e+00 3.474005545e+00
1.112224449e+03 6.115293317e+00 1.268086874e+00 4.530720157e+00 3.469279843e+00
1.122244489e+03 6.129940942e+00 1.252152945e+00 4.535444352e+00 3.464555648e+00
1.132264529e+03 6.144438751e+00 1.236382886e+00 4.540167026e+00 3.459832974e+00
1.142284569e+03 6.158787426e+00 1.220775929e+00 4.544888167e+00 3.455111833e+00
1.152304609e+03 6.172987671e+00 1.205331281e+00 4.549607762e+00 3.450392238e+00
1.162324649e+03 6.187040208e+00 1.190048131e+00 4.554325797e+00 3.445674203e+00
1.172344689e+03 6.200945771e+00 1.174925653e+00 4.559042260e+00 3.440957740e+00
1.182364729e+03 6.214705122e+00 1.159962992e+00 4.563757139e+00 3.436242861e+00
1.192384770e+03 6.228319029e+00 1.145159288e+00 4.568470419e+00 3.431529581e+00
1.202404810e+03 6.241788285e+00 1.130513653e+00 4.573182089e+00 3.426817911e+00
1.212424850e+03 6.255113694e+00 1.116025188e+00 4.577892136e+00 3.422107864e+00
1.222444890e+03 6.268296073e+00 1.101692982e+00 4.582600546e+00 3.417399454e+00
1.232464930e+03 6.281336261e+00 1.087516096e+00 4.587307308e+00 3.412692692e+00
1.242484970e+03 6.294235098e+00 1.073493595e+00 4.592012408e+00 3.407987592e+00
1.252505010e+03 6.306993450e+00 1.059624513e+00 4.596715833e+00 3.403284167e+00
1.262525050e+03 6.319612190e+00 1.045907879e+00 4.601417572e+00 3.398582428e+00
1.272545090e+03 6.332092200e+00 1.032342713e+00 4.606117611e+00 3.393882389e+00
1.282565130e+03 6.344434382e+00 1.018928012e+00 4.610815937e+00 3.389184063e+00
1.292585170e+03 6.356639643e+00 1.005662767e+00 4.615512539e+00 3.384487461e+00
1.302605210e+03 6.368708901e+00 9.925459596e-01 4.620207403e+00 3.379792597e+00
1.312625251e+03 6.380643084e+00 9.795765608e-01 4.624900516e+00 3.375099484e+00
1.322645291e+03 6.392443129e+00 9.667535330e-01 4.629591867e+00 3.370408133e+00
1.332665331e+03 6.404109985e+00 9.540758224e-01 4.634281442e+00 3.365718558e+00
1.342685371e+03 6.415644604e+00 9.415423762e-01 4.638969230e+00 3.361030770e+00
1.352705411e+03 6.427047946e+00 9.291521321e-01 4.643655217e+00 3.356344783e+00
1.362725451e+03 6.438320983e+00 9.169040141e-01 4.648339391e+00 3.351660609e+00
1.372745491e+03 6.449464692e+00 9.047969423e-01 4.653021739e+00 3.346978261e+00
1.382765531e+03 6.460480054e+00 8.928298326e-01 4.657702250e+00 3.342297750e+00
1.392785571e+03 6.471368058e+00 8.810015922e-01 4.662380910e+00 3.337619090e+00
1.402805611e+03 6.482129701e+00 8.693111209e-01 4.667057707e+00 3.332942293e+00
1.412825651e+03 6.492765983e+00 8.577573159e-01 4.671732630e+00 3.328267370e+00
1.422845691e+03 6.503277907e+00 8.463390684e-01 4.676405664e+00 3.323594336e+00
1.432865731e+03 6.513666483e+00 8.350552660e-01 4.681076799e+00 3.318923201e+00
1.442885772e+03 6.523932725e+00 8.239047917e-01 4.685746022e+00 3.314253978e+00
1.452905812e+03 6.534077650e+00 8.128865251e-01 4.690413320e+00 3.309586680e+00
1.462925852e+03 6.544102276e+00 8.019993440e-01 4.695078681e+00 3.304921319e+00
1.472945892e+03 6.554007625e+00 7.912421228e-01 4.699742092e+00 3.300257908e+00
1.482965932e+03 6.563794721e+00 7.806137341e-01 4.704403543e+00 3.295596457e+00
1.492985972e+03 6.573464591e+00 7.701130492e-01 4.709063020e+00 3.290936980e+00
1.503006012e+03 6.583018264e+00 7.597389364e-01 4.713720511e+00 3.286279489e+00
1.513026052e+03 6.592456768e+00 7.494902641e-01 4.718376003e+00 3.281623997e+00
1.523046092e+03 6.601781132e+00 7.393659015e-01 4.723029486e+00 3.276970514e+00
1.533066132e+03 6.610992385e+00 7.293647170e-01 4.727680946e+00 3.272319054e+00
1.543086172e+03 6.620091560e+00 7.194855773e-01 4.732330372e+00 3.267669628e+00
1.553106212e+03 6.629079689e+00 7.097273489e-01 4.736977751e+00 3.263022249e+00
1.563126253e+03 6.637957800e+00 7.000889024e-01 4.741623072e+00 3.258376928e+00
1.573146293e+03 6.646726923e+00 6.905691085e-01 4.746266321e+00 3.253733679e+00
1.583166333e+03 6.655388085e+00 6.811668383e-01 4.750907488e+00 3.249092512e+00
1.593186373e+03 6.663942317e+00 6.718809619e-01 4.755546561e+00 3.244453439e+00
1.603206413e+03 6.672390642e+00 6.627103558e-01 4.760183526e+00 3.239816474e+00
1.613226453e+03 6.680734084e+00 6.536538973e-01 4.764818373e+00 3.235181627e+00
1.623246493e+03 6.688973666e+00 6.447104661e-01 4.769451089e+00 3.230548911e+00
1.633266533e+03 6.697110409e+00 6.358789421e-01 4.774081663e+00 3.225918337e+00
1.643286573e+03 6.705145330e+00 6.271582115e-01 4.778710082e+00 3.221289918e+00
1.653306613e+03 6.713079443e+00 6.185471629e-01 4.783336334e+00 3.216663666e+00
1.663326653e+03 6.720913760e+00 6.100446884e-01 4.787960409e+00 3.212039591e+00
1.673346693e+03 6.728649290e+00 6.016496819e-01 4.792582293e+00 3.207417707e+00
1.683366733e+03 6.736287039e+00 5.933610433e-01 4.797201976e+00 3.202798024e+00
1.693386774e+03 6.743828007e+00 5.851776767e-01 4.801819445e+00 3.198180555e+00
1.703406814e+03 6.751273192e+00 5.770984904e-01 4.806434689e+00 3.193565311e+00
1.713426854e+03 6.758623589e+00 5.691223956e-01 4.811047696e+00 3.188952304e+00
1.723446894e+03 6.765880187e+00 5.612483093e-01 4.815658454e+00 3.184341546e+00
1.733466934e+03 6.773043972e+00 5.534751544e-01 4.820266951e+00 3.179733049e+00
1.743486974e+03 6.780115924e+00 5.458018586e-01 4.824873176e+00 3.175126824e+00
1.753507014e+03 6.787097020e+00 5.382273537e-01 4.829477118e+00 3.170522882e+00
1.763527054e+03 6.793988232e+00 5.307505765e-01 4.834078764e+00 3.165921236e+00
1.773547094e+03 6.800790525e+00 5.233704715e-01 4.838678104e+00 3.161321896e+00
1.783567134e+03 6.807504862e+00 5.160859882e-01 4.843275125e+00 3.156724875e+00
1.793587174e+03 6.814132198e+00 5.088960818e-01 4.847869816e+00 3.152130184e+00
1.803607214e+03 6.820673485e+00 5.017997116e-01 4.852462165e+00 3.147537835e+00
1.813627255e+03 6.827129668e+00 4.947958458e-01 4.857052161e+00 3.142947839e+00
1.823647295e+03 6.833501687e+00 4.878834582e-01 4.861639793e+00 3.138360207e+00
1.833667335e+03 6.839790476e+00 4.810615291e-01 4.866225049e+00 3.133774951e+00
1.843687375e+03 6.845996964e+00 4.743290427e-01 4.870807918e+00 3.129192082e+00
1.853707415e+03 6.852122073e+00 4.676849931e-01 4.875388389e+00 3.124611611e+00
1.863727455e+03 6.858166719e+00 4.611283800e-01 4.879966449e+00 3.120033551e+00
1.873747495e+03 6.864131812e+00 4.546582102e-01 4.884542088e+00 3.115457912e+00
1.883767535e+03 6.870018258e+00 4.482734959e-01 4.889115294e+00 3.110884706e+00
1.893787575e+03 6.875826954e+00 4.419732573e-01 4.893686056e+00 3.106313944e+00
1.903807615e+03 6.881558792e+00 4.357565223e-01 4.898254363e+00 3.101745637e+00
1.913827655e+03 6.887214655e+00 4.296223256e-01 4.902820204e+00 3.097179796e+00
1.923847695e+03 6.892795424e+00 4.235697082e-01 4.907383567e+00 3.092616433e+00
1.933867735e+03 6.898301970e+00 4.175977185e-01 4.911944442e+00 3.088055558e+00
1.943887776e+03 6.903735159e+00 4.117054132e-01 4.916502817e+00 3.083497183e+00
1.953907816e+03 6.909095850e+00 4.058918563e-01 4.921058680e+00 3.078941320e+00
1.963927856e+03 6.914384893e+00 4.001561185e-01 4.925612022e+00 3.074387978e+00
1.973947896e+03 6.919603137e+00 3.944972774e-01 4.930162830e+00 3.069837170e+00
1.983967936e+03 6.924751418e+00 3.889144197e-01 4.934711095e+00 3.065288905e+00
1.993987976e+03 6.929830568e+00 3.834066391e-01 4.939256804e+00 3.060743196e+00
2.004008016e+03 6.934841412e+00 3.779730370e-01 4.943799947e+00 3.056200053e+00
2.014028056e+03 6.939784768e+00 3.726127208e-01 4.948340513e+00 3.051659487e+00
2.024048096e+03 6.944661447e+00 3.673248078e-01 4.952878490e+00 3.047121510e+00
2.034068136e+03 6.949472253e+00 3.621084223e-01 4.957413869e+00 3.042586131e+00
2.044088176e+03 6.954217982e+00 3.569626963e-01 4.961946638e+00 3.038053362e+00
2.054108216e+03 6.958899426e+00 3.518867682e-01 4.966476787e+00 3.033523213e+00
2.064128257e+03 6.963517367e+00 3.468797859e-01 4.971004304e+00 3.028995696e+00
2.074148297e+03 6.968072580e+00 3.419409044e-01 4.975529178e+00 3.024470822e+00
2.084168337e+03 6.972565835e+00 3.370692869e-01 4.980051400e+00 3.019948600e+00
2.094188377e+03 6.976997893e+00 3.322641031e-01 4.984570958e+00 3.015429042e+00
2.104208417e+03 6.981369510e+00 3.275245313e-01 4.989087841e+00 3.010912159e+00
2.114228457e+03 6.985681432e+00 3.228497578e-01 4.993602040e+00 3.006397960e+00
2.124248497e+03 6.989934401e+00 3.182389769e-01 4.998113542e+00 3.001886458e+00
2.134268537e+03 6.994129149e+00 3.136913902e-01 5.002622338e+00 2.997377662e+00
2.144288577e+03 6.998266404e+00 3.092062058e-01 5.007128417e+00 2.992871583e+00
2.154308617e+03 7.002346885e+00 3.047826415e-01 5.011631769e+00 2.988368231e+00
2.164328657e+03 7.006371304e+00 3.004199224e-01 5.016132382e+00 2.983867618e+00
2.174348697e+03 7.010340366e+00 2.961172813e-01 5.020630247e+00 2.979369753e+00
2.184368737e+03 7.014254770e+00 2.918739580e-01 5.025125353e+00 2.974874647e+00
2.194388778e+03 7.018115207e+00 2.876891998e-01 5.029617690e+00 2.970382310e+00
2.204408818e+03 7.021922361e+00 2.835622629e-01 5.034107246e+00 2.965892754e+00
2.214428858e+03 7.025676910e+00 2.794924106e-01 5.038594012e+00 2.961405988e+00
2.224448898e+03 7.029379524e+00 2.754789140e-01 5.043077978e+00 2.956922022e+00
2.234468938e+03 7.033030866e+00 2.715210508e-01 5.047559132e+00 2.952440868e+00
2.244488978e+03 7.036631594e+00 2.676181069e-01 5.052037465e+00 2.947962535e+00
2.254509018e+03 7.040182356e+00 2.637693762e-01 5.056512967e+00 2.943487033e+00
2.264529058e+03 7.043683796e+00 2.599741598e-01 5.060985626e+00 2.939014374e+00
2.274549098e+03 7.047136548e+00 2.562317661e-01 5.065455434e+00 2.934544566e+00
2.284569138e+03 7.050541244e+00 2.525415104e-01 5.069922379e+00 2.930077621e+00
2.294589178e+03 7.053898505e+00 2.489027163e-01 5.074386452e+00 2.925613548e+00
2.304609218e+03 7.057208947e+00 2.453147145e-01 5.078847643e+00 2.921152357e+00
2.314629259e+03 7.060473179e+00 2.417768432e-01 5.083305940e+00 2.916694060e+00
2.324649299e+03 7.063691803e+00 2.382884474e-01 5.087761336e+00 2.912238664e+00
2.334669339e+03 7.066865416e+00 2.348488791e-01 5.092213818e+00 2.907786182e+00
2.344689379e+03 7.069994605e+00 2.314574985e-01 5.096663378e+00 2.903336622e+00
2.354709419e+03 7.073079954e+00 2.281136724e-01 5.101110005e+00 2.898889995e+00
2.364729459e+03 7.076122039e+00 2.248167750e-01 5.105553689e+00 2.894446311e+00
2.374749499e+03 7.079121429e+00 2.215661865e-01 5.109994421e+00 2.890005579e+00
2.384769539e+03 7.082078689e+00 2.183612952e-01 5.114432190e+00 2.885567810e+00
2.394789579e+03 7.084994373e+00 2.152014963e-01 5.118866987e+00 2.881133013e+00
2.404809619e+03 7.087869034e+00 2.120861918e-01 5.123298802e+00 2.876701198e+00
2.414829659e+03 7.090703214e+00 2.090147909e-01 5.127727625e+00 2.872272375e+00
2.424849699e+03 7.093497452e+00 2.059867088e-01 5.132153446e+00 2.867846554e+00
2.434869739e+03 7.096252280e+00 2.030013675e-01 5.136576256e+00 2.863423744e+00
2.444889780e+03 7.098968223e+00 2.000581967e-01 5.140996045e+00 2.859003955e+00
2.454909820e+03 7.101645800e+00 1.971566324e-01 5.145412803e+00 2.854587197e+00
2.464929860e+03 7.104285524e+00 1.942961172e-01 5.149826520e+00 2.850173480e+00
2.474949900e+03 7.106887903e+00 1.914761004e-01 5.154237188e+00 2.845762812e+00
2.484969940e+03 7.109453438e+00 1.886960366e-01 5.158644796e+00 2.841355204e+00
2.494989980e+03 7.111982624e+00 1.859553885e-01 5.163049334e+00 2.836950666e+00
2.505010020e+03 7.114475951e+00 1.832536248e-01 5.167450794e+00 2.832549206e+00
2.515030060e+03 7.116933901e+00 1.805902204e-01 5.171849166e+00 2.828150834e+00
2.525050100e+03 7.119356954e+00 1.779646566e-01 5.176244440e+00 2.823755560e+00
2.535070140e+03 7.121745580e+00 1.753764207e-01 5.180636607e+00 2.819363393e+00
2.545090180e+03 7.124100246e+00 1.728250063e-01 5.185025658e+00 2.814974342e+00
2.555110220e+03 7.126421414e+00 1.703099134e-01 5.189411583e+00 2.810588417e+00
2.565130261e+03 7.128709536e+00 1.678306480e-01 5.193794372e+00 2.806205628e+00
2.575150301e+03 7.130965064e+00 1.653867223e-01 5.198174017e+00 2.801825983e+00
2.585170341e+03 7.133188441e+00 1.629776542e-01 5.202550509e+00 2.797449491e+00
2.595190381e+03 7.135380106e+00 1.606029674e-01 5.206923837e+00 2.793076163e+00
2.605210421e+03 7.137540492e+00 1.582621921e-01 5.211293994e+00 2.788706006e+00
2.615230461e+03 7.139670026e+00 1.559548638e-01 5.215660969e+00 2.784339031e+00
2.625250501e+03 7.141769130e+00 1.536805241e-01 5.220024753e+00 2.779975247e+00
2.635270541e+03 7.143838223e+00 1.514387203e-01 5.224385338e+00 2.775614662e+00
2.645290581e+03 7.145877715e+00 1.492290049e-01 5.228742714e+00 2.771257286e+00
2.655310621e+03 7.147888015e+00 1.470509366e-01 5.233096873e+00 2.766903127e+00
2.665330661e+03 7.149869523e+00 1.449040795e-01 5.237447805e+00 2.762552195e+00
2.675350701e+03 7.151822637e+00 1.427880030e-01 5.241795501e+00 2.758204499e+00
2.685370741e+03 7.153747747e+00 1.407022822e-01 5.246139953e+00 2.753860047e+00
2.695390782e+03 7.155645241e+00 1.386464973e-01 5.250481151e+00 2.749518849e+00
2.705410822e+03 7.157515500e+00 1.366202342e-01 5.254819086e+00 2.745180914e+00
2.715430862e+03 7.159358901e+00 1.346230838e-01 5.259153750e+00 2.740846250e+00
2.725450902e+03 7.161175816e+00 1.326546424e-01 5.263485134e+00 2.736514866e+00
2.735470942e+03 7.162966613e+00 1.307145115e-01 5.267813229e+00 2.732186771e+00
2.745490982e+03 7.164731654e+00 1.288022976e-01 5.272138027e+00 2.727861973e+00
2.755511022e+03 7.166471297e+00 1.269176123e-01 5.276459518e+00 2.723540482e+00
2.765531062e+03 7.168185895e+00 1.250600723e-01 5.280777694e+00 2.719222306e+00
2.775551102e+03 7.169875798e+00 1.232292991e-01 5.285092546e+00 2.714907454e+00
2.785571142e+03 7.171541349e+00 1.214249192e-01 5.289404066e+00 2.710595934e+00
2.795591182e+03 7.173182888e+00 1.196465641e-01 5.293712245e+00 2.706287755e+00
2.805611222e+03 7.174800751e+00 1.178938698e-01 5.298017075e+00 2.701982925e+00
2.815631263e+03 7.176395269e+00 1.161664773e-01 5.302318546e+00 2.697681454e+00
2.825651303e+03 7.177966769e+00 1.144640322e-01 5.306616651e+00 2.693383349e+00
2.835671343e+03 7.179515572e+00 1.127861847e-01 5.310911380e+00 2.689088620e+00
2.845691383e+03 7.181041997e+00 1.111325897e-01 5.315202727e+00 2.684797273e+00
2.855711423e+03 7.182546358e+00 1.095029069e-01 5.319490681e+00 2.680509319e+00
2.865731463e+03 7.184028965e+00 1.078968000e-01 5.323775236e+00 2.676224764e+00
2.875751503e+03 7.185490123e+00 1.063139373e-01 5.328056381e+00 2.671943619e+00
2.885771543e+03 7.186930135e+00 1.047539914e-01 5.332334110e+00 2.667665890e+00
2.895791583e+03 7.188349298e+00 1.032166393e-01 5.336608414e+00 2.663391586e+00
2.905811623e+03 7.189747906e+00 1.017015624e-01 5.340879285e+00 2.659120715e+00
2.915831663e+03 7.191126249e+00 1.002084460e-01 5.345146714e+00 2.654853286e+00
2.925851703e+03 7.192484613e+00 9.873698091e-02 5.349410693e+00 2.650589307e+00
2.935871743e+03 7.193823279e+00 9.728686078e-02 5.353671215e+00 2.646328785e+00
2.945891784e+03 7.195142527e+00 9.585778335e-02 5.357928270e+00 2.642071730e+00
2.955911824e+03 7.196442631e+00 9.444945066e-02 5.362181852e+00 2.637818148e+00
2.965931864e+03 7.197723863e+00 9.306156869e-02 5.366431951e+00 2.633568049e+00
2.975951904e+03 7.198986489e+00 9.169384738e-02 5.370678561e+00 2.629321439e+00
2.985971944e+03 7.200230775e+00 9.034600051e-02 5.374921672e+00 2.625078328e+00
2.995991984e+03 7.201456979e+00 8.901774599e-02 5.379161278e+00 2.620838722e+00
3.006012024e+03 7.202665357e+00 8.770880681e-02 5.383397369e+00 2.616602631e+00
3.016032064e+03 7.203856165e+00 8.641890732e-02 5.387629939e+00 2.612370061e+00
3.026052104e+03 7.205029651e+00 8.514777656e-02 5.391858980e+00 2.608141020e+00
3.036072144e+03 7.206186062e+00 8.389514725e-02 5.396084483e+00 2.603915517e+00
3.046092184e+03 7.207325641e+00 8.266075568e-02 5.400306441e+00 2.599693559e+00
3.056112224e+03 7.208448628e+00 8.144434172e-02 5.404524846e+00 2.595475154e+00
3.066132265e+03 7.209555261e+00 8.024564871e-02 5.408739691e+00 2.591260309e+00
3.076152305e+03 7.210645771e+00 7.906442475e-02 5.412950968e+00 2.587049032e+00
3.086172345e+03 7.211720388e+00 7.790042053e-02 5.417158668e+00 2.582841332e+00
3.096192385e+03 7.212779340e+00 7.675338931e-02 5.421362785e+00 2.578637215e+00
3.106212425e+03 7.213822851e+00 7.562308833e-02 5.425563312e+00 2.574436688e+00
3.116232465e+03 7.214851141e+00 7.450927812e-02 5.429760239e+00 2.570239761e+00
3.126252505e+03 7.215864429e+00 7.341172247e-02 5.433953561e+00 2.566046439e+00
3.136272545e+03 7.216862929e+00 7.233018835e-02 5.438143269e+00 2.561856731e+00
3.146292585e+03 7.217846854e+00 7.126444602e-02 5.442329357e+00 2.557670643e+00
3.156312625e+03 7.218816411e+00 7.021427099e-02 5.446511815e+00 2.553488185e+00
3.166332665e+03 7.219771806e+00 6.917943858e-02 5.450690639e+00 2.549309361e+00
3.176352705e+03 7.220713243e+00 6.815972848e-02 5.454865819e+00 2.545134181e+00
3.186372745e+03 7.221640923e+00 6.715492341e-02 5.459037349e+00 2.540962651e+00
3.196392786e+03 7.222555043e+00 6.616480906e-02 5.463205221e+00 2.536794779e+00
3.206412826e+03 7.223455798e+00 6.518917406e-02 5.467369429e+00 2.532630571e+00
3.216432866e+03 7.224343381e+00 6.422780990e-02 5.471529965e+00 2.528470035e+00
3.226452906e+03 7.225217980e+00 6.328051197e-02 5.475686821e+00 2.524313179e+00
3.236472946e+03 7.226079781e+00 6.234707846e-02 5.479839991e+00 2.520160009e+00
3.246492986e+03 7.226928970e+00 6.142730874e-02 5.483989468e+00 2.516010532e+00
3.256513026e+03 7.227765729e+00 6.052100581e-02 5.488135245e+00 2.511864755e+00
3.266533066e+03 7.228590236e+00 5.962797539e-02 5.492277314e+00 2.507722686e+00
3.276553106e+03 7.229402669e+00 5.874802586e-02 5.496415668e+00 2.503584332e+00
3.286573146e+03 7.230203201e+00 5.788096825e-02 5.500550302e+00 2.499449698e+00
3.296593186e+03 7.230992006e+00 5.702661619e-02 5.504681206e+00 2.495318794e+00
3.306613226e+03 7.231769249e+00 5.618478807e-02 5.508808376e+00 2.491191624e+00
3.316633267e+03 7.232535100e+00 5.535530189e-02 5.512931804e+00 2.487068196e+00
3.326653307e+03 7.233289723e+00 5.453797899e-02 5.517051482e+00 2.482948518e+00
3.336673347e+03 7.234033280e+00 5.373264336e-02 5.521167406e+00 2.478832594e+00
3.346693387e+03 7.234765932e+00 5.293912141e-02 5.525279566e+00 2.474720434e+00
3.356713427e+03 7.235487837e+00 5.215724200e-02 5.529387958e+00 2.470612042e+00
3.366733467e+03 7.236199150e+00 5.138683632e-02 5.533492573e+00 2.466507427e+00
3.376753507e+03 7.236900025e+00 5.062773858e-02 5.537593407e+00 2.462406593e+00
3.386773547e+03 7.237590611e+00 4.987978615e-02 5.541690451e+00 2.458309549e+00
3.396793587e+03 7.238271058e+00 4.914281635e-02 5.545783699e+00 2.454216301e+00
3.406813627e+03 7.238941514e+00 4.841666982e-02 5.549873146e+00 2.450126854e+00
3.416833667e+03 7.239602124e+00 4.770118944e-02 5.553958783e+00 2.446041217e+00
3.426853707e+03 7.240253030e+00 4.699622026e-02 5.558040606e+00 2.441959394e+00
3.436873747e+03 7.240894374e+00 4.630160951e-02 5.562118607e+00 2.437881393e+00
3.446893788e+03 7.241526294e+00 4.561720651e-02 5.566192779e+00 2.433807221e+00
3.456913828e+03 7.242148927e+00 4.494286442e-02 5.570263118e+00 2.429736882e+00
3.466933868e+03 7.242762407e+00 4.427843663e-02 5.574329615e+00 2.425670385e+00
3.476953908e+03 7.243366868e+00 4.362377856e-02 5.578392266e+00 2.421607734e+00
3.486973948e+03 7.243962441e+00 4.297874801e-02 5.582451063e+00 2.417548937e+00
3.496993988e+03 7.244549255e+00 4.234320484e-02 5.586506000e+00 2.413494000e+00
3.507014028e+03 7.245127438e+00 4.171701082e-02 5.590557072e+00 2.409442928e+00
3.517034068e+03 7.245697116e+00 4.110002966e-02 5.594604272e+00 2.405395728e+00
3.527054108e+03 7.246258413e+00 4.049212732e-02 5.598647593e+00 2.401352407e+00
3.537074148e+03 7.246811449e+00 3.989317311e-02 5.602687031e+00 2.397312969e+00
3.547094188e+03 7.247356345e+00 3.930303546e-02 5.606722578e+00 2.393277422e+00
3.557114228e+03 7.247893221e+00 3.872158581e-02 5.610754228e+00 2.389245772e+00
3.567134269e+03 7.248422192e+00 3.814869742e-02 5.614781977e+00 2.385218023e+00
3.577154309e+03 7.248943375e+00 3.758424531e-02 5.618805817e+00 2.381194183e+00
3.587174349e+03 7.249456884e+00 3.702810626e-02 5.622825743e+00 2.377174257e+00
3.597194389e+03 7.249962830e+00 3.648015876e-02 5.626841749e+00 2.373158251e+00
3.607214429e+03 7.250461322e+00 3.594028423e-02 5.630853829e+00 2.369146171e+00
3.617234469e+03 7.250952470e+00 3.540836499e-02 5.634861977e+00 2.365138023e+00
3.627254509e+03 7.251436382e+00 3.488428423e-02 5.638866188e+00 2.361133812e+00
3.637274549e+03 7.251913162e+00 3.436792738e-02 5.642866455e+00 2.357133545e+00
3.647294589e+03 7.252382916e+00 3.385918149e-02 5.646862773e+00 2.353137227e+00
3.657314629e+03 7.252845745e+00 3.335793520e-02 5.650855136e+00 2.349144864e+00
3.667334669e+03 7.253301752e+00 3.286407871e-02 5.654843539e+00 2.345156461e+00
3.677354709e+03 7.253751036e+00 3.237750384e-02 5.658827975e+00 2.341172025e+00
3.687374749e+03 7.254193695e+00 3.189810579e-02 5.662808441e+00 2.337191559e+00
3.697394790e+03 7.254629825e+00 3.142577840e-02 5.666784928e+00 2.333215072e+00
3.707414830e+03 7.255059523e+00 3.096041816e-02 5.670757433e+00 2.329242567e+00
3.717434870e+03 7.255482882e+00 3.050192302e-02 5.674725950e+00 2.325274050e+00
3.727454910e+03 7.255899996e+00 3.005019238e-02 5.678690474e+00 2.321309526e+00
3.737474950e+03 7.256310956e+00 2.960512704e-02 5.682650998e+00 2.317349002e+00
3.747494990e+03 7.256715853e+00 2.916662922e-02 5.686607517e+00 2.313392483e+00
3.757515030e+03 7.257114774e+00 2.873460329e-02 5.690560027e+00 2.309439973e+00
3.767535070e+03 7.257507807e+00 2.830895498e-02 5.694508521e+00 2.305491479e+00
3.777555110e+03 7.257895039e+00 2.788959013e-02 5.698452996e+00 2.301547004e+00
3.787575150e+03 7.258276554e+00 2.747641656e-02 5.702393444e+00 2.297606556e+00
3.797595190e+03 7.258652437e+00 2.706934341e-02 5.706329862e+00 2.293670138e+00
3.807615230e+03 7.259022770e+00 2.666828113e-02 5.710262243e+00 2.289737757e+00
3.817635271e+03 7.259387634e+00 2.627314141e-02 5.714190583e+00 2.285809417e+00
3.827655311e+03 7.259747111e+00 2.588383717e-02 5.718114877e+00 2.281885123e+00
3.837675351e+03 7.260101278e+00 2.550028418e-02 5.722035119e+00 2.277964881e+00
3.847695391e+03 7.260450213e+00 2.512239728e-02 5.725951305e+00 2.274048695e+00
3.857715431e+03 7.260793994e+00 2.475009314e-02 5.729863429e+00 2.270136571e+00
3.867735471e+03 7.261132696e+00 2.438328973e-02 5.733771487e+00 2.266228513e+00
3.877755511e+03 7.261466394e+00 2.402190619e-02 5.737675474e+00 2.262324526e+00
3.887775551e+03 7.261795161e+00 2.366586281e-02 5.741575384e+00 2.258424616e+00
3.897795591e+03 7.262119070e+00 2.331508100e-02 5.745471213e+00 2.254528787e+00
3.907815631e+03 7.262438192e+00 2.296948374e-02 5.749362956e+00 2.250637044e+00
3.917835671e+03 7.262752597e+00 2.262899565e-02 5.753250607e+00 2.246749393e+00
3.927855711e+03 7.263062354e+00 2.229354090e-02 5.757134164e+00 2.242865836e+00
3.937875752e+03 7.263367532e+00 2.196304547e-02 5.761013620e+00 2.238986380e+00
3.947895792e+03 7.263668199e+00 2.163743638e-02 5.764888970e+00 2.235111030e+00
3.957915832e+03 7.263964420e+00 2.131664168e-02 5.768760211e+00 2.231239789e+00
3.967935872e+03 7.264256261e+00 2.100059046e-02 5.772627338e+00 2.227372662e+00
3.977955912e+03 7.264543788e+00 2.068921280e-02 5.776490346e+00 2.223509654e+00
3.987975952e+03 7.264827061e+00 2.038244086e-02 5.780349230e+00 2.219650770e+00
3.997995992e+03 7.265106145e+00 2.008020664e-02 5.784203985e+00 2.215796015e+00
4.008016032e+03 7.265381101e+00 1.978244305e-02 5.788054608e+00 2.211945392e+00
4.018036072e+03 7.265651990e+00 1.948908426e-02 5.791901094e+00 2.208098906e+00
4.028056112e+03 7.265918872e+00 1.920006535e-02 5.795743439e+00 2.204256561e+00
4.038076152e+03 7.266181805e+00 1.891532234e-02 5.799581637e+00 2.200418363e+00
4.048096192e+03 7.266440849e+00 1.863479216e-02 5.803415686e+00 2.196584314e+00
4.058116232e+03 7.266696060e+00 1.835841283e-02 5.807245579e+00 2.192754421e+00
4.068136273e+03 7.266947494e+00 1.808612414e-02 5.811071313e+00 2.188928687e+00
4.078156313e+03 7.267195207e+00 1.781786513e-02 5.814892885e+00 2.185107115e+00
4.088176353e+03 7.267439254e+00 1.755357640e-02 5.818710288e+00 2.181289712e+00
4.098196393e+03 7.267679690e+00 1.729319939e-02 5.822523520e+00 2.177476480e+00
4.108216433e+03 7.267916566e+00 1.703667638e-02 5.826332576e+00 2.173667424e+00
4.118236473e+03 7.268149937e+00 1.678395049e-02 5.830137452e+00 2.169862548e+00
4.128256513e+03 7.268379853e+00 1.653496562e-02 5.833938144e+00 2.166061856e+00
4.138276553e+03 7.268606365e+00 1.628966721e-02 5.837734648e+00 2.162265352e+00
4.148296593e+03 7.268829524e+00 1.604800097e-02 5.841526959e+00 2.158473041e+00
4.158316633e+03 7.269049378e+00 1.580991301e-02 5.845315074e+00 2.154684926e+00
4.168336673e+03 7.269265978e+00 1.557535051e-02 5.849098989e+00 2.150901011e+00
4.178356713e+03 7.269479370e+00 1.534426142e-02 5.852878700e+00 2.147121300e+00
4.188376754e+03 7.269689602e+00 1.511659443e-02 5.856654203e+00 2.143345797e+00
4.198396794e+03 7.269896721e+00 1.489229897e-02 5.860425494e+00 2.139574506e+00
4.208416834e+03 7.270100772e+00 1.467132521e-02 5.864192568e+00 2.135807432e+00
4.218436874e+03 7.270301801e+00 1.445362511e-02 5.867955424e+00 2.132044576e+00
4.228456914e+03 7.270499853e+00 1.423914969e-02 5.871714056e+00 2.128285944e+00
4.238476954e+03 7.270694971e+00 1.402785133e-02 5.875468460e+00 2.124531540e+00
4.248496994e+03 7.270887198e+00 1.381968310e-02 5.879218634e+00 2.120781366e+00
4.258517034e+03 7.271076578e+00 1.361459874e-02 5.882964574e+00 2.117035426e+00
4.268537074e+03 7.271263152e+00 1.341255264e-02 5.886706275e+00 2.113293725e+00
4.278557114e+03 7.271446963e+00 1.321349985e-02 5.890443735e+00 2.109556265e+00
4.288577154e+03 7.271628050e+00 1.301739649e-02 5.894176949e+00 2.105823051e+00
4.298597194e+03 7.271806454e+00 1.282419931e-02 5.897905914e+00 2.102094086e+00
4.308617234e+03 7.271982214e+00 1.263386501e-02 5.901630627e+00 2.098369373e+00
4.318637275e+03 7.272155369e+00 1.244635126e-02 5.905351084e+00 2.094648916e+00
4.328657315e+03 7.272325959e+00 1.226161636e-02 5.909067281e+00 2.090932719e+00
4.338677355e+03 7.272494020e+00 1.207961920e-02 5.912779216e+00 2.087220784e+00
4.348697395e+03 7.272659591e+00 1.190031925e-02 5.916486885e+00 2.083513115e+00
4.358717435e+03 7.272822708e+00 1.172367657e-02 5.920190284e+00 2.079809716e+00
4.368737475e+03 7.272983408e+00 1.154965263e-02 5.923889410e+00 2.076110590e+00
4.378757515e+03 7.273141725e+00 1.137820832e-02 5.927584261e+00 2.072415739e+00
4.388777555e+03 7.273297695e+00 1.120930544e-02 5.931274831e+00 2.068725169e+00
4.398797595e+03 7.273451354e+00 1.104290638e-02 5.934961120e+00 2.065038880e+00
4.408817635e+03 7.273602734e+00 1.087897410e-02 5.938643122e+00 2.061356878e+00
4.418837675e+03 7.273751871e+00 1.071747206e-02 5.942320836e+00 2.057679164e+00
4.428857715e+03 7.273898796e+00 1.055836427e-02 5.945994257e+00 2.054005743e+00
4.438877756e+03 7.274043544e+00 1.040161547e-02 5.949663384e+00 2.050336616e+00
4.448897796e+03 7.274186145e+00 1.024719119e-02 5.953328212e+00 2.046671788e+00
4.458917836e+03 7.274326631e+00 1.009505668e-02 5.956988739e+00 2.043011261e+00
4.468937876e+03 7.274465035e+00 9.945178057e-03 5.960644961e+00 2.039355039e+00
4.478957916e+03 7.274601386e+00 9.797521920e-03 5.964296877e+00 2.035703123e+00
4.488977956e+03 7.274735715e+00 9.652055350e-03 5.967944482e+00 2.032055518e+00
4.498997996e+03 7.274868053e+00 9.508745899e-03 5.971587774e+00 2.028412226e+00
4.509018036e+03 7.274998428e+00 9.367561582e-03 5.975226751e+00 2.024773249e+00
4.519038076e+03 7.275126869e+00 9.228471431e-03 5.978861408e+00 2.021138592e+00
4.529058116e+03 7.275253405e+00 9.091444334e-03 5.982491744e+00 2.017508256e+00
4.539078156e+03 7.275378065e+00 8.956449616e-03 5.986117756e+00 2.013882244e+00
4.549098196e+03 7.275500876e+00 8.823457178e-03 5.989739441e+00 2.010260559e+00
4.559118236e+03 7.275621865e+00 8.692437355e-03 5.993356795e+00 2.006643205e+00
4.569138277e+03 7.275741059e+00 8.563360907e-03 5.996969818e+00 2.003030182e+00
4.579158317e+03 7.275858486e+00 8.436199013e-03 6.000578505e+00 1.999421495e+00
4.589178357e+03 7.275974171e+00 8.310923374e-03 6.004182854e+00 1.995817146e+00
4.599198397e+03 7.276088139e+00 8.187506531e-03 6.007782863e+00 1.992217137e+00
4.609218437e+03 7.276200417e+00 8.065920614e-03 6.011378530e+00 1.988621470e+00
4.619238477e+03 7.276311029e+00 7.946138500e-03 6.014969850e+00 1.985030150e+00
4.629258517e+03 7.276420000e+00 7.828133457e-03 6.018556823e+00 1.981443177e+00
4.639278557e+03 7.276527354e+00 7.711879139e-03 6.022139446e+00 1.977860554e+00
4.649298597e+03 7.276633116e+00 7.597349579e-03 6.025717715e+00 1.974282285e+00
4.659318637e+03 7.276737309e+00 7.484519178e-03 6.029291630e+00 1.970708370e+00
4.669338677e+03 7.276839955e+00 7.373363062e-03 6.032861187e+00 1.967138813e+00
4.679358717e+03 7.276941079e+00 7.263856477e-03 6.036426384e+00 1.963573616e+00
4.689378758e+03 7.277040702e+00 7.155974819e-03 6.039987219e+00 1.960012781e+00
4.699398798e+03 7.277138846e+00 7.049694002e-03 6.043543689e+00 1.956456311e+00
4.709418838e+03 7.277235535e+00 6.944990288e-03 6.047095793e+00 1.952904207e+00
4.719438878e+03 7.277330788e+00 6.841840280e-03 6.050643527e+00 1.949356473e+00
4.729458918e+03 7.277424628e+00 6.740220918e-03 6.054186891e+00 1.945813109e+00
4.739478958e+03 7.277517076e+00 6.640109494e-03 6.057725881e+00 1.942274119e+00
4.749498998e+03 7.277608152e+00 6.541484137e-03 6.061260496e+00 1.938739504e+00
4.759519038e+03 7.277697875e+00 6.444322508e-03 6.064790733e+00 1.935209267e+00
4.769539078e+03 7.277786268e+00 6.348602908e-03 6.068316591e+00 1.931683409e+00
4.779559118e+03 7.277873348e+00 6.254303950e-03 6.071838067e+00 1.928161933e+00
4.789579158e+03 7.277959136e+00 6.161404557e-03 6.075355160e+00 1.924644840e+00
4.799599198e+03 7.278043650e+00 6.069883954e-03 6.078867866e+00 1.921132134e+00
4.809619238e+03 7.278126911e+00 5.979721664e-03 6.082376186e+00 1.917623814e+00
4.819639279e+03 7.278208935e+00 5.890897717e-03 6.085880116e+00 1.914119884e+00
4.829659319e+03 7.278289742e+00 5.803392422e-03 6.089379655e+00 1.910620345e+00
4.839679359e+03 7.278369350e+00 5.717186052e-03 6.092874800e+00 1.907125200e+00
4.849699399e+03 7.278447775e+00 5.632259338e-03 6.096365551e+00 1.903634449e+00
4.859719439e+03 7.278525037e+00 5.548593295e-03 6.099851905e+00 1.900148095e+00
4.869739479e+03 7.278601152e+00 5.466169207e-03 6.103333860e+00 1.896666140e+00
4.879759519e+03 7.278676136e+00 5.384968629e-03 6.106811415e+00 1.893188585e+00
4.889779559e+03 7.278750008e+00 5.304973380e-03 6.110284568e+00 1.889715432e+00
4.899799599e+03 7.278822783e+00 5.226165947e-03 6.113753318e+00 1.886246682e+00
4.909819639e+03 7.278894478e+00 5.148528527e-03 6.117217662e+00 1.882782338e+00
4.919839679e+03 7.278965108e+00 5.072043734e-03 6.120677600e+00 1.879322400e+00
4.929859719e+03 7.279034689e+00 4.996694464e-03 6.124133129e+00 1.875866871e+00
4.939879760e+03 7.279103238e+00 4.922463858e-03 6.127584247e+00 1.872415753e+00
4.949899800e+03 7.279170769e+00 4.849335303e-03 6.131030955e+00 1.868969045e+00
4.959919840e+03 7.279237297e+00 4.777292422e-03 6.134473249e+00 1.865526751e+00
4.969939880e+03 7.279302838e+00 4.706319226e-03 6.137911129e+00 1.862088871e+00
4.979959920e+03 7.279367405e+00 4.636400102e-03 6.141344593e+00 1.858655407e+00
4.989979960e+03 7.279431013e+00 4.567519179e-03 6.144773640e+00 1.855226360e+00
5.000000000e+03 7.279493677e+00 4.499661047e-03 6.148198268e+00 1.851801732e+00
