time            A               B               C               shA             shB             shC            
0.000000000e+00 1.100000000e+01 1.000000000e+01 3.000000000e+00 1.100000000e+00 1.000000000e+00 3.000000000e-01
2.004008016e+01 3.399120495e+00 3.362748624e+00 1.046027516e+00 4.727102321e-01 4.630299646e-01 2.485664313e-01
4.008016032e+01 3.210259125e+00 3.369466635e+00 1.103889154e+00 5.208510393e-01 5.260515342e-01 3.536924731e-01
6.012024048e+01 3.170598202e+00 3.497289955e+00 1.200527326e+00 5.793259226e-01 5.926184140e-01 4.556164204e-01
8.016032064e+01 3.151652277e+00 3.639848486e+00 1.302553458e+00 6.350051644e-01 6.506700420e-01 5.526152387e-01
1.002004008e+02 3.131639241e+00 3.776735862e+00 1.403326327e+00 6.869945432e-01 6.989707146e-01 6.439476253e-01
1.202404810e+02 3.107500304e+00 3.904221821e+00 1.501532794e+00 7.360361407e-01 7.381253620e-01 7.290197460e-01
1.402805611e+02 3.079404655e+00 4.021863501e+00 1.596973805e+00 7.829513176e-01 7.691499682e-01 8.072934135e-01
1.603206413e+02 3.047991846e+00 4.129881891e+00 1.689731881e+00 8.284210232e-01 7.931978230e-01 8.783010259e-01
1.803607214e+02 3.013895129e+00 4.228622631e+00 1.780003007e+00 8.729635533e-01 8.114631689e-01 9.416723345e-01
2.004008016e+02 2.977674281e+00 4.318425940e+00 1.868057121e+00 9.169425350e-01 8.251196271e-01 9.971577367e-01
2.204408818e+02 2.939820988e+00 4.399584145e+00 1.954221769e+00 9.605805092e-01 8.352748648e-01 1.044644486e+00
2.404809619e+02 2.900775284e+00 4.472324616e+00 2.038868525e+00 1.003974109e+00 8.429392715e-01 1.084164520e+00
2.605210421e+02 2.860941259e+00 4.536804786e+00 2.122398684e+00 1.047109877e+00 8.490073865e-01 1.115893795e+00
2.805611222e+02 2.820699980e+00 4.593115380e+00 2.205228275e+00 1.089880364e+00 8.542500581e-01 1.140143963e+00
3.006012024e+02 2.780419039e+00 4.641289414e+00 2.287772913e+00 1.132100292e+00 8.593149993e-01 1.157347721e+00
3.206412826e+02 2.740458990e+00 4.681315171e+00 2.370433157e+00 1.173522600e+00 8.647332741e-01 1.168039563e+00
3.406813627e+02 2.701176966e+00 4.713151532e+00 2.453580870e+00 1.213854219e+00 8.709294940e-01 1.172833678e+00
3.607214429e+02 2.662927954e+00 4.736744396e+00 2.537546928e+00 1.252771373e+00 8.782339049e-01 1.172400648e+00
3.807615230e+02 2.626064234e+00 4.752043104e+00 2.622610486e+00 1.289934161e+00 8.868949366e-01 1.167444395e+00
4.008016032e+02 2.590933514e+00 4.759016075e+00 2.708989911e+00 1.325000208e+00 8.970912460e-01 1.158680547e+00
4.208416834e+02 2.557876219e+00 4.757665059e+00 2.796835390e+00 1.357637108e+00 9.089426397e-01 1.146817095e+00
4.408817635e+02 2.527222405e+00 4.748037547e+00 2.886223188e+00 1.387533473e+00 9.225195599e-01 1.132537923e+00
4.609218437e+02 2.499288658e+00 4.730237059e+00 2.977151540e+00 1.414408440e+00 9.378510096e-01 1.116489475e+00
4.809619238e+02 2.474375238e+00 4.704431104e+00 3.069538103e+00 1.438019424e+00 9.549310103e-01 1.099270817e+00
5.010020040e+02 2.452763686e+00 4.670856713e+00 3.163218984e+00 1.458168236e+00 9.737236487e-01 1.081426740e+00
5.210420842e+02 2.434714989e+00 4.629823511e+00 3.257949296e+00 1.474705471e+00 9.941669756e-01 1.063443807e+00
5.410821643e+02 2.420468337e+00 4.581714371e+00 3.353405278e+00 1.487533205e+00 1.016175915e+00 1.045749061e+00
5.611222445e+02 2.410240438e+00 4.526983745e+00 3.449187931e+00 1.496606261e+00 1.039644391e+00 1.028710700e+00
5.811623246e+02 2.404225302e+00 4.466153825e+00 3.544828217e+00 1.501932015e+00 1.064446929e+00 1.012640608e+00
6.012024048e+02 2.402594387e+00 4.399808741e+00 3.639793736e+00 1.503569006e+00 1.090439815e+00 9.977980295e-01
6.212424850e+02 2.405496946e+00 4.328587056e+00 3.733496849e+00 1.501624471e+00 1.117462075e+00 9.843941339e-01
6.412825651e+02 2.413060450e+00 4.253172870e+00 3.825304134e+00 1.496250973e+00 1.145336369e+00 9.725970304e-01
6.613226453e+02 2.425390938e+00 4.174285807e+00 3.914547085e+00 1.487642245e+00 1.173869943e+00 9.625369780e-01
6.813627255e+02 2.442573159e+00 4.092670325e+00 4.000533775e+00 1.476028452e+00 1.202855731e+00 9.543114622e-01
7.014028056e+02 2.464670419e+00 4.009084659e+00 4.082561354e+00 1.461670973e+00 1.232073746e+00 9.479900605e-01
7.214428858e+02 2.491724026e+00 3.924289776e+00 4.159929078e+00 1.444856843e+00 1.261292729e+00 9.436188025e-01
7.414829659e+02 2.523752303e+00 3.839038704e+00 4.231951574e+00 1.425893012e+00 1.290272214e+00 9.412240740e-01
7.615230461e+02 2.560749125e+00 3.754066533e+00 4.297972123e+00 1.405100538e+00 1.318764977e+00 9.408159971e-01
7.815631263e+02 2.602681992e+00 3.670081393e+00 4.357375489e+00 1.382808853e+00 1.346519822e+00 9.423911146e-01
8.016032064e+02 2.649489687e+00 3.587756558e+00 4.409600259e+00 1.359350201e+00 1.373284779e+00 9.459346532e-01
8.216432866e+02 2.701079545e+00 3.507723963e+00 4.454150109e+00 1.335054449e+00 1.398810603e+00 9.514221283e-01
8.416833667e+02 2.757324454e+00 3.430569102e+00 4.490603981e+00 1.310244271e+00 1.422854522e+00 9.588205081e-01
8.617234469e+02 2.818059697e+00 3.356827432e+00 4.518624840e+00 1.285230894e+00 1.445184150e+00 9.680889076e-01
8.817635271e+02 2.883079776e+00 3.286982175e+00 4.537966840e+00 1.260310419e+00 1.465581475e+00 9.791788966e-01
9.018036072e+02 2.952135365e+00 3.221463509e+00 4.548480763e+00 1.235760815e+00 1.483846807e+00 9.920344566e-01
9.218436874e+02 3.024930590e+00 3.160648963e+00 4.550117602e+00 1.211839578e+00 1.499802585e+00 1.006591672e+00
9.418837675e+02 3.101120801e+00 3.104864861e+00 4.542930263e+00 1.188782077e+00 1.513296913e+00 1.022778195e+00
9.619238477e+02 3.180311044e+00 3.054388643e+00 4.527073290e+00 1.166800567e+00 1.524206737e+00 1.040512561e+00
9.819639279e+02 3.262055391e+00 3.009451801e+00 4.502800729e+00 1.146083802e+00 1.532440554e+00 1.059703403e+00
1.002004008e+03 3.345857348e+00 2.970243284e+00 4.470462055e+00 1.126797214e+00 1.537940553e+00 1.080248639e+00
1.022044088e+03 3.431171410e+00 2.936913098e+00 4.430496409e+00 1.109083544e+00 1.540684149e+00 1.102034688e+00
1.042084168e+03 3.517405987e+00 2.909575945e+00 4.383425122e+00 1.093063873e+00 1.540684801e+00 1.124935778e+00
1.062124248e+03 3.603927613e+00 2.888314710e+00 4.329842896e+00 1.078838920e+00 1.537992152e+00 1.148813414e+00
1.082164329e+03 3.690066706e+00 2.873183644e+00 4.270407614e+00 1.066490548e+00 1.532691371e+00 1.173516064e+00
1.102204409e+03 3.775124555e+00 2.864211094e+00 4.205829306e+00 1.056083353e+00 1.524901824e+00 1.198879119e+00
1.122244489e+03 3.858381701e+00 2.861401716e+00 4.136858341e+00 1.047666277e+00 1.514775004e+00 1.224725195e+00
1.142284569e+03 3.939107415e+00 2.864738073e+00 4.064273256e+00 1.041274154e+00 1.502491822e+00 1.250864797e+00
1.162324649e+03 4.016570155e+00 2.874181570e+00 3.988868518e+00 1.036929136e+00 1.488259319e+00 1.277097425e+00
1.182364729e+03 4.090048715e+00 2.889672739e+00 3.911442526e+00 1.034641938e+00 1.472306892e+00 1.303213092e+00
1.202404810e+03 4.158843833e+00 2.911130849e+00 3.832786160e+00 1.034412871e+00 1.454882144e+00 1.328994320e+00
1.222444890e+03 4.222289944e+00 2.938452894e+00 3.753672156e+00 1.036232626e+00 1.436246473e+00 1.354218567e+00
1.242484970e+03 4.279766725e+00 2.971512001e+00 3.674845593e+00 1.040082800e+00 1.416670535e+00 1.378661094e+00
1.262525050e+03 4.330710197e+00 3.010155388e+00 3.597015562e+00 1.045936176e+00 1.396429725e+00 1.402098187e+00
1.282565130e+03 4.374623007e+00 3.054201903e+00 3.520848309e+00 1.053756734e+00 1.375799794e+00 1.424310705e+00
1.302605210e+03 4.411083650e+00 3.103439324e+00 3.446961810e+00 1.063499401e+00 1.355052746e+00 1.445087871e+00
1.322645291e+03 4.439754567e+00 3.157621577e+00 3.375921823e+00 1.075109732e+00 1.334452969e+00 1.464231171e+00
1.342685371e+03 4.460388256e+00 3.216465907e+00 3.308239530e+00 1.088523136e+00 1.314254103e+00 1.481558334e+00
1.362725451e+03 4.472832375e+00 3.279650385e+00 3.244370316e+00 1.103664281e+00 1.294696066e+00 1.496907171e+00
1.382765531e+03 4.477032534e+00 3.346811699e+00 3.184713945e+00 1.120446239e+00 1.276002855e+00 1.510139229e+00
1.402805611e+03 4.473033541e+00 3.417543584e+00 3.129615718e+00 1.138769632e+00 1.258380820e+00 1.521143124e+00
1.422845691e+03 4.460978552e+00 3.491395948e+00 3.079368536e+00 1.158521904e+00 1.242017437e+00 1.529837393e+00
1.442885772e+03 4.441106564e+00 3.567874978e+00 3.034215592e+00 1.179576512e+00 1.227080720e+00 1.536172837e+00
1.462925852e+03 4.413747913e+00 3.646444218e+00 2.994353536e+00 1.201792567e+00 1.213718833e+00 1.540134148e+00
1.482965932e+03 4.379318265e+00 3.726526883e+00 2.959935860e+00 1.225014496e+00 1.202060280e+00 1.541740870e+00
1.503006012e+03 4.338310962e+00 3.807509383e+00 2.931076372e+00 1.249072098e+00 1.192214297e+00 1.541047567e+00
1.523046092e+03 4.291288057e+00 3.888746137e+00 2.907852543e+00 1.273781075e+00 1.184271367e+00 1.538143157e+00
1.543086172e+03 4.238870265e+00 3.969565685e+00 2.890308611e+00 1.298943834e+00 1.178304008e+00 1.533149508e+00
1.563126253e+03 4.181726017e+00 4.049277972e+00 2.878458318e+00 1.324350912e+00 1.174367463e+00 1.526219209e+00
1.583166333e+03 4.120559978e+00 4.127182759e+00 2.872287196e+00 1.349782856e+00 1.172500406e+00 1.517532682e+00
1.603206413e+03 4.056101280e+00 4.202578943e+00 2.871754340e+00 1.375012625e+00 1.172725560e+00 1.507294647e+00
1.623246493e+03 3.989091799e+00 4.274774607e+00 2.876793653e+00 1.399808507e+00 1.175050162e+00 1.495730118e+00
1.643286573e+03 3.920274754e+00 4.343097533e+00 2.887314546e+00 1.423937502e+00 1.179466277e+00 1.483080006e+00
1.663326653e+03 3.850383916e+00 4.406905940e+00 2.903202132e+00 1.447169129e+00 1.185950920e+00 1.469596506e+00
1.683366733e+03 3.780133720e+00 4.465599105e+00 2.924316928e+00 1.469279549e+00 1.194465997e+00 1.455538426e+00
1.703406814e+03 3.710210364e+00 4.518627654e+00 2.950494213e+00 1.490055936e+00 1.204958130e+00 1.441166509e+00
1.723446894e+03 3.641264228e+00 4.565503099e+00 2.981543040e+00 1.509300887e+00 1.217358324e+00 1.426739082e+00
1.743486974e+03 3.573903595e+00 4.605806445e+00 3.017245072e+00 1.526836835e+00 1.231581586e+00 1.412507932e+00
1.763527054e+03 3.508689698e+00 4.639195766e+00 3.057353329e+00 1.542510247e+00 1.247526554e+00 1.398714603e+00
1.783567134e+03 3.446133226e+00 4.665412191e+00 3.101591004e+00 1.556195530e+00 1.265075246e+00 1.385587092e+00
1.803607214e+03 3.386692190e+00 4.684284356e+00 3.149650442e+00 1.567798167e+00 1.284092780e+00 1.373337436e+00
1.823647295e+03 3.330770842e+00 4.695731348e+00 3.201192480e+00 1.577257613e+00 1.304427636e+00 1.362159200e+00
1.843687375e+03 3.278719832e+00 4.699763720e+00 3.255846214e+00 1.584549080e+00 1.325911995e+00 1.352225980e+00
1.863727455e+03 3.230837213e+00 4.696482793e+00 3.313209367e+00 1.589684575e+00 1.348362585e+00 1.343690179e+00
1.883767535e+03 3.187370203e+00 4.686078220e+00 3.372849335e+00 1.592712995e+00 1.371581973e+00 1.336682215e+00
1.903807615e+03 3.148517499e+00 4.668823834e+00 3.434305035e+00 1.593719243e+00 1.395360365e+00 1.331310093e+00
1.923847695e+03 3.114432081e+00 4.645071738e+00 3.497089691e+00 1.592822324e+00 1.419478011e+00 1.327659275e+00
1.943887776e+03 3.085224076e+00 4.615245250e+00 3.560694370e+00 1.590172600e+00 1.443708020e+00 1.325792792e+00
1.963927856e+03 3.060963716e+00 4.579830596e+00 3.624592423e+00 1.585948236e+00 1.467819704e+00 1.325751504e+00
1.983967936e+03 3.041684326e+00 4.539367442e+00 3.688244844e+00 1.580350940e+00 1.491582399e+00 1.327554475e+00
2.004008016e+03 3.027385083e+00 4.494438796e+00 3.751106373e+00 1.573601145e+00 1.514769621e+00 1.331199470e+00
2.024048096e+03 3.018033540e+00 4.445660460e+00 3.812632227e+00 1.565932979e+00 1.537163306e+00 1.336663477e+00
2.044088176e+03 3.013567886e+00 4.393670302e+00 3.872285341e+00 1.557588871e+00 1.558558352e+00 1.343903346e+00
2.064128257e+03 3.013898881e+00 4.339117652e+00 3.929543932e+00 1.548814390e+00 1.578766861e+00 1.352856467e+00
2.084168337e+03 3.018911504e+00 4.282653058e+00 3.983909182e+00 1.539853150e+00 1.597622268e+00 1.363441565e+00
2.104208417e+03 3.028466289e+00 4.224918683e+00 4.034912826e+00 1.530942112e+00 1.614983029e+00 1.375559629e+00
2.124248497e+03 3.042400427e+00 4.166539547e+00 4.082124402e+00 1.522307327e+00 1.630735766e+00 1.389095020e+00
2.144288577e+03 3.060528675e+00 4.108115736e+00 4.125157994e+00 1.514160232e+00 1.644797742e+00 1.403916780e+00
2.164328657e+03 3.082644117e+00 4.050215750e+00 4.163678220e+00 1.506694530e+00 1.657118552e+00 1.419880200e+00
2.184368737e+03 3.108518875e+00 3.993371075e+00 4.197405283e+00 1.500083726e+00 1.667680937e+00 1.436828678e+00
2.204408818e+03 3.137904819e+00 3.938071953e+00 4.226118955e+00 1.494479245e+00 1.676500711e+00 1.454595851e+00
2.224448898e+03 3.170534369e+00 3.884764344e+00 4.249661390e+00 1.490009149e+00 1.683625797e+00 1.473008037e+00
2.244488978e+03 3.206121431e+00 3.833848026e+00 4.267938679e+00 1.486777373e+00 1.689134402e+00 1.491886939e+00
2.264529058e+03 3.244362571e+00 3.785675762e+00 4.280921098e+00 1.484863469e+00 1.693132380e+00 1.511052600e+00
2.284569138e+03 3.284938420e+00 3.740553355e+00 4.288642123e+00 1.484322760e+00 1.695749941e+00 1.530326510e+00
2.304609218e+03 3.327515413e+00 3.698740539e+00 4.291196172e+00 1.485186876e+00 1.697137766e+00 1.549534830e+00
2.324649299e+03 3.371747828e+00 3.660452476e+00 4.288735296e+00 1.487464606e+00 1.697462744e+00 1.568511609e+00
2.344689379e+03 3.417280175e+00 3.625861802e+00 4.281464798e+00 1.491143042e+00 1.696903431e+00 1.587101896e+00
2.364729459e+03 3.463749894e+00 3.595101003e+00 4.269638077e+00 1.496188961e+00 1.695645439e+00 1.605164662e+00
2.384769539e+03 3.510790355e+00 3.568265064e+00 4.253550761e+00 1.502550432e+00 1.693876874e+00 1.622575389e+00
2.404809619e+03 3.558034101e+00 3.545414229e+00 4.233534379e+00 1.510158627e+00 1.691783986e+00 1.639228273e+00
2.424849699e+03 3.605116289e+00 3.526576812e+00 4.209949712e+00 1.518929814e+00 1.689547116e+00 1.655037941e+00
2.444889780e+03 3.651678258e+00 3.511751956e+00 4.183180049e+00 1.528767542e+00 1.687337120e+00 1.669940555e+00
2.464929860e+03 3.697371117e+00 3.500912277e+00 4.153624522e+00 1.539564941e+00 1.685312242e+00 1.683894385e+00
2.484969940e+03 3.741859301e+00 3.494006386e+00 4.121691647e+00 1.551207177e+00 1.683615543e+00 1.696879744e+00
2.505010020e+03 3.784824001e+00 3.490961206e+00 4.087793238e+00 1.563573991e+00 1.682372909e+00 1.708898305e+00
2.525050100e+03 3.825966370e+00 3.491684118e+00 4.052338806e+00 1.576542300e+00 1.681691631e+00 1.719971843e+00
2.545090180e+03 3.865010450e+00 3.496064898e+00 4.015730504e+00 1.589988805e+00 1.681659523e+00 1.730140482e+00
2.565130261e+03 3.901705742e+00 3.503977471e+00 3.978358731e+00 1.603792545e+00 1.682344607e+00 1.739460464e+00
2.585170341e+03 3.935829356e+00 3.515281472e+00 3.940598398e+00 1.617837340e+00 1.683795282e+00 1.748001570e+00
2.605210421e+03 3.967187744e+00 3.529823660e+00 3.902805841e+00 1.632014063e+00 1.686040933e+00 1.755844300e+00
2.625250501e+03 3.995617938e+00 3.547439174e+00 3.865316442e+00 1.646222656e+00 1.689092972e+00 1.763076882e+00
2.645290581e+03 4.020988319e+00 3.567952664e+00 3.828442877e+00 1.660373834e+00 1.692946231e+00 1.769792240e+00
2.665330661e+03 4.043198940e+00 3.591179334e+00 3.792473935e+00 1.674390446e+00 1.697580646e+00 1.776085034e+00
2.685370741e+03 4.062181390e+00 3.616925886e+00 3.757673901e+00 1.688208412e+00 1.702963208e+00 1.782048835e+00
2.705410822e+03 4.077898239e+00 3.644991409e+00 3.724282399e+00 1.701777218e+00 1.709050097e+00 1.787773556e+00
2.725450902e+03 4.090342152e+00 3.675168227e+00 3.692514631e+00 1.715059996e+00 1.715788956e+00 1.793343184e+00
2.745490982e+03 4.099534642e+00 3.707242710e+00 3.662561954e+00 1.728033124e+00 1.723121236e+00 1.798833885e+00
2.765531062e+03 4.105524573e+00 3.740996078e+00 3.634592720e+00 1.740685426e+00 1.730984549e+00 1.804312524e+00
2.785571142e+03 4.108386454e+00 3.776205206e+00 3.608753300e+00 1.753016985e+00 1.739314966e+00 1.809835620e+00
2.805611222e+03 4.108218558e+00 3.812643436e+00 3.585169231e+00 1.765037658e+00 1.748049189e+00 1.815448735e+00
2.825651303e+03 4.105140920e+00 3.850081414e+00 3.563946459e+00 1.776765305e+00 1.757126541e+00 1.821186319e+00
2.845691383e+03 4.099293261e+00 3.888287964e+00 3.545172582e+00 1.788223859e+00 1.766490701e+00 1.827071982e+00
2.865731463e+03 4.090832877e+00 3.927030995e+00 3.528918089e+00 1.799441310e+00 1.776091162e+00 1.833119128e+00
2.885771543e+03 4.079932509e+00 3.966078464e+00 3.515237539e+00 1.810447673e+00 1.785884318e+00 1.839331961e+00
2.905811623e+03 4.066778241e+00 4.005199389e+00 3.504170660e+00 1.821273035e+00 1.795834196e+00 1.845706780e+00
2.925851703e+03 4.051567427e+00 4.044164924e+00 3.495743352e+00 1.831945759e+00 1.805912801e+00 1.852233475e+00
2.945891784e+03 4.034506675e+00 4.082749495e+00 3.489968567e+00 1.842490916e+00 1.816100064e+00 1.858897210e+00
2.965931864e+03 4.015809891e+00 4.120732001e+00 3.486847072e+00 1.852929000e+00 1.826383409e+00 1.865680169e+00
2.985971944e+03 3.995696402e+00 4.157897072e+00 3.486368087e+00 1.863274968e+00 1.836756992e+00 1.872563307e+00
3.006012024e+03 3.974389145e+00 4.194036379e+00 3.488509802e+00 1.873537646e+00 1.847220634e+00 1.879528032e+00
3.026052104e+03 3.952112951e+00 4.228949990e+00 3.493239777e+00 1.883719507e+00 1.857778520e+00 1.886557735e+00
3.046092184e+03 3.929092897e+00 4.262447762e+00 3.500515250e+00 1.893816823e+00 1.868437722e+00 1.893639110e+00
3.066132265e+03 3.905552763e+00 4.294350735e+00 3.510283342e+00 1.903820173e+00 1.879206643e+00 1.900763206e+00
3.086172345e+03 3.881713567e+00 4.324492532e+00 3.522481206e+00 1.913715274e+00 1.890093433e+00 1.907926158e+00
3.106212425e+03 3.857792192e+00 4.352720718e+00 3.537036113e+00 1.923484083e+00 1.901104491e+00 1.915129579e+00
3.126252505e+03 3.834000118e+00 4.378898107e+00 3.553865520e+00 1.933106104e+00 1.912243086e+00 1.922380613e+00
3.146292585e+03 3.810542237e+00 4.402903991e+00 3.572877117e+00 1.942559853e+00 1.923508206e+00 1.929691621e+00
3.166332665e+03 3.787615790e+00 4.424635240e+00 3.593968892e+00 1.951824375e+00 1.934893666e+00 1.937079543e+00
3.186372745e+03 3.765409383e+00 4.444007284e+00 3.617029227e+00 1.960880745e+00 1.946387515e+00 1.944564996e+00
3.206412826e+03 3.744102139e+00 4.460954909e+00 3.641937048e+00 1.969713479e+00 1.957971799e+00 1.952171105e+00
3.226452906e+03 3.723862933e+00 4.475432870e+00 3.668562045e+00 1.978311760e+00 1.969622675e+00 1.959922190e+00
3.246492986e+03 3.704849759e+00 4.487416302e+00 3.696764976e+00 1.986670431e+00 1.981310851e+00 1.967842342e+00
3.266533066e+03 3.687209185e+00 4.496900893e+00 3.726398078e+00 1.994790697e+00 1.993002372e+00 1.975953980e+00
3.286573146e+03 3.671075939e+00 4.503902830e+00 3.757305575e+00 2.002680483e+00 2.004659687e+00 1.984276461e+00
3.306613226e+03 3.656572579e+00 4.508458501e+00 3.789324314e+00 2.010354441e+00 2.016242942e+00 1.992824822e+00
3.326653307e+03 3.643809275e+00 4.510623968e+00 3.822284512e+00 2.017833614e+00 2.027711441e+00 2.001608711e+00
3.346693387e+03 3.632883679e+00 4.510474211e+00 3.856010619e+00 2.025144752e+00 2.039025201e+00 2.010631562e+00
3.366733467e+03 3.623880882e+00 4.508102143e+00 3.890322300e+00 2.032319311e+00 2.050146516e+00 2.019890090e+00
3.386773547e+03 3.616873444e+00 4.503617455e+00 3.925035513e+00 2.039392245e+00 2.061041436e+00 2.029374068e+00
3.406813627e+03 3.611921496e+00 4.497145274e+00 3.959963686e+00 2.046400577e+00 2.071681101e+00 2.039066474e+00
3.426853707e+03 3.609072889e+00 4.488824688e+00 3.994918967e+00 2.053381883e+00 2.082042832e+00 2.048943956e+00
3.446893788e+03 3.608363395e+00 4.478807153e+00 4.029713540e+00 2.060372747e+00 2.092110957e+00 2.058977590e+00
3.466933868e+03 3.609816940e+00 4.467254827e+00 4.064160980e+00 2.067407260e+00 2.101877284e+00 2.069133934e+00
3.486973948e+03 3.613445859e+00 4.454338850e+00 4.098077639e+00 2.074515666e+00 2.111341213e+00 2.079376286e+00
3.507014028e+03 3.619251166e+00 4.440237612e+00 4.131284038e+00 2.081723191e+00 2.120509509e+00 2.089666094e+00
3.527054108e+03 3.627222834e+00 4.425135029e+00 4.163606241e+00 2.089049137e+00 2.129395699e+00 2.099964453e+00
3.547094188e+03 3.637340066e+00 4.409218863e+00 4.194877208e+00 2.096506282e+00 2.138019160e+00 2.110233605e+00
3.567134269e+03 3.649571563e+00 4.392679097e+00 4.224938097e+00 2.104100596e+00 2.146403963e+00 2.120438357e+00
3.587174349e+03 3.663875786e+00 4.375706394e+00 4.253639508e+00 2.111831298e+00 2.154577503e+00 2.130547350e+00
3.607214429e+03 3.680201195e+00 4.358490653e+00 4.280842657e+00 2.119691250e+00 2.162569020e+00 2.140534112e+00
3.627254509e+03 3.698486488e+00 4.341219670e+00 4.306420458e+00 2.127667645e+00 2.170408087e+00 2.150377826e+00
3.647294589e+03 3.718660815e+00 4.324077903e+00 4.330258522e+00 2.135742949e+00 2.178123140e+00 2.160063811e+00
3.667334669e+03 3.740644000e+00 4.307245367e+00 4.352256046e+00 2.143896072e+00 2.185740141e+00 2.169583636e+00
3.687374749e+03 3.764346751e+00 4.290896636e+00 4.372326599e+00 2.152103662e+00 2.193281442e+00 2.178934911e+00
3.707414830e+03 3.789670886e+00 4.275199947e+00 4.390398791e+00 2.160341464e+00 2.200764887e+00 2.188120777e+00
3.727454910e+03 3.816509571e+00 4.260316430e+00 4.406416820e+00 2.168585677e+00 2.208203232e+00 2.197149091e+00
3.747494990e+03 3.844747586e+00 4.246399414e+00 4.420340897e+00 2.176814221e+00 2.215603877e+00 2.206031383e+00
3.767535070e+03 3.874261630e+00 4.233593838e+00 4.432147543e+00 2.185007851e+00 2.222968919e+00 2.214781666e+00
3.787575150e+03 3.904920678e+00 4.222035729e+00 4.441829748e+00 2.193151051e+00 2.230295529e+00 2.223415134e+00
3.807615230e+03 3.936586398e+00 4.211851762e+00 4.449396989e+00 2.201232665e+00 2.237576613e+00 2.231946861e+00
3.827655311e+03 3.969113649e+00 4.203158868e+00 4.454875117e+00 2.209246238e+00 2.244801706e+00 2.240390556e+00
3.847695391e+03 4.002351049e+00 4.196063904e+00 4.458306095e+00 2.217190050e+00 2.251958042e+00 2.248757441e+00
3.867735471e+03 4.036141655e+00 4.190663363e+00 4.459747588e+00 2.225066828e+00 2.259031747e+00 2.257055367e+00
3.887775551e+03 4.070323725e+00 4.187043118e+00 4.459272416e+00 2.232883199e+00 2.266009061e+00 2.265288131e+00
3.907815631e+03 4.104731592e+00 4.185278202e+00 4.456967868e+00 2.240648913e+00 2.272877499e+00 2.273455075e+00
3.927855711e+03 4.139196639e+00 4.185432616e+00 4.452934874e+00 2.248375819e+00 2.279626955e+00 2.281551068e+00
3.947895792e+03 4.173548372e+00 4.187559156e+00 4.447287055e+00 2.256076795e+00 2.286250565e+00 2.289566645e+00
3.967935872e+03 4.207615592e+00 4.191699264e+00 4.440149652e+00 2.263764567e+00 2.292745392e+00 2.297488561e+00
3.987975952e+03 4.241227643e+00 4.197882906e+00 4.431658354e+00 2.271450562e+00 2.299112819e+00 2.305300514e+00
4.008016032e+03 4.274215739e+00 4.206128464e+00 4.421958031e+00 2.279143861e+00 2.305358653e+00 2.312984093e+00
4.028056112e+03 4.306414337e+00 4.216442658e+00 4.411201396e+00 2.286850270e+00 2.311492962e+00 2.320519866e+00
4.048096192e+03 4.337662550e+00 4.228820486e+00 4.399547618e+00 2.294571629e+00 2.317529604e+00 2.327888517e+00
4.068136273e+03 4.367805569e+00 4.243245204e+00 4.387160886e+00 2.302305348e+00 2.323485516e+00 2.335072026e+00
4.088176353e+03 4.396696079e+00 4.259688329e+00 4.374208976e+00 2.310044191e+00 2.329379833e+00 2.342054729e+00
4.108216433e+03 4.424195641e+00 4.278109678e+00 4.360861807e+00 2.317776360e+00 2.335232821e+00 2.348824289e+00
4.128256513e+03 4.450176011e+00 4.298457456e+00 4.347290033e+00 2.325485870e+00 2.341064737e+00 2.355372441e+00
4.148296593e+03 4.474520389e+00 4.320668385e+00 4.333663665e+00 2.333153116e+00 2.346894699e+00 2.361695524e+00
4.168336673e+03 4.497124555e+00 4.344667879e+00 4.320150765e+00 2.340755710e+00 2.352739579e+00 2.367794730e+00
4.188376754e+03 4.517897900e+00 4.370370285e+00 4.306916202e+00 2.348269363e+00 2.358613073e+00 2.373676149e+00
4.208416834e+03 4.536764264e+00 4.397679184e+00 4.294120511e+00 2.355669276e+00 2.364524780e+00 2.379350220e+00
4.228456914e+03 4.553662810e+00 4.426487686e+00 4.281918759e+00 2.362930730e+00 2.370479786e+00 2.384831620e+00
4.248496994e+03 4.568548272e+00 4.456679038e+00 4.270459717e+00 2.370030624e+00 2.376478235e+00 2.390138073e+00
4.268537074e+03 4.581391435e+00 4.488127044e+00 4.259884980e+00 2.376948246e+00 2.382515299e+00 2.395289629e+00
4.288577154e+03 4.592179894e+00 4.520696355e+00 4.250327931e+00 2.383666277e+00 2.388581171e+00 2.400307642e+00
4.308617234e+03 4.600917328e+00 4.554243572e+00 4.241913406e+00 2.390171376e+00 2.394661736e+00 2.405213516e+00
4.328657315e+03 4.607623674e+00 4.588617784e+00 4.234757004e+00 2.396454640e+00 2.400739123e+00 2.410027697e+00
4.348697395e+03 4.612334867e+00 4.623661346e+00 4.228964576e+00 2.402511825e+00 2.406792504e+00 2.414768647e+00
4.368737475e+03 4.615102285e+00 4.659210849e+00 4.224631845e+00 2.408343275e+00 2.412799128e+00 2.419451892e+00
4.388777555e+03 4.615992143e+00 4.695098060e+00 4.221844084e+00 2.413953642e+00 2.418735291e+00 2.424089334e+00
4.408817635e+03 4.615084688e+00 4.731151023e+00 4.220675844e+00 2.419351339e+00 2.424577432e+00 2.428688721e+00
4.428857715e+03 4.612473345e+00 4.767195124e+00 4.221190758e+00 2.424547782e+00 2.430303239e+00 2.433253309e+00
4.448897796e+03 4.608263692e+00 4.803054299e+00 4.223441385e+00 2.429556616e+00 2.435892357e+00 2.437781930e+00
4.468937876e+03 4.602572357e+00 4.838552277e+00 4.227469089e+00 2.434392697e+00 2.441327345e+00 2.442269083e+00
4.488977956e+03 4.595525831e+00 4.873513869e+00 4.233303966e+00 2.439071112e+00 2.446594202e+00 2.446705379e+00
4.509018036e+03 4.587259237e+00 4.907766279e+00 4.240964793e+00 2.443606230e+00 2.451682731e+00 2.451078143e+00
4.529058116e+03 4.577915045e+00 4.941140448e+00 4.250459013e+00 2.448010800e+00 2.456586712e+00 2.455372149e+00
4.549098196e+03 4.567641721e+00 4.973472436e+00 4.261782728e+00 2.452295146e+00 2.461303828e+00 2.459570494e+00
4.569138277e+03 4.556592416e+00 5.004604749e+00 4.274920742e+00 2.456466586e+00 2.465835323e+00 2.463655523e+00
4.589178357e+03 4.544923641e+00 5.034387666e+00 4.289846606e+00 2.460528974e+00 2.470185571e+00 2.467609703e+00
4.609218437e+03 4.532793935e+00 5.062680527e+00 4.306522706e+00 2.464482494e+00 2.474361383e+00 2.471416519e+00
4.629258517e+03 4.520362616e+00 5.089352942e+00 4.324900370e+00 2.468323632e+00 2.478371264e+00 2.475061219e+00
4.649298597e+03 4.507788487e+00 5.114286008e+00 4.344919990e+00 2.472045358e+00 2.482224541e+00 2.478531477e+00
4.669338677e+03 4.495228634e+00 5.137373387e+00 4.366511220e+00 2.475637517e+00 2.485930483e+00 2.481817862e+00
4.689378758e+03 4.482837403e+00 5.158521910e+00 4.389593425e+00 2.479087399e+00 2.489497509e+00 2.484914012e+00
4.709418838e+03 4.470765223e+00 5.177652895e+00 4.414075616e+00 2.482380299e+00 2.492932385e+00 2.487816841e+00
4.729458918e+03 4.459157594e+00 5.194702842e+00 4.439856806e+00 2.485500285e+00 2.496239530e+00 2.490526420e+00
4.749498998e+03 4.448154292e+00 5.209623540e+00 4.466826737e+00 2.488430953e+00 2.499420592e+00 2.493045529e+00
4.769539078e+03 4.437888351e+00 5.222382883e+00 4.494866130e+00 2.491156371e+00 2.502473880e+00 2.495379352e+00
4.789579158e+03 4.428485582e+00 5.232964640e+00 4.523847390e+00 2.493661527e+00 2.505394450e+00 2.497534714e+00
4.809619238e+03 4.420063594e+00 5.241369126e+00 4.553634965e+00 2.495933112e+00 2.508173881e+00 2.499519505e+00
4.829659319e+03 4.412731343e+00 5.247612712e+00 4.584086280e+00 2.497960000e+00 2.510800540e+00 2.501341837e+00
4.849699399e+03 4.406588680e+00 5.251727504e+00 4.615052501e+00 2.499733563e+00 2.513259902e+00 2.503009273e+00
4.869739479e+03 4.401725804e+00 5.253761085e+00 4.646379331e+00 2.501247879e+00 2.515534969e+00 2.504528071e+00
4.889779559e+03 4.398222922e+00 5.253775874e+00 4.677907976e+00 2.502499743e+00 2.517606828e+00 2.505902462e+00
4.909819639e+03 4.396149956e+00 5.251848368e+00 4.709476160e+00 2.503488499e+00 2.519455267e+00 2.507134026e+00
4.929859719e+03 4.395566278e+00 5.248068229e+00 4.740919267e+00 2.504215698e+00 2.521059453e+00 2.508221138e+00
4.949899800e+03 4.396520534e+00 5.242537309e+00 4.772071447e+00 2.504684612e+00 2.522398556e+00 2.509158608e+00
4.969939880e+03 4.399050540e+00 5.235368598e+00 4.802766732e+00 2.504899625e+00 2.523452269e+00 2.509937471e+00
4.989979960e+03 4.403183182e+00 5.226685008e+00 4.832840300e+00 2.504865550e+00 2.524201310e+00 2.510544841e+00
5.010020040e+03 4.408934386e+00 5.216618084e+00 4.862129744e+00 2.504586795e+00 2.524627897e+00 2.510963914e+00
5.030060120e+03 4.416309109e+00 5.205306731e+00 4.890476293e+00 2.504066670e+00 2.524715837e+00 2.511174093e+00
5.050100200e+03 4.425301419e+00 5.192895849e+00 4.917726060e+00 2.503306448e+00 2.524450713e+00 2.511151222e+00
5.070140281e+03 4.435894576e+00 5.179534968e+00 4.943731266e+00 2.502304633e+00 2.523819739e+00 2.510867847e+00
5.090180361e+03 4.448061158e+00 5.165376897e+00 4.968351420e+00 2.501056171e+00 2.522811518e+00 2.510293516e+00
5.110220441e+03 4.461763230e+00 5.150576371e+00 4.991454451e+00 2.499551772e+00 2.521415572e+00 2.509395035e+00
5.130260521e+03 4.476952552e+00 5.135288753e+00 5.012917761e+00 2.497777198e+00 2.519621771e+00 2.508136704e+00
5.150300601e+03 4.493570830e+00 5.119668732e+00 5.032629221e+00 2.495712798e+00 2.517419506e+00 2.506480432e+00
5.170340681e+03 4.511550007e+00 5.103869139e+00 5.050488025e+00 2.493332839e+00 2.514796834e+00 2.504385729e+00
5.190380762e+03 4.530812589e+00 5.088039803e+00 5.066405461e+00 2.490605087e+00 2.511739358e+00 2.501809424e+00
5.210420842e+03 4.551272028e+00 5.072326450e+00 5.080305575e+00 2.487490255e+00 2.508229103e+00 2.498705265e+00
5.230460922e+03 4.572833148e+00 5.056869734e+00 5.092125674e+00 2.483941462e+00 2.504243161e+00 2.495023115e+00
5.250501002e+03 4.595392620e+00 5.041804310e+00 5.101816713e+00 2.479903638e+00 2.499752250e+00 2.490707869e+00
5.270541082e+03 4.618839493e+00 5.027258004e+00 5.109343538e+00 2.475312684e+00 2.494719170e+00 2.485697962e+00
5.290581162e+03 4.643055767e+00 5.013351098e+00 5.114684956e+00 2.470094481e+00 2.489097007e+00 2.479923314e+00
5.310621242e+03 4.667917044e+00 5.000195652e+00 5.117833698e+00 2.464163686e+00 2.482827136e+00 2.473302778e+00
5.330661323e+03 4.693293199e+00 4.987894947e+00 5.118796212e+00 2.457421931e+00 2.475837057e+00 2.465740902e+00
5.350701403e+03 4.719049134e+00 4.976542993e+00 5.117592324e+00 2.449755712e+00 2.468037760e+00 2.457123838e+00
5.370741483e+03 4.745045559e+00 4.966224122e+00 5.114254760e+00 2.441033598e+00 2.459320701e+00 2.447314294e+00
5.390781563e+03 4.771139835e+00 4.957012648e+00 5.108828541e+00 2.431102737e+00 2.449554198e+00 2.436145282e+00
5.410821643e+03 4.797186874e+00 4.948972600e+00 5.101370249e+00 2.419784510e+00 2.438579115e+00 2.423412452e+00
5.430861723e+03 4.823040042e+00 4.942157520e+00 5.091947206e+00 2.406869362e+00 2.426203765e+00 2.408864927e+00
5.450901804e+03 4.848552124e+00 4.936610320e+00 5.080636543e+00 2.392110602e+00 2.412197729e+00 2.392194164e+00
5.470941884e+03 4.873576305e+00 4.932363187e+00 5.067524189e+00 2.375217502e+00 2.396284801e+00 2.373021267e+00
5.490981964e+03 4.897967175e+00 4.929437548e+00 5.052703797e+00 2.355847836e+00 2.378134812e+00 2.350882788e+00
5.511022044e+03 4.921581725e+00 4.927844072e+00 5.036275608e+00 2.333600954e+00 2.357355456e+00 2.325216779e+00
5.531062124e+03 4.944280361e+00 4.927582718e+00 5.018345283e+00 2.308012237e+00 2.333483906e+00 2.295351021e+00
5.551102204e+03 4.965927886e+00 4.928642812e+00 4.999022703e+00 2.278551900e+00 2.305981567e+00 2.260499368e+00
5.571142285e+03 4.986394455e+00 4.931003161e+00 4.978420735e+00 2.244631254e+00 2.274234380e+00 2.219774042e+00
5.591182365e+03 5.005556487e+00 4.934632187e+00 4.956653977e+00 2.205621660e+00 2.237564751e+00 2.172227028e+00
5.611222445e+03 5.023297494e+00 4.939488083e+00 4.933837471e+00 2.160892156e+00 2.195263023e+00 2.116936572e+00
5.631262525e+03 5.039508810e+00 4.945518967e+00 4.910085351e+00 2.109871397e+00 2.146648357e+00 2.053153104e+00
5.651302605e+03 5.054090215e+00 4.952663021e+00 4.885509395e+00 2.052136853e+00 2.091168471e+00 1.980507281e+00
5.671342685e+03 5.066950373e+00 4.960848616e+00 4.860217462e+00 1.987526195e+00 2.028540196e+00 1.899251722e+00
5.691382766e+03 5.078007104e+00 4.969994381e+00 4.834311807e+00 1.916254205e+00 1.958915484e+00 1.810465718e+00
5.711422846e+03 5.087187471e+00 4.980009227e+00 4.807887305e+00 1.839005141e+00 1.883031074e+00 1.716118344e+00
5.731462926e+03 5.094427692e+00 4.990792322e+00 4.781029728e+00 1.756962840e+00 1.802275104e+00 1.618901253e+00
5.751503006e+03 5.099672936e+00 5.002233076e+00 4.753814243e+00 1.671748269e+00 1.718605095e+00 1.521831062e+00
5.771543086e+03 5.102877080e+00 5.014211177e+00 4.726304302e+00 1.585259339e+00 1.634299425e+00 1.427742406e+00
5.791583166e+03 5.104002506e+00 5.026596775e+00 4.698551025e+00 1.499443624e+00 1.551603073e+00 1.338857791e+00
5.811623246e+03 5.103020009e+00 5.039250836e+00 4.670592993e+00 1.416063111e+00 1.472390100e+00 1.256574468e+00
5.831663327e+03 5.099908823e+00 5.052025669e+00 4.642456293e+00 1.336512771e+00 1.397955402e+00 1.181486760e+00
5.851703407e+03 5.094656737e+00 5.064765553e+00 4.614154601e+00 1.261731965e+00 1.328978140e+00 1.113564870e+00
5.871743487e+03 5.087260225e+00 5.077307372e+00 4.585689144e+00 1.192210834e+00 1.265619800e+00 1.052381884e+00
5.891783567e+03 5.077724512e+00 5.089481185e+00 4.557048492e+00 1.128064770e+00 1.207683281e+00 9.973126030e-01
5.911823647e+03 5.066063497e+00 5.101110696e+00 4.528208187e+00 1.069139268e+00 1.154768746e+00 9.476730357e-01
5.931863727e+03 5.052299517e+00 5.112013623e+00 4.499130281e+00 1.015113431e+00 1.106392484e+00 9.028019965e-01
5.951903808e+03 5.036462955e+00 5.122001991e+00 4.469762856e+00 9.655838363e-01 1.062062389e+00 8.621000468e-01
5.971943888e+03 5.018591685e+00 5.130882393e+00 4.440039613e+00 9.201232077e-01 1.021317983e+00 8.250421136e-01
5.991983968e+03 4.998730445e+00 5.138456241e+00 4.409879535e+00 8.783163918e-01 9.837471829e-01 7.911764014e-01
6.012024048e+03 4.976930118e+00 5.144520063e+00 4.379186756e+00 8.397792105e-01 9.489895427e-01 7.601170321e-01
6.032064128e+03 4.953246987e+00 5.148865844e+00 4.347850603e+00 8.041660768e-01 9.167331266e-01 7.315349880e-01
6.052104208e+03 4.927741992e+00 5.151281473e+00 4.315745895e+00 7.711710210e-01 8.867088980e-01 7.051492706e-01
6.072144289e+03 4.900479978e+00 5.151551315e+00 4.282733544e+00 7.405253388e-01 8.586846543e-01 6.807190458e-01
6.092184369e+03 4.871528993e+00 5.149456964e+00 4.248661504e+00 7.119937973e-01 8.324594090e-01 6.580370149e-01
6.112224449e+03 4.840959601e+00 5.144778234e+00 4.213366139e+00 6.853704809e-01 8.078585055e-01 6.369239094e-01
6.132264529e+03 4.808844254e+00 5.137294460e+00 4.176674077e+00 6.604748240e-01 7.847295228e-01 6.172239970e-01
6.152304609e+03 4.775256702e+00 5.126786187e+00 4.138404612e+00 6.371480688e-01 7.629388620e-01 5.988013781e-01
6.172344689e+03 4.740271449e+00 5.113037340e+00 4.098372713e+00 6.152501687e-01 7.423689132e-01 5.815369415e-01
6.192384770e+03 4.703963254e+00 5.095838000e+00 4.056392731e+00 5.946571692e-01 7.229157358e-01 5.653258856e-01
6.212424850e+03 4.666406666e+00 5.074987844e+00 4.012282776e+00 5.752589810e-01 7.044871060e-01 5.500756388e-01
6.232464930e+03 4.627675583e+00 5.050300361e+00 3.965869805e+00 5.569575013e-01 6.870009239e-01 5.357041290e-01
6.252505010e+03 4.587842817e+00 5.021607945e+00 3.916995405e+00 5.396650430e-01 6.703838057e-01 5.221383729e-01
6.272545090e+03 4.546979678e+00 4.988767670e+00 3.865521980e+00 5.233029473e-01 6.545699733e-01 5.093132114e-01
6.292585170e+03 4.505155504e+00 4.951668153e+00 3.811339566e+00 5.078005082e-01 6.395002960e-01 4.971703510e-01
6.312625251e+03 4.462437196e+00 4.910236661e+00 3.754372426e+00 4.930939416e-01 6.251214390e-01 4.856574425e-01
6.332665331e+03 4.418888693e+00 4.864446838e+00 3.694585654e+00 4.791255874e-01 6.113851764e-01 4.747273716e-01
6.352705411e+03 4.374570409e+00 4.814326378e+00 3.631991125e+00 4.658431702e-01 5.982477726e-01 4.643376040e-01
6.372745491e+03 4.329538635e+00 4.759963910e+00 3.566652209e+00 4.531991973e-01 5.856694725e-01 4.544496524e-01
6.392785571e+03 4.283844951e+00 4.701514697e+00 3.498686959e+00 4.411504263e-01 5.736140541e-01 4.450286084e-01
6.412825651e+03 4.237535634e+00 4.639204480e+00 3.428269431e+00 4.296573916e-01 5.620484271e-01 4.360427256e-01
6.432865731e+03 4.190651160e+00 4.573330349e+00 3.355628426e+00 4.186840083e-01 5.509423017e-01 4.274630730e-01
6.452905812e+03 4.143225838e+00 4.504258525e+00 3.281043897e+00 4.081972157e-01 5.402678862e-01 4.192632231e-01
6.472945892e+03 4.095287630e+00 4.432418295e+00 3.204840719e+00 3.981666685e-01 5.299996287e-01 4.114189834e-01
6.492985972e+03 4.046858238e+00 4.358292199e+00 3.127380165e+00 3.885644652e-01 5.201139883e-01 4.039081603e-01
6.513026052e+03 3.997953492e+00 4.282402773e+00 3.049049529e+00 3.793649075e-01 5.105892343e-01 3.967103526e-01
6.533066132e+03 3.948584067e+00 4.205296549e+00 2.970250501e+00 3.705442892e-01 5.014052688e-01 3.898067693e-01
6.553106212e+03 3.898756534e+00 4.127526423e+00 2.891387052e+00 3.620807072e-01 4.925434715e-01 3.831800698e-01
6.573146293e+03 3.848474696e+00 4.049633689e+00 2.812853631e+00 3.539538953e-01 4.839865611e-01 3.768142234e-01
6.593186373e+03 3.797741167e+00 3.972131096e+00 2.735024374e+00 3.461450745e-01 4.757184739e-01 3.706943847e-01
6.613226453e+03 3.746559076e+00 3.895488164e+00 2.658243956e+00 3.386368206e-01 4.677242558e-01 3.648067836e-01
6.633266533e+03 3.694933819e+00 3.820119837e+00 2.582820584e+00 3.314129449e-01 4.599899669e-01 3.591386292e-01
6.653306613e+03 3.642874716e+00 3.746378783e+00 2.509021146e+00 3.244583873e-01 4.525025960e-01 3.536780229e-01
6.673346693e+03 3.590396500e+00 3.674551745e+00 2.437068734e+00 3.177591200e-01 4.452499848e-01 3.484138823e-01
6.693386774e+03 3.537520530e+00 3.604859537e+00 2.367142235e+00 3.113020613e-01 4.382207603e-01 3.433358726e-01
6.713426854e+03 3.484275675e+00 3.537460166e+00 2.299377717e+00 3.050749969e-01 4.314042731e-01 3.384343461e-01
6.733466934e+03 3.430698833e+00 3.472454330e+00 2.233871226e+00 2.990665093e-01 4.247905425e-01 3.337002871e-01
6.753507014e+03 3.376835072e+00 3.409892490e+00 2.170682574e+00 2.932659142e-01 4.183702065e-01 3.291252625e-01
6.773547094e+03 3.322737411e+00 3.349782722e+00 2.109839723e+00 2.876632018e-01 4.121344758e-01 3.247013773e-01
6.793587174e+03 3.268466282e+00 3.292098721e+00 2.051343417e+00 2.822489844e-01 4.060750926e-01 3.204212339e-01
6.813627255e+03 3.214088707e+00 3.236787427e+00 1.995171791e+00 2.770144486e-01 4.001842921e-01 3.162778954e-01
6.833667335e+03 3.159677252e+00 3.183775942e+00 1.941284733e+00 2.719513113e-01 3.944547671e-01 3.122648516e-01
6.853707415e+03 3.105308824e+00 3.132977520e+00 1.889627869e+00 2.670517807e-01 3.888796362e-01 3.083759880e-01
6.873747495e+03 3.051063362e+00 3.084296578e+00 1.840136084e+00 2.623085195e-01 3.834524135e-01 3.046055580e-01
6.893787575e+03 2.997022476e+00 3.037632732e+00 1.792736556e+00 2.577146121e-01 3.781669811e-01 3.009481564e-01
6.913827655e+03 2.943268097e+00 2.992883937e+00 1.747351303e+00 2.532635347e-01 3.730175637e-01 2.973986953e-01
6.933867735e+03 2.889881174e+00 2.949948845e+00 1.703899272e+00 2.489491269e-01 3.679987048e-01 2.939523818e-01
6.953907816e+03 2.836940451e+00 2.908728496e+00 1.662298020e+00 2.447655692e-01 3.631052474e-01 2.906047002e-01
6.973947896e+03 2.784521373e+00 2.869127485e+00 1.622465030e+00 2.407073553e-01 3.583323089e-01 2.873513881e-01
6.993987976e+03 2.732695127e+00 2.831054707e+00 1.584318731e+00 2.367692747e-01 3.536752671e-01 2.841884232e-01
7.014028056e+03 2.681527838e+00 2.794423783e+00 1.547779257e+00 2.329463919e-01 3.491297411e-01 2.811120055e-01
7.034068136e+03 2.631079934e+00 2.759153234e+00 1.512769000e+00 2.292340328e-01 3.446915817e-01 2.781185482e-01
7.054108216e+03 2.581405684e+00 2.725166510e+00 1.479212990e+00 2.256277541e-01 3.403568375e-01 2.752046469e-01
7.074148297e+03 2.532552887e+00 2.692391884e+00 1.447039162e+00 2.221233499e-01 3.361217706e-01 2.723670919e-01
7.094188377e+03 2.484562728e+00 2.660762281e+00 1.416178498e+00 2.187168186e-01 3.319828186e-01 2.696028350e-01
7.114228457e+03 2.437469767e+00 2.630215052e+00 1.386565112e+00 2.154043605e-01 3.279365972e-01 2.669089909e-01
7.134268537e+03 2.391302059e+00 2.600691723e+00 1.358136258e+00 2.121823616e-01 3.239798835e-01 2.642828210e-01
7.154308617e+03 2.346081386e+00 2.572137735e+00 1.330832301e+00 2.090473847e-01 3.201096091e-01 2.617217281e-01
7.174348697e+03 2.301823568e+00 2.544502184e+00 1.304596658e+00 2.059961573e-01 3.163228491e-01 2.592232450e-01
7.194388778e+03 2.258538848e+00 2.517737565e+00 1.279375713e+00 2.030255635e-01 3.126168144e-01 2.567850276e-01
7.214428858e+03 2.216232327e+00 2.491799531e+00 1.255118714e+00 2.001326340e-01 3.089888434e-01 2.544048473e-01
7.234468938e+03 2.174904434e+00 2.466646655e+00 1.231777661e+00 1.973145385e-01 3.054363948e-01 2.520805841e-01
7.254509018e+03 2.134551405e+00 2.442240220e+00 1.209307190e+00 1.945685773e-01 3.019570405e-01 2.498102198e-01
7.274549098e+03 2.095165779e+00 2.418544010e+00 1.187664450e+00 1.918921750e-01 2.985484597e-01 2.475918325e-01
7.294589178e+03 2.056736874e+00 2.395524127e+00 1.166808979e+00 1.892828728e-01 2.952084325e-01 2.454235907e-01
7.314629259e+03 2.019251254e+00 2.373148814e+00 1.146702581e+00 1.867383215e-01 2.919348328e-01 2.433037467e-01
7.334669339e+03 1.982693162e+00 2.351388299e+00 1.127309206e+00 1.842562797e-01 2.887256292e-01 2.412306371e-01
7.354709419e+03 1.947044932e+00 2.330214638e+00 1.108594835e+00 1.818346019e-01 2.855788711e-01 2.392026701e-01
7.374749499e+03 1.912287365e+00 2.309601590e+00 1.090527362e+00 1.794712366e-01 2.824926891e-01 2.372183262e-01
7.394789579e+03 1.878400068e+00 2.289524483e+00 1.073076488e+00 1.771642234e-01 2.794652937e-01 2.352761557e-01
7.414829659e+03 1.845361755e+00 2.269960106e+00 1.056213613e+00 1.749116843e-01 2.764949650e-01 2.333747710e-01
7.434869739e+03 1.813150520e+00 2.250886598e+00 1.039911738e+00 1.727118219e-01 2.735800528e-01 2.315128450e-01
7.454909820e+03 1.781744069e+00 2.232283356e+00 1.024145368e+00 1.705629148e-01 2.707189728e-01 2.296891085e-01
7.474949900e+03 1.751119924e+00 2.214130943e+00 1.008890423e+00 1.684633132e-01 2.679102022e-01 2.279023459e-01
7.494989980e+03 1.721255594e+00 2.196411006e+00 9.941241500e-01 1.664114360e-01 2.651522773e-01 2.261513931e-01
7.515030060e+03 1.692128718e+00 2.179106201e+00 9.798250445e-01 1.644057668e-01 2.624437906e-01 2.244351346e-01
7.535070140e+03 1.663717190e+00 2.162200127e+00 9.659727722e-01 1.624448510e-01 2.597833880e-01 2.227525008e-01
7.555110220e+03 1.635999252e+00 2.145677258e+00 9.525480986e-01 1.605272929e-01 2.571697661e-01 2.211024661e-01
7.575150301e+03 1.608953574e+00 2.129522888e+00 9.395328210e-01 1.586517522e-01 2.546016700e-01 2.194840463e-01
7.595190381e+03 1.582559312e+00 2.113723075e+00 9.269097053e-01 1.568169421e-01 2.520778907e-01 2.178962967e-01
7.615230461e+03 1.556796160e+00 2.098264590e+00 9.146624269e-01 1.550216262e-01 2.495972633e-01 2.163383102e-01
7.635270541e+03 1.531644377e+00 2.083134876e+00 9.027755149e-01 1.532646161e-01 2.471586649e-01 2.148092150e-01
7.655310621e+03 1.507084813e+00 2.068322002e+00 8.912343003e-01 1.515447696e-01 2.447610124e-01 2.133081737e-01
7.675350701e+03 1.483098922e+00 2.053814622e+00 8.800248676e-01 1.498609879e-01 2.424032610e-01 2.118343807e-01
7.695390782e+03 1.459668766e+00 2.039601944e+00 8.691340090e-01 1.482122141e-01 2.400844025e-01 2.103870616e-01
7.715430862e+03 1.436777020e+00 2.025673693e+00 8.585491820e-01 1.465974309e-01 2.378034633e-01 2.089654709e-01
7.735470942e+03 1.414406961e+00 2.012020079e+00 8.482584700e-01 1.450156591e-01 2.355595034e-01 2.075688912e-01
7.755511022e+03 1.392542463e+00 1.998631771e+00 8.382505450e-01 1.434659556e-01 2.333516146e-01 2.061966318e-01
7.775551102e+03 1.371167985e+00 1.985499869e+00 8.285146334e-01 1.419474118e-01 2.311789192e-01 2.048480272e-01
7.795591182e+03 1.350268554e+00 1.972615878e+00 8.190404830e-01 1.404591523e-01 2.290405686e-01 2.035224362e-01
7.815631263e+03 1.329829752e+00 1.959971687e+00 8.098183330e-01 1.390003333e-01 2.269357423e-01 2.022192408e-01
7.835671343e+03 1.309837697e+00 1.947559544e+00 8.008388858e-01 1.375701409e-01 2.248636466e-01 2.009378450e-01
7.855711423e+03 1.290279025e+00 1.935372040e+00 7.920932809e-01 1.361677904e-01 2.228235136e-01 1.996776742e-01
7.875751503e+03 1.271140873e+00 1.923402087e+00 7.835730695e-01 1.347925245e-01 2.208145997e-01 1.984381735e-01
7.895791583e+03 1.252410857e+00 1.911642902e+00 7.752701927e-01 1.334436124e-01 2.188361852e-01 1.972188077e-01
7.915831663e+03 1.234077058e+00 1.900087991e+00 7.671769584e-01 1.321203486e-01 2.168875731e-01 1.960190600e-01
7.935871743e+03 1.216127998e+00 1.888731132e+00 7.592860231e-01 1.308220518e-01 2.149680881e-01 1.948384314e-01
7.955911824e+03 1.198552629e+00 1.877566361e+00 7.515903698e-01 1.295480640e-01 2.130770756e-01 1.936764394e-01
7.975951904e+03 1.181340306e+00 1.866587960e+00 7.440832921e-01 1.282977493e-01 2.112139015e-01 1.925326183e-01
7.995991984e+03 1.164480780e+00 1.855790443e+00 7.367583792e-01 1.270704934e-01 2.093779506e-01 1.914065175e-01
8.016032064e+03 1.147964173e+00 1.845168545e+00 7.296094962e-01 1.258657021e-01 2.075686264e-01 1.902977015e-01
8.036072144e+03 1.131780966e+00 1.834717209e+00 7.226307738e-01 1.246828012e-01 2.057853503e-01 1.892057490e-01
8.056112224e+03 1.115921985e+00 1.824431581e+00 7.158165927e-01 1.235212350e-01 2.040275609e-01 1.881302526e-01
8.076152305e+03 1.100378380e+00 1.814306991e+00 7.091615694e-01 1.223804660e-01 2.022947131e-01 1.870708177e-01
8.096192385e+03 1.085141620e+00 1.804338954e+00 7.026605466e-01 1.212599743e-01 2.005862779e-01 1.860270628e-01
8.116232465e+03 1.070203473e+00 1.794523153e+00 6.963085814e-01 1.201592565e-01 1.989017417e-01 1.849986181e-01
8.136272545e+03 1.055555993e+00 1.784855436e+00 6.901009306e-01 1.190778251e-01 1.972406052e-01 1.839851257e-01
8.156312625e+03 1.041191512e+00 1.775331805e+00 6.840330474e-01 1.180152081e-01 1.956023839e-01 1.829862387e-01
8.176352705e+03 1.027102623e+00 1.765948409e+00 6.781005632e-01 1.169709484e-01 1.939866064e-01 1.820016211e-01
8.196392786e+03 1.013282173e+00 1.756701543e+00 6.722992888e-01 1.159446031e-01 1.923928149e-01 1.810309471e-01
8.216432866e+03 9.997232493e-01 1.747587630e+00 6.666251962e-01 1.149357427e-01 1.908205642e-01 1.800739010e-01
8.236472946e+03 9.864191742e-01 1.738603227e+00 6.610744194e-01 1.139439515e-01 1.892694215e-01 1.791301767e-01
8.256513026e+03 9.733634884e-01 1.729745011e+00 6.556432390e-01 1.129688258e-01 1.877389655e-01 1.781994769e-01
8.276553106e+03 9.605499487e-01 1.721009778e+00 6.503280828e-01 1.120099748e-01 1.862287868e-01 1.772815138e-01
8.296593186e+03 9.479725127e-01 1.712394435e+00 6.451255117e-01 1.110670188e-01 1.847384867e-01 1.763760075e-01
8.316633267e+03 9.356253390e-01 1.703895998e+00 6.400322196e-01 1.101395901e-01 1.832676775e-01 1.754826868e-01
8.336673347e+03 9.235027707e-01 1.695511582e+00 6.350450214e-01 1.092273315e-01 1.818159815e-01 1.746012884e-01
8.356713427e+03 9.115993308e-01 1.687238405e+00 6.301608541e-01 1.083298964e-01 1.803830311e-01 1.737315563e-01
8.376753507e+03 8.999097123e-01 1.679073774e+00 6.253767644e-01 1.074469480e-01 1.789684678e-01 1.728732417e-01
8.396793587e+03 8.884287827e-01 1.671015088e+00 6.206899102e-01 1.065781600e-01 1.775719433e-01 1.720261035e-01
8.416833667e+03 8.771515643e-01 1.663059834e+00 6.160975495e-01 1.057232151e-01 1.761931177e-01 1.711899072e-01
8.436873747e+03 8.660732363e-01 1.655205579e+00 6.115970421e-01 1.048818053e-01 1.748316601e-01 1.703644249e-01
8.456913828e+03 8.551891246e-01 1.647449970e+00 6.071858393e-01 1.040536315e-01 1.734872482e-01 1.695494352e-01
8.476953908e+03 8.444946954e-01 1.639790731e+00 6.028614862e-01 1.032384025e-01 1.721595671e-01 1.687447224e-01
8.496993988e+03 8.339855501e-01 1.632225657e+00 5.986216106e-01 1.024358357e-01 1.708483101e-01 1.679500770e-01
8.517034068e+03 8.236574240e-01 1.624752614e+00 5.944639251e-01 1.016456563e-01 1.695531783e-01 1.671652952e-01
8.537074148e+03 8.135061799e-01 1.617369536e+00 5.903862217e-01 1.008675974e-01 1.682738802e-01 1.663901790e-01
8.557114228e+03 8.035277986e-01 1.610074417e+00 5.863863657e-01 1.001013990e-01 1.670101313e-01 1.656245353e-01
8.577154309e+03 7.937183853e-01 1.602865320e+00 5.824622992e-01 9.934680883e-02 1.657616543e-01 1.648681765e-01
8.597194389e+03 7.840741523e-01 1.595740362e+00 5.786120291e-01 9.860358095e-02 1.645281781e-01 1.641209200e-01
8.617234469e+03 7.745914242e-01 1.588697721e+00 5.748336342e-01 9.787147642e-02 1.633094387e-01 1.633825877e-01
8.637274549e+03 7.652666282e-01 1.581735626e+00 5.711252534e-01 9.715026255e-02 1.621051780e-01 1.626530065e-01
8.657314629e+03 7.560962946e-01 1.574852363e+00 5.674850889e-01 9.643971301e-02 1.609151442e-01 1.619320077e-01
8.677354709e+03 7.470770521e-01 1.568046267e+00 5.639114023e-01 9.573960751e-02 1.597390914e-01 1.612194271e-01
8.697394790e+03 7.382056214e-01 1.561315721e+00 5.604025103e-01 9.504973147e-02 1.585767795e-01 1.605151044e-01
8.717434870e+03 7.294788179e-01 1.554659158e+00 5.569567862e-01 9.436987612e-02 1.574279739e-01 1.598188839e-01
8.737474950e+03 7.208935414e-01 1.548075054e+00 5.535726531e-01 9.369983795e-02 1.562924454e-01 1.591306133e-01
8.757515030e+03 7.124467797e-01 1.541561932e+00 5.502485868e-01 9.303941896e-02 1.551699703e-01 1.584501445e-01
8.777555110e+03 7.041355998e-01 1.535118352e+00 5.469831092e-01 9.238842607e-02 1.540603298e-01 1.577773332e-01
8.797595190e+03 6.959571496e-01 1.528742921e+00 5.437747898e-01 9.174667127e-02 1.529633100e-01 1.571120383e-01
8.817635271e+03 6.879086539e-01 1.522434280e+00 5.406222430e-01 9.111397136e-02 1.518787020e-01 1.564541226e-01
8.837675351e+03 6.799874097e-01 1.516191111e+00 5.375241247e-01 9.049014772e-02 1.508063014e-01 1.558034520e-01
8.857715431e+03 6.721907884e-01 1.510012132e+00 5.344791343e-01 8.987502634e-02 1.497459086e-01 1.551598958e-01
8.877755511e+03 6.645162276e-01 1.503896095e+00 5.314860086e-01 8.926843746e-02 1.486973281e-01 1.545233266e-01
8.897795591e+03 6.569612354e-01 1.497841787e+00 5.285435256e-01 8.867021575e-02 1.476603690e-01 1.538936198e-01
8.917835671e+03 6.495233816e-01 1.491848029e+00 5.256504975e-01 8.808019978e-02 1.466348443e-01 1.532706541e-01
8.937875752e+03 6.422002990e-01 1.485913672e+00 5.228057727e-01 8.749823217e-02 1.456205713e-01 1.526543107e-01
8.957915832e+03 6.349896841e-01 1.480037599e+00 5.200082355e-01 8.692415954e-02 1.446173711e-01 1.520444741e-01
8.977955912e+03 6.278892883e-01 1.474218720e+00 5.172568007e-01 8.635783202e-02 1.436250686e-01 1.514410311e-01
8.997995992e+03 6.208969216e-01 1.468455977e+00 5.145504161e-01 8.579910353e-02 1.426434926e-01 1.508438714e-01
9.018036072e+03 6.140104505e-01 1.462748338e+00 5.118880612e-01 8.524783156e-02 1.416724753e-01 1.502528872e-01
9.038076152e+03 6.072277918e-01 1.457094797e+00 5.092687427e-01 8.470387685e-02 1.407118527e-01 1.496679732e-01
9.058116232e+03 6.005469174e-01 1.451494377e+00 5.066914984e-01 8.416710365e-02 1.397614641e-01 1.490890265e-01
9.078156313e+03 5.939658481e-01 1.445946123e+00 5.041553922e-01 8.363737936e-02 1.388211520e-01 1.485159467e-01
9.098196393e+03 5.874826523e-01 1.440449105e+00 5.016595142e-01 8.311457445e-02 1.378907625e-01 1.479486353e-01
9.118236473e+03 5.810954474e-01 1.435002418e+00 4.992029822e-01 8.259856261e-02 1.369701446e-01 1.473869966e-01
9.138276553e+03 5.748023944e-01 1.429605177e+00 4.967849366e-01 8.208922032e-02 1.360591505e-01 1.468309365e-01
9.158316633e+03 5.686017000e-01 1.424256521e+00 4.944045428e-01 8.158642699e-02 1.351576353e-01 1.462803634e-01
9.178356713e+03 5.624916169e-01 1.418955610e+00 4.920609896e-01 8.109006490e-02 1.342654573e-01 1.457351876e-01
9.198396794e+03 5.564704363e-01 1.413701626e+00 4.897534872e-01 8.060001891e-02 1.333824773e-01 1.451953214e-01
9.218436874e+03 5.505364886e-01 1.408493768e+00 4.874812682e-01 8.011617660e-02 1.325085593e-01 1.446606789e-01
9.238476954e+03 5.446881425e-01 1.403331256e+00 4.852435858e-01 7.963842808e-02 1.316435695e-01 1.441311762e-01
9.258517034e+03 5.389238047e-01 1.398213325e+00 4.830397128e-01 7.916666591e-02 1.307873771e-01 1.436067311e-01
9.278557114e+03 5.332419338e-01 1.393139239e+00 4.808689432e-01 7.870078528e-02 1.299398539e-01 1.430872636e-01
9.298597194e+03 5.276410141e-01 1.388108271e+00 4.787305883e-01 7.824068355e-02 1.291008741e-01 1.425726949e-01
9.318637275e+03 5.221195616e-01 1.383119713e+00 4.766239779e-01 7.778626032e-02 1.282703143e-01 1.420629482e-01
9.338677355e+03 5.166761003e-01 1.378172864e+00 4.745484590e-01 7.733741743e-02 1.274480534e-01 1.415579480e-01
9.358717435e+03 5.113092519e-01 1.373267059e+00 4.725033981e-01 7.689405910e-02 1.266339730e-01 1.410576207e-01
9.378757515e+03 5.060176189e-01 1.368401636e+00 4.704881768e-01 7.645609173e-02 1.258279570e-01 1.405618945e-01
9.398797595e+03 5.007998529e-01 1.363575950e+00 4.685021927e-01 7.602342345e-02 1.250298910e-01 1.400706985e-01
9.418837675e+03 4.956546318e-01 1.358789371e+00 4.665448580e-01 7.559596444e-02 1.242396630e-01 1.395839637e-01
9.438877756e+03 4.905806642e-01 1.354041283e+00 4.646156012e-01 7.517362694e-02 1.234571633e-01 1.391016222e-01
9.458917836e+03 4.855766806e-01 1.349331082e+00 4.627138616e-01 7.475632463e-02 1.226822836e-01 1.386236075e-01
9.478957916e+03 4.806414501e-01 1.344658180e+00 4.608390980e-01 7.434397371e-02 1.219149184e-01 1.381498548e-01
9.498997996e+03 4.757737675e-01 1.340022005e+00 4.589907819e-01 7.393649205e-02 1.211549641e-01 1.376803006e-01
9.519038076e+03 4.709724526e-01 1.335421995e+00 4.571683976e-01 7.353379921e-02 1.204023189e-01 1.372148825e-01
9.539078156e+03 4.662363501e-01 1.330857599e+00 4.553714418e-01 7.313581640e-02 1.196568827e-01 1.367535395e-01
9.559118236e+03 4.615643292e-01 1.326328280e+00 4.535994232e-01 7.274246642e-02 1.189185573e-01 1.362962116e-01
9.579158317e+03 4.569552832e-01 1.321833510e+00 4.518518627e-01 7.235367372e-02 1.181872464e-01 1.358428403e-01
9.599198397e+03 4.524081296e-01 1.317372776e+00 4.501282928e-01 7.196936431e-02 1.174628552e-01 1.353933678e-01
9.619238477e+03 4.479218097e-01 1.312945574e+00 4.484282581e-01 7.158946579e-02 1.167452908e-01 1.349477380e-01
9.639278557e+03 4.434952865e-01 1.308551410e+00 4.467513137e-01 7.121390722e-02 1.160344619e-01 1.345058955e-01
9.659318637e+03 4.391275469e-01 1.304189803e+00 4.450970262e-01 7.084261922e-02 1.153302790e-01 1.340677862e-01
9.679358717e+03 4.348175965e-01 1.299860280e+00 4.434649716e-01 7.047553369e-02 1.146326539e-01 1.336333569e-01
9.699398798e+03 4.305644649e-01 1.295562380e+00 4.418547373e-01 7.011258410e-02 1.139415004e-01 1.332025556e-01
9.719438878e+03 4.263671985e-01 1.291295649e+00 4.402659189e-01 6.975370505e-02 1.132567332e-01 1.327753311e-01
9.739478958e+03 4.222248666e-01 1.287059645e+00 4.386981230e-01 6.939883269e-02 1.125782690e-01 1.323516333e-01
9.759519038e+03 4.181365539e-01 1.282853932e+00 4.371509636e-01 6.904790415e-02 1.119060257e-01 1.319314132e-01
9.779559118e+03 4.141013686e-01 1.278678088e+00 4.356240659e-01 6.870085818e-02 1.112399228e-01 1.315146224e-01
9.799599198e+03 4.101184363e-01 1.274531695e+00 4.341170636e-01 6.835763465e-02 1.105798812e-01 1.311012137e-01
9.819639279e+03 4.061868983e-01 1.270414346e+00 4.326295977e-01 6.801817451e-02 1.099258229e-01 1.306911407e-01
9.839679359e+03 4.023059146e-01 1.266325641e+00 4.311613179e-01 6.768241995e-02 1.092776716e-01 1.302843579e-01
9.859719439e+03 3.984746608e-01 1.262265187e+00 4.297118813e-01 6.735031421e-02 1.086353519e-01 1.298808205e-01
9.879759519e+03 3.946923329e-01 1.258232604e+00 4.282809551e-01 6.702180189e-02 1.079987901e-01 1.294804847e-01
9.899799599e+03 3.909581375e-01 1.254227512e+00 4.268682105e-01 6.669682831e-02 1.073679133e-01 1.290833074e-01
9.919839679e+03 3.872712974e-01 1.250249542e+00 4.254733269e-01 6.637533988e-02 1.067426499e-01 1.286892462e-01
9.939879760e+03 3.836310573e-01 1.246298334e+00 4.240959939e-01 6.605728447e-02 1.061229299e-01 1.282982598e-01
9.959919840e+03 3.800366699e-01 1.242373533e+00 4.227359046e-01 6.574261048e-02 1.055086841e-01 1.279103072e-01
9.979959920e+03 3.764874044e-01 1.238474790e+00 4.213927596e-01 6.543126744e-02 1.048998443e-01 1.275253484e-01
1.000000000e+04 3.729825473e-01 1.234601766e+00 4.200662680e-01 6.512320602e-02 1.042963440e-01 1.271433443e-01
