time            X1              X2              O1              O2             
0.000000000e+00 4.000000000e+00 4.000000000e+00 4.000000000e+00 4.000000000e+00
2.004008016e+00 2.510380415e+00 2.510380415e+00 3.703153989e+00 3.703153989e+00
4.008016032e+00 1.793255738e+00 1.793255738e+00 3.447322971e+00 3.447322971e+00
6.012024048e+00 1.447508265e+00 1.447508265e+00 3.224555735e+00 3.224555735e+00
8.016032064e+00 1.279120060e+00 1.279120060e+00 3.028831563e+00 3.028831563e+00
1.002004008e+01 1.195196365e+00 1.195196365e+00 2.855507869e+00 2.855507869e+00
1.202404810e+01 1.151466654e+00 1.151466654e+00 2.700947226e+00 2.700947226e+00
1.402805611e+01 1.126877955e+00 1.126877955e+00 2.562259307e+00 2.562259307e+00
1.603206413e+01 1.111427733e+00 1.111427733e+00 2.437118437e+00 2.437118437e+00
1.803607214e+01 1.100365172e+00 1.100365172e+00 2.323632130e+00 2.323632130e+00
2.004008016e+01 1.091433705e+00 1.091433705e+00 2.220244716e+00 2.220244716e+00
2.204408818e+01 1.083561066e+00 1.083561066e+00 2.125665602e+00 2.125665602e+00
2.404809619e+01 1.076237270e+00 1.076237270e+00 2.038815117e+00 2.038815117e+00
2.605210421e+01 1.069219304e+00 1.069219304e+00 1.958783121e+00 1.958783121e+00
2.805611222e+01 1.062390933e+00 1.062390933e+00 1.884796979e+00 1.884796979e+00
3.006012024e+01 1.055696124e+00 1.055696124e+00 1.816196544e+00 1.816196544e+00
3.206412826e+01 1.049107467e+00 1.049107467e+00 1.752414401e+00 1.752414401e+00
3.406813627e+01 1.042611154e+00 1.042611154e+00 1.692960139e+00 1.692960139e+00
3.607214429e+01 1.036199859e+00 1.036199859e+00 1.637407715e+00 1.637407715e+00
3.807615230e+01 1.029869349e+00 1.029869349e+00 1.585385220e+00 1.585385220e+00
4.008016032e+01 1.023616886e+00 1.023616886e+00 1.536566571e+00 1.536566571e+00
4.208416834e+01 1.017440451e+00 1.017440451e+00 1.490664642e+00 1.490664642e+00
4.408817635e+01 1.011338389e+00 1.011338389e+00 1.447425626e+00 1.447425626e+00
4.609218437e+01 1.005309233e+00 1.005309233e+00 1.406624330e+00 1.406624330e+00
4.809619238e+01 9.993516217e-01 9.993516217e-01 1.368060253e+00 1.368060253e+00
5.010020040e+01 9.934642588e-01 9.934642588e-01 1.331554327e+00 1.331554327e+00
5.210420842e+01 9.876458935e-01 9.876458935e-01 1.296946036e+00 1.296946036e+00
5.410821643e+01 9.818953146e-01 9.818953146e-01 1.264091169e+00 1.264091169e+00
5.611222445e+01 9.762113415e-01 9.762113415e-01 1.232859765e+00 1.232859765e+00
5.811623246e+01 9.705928195e-01 9.705928195e-01 1.203134397e+00 1.203134397e+00
6.012024048e+01 9.650386259e-01 9.650386259e-01 1.174808696e+00 1.174808696e+00
6.212424850e+01 9.595476622e-01 9.595476622e-01 1.147786060e+00 1.147786060e+00
6.412825651e+01 9.541188502e-01 9.541188502e-01 1.121978613e+00 1.121978613e+00
6.613226453e+01 9.487511415e-01 9.487511415e-01 1.097306186e+00 1.097306186e+00
6.813627255e+01 9.434435158e-01 9.434435158e-01 1.073695509e+00 1.073695509e+00
7.014028056e+01 9.381949650e-01 9.381949650e-01 1.051079490e+00 1.051079490e+00
7.214428858e+01 9.330044988e-01 9.330044988e-01 1.029396571e+00 1.029396571e+00
7.414829659e+01 9.278711679e-01 9.278711679e-01 1.008590172e+00 1.008590172e+00
7.615230461e+01 9.227940439e-01 9.227940439e-01 9.886081981e-01 9.886081981e-01
7.815631263e+01 9.177721959e-01 9.177721959e-01 9.694025998e-01 9.694025998e-01
8.016032064e+01 9.128047262e-01 9.128047262e-01 9.509289919e-01 9.509289919e-01
8.216432866e+01 9.078907578e-01 9.078907578e-01 9.331463084e-01 9.331463084e-01
8.416833667e+01 9.030294308e-01 9.030294308e-01 9.160164996e-01 9.160164996e-01
8.617234469e+01 8.982199038e-01 8.982199038e-01 8.995042594e-01 8.995042594e-01
8.817635271e+01 8.934613529e-01 8.934613529e-01 8.835767822e-01 8.835767822e-01
9.018036072e+01 8.887529719e-01 8.887529719e-01 8.682035452e-01 8.682035452e-01
9.218436874e+01 8.840939713e-01 8.840939713e-01 8.533561136e-01 8.533561136e-01
9.418837675e+01 8.794835782e-01 8.794835782e-01 8.390079596e-01 8.390079596e-01
9.619238477e+01 8.749210356e-01 8.749210356e-01 8.251343274e-01 8.251343274e-01
9.819639279e+01 8.704056021e-01 8.704056021e-01 8.117120633e-01 8.117120633e-01
1.002004008e+02 8.659365519e-01 8.659365519e-01 7.987194761e-01 7.987194761e-01
1.022044088e+02 8.615131743e-01 8.615131743e-01 7.861362642e-01 7.861362642e-01
1.042084168e+02 8.571347725e-01 8.571347725e-01 7.739433808e-01 7.739433808e-01
1.062124248e+02 8.528006634e-01 8.528006634e-01 7.621229411e-01 7.621229411e-01
1.082164329e+02 8.485101773e-01 8.485101773e-01 7.506581366e-01 7.506581366e-01
1.102204409e+02 8.442626594e-01 8.442626594e-01 7.395331561e-01 7.395331561e-01
1.122244489e+02 8.400574685e-01 8.400574685e-01 7.287331124e-01 7.287331124e-01
1.142284569e+02 8.358939765e-01 8.358939765e-01 7.182439736e-01 7.182439736e-01
1.162324649e+02 8.317715665e-01 8.317715665e-01 7.080524988e-01 7.080524988e-01
1.182364729e+02 8.276896296e-01 8.276896296e-01 6.981461978e-01 6.981461978e-01
1.202404810e+02 8.236475674e-01 8.236475674e-01 6.885132723e-01 6.885132723e-01
1.222444890e+02 8.196447954e-01 8.196447954e-01 6.791425553e-01 6.791425553e-01
1.242484970e+02 8.156807439e-01 8.156807439e-01 6.700234876e-01 6.700234876e-01
1.262525050e+02 8.117548675e-01 8.117548675e-01 6.611460642e-01 6.611460642e-01
1.282565130e+02 8.078666370e-01 8.078666370e-01 6.525008070e-01 6.525008070e-01
1.302605210e+02 8.040154847e-01 8.040154847e-01 6.440787250e-01 6.440787250e-01
1.322645291e+02 8.002008823e-01 8.002008823e-01 6.358712868e-01 6.358712868e-01
1.342685371e+02 7.964223139e-01 7.964223139e-01 6.278703899e-01 6.278703899e-01
1.362725451e+02 7.926792709e-01 7.926792709e-01 6.200683349e-01 6.200683349e-01
1.382765531e+02 7.889712563e-01 7.889712563e-01 6.124578000e-01 6.124578000e-01
1.402805611e+02 7.852977808e-01 7.852977808e-01 6.050318189e-01 6.050318189e-01
1.422845691e+02 7.816583641e-01 7.816583641e-01 5.977837589e-01 5.977837589e-01
1.442885772e+02 7.780525345e-01 7.780525345e-01 5.907073013e-01 5.907073013e-01
1.462925852e+02 7.744798294e-01 7.744798294e-01 5.837964256e-01 5.837964256e-01
1.482965932e+02 7.709397943e-01 7.709397943e-01 5.770453879e-01 5.770453879e-01
1.503006012e+02 7.674319827e-01 7.674319827e-01 5.704486994e-01 5.704486994e-01
1.523046092e+02 7.639559569e-01 7.639559569e-01 5.640011294e-01 5.640011294e-01
1.543086172e+02 7.605112864e-01 7.605112864e-01 5.576976744e-01 5.576976744e-01
1.563126253e+02 7.570975488e-01 7.570975488e-01 5.515335574e-01 5.515335574e-01
1.583166333e+02 7.537143298e-01 7.537143298e-01 5.455042189e-01 5.455042189e-01
1.603206413e+02 7.503612214e-01 7.503612214e-01 5.396052805e-01 5.396052805e-01
1.623246493e+02 7.470378235e-01 7.470378235e-01 5.338325553e-01 5.338325553e-01
1.643286573e+02 7.437437428e-01 7.437437428e-01 5.281820376e-01 5.281820376e-01
1.663326653e+02 7.404785930e-01 7.404785930e-01 5.226498861e-01 5.226498861e-01
1.683366733e+02 7.372419945e-01 7.372419945e-01 5.172324188e-01 5.172324188e-01
1.703406814e+02 7.340335746e-01 7.340335746e-01 5.119261074e-01 5.119261074e-01
1.723446894e+02 7.308529667e-01 7.308529667e-01 5.067275706e-01 5.067275706e-01
1.743486974e+02 7.276998108e-01 7.276998108e-01 5.016335599e-01 5.016335599e-01
1.763527054e+02 7.245737529e-01 7.245737529e-01 4.966409447e-01 4.966409447e-01
1.783567134e+02 7.214744451e-01 7.214744451e-01 4.917467260e-01 4.917467260e-01
1.803607214e+02 7.184015454e-01 7.184015454e-01 4.869480283e-01 4.869480283e-01
1.823647295e+02 7.153547176e-01 7.153547176e-01 4.822420802e-01 4.822420802e-01
1.843687375e+02 7.123336312e-01 7.123336312e-01 4.776262201e-01 4.776262201e-01
1.863727455e+02 7.093379611e-01 7.093379611e-01 4.730978851e-01 4.730978851e-01
1.883767535e+02 7.063673879e-01 7.063673879e-01 4.686546098e-01 4.686546098e-01
1.903807615e+02 7.034215980e-01 7.034215980e-01 4.642940185e-01 4.642940185e-01
1.923847695e+02 7.005002822e-01 7.005002822e-01 4.600138250e-01 4.600138250e-01
1.943887776e+02 6.976031369e-01 6.976031369e-01 4.558118262e-01 4.558118262e-01
1.963927856e+02 6.947298631e-01 6.947298631e-01 4.516858988e-01 4.516858988e-01
1.983967936e+02 6.918801668e-01 6.918801668e-01 4.476339959e-01 4.476339959e-01
2.004008016e+02 6.890537590e-01 6.890537590e-01 4.436541428e-01 4.436541428e-01
2.024048096e+02 6.862503554e-01 6.862503554e-01 4.397444349e-01 4.397444349e-01
2.044088176e+02 6.834696764e-01 6.834696764e-01 4.359030336e-01 4.359030336e-01
2.064128257e+02 6.807114466e-01 6.807114466e-01 4.321281644e-01 4.321281644e-01
2.084168337e+02 6.779753952e-01 6.779753952e-01 4.284181139e-01 4.284181139e-01
2.104208417e+02 6.752612556e-01 6.752612556e-01 4.247712267e-01 4.247712267e-01
2.124248497e+02 6.725687658e-01 6.725687658e-01 4.211859036e-01 4.211859036e-01
2.144288577e+02 6.698976675e-01 6.698976675e-01 4.176605984e-01 4.176605984e-01
2.164328657e+02 6.672477070e-01 6.672477070e-01 4.141938169e-01 4.141938169e-01
2.184368737e+02 6.646186341e-01 6.646186341e-01 4.107841132e-01 4.107841132e-01
2.204408818e+02 6.620102030e-01 6.620102030e-01 4.074300897e-01 4.074300897e-01
2.224448898e+02 6.594221714e-01 6.594221714e-01 4.041303931e-01 4.041303931e-01
2.244488978e+02 6.568543010e-01 6.568543010e-01 4.008837145e-01 4.008837145e-01
2.264529058e+02 6.543063569e-01 6.543063569e-01 3.976887858e-01 3.976887858e-01
2.284569138e+02 6.517781081e-01 6.517781081e-01 3.945443799e-01 3.945443799e-01
2.304609218e+02 6.492693270e-01 6.492693270e-01 3.914493076e-01 3.914493076e-01
2.324649299e+02 6.467797897e-01 6.467797897e-01 3.884024171e-01 3.884024171e-01
2.344689379e+02 6.443092756e-01 6.443092756e-01 3.854025918e-01 3.854025918e-01
2.364729459e+02 6.418575674e-01 6.418575674e-01 3.824487497e-01 3.824487497e-01
2.384769539e+02 6.394244511e-01 6.394244511e-01 3.795398415e-01 3.795398415e-01
2.404809619e+02 6.370097161e-01 6.370097161e-01 3.766748496e-01 3.766748496e-01
2.424849699e+02 6.346131548e-01 6.346131548e-01 3.738527872e-01 3.738527872e-01
2.444889780e+02 6.322345628e-01 6.322345628e-01 3.710726968e-01 3.710726968e-01
2.464929860e+02 6.298737387e-01 6.298737387e-01 3.683336483e-01 3.683336483e-01
2.484969940e+02 6.275304841e-01 6.275304841e-01 3.656347404e-01 3.656347404e-01
2.505010020e+02 6.252046036e-01 6.252046036e-01 3.629750968e-01 3.629750968e-01
2.525050100e+02 6.228959046e-01 6.228959046e-01 3.603538657e-01 3.603538657e-01
2.545090180e+02 6.206041975e-01 6.206041975e-01 3.577702228e-01 3.577702228e-01
2.565130261e+02 6.183292952e-01 6.183292952e-01 3.552233640e-01 3.552233640e-01
2.585170341e+02 6.160710136e-01 6.160710136e-01 3.527125087e-01 3.527125087e-01
2.605210421e+02 6.138291713e-01 6.138291713e-01 3.502369004e-01 3.502369004e-01
2.625250501e+02 6.116035892e-01 6.116035892e-01 3.477958010e-01 3.477958010e-01
2.645290581e+02 6.093940912e-01 6.093940912e-01 3.453884938e-01 3.453884938e-01
2.665330661e+02 6.072005035e-01 6.072005035e-01 3.430142828e-01 3.430142828e-01
2.685370741e+02 6.050226547e-01 6.050226547e-01 3.406724895e-01 3.406724895e-01
2.705410822e+02 6.028603761e-01 6.028603761e-01 3.383624545e-01 3.383624545e-01
2.725450902e+02 6.007135013e-01 6.007135013e-01 3.360835367e-01 3.360835367e-01
2.745490982e+02 5.985818663e-01 5.985818663e-01 3.338351108e-01 3.338351108e-01
2.765531062e+02 5.964653093e-01 5.964653093e-01 3.316165698e-01 3.316165698e-01
2.785571142e+02 5.943636709e-01 5.943636709e-01 3.294273218e-01 3.294273218e-01
2.805611222e+02 5.922767938e-01 5.922767938e-01 3.272667898e-01 3.272667898e-01
2.825651303e+02 5.902045232e-01 5.902045232e-01 3.251344123e-01 3.251344123e-01
2.845691383e+02 5.881467062e-01 5.881467062e-01 3.230296439e-01 3.230296439e-01
2.865731463e+02 5.861031919e-01 5.861031919e-01 3.209519507e-01 3.209519507e-01
2.885771543e+02 5.840738319e-01 5.840738319e-01 3.189008126e-01 3.189008126e-01
2.905811623e+02 5.820584796e-01 5.820584796e-01 3.168757261e-01 3.168757261e-01
2.925851703e+02 5.800569903e-01 5.800569903e-01 3.148761965e-01 3.148761965e-01
2.945891784e+02 5.780692216e-01 5.780692216e-01 3.129017425e-01 3.129017425e-01
2.965931864e+02 5.760950327e-01 5.760950327e-01 3.109518963e-01 3.109518963e-01
2.985971944e+02 5.741342851e-01 5.741342851e-01 3.090262007e-01 3.090262007e-01
3.006012024e+02 5.721868418e-01 5.721868418e-01 3.071242093e-01 3.071242093e-01
3.026052104e+02 5.702525679e-01 5.702525679e-01 3.052454869e-01 3.052454869e-01
3.046092184e+02 5.683313303e-01 5.683313303e-01 3.033896102e-01 3.033896102e-01
3.066132265e+02 5.664229976e-01 5.664229976e-01 3.015561641e-01 3.015561641e-01
3.086172345e+02 5.645274401e-01 5.645274401e-01 2.997447443e-01 2.997447443e-01
3.106212425e+02 5.626445300e-01 5.626445300e-01 2.979549571e-01 2.979549571e-01
3.126252505e+02 5.607741412e-01 5.607741412e-01 2.961864168e-01 2.961864168e-01
3.146292585e+02 5.589161490e-01 5.589161490e-01 2.944387470e-01 2.944387470e-01
3.166332665e+02 5.570704308e-01 5.570704308e-01 2.927115811e-01 2.927115811e-01
3.186372745e+02 5.552368652e-01 5.552368652e-01 2.910045605e-01 2.910045605e-01
3.206412826e+02 5.534153326e-01 5.534153326e-01 2.893173342e-01 2.893173342e-01
3.226452906e+02 5.516057148e-01 5.516057148e-01 2.876495594e-01 2.876495594e-01
3.246492986e+02 5.498078955e-01 5.498078955e-01 2.860009030e-01 2.860009030e-01
3.266533066e+02 5.480217596e-01 5.480217596e-01 2.843710376e-01 2.843710376e-01
3.286573146e+02 5.462471934e-01 5.462471934e-01 2.827596433e-01 2.827596433e-01
3.306613226e+02 5.444840849e-01 5.444840849e-01 2.811664073e-01 2.811664073e-01
3.326653307e+02 5.427323236e-01 5.427323236e-01 2.795910261e-01 2.795910261e-01
3.346693387e+02 5.409918002e-01 5.409918002e-01 2.780332003e-01 2.780332003e-01
3.366733467e+02 5.392624069e-01 5.392624069e-01 2.764926377e-01 2.764926377e-01
3.386773547e+02 5.375440372e-01 5.375440372e-01 2.749690527e-01 2.749690527e-01
3.406813627e+02 5.358365861e-01 5.358365861e-01 2.734621675e-01 2.734621675e-01
3.426853707e+02 5.341399498e-01 5.341399498e-01 2.719717083e-01 2.719717083e-01
3.446893788e+02 5.324540260e-01 5.324540260e-01 2.704974076e-01 2.704974076e-01
3.466933868e+02 5.307787133e-01 5.307787133e-01 2.690390043e-01 2.690390043e-01
3.486973948e+02 5.291139121e-01 5.291139121e-01 2.675962432e-01 2.675962432e-01
3.507014028e+02 5.274595236e-01 5.274595236e-01 2.661688735e-01 2.661688735e-01
3.527054108e+02 5.258154504e-01 5.258154504e-01 2.647566500e-01 2.647566500e-01
3.547094188e+02 5.241815963e-01 5.241815963e-01 2.633593333e-01 2.633593333e-01
3.567134269e+02 5.225578665e-01 5.225578665e-01 2.619766887e-01 2.619766887e-01
3.587174349e+02 5.209441669e-01 5.209441669e-01 2.606084862e-01 2.606084862e-01
3.607214429e+02 5.193404050e-01 5.193404050e-01 2.592545002e-01 2.592545002e-01
3.627254509e+02 5.177464893e-01 5.177464893e-01 2.579145111e-01 2.579145111e-01
3.647294589e+02 5.161623293e-01 5.161623293e-01 2.565883030e-01 2.565883030e-01
3.667334669e+02 5.145878357e-01 5.145878357e-01 2.552756640e-01 2.552756640e-01
3.687374749e+02 5.130229203e-01 5.130229203e-01 2.539763866e-01 2.539763866e-01
3.707414830e+02 5.114674960e-01 5.114674960e-01 2.526902678e-01 2.526902678e-01
3.727454910e+02 5.099214767e-01 5.099214767e-01 2.514171099e-01 2.514171099e-01
3.747494990e+02 5.083847772e-01 5.083847772e-01 2.501567170e-01 2.501567170e-01
3.767535070e+02 5.068573137e-01 5.068573137e-01 2.489088979e-01 2.489088979e-01
3.787575150e+02 5.053390029e-01 5.053390029e-01 2.476734650e-01 2.476734650e-01
3.807615230e+02 5.038297630e-01 5.038297630e-01 2.464502362e-01 2.464502362e-01
3.827655311e+02 5.023295129e-01 5.023295129e-01 2.452390308e-01 2.452390308e-01
3.847695391e+02 5.008381725e-01 5.008381725e-01 2.440396721e-01 2.440396721e-01
3.867735471e+02 4.993556625e-01 4.993556625e-01 2.428519871e-01 2.428519871e-01
3.887775551e+02 4.978819049e-01 4.978819049e-01 2.416758064e-01 2.416758064e-01
3.907815631e+02 4.964168223e-01 4.964168223e-01 2.405109641e-01 2.405109641e-01
3.927855711e+02 4.949603384e-01 4.949603384e-01 2.393572966e-01 2.393572966e-01
3.947895792e+02 4.935123776e-01 4.935123776e-01 2.382146437e-01 2.382146437e-01
3.967935872e+02 4.920728653e-01 4.920728653e-01 2.370828483e-01 2.370828483e-01
3.987975952e+02 4.906417279e-01 4.906417279e-01 2.359617572e-01 2.359617572e-01
4.008016032e+02 4.892188924e-01 4.892188924e-01 2.348512188e-01 2.348512188e-01
4.028056112e+02 4.878042869e-01 4.878042869e-01 2.337510846e-01 2.337510846e-01
4.048096192e+02 4.863978400e-01 4.863978400e-01 2.326612090e-01 2.326612090e-01
4.068136273e+02 4.849994814e-01 4.849994814e-01 2.315814496e-01 2.315814496e-01
4.088176353e+02 4.836091415e-01 4.836091415e-01 2.305116663e-01 2.305116663e-01
4.108216433e+02 4.822267516e-01 4.822267516e-01 2.294517211e-01 2.294517211e-01
4.128256513e+02 4.808522437e-01 4.808522437e-01 2.284014788e-01 2.284014788e-01
4.148296593e+02 4.794855504e-01 4.794855504e-01 2.273608070e-01 2.273608070e-01
4.168336673e+02 4.781266054e-01 4.781266054e-01 2.263295761e-01 2.263295761e-01
4.188376754e+02 4.767753430e-01 4.767753430e-01 2.253076575e-01 2.253076575e-01
4.208416834e+02 4.754316982e-01 4.754316982e-01 2.242949258e-01 2.242949258e-01
4.228456914e+02 4.740956066e-01 4.740956066e-01 2.232912572e-01 2.232912572e-01
4.248496994e+02 4.727670048e-01 4.727670048e-01 2.222965309e-01 2.222965309e-01
4.268537074e+02 4.714458301e-01 4.714458301e-01 2.213106287e-01 2.213106287e-01
4.288577154e+02 4.701320203e-01 4.701320203e-01 2.203334329e-01 2.203334329e-01
4.308617234e+02 4.688255140e-01 4.688255140e-01 2.193648287e-01 2.193648287e-01
4.328657315e+02 4.675262503e-01 4.675262503e-01 2.184047031e-01 2.184047031e-01
4.348697395e+02 4.662341693e-01 4.662341693e-01 2.174529452e-01 2.174529452e-01
4.368737475e+02 4.649492116e-01 4.649492116e-01 2.165094470e-01 2.165094470e-01
4.388777555e+02 4.636713184e-01 4.636713184e-01 2.155741008e-01 2.155741008e-01
4.408817635e+02 4.624004316e-01 4.624004316e-01 2.146468014e-01 2.146468014e-01
4.428857715e+02 4.611364936e-01 4.611364936e-01 2.137274451e-01 2.137274451e-01
4.448897796e+02 4.598794478e-01 4.598794478e-01 2.128159304e-01 2.128159304e-01
4.468937876e+02 4.586292378e-01 4.586292378e-01 2.119121580e-01 2.119121580e-01
4.488977956e+02 4.573858081e-01 4.573858081e-01 2.110160293e-01 2.110160293e-01
4.509018036e+02 4.561491036e-01 4.561491036e-01 2.101274477e-01 2.101274477e-01
4.529058116e+02 4.549190699e-01 4.549190699e-01 2.092463181e-01 2.092463181e-01
4.549098196e+02 4.536956532e-01 4.536956532e-01 2.083725470e-01 2.083725470e-01
4.569138277e+02 4.524788002e-01 4.524788002e-01 2.075060434e-01 2.075060434e-01
4.589178357e+02 4.512684582e-01 4.512684582e-01 2.066467165e-01 2.066467165e-01
4.609218437e+02 4.500645752e-01 4.500645752e-01 2.057944776e-01 2.057944776e-01
4.629258517e+02 4.488670995e-01 4.488670995e-01 2.049492391e-01 2.049492391e-01
4.649298597e+02 4.476759800e-01 4.476759800e-01 2.041109151e-01 2.041109151e-01
4.669338677e+02 4.464911665e-01 4.464911665e-01 2.032794217e-01 2.032794217e-01
4.689378758e+02 4.453126088e-01 4.453126088e-01 2.024546755e-01 2.024546755e-01
4.709418838e+02 4.441402576e-01 4.441402576e-01 2.016365944e-01 2.016365944e-01
4.729458918e+02 4.429740639e-01 4.429740639e-01 2.008250981e-01 2.008250981e-01
4.749498998e+02 4.418139794e-01 4.418139794e-01 2.000201071e-01 2.000201071e-01
4.769539078e+02 4.406599563e-01 4.406599563e-01 1.992215445e-01 1.992215445e-01
4.789579158e+02 4.395119471e-01 4.395119471e-01 1.984293330e-01 1.984293330e-01
4.809619238e+02 4.383699048e-01 4.383699048e-01 1.976433970e-01 1.976433970e-01
4.829659319e+02 4.372337832e-01 4.372337832e-01 1.968636623e-01 1.968636623e-01
4.849699399e+02 4.361035362e-01 4.361035362e-01 1.960900556e-01 1.960900556e-01
4.869739479e+02 4.349791185e-01 4.349791185e-01 1.953225048e-01 1.953225048e-01
4.889779559e+02 4.338604850e-01 4.338604850e-01 1.945609401e-01 1.945609401e-01
4.909819639e+02 4.327475913e-01 4.327475913e-01 1.938052911e-01 1.938052911e-01
4.929859719e+02 4.316403932e-01 4.316403932e-01 1.930554890e-01 1.930554890e-01
4.949899800e+02 4.305388472e-01 4.305388472e-01 1.923114662e-01 1.923114662e-01
4.969939880e+02 4.294429099e-01 4.294429099e-01 1.915731560e-01 1.915731560e-01
4.989979960e+02 4.283525388e-01 4.283525388e-01 1.908404927e-01 1.908404927e-01
5.010020040e+02 4.272676915e-01 4.272676915e-01 1.901134128e-01 1.901134128e-01
5.030060120e+02 4.261883262e-01 4.261883262e-01 1.893918520e-01 1.893918520e-01
5.050100200e+02 4.251144014e-01 4.251144014e-01 1.886757477e-01 1.886757477e-01
5.070140281e+02 4.240458761e-01 4.240458761e-01 1.879650381e-01 1.879650381e-01
5.090180361e+02 4.229827095e-01 4.229827095e-01 1.872596624e-01 1.872596624e-01
5.110220441e+02 4.219248615e-01 4.219248615e-01 1.865595610e-01 1.865595610e-01
5.130260521e+02 4.208722924e-01 4.208722924e-01 1.858646753e-01 1.858646753e-01
5.150300601e+02 4.198249627e-01 4.198249627e-01 1.851749469e-01 1.851749469e-01
5.170340681e+02 4.187828334e-01 4.187828334e-01 1.844903186e-01 1.844903186e-01
5.190380762e+02 4.177458657e-01 4.177458657e-01 1.838107339e-01 1.838107339e-01
5.210420842e+02 4.167140215e-01 4.167140215e-01 1.831361373e-01 1.831361373e-01
5.230460922e+02 4.156872628e-01 4.156872628e-01 1.824664741e-01 1.824664741e-01
5.250501002e+02 4.146655523e-01 4.146655523e-01 1.818016909e-01 1.818016909e-01
5.270541082e+02 4.136488527e-01 4.136488527e-01 1.811417340e-01 1.811417340e-01
5.290581162e+02 4.126371273e-01 4.126371273e-01 1.804865512e-01 1.804865512e-01
5.310621242e+02 4.116303395e-01 4.116303395e-01 1.798360908e-01 1.798360908e-01
5.330661323e+02 4.106284534e-01 4.106284534e-01 1.791903018e-01 1.791903018e-01
5.350701403e+02 4.096314333e-01 4.096314333e-01 1.785491343e-01 1.785491343e-01
5.370741483e+02 4.086392438e-01 4.086392438e-01 1.779125390e-01 1.779125390e-01
5.390781563e+02 4.076518499e-01 4.076518499e-01 1.772804670e-01 1.772804670e-01
5.410821643e+02 4.066692169e-01 4.066692169e-01 1.766528702e-01 1.766528702e-01
5.430861723e+02 4.056913103e-01 4.056913103e-01 1.760297012e-01 1.760297012e-01
5.450901804e+02 4.047180963e-01 4.047180963e-01 1.754109132e-01 1.754109132e-01
5.470941884e+02 4.037495410e-01 4.037495410e-01 1.747964606e-01 1.747964606e-01
5.490981964e+02 4.027856113e-01 4.027856113e-01 1.741862980e-01 1.741862980e-01
5.511022044e+02 4.018262740e-01 4.018262740e-01 1.735803804e-01 1.735803804e-01
5.531062124e+02 4.008714962e-01 4.008714962e-01 1.729786637e-01 1.729786637e-01
5.551102204e+02 3.999212457e-01 3.999212457e-01 1.723811042e-01 1.723811042e-01
5.571142285e+02 3.989754902e-01 3.989754902e-01 1.717876589e-01 1.717876589e-01
5.591182365e+02 3.980341978e-01 3.980341978e-01 1.711982853e-01 1.711982853e-01
5.611222445e+02 3.970973373e-01 3.970973373e-01 1.706129425e-01 1.706129425e-01
5.631262525e+02 3.961648774e-01 3.961648774e-01 1.700315889e-01 1.700315889e-01
5.651302605e+02 3.952367869e-01 3.952367869e-01 1.694541837e-01 1.694541837e-01
5.671342685e+02 3.943130354e-01 3.943130354e-01 1.688806868e-01 1.688806868e-01
5.691382766e+02 3.933935924e-01 3.933935924e-01 1.683110586e-01 1.683110586e-01
5.711422846e+02 3.924784279e-01 3.924784279e-01 1.677452599e-01 1.677452599e-01
5.731462926e+02 3.915675120e-01 3.915675120e-01 1.671832521e-01 1.671832521e-01
5.751503006e+02 3.906608153e-01 3.906608153e-01 1.666249982e-01 1.666249982e-01
5.771543086e+02 3.897583086e-01 3.897583086e-01 1.660704602e-01 1.660704602e-01
5.791583166e+02 3.888599628e-01 3.888599628e-01 1.655196009e-01 1.655196009e-01
5.811623246e+02 3.879657492e-01 3.879657492e-01 1.649723839e-01 1.649723839e-01
5.831663327e+02 3.870756393e-01 3.870756393e-01 1.644287731e-01 1.644287731e-01
5.851703407e+02 3.861896050e-01 3.861896050e-01 1.638887330e-01 1.638887330e-01
5.871743487e+02 3.853076183e-01 3.853076183e-01 1.633522284e-01 1.633522284e-01
5.891783567e+02 3.844296517e-01 3.844296517e-01 1.628192253e-01 1.628192253e-01
5.911823647e+02 3.835556776e-01 3.835556776e-01 1.622896892e-01 1.622896892e-01
5.931863727e+02 3.826856689e-01 3.826856689e-01 1.617635863e-01 1.617635863e-01
5.951903808e+02 3.818195987e-01 3.818195987e-01 1.612408834e-01 1.612408834e-01
5.971943888e+02 3.809574402e-01 3.809574402e-01 1.607215474e-01 1.607215474e-01
5.991983968e+02 3.800991669e-01 3.800991669e-01 1.602055460e-01 1.602055460e-01
6.012024048e+02 3.792447528e-01 3.792447528e-01 1.596928472e-01 1.596928472e-01
6.032064128e+02 3.783941718e-01 3.783941718e-01 1.591834197e-01 1.591834197e-01
6.052104208e+02 3.775473983e-01 3.775473983e-01 1.586772321e-01 1.586772321e-01
6.072144289e+02 3.767044067e-01 3.767044067e-01 1.581742535e-01 1.581742535e-01
6.092184369e+02 3.758651716e-01 3.758651716e-01 1.576744535e-01 1.576744535e-01
6.112224449e+02 3.750296681e-01 3.750296681e-01 1.571778021e-01 1.571778021e-01
6.132264529e+02 3.741978713e-01 3.741978713e-01 1.566842694e-01 1.566842694e-01
6.152304609e+02 3.733697566e-01 3.733697566e-01 1.561938264e-01 1.561938264e-01
6.172344689e+02 3.725452996e-01 3.725452996e-01 1.557064444e-01 1.557064444e-01
6.192384770e+02 3.717244762e-01 3.717244762e-01 1.552220945e-01 1.552220945e-01
6.212424850e+02 3.709072623e-01 3.709072623e-01 1.547407485e-01 1.547407485e-01
6.232464930e+02 3.700936342e-01 3.700936342e-01 1.542623786e-01 1.542623786e-01
6.252505010e+02 3.692835683e-01 3.692835683e-01 1.537869572e-01 1.537869572e-01
6.272545090e+02 3.684770413e-01 3.684770413e-01 1.533144571e-01 1.533144571e-01
6.292585170e+02 3.676740301e-01 3.676740301e-01 1.528448517e-01 1.528448517e-01
6.312625251e+02 3.668745118e-01 3.668745118e-01 1.523781146e-01 1.523781146e-01
6.332665331e+02 3.660784635e-01 3.660784635e-01 1.519142194e-01 1.519142194e-01
6.352705411e+02 3.652858628e-01 3.652858628e-01 1.514531402e-01 1.514531402e-01
6.372745491e+02 3.644966873e-01 3.644966873e-01 1.509948513e-01 1.509948513e-01
6.392785571e+02 3.637109147e-01 3.637109147e-01 1.505393275e-01 1.505393275e-01
6.412825651e+02 3.629285232e-01 3.629285232e-01 1.500865438e-01 1.500865438e-01
6.432865731e+02 3.621494909e-01 3.621494909e-01 1.496364755e-01 1.496364755e-01
6.452905812e+02 3.613737964e-01 3.613737964e-01 1.491890987e-01 1.491890987e-01
6.472945892e+02 3.606014183e-01 3.606014183e-01 1.487443892e-01 1.487443892e-01
6.492985972e+02 3.598323352e-01 3.598323352e-01 1.483023230e-01 1.483023230e-01
6.513026052e+02 3.590665261e-01 3.590665261e-01 1.478628767e-01 1.478628767e-01
6.533066132e+02 3.583039701e-01 3.583039701e-01 1.474260270e-01 1.474260270e-01
6.553106212e+02 3.575446466e-01 3.575446466e-01 1.469917509e-01 1.469917509e-01
6.573146293e+02 3.567885350e-01 3.567885350e-01 1.465600256e-01 1.465600256e-01
6.593186373e+02 3.560356150e-01 3.560356150e-01 1.461308286e-01 1.461308286e-01
6.613226453e+02 3.552858665e-01 3.552858665e-01 1.457041385e-01 1.457041385e-01
6.633266533e+02 3.545392695e-01 3.545392695e-01 1.452799330e-01 1.452799330e-01
6.653306613e+02 3.537958041e-01 3.537958041e-01 1.448581904e-01 1.448581904e-01
6.673346693e+02 3.530554507e-01 3.530554507e-01 1.444388893e-01 1.444388893e-01
6.693386774e+02 3.523181897e-01 3.523181897e-01 1.440220086e-01 1.440220086e-01
6.713426854e+02 3.515840018e-01 3.515840018e-01 1.436075272e-01 1.436075272e-01
6.733466934e+02 3.508528678e-01 3.508528678e-01 1.431954246e-01 1.431954246e-01
6.753507014e+02 3.501247686e-01 3.501247686e-01 1.427856801e-01 1.427856801e-01
6.773547094e+02 3.493996856e-01 3.493996856e-01 1.423782741e-01 1.423782741e-01
6.793587174e+02 3.486776000e-01 3.486776000e-01 1.419731865e-01 1.419731865e-01
6.813627255e+02 3.479584933e-01 3.479584933e-01 1.415703974e-01 1.415703974e-01
6.833667335e+02 3.472423469e-01 3.472423469e-01 1.411698873e-01 1.411698873e-01
6.853707415e+02 3.465291427e-01 3.465291427e-01 1.407716369e-01 1.407716369e-01
6.873747495e+02 3.458188625e-01 3.458188625e-01 1.403756271e-01 1.403756271e-01
6.893787575e+02 3.451114885e-01 3.451114885e-01 1.399818390e-01 1.399818390e-01
6.913827655e+02 3.444070027e-01 3.444070027e-01 1.395902539e-01 1.395902539e-01
6.933867735e+02 3.437053877e-01 3.437053877e-01 1.392008538e-01 1.392008538e-01
6.953907816e+02 3.430066258e-01 3.430066258e-01 1.388136202e-01 1.388136202e-01
6.973947896e+02 3.423106998e-01 3.423106998e-01 1.384285351e-01 1.384285351e-01
6.993987976e+02 3.416175923e-01 3.416175923e-01 1.380455806e-01 1.380455806e-01
7.014028056e+02 3.409272862e-01 3.409272862e-01 1.376647391e-01 1.376647391e-01
7.034068136e+02 3.402397647e-01 3.402397647e-01 1.372859931e-01 1.372859931e-01
7.054108216e+02 3.395550108e-01 3.395550108e-01 1.369093253e-01 1.369093253e-01
7.074148297e+02 3.388730080e-01 3.388730080e-01 1.365347186e-01 1.365347186e-01
7.094188377e+02 3.381937396e-01 3.381937396e-01 1.361621566e-01 1.361621566e-01
7.114228457e+02 3.375171894e-01 3.375171894e-01 1.357916222e-01 1.357916222e-01
7.134268537e+02 3.368433410e-01 3.368433410e-01 1.354230991e-01 1.354230991e-01
7.154308617e+02 3.361721781e-01 3.361721781e-01 1.350565708e-01 1.350565708e-01
7.174348697e+02 3.355036849e-01 3.355036849e-01 1.346920211e-01 1.346920211e-01
7.194388778e+02 3.348378453e-01 3.348378453e-01 1.343294342e-01 1.343294342e-01
7.214428858e+02 3.341746437e-01 3.341746437e-01 1.339687940e-01 1.339687940e-01
7.234468938e+02 3.335140643e-01 3.335140643e-01 1.336100850e-01 1.336100850e-01
7.254509018e+02 3.328560918e-01 3.328560918e-01 1.332532922e-01 1.332532922e-01
7.274549098e+02 3.322007107e-01 3.322007107e-01 1.328983999e-01 1.328983999e-01
7.294589178e+02 3.315479056e-01 3.315479056e-01 1.325453930e-01 1.325453930e-01
7.314629259e+02 3.308976615e-01 3.308976615e-01 1.321942565e-01 1.321942565e-01
7.334669339e+02 3.302499633e-01 3.302499633e-01 1.318449755e-01 1.318449755e-01
7.354709419e+02 3.296047960e-01 3.296047960e-01 1.314975353e-01 1.314975353e-01
7.374749499e+02 3.289621449e-01 3.289621449e-01 1.311519214e-01 1.311519214e-01
7.394789579e+02 3.283219952e-01 3.283219952e-01 1.308081194e-01 1.308081194e-01
7.414829659e+02 3.276843323e-01 3.276843323e-01 1.304661150e-01 1.304661150e-01
7.434869739e+02 3.270491419e-01 3.270491419e-01 1.301258946e-01 1.301258946e-01
7.454909820e+02 3.264164096e-01 3.264164096e-01 1.297874441e-01 1.297874441e-01
7.474949900e+02 3.257861212e-01 3.257861212e-01 1.294507497e-01 1.294507497e-01
7.494989980e+02 3.251582624e-01 3.251582624e-01 1.291157977e-01 1.291157977e-01
7.515030060e+02 3.245328194e-01 3.245328194e-01 1.287825746e-01 1.287825746e-01
7.535070140e+02 3.239097780e-01 3.239097780e-01 1.284510670e-01 1.284510670e-01
7.555110220e+02 3.232891246e-01 3.232891246e-01 1.281212616e-01 1.281212616e-01
7.575150301e+02 3.226708454e-01 3.226708454e-01 1.277931454e-01 1.277931454e-01
7.595190381e+02 3.220549267e-01 3.220549267e-01 1.274667054e-01 1.274667054e-01
7.615230461e+02 3.214413552e-01 3.214413552e-01 1.271419288e-01 1.271419288e-01
7.635270541e+02 3.208301176e-01 3.208301176e-01 1.268188034e-01 1.268188034e-01
7.655310621e+02 3.202212004e-01 3.202212004e-01 1.264973162e-01 1.264973162e-01
7.675350701e+02 3.196145905e-01 3.196145905e-01 1.261774549e-01 1.261774549e-01
7.695390782e+02 3.190102748e-01 3.190102748e-01 1.258592070e-01 1.258592070e-01
7.715430862e+02 3.184082402e-01 3.184082402e-01 1.255425605e-01 1.255425605e-01
7.735470942e+02 3.178084740e-01 3.178084740e-01 1.252275032e-01 1.252275032e-01
7.755511022e+02 3.172109632e-01 3.172109632e-01 1.249140231e-01 1.249140231e-01
7.775551102e+02 3.166156951e-01 3.166156951e-01 1.246021085e-01 1.246021085e-01
7.795591182e+02 3.160226572e-01 3.160226572e-01 1.242917476e-01 1.242917476e-01
7.815631263e+02 3.154318371e-01 3.154318371e-01 1.239829293e-01 1.239829293e-01
7.835671343e+02 3.148432223e-01 3.148432223e-01 1.236756418e-01 1.236756418e-01
7.855711423e+02 3.142568004e-01 3.142568004e-01 1.233698737e-01 1.233698737e-01
7.875751503e+02 3.136725592e-01 3.136725592e-01 1.230656138e-01 1.230656138e-01
7.895791583e+02 3.130904866e-01 3.130904866e-01 1.227628509e-01 1.227628509e-01
7.915831663e+02 3.125105705e-01 3.125105705e-01 1.224615740e-01 1.224615740e-01
7.935871743e+02 3.119327988e-01 3.119327988e-01 1.221617722e-01 1.221617722e-01
7.955911824e+02 3.113571599e-01 3.113571599e-01 1.218634347e-01 1.218634347e-01
7.975951904e+02 3.107836418e-01 3.107836418e-01 1.215665507e-01 1.215665507e-01
7.995991984e+02 3.102122329e-01 3.102122329e-01 1.212711098e-01 1.212711098e-01
8.016032064e+02 3.096429217e-01 3.096429217e-01 1.209771016e-01 1.209771016e-01
8.036072144e+02 3.090756964e-01 3.090756964e-01 1.206845154e-01 1.206845154e-01
8.056112224e+02 3.085105458e-01 3.085105458e-01 1.203933411e-01 1.203933411e-01
8.076152305e+02 3.079474585e-01 3.079474585e-01 1.201035685e-01 1.201035685e-01
8.096192385e+02 3.073864230e-01 3.073864230e-01 1.198151874e-01 1.198151874e-01
8.116232465e+02 3.068274283e-01 3.068274283e-01 1.195281877e-01 1.195281877e-01
8.136272545e+02 3.062704633e-01 3.062704633e-01 1.192425597e-01 1.192425597e-01
8.156312625e+02 3.057155168e-01 3.057155168e-01 1.189582935e-01 1.189582935e-01
8.176352705e+02 3.051625779e-01 3.051625779e-01 1.186753794e-01 1.186753794e-01
8.196392786e+02 3.046116360e-01 3.046116360e-01 1.183938079e-01 1.183938079e-01
8.216432866e+02 3.040626800e-01 3.040626800e-01 1.181135694e-01 1.181135694e-01
8.236472946e+02 3.035156993e-01 3.035156993e-01 1.178346544e-01 1.178346544e-01
8.256513026e+02 3.029706831e-01 3.029706831e-01 1.175570536e-01 1.175570536e-01
8.276553106e+02 3.024276211e-01 3.024276211e-01 1.172807577e-01 1.172807577e-01
8.296593186e+02 3.018865026e-01 3.018865026e-01 1.170057574e-01 1.170057574e-01
8.316633267e+02 3.013473172e-01 3.013473172e-01 1.167320437e-01 1.167320437e-01
8.336673347e+02 3.008100546e-01 3.008100546e-01 1.164596076e-01 1.164596076e-01
8.356713427e+02 3.002747045e-01 3.002747045e-01 1.161884402e-01 1.161884402e-01
8.376753507e+02 2.997412568e-01 2.997412568e-01 1.159185329e-01 1.159185329e-01
8.396793587e+02 2.992097015e-01 2.992097015e-01 1.156498767e-01 1.156498767e-01
8.416833667e+02 2.986800283e-01 2.986800283e-01 1.153824629e-01 1.153824629e-01
8.436873747e+02 2.981522273e-01 2.981522273e-01 1.151162830e-01 1.151162830e-01
8.456913828e+02 2.976262885e-01 2.976262885e-01 1.148513284e-01 1.148513284e-01
8.476953908e+02 2.971022022e-01 2.971022022e-01 1.145875906e-01 1.145875906e-01
8.496993988e+02 2.965799586e-01 2.965799586e-01 1.143250612e-01 1.143250612e-01
8.517034068e+02 2.960595479e-01 2.960595479e-01 1.140637321e-01 1.140637321e-01
8.537074148e+02 2.955409605e-01 2.955409605e-01 1.138035948e-01 1.138035948e-01
8.557114228e+02 2.950241868e-01 2.950241868e-01 1.135446413e-01 1.135446413e-01
8.577154309e+02 2.945092174e-01 2.945092174e-01 1.132868636e-01 1.132868636e-01
8.597194389e+02 2.939960430e-01 2.939960430e-01 1.130302541e-01 1.130302541e-01
8.617234469e+02 2.934846541e-01 2.934846541e-01 1.127748044e-01 1.127748044e-01
8.637274549e+02 2.929750413e-01 2.929750413e-01 1.125205068e-01 1.125205068e-01
8.657314629e+02 2.924671955e-01 2.924671955e-01 1.122673534e-01 1.122673534e-01
8.677354709e+02 2.919611074e-01 2.919611074e-01 1.120153366e-01 1.120153366e-01
8.697394790e+02 2.914567679e-01 2.914567679e-01 1.117644487e-01 1.117644487e-01
8.717434870e+02 2.909541681e-01 2.909541681e-01 1.115146820e-01 1.115146820e-01
8.737474950e+02 2.904532987e-01 2.904532987e-01 1.112660292e-01 1.112660292e-01
8.757515030e+02 2.899541511e-01 2.899541511e-01 1.110184827e-01 1.110184827e-01
8.777555110e+02 2.894567162e-01 2.894567162e-01 1.107720351e-01 1.107720351e-01
8.797595190e+02 2.889609853e-01 2.889609853e-01 1.105266793e-01 1.105266793e-01
8.817635271e+02 2.884669498e-01 2.884669498e-01 1.102824083e-01 1.102824083e-01
8.837675351e+02 2.879746010e-01 2.879746010e-01 1.100392146e-01 1.100392146e-01
8.857715431e+02 2.874839301e-01 2.874839301e-01 1.097970911e-01 1.097970911e-01
8.877755511e+02 2.869949286e-01 2.869949286e-01 1.095560308e-01 1.095560308e-01
8.897795591e+02 2.865075880e-01 2.865075880e-01 1.093160266e-01 1.093160266e-01
8.917835671e+02 2.860218999e-01 2.860218999e-01 1.090770717e-01 1.090770717e-01
8.937875752e+02 2.855378557e-01 2.855378557e-01 1.088391591e-01 1.088391591e-01
8.957915832e+02 2.850554473e-01 2.850554473e-01 1.086022820e-01 1.086022820e-01
8.977955912e+02 2.845746663e-01 2.845746663e-01 1.083664337e-01 1.083664337e-01
8.997995992e+02 2.840955045e-01 2.840955045e-01 1.081316074e-01 1.081316074e-01
9.018036072e+02 2.836179538e-01 2.836179538e-01 1.078977967e-01 1.078977967e-01
9.038076152e+02 2.831420061e-01 2.831420061e-01 1.076649952e-01 1.076649952e-01
9.058116232e+02 2.826676533e-01 2.826676533e-01 1.074331960e-01 1.074331960e-01
9.078156313e+02 2.821948874e-01 2.821948874e-01 1.072023929e-01 1.072023929e-01
9.098196393e+02 2.817237004e-01 2.817237004e-01 1.069725792e-01 1.069725792e-01
9.118236473e+02 2.812540845e-01 2.812540845e-01 1.067437488e-01 1.067437488e-01
9.138276553e+02 2.807860317e-01 2.807860317e-01 1.065158953e-01 1.065158953e-01
9.158316633e+02 2.803195344e-01 2.803195344e-01 1.062890124e-01 1.062890124e-01
9.178356713e+02 2.798545846e-01 2.798545846e-01 1.060630939e-01 1.060630939e-01
9.198396794e+02 2.793911748e-01 2.793911748e-01 1.058381337e-01 1.058381337e-01
9.218436874e+02 2.789292973e-01 2.789292973e-01 1.056141258e-01 1.056141258e-01
9.238476954e+02 2.784689446e-01 2.784689446e-01 1.053910641e-01 1.053910641e-01
9.258517034e+02 2.780101092e-01 2.780101092e-01 1.051689428e-01 1.051689428e-01
9.278557114e+02 2.775527835e-01 2.775527835e-01 1.049477558e-01 1.049477558e-01
9.298597194e+02 2.770969600e-01 2.770969600e-01 1.047274972e-01 1.047274972e-01
9.318637275e+02 2.766426315e-01 2.766426315e-01 1.045081612e-01 1.045081612e-01
9.338677355e+02 2.761897905e-01 2.761897905e-01 1.042897420e-01 1.042897420e-01
9.358717435e+02 2.757384297e-01 2.757384297e-01 1.040722339e-01 1.040722339e-01
9.378757515e+02 2.752885419e-01 2.752885419e-01 1.038556311e-01 1.038556311e-01
9.398797595e+02 2.748401199e-01 2.748401199e-01 1.036399281e-01 1.036399281e-01
9.418837675e+02 2.743931566e-01 2.743931566e-01 1.034251191e-01 1.034251191e-01
9.438877756e+02 2.739476447e-01 2.739476447e-01 1.032111988e-01 1.032111988e-01
9.458917836e+02 2.735035774e-01 2.735035774e-01 1.029981616e-01 1.029981616e-01
9.478957916e+02 2.730609477e-01 2.730609477e-01 1.027860021e-01 1.027860021e-01
9.498997996e+02 2.726197484e-01 2.726197484e-01 1.025747148e-01 1.025747148e-01
9.519038076e+02 2.721799727e-01 2.721799727e-01 1.023642945e-01 1.023642945e-01
9.539078156e+02 2.717416137e-01 2.717416137e-01 1.021547356e-01 1.021547356e-01
9.559118236e+02 2.713046646e-01 2.713046646e-01 1.019460331e-01 1.019460331e-01
9.579158317e+02 2.708691185e-01 2.708691185e-01 1.017381815e-01 1.017381815e-01
9.599198397e+02 2.704349687e-01 2.704349687e-01 1.015311757e-01 1.015311757e-01
9.619238477e+02 2.700022086e-01 2.700022086e-01 1.013250106e-01 1.013250106e-01
9.639278557e+02 2.695708314e-01 2.695708314e-01 1.011196810e-01 1.011196810e-01
9.659318637e+02 2.691408304e-01 2.691408304e-01 1.009151818e-01 1.009151818e-01
9.679358717e+02 2.687121994e-01 2.687121994e-01 1.007115083e-01 1.007115083e-01
9.699398798e+02 2.682849316e-01 2.682849316e-01 1.005086553e-01 1.005086553e-01
9.719438878e+02 2.678590206e-01 2.678590206e-01 1.003066179e-01 1.003066179e-01
9.739478958e+02 2.674344599e-01 2.674344599e-01 1.001053912e-01 1.001053912e-01
9.759519038e+02 2.670112431e-01 2.670112431e-01 9.990497018e-02 9.990497018e-02
9.779559118e+02 2.665893638e-01 2.665893638e-01 9.970535011e-02 9.970535011e-02
9.799599198e+02 2.661688156e-01 2.661688156e-01 9.950652616e-02 9.950652616e-02
9.819639279e+02 2.657495923e-01 2.657495923e-01 9.930849358e-02 9.930849358e-02
9.839679359e+02 2.653316876e-01 2.653316876e-01 9.911124764e-02 9.911124764e-02
9.859719439e+02 2.649150954e-01 2.649150954e-01 9.891478364e-02 9.891478364e-02
9.879759519e+02 2.644998093e-01 2.644998093e-01 9.871909693e-02 9.871909693e-02
9.899799599e+02 2.640858233e-01 2.640858233e-01 9.852418289e-02 9.852418289e-02
9.919839679e+02 2.636731312e-01 2.636731312e-01 9.833003693e-02 9.833003693e-02
9.939879760e+02 2.632617273e-01 2.632617273e-01 9.813665494e-02 9.813665494e-02
9.959919840e+02 2.628516054e-01 2.628516054e-01 9.794403213e-02 9.794403213e-02
9.979959920e+02 2.624427594e-01 2.624427594e-01 9.775216402e-02 9.775216402e-02
1.000000000e+03 2.620351835e-01 2.620351835e-01 9.756104616e-02 9.756104616e-02
