time            Br              Cj             
0.000000000e+00 1.000000000e+01 1.000000000e+01
8.016032064e+00 9.719240310e+00 6.369660956e+00
1.603206413e+01 9.239986762e+00 5.598658554e+00
2.404809619e+01 8.748286568e+00 5.570834078e+00
3.206412826e+01 8.271313065e+00 5.753501810e+00
4.008016032e+01 7.808473737e+00 6.000350380e+00
4.809619238e+01 7.357274754e+00 6.267795268e+00
5.611222445e+01 6.916852500e+00 6.541669068e+00
6.412825651e+01 6.487591493e+00 6.816682432e+00
7.214428858e+01 6.070470198e+00 7.090329856e+00
8.016032064e+01 5.666651097e+00 7.361020977e+00
8.817635271e+01 5.277269557e+00 7.627500983e+00
9.619238477e+01 4.903333082e+00 7.888673642e+00
1.042084168e+02 4.545675744e+00 8.143551695e+00
1.122244489e+02 4.204939980e+00 8.391247201e+00
1.202404810e+02 3.881572817e+00 8.630973846e+00
1.282565130e+02 3.575830559e+00 8.862051763e+00
1.362725451e+02 3.287788986e+00 9.083911643e+00
1.442885772e+02 3.017357316e+00 9.296096928e+00
1.523046092e+02 2.764294787e+00 9.498263801e+00
1.603206413e+02 2.528228941e+00 9.690178727e+00
1.683366733e+02 2.308674687e+00 9.871713986e+00
1.763527054e+02 2.105053582e+00 1.004284130e+01
1.843687375e+02 1.916712644e+00 1.020362381e+01
1.923847695e+02 1.742942121e+00 1.035420728e+01
2.004008016e+02 1.582992149e+00 1.049481002e+01
2.084168337e+02 1.436087757e+00 1.062571285e+01
2.164328657e+02 1.301442220e+00 1.074724867e+01
2.244488978e+02 1.178268613e+00 1.085979238e+01
2.324649299e+02 1.065789605e+00 1.096375124e+01
2.404809619e+02 9.632456053e-01 1.105955575e+01
2.484969940e+02 8.699011644e-01 1.114765151e+01
2.565130261e+02 7.850500536e-01 1.122849174e+01
2.645290581e+02 7.080189477e-01 1.130253084e+01
2.725450902e+02 6.381699758e-01 1.137021883e+01
2.805611222e+02 5.749022719e-01 1.143199669e+01
2.885771543e+02 5.176526813e-01 1.148829253e+01
2.965931864e+02 4.658957809e-01 1.153951872e+01
3.046092184e+02 4.191433338e-01 1.158606946e+01
3.126252505e+02 3.769433086e-01 1.162831929e+01
3.206412826e+02 3.388785544e-01 1.166662198e+01
3.286573146e+02 3.045652579e-01 1.170130999e+01
3.366733467e+02 2.736511960e-01 1.173269429e+01
3.446893788e+02 2.458139102e-01 1.176106457e+01
3.527054108e+02 2.207588200e-01 1.178668963e+01
3.607214429e+02 1.982173311e-01 1.180981815e+01
3.687374749e+02 1.779450147e-01 1.183067938e+01
3.767535070e+02 1.597196484e-01 1.184948394e+01
3.847695391e+02 1.433396359e-01 1.186642533e+01
3.927855711e+02 1.286222473e-01 1.188168040e+01
4.008016032e+02 1.154020524e-01 1.189541076e+01
4.088176353e+02 1.035294360e-01 1.190776364e+01
4.168336673e+02 9.286921461e-02 1.191887305e+01
4.248496994e+02 8.329934348e-02 1.192886077e+01
4.328657315e+02 7.470971646e-02 1.193783730e+01
4.408817635e+02 6.700109502e-02 1.194590279e+01
4.488977956e+02 6.008402150e-02 1.195314780e+01
4.569138277e+02 5.387797066e-02 1.195965427e+01
4.649298597e+02 4.831045677e-02 1.196549658e+01
4.729458918e+02 4.331626767e-02 1.197074126e+01
4.809619238e+02 3.883675295e-02 1.197544884e+01
4.889779559e+02 3.481919666e-02 1.197967360e+01
4.969939880e+02 3.121620672e-02 1.198346458e+01
5.050100200e+02 2.798520853e-02 1.198686591e+01
5.130260521e+02 2.508794352e-02 1.198991731e+01
5.210420842e+02 2.249007843e-02 1.199265453e+01
5.290581162e+02 2.016079458e-02 1.199510967e+01
5.370741483e+02 1.807240304e-02 1.199731164e+01
5.450901804e+02 1.620005091e-02 1.199928642e+01
5.531062124e+02 1.452146230e-02 1.200105731e+01
5.611222445e+02 1.301662139e-02 1.200264527e+01
5.691382766e+02 1.166757881e-02 1.200406915e+01
5.771543086e+02 1.045823355e-02 1.200534582e+01
5.851703407e+02 9.374145167e-03 1.200649047e+01
5.931863727e+02 8.402354369e-03 1.200751671e+01
6.012024048e+02 7.531236662e-03 1.200843677e+01
6.092184369e+02 6.750388465e-03 1.200926158e+01
6.172344689e+02 6.050460505e-03 1.201000100e+01
6.252505010e+02 5.423074229e-03 1.201066385e+01
6.332665331e+02 4.860713281e-03 1.201125810e+01
6.412825651e+02 4.356651252e-03 1.201179083e+01
6.492985972e+02 3.904845689e-03 1.201226822e+01
6.573146293e+02 3.499881570e-03 1.201269616e+01
6.653306613e+02 3.136904908e-03 1.201307982e+01
6.733466934e+02 2.811564644e-03 1.201342369e+01
6.813627255e+02 2.519960379e-03 1.201373193e+01
6.893787575e+02 2.258594604e-03 1.201400821e+01
6.973947896e+02 2.024333095e-03 1.201425586e+01
7.054108216e+02 1.814363710e-03 1.201447783e+01
7.134268537e+02 1.626165982e-03 1.201467678e+01
7.214428858e+02 1.457490390e-03 1.201485510e+01
7.294589178e+02 1.306309199e-03 1.201501493e+01
7.374749499e+02 1.170808007e-03 1.201515820e+01
7.454909820e+02 1.049360721e-03 1.201528664e+01
7.535070140e+02 9.405091312e-04 1.201540177e+01
7.615230461e+02 8.429486821e-04 1.201550493e+01
7.695390782e+02 7.555084799e-04 1.201559733e+01
7.775551102e+02 6.771383252e-04 1.201568018e+01
7.855711423e+02 6.068973641e-04 1.201575444e+01
7.935871743e+02 5.439427097e-04 1.201582101e+01
8.016032064e+02 4.875183879e-04 1.201588067e+01
8.096192385e+02 4.369469771e-04 1.201593414e+01
8.176352705e+02 3.916206526e-04 1.201598207e+01
8.256513026e+02 3.509948217e-04 1.201602502e+01
8.336673347e+02 3.145803413e-04 1.201606350e+01
8.416833667e+02 2.819470748e-04 1.201609801e+01
8.496993988e+02 2.526991969e-04 1.201612896e+01
8.577154309e+02 2.264853644e-04 1.201615669e+01
8.657314629e+02 2.029903266e-04 1.201618153e+01
8.737474950e+02 1.819307126e-04 1.201620380e+01
8.817635271e+02 1.630666047e-04 1.201622375e+01
8.897795591e+02 1.461532630e-04 1.201624163e+01
8.977955912e+02 1.309933107e-04 1.201625766e+01
9.058116232e+02 1.174085105e-04 1.201627202e+01
9.138276553e+02 1.052286369e-04 1.201628489e+01
9.218436874e+02 9.431241158e-05 1.201629644e+01
9.298597194e+02 8.452632788e-05 1.201630680e+01
9.378757515e+02 7.575731574e-05 1.201631609e+01
9.458917836e+02 6.789847393e-05 1.201632439e+01
9.539078156e+02 6.085490228e-05 1.201633183e+01
9.619238477e+02 5.454202092e-05 1.201633851e+01
9.699398798e+02 4.888354476e-05 1.201634449e+01
9.779559118e+02 4.381299221e-05 1.201634986e+01
9.859719439e+02 3.927253168e-05 1.201635466e+01
9.939879760e+02 3.519997306e-05 1.201635896e+01
1.002004008e+03 3.155021361e-05 1.201636282e+01
1.010020040e+03 2.827759865e-05 1.201636629e+01
1.018036072e+03 2.534529503e-05 1.201636940e+01
1.026052104e+03 2.270768729e-05 1.201637220e+01
1.034068136e+03 2.036088599e-05 1.201637472e+01
1.042084168e+03 1.824738754e-05 1.201637698e+01
1.050100200e+03 1.635328450e-05 1.201637893e+01
1.058116232e+03 1.465582945e-05 1.201638066e+01
1.066132265e+03 1.313529509e-05 1.201638229e+01
1.074148297e+03 1.177250189e-05 1.201638374e+01
1.082164329e+03 1.055122355e-05 1.201638503e+01
1.090180361e+03 9.456654035e-06 1.201638619e+01
1.098196393e+03 8.477864520e-06 1.201638722e+01
1.106212425e+03 7.600598951e-06 1.201638816e+01
1.114228457e+03 6.816876017e-06 1.201638900e+01
1.122244489e+03 6.115798596e-06 1.201638973e+01
1.130260521e+03 5.484345275e-06 1.201639039e+01
1.138276553e+03 4.922365554e-06 1.201639098e+01
1.146292585e+03 4.417242753e-06 1.201639152e+01
1.154308617e+03 3.962249112e-06 1.201639200e+01
1.162324649e+03 3.556613468e-06 1.201639242e+01
1.170340681e+03 3.191170975e-06 1.201639281e+01
1.178356713e+03 2.862975592e-06 1.201639316e+01
1.186372745e+03 2.569528450e-06 1.201639347e+01
1.194388778e+03 2.304783265e-06 1.201639375e+01
1.202404810e+03 2.068149014e-06 1.201639400e+01
1.210420842e+03 1.855813200e-06 1.201639422e+01
1.218436874e+03 1.664358280e-06 1.201639443e+01
1.226452906e+03 1.493614920e-06 1.201639461e+01
1.234468938e+03 1.340024817e-06 1.201639477e+01
1.242484970e+03 1.202180549e-06 1.201639491e+01
1.250501002e+03 1.078590677e-06 1.201639505e+01
1.258517034e+03 9.674729669e-07 1.201639516e+01
1.266533066e+03 8.676939952e-07 1.201639527e+01
1.274549098e+03 7.780926855e-07 1.201639536e+01
1.282565130e+03 6.974485603e-07 1.201639545e+01
1.290581162e+03 6.248347545e-07 1.201639553e+01
1.298597194e+03 5.590725989e-07 1.201639559e+01
1.306613226e+03 5.000403272e-07 1.201639566e+01
1.314629259e+03 4.475944333e-07 1.201639571e+01
1.322645291e+03 3.999060373e-07 1.201639576e+01
1.330661323e+03 3.572096030e-07 1.201639581e+01
1.338677355e+03 3.193330442e-07 1.201639585e+01
1.346693387e+03 2.855610067e-07 1.201639588e+01
1.354709419e+03 2.552257559e-07 1.201639592e+01
1.362725451e+03 2.282600519e-07 1.201639594e+01
1.370741483e+03 2.043404415e-07 1.201639597e+01
1.378757515e+03 1.829303337e-07 1.201639599e+01
1.386773547e+03 1.638385352e-07 1.201639601e+01
1.394789579e+03 1.467919977e-07 1.201639603e+01
1.402805611e+03 1.315729522e-07 1.201639605e+01
1.410821643e+03 1.179578659e-07 1.201639606e+01
1.418837675e+03 1.057561684e-07 1.201639607e+01
1.426853707e+03 9.480763439e-08 1.201639609e+01
1.434869739e+03 8.497919198e-08 1.201639610e+01
1.442885772e+03 7.610730443e-08 1.201639611e+01
1.450901804e+03 6.806248603e-08 1.201639611e+01
1.458917836e+03 6.080718999e-08 1.201639612e+01
1.466933868e+03 5.429307077e-08 1.201639613e+01
1.474949900e+03 4.849655511e-08 1.201639613e+01
1.482965932e+03 4.334729658e-08 1.201639614e+01
1.490981964e+03 3.850548606e-08 1.201639615e+01
1.498997996e+03 3.414239641e-08 1.201639615e+01
1.507014028e+03 3.024931850e-08 1.201639615e+01
1.515030060e+03 2.683363316e-08 1.201639616e+01
1.523046092e+03 2.391881118e-08 1.201639616e+01
1.531062124e+03 2.115890387e-08 1.201639616e+01
1.539078156e+03 1.865926975e-08 1.201639617e+01
1.547094188e+03 1.645028188e-08 1.201639617e+01
1.555110220e+03 1.452852083e-08 1.201639617e+01
1.563126253e+03 1.289785678e-08 1.201639617e+01
1.571142285e+03 1.139786238e-08 1.201639617e+01
1.579158317e+03 1.010335928e-08 1.201639618e+01
1.587174349e+03 8.952863684e-09 1.201639618e+01
1.595190381e+03 7.941869383e-09 1.201639618e+01
1.603206413e+03 7.065870175e-09 1.201639618e+01
1.611222445e+03 6.300112978e-09 1.201639618e+01
1.619238477e+03 5.563922650e-09 1.201639618e+01
1.627254509e+03 4.915207371e-09 1.201639618e+01
1.635270541e+03 4.346255491e-09 1.201639618e+01
1.643286573e+03 3.849355360e-09 1.201639618e+01
1.651302605e+03 3.416795328e-09 1.201639618e+01
1.659318637e+03 3.040863745e-09 1.201639618e+01
1.667334669e+03 2.713848961e-09 1.201639618e+01
1.675350701e+03 2.428039325e-09 1.201639618e+01
1.683366733e+03 2.175723187e-09 1.201639618e+01
1.691382766e+03 1.986662858e-09 1.201639618e+01
1.699398798e+03 1.837508702e-09 1.201639618e+01
1.707414830e+03 1.714301756e-09 1.201639618e+01
1.715430862e+03 1.610721281e-09 1.201639618e+01
1.723446894e+03 1.520446534e-09 1.201639618e+01
1.731462926e+03 1.437156775e-09 1.201639618e+01
1.739478958e+03 1.354531262e-09 1.201639618e+01
1.747494990e+03 1.266249254e-09 1.201639618e+01
1.755511022e+03 1.165990010e-09 1.201639618e+01
1.763527054e+03 1.088574426e-09 1.201639618e+01
1.771543086e+03 1.068906266e-09 1.201639618e+01
1.779559118e+03 1.053024084e-09 1.201639618e+01
1.787575150e+03 1.037820170e-09 1.201639618e+01
1.795591182e+03 1.020186816e-09 1.201639618e+01
1.803607214e+03 9.970163126e-10 1.201639618e+01
1.811623246e+03 9.652009513e-10 1.201639618e+01
1.819639279e+03 9.216330230e-10 1.201639618e+01
1.827655311e+03 8.632048187e-10 1.201639618e+01
1.835671343e+03 6.709849591e-10 1.201639619e+01
1.843687375e+03 6.847743422e-10 1.201639619e+01
1.851703407e+03 6.908818885e-10 1.201639619e+01
1.859719439e+03 6.893075981e-10 1.201639619e+01
1.867735471e+03 6.800514710e-10 1.201639619e+01
1.875751503e+03 6.631135072e-10 1.201639619e+01
1.883767535e+03 6.384937066e-10 1.201639619e+01
1.891783567e+03 6.061920693e-10 1.201639619e+01
1.899799599e+03 5.662085953e-10 1.201639619e+01
1.907815631e+03 5.185432845e-10 1.201639619e+01
1.915831663e+03 5.128385179e-10 1.201639619e+01
1.923847695e+03 5.358899236e-10 1.201639619e+01
1.931863727e+03 5.567918099e-10 1.201639619e+01
1.939879760e+03 5.755441767e-10 1.201639619e+01
1.947895792e+03 5.921470242e-10 1.201639619e+01
1.955911824e+03 6.066003522e-10 1.201639619e+01
1.963927856e+03 6.189041608e-10 1.201639619e+01
1.971943888e+03 6.290584500e-10 1.201639619e+01
1.979959920e+03 6.370632197e-10 1.201639619e+01
1.987975952e+03 6.429184701e-10 1.201639619e+01
1.995991984e+03 6.466242010e-10 1.201639619e+01
2.004008016e+03 6.481804125e-10 1.201639619e+01
2.012024048e+03 6.475871046e-10 1.201639619e+01
2.020040080e+03 6.448442773e-10 1.201639619e+01
2.028056112e+03 6.399519305e-10 1.201639619e+01
2.036072144e+03 6.329100643e-10 1.201639619e+01
2.044088176e+03 6.237186788e-10 1.201639619e+01
2.052104208e+03 6.123777738e-10 1.201639619e+01
2.060120240e+03 5.988873493e-10 1.201639619e+01
2.068136273e+03 5.832474055e-10 1.201639619e+01
2.076152305e+03 5.654579423e-10 1.201639619e+01
2.084168337e+03 5.455189596e-10 1.201639619e+01
2.092184369e+03 5.234304575e-10 1.201639619e+01
2.100200401e+03 4.991924360e-10 1.201639619e+01
2.108216433e+03 4.728048951e-10 1.201639619e+01
2.116232465e+03 4.442678347e-10 1.201639619e+01
2.124248497e+03 4.135812550e-10 1.201639619e+01
2.132264529e+03 3.807451558e-10 1.201639619e+01
2.140280561e+03 3.457595372e-10 1.201639619e+01
2.148296593e+03 3.300417855e-10 1.201639619e+01
2.156312625e+03 3.228741100e-10 1.201639619e+01
2.164328657e+03 3.156082411e-10 1.201639619e+01
2.172344689e+03 3.082441787e-10 1.201639619e+01
2.180360721e+03 3.007819230e-10 1.201639619e+01
2.188376754e+03 2.932214738e-10 1.201639619e+01
2.196392786e+03 2.855628313e-10 1.201639619e+01
2.204408818e+03 2.778059953e-10 1.201639619e+01
2.212424850e+03 2.699509660e-10 1.201639619e+01
2.220440882e+03 2.619977432e-10 1.201639619e+01
2.228456914e+03 2.539463270e-10 1.201639619e+01
2.236472946e+03 2.457967175e-10 1.201639619e+01
2.244488978e+03 2.375489145e-10 1.201639619e+01
2.252505010e+03 2.292029181e-10 1.201639619e+01
2.260521042e+03 2.207587284e-10 1.201639619e+01
2.268537074e+03 2.122163452e-10 1.201639619e+01
2.276553106e+03 2.035757686e-10 1.201639619e+01
2.284569138e+03 1.948369986e-10 1.201639619e+01
2.292585170e+03 1.860000353e-10 1.201639619e+01
2.300601202e+03 1.770648785e-10 1.201639619e+01
2.308617234e+03 1.680315283e-10 1.201639619e+01
2.316633267e+03 1.588999847e-10 1.201639619e+01
2.324649299e+03 1.496702477e-10 1.201639619e+01
2.332665331e+03 1.403423173e-10 1.201639619e+01
2.340681363e+03 1.309161936e-10 1.201639619e+01
2.348697395e+03 1.213918764e-10 1.201639619e+01
2.356713427e+03 1.117693658e-10 1.201639619e+01
2.364729459e+03 1.020486618e-10 1.201639619e+01
2.372745491e+03 9.222976437e-11 1.201639619e+01
2.380761523e+03 1.139424282e-11 1.201639619e+01
2.388777555e+03 1.108820156e-11 1.201639619e+01
2.396793587e+03 1.078216029e-11 1.201639619e+01
2.404809619e+03 1.047611903e-11 1.201639619e+01
2.412825651e+03 1.017007776e-11 1.201639619e+01
2.420841683e+03 9.864036500e-12 1.201639619e+01
2.428857715e+03 9.557995236e-12 1.201639619e+01
2.436873747e+03 9.251953972e-12 1.201639619e+01
2.444889780e+03 8.945912708e-12 1.201639619e+01
2.452905812e+03 8.639871444e-12 1.201639619e+01
2.460921844e+03 8.333830180e-12 1.201639619e+01
2.468937876e+03 8.027788916e-12 1.201639619e+01
2.476953908e+03 7.721747652e-12 1.201639619e+01
2.484969940e+03 7.415706388e-12 1.201639619e+01
2.492985972e+03 7.109665124e-12 1.201639619e+01
2.501002004e+03 6.803623860e-12 1.201639619e+01
2.509018036e+03 6.497582596e-12 1.201639619e+01
2.517034068e+03 6.191541332e-12 1.201639619e+01
2.525050100e+03 5.885500068e-12 1.201639619e+01
2.533066132e+03 5.579458804e-12 1.201639619e+01
2.541082164e+03 5.273417540e-12 1.201639619e+01
2.549098196e+03 4.967376276e-12 1.201639619e+01
2.557114228e+03 4.661335012e-12 1.201639619e+01
2.565130261e+03 4.355293748e-12 1.201639619e+01
2.573146293e+03 4.049252484e-12 1.201639619e+01
2.581162325e+03 3.743211220e-12 1.201639619e+01
2.589178357e+03 3.437169956e-12 1.201639619e+01
2.597194389e+03 3.131128692e-12 1.201639619e+01
2.605210421e+03 2.825087428e-12 1.201639619e+01
2.613226453e+03 2.785912319e-12 1.201639619e+01
2.621242485e+03 2.776540337e-12 1.201639619e+01
2.629258517e+03 2.767168355e-12 1.201639619e+01
2.637274549e+03 2.757796373e-12 1.201639619e+01
2.645290581e+03 2.748424391e-12 1.201639619e+01
2.653306613e+03 2.739052409e-12 1.201639619e+01
2.661322645e+03 2.729680427e-12 1.201639619e+01
2.669338677e+03 2.720308445e-12 1.201639619e+01
2.677354709e+03 2.710936463e-12 1.201639619e+01
2.685370741e+03 2.701564481e-12 1.201639619e+01
2.693386774e+03 2.692192499e-12 1.201639619e+01
2.701402806e+03 2.682820517e-12 1.201639619e+01
2.709418838e+03 2.673448535e-12 1.201639619e+01
2.717434870e+03 2.664076553e-12 1.201639619e+01
2.725450902e+03 2.654704571e-12 1.201639619e+01
2.733466934e+03 2.645332589e-12 1.201639619e+01
2.741482966e+03 2.635960608e-12 1.201639619e+01
2.749498998e+03 2.626588626e-12 1.201639619e+01
2.757515030e+03 2.617216644e-12 1.201639619e+01
2.765531062e+03 2.607844662e-12 1.201639619e+01
2.773547094e+03 2.598472680e-12 1.201639619e+01
2.781563126e+03 2.589100698e-12 1.201639619e+01
2.789579158e+03 2.579728716e-12 1.201639619e+01
2.797595190e+03 2.570356734e-12 1.201639619e+01
2.805611222e+03 2.560984752e-12 1.201639619e+01
2.813627255e+03 2.551612770e-12 1.201639619e+01
2.821643287e+03 2.542240788e-12 1.201639619e+01
2.829659319e+03 2.532868806e-12 1.201639619e+01
2.837675351e+03 2.523496824e-12 1.201639619e+01
2.845691383e+03 2.514124842e-12 1.201639619e+01
2.853707415e+03 2.504752860e-12 1.201639619e+01
2.861723447e+03 2.495380878e-12 1.201639619e+01
2.869739479e+03 2.486008896e-12 1.201639619e+01
2.877755511e+03 2.476636915e-12 1.201639619e+01
2.885771543e+03 2.467264933e-12 1.201639619e+01
2.893787575e+03 2.457892951e-12 1.201639619e+01
2.901803607e+03 2.448520969e-12 1.201639619e+01
2.909819639e+03 2.439148987e-12 1.201639619e+01
2.917835671e+03 2.429777005e-12 1.201639619e+01
2.925851703e+03 2.420405023e-12 1.201639619e+01
2.933867735e+03 2.411033041e-12 1.201639619e+01
2.941883768e+03 2.401661059e-12 1.201639619e+01
2.949899800e+03 2.392289077e-12 1.201639619e+01
2.957915832e+03 2.382917095e-12 1.201639619e+01
2.965931864e+03 2.373545113e-12 1.201639619e+01
2.973947896e+03 2.364173131e-12 1.201639619e+01
2.981963928e+03 2.354801149e-12 1.201639619e+01
2.989979960e+03 2.345429167e-12 1.201639619e+01
2.997995992e+03 2.336057185e-12 1.201639619e+01
3.006012024e+03 2.326685203e-12 1.201639619e+01
3.014028056e+03 2.317313222e-12 1.201639619e+01
3.022044088e+03 2.307941240e-12 1.201639619e+01
3.030060120e+03 2.298569258e-12 1.201639619e+01
3.038076152e+03 2.289197276e-12 1.201639619e+01
3.046092184e+03 2.279825294e-12 1.201639619e+01
3.054108216e+03 2.270453312e-12 1.201639619e+01
3.062124248e+03 2.261081330e-12 1.201639619e+01
3.070140281e+03 2.251709348e-12 1.201639619e+01
3.078156313e+03 2.242337366e-12 1.201639619e+01
3.086172345e+03 2.232965384e-12 1.201639619e+01
3.094188377e+03 2.223593402e-12 1.201639619e+01
3.102204409e+03 2.214221420e-12 1.201639619e+01
3.110220441e+03 2.204849438e-12 1.201639619e+01
3.118236473e+03 2.195477456e-12 1.201639619e+01
3.126252505e+03 2.186105474e-12 1.201639619e+01
3.134268537e+03 2.176733492e-12 1.201639619e+01
3.142284569e+03 2.167361510e-12 1.201639619e+01
3.150300601e+03 2.157989528e-12 1.201639619e+01
3.158316633e+03 2.148617547e-12 1.201639619e+01
3.166332665e+03 2.139245565e-12 1.201639619e+01
3.174348697e+03 2.129873583e-12 1.201639619e+01
3.182364729e+03 2.120501601e-12 1.201639619e+01
3.190380762e+03 2.111129619e-12 1.201639619e+01
3.198396794e+03 2.101757637e-12 1.201639619e+01
3.206412826e+03 2.092385655e-12 1.201639619e+01
3.214428858e+03 2.083013673e-12 1.201639619e+01
3.222444890e+03 2.073641691e-12 1.201639619e+01
3.230460922e+03 2.064269709e-12 1.201639619e+01
3.238476954e+03 2.054897727e-12 1.201639619e+01
3.246492986e+03 2.045525745e-12 1.201639619e+01
3.254509018e+03 2.036153763e-12 1.201639619e+01
3.262525050e+03 2.026781781e-12 1.201639619e+01
3.270541082e+03 2.017409799e-12 1.201639619e+01
3.278557114e+03 2.008037817e-12 1.201639619e+01
3.286573146e+03 1.998665835e-12 1.201639619e+01
3.294589178e+03 1.989293854e-12 1.201639619e+01
3.302605210e+03 1.979921872e-12 1.201639619e+01
3.310621242e+03 1.970549890e-12 1.201639619e+01
3.318637275e+03 1.961177908e-12 1.201639619e+01
3.326653307e+03 1.951805926e-12 1.201639619e+01
3.334669339e+03 1.942433944e-12 1.201639619e+01
3.342685371e+03 1.933061962e-12 1.201639619e+01
3.350701403e+03 1.923689980e-12 1.201639619e+01
3.358717435e+03 1.914317998e-12 1.201639619e+01
3.366733467e+03 1.904946016e-12 1.201639619e+01
3.374749499e+03 1.895574034e-12 1.201639619e+01
3.382765531e+03 1.886202052e-12 1.201639619e+01
3.390781563e+03 1.876830070e-12 1.201639619e+01
3.398797595e+03 1.867458088e-12 1.201639619e+01
3.406813627e+03 1.858086106e-12 1.201639619e+01
3.414829659e+03 1.848714124e-12 1.201639619e+01
3.422845691e+03 1.839342142e-12 1.201639619e+01
3.430861723e+03 1.829970160e-12 1.201639619e+01
3.438877756e+03 1.820598179e-12 1.201639619e+01
3.446893788e+03 1.811226197e-12 1.201639619e+01
3.454909820e+03 1.801854215e-12 1.201639619e+01
3.462925852e+03 1.792482233e-12 1.201639619e+01
3.470941884e+03 1.783110251e-12 1.201639619e+01
3.478957916e+03 1.773738269e-12 1.201639619e+01
3.486973948e+03 1.764366287e-12 1.201639619e+01
3.494989980e+03 1.754994305e-12 1.201639619e+01
3.503006012e+03 1.745622323e-12 1.201639619e+01
3.511022044e+03 1.736250341e-12 1.201639619e+01
3.519038076e+03 1.726878359e-12 1.201639619e+01
3.527054108e+03 1.717506377e-12 1.201639619e+01
3.535070140e+03 1.708134395e-12 1.201639619e+01
3.543086172e+03 1.698762413e-12 1.201639619e+01
3.551102204e+03 1.689390431e-12 1.201639619e+01
3.559118236e+03 1.680018449e-12 1.201639619e+01
3.567134269e+03 1.670646467e-12 1.201639619e+01
3.575150301e+03 1.661274486e-12 1.201639619e+01
3.583166333e+03 1.651902504e-12 1.201639619e+01
3.591182365e+03 1.642530522e-12 1.201639619e+01
3.599198397e+03 1.633158540e-12 1.201639619e+01
3.607214429e+03 1.623786558e-12 1.201639619e+01
3.615230461e+03 1.614414576e-12 1.201639619e+01
3.623246493e+03 1.605042594e-12 1.201639619e+01
3.631262525e+03 1.595670612e-12 1.201639619e+01
3.639278557e+03 1.586298630e-12 1.201639619e+01
3.647294589e+03 1.576926648e-12 1.201639619e+01
3.655310621e+03 1.567554666e-12 1.201639619e+01
3.663326653e+03 1.558182684e-12 1.201639619e+01
3.671342685e+03 1.548810702e-12 1.201639619e+01
3.679358717e+03 1.539438720e-12 1.201639619e+01
3.687374749e+03 1.530066738e-12 1.201639619e+01
3.695390782e+03 1.520694756e-12 1.201639619e+01
3.703406814e+03 1.511322774e-12 1.201639619e+01
3.711422846e+03 1.501950793e-12 1.201639619e+01
3.719438878e+03 1.492578811e-12 1.201639619e+01
3.727454910e+03 1.483206829e-12 1.201639619e+01
3.735470942e+03 1.473834847e-12 1.201639619e+01
3.743486974e+03 1.464462865e-12 1.201639619e+01
3.751503006e+03 1.455090883e-12 1.201639619e+01
3.759519038e+03 1.445718901e-12 1.201639619e+01
3.767535070e+03 1.436346919e-12 1.201639619e+01
3.775551102e+03 1.426974937e-12 1.201639619e+01
3.783567134e+03 1.417602955e-12 1.201639619e+01
3.791583166e+03 1.408230973e-12 1.201639619e+01
3.799599198e+03 1.398858991e-12 1.201639619e+01
3.807615230e+03 1.389487009e-12 1.201639619e+01
3.815631263e+03 1.380115027e-12 1.201639619e+01
3.823647295e+03 1.370743045e-12 1.201639619e+01
3.831663327e+03 1.361371063e-12 1.201639619e+01
3.839679359e+03 1.351999081e-12 1.201639619e+01
3.847695391e+03 1.342627099e-12 1.201639619e+01
3.855711423e+03 1.333255118e-12 1.201639619e+01
3.863727455e+03 1.323883136e-12 1.201639619e+01
3.871743487e+03 1.314511154e-12 1.201639619e+01
3.879759519e+03 1.305139172e-12 1.201639619e+01
3.887775551e+03 1.295767190e-12 1.201639619e+01
3.895791583e+03 1.286395208e-12 1.201639619e+01
3.903807615e+03 1.277023226e-12 1.201639619e+01
3.911823647e+03 1.267651244e-12 1.201639619e+01
3.919839679e+03 1.258279262e-12 1.201639619e+01
3.927855711e+03 1.248907280e-12 1.201639619e+01
3.935871743e+03 1.239535298e-12 1.201639619e+01
3.943887776e+03 1.230163316e-12 1.201639619e+01
3.951903808e+03 1.220791334e-12 1.201639619e+01
3.959919840e+03 1.211419352e-12 1.201639619e+01
3.967935872e+03 1.202047370e-12 1.201639619e+01
3.975951904e+03 1.192675388e-12 1.201639619e+01
3.983967936e+03 1.183303406e-12 1.201639619e+01
3.991983968e+03 1.173931425e-12 1.201639619e+01
4.000000000e+03 1.164559443e-12 1.201639619e+01
