time            A               B               Y               OA              OB              OY             
0.000000000e+00 7.000000000e+00 8.000000000e+00 5.000000000e+00 3.000000000e+00 8.000000000e+00 5.000000000e+00
4.008016032e+01 5.666653855e+00 7.098310359e+00 4.969296901e+00 2.963594558e+00 8.064518532e+00 4.971886910e+00
8.016032064e+01 5.594748814e+00 7.065382565e+00 5.102536073e+00 2.926538685e+00 8.129835975e+00 4.943625340e+00
1.202404810e+02 5.531747626e+00 7.045373237e+00 5.218549291e+00 2.888856573e+00 8.195978552e+00 4.915164874e+00
1.603206413e+02 5.474690303e+00 7.034527083e+00 5.317605815e+00 2.850572397e+00 8.262970718e+00 4.886456885e+00
2.004008016e+02 5.422420563e+00 7.031546763e+00 5.402364962e+00 2.811710375e+00 8.330835135e+00 4.857454490e+00
2.404809619e+02 5.374003968e+00 7.035402225e+00 5.475040499e+00 2.772294835e+00 8.399592646e+00 4.828112519e+00
2.805611222e+02 5.328666035e+00 7.045252691e+00 5.537457635e+00 2.732350268e+00 8.469262246e+00 4.798387486e+00
3.206412826e+02 5.285760266e+00 7.060408947e+00 5.591128671e+00 2.691901385e+00 8.539861047e+00 4.768237568e+00
3.607214429e+02 5.244743444e+00 7.080304323e+00 5.637312531e+00 2.650973165e+00 8.611404241e+00 4.737622594e+00
4.008016032e+02 5.205156511e+00 7.104472241e+00 5.677061031e+00 2.609590906e+00 8.683905061e+00 4.706504033e+00
4.408817635e+02 5.166609410e+00 7.132528436e+00 5.711255641e+00 2.567780261e+00 8.757374736e+00 4.674845003e+00
4.809619238e+02 5.128768998e+00 7.164156780e+00 5.740636879e+00 2.525567280e+00 8.831822449e+00 4.642610271e+00
5.210420842e+02 5.091349413e+00 7.199097999e+00 5.765827744e+00 2.482978443e+00 8.907255283e+00 4.609766274e+00
5.611222445e+02 5.054104286e+00 7.237140488e+00 5.787352870e+00 2.440040686e+00 8.983678177e+00 4.576281137e+00
6.012024048e+02 5.016820344e+00 7.278112816e+00 5.805654100e+00 2.396781429e+00 9.061093867e+00 4.542124704e+00
6.412825651e+02 4.979311982e+00 7.321877288e+00 5.821103917e+00 2.353228583e+00 9.139502861e+00 4.507268556e+00
6.813627255e+02 4.941417532e+00 7.368325527e+00 5.834014657e+00 2.309410580e+00 9.218903334e+00 4.471686086e+00
7.214428858e+02 4.902995171e+00 7.417373574e+00 5.844648662e+00 2.265356365e+00 9.299291125e+00 4.435352510e+00
7.615230461e+02 4.863920275e+00 7.468958686e+00 5.853224933e+00 2.221095404e+00 9.380659661e+00 4.398244935e+00
8.016032064e+02 4.824082942e+00 7.523036312e+00 5.859925350e+00 2.176657679e+00 9.462999915e+00 4.360342407e+00
8.416833667e+02 4.783385929e+00 7.579577514e+00 5.864899945e+00 2.132073676e+00 9.546300352e+00 4.321625973e+00
8.817635271e+02 4.741743038e+00 7.638566888e+00 5.868271165e+00 2.087374370e+00 9.630546886e+00 4.282078744e+00
9.218436874e+02 4.699077710e+00 7.700000788e+00 5.870137317e+00 2.042591203e+00 9.715722834e+00 4.241685963e+00
9.619238477e+02 4.655321908e+00 7.763885710e+00 5.870575868e+00 1.997756055e+00 9.801808879e+00 4.200435066e+00
1.002004008e+03 4.610415000e+00 7.830236792e+00 5.869646314e+00 1.952901200e+00 9.888783086e+00 4.158315714e+00
1.042084168e+03 4.564303286e+00 7.899076975e+00 5.867391713e+00 1.908059280e+00 9.976620787e+00 4.115319933e+00
1.082164329e+03 4.516939249e+00 7.970435801e+00 5.863840879e+00 1.863263255e+00 1.006529458e+01 4.071442162e+00
1.122244489e+03 4.468280890e+00 8.044348342e+00 5.859010375e+00 1.818546341e+00 1.015477440e+01 4.026679262e+00
1.162324649e+03 4.418291526e+00 8.120854536e+00 5.852905484e+00 1.773941955e+00 1.024502741e+01 3.981030633e+00
1.202404810e+03 4.366939438e+00 8.199998471e+00 5.845521423e+00 1.729483656e+00 1.033601808e+01 3.934498259e+00
1.242484970e+03 4.314197651e+00 8.281827620e+00 5.836844460e+00 1.685205074e+00 1.042770817e+01 3.887086756e+00
1.282565130e+03 4.260043772e+00 8.366392222e+00 5.826852792e+00 1.641139830e+00 1.052005674e+01 3.838803425e+00
1.322645291e+03 4.204459921e+00 8.453744698e+00 5.815517277e+00 1.597321467e+00 1.061302024e+01 3.789658298e+00
1.362725451e+03 4.147432690e+00 8.543939045e+00 5.802802151e+00 1.553783356e+00 1.070655248e+01 3.739664166e+00
1.402805611e+03 4.088953157e+00 8.637030334e+00 5.788665579e+00 1.510558622e+00 1.080060477e+01 3.688836603e+00
1.442885772e+03 4.029016931e+00 8.733074080e+00 5.773060278e+00 1.467680047e+00 1.089512596e+01 3.637193990e+00
1.482965932e+03 3.967624245e+00 8.832125703e+00 5.755934024e+00 1.425179973e+00 1.099006252e+01 3.584757510e+00
1.523046092e+03 3.904780070e+00 8.934240013e+00 5.737230061e+00 1.383090218e+00 1.108535864e+01 3.531551146e+00
1.563126253e+03 3.840494246e+00 9.039470638e+00 5.716887568e+00 1.341441984e+00 1.118095636e+01 3.477601657e+00
1.603206413e+03 3.774781637e+00 9.147869423e+00 5.694842145e+00 1.300265753e+00 1.127679570e+01 3.422938547e+00
1.643286573e+03 3.707662296e+00 9.259485817e+00 5.671026252e+00 1.259591197e+00 1.137281478e+01 3.367594024e+00
1.683366733e+03 3.639161649e+00 9.374366269e+00 5.645369655e+00 1.219447082e+00 1.146894999e+01 3.311602930e+00
1.723446894e+03 3.569310678e+00 9.492553580e+00 5.617799889e+00 1.179861177e+00 1.156513615e+01 3.255002672e+00
1.763527054e+03 3.498146099e+00 9.614086232e+00 5.588242745e+00 1.140860166e+00 1.166130671e+01 3.197833129e+00
1.803607214e+03 3.425710537e+00 9.738997695e+00 5.556622804e+00 1.102469560e+00 1.175739389e+01 3.140136546e+00
1.843687375e+03 3.352052687e+00 9.867315695e+00 5.522863990e+00 1.064713618e+00 1.185332897e+01 3.081957412e+00
1.883767535e+03 3.277227471e+00 9.999061481e+00 5.486890145e+00 1.027615265e+00 1.194904240e+01 3.023342336e+00
1.923847695e+03 3.201296155e+00 1.013424906e+01 5.448625678e+00 9.911960248e-01 1.204446409e+01 2.964339890e+00
1.963927856e+03 3.124326450e+00 1.027288438e+01 5.407996234e+00 9.554759530e-01 1.213952360e+01 2.905000449e+00
2.004008016e+03 3.046392584e+00 1.041496459e+01 5.364929407e+00 9.204735766e-01 1.223415040e+01 2.845376020e+00
2.044088176e+03 2.967575320e+00 1.056047716e+01 5.319355533e+00 8.862058449e-01 1.232827410e+01 2.785520051e+00
2.084168337e+03 2.887961925e+00 1.070939912e+01 5.271208518e+00 8.526880858e-01 1.242182468e+01 2.725487234e+00
2.124248497e+03 2.807646104e+00 1.086169619e+01 5.220426680e+00 8.199339705e-01 1.251473273e+01 2.665333304e+00
2.164328657e+03 2.726727910e+00 1.101732208e+01 5.166953635e+00 7.879554788e-01 1.260692969e+01 2.605114830e+00
2.204408818e+03 2.645313480e+00 1.117621773e+01 5.110739312e+00 7.567628906e-01 1.269834812e+01 2.544888985e+00
2.244488978e+03 2.563514817e+00 1.133831028e+01 5.051740841e+00 7.263647743e-01 1.278892190e+01 2.484713323e+00
2.284569138e+03 2.481449451e+00 1.150351290e+01 4.989923624e+00 6.967679818e-01 1.287858646e+01 2.424645556e+00
2.324649299e+03 2.399240045e+00 1.167172373e+01 4.925262346e+00 6.679776497e-01 1.296727902e+01 2.364743326e+00
2.364729459e+03 2.317013903e+00 1.184282557e+01 4.857741896e+00 6.399972280e-01 1.305493880e+01 2.305063972e+00
2.404809619e+03 2.234902337e+00 1.201668563e+01 4.787358220e+00 6.128285270e-01 1.314150716e+01 2.245664314e+00
2.444889780e+03 2.153040163e+00 1.219315477e+01 4.714119589e+00 5.864717000e-01 1.322692787e+01 2.186600427e+00
2.484969940e+03 2.071564987e+00 1.237206718e+01 4.638047616e+00 5.609252757e-01 1.331114732e+01 2.127927404e+00
2.525050100e+03 1.990616262e+00 1.255324098e+01 4.559177585e+00 5.361862771e-01 1.339411455e+01 2.069699175e+00
2.565130261e+03 1.910334549e+00 1.273647789e+01 4.477559532e+00 5.122502255e-01 1.347578148e+01 2.011968298e+00
2.605210421e+03 1.830860595e+00 1.292156348e+01 4.393258882e+00 4.891112053e-01 1.355610303e+01 1.954785764e+00
2.645290581e+03 1.752334345e+00 1.310826772e+01 4.306356933e+00 4.667619369e-01 1.363503724e+01 1.898200821e+00
2.685370741e+03 1.674893948e+00 1.329634565e+01 4.216951220e+00 4.451938456e-01 1.371254534e+01 1.842260810e+00
2.725450902e+03 1.598674720e+00 1.348553797e+01 4.125155731e+00 4.243971348e-01 1.378859185e+01 1.787011012e+00
2.765531062e+03 1.523808105e+00 1.367557255e+01 4.031100919e+00 4.043608677e-01 1.386314462e+01 1.732494510e+00
2.805611222e+03 1.450420622e+00 1.386616524e+01 3.934933513e+00 3.850730458e-01 1.393617488e+01 1.678752070e+00
2.845691383e+03 1.378632856e+00 1.405702155e+01 3.836816116e+00 3.665206930e-01 1.400765727e+01 1.625822034e+00
2.885771543e+03 1.308558493e+00 1.424783822e+01 3.736926595e+00 3.486899386e-01 1.407756983e+01 1.573740234e+00
2.925851703e+03 1.240303386e+00 1.443830504e+01 3.635457244e+00 3.315661029e-01 1.414589398e+01 1.522539918e+00
2.965931864e+03 1.173964678e+00 1.462810682e+01 3.532613703e+00 3.151337839e-01 1.421261453e+01 1.472251688e+00
3.006012024e+03 1.109630054e+00 1.481692555e+01 3.428613674e+00 2.993769407e-01 1.427771959e+01 1.422903470e+00
3.046092184e+03 1.047377017e+00 1.500444273e+01 3.323685349e+00 2.842789832e-01 1.434120054e+01 1.374520477e+00
3.086172345e+03 9.872724067e-01 1.519034151e+01 3.218065805e+00 2.698228469e-01 1.440305194e+01 1.327125212e+00
3.126252505e+03 9.293719875e-01 1.537430909e+01 3.111999154e+00 2.559910726e-01 1.446327146e+01 1.280737472e+00
3.166332665e+03 8.737201358e-01 1.555603916e+01 3.005734493e+00 2.427658879e-01 1.452185975e+01 1.235374364e+00
3.206412826e+03 8.203496358e-01 1.573523423e+01 2.899523778e+00 2.301292812e-01 1.457882037e+01 1.191050345e+00
3.246492986e+03 7.692818037e-01 1.591160790e+01 2.793619741e+00 2.180630708e-01 1.463415967e+01 1.147777263e+00
3.286573146e+03 7.205264883e-01 1.608488699e+01 2.688273584e+00 2.065489734e-01 1.468788661e+01 1.105564418e+00
3.326653307e+03 6.740824387e-01 1.625481373e+01 2.583732758e+00 1.955686702e-01 1.474001270e+01 1.064418632e+00
3.366733467e+03 6.299376674e-01 1.642114748e+01 2.480238853e+00 1.851038644e-01 1.479055181e+01 1.024344324e+00
3.406813627e+03 5.880699588e-01 1.658366649e+01 2.378025491e+00 1.751363383e-01 1.483952007e+01 9.853435966e-01
3.446893788e+03 5.484475311e-01 1.674216926e+01 2.277316346e+00 1.656480051e-01 1.488693566e+01 9.474163331e-01
3.486973948e+03 5.110297129e-01 1.689647579e+01 2.178323354e+00 1.566209567e-01 1.493281875e+01 9.105602951e-01
3.527054108e+03 4.757677347e-01 1.704642844e+01 2.081245112e+00 1.480375066e-01 1.497719127e+01 8.747712267e-01
3.567134269e+03 4.426055900e-01 1.719189258e+01 1.986265425e+00 1.398802303e-01 1.502007680e+01 8.400429655e-01
3.607214429e+03 4.114808939e-01 1.733275698e+01 1.893552164e+00 1.321319995e-01 1.506150045e+01 8.063675532e-01
3.647294589e+03 3.823258377e-01 1.746893387e+01 1.803256250e+00 1.247760164e-01 1.510148863e+01 7.737353560e-01
3.687374749e+03 3.550680607e-01 1.760035873e+01 1.715511031e+00 1.177958387e-01 1.514006898e+01 7.421351765e-01
3.727454910e+03 3.296315252e-01 1.772698988e+01 1.630431876e+00 1.111754035e-01 1.517727023e+01 7.115543666e-01
3.767535070e+03 3.059374362e-01 1.784880785e+01 1.548115930e+00 1.048990489e-01 1.521312200e+01 6.819789487e-01
3.807615230e+03 2.839050179e-01 1.796581419e+01 1.468642166e+00 9.895153081e-02 1.524765474e+01 6.533937293e-01
3.847695391e+03 2.634523841e-01 1.807803099e+01 1.392071630e+00 9.331803782e-02 1.528089955e+01 6.257824094e-01
3.887775551e+03 2.444971921e-01 1.818549894e+01 1.318448075e+00 8.798419764e-02 1.531288810e+01 5.991277065e-01
3.927855711e+03 2.269573414e-01 1.828827651e+01 1.247798359e+00 8.293609193e-02 1.534365246e+01 5.734114471e-01
3.967935872e+03 2.107515755e-01 1.838643823e+01 1.180133373e+00 7.816025903e-02 1.537322506e+01 5.486146798e-01
4.008016032e+03 1.957999989e-01 1.848007319e+01 1.115449046e+00 7.364369533e-02 1.540163853e+01 5.247177787e-01
4.048096192e+03 1.820245490e-01 1.856928348e+01 1.053727288e+00 6.937385917e-02 1.542892560e+01 5.017005364e-01
4.088176353e+03 1.693493812e-01 1.865418257e+01 9.949371689e-01 6.533866857e-02 1.545511907e+01 4.795422592e-01
4.128256513e+03 1.577011915e-01 1.873489374e+01 9.390360813e-01 6.152649890e-02 1.548025165e+01 4.582218555e-01
4.168336673e+03 1.470094787e-01 1.881154853e+01 8.859709606e-01 5.792617865e-02 1.550435590e+01 4.377179201e-01
4.208416834e+03 1.372067348e-01 1.888428525e+01 8.356794654e-01 5.452698387e-02 1.552746421e+01 4.180088109e-01
4.248496994e+03 1.282286119e-01 1.895324740e+01 7.880913032e-01 5.131863082e-02 1.554960864e+01 3.990727315e-01
4.288577154e+03 1.200139968e-01 1.901858241e+01 7.431293186e-01 4.829126829e-02 1.557082094e+01 3.808877941e-01
4.328657315e+03 1.125050594e-01 1.908044046e+01 7.007106153e-01 4.543546954e-02 1.559113245e+01 3.634320840e-01
4.368737475e+03 1.056472727e-01 1.913897315e+01 6.607477110e-01 4.274222151e-02 1.561057405e+01 3.466837236e-01
4.408817635e+03 9.938933434e-02 1.919433248e+01 6.231495924e-01 4.020290851e-02 1.562917617e+01 3.306209255e-01
4.448897796e+03 9.368321600e-02 1.924666989e+01 5.878225543e-01 3.780931362e-02 1.564696864e+01 3.152220455e-01
4.488977956e+03 8.848403750e-02 1.929613534e+01 5.546711666e-01 3.555360130e-02 1.566398077e+01 3.004656302e-01
4.529058116e+03 8.374992839e-02 1.934287660e+01 5.235991004e-01 3.342830078e-02 1.568024124e+01 2.863304570e-01
4.569138277e+03 7.944196915e-02 1.938703855e+01 4.945098024e-01 3.142630016e-02 1.569577813e+01 2.727955735e-01
4.609218437e+03 7.552404834e-02 1.942876265e+01 4.673071691e-01 2.954083199e-02 1.571061884e+01 2.598403326e-01
4.649298597e+03 7.196273078e-02 1.946818641e+01 4.418961118e-01 2.776546101e-02 1.572479012e+01 2.474444220e-01
4.689378758e+03 6.872711315e-02 1.950544304e+01 4.181830879e-01 2.609407131e-02 1.573831803e+01 2.355878937e-01
4.729458918e+03 6.578869916e-02 1.954066107e+01 3.960764817e-01 2.452085509e-02 1.575122796e+01 2.242511852e-01
4.769539078e+03 6.312124834e-02 1.957396425e+01 3.754869714e-01 2.304030051e-02 1.576354456e+01 2.134151403e-01
4.809619238e+03 6.070062409e-02 1.960547128e+01 3.563278239e-01 2.164717698e-02 1.577529180e+01 2.030610246e-01
4.849699399e+03 5.850469100e-02 1.963529566e+01 3.385151746e-01 2.033652855e-02 1.578649292e+01 1.931705470e-01
4.889779559e+03 5.651313968e-02 1.966354572e+01 3.219681675e-01 1.910365674e-02 1.579717048e+01 1.837258636e-01
4.929859719e+03 5.470738167e-02 1.969032457e+01 3.066091097e-01 1.794411220e-02 1.580734630e+01 1.747095909e-01
4.969939880e+03 5.307041801e-02 1.971573011e+01 2.923635792e-01 1.685368297e-02 1.581704150e+01 1.661048134e-01
5.010020040e+03 5.158672300e-02 1.973985512e+01 2.791604720e-01 1.582838368e-02 1.582627653e+01 1.578950876e-01
5.050100200e+03 5.024212412e-02 1.976278732e+01 2.669320316e-01 1.486444439e-02 1.583507111e+01 1.500644454e-01
5.090180361e+03 4.902369414e-02 1.978460955e+01 2.556138482e-01 1.395830022e-02 1.584344430e+01 1.425973960e-01
5.130260521e+03 4.791966319e-02 1.980539982e+01 2.451448221e-01 1.310658263e-02 1.585141449e+01 1.354789247e-01
5.170340681e+03 4.691932052e-02 1.982523155e+01 2.354671153e-01 1.230610943e-02 1.585899940e+01 1.286944918e-01
5.210420842e+03 4.601292245e-02 1.984417366e+01 2.265260884e-01 1.155387514e-02 1.586621610e+01 1.222300295e-01
5.250501002e+03 4.519161091e-02 1.986229081e+01 2.182702182e-01 1.084704223e-02 1.587308102e+01 1.160719375e-01
5.290581162e+03 4.444733989e-02 1.987964352e+01 2.106510021e-01 1.018293269e-02 1.587960999e+01 1.102070783e-01
5.330661323e+03 4.377280595e-02 1.989628842e+01 2.036228530e-01 9.559019954e-03 1.588581821e+01 1.046227702e-01
5.370741483e+03 4.316138267e-02 1.991227839e+01 1.971429907e-01 8.972920965e-03 1.589172030e+01 9.930678055e-02
5.410821643e+03 4.260706052e-02 1.992766277e+01 1.911713269e-01 8.422388620e-03 1.589733029e+01 9.424731808e-02
5.450901804e+03 4.210439122e-02 1.994248752e+01 1.856703478e-01 7.905304551e-03 1.590266167e+01 8.943302442e-02
5.490981964e+03 4.164843508e-02 1.995679545e+01 1.806049948e-01 7.419672108e-03 1.590772736e+01 8.485296554e-02
5.531062124e+03 4.123471976e-02 1.997062637e+01 1.759425386e-01 6.963610134e-03 1.591253977e+01 8.049662164e-02
5.571142285e+03 4.085919596e-02 1.998401724e+01 1.716524620e-01 6.535346600e-03 1.591711078e+01 7.635387762e-02
5.611222445e+03 4.051819709e-02 1.999700239e+01 1.677063405e-01 6.133212516e-03 1.592145177e+01 7.241501315e-02
5.651302605e+03 4.020840572e-02 2.000961367e+01 1.640777257e-01 5.755636402e-03 1.592557367e+01 6.867069208e-02
5.691382766e+03 3.992682051e-02 2.002188057e+01 1.607420337e-01 5.401138854e-03 1.592948691e+01 6.511195211e-02
5.731462926e+03 3.967072684e-02 2.003383040e+01 1.576764346e-01 5.068327426e-03 1.593320148e+01 6.173019409e-02
5.771543086e+03 3.943766793e-02 2.004548845e+01 1.548597435e-01 4.755891567e-03 1.593672694e+01 5.851717145e-02
5.811623246e+03 3.922542352e-02 2.005687807e+01 1.522723207e-01 4.462598272e-03 1.594007242e+01 5.546497920e-02
5.851703407e+03 3.903198650e-02 2.006802087e+01 1.498959728e-01 4.187287595e-03 1.594324667e+01 5.256604329e-02
5.891783567e+03 3.885554271e-02 2.007893678e+01 1.477138591e-01 3.928868494e-03 1.594625802e+01 4.981310991e-02
5.931863727e+03 3.869445156e-02 2.008964420e+01 1.457103996e-01 3.686314762e-03 1.594911445e+01 4.719923481e-02
5.971943888e+03 3.854723128e-02 2.010016011e+01 1.438711949e-01 3.458661513e-03 1.595182357e+01 4.471777282e-02
6.012024048e+03 3.841254290e-02 2.011050015e+01 1.421829434e-01 3.245001553e-03 1.595439263e+01 4.236236747e-02
6.052104208e+03 3.828917625e-02 2.012067873e+01 1.406333644e-01 3.044481986e-03 1.595682858e+01 4.012694067e-02
6.092184369e+03 3.817603789e-02 2.013070912e+01 1.392111267e-01 2.856301087e-03 1.595913802e+01 3.800568266e-02
6.132264529e+03 3.807214040e-02 2.014060354e+01 1.379057829e-01 2.679705388e-03 1.596132725e+01 3.599304213e-02
6.172344689e+03 3.797659184e-02 2.015037322e+01 1.367077048e-01 2.513986815e-03 1.596340230e+01 3.408371654e-02
6.212424850e+03 3.788858608e-02 2.016002850e+01 1.356080218e-01 2.358479939e-03 1.596536888e+01 3.227264256e-02
6.252505010e+03 3.780739520e-02 2.016957888e+01 1.345985682e-01 2.212559568e-03 1.596723245e+01 3.055498686e-02
6.292585170e+03 3.773236177e-02 2.017903307e+01 1.336718297e-01 2.075638356e-03 1.596899822e+01 2.892613716e-02
6.332665331e+03 3.766289208e-02 2.018839909e+01 1.328208953e-01 1.947164558e-03 1.597067114e+01 2.738169337e-02
6.372745491e+03 3.759844950e-02 2.019768430e+01 1.320394091e-01 1.826619830e-03 1.597225592e+01 2.591745891e-02
6.412825651e+03 3.753854964e-02 2.020689546e+01 1.313215311e-01 1.713517371e-03 1.597375705e+01 2.452943264e-02
6.452905812e+03 3.748275504e-02 2.021603875e+01 1.306618968e-01 1.607399988e-03 1.597517880e+01 2.321380070e-02
6.492985972e+03 3.743067054e-02 2.022511985e+01 1.300555800e-01 1.507838320e-03 1.597652523e+01 2.196692867e-02
6.533066132e+03 3.738193916e-02 2.023414398e+01 1.294980579e-01 1.414429152e-03 1.597780022e+01 2.078535402e-02
6.573146293e+03 3.733623857e-02 2.024311590e+01 1.289851812e-01 1.326793886e-03 1.597900743e+01 1.966577879e-02
6.613226453e+03 3.729327779e-02 2.025203998e+01 1.285131447e-01 1.244577092e-03 1.598015036e+01 1.860506271e-02
6.653306613e+03 3.725279352e-02 2.026092024e+01 1.280784558e-01 1.167444929e-03 1.598123234e+01 1.760021582e-02
6.693386774e+03 3.721454830e-02 2.026976034e+01 1.276779155e-01 1.095084082e-03 1.598225652e+01 1.664839252e-02
6.733466934e+03 3.717832773e-02 2.027856364e+01 1.273085926e-01 1.027200433e-03 1.598322591e+01 1.574688504e-02
6.773547094e+03 3.714393781e-02 2.028733321e+01 1.269677994e-01 9.635177935e-04 1.598414337e+01 1.489311694e-02
6.813627255e+03 3.711120363e-02 2.029607186e+01 1.266530766e-01 9.037769945e-04 1.598501159e+01 1.408463780e-02
6.853707415e+03 3.707996721e-02 2.030478216e+01 1.263621726e-01 8.477347774e-04 1.598583315e+01 1.331911727e-02
6.893787575e+03 3.705008561e-02 2.031346647e+01 1.260930247e-01 7.951627528e-04 1.598661050e+01 1.259433942e-02
6.933867735e+03 3.702142992e-02 2.032212693e+01 1.258437470e-01 7.458466245e-04 1.598734596e+01 1.190819792e-02
6.973947896e+03 3.699388364e-02 2.033076552e+01 1.256126134e-01 6.995852520e-04 1.598804172e+01 1.125869074e-02
7.014028056e+03 3.696734135e-02 2.033938402e+01 1.253980437e-01 6.561897911e-04 1.598869990e+01 1.064391510e-02
7.054108216e+03 3.694170793e-02 2.034798408e+01 1.251985955e-01 6.154831484e-04 1.598932245e+01 1.006206362e-02
7.094188377e+03 3.691689729e-02 2.035656720e+01 1.250129472e-01 5.772989913e-04 1.598991128e+01 9.511418813e-03
7.134268537e+03 3.689283254e-02 2.036513474e+01 1.248398934e-01 5.414813501e-04 1.599046817e+01 8.990349859e-03
7.174348697e+03 3.686944300e-02 2.037368796e+01 1.246783316e-01 5.078838313e-04 1.599099481e+01 8.497307934e-03
7.214428858e+03 3.684666430e-02 2.038222803e+01 1.245272538e-01 4.763690250e-04 1.599149281e+01 8.030822236e-03
7.254509018e+03 3.682444043e-02 2.039075595e+01 1.243857403e-01 4.468080536e-04 1.599196370e+01 7.589496712e-03
7.294589178e+03 3.680271983e-02 2.039927268e+01 1.242529510e-01 4.190799727e-04 1.599240891e+01 7.172006139e-03
7.334669339e+03 3.678145526e-02 2.040777910e+01 1.241281190e-01 3.930713200e-04 1.599282984e+01 6.777092876e-03
7.374749499e+03 3.676060456e-02 2.041627599e+01 1.240105440e-01 3.686756299e-04 1.599322776e+01 6.403563474e-03
7.414829659e+03 3.674012955e-02 2.042476408e+01 1.238995868e-01 3.457930137e-04 1.599360392e+01 6.050285602e-03
7.454909820e+03 3.671999574e-02 2.043324403e+01 1.237946638e-01 3.243297303e-04 1.599395949e+01 5.716184936e-03
7.494989980e+03 3.670017200e-02 2.044171644e+01 1.236952424e-01 3.041978456e-04 1.599429556e+01 5.400242500e-03
7.535070140e+03 3.668063011e-02 2.045018186e+01 1.236008369e-01 2.853148657e-04 1.599461319e+01 5.101491895e-03
7.575150301e+03 3.666134473e-02 2.045864078e+01 1.235110051e-01 2.676034359e-04 1.599491338e+01 4.819016916e-03
7.615230461e+03 3.664229265e-02 2.046709367e+01 1.234253422e-01 2.509908997e-04 1.599519706e+01 4.551948323e-03
7.655310621e+03 3.662345325e-02 2.047554093e+01 1.233434808e-01 2.354092131e-04 1.599546513e+01 4.299462717e-03
7.695390782e+03 3.660480756e-02 2.048398295e+01 1.232650836e-01 2.207943776e-04 1.599571843e+01 4.060778582e-03
7.735470942e+03 3.658633869e-02 2.049242007e+01 1.231898458e-01 2.070865314e-04 1.599595776e+01 3.835156210e-03
7.775551102e+03 3.656803114e-02 2.050085261e+01 1.231174865e-01 1.942293352e-04 1.599618388e+01 3.621893451e-03
7.815631263e+03 3.654987112e-02 2.050928085e+01 1.230477527e-01 1.821701140e-04 1.599639750e+01 3.420326000e-03
7.855711423e+03 3.653184600e-02 2.051770506e+01 1.229804114e-01 1.708593051e-04 1.599659932e+01 3.229823468e-03
7.895791583e+03 3.651394450e-02 2.052612546e+01 1.229152523e-01 1.602505529e-04 1.599678996e+01 3.049789490e-03
7.935871743e+03 3.649615630e-02 2.053454229e+01 1.228520825e-01 1.503002587e-04 1.599697004e+01 2.879658343e-03
7.975951904e+03 3.647847219e-02 2.054295572e+01 1.227907275e-01 1.409676311e-04 1.599714014e+01 2.718894886e-03
8.016032064e+03 3.646088372e-02 2.055136595e+01 1.227310272e-01 1.322143049e-04 1.599730079e+01 2.566991558e-03
8.056112224e+03 3.644338342e-02 2.055977314e+01 1.226728375e-01 1.240044413e-04 1.599745253e+01 2.423468725e-03
8.096192385e+03 3.642596434e-02 2.056817743e+01 1.226160251e-01 1.163042527e-04 1.599759582e+01 2.287870997e-03
8.136272545e+03 3.640862026e-02 2.057657897e+01 1.225604696e-01 1.090821036e-04 1.599773115e+01 2.159767598e-03
8.176352705e+03 3.639134564e-02 2.058497787e+01 1.225060621e-01 1.023084036e-04 1.599785894e+01 2.038751275e-03
8.216432866e+03 3.637413527e-02 2.059337424e+01 1.224527009e-01 9.595517531e-05 1.599797961e+01 1.924434894e-03
8.256513026e+03 3.635698469e-02 2.060176819e+01 1.224002969e-01 8.999647925e-05 1.599809355e+01 1.816454192e-03
8.296593186e+03 3.633988963e-02 2.061015982e+01 1.223487660e-01 8.440770541e-05 1.599820113e+01 1.714462323e-03
8.336673347e+03 3.632284637e-02 2.061854920e+01 1.222980330e-01 7.916590794e-05 1.599830270e+01 1.618132049e-03
8.376753507e+03 3.630585152e-02 2.062693641e+01 1.222480303e-01 7.424959733e-05 1.599839860e+01 1.527153920e-03
8.416833667e+03 3.628890198e-02 2.063532153e+01 1.221986948e-01 6.963849473e-05 1.599848913e+01 1.441234144e-03
8.456913828e+03 3.627199502e-02 2.064370462e+01 1.221499703e-01 6.531374684e-05 1.599857459e+01 1.360096093e-03
8.496993988e+03 3.625512811e-02 2.065208573e+01 1.221018047e-01 6.125751183e-05 1.599865527e+01 1.283476714e-03
8.537074148e+03 3.623829896e-02 2.066046491e+01 1.220541517e-01 5.745315663e-05 1.599873142e+01 1.211128009e-03
8.577154309e+03 3.622150550e-02 2.066884223e+01 1.220069696e-01 5.388505172e-05 1.599880330e+01 1.142815130e-03
8.617234469e+03 3.620474583e-02 2.067721771e+01 1.219602192e-01 5.053849689e-05 1.599887115e+01 1.078315583e-03
8.657314629e+03 3.618801839e-02 2.068559140e+01 1.219138646e-01 4.739981784e-05 1.599893518e+01 1.017419914e-03
8.697394790e+03 3.617132158e-02 2.069396334e+01 1.218678728e-01 4.445602637e-05 1.599899562e+01 9.599286089e-04
8.737474950e+03 3.615465403e-02 2.070233355e+01 1.218222149e-01 4.169504009e-05 1.599905265e+01 9.056538597e-04
8.777555110e+03 3.613801444e-02 2.071070207e+01 1.217768660e-01 3.910555439e-05 1.599910648e+01 8.544182971e-04
8.817635271e+03 3.612140160e-02 2.071906893e+01 1.217318013e-01 3.667682809e-05 1.599915727e+01 8.060529780e-04
8.857715431e+03 3.610481457e-02 2.072743414e+01 1.216869989e-01 3.439896035e-05 1.599920520e+01 7.603997378e-04
8.897795591e+03 3.608825242e-02 2.073579774e+01 1.216424387e-01 3.226255326e-05 1.599925043e+01 7.173079964e-04
8.937875752e+03 3.607171430e-02 2.074415974e+01 1.215981023e-01 3.025877939e-05 1.599929311e+01 6.766352686e-04
8.977955912e+03 3.605519942e-02 2.075252016e+01 1.215539739e-01 2.837948177e-05 1.599933337e+01 6.382480458e-04
9.018036072e+03 3.603870710e-02 2.076087903e+01 1.215100379e-01 2.661688034e-05 1.599937136e+01 6.020188444e-04
9.058116232e+03 3.602223669e-02 2.076923634e+01 1.214662806e-01 2.496372755e-05 1.599940721e+01 5.678276596e-04
9.098196393e+03 3.600578763e-02 2.077759213e+01 1.214226904e-01 2.341326847e-05 1.599944103e+01 5.355615058e-04
9.138276553e+03 3.598935939e-02 2.078594639e+01 1.213792557e-01 2.195908295e-05 1.599947293e+01 5.051127283e-04
9.178356713e+03 3.597295150e-02 2.079429915e+01 1.213359663e-01 2.059521891e-05 1.599950302e+01 4.763803104e-04
9.218436874e+03 3.595656353e-02 2.080265041e+01 1.212928131e-01 1.931607158e-05 1.599953142e+01 4.492685604e-04
9.258517034e+03 3.594019509e-02 2.081100018e+01 1.212497874e-01 1.811634398e-05 1.599955820e+01 4.236866385e-04
9.298597194e+03 3.592384583e-02 2.081934848e+01 1.212068820e-01 1.699119647e-05 1.599958346e+01 3.995500548e-04
9.338677355e+03 3.590751542e-02 2.082769530e+01 1.211640896e-01 1.593594430e-05 1.599960729e+01 3.767774469e-04
9.378757515e+03 3.589120354e-02 2.083604066e+01 1.211214037e-01 1.494620808e-05 1.599962976e+01 3.552920919e-04
9.418837675e+03 3.587490996e-02 2.084438457e+01 1.210788188e-01 1.401797051e-05 1.599965096e+01 3.350224879e-04
9.458917836e+03 3.585863442e-02 2.085272702e+01 1.210363299e-01 1.314742868e-05 1.599967095e+01 3.159007010e-04
9.498997996e+03 3.584237669e-02 2.086106803e+01 1.209939321e-01 1.233093424e-05 1.599968981e+01 2.978616650e-04
9.539078156e+03 3.582613657e-02 2.086940761e+01 1.209516209e-01 1.156511652e-05 1.599970759e+01 2.808444841e-04
9.579158317e+03 3.580991384e-02 2.087774574e+01 1.209093921e-01 1.084691850e-05 1.599972436e+01 2.647928022e-04
9.619238477e+03 3.579370832e-02 2.088608245e+01 1.208672417e-01 1.017331129e-05 1.599974018e+01 2.496515680e-04
9.659318637e+03 3.577751982e-02 2.089441773e+01 1.208251660e-01 9.541485367e-06 1.599975509e+01 2.353691300e-04
9.699398798e+03 3.576134832e-02 2.090275159e+01 1.207831642e-01 8.948941333e-06 1.599976915e+01 2.218983059e-04
9.739478958e+03 3.574519368e-02 2.091108403e+01 1.207412336e-01 8.393189728e-06 1.599978241e+01 2.091928117e-04
9.779559118e+03 3.572905583e-02 2.091941506e+01 1.206993723e-01 7.871926145e-06 1.599979492e+01 1.972092935e-04
9.819639279e+03 3.571293455e-02 2.092774467e+01 1.206575769e-01 7.383030628e-06 1.599980671e+01 1.859073338e-04
9.859719439e+03 3.569682965e-02 2.093607287e+01 1.206158437e-01 6.924510731e-06 1.599981783e+01 1.752487137e-04
9.899799599e+03 3.568074098e-02 2.094439966e+01 1.205741706e-01 6.494453015e-06 1.599982831e+01 1.651967805e-04
9.939879760e+03 3.566466843e-02 2.095272504e+01 1.205325553e-01 6.091084852e-06 1.599983819e+01 1.557172089e-04
9.979959920e+03 3.564861213e-02 2.096104902e+01 1.204909993e-01 5.712792469e-06 1.599984751e+01 1.467782173e-04
1.002004008e+04 3.563257195e-02 2.096937160e+01 1.204495001e-01 5.357990803e-06 1.599985629e+01 1.383488825e-04
1.006012024e+04 3.561654788e-02 2.097769277e+01 1.204080572e-01 5.025205014e-06 1.599986457e+01 1.304001641e-04
1.010020040e+04 3.560053975e-02 2.098601255e+01 1.203666687e-01 4.713110833e-06 1.599987238e+01 1.229054207e-04
1.014028056e+04 3.558454756e-02 2.099433093e+01 1.203253344e-01 4.420404980e-06 1.599987974e+01 1.158387029e-04
1.018036072e+04 3.556857127e-02 2.100264791e+01 1.202840539e-01 4.145869558e-06 1.599988668e+01 1.091755763e-04
1.022044088e+04 3.555261084e-02 2.101096350e+01 1.202428259e-01 3.888386089e-06 1.599989322e+01 1.028932956e-04
1.026052104e+04 3.553666619e-02 2.101927769e+01 1.202016487e-01 3.646908614e-06 1.599989938e+01 9.697043288e-05
1.030060120e+04 3.552073727e-02 2.102759049e+01 1.201605213e-01 3.420422903e-06 1.599990519e+01 9.138632323e-05
1.034068136e+04 3.550482402e-02 2.103590190e+01 1.201194428e-01 3.207990451e-06 1.599991067e+01 8.612163444e-05
1.038076152e+04 3.548892635e-02 2.104421192e+01 1.200784142e-01 3.008766372e-06 1.599991583e+01 8.115859782e-05
1.042084168e+04 3.547304419e-02 2.105252055e+01 1.200374343e-01 2.821910669e-06 1.599992070e+01 7.647979839e-05
1.046092184e+04 3.545717742e-02 2.106082779e+01 1.199965028e-01 2.646644925e-06 1.599992528e+01 7.206892586e-05
1.050100200e+04 3.544132613e-02 2.106913364e+01 1.199556186e-01 2.482270841e-06 1.599992961e+01 6.791104018e-05
1.054108216e+04 3.542549028e-02 2.107743811e+01 1.199147811e-01 2.328105665e-06 1.599993368e+01 6.399164266e-05
1.058116232e+04 3.540966986e-02 2.108574119e+01 1.198739899e-01 2.183509106e-06 1.599993752e+01 6.029704932e-05
1.062124248e+04 3.539386482e-02 2.109404288e+01 1.198332447e-01 2.047890914e-06 1.599994114e+01 5.681450854e-05
1.066132265e+04 3.537807509e-02 2.110234319e+01 1.197925453e-01 1.920701585e-06 1.599994455e+01 5.353205408e-05
1.070140281e+04 3.536230067e-02 2.111064211e+01 1.197518914e-01 1.801410725e-06 1.599994776e+01 5.043815788e-05
1.074148297e+04 3.534654154e-02 2.111893965e+01 1.197112827e-01 1.689525420e-06 1.599995079e+01 4.752201844e-05
1.078156313e+04 3.533079772e-02 2.112723580e+01 1.196707186e-01 1.584597424e-06 1.599995364e+01 4.477367161e-05
1.082164329e+04 3.531506920e-02 2.113553058e+01 1.196301990e-01 1.486186704e-06 1.599995633e+01 4.218340798e-05
1.086172345e+04 3.529935597e-02 2.114382397e+01 1.195897235e-01 1.393882940e-06 1.599995886e+01 3.974211093e-05
1.090180361e+04 3.528365785e-02 2.115211597e+01 1.195492927e-01 1.307331830e-06 1.599996125e+01 3.744164004e-05
1.094188377e+04 3.526797481e-02 2.116040660e+01 1.195089062e-01 1.226168382e-06 1.599996350e+01 3.527382481e-05
1.098196393e+04 3.525230681e-02 2.116869585e+01 1.194685639e-01 1.150048786e-06 1.599996562e+01 3.323093678e-05
1.102204409e+04 3.523665375e-02 2.117698372e+01 1.194282660e-01 1.078649712e-06 1.599996762e+01 3.130567317e-05
1.106212425e+04 3.522101559e-02 2.118527021e+01 1.193880122e-01 1.011670254e-06 1.599996950e+01 2.949118246e-05
1.110220441e+04 3.520539261e-02 2.119355532e+01 1.193478014e-01 9.488883040e-07 1.599997127e+01 2.778191997e-05
1.114228457e+04 3.518978464e-02 2.120183905e+01 1.193076338e-01 8.900090618e-07 1.599997294e+01 2.617132960e-05
1.118236473e+04 3.517419168e-02 2.121012140e+01 1.192675091e-01 8.347820008e-07 1.599997451e+01 2.465362454e-05
1.122244489e+04 3.515861377e-02 2.121840238e+01 1.192274267e-01 7.829674643e-07 1.599997599e+01 2.322327203e-05
1.126252505e+04 3.514305083e-02 2.122668198e+01 1.191873870e-01 7.343640823e-07 1.599997739e+01 2.187543083e-05
1.130260521e+04 3.512750271e-02 2.123496020e+01 1.191473905e-01 6.888018630e-07 1.599997871e+01 2.060583633e-05
1.134268537e+04 3.511196946e-02 2.124323704e+01 1.191074366e-01 6.460661046e-07 1.599997994e+01 1.940957262e-05
1.138276553e+04 3.509645106e-02 2.125151251e+01 1.190675252e-01 6.059753242e-07 1.599998111e+01 1.828232266e-05
1.142284569e+04 3.508094744e-02 2.125978661e+01 1.190276564e-01 5.683563808e-07 1.599998221e+01 1.721996432e-05
1.146292585e+04 3.506545866e-02 2.126805932e+01 1.189878299e-01 5.330785144e-07 1.599998325e+01 1.621916125e-05
1.150300601e+04 3.504998467e-02 2.127633067e+01 1.189480456e-01 4.999966938e-07 1.599998422e+01 1.527637415e-05
1.154308617e+04 3.503452544e-02 2.128460064e+01 1.189083035e-01 4.689654012e-07 1.599998514e+01 1.438809881e-05
1.158316633e+04 3.501908095e-02 2.129286924e+01 1.188686036e-01 4.398544493e-07 1.599998601e+01 1.355113962e-05
1.162324649e+04 3.500365117e-02 2.130113646e+01 1.188289458e-01 4.125406901e-07 1.599998682e+01 1.276246427e-05
1.166332665e+04 3.498823609e-02 2.130940231e+01 1.187893298e-01 3.869335409e-07 1.599998759e+01 1.201968625e-05
1.170340681e+04 3.497283568e-02 2.131766679e+01 1.187497557e-01 3.629160716e-07 1.599998832e+01 1.131994911e-05
1.174348697e+04 3.495744993e-02 2.132592989e+01 1.187102232e-01 3.403883975e-07 1.599998900e+01 1.066074719e-05
1.178356713e+04 3.494207881e-02 2.133419163e+01 1.186707323e-01 3.192555038e-07 1.599998964e+01 1.003969456e-05
1.182364729e+04 3.492672231e-02 2.134245199e+01 1.186312829e-01 2.994323818e-07 1.599999025e+01 9.454619018e-06
1.186372745e+04 3.491138038e-02 2.135071098e+01 1.185918752e-01 2.808487170e-07 1.599999082e+01 8.903647845e-06
1.190380762e+04 3.489605302e-02 2.135896860e+01 1.185525088e-01 2.634196707e-07 1.599999135e+01 8.384666610e-06
1.194388778e+04 3.488074020e-02 2.136722485e+01 1.185131839e-01 2.470714204e-07 1.599999186e+01 7.895790472e-06
1.198396794e+04 3.486544190e-02 2.137547973e+01 1.184739003e-01 2.317332189e-07 1.599999233e+01 7.435216418e-06
1.202404810e+04 3.485015811e-02 2.138373324e+01 1.184346578e-01 2.173576393e-07 1.599999278e+01 7.001582237e-06
1.206412826e+04 3.483488879e-02 2.139198538e+01 1.183954566e-01 2.038888810e-07 1.599999320e+01 6.593401108e-06
1.210420842e+04 3.481963394e-02 2.140023616e+01 1.183562964e-01 1.912612197e-07 1.599999360e+01 6.209032685e-06
1.214428858e+04 3.480439352e-02 2.140848556e+01 1.183171773e-01 1.794196968e-07 1.599999397e+01 5.847049986e-06
1.218436874e+04 3.478916753e-02 2.141673360e+01 1.182780991e-01 1.683110549e-07 1.599999433e+01 5.506076720e-06
1.222444890e+04 3.477395592e-02 2.142498027e+01 1.182390620e-01 1.578832688e-07 1.599999466e+01 5.184777629e-06
1.226452906e+04 3.475875869e-02 2.143322557e+01 1.182000656e-01 1.481117948e-07 1.599999497e+01 4.882345198e-06
1.230460922e+04 3.474357580e-02 2.144146951e+01 1.181611101e-01 1.389646728e-07 1.599999526e+01 4.597850313e-06
1.234468938e+04 3.472840723e-02 2.144971207e+01 1.181221952e-01 1.303879820e-07 1.599999554e+01 4.329971061e-06
1.238476954e+04 3.471325297e-02 2.145795328e+01 1.180833211e-01 1.223429233e-07 1.599999580e+01 4.077680744e-06
1.242484970e+04 3.469811298e-02 2.146619311e+01 1.180444875e-01 1.147916705e-07 1.599999605e+01 3.839984024e-06
1.246492986e+04 3.468298725e-02 2.147443159e+01 1.180056945e-01 1.076970435e-07 1.599999628e+01 3.615909893e-06
1.250501002e+04 3.466787577e-02 2.148266869e+01 1.179669420e-01 1.010443534e-07 1.599999649e+01 3.404935549e-06
1.254509018e+04 3.465277854e-02 2.149090443e+01 1.179282300e-01 9.481803193e-08 1.599999670e+01 3.206531495e-06
1.258517034e+04 3.463769554e-02 2.149913881e+01 1.178895583e-01 8.897681538e-08 1.599999689e+01 3.019678528e-06
1.262525050e+04 3.462262674e-02 2.150737183e+01 1.178509270e-01 8.349483479e-08 1.599999707e+01 2.843665667e-06
1.266533066e+04 3.460757215e-02 2.151560348e+01 1.178123360e-01 7.834716683e-08 1.599999724e+01 2.677808640e-06
1.270541082e+04 3.459253175e-02 2.152383377e+01 1.177737852e-01 7.350963931e-08 1.599999741e+01 2.521445411e-06
1.274549098e+04 3.457750545e-02 2.153206269e+01 1.177352745e-01 6.896919706e-08 1.599999756e+01 2.374156808e-06
1.278557114e+04 3.456249317e-02 2.154029026e+01 1.176968039e-01 6.471596705e-08 1.599999770e+01 2.235597067e-06
1.282565130e+04 3.454749491e-02 2.154851646e+01 1.176583732e-01 6.072390591e-08 1.599999783e+01 2.105081018e-06
1.286573146e+04 3.453251063e-02 2.155674130e+01 1.176199825e-01 5.697632991e-08 1.599999796e+01 1.982127929e-06
1.290581162e+04 3.451754029e-02 2.156496477e+01 1.175816316e-01 5.345737475e-08 1.599999808e+01 1.866279147e-06
1.294589178e+04 3.450258381e-02 2.157318688e+01 1.175433205e-01 5.015187245e-08 1.599999819e+01 1.757095154e-06
1.298597194e+04 3.448764131e-02 2.158140764e+01 1.175050491e-01 4.704873114e-08 1.599999830e+01 1.654238956e-06
1.302605210e+04 3.447271296e-02 2.158962703e+01 1.174668175e-01 4.413959559e-08 1.599999840e+01 1.557443159e-06
1.306613226e+04 3.445779864e-02 2.159784507e+01 1.174286256e-01 4.140924141e-08 1.599999849e+01 1.466273294e-06
1.310621242e+04 3.444289837e-02 2.160606174e+01 1.173904733e-01 3.884648760e-08 1.599999858e+01 1.380396875e-06
1.314629259e+04 3.442801218e-02 2.161427706e+01 1.173523606e-01 3.644062968e-08 1.599999866e+01 1.299495572e-06
1.318637275e+04 3.441314013e-02 2.162249102e+01 1.173142874e-01 3.418134387e-08 1.599999874e+01 1.223262934e-06
1.322645291e+04 3.439828209e-02 2.163070362e+01 1.172762537e-01 3.206102188e-08 1.599999882e+01 1.151461042e-06
1.326653307e+04 3.438343777e-02 2.163891487e+01 1.172382594e-01 3.007504793e-08 1.599999889e+01 1.083927277e-06
1.330661323e+04 3.436860734e-02 2.164712476e+01 1.172003044e-01 2.821230648e-08 1.599999895e+01 1.020344239e-06
1.334669339e+04 3.435379077e-02 2.165533329e+01 1.171623889e-01 2.646499691e-08 1.599999901e+01 9.604777402e-07
1.338677355e+04 3.433898801e-02 2.166354046e+01 1.171245126e-01 2.482554019e-08 1.599999907e+01 9.041018611e-07
1.342685371e+04 3.432419899e-02 2.167174628e+01 1.170866756e-01 2.328650513e-08 1.599999913e+01 8.509972103e-07
1.346693387e+04 3.430942370e-02 2.167995074e+01 1.170488777e-01 2.184258095e-08 1.599999918e+01 8.009927838e-07
1.350701403e+04 3.429466214e-02 2.168815384e+01 1.170111189e-01 2.049220141e-08 1.599999923e+01 7.540004022e-07
1.354709419e+04 3.427991422e-02 2.169635559e+01 1.169733990e-01 1.922635867e-08 1.599999927e+01 7.097762118e-07
1.358717435e+04 3.426517986e-02 2.170455599e+01 1.169357180e-01 1.803943361e-08 1.599999931e+01 6.681512658e-07
1.362725451e+04 3.425045899e-02 2.171275502e+01 1.168980759e-01 1.692590781e-08 1.599999935e+01 6.289613040e-07
1.366733467e+04 3.423575152e-02 2.172095271e+01 1.168604725e-01 1.588031220e-08 1.599999939e+01 5.920454893e-07
1.370741483e+04 3.422105751e-02 2.172914903e+01 1.168229078e-01 1.489868405e-08 1.599999943e+01 5.572770182e-07
1.374749499e+04 3.420637731e-02 2.173734401e+01 1.167853820e-01 1.398122234e-08 1.599999946e+01 5.246190519e-07
1.378757515e+04 3.419171071e-02 2.174553763e+01 1.167478948e-01 1.312067879e-08 1.599999949e+01 4.938792415e-07
1.382765531e+04 3.417705771e-02 2.175372989e+01 1.167104464e-01 1.231303581e-08 1.599999952e+01 4.649351769e-07
1.386773547e+04 3.416241839e-02 2.176192081e+01 1.166730366e-01 1.155435984e-08 1.599999955e+01 4.376677211e-07
1.390781563e+04 3.414779279e-02 2.177011037e+01 1.166356654e-01 1.084077025e-08 1.599999958e+01 4.119601753e-07
1.394789579e+04 3.413318090e-02 2.177829858e+01 1.165983328e-01 1.016867580e-08 1.599999960e+01 3.876962771e-07
1.398797595e+04 3.411858242e-02 2.178648544e+01 1.165610385e-01 9.541600700e-09 1.599999963e+01 3.649487569e-07
1.402805611e+04 3.410399757e-02 2.179467095e+01 1.165237826e-01 8.952583685e-09 1.599999965e+01 3.435196658e-07
1.406813627e+04 3.408942636e-02 2.180285511e+01 1.164865650e-01 8.399315174e-09 1.599999967e+01 3.233329289e-07
1.410821643e+04 3.407486882e-02 2.181103792e+01 1.164493857e-01 7.879587968e-09 1.599999969e+01 3.043149147e-07
1.414829659e+04 3.406032496e-02 2.181921938e+01 1.164122447e-01 7.391297246e-09 1.599999971e+01 2.863944345e-07
1.418837675e+04 3.404579472e-02 2.182739950e+01 1.163751418e-01 6.932565811e-09 1.599999972e+01 2.695087035e-07
1.422845691e+04 3.403127744e-02 2.183557826e+01 1.163380771e-01 6.502410830e-09 1.599999974e+01 2.536350699e-07
1.426853707e+04 3.401677346e-02 2.184375567e+01 1.163010504e-01 6.098620479e-09 1.599999976e+01 2.386899662e-07
1.430861723e+04 3.400228268e-02 2.185193173e+01 1.162640617e-01 5.719643797e-09 1.599999977e+01 2.246188463e-07
1.434869739e+04 3.398780503e-02 2.186010645e+01 1.162271109e-01 5.364045125e-09 1.599999978e+01 2.113702218e-07
1.438877756e+04 3.397334041e-02 2.186827982e+01 1.161901980e-01 5.030504097e-09 1.599999980e+01 1.988956626e-07
1.442885772e+04 3.395888870e-02 2.187645184e+01 1.161533229e-01 4.717815647e-09 1.599999981e+01 1.871497963e-07
1.446893788e+04 3.394445057e-02 2.188462251e+01 1.161164857e-01 4.423890332e-09 1.599999982e+01 1.760882093e-07
1.450901804e+04 3.393002582e-02 2.189279184e+01 1.160796862e-01 4.147845880e-09 1.599999983e+01 1.656718392e-07
1.454909820e+04 3.391561431e-02 2.190095982e+01 1.160429244e-01 3.888849350e-09 1.599999984e+01 1.558645427e-07
1.458917836e+04 3.390121604e-02 2.190912645e+01 1.160062002e-01 3.645970047e-09 1.599999985e+01 1.466327874e-07
1.462925852e+04 3.388683102e-02 2.191729173e+01 1.159695136e-01 3.418376771e-09 1.599999986e+01 1.379460655e-07
1.466933868e+04 3.387245927e-02 2.192545567e+01 1.159328646e-01 3.205337815e-09 1.599999987e+01 1.297768942e-07
1.470941884e+04 3.385810074e-02 2.193361827e+01 1.158962530e-01 3.005457540e-09 1.599999987e+01 1.220840342e-07
1.474949900e+04 3.384375541e-02 2.194177952e+01 1.158596789e-01 2.817256072e-09 1.599999988e+01 1.148252326e-07
1.478957916e+04 3.382942331e-02 2.194993943e+01 1.158231421e-01 2.640773722e-09 1.599999989e+01 1.079924899e-07
1.482965932e+04 3.381510447e-02 2.195809799e+01 1.157866427e-01 2.475403062e-09 1.599999990e+01 1.015644062e-07
1.486973948e+04 3.380079890e-02 2.196625521e+01 1.157501806e-01 2.320612297e-09 1.599999990e+01 9.552208205e-08
1.490981964e+04 3.378650662e-02 2.197441109e+01 1.157137557e-01 2.175945259e-09 1.599999991e+01 8.984911818e-08
1.494989980e+04 3.377222760e-02 2.198256562e+01 1.156773680e-01 2.040873233e-09 1.599999991e+01 8.452712596e-08
1.498997996e+04 3.375796136e-02 2.199071881e+01 1.156410174e-01 1.913157709e-09 1.599999992e+01 7.948612153e-08
1.503006012e+04 3.374370816e-02 2.199887066e+01 1.156047039e-01 1.793433400e-09 1.599999992e+01 7.474338392e-08
1.507014028e+04 3.372946793e-02 2.200702117e+01 1.155684275e-01 1.681264837e-09 1.599999993e+01 7.028397610e-08
1.511022044e+04 3.371524063e-02 2.201517034e+01 1.155321881e-01 1.576266830e-09 1.599999993e+01 6.609469323e-08
1.515030060e+04 3.370102621e-02 2.202331817e+01 1.154959857e-01 1.478104469e-09 1.599999994e+01 6.216406263e-08
1.519038076e+04 3.368682460e-02 2.203146465e+01 1.154598201e-01 1.386493123e-09 1.599999994e+01 5.848234384e-08
1.523046092e+04 3.367263585e-02 2.203960980e+01 1.154236915e-01 1.300235169e-09 1.599999994e+01 5.500588993e-08
1.527054108e+04 3.365845989e-02 2.204775361e+01 1.153875996e-01 1.219112114e-09 1.599999995e+01 5.172715122e-08
1.531062124e+04 3.364429664e-02 2.205589607e+01 1.153515445e-01 1.143070754e-09 1.599999995e+01 4.864456539e-08
1.535070140e+04 3.363014605e-02 2.206403720e+01 1.153155261e-01 1.071831854e-09 1.599999995e+01 4.574807939e-08
1.539078156e+04 3.361600806e-02 2.207217699e+01 1.152795443e-01 1.005149819e-09 1.599999996e+01 4.302875682e-08
1.543086172e+04 3.360188260e-02 2.208031544e+01 1.152435992e-01 9.428126992e-10 1.599999996e+01 4.047877799e-08
1.547094188e+04 3.358776998e-02 2.208845255e+01 1.152076906e-01 8.843015763e-10 1.599999996e+01 3.807918279e-08
1.551102204e+04 3.357367068e-02 2.209658832e+01 1.151718184e-01 8.289499118e-10 1.599999996e+01 3.580560496e-08
1.555110220e+04 3.355958429e-02 2.210472276e+01 1.151359826e-01 7.769713478e-10 1.599999997e+01 3.366525798e-08
1.559118236e+04 3.354551086e-02 2.211285585e+01 1.151001832e-01 7.281825102e-10 1.599999997e+01 3.165097451e-08
1.563126253e+04 3.353145043e-02 2.212098761e+01 1.150644200e-01 6.824254182e-10 1.599999997e+01 2.975640703e-08
1.567134269e+04 3.351740305e-02 2.212911803e+01 1.150286931e-01 6.395674839e-10 1.599999997e+01 2.797602780e-08
1.571142285e+04 3.350336880e-02 2.213724712e+01 1.149930022e-01 5.995015129e-10 1.599999997e+01 2.630512886e-08
1.575150301e+04 3.348934766e-02 2.214537486e+01 1.149573475e-01 5.620903077e-10 1.599999997e+01 2.473820433e-08
1.579158317e+04 3.347533855e-02 2.215350128e+01 1.149217291e-01 5.264502462e-10 1.599999998e+01 2.324802871e-08
1.583166333e+04 3.346134217e-02 2.216162636e+01 1.148861468e-01 4.929832892e-10 1.599999998e+01 2.184499766e-08
1.587174349e+04 3.344735846e-02 2.216975010e+01 1.148506005e-01 4.615920278e-10 1.599999998e+01 2.052500195e-08
1.591182365e+04 3.343338739e-02 2.217787251e+01 1.148150902e-01 4.321971264e-10 1.599999998e+01 1.928453839e-08
1.595190381e+04 3.341942890e-02 2.218599359e+01 1.147796159e-01 4.047373222e-10 1.599999998e+01 1.812070983e-08
1.599198397e+04 3.340548295e-02 2.219411333e+01 1.147441775e-01 3.791694256e-10 1.599999998e+01 1.703122512e-08
1.603206413e+04 3.339154948e-02 2.220223174e+01 1.147087750e-01 3.554683204e-10 1.599999998e+01 1.601439917e-08
1.607214429e+04 3.337762853e-02 2.221034882e+01 1.146734084e-01 3.329212374e-10 1.599999998e+01 1.504806069e-08
1.611222445e+04 3.336372002e-02 2.221846457e+01 1.146380775e-01 3.116252778e-10 1.599999999e+01 1.413430907e-08
1.615230461e+04 3.334982387e-02 2.222657898e+01 1.146027825e-01 2.916813468e-10 1.599999999e+01 1.327542327e-08
1.619238477e+04 3.333594003e-02 2.223469206e+01 1.145675232e-01 2.730330534e-10 1.599999999e+01 1.246904696e-08
1.623246493e+04 3.332206844e-02 2.224280381e+01 1.145322996e-01 2.556342515e-10 1.599999999e+01 1.171319587e-08
1.627254509e+04 3.330820903e-02 2.225091423e+01 1.144971117e-01 2.394490404e-10 1.599999999e+01 1.100625783e-08
1.631262525e+04 3.329436175e-02 2.225902333e+01 1.144619594e-01 2.244517645e-10 1.599999999e+01 1.034699273e-08
1.635270541e+04 3.328052694e-02 2.226713109e+01 1.144268427e-01 2.103894151e-10 1.599999999e+01 9.726644823e-09
1.639278557e+04 3.326670494e-02 2.227523751e+01 1.143917612e-01 1.970195243e-10 1.599999999e+01 9.136840273e-09
1.643286573e+04 3.325289540e-02 2.228334261e+01 1.143567151e-01 1.845085494e-10 1.599999999e+01 8.582812528e-09
1.647294589e+04 3.323909835e-02 2.229144638e+01 1.143217042e-01 1.728105295e-10 1.599999999e+01 8.062775220e-09
1.651302605e+04 3.322531383e-02 2.229954882e+01 1.142867287e-01 1.618850061e-10 1.599999999e+01 7.575156605e-09
1.655310621e+04 3.321154188e-02 2.230764993e+01 1.142517882e-01 1.516970231e-10 1.599999999e+01 7.118599558e-09
1.659318637e+04 3.319778254e-02 2.231574970e+01 1.142168829e-01 1.422171264e-10 1.599999999e+01 6.691961575e-09
1.663326653e+04 3.318403583e-02 2.232384815e+01 1.141820127e-01 1.330033431e-10 1.599999999e+01 6.278178843e-09
1.667334669e+04 3.317030109e-02 2.233194528e+01 1.141471776e-01 1.247904716e-10 1.599999999e+01 5.905254032e-09
1.671342685e+04 3.315657877e-02 2.234004107e+01 1.141123774e-01 1.170410006e-10 1.599999999e+01 5.552645543e-09
1.675350701e+04 3.314286888e-02 2.234813554e+01 1.140776122e-01 1.097429271e-10 1.599999999e+01 5.219858729e-09
1.679358717e+04 3.312917141e-02 2.235622868e+01 1.140428819e-01 1.028842477e-10 1.599999999e+01 4.906398943e-09
1.683366733e+04 3.311548635e-02 2.236432050e+01 1.140081864e-01 9.645295916e-11 1.600000000e+01 4.611771537e-09
1.687374749e+04 3.310181368e-02 2.237241098e+01 1.139735256e-01 9.043705829e-11 1.600000000e+01 4.335481865e-09
1.691382766e+04 3.308815342e-02 2.238050015e+01 1.139388996e-01 8.482454182e-11 1.600000000e+01 4.077035280e-09
1.695390782e+04 3.307450468e-02 2.238858799e+01 1.139043087e-01 7.948861057e-11 1.600000000e+01 3.830751103e-09
1.699398798e+04 3.306086786e-02 2.239667450e+01 1.138697526e-01 7.446772549e-11 1.600000000e+01 3.598414463e-09
1.703406814e+04 3.304724302e-02 2.240475969e+01 1.138352313e-01 6.976317368e-11 1.600000000e+01 3.380131118e-09
1.707414830e+04 3.303363014e-02 2.241284355e+01 1.138007448e-01 6.535799791e-11 1.600000000e+01 3.175182619e-09
1.711422846e+04 3.302002917e-02 2.242092610e+01 1.137662929e-01 6.123524096e-11 1.600000000e+01 2.982850518e-09
1.715430862e+04 3.300644006e-02 2.242900732e+01 1.137318757e-01 5.737794560e-11 1.600000000e+01 2.802416366e-09
1.719438878e+04 3.299286276e-02 2.243708721e+01 1.136974930e-01 5.376915460e-11 1.600000000e+01 2.633161715e-09
1.723446894e+04 3.297929724e-02 2.244516579e+01 1.136631450e-01 5.039191074e-11 1.600000000e+01 2.474368115e-09
1.727454910e+04 3.296574405e-02 2.245324304e+01 1.136288313e-01 4.724447296e-11 1.600000000e+01 2.325876945e-09
1.731462926e+04 3.295220392e-02 2.246131897e+01 1.135945516e-01 4.432937184e-11 1.600000000e+01 2.187686738e-09
1.735470942e+04 3.293867605e-02 2.246939357e+01 1.135603062e-01 4.161042561e-11 1.600000000e+01 2.058371749e-09
1.739478958e+04 3.292516044e-02 2.247746686e+01 1.135260949e-01 3.907224994e-11 1.600000000e+01 1.937271398e-09
1.743486974e+04 3.291165713e-02 2.248553882e+01 1.134919178e-01 3.669946052e-11 1.600000000e+01 1.823725106e-09
1.747494990e+04 3.289816612e-02 2.249360945e+01 1.134577748e-01 3.447667304e-11 1.600000000e+01 1.717072294e-09
1.751503006e+04 3.288468744e-02 2.250167877e+01 1.134236658e-01 3.238850319e-11 1.600000000e+01 1.616652383e-09
1.755511022e+04 3.287122110e-02 2.250974677e+01 1.133895908e-01 3.041956663e-11 1.600000000e+01 1.521804795e-09
1.759519038e+04 3.285776713e-02 2.251781344e+01 1.133555496e-01 2.855447907e-11 1.600000000e+01 1.431868951e-09
1.763527054e+04 3.284432357e-02 2.252587880e+01 1.133215430e-01 2.688066711e-11 1.600000000e+01 1.350444340e-09
1.767535070e+04 3.283089154e-02 2.253394284e+01 1.132875704e-01 2.532540597e-11 1.600000000e+01 1.274494426e-09
1.771543086e+04 3.281747113e-02 2.254200556e+01 1.132536318e-01 2.386953971e-11 1.600000000e+01 1.203202350e-09
1.775551102e+04 3.280406228e-02 2.255006697e+01 1.132197271e-01 2.250170147e-11 1.600000000e+01 1.136074000e-09
1.779559118e+04 3.279066494e-02 2.255812706e+01 1.131858564e-01 2.121052441e-11 1.600000000e+01 1.072615265e-09
1.783567134e+04 3.277727903e-02 2.256618583e+01 1.131520196e-01 1.998464164e-11 1.600000000e+01 1.012332032e-09
1.787575150e+04 3.276390452e-02 2.257424328e+01 1.131182166e-01 1.881268633e-11 1.600000000e+01 9.547301908e-10
1.791583166e+04 3.275054132e-02 2.258229942e+01 1.130844474e-01 1.768329160e-11 1.600000000e+01 8.993156283e-10
1.795591182e+04 3.273719019e-02 2.259035425e+01 1.130507117e-01 1.664088732e-11 1.600000000e+01 8.479337193e-10
1.799599198e+04 3.272385164e-02 2.259840775e+01 1.130170094e-01 1.571634157e-11 1.600000000e+01 8.018612103e-10
1.803607214e+04 3.271052491e-02 2.260645994e+01 1.129833406e-01 1.484726525e-11 1.600000000e+01 7.584646906e-10
1.807615230e+04 3.269720999e-02 2.261451081e+01 1.129497052e-01 1.402703151e-11 1.600000000e+01 7.174487913e-10
1.811623246e+04 3.268390691e-02 2.262256036e+01 1.129161032e-01 1.324901349e-11 1.600000000e+01 6.785181433e-10
1.815631263e+04 3.267061567e-02 2.263060860e+01 1.128825345e-01 1.250658437e-11 1.600000000e+01 6.413773777e-10
1.819639279e+04 3.265733626e-02 2.263865553e+01 1.128489991e-01 1.179311728e-11 1.600000000e+01 6.057311257e-10
1.823647295e+04 3.264406872e-02 2.264670113e+01 1.128154969e-01 1.110198539e-11 1.600000000e+01 5.712840182e-10
1.827655311e+04 3.263081303e-02 2.265474543e+01 1.127820280e-01 1.042656185e-11 1.600000000e+01 5.377406863e-10
1.831663327e+04 3.261756864e-02 2.266278841e+01 1.127485926e-01 9.854256350e-12 1.600000000e+01 5.088349263e-10
1.835671343e+04 3.260433594e-02 2.267083008e+01 1.127151905e-01 9.316578765e-12 1.600000000e+01 4.816207254e-10
1.839679359e+04 3.259111491e-02 2.267887043e+01 1.126818215e-01 8.809763581e-12 1.600000000e+01 4.559253135e-10
1.843687375e+04 3.257790553e-02 2.268690948e+01 1.126484858e-01 8.330534712e-12 1.600000000e+01 4.315968909e-10
1.847695391e+04 3.256470781e-02 2.269494721e+01 1.126151831e-01 7.875616069e-12 1.600000000e+01 4.084836580e-10
1.851703407e+04 3.255152172e-02 2.270298362e+01 1.125819136e-01 7.441731566e-12 1.600000000e+01 3.864338151e-10
1.855711423e+04 3.253834726e-02 2.271101873e+01 1.125486770e-01 7.025605114e-12 1.600000000e+01 3.652955624e-10
1.859719439e+04 3.252518440e-02 2.271905252e+01 1.125154735e-01 6.623960627e-12 1.600000000e+01 3.449171005e-10
1.863727455e+04 3.251203302e-02 2.272708500e+01 1.124823029e-01 6.252602682e-12 1.600000000e+01 3.260091985e-10
1.867735471e+04 3.249889303e-02 2.273511618e+01 1.124491651e-01 5.915564772e-12 1.600000000e+01 3.087504972e-10
1.871743487e+04 3.248576453e-02 2.274314604e+01 1.124160601e-01 5.596878679e-12 1.600000000e+01 2.924154305e-10
1.875751503e+04 3.247264749e-02 2.275117459e+01 1.123829880e-01 5.294638967e-12 1.600000000e+01 2.769141613e-10
1.879759519e+04 3.245954188e-02 2.275920183e+01 1.123499485e-01 5.006940201e-12 1.600000000e+01 2.621568520e-10
1.883767535e+04 3.244644769e-02 2.276722776e+01 1.123169418e-01 4.731876943e-12 1.600000000e+01 2.480536653e-10
1.887775551e+04 3.243336489e-02 2.277525239e+01 1.122839678e-01 4.467543758e-12 1.600000000e+01 2.345147638e-10
1.891783567e+04 3.242029346e-02 2.278327570e+01 1.122510263e-01 4.212035209e-12 1.600000000e+01 2.214503101e-10
1.895791583e+04 3.240723339e-02 2.279129771e+01 1.122181175e-01 3.964997913e-12 1.600000000e+01 2.088405893e-10
1.899799599e+04 3.239418485e-02 2.279931840e+01 1.121852412e-01 3.747867737e-12 1.600000000e+01 1.976503376e-10
1.903807615e+04 3.238114769e-02 2.280733780e+01 1.121523974e-01 3.542569347e-12 1.600000000e+01 1.870591523e-10
1.907815631e+04 3.236812188e-02 2.281535588e+01 1.121195861e-01 3.348112480e-12 1.600000000e+01 1.770185439e-10
1.911823647e+04 3.235510743e-02 2.282337265e+01 1.120868073e-01 3.163506873e-12 1.600000000e+01 1.674800233e-10
1.915831663e+04 3.234210430e-02 2.283138812e+01 1.120540608e-01 2.987762263e-12 1.600000000e+01 1.583951011e-10
1.919839679e+04 3.232911249e-02 2.283940229e+01 1.120213467e-01 2.819888388e-12 1.600000000e+01 1.497152878e-10
1.923847695e+04 3.231613199e-02 2.284741515e+01 1.119886648e-01 2.658894984e-12 1.600000000e+01 1.413920943e-10
1.927855711e+04 3.230316278e-02 2.285542670e+01 1.119560153e-01 2.503791789e-12 1.600000000e+01 1.333770311e-10
1.931863727e+04 3.229020474e-02 2.286343694e+01 1.119233979e-01 2.363748729e-12 1.600000000e+01 1.261079709e-10
1.935871743e+04 3.227725788e-02 2.287144589e+01 1.118908126e-01 2.237531064e-12 1.600000000e+01 1.195247216e-10
1.939879760e+04 3.226432222e-02 2.287945352e+01 1.118582595e-01 2.118720507e-12 1.600000000e+01 1.133189575e-10
1.943887776e+04 3.225139775e-02 2.288745985e+01 1.118257385e-01 2.006662405e-12 1.600000000e+01 1.074582547e-10
1.947895792e+04 3.223848445e-02 2.289546488e+01 1.117932495e-01 1.900702108e-12 1.600000000e+01 1.019101895e-10
1.951903808e+04 3.222558230e-02 2.290346861e+01 1.117607924e-01 1.800184966e-12 1.600000000e+01 9.664233802e-11
1.955911824e+04 3.221269129e-02 2.291147103e+01 1.117283674e-01 1.704456326e-12 1.600000000e+01 9.162227647e-11
1.959919840e+04 3.219981140e-02 2.291947215e+01 1.116959742e-01 1.612861538e-12 1.600000000e+01 8.681758105e-11
1.963927856e+04 3.218694260e-02 2.292747196e+01 1.116636129e-01 1.524745952e-12 1.600000000e+01 8.219582797e-11
1.967935872e+04 3.217408489e-02 2.293547047e+01 1.116312834e-01 1.439454916e-12 1.600000000e+01 7.772459341e-11
1.971943888e+04 3.216123824e-02 2.294346769e+01 1.115989858e-01 1.356333779e-12 1.600000000e+01 7.337145357e-11
1.975951904e+04 3.214840263e-02 2.295146360e+01 1.115667198e-01 1.274727891e-12 1.600000000e+01 6.910398465e-11
1.979959920e+04 3.213557828e-02 2.295945820e+01 1.115344856e-01 1.206726427e-12 1.600000000e+01 6.551081634e-11
1.983967936e+04 3.212276504e-02 2.296745151e+01 1.115022830e-01 1.144707555e-12 1.600000000e+01 6.221998845e-11
1.987975952e+04 3.210996287e-02 2.297544352e+01 1.114701121e-01 1.086247290e-12 1.600000000e+01 5.911285109e-11
1.991983968e+04 3.209717175e-02 2.298343422e+01 1.114379727e-01 1.030985456e-12 1.600000000e+01 5.617133130e-11
1.995991984e+04 3.208439166e-02 2.299142363e+01 1.114058649e-01 9.785618782e-13 1.600000000e+01 5.337735611e-11
2.000000000e+04 3.207162261e-02 2.299941174e+01 1.113737885e-01 9.286163794e-13 1.600000000e+01 5.071285257e-11
