time            C               B               shC             shB            
0.000000000e+00 4.000000000e+00 4.000000000e+00 4.000000000e+00 4.000000000e+00
1.442885772e+01 2.174146732e+00 3.844693146e+00 2.144030986e+00 3.761000268e+00
2.885771543e+01 2.196247083e+00 3.634898277e+00 2.279684262e+00 3.469502891e+00
4.328657315e+01 2.314363316e+00 3.427230176e+00 2.446795320e+00 3.183284477e+00
5.771543086e+01 2.437419702e+00 3.221942879e+00 2.612982564e+00 2.903464032e+00
7.214428858e+01 2.560237198e+00 3.019558352e+00 2.776161540e+00 2.632679135e+00
8.657314629e+01 2.681978130e+00 2.821072763e+00 2.934751872e+00 2.373454478e+00
1.010020040e+02 2.802011628e+00 2.627513262e+00 3.087348230e+00 2.127902795e+00
1.154308617e+02 2.919745516e+00 2.439826439e+00 3.232767623e+00 1.897652901e+00
1.298597194e+02 3.034633569e+00 2.258845813e+00 3.370081387e+00 1.683828702e+00
1.442885772e+02 3.146185829e+00 2.085277242e+00 3.498629815e+00 1.487061335e+00
1.587174349e+02 3.253976577e+00 1.919691453e+00 3.618018930e+00 1.307527922e+00
1.731462926e+02 3.357649881e+00 1.762521702e+00 3.728103019e+00 1.145009351e+00
1.875751503e+02 3.456922536e+00 1.614066030e+00 3.828955869e+00 9.989597561e-01
2.020040080e+02 3.551584590e+00 1.474493354e+00 3.920835036e+00 8.685798455e-01
2.164328657e+02 3.641497535e+00 1.343852843e+00 4.004142915e+00 7.528886095e-01
2.308617234e+02 3.726590557e+00 1.222085660e+00 4.079388109e+00 6.507887081e-01
2.452905812e+02 3.806855184e+00 1.109038367e+00 4.147149562e+00 5.611229632e-01
2.597194389e+02 3.882338691e+00 1.004477304e+00 4.208045251e+00 4.827206054e-01
2.741482966e+02 3.953136974e+00 9.081027627e-01 4.262705788e+00 4.144332819e-01
2.885771543e+02 4.019386772e+00 8.195632841e-01 4.311754267e+00 3.551614868e-01
3.030060120e+02 4.081258059e+00 7.384687987e-01 4.355790512e+00 3.038725580e-01
3.174348697e+02 4.138946632e+00 6.644027217e-01 4.395380465e+00 2.596117716e-01
3.318637275e+02 4.192667224e+00 5.969326783e-01 4.431049431e+00 2.215077976e-01
3.462925852e+02 4.242647187e+00 5.356197968e-01 4.463278337e+00 1.887739591e-01
3.607214429e+02 4.289120984e+00 4.800265180e-01 4.492502638e+00 1.607063688e-01
3.751503006e+02 4.332325444e+00 4.297229692e-01 4.519112866e+00 1.366801244e-01
3.895791583e+02 4.372495708e+00 3.842920512e-01 4.543456430e+00 1.161438958e-01
4.040080160e+02 4.409862056e+00 3.433332841e-01 4.565840370e+00 9.861402299e-02
4.184368737e+02 4.444647326e+00 3.064656137e-01 4.586534477e+00 8.366817616e-02
4.328657315e+02 4.477065004e+00 2.733292914e-01 4.605774647e+00 7.093905292e-02
4.472945892e+02 4.507317829e+00 2.435870110e-01 4.623766239e+00 6.010833662e-02
4.617234469e+02 4.535596914e+00 2.169243814e-01 4.640687469e+00 5.090096919e-02
4.761523046e+02 4.562081158e+00 1.930499281e-01 4.656692353e+00 4.307991556e-02
4.905811623e+02 4.586937184e+00 1.716946532e-01 4.671913881e+00 3.644132083e-02
5.050100200e+02 4.610319269e+00 1.526113354e-01 4.686466404e+00 3.081023007e-02
5.194388778e+02 4.632369684e+00 1.355735940e-01 4.700448175e+00 2.603674727e-02
5.338677355e+02 4.653219072e+00 1.203748289e-01 4.713943327e+00 2.199266822e-02
5.482965932e+02 4.672986994e+00 1.068270032e-01 4.727023996e+00 1.856843835e-02
5.627254509e+02 4.691782517e+00 9.475943566e-02 4.739751754e+00 1.567057346e-02
5.771543086e+02 4.709704848e+00 8.401756899e-02 4.752179212e+00 1.321939802e-02
5.915831663e+02 4.726843995e+00 7.446172536e-02 4.764351193e+00 1.114705271e-02
6.060120240e+02 4.743281449e+00 6.596591003e-02 4.776305906e+00 9.395795195e-03
6.204408818e+02 4.759090834e+00 5.841666928e-02 4.788075889e+00 7.916537085e-03
6.348697395e+02 4.774338526e+00 5.171200683e-02 4.799688777e+00 6.667577058e-03
6.492985972e+02 4.789084294e+00 4.576033451e-02 4.811168087e+00 5.613504288e-03
6.637274549e+02 4.803381870e+00 4.047951897e-02 4.822533773e+00 4.724272728e-03
6.781563126e+02 4.817279470e+00 3.579602186e-02 4.833802781e+00 3.974415793e-03
6.925851703e+02 4.830820351e+00 3.164399825e-02 4.844989482e+00 3.342332235e-03
7.070140281e+02 4.844043244e+00 2.796461093e-02 4.856106062e+00 2.809731189e-03
7.214428858e+02 4.856982794e+00 2.470532213e-02 4.867162837e+00 2.361133278e-03
7.358717435e+02 4.869669962e+00 2.181925316e-02 4.878168552e+00 1.983438778e-03
7.503006012e+02 4.882132430e+00 1.926454986e-02 4.889130609e+00 1.665553101e-03
7.647294589e+02 4.894394874e+00 1.700395595e-02 4.900055253e+00 1.398106794e-03
7.791583166e+02 4.906479313e+00 1.500428656e-02 4.910947811e+00 1.173181822e-03
7.935871743e+02 4.918405351e+00 1.323600668e-02 4.921812752e+00 9.840893105e-04
8.080160321e+02 4.930190445e+00 1.167286095e-02 4.932653826e+00 8.251838526e-04
8.224448898e+02 4.941850170e+00 1.029144641e-02 4.943474245e+00 6.916872991e-04
8.368737475e+02 4.953398351e+00 9.071015410e-03 4.954276742e+00 5.795793544e-04
8.513026052e+02 4.964847266e+00 7.993153220e-03 4.965063559e+00 4.854718462e-04
8.657314629e+02 4.976207862e+00 7.041461995e-03 4.975836587e+00 4.064988655e-04
8.801603206e+02 4.987489840e+00 6.201421929e-03 4.986597465e+00 3.402516679e-04
8.945891784e+02 4.998701817e+00 5.460147392e-03 4.997347632e+00 2.846996698e-04
9.090180361e+02 5.009851441e+00 4.806209255e-03 5.008088175e+00 2.381329001e-04
9.234468938e+02 5.020945493e+00 4.229485420e-03 5.018820010e+00 1.991128690e-04
9.378757515e+02 5.031990000e+00 3.720983471e-03 5.029544014e+00 1.664263581e-04
9.523046092e+02 5.042990275e+00 3.272785510e-03 5.040260914e+00 1.390586625e-04
9.667334669e+02 5.053951061e+00 2.877825417e-03 5.050971245e+00 1.161499999e-04
9.811623246e+02 5.064876549e+00 2.529867186e-03 5.061675445e+00 9.697997188e-05
9.955911824e+02 5.075770423e+00 2.223431534e-03 5.072373983e+00 8.094774249e-05
1.010020040e+03 5.086635990e+00 1.953601448e-03 5.083067206e+00 6.754076569e-05
1.024448898e+03 5.097476144e+00 1.716080627e-03 5.093755378e+00 5.633462658e-05
1.038877756e+03 5.108293455e+00 1.507056458e-03 5.104438755e+00 4.697148318e-05
1.053306613e+03 5.119090191e+00 1.323163124e-03 5.115117538e+00 3.915150315e-05
1.067735471e+03 5.129868372e+00 1.161407442e-03 5.125791886e+00 3.262127995e-05
1.082164329e+03 5.140629766e+00 1.019171398e-03 5.136461963e+00 2.717101900e-05
1.096593186e+03 5.151375941e+00 8.941355120e-04 5.147127878e+00 2.262408518e-05
1.111022044e+03 5.162108287e+00 7.842448777e-04 5.157789736e+00 1.883174691e-05
1.125450902e+03 5.172828029e+00 6.876871438e-04 5.168447621e+00 1.566957382e-05
1.139879760e+03 5.183536259e+00 6.028509899e-04 5.179101606e+00 1.303228385e-05
1.154308617e+03 5.194233923e+00 5.283417306e-04 5.189751751e+00 1.083440636e-05
1.168737475e+03 5.204921854e+00 4.629285246e-04 5.200398104e+00 9.004310975e-06
1.183166333e+03 5.215600797e+00 4.055173403e-04 5.211040709e+00 7.481186768e-06
1.197595190e+03 5.226271408e+00 3.551388416e-04 5.221679601e+00 6.213674615e-06
1.212024048e+03 5.236934268e+00 3.109407503e-04 5.232314810e+00 5.159044956e-06
1.226452906e+03 5.247589887e+00 2.721743184e-04 5.242946362e+00 4.281811745e-06
1.240881764e+03 5.258238712e+00 2.381801388e-04 5.253574278e+00 3.552333146e-06
1.255310621e+03 5.268881140e+00 2.083782670e-04 5.264198575e+00 2.945939665e-06
1.269739479e+03 5.279517518e+00 1.822598751e-04 5.274819268e+00 2.442189964e-06
1.284168337e+03 5.290148152e+00 1.593759690e-04 5.285436371e+00 2.023905827e-06
1.298597194e+03 5.300773313e+00 1.393309819e-04 5.296049894e+00 1.676704678e-06
1.313026052e+03 5.311393239e+00 1.217770410e-04 5.306659847e+00 1.388597220e-06
1.327454910e+03 5.322008140e+00 1.064086711e-04 5.317266237e+00 1.149627117e-06
1.341883768e+03 5.332618197e+00 9.295917809e-05 5.327869070e+00 9.516287939e-07
1.356312625e+03 5.343223576e+00 8.119100860e-05 5.338468353e+00 7.875668090e-07
1.370741483e+03 5.353824418e+00 7.089583215e-05 5.349064091e+00 6.516206520e-07
1.385170341e+03 5.364420850e+00 6.189092754e-05 5.359656288e+00 5.389666023e-07
1.399599198e+03 5.375012983e+00 5.401506418e-05 5.370244948e+00 4.455355490e-07
1.414028056e+03 5.385600914e+00 4.712922548e-05 5.380830074e+00 3.681309303e-07
1.428456914e+03 5.396184727e+00 4.111080254e-05 5.391411669e+00 3.040496668e-07
1.442885772e+03 5.406764497e+00 3.585270254e-05 5.401989735e+00 2.510804038e-07
1.457314629e+03 5.417340289e+00 3.126006818e-05 5.412564276e+00 2.073162580e-07
1.471743487e+03 5.427912163e+00 2.724993796e-05 5.423135292e+00 1.711863692e-07
1.486172345e+03 5.438480168e+00 2.374951510e-05 5.433702786e+00 1.413854569e-07
1.500601202e+03 5.449044351e+00 2.069343493e-05 5.444266760e+00 1.167171781e-07
1.515030060e+03 5.459604750e+00 1.802697639e-05 5.454827216e+00 9.636816034e-08
1.529458918e+03 5.470161402e+00 1.569936068e-05 5.465384154e+00 7.948202954e-08
1.543887776e+03 5.480714335e+00 1.366909438e-05 5.475937577e+00 6.552890068e-08
1.558316633e+03 5.491263578e+00 1.189788441e-05 5.486487486e+00 5.397597004e-08
1.572745491e+03 5.501809154e+00 1.035364922e-05 5.497033882e+00 4.443246207e-08
1.587174349e+03 5.512351082e+00 9.007478244e-06 5.507576767e+00 3.656295019e-08
1.601603206e+03 5.522889383e+00 7.834715710e-06 5.518116141e+00 3.009147325e-08
1.616032064e+03 5.533424071e+00 6.812904118e-06 5.528652006e+00 2.475937268e-08
1.630460922e+03 5.543955161e+00 5.924303634e-06 5.539184363e+00 2.043764723e-08
1.644889780e+03 5.554482665e+00 5.150936606e-06 5.549713213e+00 1.689959562e-08
1.659318637e+03 5.565006597e+00 4.476898531e-06 5.560238558e+00 1.394548225e-08
1.673747495e+03 5.575526963e+00 3.891922761e-06 5.570760398e+00 1.158347788e-08
1.688176353e+03 5.586043774e+00 3.382759005e-06 5.581278735e+00 9.626800771e-09
1.702605210e+03 5.596557040e+00 2.938571407e-06 5.591793570e+00 7.957783154e-09
1.717034068e+03 5.607066764e+00 2.553109059e-06 5.602304903e+00 6.601049076e-09
1.731462926e+03 5.617572955e+00 2.217422022e-06 5.612812737e+00 5.459441955e-09
1.745891784e+03 5.628075618e+00 1.924697495e-06 5.623317071e+00 4.490261981e-09
1.760320641e+03 5.638574758e+00 1.670449477e-06 5.633817908e+00 3.682093978e-09
1.774749499e+03 5.649070378e+00 1.449220183e-06 5.644315247e+00 3.010374759e-09
1.789178357e+03 5.659562484e+00 1.256760934e-06 5.654809091e+00 2.460343637e-09
1.803607214e+03 5.670051079e+00 1.089724943e-06 5.665299441e+00 2.008587910e-09
1.818036072e+03 5.680536165e+00 9.446437769e-07 5.675786296e+00 1.642915831e-09
1.832464930e+03 5.691017747e+00 8.186918643e-07 5.686269659e+00 1.349629287e-09
1.846893788e+03 5.701495826e+00 7.096613402e-07 5.696749531e+00 1.121415845e-09
1.861322645e+03 5.711970406e+00 6.150098608e-07 5.707225912e+00 9.343476076e-10
1.875751503e+03 5.722441488e+00 5.331096526e-07 5.717698804e+00 7.879439330e-10
1.890180361e+03 5.732909075e+00 4.627954651e-07 5.728168208e+00 6.923488469e-10
1.904609218e+03 5.743373170e+00 4.020120916e-07 5.738634124e+00 6.202781727e-10
1.919038076e+03 5.753833773e+00 3.490649694e-07 5.749096554e+00 5.550628983e-10
1.933466934e+03 5.764290887e+00 3.035852786e-07 5.759555499e+00 5.077126603e-10
1.947895792e+03 5.774744514e+00 2.645715630e-07 5.770010960e+00 4.734702318e-10
1.962324649e+03 5.785194655e+00 2.306466444e-07 5.780462938e+00 4.383794822e-10
1.976753507e+03 5.795641312e+00 2.006795923e-07 5.790911434e+00 3.940950093e-10
1.991182365e+03 5.806084487e+00 1.751197437e-07 5.801356450e+00 3.554696996e-10
2.005611222e+03 5.816524180e+00 1.528445638e-07 5.811797985e+00 3.150678070e-10
2.020040080e+03 5.826960394e+00 1.332823425e-07 5.822236042e+00 2.744761012e-10
2.034468938e+03 5.837393129e+00 1.159892164e-07 5.832670621e+00 2.354364468e-10
2.048897796e+03 5.847822387e+00 1.009598056e-07 5.843101724e+00 1.928059520e-10
2.063326653e+03 5.858248170e+00 8.775232691e-08 5.853529352e+00 1.521363421e-10
2.077755511e+03 5.868670478e+00 7.613748031e-08 5.863953504e+00 1.161370588e-10
2.092184369e+03 5.879089312e+00 6.594160824e-08 5.874374184e+00 8.554209224e-11
2.106613226e+03 5.889504675e+00 5.703696002e-08 5.884791391e+00 5.889985887e-11
2.121042084e+03 5.899916566e+00 4.927452481e-08 5.895205127e+00 3.859780213e-11
2.135470942e+03 5.910324987e+00 4.252831979e-08 5.905615393e+00 2.478746218e-11
2.149899800e+03 5.920729939e+00 3.671724652e-08 5.916022190e+00 1.723936656e-11
2.164328657e+03 5.931131425e+00 3.173954250e-08 5.926425519e+00 1.475338307e-11
2.178757515e+03 5.941529444e+00 2.746023770e-08 5.936825381e+00 1.497556015e-11
2.193186373e+03 5.951923998e+00 2.373386198e-08 5.947221778e+00 1.448530071e-11
2.207615230e+03 5.962315088e+00 2.076461656e-08 5.957614710e+00 2.302088205e-11
2.222044088e+03 5.972702714e+00 1.831368395e-08 5.968004177e+00 3.354195455e-11
2.236472946e+03 5.983086878e+00 1.623698272e-08 5.978390183e+00 4.285068837e-11
2.250901804e+03 5.993467581e+00 1.437594620e-08 5.988772727e+00 4.762698378e-11
2.265330661e+03 6.003844825e+00 1.255320529e-08 5.999151810e+00 4.421771614e-11
2.279759519e+03 6.014218609e+00 1.130350930e-08 6.009527434e+00 4.698044011e-11
2.294188377e+03 6.024588937e+00 1.022630348e-08 6.019899600e+00 4.726271079e-11
2.308617234e+03 6.034955808e+00 9.244381230e-09 6.030268308e+00 4.491816991e-11
2.323046092e+03 6.045319225e+00 8.271653853e-09 6.040633561e+00 4.011358019e-11
2.337474950e+03 6.055679188e+00 7.247272997e-09 6.050995358e+00 3.326566757e-11
2.351903808e+03 6.066035697e+00 6.438977218e-09 6.061353702e+00 2.414395673e-11
2.366332665e+03 6.076388754e+00 5.674435467e-09 6.071708593e+00 1.429447502e-11
2.380761523e+03 6.086738361e+00 4.954028111e-09 6.082060032e+00 5.184016884e-12
2.395190381e+03 6.097084518e+00 4.287619723e-09 6.092408020e+00 -1.251660845e-12
2.409619238e+03 6.107427226e+00 3.679617828e-09 6.102752559e+00 -4.305443903e-12
2.424048096e+03 6.117766487e+00 3.078068384e-09 6.113093650e+00 -1.028513917e-11
2.438476954e+03 6.128102301e+00 2.531596147e-09 6.123431293e+00 -1.466981323e-11
2.452905812e+03 6.138434670e+00 2.057486255e-09 6.133765489e+00 -1.710656180e-11
2.467334669e+03 6.148763594e+00 1.677519719e-09 6.144096241e+00 -1.733529368e-11
2.481763527e+03 6.159089075e+00 1.387470723e-09 6.154423548e+00 -1.552393707e-11
2.496192385e+03 6.169411114e+00 1.118098213e-09 6.164747412e+00 -1.269145122e-11
2.510621242e+03 6.179729712e+00 9.099837074e-10 6.175067834e+00 -8.923284021e-12
2.525050100e+03 6.190044870e+00 7.543318028e-10 6.185384816e+00 -5.035127038e-12
2.539478958e+03 6.200356589e+00 6.366662239e-10 6.195698357e+00 -2.142161465e-12
2.553907816e+03 6.210664871e+00 5.503279397e-10 6.206008460e+00 2.425075343e-13
2.568336673e+03 6.220969716e+00 5.387244422e-10 6.216315126e+00 4.156163059e-12
2.582765531e+03 6.231271125e+00 5.451625399e-10 6.226618354e+00 7.472359899e-12
2.597194389e+03 6.241569100e+00 5.518681416e-10 6.236918148e+00 9.719370265e-12
2.611623246e+03 6.251863641e+00 5.343945015e-10 6.247214507e+00 1.040689819e-11
2.626052104e+03 6.262154750e+00 6.102753277e-10 6.257507433e+00 1.142676376e-11
2.640480962e+03 6.272442428e+00 8.541437832e-10 6.267796927e+00 1.406715391e-11
2.654909820e+03 6.282726676e+00 1.122149706e-09 6.278082990e+00 1.617703548e-11
2.669338677e+03 6.293007495e+00 1.391608798e-09 6.288365623e+00 1.765134466e-11
2.683767535e+03 6.303284886e+00 1.635153798e-09 6.298644827e+00 1.839858205e-11
2.698196393e+03 6.313558850e+00 1.820734475e-09 6.308920604e+00 1.834081271e-11
2.712625251e+03 6.323829389e+00 1.911617635e-09 6.319192953e+00 1.741366610e-11
2.727054108e+03 6.334096503e+00 1.866387115e-09 6.329461878e+00 1.556633615e-11
2.741482966e+03 6.344360194e+00 1.777245249e-09 6.339727378e+00 1.313955087e-11
2.755911824e+03 6.354620462e+00 1.966524096e-09 6.349989454e+00 1.112933185e-11
2.770340681e+03 6.364877309e+00 2.134562342e-09 6.360248109e+00 8.858192446e-12
2.784769539e+03 6.375130736e+00 2.269242430e-09 6.370503342e+00 6.460848722e-12
2.799198397e+03 6.385380743e+00 2.357172538e-09 6.380755155e+00 4.094896950e-12
2.813627255e+03 6.395627333e+00 2.383686581e-09 6.391003549e+00 1.940813612e-12
2.828056112e+03 6.405870506e+00 2.332844205e-09 6.401248526e+00 2.019553987e-13
2.842484970e+03 6.416110263e+00 2.187430793e-09 6.411490086e+00 -8.954407873e-13
2.856913828e+03 6.426346606e+00 1.945624873e-09 6.421728230e+00 -1.261927172e-12
2.871342685e+03 6.436579535e+00 1.869404677e-09 6.431962960e+00 -3.324513521e-12
2.885771543e+03 6.446809052e+00 1.774709497e-09 6.442194276e+00 -5.226602729e-12
2.900200401e+03 6.457035157e+00 1.664097096e-09 6.452422180e+00 -6.888679667e-12
2.914629259e+03 6.467257852e+00 1.540642613e-09 6.462646673e+00 -8.225512419e-12
2.929058116e+03 6.477477138e+00 1.407938558e-09 6.472867756e+00 -9.146152278e-12
2.943486974e+03 6.487693016e+00 1.270094816e-09 6.483085430e+00 -9.553933749e-12
2.957915832e+03 6.497905487e+00 1.131738644e-09 6.493299696e+00 -9.346474543e-12
2.972344689e+03 6.508114553e+00 9.980146742e-10 6.503510556e+00 -8.415675585e-12
2.986773547e+03 6.518320213e+00 8.464832884e-10 6.513718010e+00 -8.173733648e-12
3.001202405e+03 6.528522470e+00 6.932792867e-10 6.523922059e+00 -7.960503169e-12
3.015631263e+03 6.538721325e+00 5.461927553e-10 6.534122705e+00 -7.591362945e-12
3.030060120e+03 6.548916778e+00 4.095439096e-10 6.544319948e+00 -7.092495760e-12
3.044488978e+03 6.559108831e+00 2.879730863e-10 6.554513791e+00 -6.495079057e-12
3.058917836e+03 6.569297485e+00 1.864407434e-10 6.564704233e+00 -5.835284944e-12
3.073346693e+03 6.579482741e+00 1.102274604e-10 6.574891276e+00 -5.154280191e-12
3.087775551e+03 6.589664600e+00 6.493393781e-11 6.585074922e+00 -4.498226227e-12
3.102204409e+03 6.599843063e+00 9.385455249e-12 6.595255171e+00 -3.702937402e-12
3.116633267e+03 6.610018131e+00 -5.574124858e-11 6.605432024e+00 -2.799122455e-12
3.131062124e+03 6.620189806e+00 -1.094182720e-10 6.615605482e+00 -1.914075610e-12
3.145490982e+03 6.630358088e+00 -1.513789005e-10 6.625775548e+00 -1.083692643e-12
3.159919840e+03 6.640522979e+00 -1.814936859e-10 6.635942221e+00 -3.467726126e-13
3.174348697e+03 6.650684480e+00 -1.997704467e-10 6.646105503e+00 2.549821402e-13
3.188777555e+03 6.660842591e+00 -2.063542675e-10 6.656265395e+00 6.769659932e-13
3.203206413e+03 6.670997315e+00 -2.015274996e-10 6.666421898e+00 8.716700422e-13
3.217635271e+03 6.681148652e+00 -1.896344829e-10 6.676575013e+00 1.326638014e-12
3.232064128e+03 6.691296603e+00 -1.740768984e-10 6.686724741e+00 2.378486580e-12
3.246492986e+03 6.701441169e+00 -1.513889985e-10 6.696871084e+00 3.400805841e-12
3.260921844e+03 6.711582352e+00 -1.226859729e-10 6.707014042e+00 4.373370056e-12
3.275350701e+03 6.721720153e+00 -8.923265118e-11 6.717153618e+00 5.274746211e-12
3.289779559e+03 6.731854572e+00 -5.244350262e-11 6.727289811e+00 6.082294012e-12
3.304208417e+03 6.741985611e+00 -1.388263652e-11 6.737422622e+00 6.772165891e-12
3.318637275e+03 6.752113271e+00 2.473619801e-11 6.747552054e+00 7.319307002e-12
3.333066132e+03 6.762237553e+00 6.154961199e-11 6.757678107e+00 7.697455221e-12
3.347494990e+03 6.772358458e+00 9.454457659e-11 6.767800783e+00 7.879141149e-12
3.361923848e+03 6.782475988e+00 1.215584231e-10 6.777920081e+00 7.835688110e-12
3.376352705e+03 6.792590143e+00 1.402788429e-10 6.788036005e+00 7.537212150e-12
3.390781563e+03 6.802700924e+00 1.482438877e-10 6.798148553e+00 6.952622039e-12
3.405210421e+03 6.812808334e+00 1.428419691e-10 6.808257729e+00 6.049619270e-12
3.419639279e+03 6.822912372e+00 1.533467668e-10 6.818363533e+00 5.365442507e-12
3.434068136e+03 6.833013040e+00 1.996807686e-10 6.828465965e+00 5.272185262e-12
3.448496994e+03 6.843110339e+00 2.451160223e-10 6.838565028e+00 5.134096943e-12
3.462925852e+03 6.853204270e+00 2.887474820e-10 6.848660722e+00 4.955118388e-12
3.477354709e+03 6.863294835e+00 3.296209630e-10 6.858753048e+00 4.739773717e-12
3.491783567e+03 6.873382034e+00 3.667331417e-10 6.868842008e+00 4.493170334e-12
3.506212425e+03 6.883465869e+00 3.990315558e-10 6.878927603e+00 4.220998926e-12
3.520641283e+03 6.893546340e+00 4.254146039e-10 6.889009833e+00 3.929533459e-12
3.535070140e+03 6.903623449e+00 4.447315460e-10 6.899088700e+00 3.625631183e-12
3.549498998e+03 6.913697197e+00 4.557825032e-10 6.909164206e+00 3.316732633e-12
3.563927856e+03 6.923767585e+00 4.573184576e-10 6.919236350e+00 3.010861621e-12
3.578356713e+03 6.933834615e+00 4.480412527e-10 6.929305135e+00 2.716625247e-12
3.592785571e+03 6.943898286e+00 4.266035928e-10 6.939370561e+00 2.443213889e-12
3.607214429e+03 6.953958602e+00 3.916090439e-10 6.949432629e+00 2.200401209e-12
3.621643287e+03 6.964015561e+00 3.654411497e-10 6.959491342e+00 1.907348020e-12
3.636072144e+03 6.974069167e+00 3.633046623e-10 6.969546699e+00 1.511084227e-12
3.650501002e+03 6.984119419e+00 3.588238058e-10 6.979598702e+00 1.118167306e-12
3.664929860e+03 6.994166319e+00 3.521120229e-10 6.989647352e+00 7.341733798e-13
3.679358717e+03 7.004209869e+00 3.433080101e-10 6.999692650e+00 3.649771487e-13
3.693787575e+03 7.014250068e+00 3.325757181e-10 7.009734598e+00 1.675188560e-14
3.708216433e+03 7.024286919e+00 3.201043512e-10 7.019773196e+00 -3.040305615e-13
3.722645291e+03 7.034320423e+00 3.061083679e-10 7.029808446e+00 -5.905997699e-13
3.737074148e+03 7.044350580e+00 2.908274806e-10 7.039840348e+00 -8.358867425e-13
3.751503006e+03 7.054377392e+00 2.745266556e-10 7.049868904e+00 -1.032523908e-12
3.765931864e+03 7.064400859e+00 2.574961131e-10 7.059894115e+00 -1.172845119e-12
3.780360721e+03 7.074420984e+00 2.400513273e-10 7.069915983e+00 -1.248885655e-12
3.794789579e+03 7.084437767e+00 2.225330263e-10 7.079934507e+00 -1.252382220e-12
3.809218437e+03 7.094451209e+00 2.053071922e-10 7.089949690e+00 -1.174772945e-12
3.823647295e+03 7.104461312e+00 1.861366996e-10 7.099961533e+00 -1.145503637e-12
3.838076152e+03 7.114468076e+00 1.636272376e-10 7.109970036e+00 -1.250700905e-12
3.852505010e+03 7.124471503e+00 1.409364016e-10 7.119975201e+00 -1.337997108e-12
3.866933868e+03 7.134471594e+00 1.183438670e-10 7.129977029e+00 -1.407493123e-12
3.881362725e+03 7.144468350e+00 9.614639732e-11 7.139975521e+00 -1.459420935e-12
3.895791583e+03 7.154461771e+00 7.465784441e-11 7.149970678e+00 -1.494143641e-12
3.910220441e+03 7.164451861e+00 5.420914829e-11 7.159962501e+00 -1.512155445e-12
3.924649299e+03 7.174438618e+00 3.514833726e-11 7.169950992e+00 -1.514081665e-12
3.939078156e+03 7.184422045e+00 1.784052785e-11 7.179936152e+00 -1.500678725e-12
3.953507014e+03 7.194402143e+00 2.667924863e-12 7.189917981e+00 -1.472834162e-12
3.967935872e+03 7.204378912e+00 -9.970178679e-12 7.199896481e+00 -1.431566623e-12
3.982364729e+03 7.214352354e+00 -1.965740149e-11 7.209871654e+00 -1.378025862e-12
3.996793587e+03 7.224322471e+00 -2.596027406e-11 7.219843499e+00 -1.313492747e-12
4.011222445e+03 7.234289262e+00 -2.842823861e-11 7.229812019e+00 -1.239379254e-12
4.025651303e+03 7.244252730e+00 -3.316626756e-11 7.239777214e+00 -1.154544323e-12
4.040080160e+03 7.254212876e+00 -4.414060968e-11 7.249739086e+00 -1.058844445e-12
4.054509018e+03 7.264169700e+00 -5.411532825e-11 7.259697635e+00 -9.568350240e-13
4.068937876e+03 7.274123203e+00 -6.303771680e-11 7.269652863e+00 -8.502620872e-13
4.083366733e+03 7.284073388e+00 -7.085830142e-11 7.279604772e+00 -7.409944727e-13
4.097795591e+03 7.294020255e+00 -7.753084073e-11 7.289553361e+00 -6.310238301e-13
4.112224449e+03 7.303963805e+00 -8.301232595e-11 7.299498633e+00 -5.224646202e-13
4.126653307e+03 7.313904039e+00 -8.726298081e-11 7.309440588e+00 -4.175541155e-13
4.141082164e+03 7.323840959e+00 -9.024626162e-11 7.319379228e+00 -3.186523998e-13
4.155511022e+03 7.333774565e+00 -9.192885725e-11 7.329314553e+00 -2.282423681e-13
4.169939880e+03 7.343704859e+00 -9.228068912e-11 7.339246566e+00 -1.489297270e-13
4.184368737e+03 7.353631842e+00 -9.127491120e-11 7.349175266e+00 -8.344299458e-14
4.198797595e+03 7.363555515e+00 -8.888791001e-11 7.359100655e+00 -3.463350017e-14
4.213226453e+03 7.373475879e+00 -8.509930465e-11 7.369022735e+00 -5.475384555e-15
4.227655311e+03 7.383392936e+00 -8.230582862e-11 7.378941506e+00 1.152404234e-13
4.242084168e+03 7.393306686e+00 -8.155895725e-11 7.388856970e+00 3.747442783e-13
4.256513026e+03 7.403217130e+00 -8.008642969e-11 7.398769127e+00 6.389229320e-13
4.270941884e+03 7.413124271e+00 -7.791981579e-11 7.408677980e+00 9.061587618e-13
4.285370741e+03 7.423028108e+00 -7.509477562e-11 7.418583528e+00 1.174751948e-12
4.299799599e+03 7.432928643e+00 -7.165105951e-11 7.428485774e+00 1.442920472e-12
4.314228457e+03 7.442825878e+00 -6.763250800e-11 7.438384717e+00 1.708800120e-12
4.328657315e+03 7.452719812e+00 -6.308705186e-11 7.448280361e+00 1.970444479e-12
4.343086172e+03 7.462610449e+00 -5.806671212e-11 7.458172704e+00 2.225824940e-12
4.357515030e+03 7.472497788e+00 -5.262760000e-11 7.468061750e+00 2.472830696e-12
4.371943888e+03 7.482381830e+00 -4.682991697e-11 7.477947498e+00 2.709268743e-12
4.386372745e+03 7.492262578e+00 -4.073795475e-11 7.487829951e+00 2.932863878e-12
4.400801603e+03 7.502140032e+00 -3.442009527e-11 7.497709109e+00 3.141258703e-12
4.415230461e+03 7.512014192e+00 -2.794881069e-11 7.507584973e+00 3.332013621e-12
4.429659319e+03 7.521885062e+00 -2.140066340e-11 7.517457544e+00 3.502606839e-12
4.444088176e+03 7.531752641e+00 -1.485630605e-11 7.527326824e+00 3.650434365e-12
4.458517034e+03 7.541616930e+00 -8.400481475e-12 7.537192814e+00 3.772810011e-12
4.472945892e+03 7.551477931e+00 -2.122022782e-12 7.547055515e+00 3.866965391e-12
4.487374749e+03 7.561335645e+00 3.886146711e-12 7.556914928e+00 3.930049921e-12
4.501803607e+03 7.571190074e+00 9.527013449e-12 7.566771054e+00 3.959130821e-12
4.516232465e+03 7.581041217e+00 1.469947365e-11 7.576623895e+00 3.951193113e-12
4.530661323e+03 7.590889077e+00 1.929833329e-11 7.586473451e+00 3.903139622e-12
4.545090180e+03 7.600733655e+00 2.321430814e-11 7.596319724e+00 3.811790974e-12
4.559519038e+03 7.610574951e+00 2.633402369e-11 7.606162714e+00 3.673885600e-12
4.573947896e+03 7.620412968e+00 2.854001526e-11 7.616002424e+00 3.486079732e-12
4.588376754e+03 7.630247705e+00 2.971072789e-11 7.625838853e+00 3.244947405e-12
4.602805611e+03 7.640079164e+00 2.972051642e-11 7.635672005e+00 2.946980457e-12
4.617234469e+03 7.649907347e+00 2.843964543e-11 7.645501878e+00 2.588588529e-12
4.631663327e+03 7.659732254e+00 2.573428930e-11 7.655328475e+00 2.166099063e-12
4.646092184e+03 7.669553887e+00 2.725618346e-11 7.665151797e+00 1.898116152e-12
4.660521042e+03 7.679372246e+00 3.648936499e-11 7.674971844e+00 1.920065598e-12
4.674949900e+03 7.689187333e+00 4.572769653e-11 7.684788619e+00 1.937675358e-12
4.689378758e+03 7.698999149e+00 5.492198552e-11 7.694602121e+00 1.950822887e-12
4.703807615e+03 7.708807696e+00 6.402117061e-11 7.704412353e+00 1.959388761e-12
4.718236473e+03 7.718612974e+00 7.297232165e-11 7.714219315e+00 1.963256675e-12
4.732665331e+03 7.728414984e+00 8.172063969e-11 7.724023009e+00 1.962313442e-12
4.747094188e+03 7.738213728e+00 9.020945699e-11 7.733823436e+00 1.956448997e-12
4.761523046e+03 7.748009206e+00 9.838023700e-11 7.743620597e+00 1.945556392e-12
4.775951904e+03 7.757801421e+00 1.061725744e-10 7.753414492e+00 1.929531802e-12
4.790380762e+03 7.767590373e+00 1.135241950e-10 7.763205125e+00 1.908274518e-12
4.804809619e+03 7.777376063e+00 1.203709559e-10 7.772992494e+00 1.881686953e-12
4.819238477e+03 7.787158492e+00 1.266468454e-10 7.782776602e+00 1.849674638e-12
4.833667335e+03 7.796937662e+00 1.322839829e-10 7.792557450e+00 1.812146225e-12
4.848096192e+03 7.806713574e+00 1.372126191e-10 7.802335038e+00 1.769013485e-12
4.862525050e+03 7.816486229e+00 1.413611359e-10 7.812109369e+00 1.720191308e-12
4.876953908e+03 7.826255627e+00 1.446560463e-10 7.821880442e+00 1.665597704e-12
4.891382766e+03 7.836021771e+00 1.470219946e-10 7.831648260e+00 1.605153803e-12
4.905811623e+03 7.845784661e+00 1.483817564e-10 7.841412824e+00 1.538783854e-12
4.920240481e+03 7.855544299e+00 1.486562382e-10 7.851174134e+00 1.466415225e-12
4.934669339e+03 7.865300686e+00 1.477644779e-10 7.860932192e+00 1.387978406e-12
4.949098196e+03 7.875053822e+00 1.456236448e-10 7.870686999e+00 1.303407005e-12
4.963527054e+03 7.884803709e+00 1.421490389e-10 7.880438556e+00 1.212637748e-12
4.977955912e+03 7.894550349e+00 1.372540918e-10 7.890186864e+00 1.115610483e-12
4.992384770e+03 7.904293741e+00 1.308503663e-10 7.899931925e+00 1.012268176e-12
5.006813627e+03 7.914033888e+00 1.228475562e-10 7.909673740e+00 9.025569145e-13
5.021242485e+03 7.923770791e+00 1.131534865e-10 7.919412309e+00 7.864259035e-13
5.035671343e+03 7.933504451e+00 1.016741137e-10 7.929147634e+00 6.638274686e-13
5.050100200e+03 7.943234868e+00 8.831352511e-11 7.938879716e+00 5.347170549e-13
5.064529058e+03 7.952962045e+00 7.900523828e-11 7.948608556e+00 4.203109202e-13
5.078957916e+03 7.962685981e+00 7.873029485e-11 7.958334155e+00 3.384779676e-13
5.093386774e+03 7.972406679e+00 7.837173755e-11 7.968056515e+00 2.574075191e-13
5.107815631e+03 7.982124139e+00 7.794040088e-11 7.977775636e+00 1.774700813e-13
5.122244489e+03 7.991838363e+00 7.744776474e-11 7.987491521e+00 9.904814193e-14
5.136673347e+03 8.001549352e+00 7.690595439e-11 7.997204169e+00 2.253616951e-14
5.151102204e+03 8.011257106e+00 7.632774049e-11 8.006913582e+00 -5.165938635e-14
5.165531062e+03 8.020961628e+00 7.572653907e-11 8.016619762e+00 -1.231200951e-13
5.179959920e+03 8.030662918e+00 7.511641155e-11 8.026322709e+00 -1.914155452e-13
5.194388778e+03 8.040360978e+00 7.451206474e-11 8.036022424e+00 -2.561033442e-13
5.208817635e+03 8.050055808e+00 7.392885081e-11 8.045718910e+00 -3.167291186e-13
5.223246493e+03 8.059747410e+00 7.338276732e-11 8.055412166e+00 -3.728265141e-13
5.237675351e+03 8.069435785e+00 7.289045723e-11 8.065102194e+00 -4.239171952e-13
5.252104208e+03 8.079120934e+00 7.246920887e-11 8.074788996e+00 -4.695108456e-13
5.266533066e+03 8.088802858e+00 7.213695595e-11 8.084472572e+00 -5.091051680e-13
5.280961924e+03 8.098481559e+00 7.191227755e-11 8.094152924e+00 -5.421858841e-13
5.295390782e+03 8.108157037e+00 7.181439817e-11 8.103830052e+00 -5.682267346e-13
5.309819639e+03 8.117829294e+00 7.186318765e-11 8.113503958e+00 -5.866894794e-13
5.324248497e+03 8.127498331e+00 7.207916125e-11 8.123174643e+00 -5.970238973e-13
5.338677355e+03 8.137164149e+00 7.248347957e-11 8.132842109e+00 -5.986677860e-13
5.353106212e+03 8.146826749e+00 7.309794864e-11 8.142506355e+00 -5.910469626e-13
5.367535070e+03 8.156486133e+00 7.394501984e-11 8.152167385e+00 -5.735752629e-13
5.381963928e+03 8.166142301e+00 7.504778994e-11 8.161825197e+00 -5.456545418e-13
5.396392786e+03 8.175795255e+00 7.643000109e-11 8.171479795e+00 -5.066746734e-13
5.410821643e+03 8.185444995e+00 7.811604083e-11 8.181131179e+00 -4.560135507e-13
5.425250501e+03 8.195091524e+00 8.013094208e-11 8.190779350e+00 -3.930370857e-13
5.439679359e+03 8.204734842e+00 8.250038315e-11 8.200424309e+00 -3.170992096e-13
5.454108216e+03 8.214374950e+00 8.525068770e-11 8.210066058e+00 -2.275418724e-13
5.468537074e+03 8.224011850e+00 8.840882481e-11 8.219704598e+00 -1.236950433e-13
5.482965932e+03 8.233645542e+00 9.034857917e-11 8.229339929e+00 -4.825823738e-14
5.497394790e+03 8.243276028e+00 8.928192612e-11 8.238972053e+00 -4.818033029e-14
5.511823647e+03 8.252903308e+00 8.807992869e-11 8.248600971e+00 -4.820284716e-14
5.526252505e+03 8.262527385e+00 8.673789060e-11 8.258226684e+00 -4.850616152e-14
5.540681363e+03 8.272148259e+00 8.525100657e-11 8.267849194e+00 -4.927845339e-14
5.555110220e+03 8.281765932e+00 8.361436239e-11 8.277468501e+00 -5.071570923e-14
5.569539078e+03 8.291380404e+00 8.182293485e-11 8.287084607e+00 -5.302172200e-14
5.583967936e+03 8.300991677e+00 7.987159178e-11 8.296697513e+00 -5.640809107e-14
5.598396794e+03 8.310599752e+00 7.775509203e-11 8.306307220e+00 -6.109422231e-14
5.612825651e+03 8.320204630e+00 7.546808549e-11 8.315913729e+00 -6.730732805e-14
5.627254509e+03 8.329806312e+00 7.300511306e-11 8.325517042e+00 -7.528242708e-14
5.641683367e+03 8.339404800e+00 7.036060669e-11 8.335117159e+00 -8.526234463e-14
5.656112224e+03 8.349000094e+00 6.752888933e-11 8.344714082e+00 -9.749771243e-14
5.670541082e+03 8.358592196e+00 6.450417500e-11 8.354307812e+00 -1.122469686e-13
5.684969940e+03 8.368181107e+00 6.128056870e-11 8.363898350e+00 -1.297763579e-13
5.699398798e+03 8.377766828e+00 5.785206650e-11 8.373485697e+00 -1.503599314e-13
5.713827655e+03 8.387349360e+00 5.421255546e-11 8.383069855e+00 -1.742795465e-13
5.728256513e+03 8.396928704e+00 5.035581371e-11 8.392650824e+00 -2.018248674e-13
5.742685371e+03 8.406504863e+00 4.627551036e-11 8.402228605e+00 -2.332933645e-13
5.757114228e+03 8.416077835e+00 4.196520560e-11 8.411803201e+00 -2.689903148e-13
5.771543086e+03 8.425647624e+00 3.741835061e-11 8.421374612e+00 -3.092288018e-13
5.785971944e+03 8.435214230e+00 3.262828761e-11 8.430942839e+00 -3.543297152e-13
5.800400802e+03 8.444777653e+00 2.758824985e-11 8.440507883e+00 -4.046217514e-13
5.814829659e+03 8.454337897e+00 2.229136160e-11 8.450069746e+00 -4.604414132e-13
5.829258517e+03 8.463894961e+00 1.673063817e-11 8.459628428e+00 -5.221330099e-13
5.843687375e+03 8.473448846e+00 1.089898590e-11 8.469183931e+00 -5.900486573e-13
5.858116232e+03 8.482999554e+00 4.789202142e-12 8.478736257e+00 -6.645482774e-13
5.872545090e+03 8.492547087e+00 -1.606024713e-12 8.488285405e+00 -7.459995990e-13
5.886973948e+03 8.502091444e+00 -8.294115248e-12 8.497831378e+00 -8.347781572e-13
5.901402806e+03 8.511632628e+00 -1.724809267e-11 8.507374177e+00 -9.795757463e-13
5.915831663e+03 8.521170639e+00 -2.037219320e-11 8.516913802e+00 -9.816158262e-13
5.930260521e+03 8.530705479e+00 -2.342685686e-11 8.526450254e+00 -9.826886368e-13
5.944689379e+03 8.540237148e+00 -2.638834644e-11 8.535983535e+00 -9.824244215e-13
5.959118236e+03 8.549765649e+00 -2.923299036e-11 8.545513647e+00 -9.804601632e-13
5.973547094e+03 8.559290981e+00 -3.193716383e-11 8.555040590e+00 -9.764391246e-13
5.987975952e+03 8.568813147e+00 -3.447727021e-11 8.564564365e+00 -9.700103876e-13
6.002404810e+03 8.578332148e+00 -3.682972227e-11 8.574084974e+00 -9.608283933e-13
6.016833667e+03 8.587847984e+00 -3.897092344e-11 8.583602418e+00 -9.485524820e-13
6.031262525e+03 8.597360656e+00 -4.087724913e-11 8.593116698e+00 -9.328464328e-13
6.045691383e+03 8.606870167e+00 -4.252502797e-11 8.602627815e+00 -9.133780037e-13
6.060120240e+03 8.616376517e+00 -4.389052313e-11 8.612135770e+00 -8.898184712e-13
6.074549098e+03 8.625879707e+00 -4.494991353e-11 8.621640564e+00 -8.618421704e-13
6.088977956e+03 8.635379738e+00 -4.567927521e-11 8.631142200e+00 -8.291260346e-13
6.103406814e+03 8.644876613e+00 -4.605456252e-11 8.640640677e+00 -7.913491353e-13
6.117835671e+03 8.654370331e+00 -4.605158946e-11 8.650135997e+00 -7.481922219e-13
6.132264529e+03 8.663860893e+00 -4.564601094e-11 8.659628161e+00 -6.993372618e-13
6.146693387e+03 8.673348302e+00 -4.481330403e-11 8.669117170e+00 -6.444669801e-13
6.161122244e+03 8.682832559e+00 -4.352874928e-11 8.678603026e+00 -5.832643993e-13
6.175551102e+03 8.692313663e+00 -4.176741197e-11 8.688085729e+00 -5.154123795e-13
6.189979960e+03 8.701791617e+00 -3.950412341e-11 8.697565281e+00 -4.405931579e-13
6.204408818e+03 8.711266422e+00 -3.671346219e-11 8.707041683e+00 -3.584878888e-13
6.218837675e+03 8.720738079e+00 -3.336973550e-11 8.716514936e+00 -2.687761835e-13
6.233266533e+03 8.730206589e+00 -2.944696034e-11 8.725985042e+00 -1.711356500e-13
6.247695391e+03 8.739671954e+00 -2.491884488e-11 8.735452001e+00 -6.524143307e-14
6.262124248e+03 8.749134173e+00 -1.975876969e-11 8.744915814e+00 4.923424625e-14
6.276553106e+03 8.758593250e+00 -1.393976900e-11 8.754376483e+00 1.726225504e-13
6.290981964e+03 8.768049184e+00 -7.434512028e-12 8.763834010e+00 3.052584858e-13
6.305410822e+03 8.777501976e+00 -2.152842386e-13 8.773288394e+00 4.474813627e-13
6.319839679e+03 8.786951629e+00 5.641331097e-12 8.782739637e+00 5.687075526e-13
6.334268537e+03 8.796398143e+00 6.565538689e-12 8.792187741e+00 6.164103270e-13
6.348697395e+03 8.805841520e+00 7.564094598e-12 8.801632706e+00 6.640910628e-13
6.363126253e+03 8.815281759e+00 8.632554633e-12 8.811074534e+00 7.116130209e-13
6.377555110e+03 8.824718864e+00 9.766095183e-12 8.820513225e+00 7.588334763e-13
6.391983968e+03 8.834152834e+00 1.095952251e-11 8.829948782e+00 8.056040407e-13
6.406412826e+03 8.843583672e+00 1.220728206e-11 8.839381205e+00 8.517709834e-13
6.420841683e+03 8.853011377e+00 1.350346771e-11 8.848810496e+00 8.971755532e-13
6.435270541e+03 8.862435952e+00 1.484183112e-11 8.858236655e+00 9.416543001e-13
6.449699399e+03 8.871857398e+00 1.621579100e-11 8.867659683e+00 9.850393966e-13
6.464128257e+03 8.881275715e+00 1.761844240e-11 8.877079583e+00 1.027158960e-12
6.478557114e+03 8.890690905e+00 1.904256601e-11 8.886496354e+00 1.067837372e-12
6.492985972e+03 8.900102969e+00 2.048063745e-11 8.895909999e+00 1.106895604e-12
6.507414830e+03 8.909511909e+00 2.192483656e-11 8.905320518e+00 1.144151536e-12
6.521843687e+03 8.918917725e+00 2.336705673e-11 8.914727913e+00 1.179420277e-12
6.536272545e+03 8.928320418e+00 2.479891414e-11 8.924132185e+00 1.212514490e-12
6.550701403e+03 8.937719990e+00 2.621175709e-11 8.933533334e+00 1.243244712e-12
6.565130261e+03 8.947116441e+00 2.759667528e-11 8.942931362e+00 1.271419676e-12
6.579559118e+03 8.956509774e+00 2.894450912e-11 8.952326271e+00 1.296846630e-12
6.593987976e+03 8.965899989e+00 3.024585899e-11 8.961718061e+00 1.319331663e-12
6.608416834e+03 8.975287088e+00 3.149109457e-11 8.971106733e+00 1.338680023e-12
6.622845691e+03 8.984671070e+00 3.267036412e-11 8.980492289e+00 1.354696443e-12
6.637274549e+03 8.994051939e+00 3.377360378e-11 8.989874730e+00 1.367185455e-12
6.651703407e+03 9.003429694e+00 3.479054685e-11 8.999254058e+00 1.375951721e-12
6.666132265e+03 9.012804338e+00 3.571073309e-11 9.008630272e+00 1.380800346e-12
6.680561122e+03 9.022175870e+00 3.652351803e-11 9.018003374e+00 1.381537207e-12
6.694989980e+03 9.031544293e+00 3.721808224e-11 9.027373367e+00 1.377969268e-12
6.709418838e+03 9.040909608e+00 3.778344064e-11 9.036740250e+00 1.369904907e-12
6.723847695e+03 9.050271815e+00 3.820845179e-11 9.046104024e+00 1.357154234e-12
6.738276553e+03 9.059630916e+00 3.848182717e-11 9.055464692e+00 1.339529415e-12
6.752705411e+03 9.068986912e+00 3.859214051e-11 9.064822254e+00 1.316844992e-12
6.767134269e+03 9.078339804e+00 3.852783704e-11 9.074176712e+00 1.288918205e-12
6.781563126e+03 9.087689593e+00 3.827724282e-11 9.083528065e+00 1.255569315e-12
6.795991984e+03 9.097036281e+00 3.782857401e-11 9.092876317e+00 1.216621923e-12
6.810420842e+03 9.106379869e+00 3.716994619e-11 9.102221467e+00 1.171903294e-12
6.824849699e+03 9.115720357e+00 3.628938362e-11 9.111563518e+00 1.121244678e-12
6.839278557e+03 9.125057748e+00 3.517482855e-11 9.120902470e+00 1.064481629e-12
6.853707415e+03 9.134392041e+00 3.381415054e-11 9.130238324e+00 1.001454332e-12
6.868136273e+03 9.143723239e+00 3.219515570e-11 9.139571081e+00 9.320079203e-13
6.882565130e+03 9.153051343e+00 3.030559605e-11 9.148900744e+00 8.559927971e-13
6.896993988e+03 9.162376353e+00 2.813317873e-11 9.158227312e+00 7.732649600e-13
6.911422846e+03 9.171698271e+00 2.566557540e-11 9.167550787e+00 6.836863202e-13
6.925851703e+03 9.181017098e+00 2.289043142e-11 9.176871170e+00 5.871250250e-13
6.940280561e+03 9.190332835e+00 1.979537524e-11 9.186188463e+00 4.834557795e-13
6.954709419e+03 9.199645483e+00 1.636802764e-11 9.195502666e+00 3.725601678e-13
6.969138277e+03 9.208955043e+00 1.555005010e-11 9.204813780e+00 3.066798117e-13
6.983567134e+03 9.218261517e+00 1.468479494e-11 9.214121807e+00 2.388478560e-13
6.997995992e+03 9.227564905e+00 1.374417119e-11 9.223426748e+00 1.686894194e-13
7.012424850e+03 9.236865209e+00 1.272939772e-11 9.232728603e+00 9.635670662e-14
7.026853707e+03 9.246162430e+00 1.164207116e-11 9.242027375e+00 2.201641595e-14
7.041282565e+03 9.255456570e+00 1.048417888e-11 9.251323065e+00 -5.414987314e-14
7.055711423e+03 9.264747629e+00 9.258111959e-12 9.260615673e+00 -1.319453130e-13
7.070140281e+03 9.274035608e+00 7.966678216e-12 9.269905201e+00 -2.111574004e-13
7.084569138e+03 9.283320509e+00 6.613115181e-12 9.279191650e+00 -2.915575898e-13
7.098997996e+03 9.292602333e+00 5.201103097e-12 9.288475020e+00 -3.729009054e-13
7.113426854e+03 9.301881081e+00 3.734777915e-12 9.297755314e+00 -4.549255546e-13
7.127855711e+03 9.311156754e+00 2.218744291e-12 9.307032533e+00 -5.373525405e-13
7.142284569e+03 9.320429354e+00 6.580885743e-13 9.316306677e+00 -6.198852748e-13
7.156713427e+03 9.329698881e+00 -9.416081894e-13 9.325577747e+00 -7.022091905e-13
7.171142285e+03 9.338965336e+00 -2.574257269e-12 9.334845746e+00 -7.839913546e-13
7.185571142e+03 9.348228722e+00 -4.233249251e-12 9.344110673e+00 -8.648800815e-13
7.200000000e+03 9.357489038e+00 -5.911441046e-12 9.353372531e+00 -9.445045447e-13
