time            Cj              Ck              shCj            shCk            Br              shBr            shReactCBCj    
0.000000000e+00 1.000000000e+01 1.000000000e-05 0.000000000e+00 0.000000000e+00 1.000000000e+01 1.000000000e+01 9.400000000e+01
2.164328657e+02 7.091025847e+00 2.456995001e-02 2.551151642e-04 7.267366438e-03 9.986641528e+00 9.998919733e+00 9.399419087e+01
4.328657315e+02 6.421802192e+00 4.673125609e-02 6.993592587e-04 9.437528169e-03 9.952782523e+00 9.996332325e+00 9.398936011e+01
6.492985972e+02 5.956605873e+00 6.796589733e-02 1.038575532e-03 1.067765772e-02 9.905343650e+00 9.993019979e+00 9.398477614e+01
8.657314629e+02 5.632118553e+00 8.940813549e-02 1.288131465e-03 1.151973887e-02 9.849042741e+00 9.989259244e+00 9.398016078e+01
1.082164329e+03 5.404486068e+00 1.118892164e-01 1.476994368e-03 1.213198993e-02 9.787062715e+00 9.985185089e+00 9.397546645e+01
1.298597194e+03 5.243519248e+00 1.359594593e-01 1.621947991e-03 1.258387392e-02 9.721531333e+00 9.980880850e+00 9.397070114e+01
1.515030060e+03 5.128484160e+00 1.619349721e-01 1.732561589e-03 1.291389330e-02 9.653857972e+00 9.976406309e+00 9.396588528e+01
1.731462926e+03 5.045152594e+00 1.899500022e-01 1.815281465e-03 1.314897116e-02 9.584966463e+00 9.971807485e+00 9.396103891e+01
1.947895792e+03 4.983761205e+00 2.200058738e-01 1.875232983e-03 1.331013210e-02 9.515454638e+00 9.967120546e+00 9.395617827e+01
2.164328657e+03 4.937608469e+00 2.520125949e-01 1.916812607e-03 1.341426516e-02 9.445702820e+00 9.962373871e+00 9.395131561e+01
2.380761523e+03 4.902091984e+00 2.858221181e-01 1.943817107e-03 1.347485675e-02 9.375947275e+00 9.957589504e+00 9.394645988e+01
2.597194389e+03 4.874048600e+00 3.212536759e-01 1.959454436e-03 1.350250757e-02 9.306329713e+00 9.952784367e+00 9.394161747e+01
2.813627255e+03 4.851302346e+00 3.581122540e-01 1.966359389e-03 1.350541611e-02 9.236930510e+00 9.947971314e+00 9.393679294e+01
3.030060120e+03 4.832354578e+00 3.962014812e-01 1.966640146e-03 1.348983854e-02 9.167790906e+00 9.943160024e+00 9.393198956e+01
3.246492986e+03 4.816171559e+00 4.353321655e-01 1.961947789e-03 1.346050223e-02 9.098927743e+00 9.938357731e+00 9.392720966e+01
3.462925852e+03 4.802038891e+00 4.753275495e-01 1.953554563e-03 1.342095704e-02 9.030343179e+00 9.933569810e+00 9.392245488e+01
3.679358717e+03 4.789461530e+00 5.160261961e-01 1.942429577e-03 1.337386067e-02 8.962031027e+00 9.928800237e+00 9.391772641e+01
3.895791583e+03 4.778095279e+00 5.572831914e-01 1.929305585e-03 1.332120230e-02 8.893980829e+00 9.924051932e+00 9.391302506e+01
4.112224449e+03 4.767699606e+00 5.989702306e-01 1.914734526e-03 1.326447411e-02 8.826180437e+00 9.919327028e+00 9.390835139e+01
4.328657315e+03 4.758105405e+00 6.409749660e-01 1.899131683e-03 1.320479975e-02 8.758617572e+00 9.914627062e+00 9.390370575e+01
4.545090180e+03 4.749192698e+00 6.831999303e-01 1.882809918e-03 1.314303001e-02 8.691280753e+00 9.909953126e+00 9.389908834e+01
4.761523046e+03 4.740875390e+00 7.255612282e-01 1.866005602e-03 1.307981310e-02 8.624159789e+00 9.905305977e+00 9.389449923e+01
4.977955912e+03 4.733090806e+00 7.679871394e-01 1.848897944e-03 1.301564606e-02 8.557245995e+00 9.900686110e+00 9.388993840e+01
5.194388778e+03 4.725792412e+00 8.104167315e-01 1.831623458e-03 1.295091275e-02 8.490532254e+00 9.896093829e+00 9.388540576e+01
5.410821643e+03 4.718944879e+00 8.527985309e-01 1.814286559e-03 1.288591142e-02 8.424012967e+00 9.891529284e+00 9.388090114e+01
5.627254509e+03 4.712520685e+00 8.950892996e-01 1.796967449e-03 1.282087526e-02 8.357683949e+00 9.886992509e+00 9.387642434e+01
5.843687375e+03 4.706497763e+00 9.372528854e-01 1.779727502e-03 1.275598644e-02 8.291542300e+00 9.882483449e+00 9.387197512e+01
6.060120240e+03 4.700857833e+00 9.792592950e-01 1.762614574e-03 1.269138992e-02 8.225586259e+00 9.878001975e+00 9.386755320e+01
6.276553106e+03 4.695585354e+00 1.021083722e+00 1.745664997e-03 1.262719885e-02 8.159815071e+00 9.873547908e+00 9.386315830e+01
6.492985972e+03 4.690666698e+00 1.062705841e+00 1.728906890e-03 1.256350321e-02 8.094228844e+00 9.869121021e+00 9.385879009e+01
6.709418838e+03 4.686089642e+00 1.104109107e+00 1.712361731e-03 1.250037406e-02 8.028828433e+00 9.864721057e+00 9.385444824e+01
6.925851703e+03 4.681843004e+00 1.145280171e+00 1.696045489e-03 1.243786669e-02 7.963615325e+00 9.860347732e+00 9.385013242e+01
7.142284569e+03 4.677916366e+00 1.186208402e+00 1.679970285e-03 1.237602502e-02 7.898591540e+00 9.856000741e+00 9.384584228e+01
7.358717435e+03 4.674299913e+00 1.226885442e+00 1.664144726e-03 1.231488264e-02 7.833759549e+00 9.851679766e+00 9.384157747e+01
7.575150301e+03 4.670984300e+00 1.267304849e+00 1.648574869e-03 1.225446543e-02 7.769122190e+00 9.847384475e+00 9.383733764e+01
7.791583166e+03 4.667960562e+00 1.307461782e+00 1.633264624e-03 1.219479273e-02 7.704682607e+00 9.843114530e+00 9.383312242e+01
8.008016032e+03 4.665220055e+00 1.347352743e+00 1.618216202e-03 1.213587862e-02 7.640444195e+00 9.838869587e+00 9.382893146e+01
8.224448898e+03 4.662754407e+00 1.386975348e+00 1.603430440e-03 1.207773284e-02 7.576410546e+00 9.834649296e+00 9.382476440e+01
8.440881764e+03 4.660555489e+00 1.426328145e+00 1.588907226e-03 1.202036193e-02 7.512585411e+00 9.830453308e+00 9.382062089e+01
8.657314629e+03 4.658615387e+00 1.465410440e+00 1.574645261e-03 1.196376888e-02 7.448972663e+00 9.826281271e+00 9.381650058e+01
8.873747495e+03 4.656926385e+00 1.504222182e+00 1.560642908e-03 1.190795510e-02 7.385576265e+00 9.822132835e+00 9.381240311e+01
9.090180361e+03 4.655480949e+00 1.542763834e+00 1.546897791e-03 1.185291967e-02 7.322400247e+00 9.818007650e+00 9.380832814e+01
9.306613226e+03 4.654271719e+00 1.581036283e+00 1.533407103e-03 1.179866012e-02 7.259448681e+00 9.813905369e+00 9.380427532e+01
9.523046092e+03 4.653291500e+00 1.619040759e+00 1.520167759e-03 1.174517284e-02 7.196725664e+00 9.809825646e+00 9.380024431e+01
9.739478958e+03 4.652533249e+00 1.656778768e+00 1.507176394e-03 1.169245314e-02 7.134235299e+00 9.805768140e+00 9.379623478e+01
9.955911824e+03 4.651990076e+00 1.694252032e+00 1.494429411e-03 1.164049542e-02 7.071981686e+00 9.801732510e+00 9.379224639e+01
1.017234469e+04 4.651655235e+00 1.731462447e+00 1.481923106e-03 1.158929351e-02 7.009968905e+00 9.797718424e+00 9.378827882e+01
1.038877756e+04 4.651522119e+00 1.768412038e+00 1.469653670e-03 1.153884066e-02 6.948201009e+00 9.793725547e+00 9.378433174e+01
1.060521042e+04 4.651584257e+00 1.805102932e+00 1.457617211e-03 1.148912970e-02 6.886682015e+00 9.789753554e+00 9.378040483e+01
1.082164329e+04 4.651835312e+00 1.841537325e+00 1.445809799e-03 1.144015314e-02 6.825415898e+00 9.785802121e+00 9.377649778e+01
1.103807615e+04 4.652269071e+00 1.877717462e+00 1.434227496e-03 1.139190323e-02 6.764406582e+00 9.781870929e+00 9.377261028e+01
1.125450902e+04 4.652879452e+00 1.913645617e+00 1.422866358e-03 1.134437205e-02 6.703657937e+00 9.777959662e+00 9.376874202e+01
1.147094188e+04 4.653660489e+00 1.949324077e+00 1.411722459e-03 1.129755151e-02 6.643173771e+00 9.774068010e+00 9.376489269e+01
1.168737475e+04 4.654606342e+00 1.984755131e+00 1.400791899e-03 1.125143346e-02 6.582957833e+00 9.770195666e+00 9.376106201e+01
1.190380762e+04 4.655711282e+00 2.019941057e+00 1.390070818e-03 1.120600967e-02 6.523013802e+00 9.766342329e+00 9.375724967e+01
1.212024048e+04 4.656969698e+00 2.054884117e+00 1.379555400e-03 1.116127190e-02 6.463345288e+00 9.762507701e+00 9.375345540e+01
1.233667335e+04 4.658376091e+00 2.089586546e+00 1.369241880e-03 1.111721190e-02 6.403955830e+00 9.758691488e+00 9.374967890e+01
1.255310621e+04 4.659925071e+00 2.124050550e+00 1.359126550e-03 1.107382143e-02 6.344848891e+00 9.754893401e+00 9.374591989e+01
1.276953908e+04 4.661611355e+00 2.158278301e+00 1.349205759e-03 1.103109230e-02 6.286027860e+00 9.751113154e+00 9.374217809e+01
1.298597194e+04 4.663429767e+00 2.192271930e+00 1.339475920e-03 1.098901637e-02 6.227496048e+00 9.747350468e+00 9.373845325e+01
1.320240481e+04 4.665375234e+00 2.226033533e+00 1.329933508e-03 1.094758553e-02 6.169256687e+00 9.743605065e+00 9.373474508e+01
1.341883768e+04 4.667442785e+00 2.259565158e+00 1.320575064e-03 1.090679176e-02 6.111312927e+00 9.739876671e+00 9.373105332e+01
1.363527054e+04 4.669627549e+00 2.292868815e+00 1.311397195e-03 1.086662712e-02 6.053667841e+00 9.736165020e+00 9.372737771e+01
1.385170341e+04 4.671924753e+00 2.325946466e+00 1.302396575e-03 1.082708373e-02 5.996324417e+00 9.732469845e+00 9.372371800e+01
1.406813627e+04 4.674329721e+00 2.358800032e+00 1.293569941e-03 1.078815381e-02 5.939285562e+00 9.728790886e+00 9.372007393e+01
1.428456914e+04 4.676837870e+00 2.391431387e+00 1.284914099e-03 1.074982967e-02 5.882554100e+00 9.725127885e+00 9.371644525e+01
1.450100200e+04 4.679444713e+00 2.423842363e+00 1.276425919e-03 1.071210370e-02 5.826132772e+00 9.721480590e+00 9.371283172e+01
1.471743487e+04 4.682145853e+00 2.456034748e+00 1.268102337e-03 1.067496839e-02 5.770024234e+00 9.717848751e+00 9.370923310e+01
1.493386774e+04 4.684936984e+00 2.488010286e+00 1.259940352e-03 1.063841631e-02 5.714231058e+00 9.714232121e+00 9.370564914e+01
1.515030060e+04 4.687813887e+00 2.519770681e+00 1.251937027e-03 1.060244015e-02 5.658755735e+00 9.710630459e+00 9.370207962e+01
1.536673347e+04 4.690772433e+00 2.551317593e+00 1.244089486e-03 1.056703268e-02 5.603600668e+00 9.707043526e+00 9.369852430e+01
1.558316633e+04 4.693808575e+00 2.582652646e+00 1.236394915e-03 1.053218677e-02 5.548768179e+00 9.703471086e+00 9.369498295e+01
1.579959920e+04 4.696918356e+00 2.613777421e+00 1.228850560e-03 1.049789538e-02 5.494260502e+00 9.699912907e+00 9.369145535e+01
1.601603206e+04 4.700097896e+00 2.644693463e+00 1.221453727e-03 1.046415158e-02 5.440079790e+00 9.696368762e+00 9.368794128e+01
1.623246493e+04 4.703343402e+00 2.675402281e+00 1.214201779e-03 1.043094851e-02 5.386228112e+00 9.692838423e+00 9.368444051e+01
1.644889780e+04 4.706651159e+00 2.705905347e+00 1.207092135e-03 1.039827944e-02 5.332707452e+00 9.689321671e+00 9.368095284e+01
1.666533066e+04 4.710017532e+00 2.736204100e+00 1.200122271e-03 1.036613769e-02 5.279519710e+00 9.685818286e+00 9.367747806e+01
1.688176353e+04 4.713438965e+00 2.766299946e+00 1.193289716e-03 1.033451671e-02 5.226666706e+00 9.682328052e+00 9.367401594e+01
1.709819639e+04 4.716911976e+00 2.796194257e+00 1.186592054e-03 1.030341003e-02 5.174150175e+00 9.678850756e+00 9.367056629e+01
1.731462926e+04 4.720433163e+00 2.825888377e+00 1.180026919e-03 1.027281127e-02 5.121971768e+00 9.675386190e+00 9.366712890e+01
1.753106212e+04 4.723999196e+00 2.855383620e+00 1.173591998e-03 1.024271413e-02 5.070133058e+00 9.671934147e+00 9.366370358e+01
1.774749499e+04 4.727606820e+00 2.884681272e+00 1.167285026e-03 1.021311241e-02 5.018635533e+00 9.668494423e+00 9.366029012e+01
1.796392786e+04 4.731252850e+00 2.913782590e+00 1.161103789e-03 1.018400000e-02 4.967480603e+00 9.665066818e+00 9.365688834e+01
1.818036072e+04 4.734934176e+00 2.942688809e+00 1.155046118e-03 1.015537087e-02 4.916669595e+00 9.661651133e+00 9.365349803e+01
1.839679359e+04 4.738647756e+00 2.971401135e+00 1.149109892e-03 1.012721908e-02 4.866203758e+00 9.658247175e+00 9.365011901e+01
1.861322645e+04 4.742390617e+00 2.999920754e+00 1.143293036e-03 1.009953876e-02 4.816084260e+00 9.654854749e+00 9.364675110e+01
1.882965932e+04 4.746159855e+00 3.028248828e+00 1.137593519e-03 1.007232415e-02 4.766312193e+00 9.651473668e+00 9.364339411e+01
1.904609218e+04 4.749952635e+00 3.056386496e+00 1.132009354e-03 1.004556955e-02 4.716888569e+00 9.648103743e+00 9.364004786e+01
1.926252505e+04 4.753766185e+00 3.084334880e+00 1.126538594e-03 1.001926935e-02 4.667814324e+00 9.644744792e+00 9.363671216e+01
1.947895792e+04 4.757597800e+00 3.112095081e+00 1.121179337e-03 9.993418013e-03 4.619090317e+00 9.641396631e+00 9.363338685e+01
1.969539078e+04 4.761444839e+00 3.139668179e+00 1.115929721e-03 9.968010088e-03 4.570717331e+00 9.638059082e+00 9.363007175e+01
1.991182365e+04 4.765304725e+00 3.167055242e+00 1.110787921e-03 9.943040198e-03 4.522696076e+00 9.634731968e+00 9.362676669e+01
2.012825651e+04 4.769174942e+00 3.194257316e+00 1.105752153e-03 9.918503041e-03 4.475027184e+00 9.631415114e+00 9.362347150e+01
2.034468938e+04 4.773053037e+00 3.221275434e+00 1.100820670e-03 9.894393393e-03 4.427711218e+00 9.628108350e+00 9.362018601e+01
2.056112224e+04 4.776936616e+00 3.248110614e+00 1.095991764e-03 9.870706102e-03 4.380748666e+00 9.624811505e+00 9.361691006e+01
2.077755511e+04 4.780823347e+00 3.274763860e+00 1.091263760e-03 9.847436089e-03 4.334139946e+00 9.621524411e+00 9.361364348e+01
2.099398798e+04 4.784710953e+00 3.301236162e+00 1.086635021e-03 9.824578349e-03 4.287885404e+00 9.618246905e+00 9.361038612e+01
2.121042084e+04 4.788597220e+00 3.327528498e+00 1.082103944e-03 9.802127945e-03 4.241985317e+00 9.614978824e+00 9.360713782e+01
2.142685371e+04 4.792479985e+00 3.353641835e+00 1.077668957e-03 9.780080013e-03 4.196439894e+00 9.611720007e+00 9.360389842e+01
2.164328657e+04 4.796357146e+00 3.379577128e+00 1.073328526e-03 9.758429755e-03 4.151249274e+00 9.608470295e+00 9.360066776e+01
2.185971944e+04 4.800226654e+00 3.405335322e+00 1.069081145e-03 9.737172441e-03 4.106413531e+00 9.605229533e+00 9.359744571e+01
2.207615230e+04 4.804086515e+00 3.430917352e+00 1.064925342e-03 9.716303410e-03 4.061932672e+00 9.601997566e+00 9.359423210e+01
2.229258517e+04 4.807934788e+00 3.456324145e+00 1.060859674e-03 9.695818065e-03 4.017806640e+00 9.598774244e+00 9.359102679e+01
2.250901804e+04 4.811769587e+00 3.481556618e+00 1.056882731e-03 9.675711874e-03 3.974035313e+00 9.595559415e+00 9.358782964e+01
2.272545090e+04 4.815589072e+00 3.506615684e+00 1.052993127e-03 9.655980370e-03 3.930618508e+00 9.592352931e+00 9.358464049e+01
2.294188377e+04 4.819391459e+00 3.531502246e+00 1.049189508e-03 9.636619148e-03 3.887555978e+00 9.589154648e+00 9.358145922e+01
2.315831663e+04 4.823175031e+00 3.556217185e+00 1.045470563e-03 9.617623863e-03 3.844847416e+00 9.585964420e+00 9.357828567e+01
2.337474950e+04 4.826938084e+00 3.580761407e+00 1.041834980e-03 9.598990235e-03 3.802492454e+00 9.582782105e+00 9.357511971e+01
2.359118236e+04 4.830678953e+00 3.605135819e+00 1.038281465e-03 9.580714049e-03 3.760490668e+00 9.579607565e+00 9.357196121e+01
2.380761523e+04 4.834396106e+00 3.629341256e+00 1.034808817e-03 9.562791131e-03 3.718841575e+00 9.576440659e+00 9.356881003e+01
2.402404810e+04 4.838087985e+00 3.653378605e+00 1.031415802e-03 9.545217384e-03 3.677544633e+00 9.573281251e+00 9.356566604e+01
2.424048096e+04 4.841753081e+00 3.677248747e+00 1.028101217e-03 9.527988763e-03 3.636599249e+00 9.570129208e+00 9.356252910e+01
2.445691383e+04 4.845389954e+00 3.700952542e+00 1.024863899e-03 9.511101278e-03 3.596004769e+00 9.566984395e+00 9.355939909e+01
2.467334669e+04 4.848997203e+00 3.724490853e+00 1.021702701e-03 9.494550996e-03 3.555760487e+00 9.563846681e+00 9.355627588e+01
2.488977956e+04 4.852573466e+00 3.747864538e+00 1.018616503e-03 9.478334036e-03 3.515865651e+00 9.560715937e+00 9.355315934e+01
2.510621242e+04 4.856117423e+00 3.771074454e+00 1.015604202e-03 9.462446574e-03 3.476319455e+00 9.557592035e+00 9.355004935e+01
2.532264529e+04 4.859627804e+00 3.794121454e+00 1.012664727e-03 9.446884845e-03 3.437121041e+00 9.554474848e+00 9.354694579e+01
2.553907816e+04 4.863103371e+00 3.817006391e+00 1.009797019e-03 9.431645125e-03 3.398269506e+00 9.551364253e+00 9.354384854e+01
2.575551102e+04 4.866542923e+00 3.839730115e+00 1.007000043e-03 9.416723746e-03 3.359763911e+00 9.548260124e+00 9.354075747e+01
2.597194389e+04 4.869945319e+00 3.862293474e+00 1.004272796e-03 9.402117118e-03 3.321603242e+00 9.545162342e+00 9.353767246e+01
2.618837675e+04 4.873309450e+00 3.884697314e+00 1.001614289e-03 9.387821680e-03 3.283786451e+00 9.542070786e+00 9.353459341e+01
2.640480962e+04 4.876634252e+00 3.906942479e+00 9.990235507e-04 9.373833914e-03 3.246312439e+00 9.538985338e+00 9.353152019e+01
2.662124248e+04 4.879918691e+00 3.929029812e+00 9.964996229e-04 9.360150329e-03 3.209180075e+00 9.535905882e+00 9.352845270e+01
2.683767535e+04 4.883161769e+00 3.950960156e+00 9.940415714e-04 9.346767505e-03 3.172388181e+00 9.532832301e+00 9.352539082e+01
2.705410822e+04 4.886362525e+00 3.972734359e+00 9.916484860e-04 9.333682092e-03 3.135935541e+00 9.529764482e+00 9.352233443e+01
2.727054108e+04 4.889520038e+00 3.994353262e+00 9.893194757e-04 9.320890785e-03 3.099820896e+00 9.526702312e+00 9.351928344e+01
2.748697395e+04 4.892633422e+00 4.015817708e+00 9.870536666e-04 9.308390316e-03 3.064042947e+00 9.523645679e+00 9.351623772e+01
2.770340681e+04 4.895701827e+00 4.037128535e+00 9.848501957e-04 9.296177429e-03 3.028600358e+00 9.520594475e+00 9.351319719e+01
2.791983968e+04 4.898724439e+00 4.058286585e+00 9.827082240e-04 9.284248942e-03 2.993491754e+00 9.517548591e+00 9.351016172e+01
2.813627255e+04 4.901700469e+00 4.079292710e+00 9.806269295e-04 9.272601744e-03 2.958715726e+00 9.514507919e+00 9.350713121e+01
2.835270541e+04 4.904629168e+00 4.100147749e+00 9.786055044e-04 9.261232732e-03 2.924270825e+00 9.511472355e+00 9.350410557e+01
2.856913828e+04 4.907509828e+00 4.120852537e+00 9.766431496e-04 9.250138820e-03 2.890155576e+00 9.508441793e+00 9.350108469e+01
2.878557114e+04 4.910341761e+00 4.141407921e+00 9.747390924e-04 9.239317011e-03 2.856368463e+00 9.505416130e+00 9.349806847e+01
2.900200401e+04 4.913124296e+00 4.161814765e+00 9.728925843e-04 9.228764391e-03 2.822907944e+00 9.502395266e+00 9.349505681e+01
2.921843687e+04 4.915856815e+00 4.182073909e+00 9.711028781e-04 9.218478025e-03 2.789772442e+00 9.499379098e+00 9.349204961e+01
2.943486974e+04 4.918538750e+00 4.202186168e+00 9.693692254e-04 9.208454948e-03 2.756960353e+00 9.496367527e+00 9.348904678e+01
2.965130261e+04 4.921169524e+00 4.222152403e+00 9.676909281e-04 9.198692378e-03 2.724470042e+00 9.493360456e+00 9.348604822e+01
2.986773547e+04 4.923748597e+00 4.241973469e+00 9.660672882e-04 9.189187519e-03 2.692299848e+00 9.490357787e+00 9.348305384e+01
3.008416834e+04 4.926275440e+00 4.261650243e+00 9.644976085e-04 9.179937577e-03 2.660448082e+00 9.487359424e+00 9.348006354e+01
3.030060120e+04 4.928749581e+00 4.281183564e+00 9.629812136e-04 9.170939818e-03 2.628913028e+00 9.484365273e+00 9.347707723e+01
3.051703407e+04 4.931170594e+00 4.300574249e+00 9.615174508e-04 9.162191582e-03 2.597692947e+00 9.481375241e+00 9.347409482e+01
3.073346693e+04 4.933538070e+00 4.319823127e+00 9.601056870e-04 9.153690262e-03 2.566786074e+00 9.478389233e+00 9.347111621e+01
3.094989980e+04 4.935851554e+00 4.338931124e+00 9.587452829e-04 9.145433205e-03 2.536190622e+00 9.475407160e+00 9.346814133e+01
3.116633267e+04 4.938110694e+00 4.357899062e+00 9.574356090e-04 9.137417814e-03 2.505904781e+00 9.472428931e+00 9.346517009e+01
3.138276553e+04 4.940315145e+00 4.376727794e+00 9.561760620e-04 9.129641566e-03 2.475926715e+00 9.469454457e+00 9.346220238e+01
3.159919840e+04 4.942464580e+00 4.395418178e+00 9.549660463e-04 9.122101959e-03 2.446254575e+00 9.466483649e+00 9.345923814e+01
3.181563126e+04 4.944558693e+00 4.413971069e+00 9.538049760e-04 9.114796519e-03 2.416886492e+00 9.463516421e+00 9.345627727e+01
3.203206413e+04 4.946597205e+00 4.432387325e+00 9.526922802e-04 9.107722815e-03 2.387820577e+00 9.460552686e+00 9.345331970e+01
3.224849699e+04 4.948579857e+00 4.450667805e+00 9.516273975e-04 9.100878447e-03 2.359054924e+00 9.457592360e+00 9.345036533e+01
3.246492986e+04 4.950506422e+00 4.468813368e+00 9.506097826e-04 9.094261061e-03 2.330587603e+00 9.454635357e+00 9.344741408e+01
3.268136273e+04 4.952376672e+00 4.486824875e+00 9.496388908e-04 9.087868307e-03 2.302416686e+00 9.451681595e+00 9.344446588e+01
3.289779559e+04 4.954190411e+00 4.504703186e+00 9.487141944e-04 9.081697887e-03 2.274540219e+00 9.448730990e+00 9.344152065e+01
3.311422846e+04 4.955947477e+00 4.522449165e+00 9.478351829e-04 9.075747557e-03 2.246956226e+00 9.445783463e+00 9.343857830e+01
3.333066132e+04 4.957647719e+00 4.540063674e+00 9.470013500e-04 9.070015080e-03 2.219662723e+00 9.442838932e+00 9.343563876e+01
3.354709419e+04 4.959291009e+00 4.557547575e+00 9.462121996e-04 9.064498250e-03 2.192657709e+00 9.439897319e+00 9.343270194e+01
3.376352705e+04 4.960877239e+00 4.574901730e+00 9.454672474e-04 9.059194900e-03 2.165939173e+00 9.436958544e+00 9.342976778e+01
3.397995992e+04 4.962406312e+00 4.592127005e+00 9.447660119e-04 9.054102875e-03 2.139505097e+00 9.434022531e+00 9.342683620e+01
3.419639279e+04 4.963878156e+00 4.609224261e+00 9.441080269e-04 9.049220065e-03 2.113353446e+00 9.431089202e+00 9.342390712e+01
3.441282565e+04 4.965292708e+00 4.626194365e+00 9.434928333e-04 9.044544390e-03 2.087482184e+00 9.428158482e+00 9.342098046e+01
3.462925852e+04 4.966649929e+00 4.643038180e+00 9.429199819e-04 9.040073795e-03 2.061889261e+00 9.425230295e+00 9.341805616e+01
3.484569138e+04 4.967949794e+00 4.659756570e+00 9.423890350e-04 9.035806267e-03 2.036572621e+00 9.422304567e+00 9.341513415e+01
3.506212425e+04 4.969192295e+00 4.676350402e+00 9.418995625e-04 9.031739815e-03 2.011530196e+00 9.419381225e+00 9.341221434e+01
3.527855711e+04 4.970377438e+00 4.692820540e+00 9.414511421e-04 9.027872471e-03 1.986759918e+00 9.416460195e+00 9.340929667e+01
3.549498998e+04 4.971505248e+00 4.709167848e+00 9.410433627e-04 9.024202305e-03 1.962259703e+00 9.413541407e+00 9.340638108e+01
3.571142285e+04 4.972575765e+00 4.725393191e+00 9.406758196e-04 9.020727408e-03 1.938027469e+00 9.410624788e+00 9.340346748e+01
3.592785571e+04 4.973589041e+00 4.741497434e+00 9.403481163e-04 9.017445902e-03 1.914061126e+00 9.407710270e+00 9.340055581e+01
3.614428858e+04 4.974545147e+00 4.757481440e+00 9.400598658e-04 9.014355936e-03 1.890358577e+00 9.404797781e+00 9.339764601e+01
3.636072144e+04 4.975444160e+00 4.773346073e+00 9.398106867e-04 9.011455679e-03 1.866917729e+00 9.401887253e+00 9.339473800e+01
3.657715431e+04 4.976286178e+00 4.789092196e+00 9.396002077e-04 9.008743331e-03 1.843736475e+00 9.398978619e+00 9.339183173e+01
3.679358717e+04 4.977071309e+00 4.804720671e+00 9.394280628e-04 9.006217120e-03 1.820812717e+00 9.396071811e+00 9.338892712e+01
3.701002004e+04 4.977799676e+00 4.820232358e+00 9.392938952e-04 9.003875298e-03 1.798144344e+00 9.393166762e+00 9.338602410e+01
3.722645291e+04 4.978471409e+00 4.835628120e+00 9.391973550e-04 9.001716141e-03 1.775729253e+00 9.390263407e+00 9.338312262e+01
3.744288577e+04 4.979086649e+00 4.850908814e+00 9.391380996e-04 8.999737951e-03 1.753565335e+00 9.387361680e+00 9.338022262e+01
3.765931864e+04 4.979645555e+00 4.866075301e+00 9.391157946e-04 8.997939056e-03 1.731650478e+00 9.384461516e+00 9.337732402e+01
3.787575150e+04 4.980148300e+00 4.881128436e+00 9.391301103e-04 8.996317810e-03 1.709982580e+00 9.381562852e+00 9.337442676e+01
3.809218437e+04 4.980595068e+00 4.896069077e+00 9.391807261e-04 8.994872591e-03 1.688559529e+00 9.378665624e+00 9.337153079e+01
3.830861723e+04 4.980986048e+00 4.910898079e+00 9.392673283e-04 8.993601804e-03 1.667379216e+00 9.375769771e+00 9.336863604e+01
3.852505010e+04 4.981321415e+00 4.925616294e+00 9.393896097e-04 8.992503868e-03 1.646439541e+00 9.372875229e+00 9.336574246e+01
3.874148297e+04 4.981601374e+00 4.940224575e+00 9.395472695e-04 8.991577229e-03 1.625738396e+00 9.369981938e+00 9.336284997e+01
3.895791583e+04 4.981826162e+00 4.954723773e+00 9.397400042e-04 8.990820335e-03 1.605273685e+00 9.367089838e+00 9.335995853e+01
3.917434870e+04 4.981996020e+00 4.969114735e+00 9.399675277e-04 8.990231690e-03 1.585043310e+00 9.364198867e+00 9.335706807e+01
3.939078156e+04 4.982111208e+00 4.983398309e+00 9.402295752e-04 8.989809860e-03 1.565045178e+00 9.361308966e+00 9.335417854e+01
3.960721443e+04 4.982171908e+00 4.997575337e+00 9.405258516e-04 8.989553336e-03 1.545277199e+00 9.358420078e+00 9.335128987e+01
3.982364729e+04 4.982178398e+00 5.011646665e+00 9.408560916e-04 8.989460679e-03 1.525737288e+00 9.355532142e+00 9.334840202e+01
4.004008016e+04 4.982130940e+00 5.025613132e+00 9.412200310e-04 8.989530475e-03 1.506423365e+00 9.352645102e+00 9.334551492e+01
4.025651303e+04 4.982029804e+00 5.039475577e+00 9.416174113e-04 8.989761330e-03 1.487333354e+00 9.349758901e+00 9.334262852e+01
4.047294589e+04 4.981875267e+00 5.053234835e+00 9.420479807e-04 8.990151872e-03 1.468465187e+00 9.346873481e+00 9.333974276e+01
4.068937876e+04 4.981667608e+00 5.066891742e+00 9.425114890e-04 8.990700731e-03 1.449816797e+00 9.343988787e+00 9.333685759e+01
4.090581162e+04 4.981407117e+00 5.080447128e+00 9.430076967e-04 8.991406586e-03 1.431386127e+00 9.341104763e+00 9.333397295e+01
4.112224449e+04 4.981094092e+00 5.093901824e+00 9.435363683e-04 8.992268118e-03 1.413171125e+00 9.338221355e+00 9.333108880e+01
4.133867735e+04 4.980728834e+00 5.107256655e+00 9.440972722e-04 8.993284037e-03 1.395169747e+00 9.335338507e+00 9.332820507e+01
4.155511022e+04 4.980311655e+00 5.120512445e+00 9.446901848e-04 8.994453072e-03 1.377379957e+00 9.332456166e+00 9.332532171e+01
4.177154309e+04 4.979842867e+00 5.133670013e+00 9.453148850e-04 8.995773968e-03 1.359799725e+00 9.329574278e+00 9.332243868e+01
4.198797595e+04 4.979322791e+00 5.146730178e+00 9.459711573e-04 8.997245489e-03 1.342427028e+00 9.326692791e+00 9.331955591e+01
4.220440882e+04 4.978751753e+00 5.159693755e+00 9.466587915e-04 8.998866421e-03 1.325259855e+00 9.323811652e+00 9.331667337e+01
4.242084168e+04 4.978130081e+00 5.172561554e+00 9.473775822e-04 9.000635567e-03 1.308296198e+00 9.320930809e+00 9.331379099e+01
4.263727455e+04 4.977458110e+00 5.185334385e+00 9.481273291e-04 9.002551750e-03 1.291534063e+00 9.318050210e+00 9.331090872e+01
4.285370741e+04 4.976736178e+00 5.198013052e+00 9.489078369e-04 9.004613812e-03 1.274971464e+00 9.315169805e+00 9.330802653e+01
4.307014028e+04 4.975964630e+00 5.210598359e+00 9.497189151e-04 9.006820614e-03 1.258606418e+00 9.312289543e+00 9.330514435e+01
4.328657315e+04 4.975143814e+00 5.223091105e+00 9.505603779e-04 9.009171034e-03 1.242436958e+00 9.309409373e+00 9.330226214e+01
4.350300601e+04 4.974274079e+00 5.235492083e+00 9.514320434e-04 9.011663968e-03 1.226461128e+00 9.306529247e+00 9.329937984e+01
4.371943888e+04 4.973355782e+00 5.247802086e+00 9.523337358e-04 9.014298333e-03 1.210676974e+00 9.303649115e+00 9.329649742e+01
4.393587174e+04 4.972389283e+00 5.260021903e+00 9.532652828e-04 9.017073061e-03 1.195082558e+00 9.300768927e+00 9.329361482e+01
4.415230461e+04 4.971374941e+00 5.272152318e+00 9.542265156e-04 9.019987099e-03 1.179675954e+00 9.297888636e+00 9.329073200e+01
4.436873747e+04 4.970313123e+00 5.284194113e+00 9.552172717e-04 9.023039415e-03 1.164455241e+00 9.295008194e+00 9.328784890e+01
4.458517034e+04 4.969204197e+00 5.296148064e+00 9.562373920e-04 9.026228994e-03 1.149418510e+00 9.292127553e+00 9.328496549e+01
4.480160321e+04 4.968048531e+00 5.308014943e+00 9.572867202e-04 9.029554833e-03 1.134563870e+00 9.289246666e+00 9.328208171e+01
4.501803607e+04 4.966846500e+00 5.319795522e+00 9.583651067e-04 9.033015953e-03 1.119889431e+00 9.286365486e+00 9.327919752e+01
4.523446894e+04 4.965598481e+00 5.331490566e+00 9.594724046e-04 9.036611386e-03 1.105393319e+00 9.283483968e+00 9.327631288e+01
4.545090180e+04 4.964304847e+00 5.343100834e+00 9.606084707e-04 9.040340181e-03 1.091073675e+00 9.280602064e+00 9.327342773e+01
4.566733467e+04 4.962965981e+00 5.354627085e+00 9.617731671e-04 9.044201407e-03 1.076928644e+00 9.277719729e+00 9.327054204e+01
4.588376754e+04 4.961582264e+00 5.366070073e+00 9.629663593e-04 9.048194146e-03 1.062956388e+00 9.274836918e+00 9.326765576e+01
4.610020040e+04 4.960154077e+00 5.377430546e+00 9.641879161e-04 9.052317494e-03 1.049155081e+00 9.271953587e+00 9.326476884e+01
4.631663327e+04 4.958681806e+00 5.388709248e+00 9.654377111e-04 9.056570567e-03 1.035522905e+00 9.269069690e+00 9.326188124e+01
4.653306613e+04 4.957165837e+00 5.399906921e+00 9.667156218e-04 9.060952495e-03 1.022058057e+00 9.266185183e+00 9.325899292e+01
4.674949900e+04 4.955606558e+00 5.411024300e+00 9.680215288e-04 9.065462422e-03 1.008758746e+00 9.263300023e+00 9.325610384e+01
4.696593186e+04 4.954004355e+00 5.422062118e+00 9.693553168e-04 9.070099509e-03 9.956231926e-01 9.260414167e+00 9.325321395e+01
4.718236473e+04 4.952359618e+00 5.433021102e+00 9.707168740e-04 9.074862931e-03 9.826496313e-01 9.257527570e+00 9.325032321e+01
4.739879760e+04 4.950672735e+00 5.443901974e+00 9.721060923e-04 9.079751876e-03 9.698363084e-01 9.254640191e+00 9.324743157e+01
4.761523046e+04 4.948944099e+00 5.454705454e+00 9.735228676e-04 9.084765552e-03 9.571814809e-01 9.251751987e+00 9.324453900e+01
4.783166333e+04 4.947174100e+00 5.465432254e+00 9.749670985e-04 9.089903174e-03 9.446834221e-01 9.248862915e+00 9.324164546e+01
4.804809619e+04 4.945363126e+00 5.476083084e+00 9.764386872e-04 9.095163976e-03 9.323404177e-01 9.245972933e+00 9.323875090e+01
4.826452906e+04 4.943511572e+00 5.486658649e+00 9.779375408e-04 9.100547209e-03 9.201507625e-01 9.243082001e+00 9.323585528e+01
4.848096192e+04 4.941619829e+00 5.497159649e+00 9.794635687e-04 9.106052135e-03 9.081127671e-01 9.240190077e+00 9.323295856e+01
4.869739479e+04 4.939688287e+00 5.507586780e+00 9.810166837e-04 9.111678029e-03 8.962247554e-01 9.237297119e+00 9.323006070e+01
4.891382766e+04 4.937717339e+00 5.517940732e+00 9.825968023e-04 9.117424183e-03 8.844850633e-01 9.234403088e+00 9.322716167e+01
4.913026052e+04 4.935707377e+00 5.528222190e+00 9.842038443e-04 9.123289898e-03 8.728920389e-01 9.231507942e+00 9.322426141e+01
4.934669339e+04 4.933658792e+00 5.538431837e+00 9.858377328e-04 9.129274493e-03 8.614440449e-01 9.228611642e+00 9.322135990e+01
4.956312625e+04 4.931571976e+00 5.548570348e+00 9.874983941e-04 9.135377298e-03 8.501394561e-01 9.225714149e+00 9.321845709e+01
4.977955912e+04 4.929447318e+00 5.558638396e+00 9.891857581e-04 9.141597659e-03 8.389766613e-01 9.222815421e+00 9.321555294e+01
4.999599198e+04 4.927285208e+00 5.568636647e+00 9.908997574e-04 9.147934934e-03 8.279540618e-01 9.219915420e+00 9.321264742e+01
5.021242485e+04 4.925086036e+00 5.578565765e+00 9.926403283e-04 9.154388494e-03 8.170700726e-01 9.217014108e+00 9.320974048e+01
5.042885772e+04 4.922850191e+00 5.588426405e+00 9.944074097e-04 9.160957721e-03 8.063231218e-01 9.214111444e+00 9.320683209e+01
5.064529058e+04 4.920578060e+00 5.598219219e+00 9.962009437e-04 9.167642010e-03 7.957116505e-01 9.211207391e+00 9.320392221e+01
5.086172345e+04 4.918270031e+00 5.607944855e+00 9.980208755e-04 9.174440772e-03 7.852341137e-01 9.208301911e+00 9.320101080e+01
5.107815631e+04 4.915926488e+00 5.617603955e+00 9.998671534e-04 9.181353426e-03 7.748889799e-01 9.205394965e+00 9.319809782e+01
5.129458918e+04 4.913547816e+00 5.627197156e+00 1.001739729e-03 9.188379408e-03 7.646747307e-01 9.202486515e+00 9.319518325e+01
5.151102204e+04 4.911134399e+00 5.636725092e+00 1.003638556e-03 9.195518165e-03 7.545898597e-01 9.199576524e+00 9.319226703e+01
5.172745491e+04 4.908686620e+00 5.646188389e+00 1.005563594e-03 9.202769157e-03 7.446328751e-01 9.196664954e+00 9.318934913e+01
5.194388778e+04 4.906204859e+00 5.655587672e+00 1.007514802e-03 9.210131854e-03 7.348022988e-01 9.193751769e+00 9.318642952e+01
5.216032064e+04 4.903689495e+00 5.664923556e+00 1.009492144e-03 9.217605740e-03 7.250966660e-01 9.190836932e+00 9.318350816e+01
5.237675351e+04 4.901140906e+00 5.674196654e+00 1.011495585e-03 9.225190311e-03 7.155145246e-01 9.187920405e+00 9.318058502e+01
5.259318637e+04 4.898559471e+00 5.683407575e+00 1.013525096e-03 9.232885074e-03 7.060544336e-01 9.185002152e+00 9.317766005e+01
5.280961924e+04 4.895945563e+00 5.692556921e+00 1.015580649e-03 9.240689549e-03 6.967149688e-01 9.182082137e+00 9.317473322e+01
5.302605210e+04 4.893299555e+00 5.701645289e+00 1.017662219e-03 9.248603267e-03 6.874947179e-01 9.179160324e+00 9.317180449e+01
5.324248497e+04 4.890621821e+00 5.710673272e+00 1.019769784e-03 9.256625771e-03 6.783922821e-01 9.176236677e+00 9.316887384e+01
5.345891784e+04 4.887912729e+00 5.719641458e+00 1.021903324e-03 9.264756614e-03 6.694062741e-01 9.173311160e+00 9.316594122e+01
5.367535070e+04 4.885172649e+00 5.728550429e+00 1.024062823e-03 9.272995360e-03 6.605353207e-01 9.170383737e+00 9.316300660e+01
5.389178357e+04 4.882401947e+00 5.737400764e+00 1.026248268e-03 9.281341587e-03 6.517780623e-01 9.167454373e+00 9.316006995e+01
5.410821643e+04 4.879600988e+00 5.746193036e+00 1.028459648e-03 9.289794883e-03 6.431331520e-01 9.164523034e+00 9.315713122e+01
5.432464930e+04 4.876770134e+00 5.754927811e+00 1.030696953e-03 9.298354845e-03 6.345992560e-01 9.161589684e+00 9.315419039e+01
5.454108216e+04 4.873909746e+00 5.763605652e+00 1.032960181e-03 9.307021085e-03 6.261750521e-01 9.158654288e+00 9.315124741e+01
5.475751503e+04 4.871020184e+00 5.772227119e+00 1.035249326e-03 9.315793224e-03 6.178592327e-01 9.155716811e+00 9.314830227e+01
5.497394790e+04 4.868101804e+00 5.780792762e+00 1.037564390e-03 9.324670894e-03 6.096505024e-01 9.152777219e+00 9.314535491e+01
5.519038076e+04 4.865154960e+00 5.789303131e+00 1.039905376e-03 9.333653735e-03 6.015475789e-01 9.149835478e+00 9.314240532e+01
5.540681363e+04 4.862180006e+00 5.797758768e+00 1.042272288e-03 9.342741403e-03 5.935491920e-01 9.146891553e+00 9.313945344e+01
5.562324649e+04 4.859177292e+00 5.806160212e+00 1.044665136e-03 9.351933564e-03 5.856540843e-01 9.143945411e+00 9.313649926e+01
5.583967936e+04 4.856147166e+00 5.814507995e+00 1.047083931e-03 9.361229890e-03 5.778610115e-01 9.140997017e+00 9.313354273e+01
5.605611222e+04 4.853089974e+00 5.822802645e+00 1.049528685e-03 9.370630068e-03 5.701687418e-01 9.138046338e+00 9.313058382e+01
5.627254509e+04 4.850006060e+00 5.831044685e+00 1.051999415e-03 9.380133794e-03 5.625760562e-01 9.135093340e+00 9.312762251e+01
5.648897796e+04 4.846895766e+00 5.839234636e+00 1.054496141e-03 9.389740773e-03 5.550817460e-01 9.132137990e+00 9.312465874e+01
5.670541082e+04 4.843759432e+00 5.847373009e+00 1.057018883e-03 9.399450722e-03 5.476846177e-01 9.129180254e+00 9.312169251e+01
5.692184369e+04 4.840597393e+00 5.855460313e+00 1.059567667e-03 9.409263367e-03 5.403834889e-01 9.126220098e+00 9.311872376e+01
5.713827655e+04 4.837409985e+00 5.863497053e+00 1.062142519e-03 9.419178446e-03 5.331771899e-01 9.123257491e+00 9.311575246e+01
5.735470942e+04 4.834197539e+00 5.871483726e+00 1.064743467e-03 9.429195705e-03 5.260645632e-01 9.120292398e+00 9.311277859e+01
5.757114228e+04 4.830960386e+00 5.879420828e+00 1.067370546e-03 9.439314901e-03 5.190444621e-01 9.117324788e+00 9.310980212e+01
5.778757515e+04 4.827698855e+00 5.887308848e+00 1.070023788e-03 9.449535802e-03 5.121157525e-01 9.114354626e+00 9.310682300e+01
5.800400802e+04 4.824413268e+00 5.895148271e+00 1.072703231e-03 9.459858185e-03 5.052773134e-01 9.111381882e+00 9.310384120e+01
5.822044088e+04 4.821103949e+00 5.902939575e+00 1.075408916e-03 9.470281835e-03 4.985280351e-01 9.108406521e+00 9.310085670e+01
5.843687375e+04 4.817771218e+00 5.910683236e+00 1.078140883e-03 9.480806549e-03 4.918668200e-01 9.105428512e+00 9.309786946e+01
5.865330661e+04 4.814415392e+00 5.918379725e+00 1.080899179e-03 9.491432134e-03 4.852925815e-01 9.102447821e+00 9.309487945e+01
5.886973948e+04 4.811036788e+00 5.926029508e+00 1.083683852e-03 9.502158406e-03 4.788042438e-01 9.099464418e+00 9.309188664e+01
5.908617234e+04 4.807635718e+00 5.933633046e+00 1.086494952e-03 9.512985190e-03 4.724007447e-01 9.096478270e+00 9.308889099e+01
5.930260521e+04 4.804212493e+00 5.941190795e+00 1.089332531e-03 9.523912321e-03 4.660810328e-01 9.093489344e+00 9.308589247e+01
5.951903808e+04 4.800767419e+00 5.948703208e+00 1.092196645e-03 9.534939643e-03 4.598440682e-01 9.090497609e+00 9.308289106e+01
5.973547094e+04 4.797300801e+00 5.956170731e+00 1.095087351e-03 9.546067010e-03 4.536888224e-01 9.087503033e+00 9.307988671e+01
5.995190381e+04 4.793812945e+00 5.963593806e+00 1.098004712e-03 9.557294289e-03 4.476142765e-01 9.084505583e+00 9.307687940e+01
6.016833667e+04 4.790304148e+00 5.970972872e+00 1.100948789e-03 9.568621354e-03 4.416194251e-01 9.081505229e+00 9.307386910e+01
6.038476954e+04 4.786774709e+00 5.978308362e+00 1.103919648e-03 9.580048085e-03 4.357032728e-01 9.078501938e+00 9.307085577e+01
6.060120240e+04 4.783224922e+00 5.985600704e+00 1.106917359e-03 9.591574377e-03 4.298648357e-01 9.075495679e+00 9.306783938e+01
6.081763527e+04 4.779655080e+00 5.992850324e+00 1.109941991e-03 9.603200129e-03 4.241031405e-01 9.072486420e+00 9.306481991e+01
6.103406814e+04 4.776065474e+00 6.000057642e+00 1.112993618e-03 9.614925250e-03 4.184172246e-01 9.069474130e+00 9.306179731e+01
6.125050100e+04 4.772456392e+00 6.007223077e+00 1.116072316e-03 9.626749657e-03 4.128061361e-01 9.066458777e+00 9.305877156e+01
6.146693387e+04 4.768828118e+00 6.014347037e+00 1.119178164e-03 9.638673280e-03 4.072689343e-01 9.063440331e+00 9.305574263e+01
6.168336673e+04 4.765180934e+00 6.021429933e+00 1.122311244e-03 9.650696055e-03 4.018046890e-01 9.060418758e+00 9.305271048e+01
6.189979960e+04 4.761515121e+00 6.028472165e+00 1.125471637e-03 9.662817927e-03 3.964124804e-01 9.057394029e+00 9.304967508e+01
6.211623246e+04 4.757830955e+00 6.035474133e+00 1.128659433e-03 9.675038854e-03 3.910913990e-01 9.054366113e+00 9.304663641e+01
6.233266533e+04 4.754128711e+00 6.042436225e+00 1.131874720e-03 9.687358810e-03 3.858405456e-01 9.051334977e+00 9.304359443e+01
6.254909820e+04 4.750408661e+00 6.049358832e+00 1.135117592e-03 9.699777768e-03 3.806590314e-01 9.048300590e+00 9.304054911e+01
6.276553106e+04 4.746671073e+00 6.056242338e+00 1.138388142e-03 9.712295714e-03 3.755459780e-01 9.045262923e+00 9.303750042e+01
6.298196393e+04 4.742916215e+00 6.063087122e+00 1.141686469e-03 9.724912645e-03 3.705005167e-01 9.042221943e+00 9.303444832e+01
6.319839679e+04 4.739144351e+00 6.069893566e+00 1.145012670e-03 9.737628552e-03 3.655217890e-01 9.039177619e+00 9.303139280e+01
6.341482966e+04 4.735355745e+00 6.076662043e+00 1.148366849e-03 9.750443446e-03 3.606089461e-01 9.036129920e+00 9.302833381e+01
6.363126253e+04 4.731550655e+00 6.083392924e+00 1.151749109e-03 9.763357345e-03 3.557611494e-01 9.033078816e+00 9.302527132e+01
6.384769539e+04 4.727729340e+00 6.090086575e+00 1.155159557e-03 9.776370272e-03 3.509775695e-01 9.030024276e+00 9.302220531e+01
6.406412826e+04 4.723892055e+00 6.096743361e+00 1.158598303e-03 9.789482254e-03 3.462573873e-01 9.026966267e+00 9.301913574e+01
6.428056112e+04 4.720039052e+00 6.103363641e+00 1.162065458e-03 9.802693328e-03 3.415997926e-01 9.023904761e+00 9.301606258e+01
6.449699399e+04 4.716170583e+00 6.109947776e+00 1.165561136e-03 9.816003536e-03 3.370039852e-01 9.020839724e+00 9.301298580e+01
6.471342685e+04 4.712286888e+00 6.116496080e+00 1.169085469e-03 9.829412995e-03 3.324691740e-01 9.017771127e+00 9.300990537e+01
6.492985972e+04 4.708388212e+00 6.123008914e+00 1.172638574e-03 9.842921764e-03 3.279945773e-01 9.014698939e+00 9.300682125e+01
6.514629259e+04 4.704474798e+00 6.129486618e+00 1.176220569e-03 9.856529918e-03 3.235794226e-01 9.011623129e+00 9.300373343e+01
6.536272545e+04 4.700546888e+00 6.135929532e+00 1.179831583e-03 9.870237543e-03 3.192229471e-01 9.008543665e+00 9.300064186e+01
6.557915832e+04 4.696604716e+00 6.142337991e+00 1.183471748e-03 9.884044733e-03 3.149243971e-01 9.005460517e+00 9.299754652e+01
6.579559118e+04 4.692648519e+00 6.148712321e+00 1.187141193e-03 9.897951597e-03 3.106830270e-01 9.002373654e+00 9.299444737e+01
6.601202405e+04 4.688678528e+00 6.155052850e+00 1.190840054e-03 9.911958249e-03 3.064981002e-01 8.999283045e+00 9.299134438e+01
6.622845691e+04 4.684694974e+00 6.161359899e+00 1.194568470e-03 9.926064812e-03 3.023688891e-01 8.996188659e+00 9.298823752e+01
6.644488978e+04 4.680698083e+00 6.167633786e+00 1.198326580e-03 9.940271420e-03 2.982946734e-01 8.993090465e+00 9.298512677e+01
6.666132265e+04 4.676688081e+00 6.173874828e+00 1.202114528e-03 9.954578211e-03 2.942747410e-01 8.989988431e+00 9.298201208e+01
6.687775551e+04 4.672665192e+00 6.180083336e+00 1.205932460e-03 9.968985335e-03 2.903083886e-01 8.986882528e+00 9.297889343e+01
6.709418838e+04 4.668629634e+00 6.186259616e+00 1.209780527e-03 9.983492954e-03 2.863949257e-01 8.983772724e+00 9.297577079e+01
6.731062124e+04 4.664581626e+00 6.192403971e+00 1.213658880e-03 9.998101233e-03 2.825336662e-01 8.980658987e+00 9.297264413e+01
6.752705411e+04 4.660521382e+00 6.198516701e+00 1.217567675e-03 1.001281035e-02 2.787239367e-01 8.977541288e+00 9.296951340e+01
6.774348697e+04 4.656449116e+00 6.204598102e+00 1.221507071e-03 1.002762049e-02 2.749650672e-01 8.974419594e+00 9.296637860e+01
6.795991984e+04 4.652365038e+00 6.210648468e+00 1.225477227e-03 1.004253185e-02 2.712563983e-01 8.971293874e+00 9.296323967e+01
6.817635271e+04 4.648269357e+00 6.216668088e+00 1.229478308e-03 1.005754462e-02 2.675972765e-01 8.968164098e+00 9.296009659e+01
6.839278557e+04 4.644162280e+00 6.222657248e+00 1.233510481e-03 1.007265903e-02 2.639870576e-01 8.965030233e+00 9.295694933e+01
6.860921844e+04 4.640044009e+00 6.228616231e+00 1.237573917e-03 1.008787528e-02 2.604251045e-01 8.961892250e+00 9.295379786e+01
6.882565130e+04 4.635914747e+00 6.234545317e+00 1.241668787e-03 1.010319360e-02 2.569107879e-01 8.958750116e+00 9.295064214e+01
6.904208417e+04 4.631774694e+00 6.240444782e+00 1.245795268e-03 1.011861424e-02 2.534434868e-01 8.955603799e+00 9.294748215e+01
6.925851703e+04 4.627624046e+00 6.246314898e+00 1.249953540e-03 1.013413744e-02 2.500225877e-01 8.952453270e+00 9.294431785e+01
6.947494990e+04 4.623462999e+00 6.252155934e+00 1.254143785e-03 1.014976345e-02 2.466474846e-01 8.949298495e+00 9.294114921e+01
6.969138277e+04 4.619291745e+00 6.257968158e+00 1.258366189e-03 1.016549254e-02 2.433175786e-01 8.946139444e+00 9.293797619e+01
6.990781563e+04 4.615110474e+00 6.263751832e+00 1.262620940e-03 1.018132498e-02 2.400322795e-01 8.942976085e+00 9.293479878e+01
7.012424850e+04 4.610919375e+00 6.269507214e+00 1.266908230e-03 1.019726105e-02 2.367910028e-01 8.939808386e+00 9.293161693e+01
7.034068136e+04 4.606718633e+00 6.275234563e+00 1.271228254e-03 1.021330104e-02 2.335931721e-01 8.936636315e+00 9.292843061e+01
7.055711423e+04 4.602508434e+00 6.280934131e+00 1.275581211e-03 1.022944525e-02 2.304382187e-01 8.933459842e+00 9.292523979e+01
7.077354709e+04 4.598288958e+00 6.286606169e+00 1.279967302e-03 1.024569398e-02 2.273255790e-01 8.930278933e+00 9.292204443e+01
7.098997996e+04 4.594060386e+00 6.292250924e+00 1.284386733e-03 1.026204756e-02 2.242546986e-01 8.927093556e+00 9.291884452e+01
7.120641283e+04 4.589822895e+00 6.297868640e+00 1.288839711e-03 1.027850630e-02 2.212250278e-01 8.923903681e+00 9.291564000e+01
7.142284569e+04 4.585576661e+00 6.303459559e+00 1.293326450e-03 1.029507055e-02 2.182360243e-01 8.920709274e+00 9.291243086e+01
7.163927856e+04 4.581321858e+00 6.309023918e+00 1.297847162e-03 1.031174064e-02 2.152871545e-01 8.917510303e+00 9.290921706e+01
7.185571142e+04 4.577058655e+00 6.314561953e+00 1.302402067e-03 1.032851693e-02 2.123778908e-01 8.914306737e+00 9.290599856e+01
7.207214429e+04 4.572787223e+00 6.320073895e+00 1.306991386e-03 1.034539978e-02 2.095077125e-01 8.911098542e+00 9.290277533e+01
7.228857715e+04 4.568507729e+00 6.325559974e+00 1.311615344e-03 1.036238956e-02 2.066761049e-01 8.907885686e+00 9.289954734e+01
7.250501002e+04 4.564220339e+00 6.331020417e+00 1.316274172e-03 1.037948665e-02 2.038825576e-01 8.904668137e+00 9.289631456e+01
7.272144289e+04 4.559925214e+00 6.336455446e+00 1.320968102e-03 1.039669144e-02 2.011265699e-01 8.901445862e+00 9.289307696e+01
7.293787575e+04 4.555622518e+00 6.341865283e+00 1.325697370e-03 1.041400433e-02 1.984076459e-01 8.898218829e+00 9.288983449e+01
7.315430862e+04 4.551312409e+00 6.347250146e+00 1.330462216e-03 1.043142572e-02 1.957252958e-01 8.894987003e+00 9.288658713e+01
7.337074148e+04 4.546995044e+00 6.352610249e+00 1.335262883e-03 1.044895604e-02 1.930790357e-01 8.891750353e+00 9.288333485e+01
7.358717435e+04 4.542670580e+00 6.357945806e+00 1.340099618e-03 1.046659570e-02 1.904683905e-01 8.888508845e+00 9.288007760e+01
7.380360721e+04 4.538339168e+00 6.363257026e+00 1.344972672e-03 1.048434514e-02 1.878928886e-01 8.885262446e+00 9.287681536e+01
7.402004008e+04 4.534000962e+00 6.368544116e+00 1.349882301e-03 1.050220482e-02 1.853520637e-01 8.882011123e+00 9.287354809e+01
7.423647295e+04 4.529656112e+00 6.373807281e+00 1.354828762e-03 1.052017517e-02 1.828454555e-01 8.878754842e+00 9.287027576e+01
7.445290581e+04 4.525304764e+00 6.379046724e+00 1.359812320e-03 1.053825667e-02 1.803726097e-01 8.875493569e+00 9.286699834e+01
7.466933868e+04 4.520947066e+00 6.384262644e+00 1.364833239e-03 1.055644979e-02 1.779330782e-01 8.872227272e+00 9.286371579e+01
7.488577154e+04 4.516583161e+00 6.389455236e+00 1.369891790e-03 1.057475501e-02 1.755264217e-01 8.868955915e+00 9.286042807e+01
7.510220441e+04 4.512213192e+00 6.394624696e+00 1.374988248e-03 1.059317283e-02 1.731522021e-01 8.865679465e+00 9.285713515e+01
7.531863727e+04 4.507837300e+00 6.399771214e+00 1.380122890e-03 1.061170374e-02 1.708099884e-01 8.862397888e+00 9.285383700e+01
7.553507014e+04 4.503455622e+00 6.404894981e+00 1.385295999e-03 1.063034826e-02 1.684993554e-01 8.859111150e+00 9.285053358e+01
7.575150301e+04 4.499068297e+00 6.409996183e+00 1.390507862e-03 1.064910691e-02 1.662198836e-01 8.855819216e+00 9.284722486e+01
7.596793587e+04 4.494675460e+00 6.415075004e+00 1.395758768e-03 1.066798022e-02 1.639711587e-01 8.852522051e+00 9.284391080e+01
7.618436874e+04 4.490277244e+00 6.420131625e+00 1.401049013e-03 1.068696874e-02 1.617527719e-01 8.849219622e+00 9.284059137e+01
7.640080160e+04 4.485873780e+00 6.425166227e+00 1.406378895e-03 1.070607301e-02 1.595643201e-01 8.845911893e+00 9.283726653e+01
7.661723447e+04 4.481465199e+00 6.430178986e+00 1.411748718e-03 1.072529360e-02 1.574054038e-01 8.842598829e+00 9.283393624e+01
7.683366733e+04 4.477051630e+00 6.435170077e+00 1.417158792e-03 1.074463108e-02 1.552756295e-01 8.839280395e+00 9.283060047e+01
7.705010020e+04 4.472633198e+00 6.440139672e+00 1.422609429e-03 1.076408604e-02 1.531746095e-01 8.835956555e+00 9.282725919e+01
7.726653307e+04 4.468210029e+00 6.445087941e+00 1.428100945e-03 1.078365906e-02 1.511019603e-01 8.832627275e+00 9.282391235e+01
7.748296593e+04 4.463782246e+00 6.450015052e+00 1.433633663e-03 1.080335075e-02 1.490573035e-01 8.829292519e+00 9.282055993e+01
7.769939880e+04 4.459349971e+00 6.454921170e+00 1.439207911e-03 1.082316173e-02 1.470402653e-01 8.825952250e+00 9.281720188e+01
7.791583166e+04 4.454913324e+00 6.459806458e+00 1.444824018e-03 1.084309263e-02 1.450504770e-01 8.822606433e+00 9.281383817e+01
7.813226453e+04 4.450472424e+00 6.464671077e+00 1.450482323e-03 1.086314407e-02 1.430875744e-01 8.819255031e+00 9.281046876e+01
7.834869739e+04 4.446027386e+00 6.469515186e+00 1.456183166e-03 1.088331670e-02 1.411511980e-01 8.815898009e+00 9.280709361e+01
7.856513026e+04 4.441578328e+00 6.474338943e+00 1.461926890e-03 1.090361119e-02 1.392409940e-01 8.812535329e+00 9.280371270e+01
7.878156313e+04 4.437125363e+00 6.479142502e+00 1.467713845e-03 1.092402819e-02 1.373566119e-01 8.809166955e+00 9.280032597e+01
7.899799599e+04 4.432668602e+00 6.483926015e+00 1.473544388e-03 1.094456838e-02 1.354977059e-01 8.805792850e+00 9.279693339e+01
7.921442886e+04 4.428208158e+00 6.488689635e+00 1.479418877e-03 1.096523246e-02 1.336639348e-01 8.802412977e+00 9.279353493e+01
7.943086172e+04 4.423744139e+00 6.493433508e+00 1.485337676e-03 1.098602112e-02 1.318549628e-01 8.799027299e+00 9.279013054e+01
7.964729459e+04 4.419276653e+00 6.498157783e+00 1.491301156e-03 1.100693508e-02 1.300704575e-01 8.795635778e+00 9.278672020e+01
7.986372745e+04 4.414805807e+00 6.502862603e+00 1.497309689e-03 1.102797506e-02 1.283100910e-01 8.792238375e+00 9.278330385e+01
8.008016032e+04 4.410331706e+00 6.507548111e+00 1.503363655e-03 1.104914178e-02 1.265735398e-01 8.788835055e+00 9.277988146e+01
8.029659319e+04 4.405854453e+00 6.512214448e+00 1.509463444e-03 1.107043600e-02 1.248604846e-01 8.785425777e+00 9.277645299e+01
8.051302605e+04 4.401374148e+00 6.516861749e+00 1.515609451e-03 1.109185849e-02 1.231706103e-01 8.782010504e+00 9.277301841e+01
8.072945892e+04 4.396890892e+00 6.521490152e+00 1.521802070e-03 1.111341001e-02 1.215036061e-01 8.778589198e+00 9.276957767e+01
8.094589178e+04 4.392404785e+00 6.526099792e+00 1.528041706e-03 1.113509136e-02 1.198591650e-01 8.775161818e+00 9.276613073e+01
8.116232465e+04 4.387915923e+00 6.530690799e+00 1.534328767e-03 1.115690331e-02 1.182369842e-01 8.771728327e+00 9.276267756e+01
8.137875752e+04 4.383424404e+00 6.535263306e+00 1.540663670e-03 1.117884669e-02 1.166367648e-01 8.768288686e+00 9.275921811e+01
8.159519038e+04 4.378930322e+00 6.539817443e+00 1.547046836e-03 1.120092230e-02 1.150582117e-01 8.764842853e+00 9.275575234e+01
8.181162325e+04 4.374433771e+00 6.544353336e+00 1.553478693e-03 1.122313098e-02 1.135010338e-01 8.761390791e+00 9.275228022e+01
8.202805611e+04 4.369934842e+00 6.548871109e+00 1.559959676e-03 1.124547359e-02 1.119649439e-01 8.757932458e+00 9.274880169e+01
8.224448898e+04 4.365433627e+00 6.553370886e+00 1.566490227e-03 1.126795097e-02 1.104496583e-01 8.754467815e+00 9.274531673e+01
8.246092184e+04 4.360930216e+00 6.557852791e+00 1.573070783e-03 1.129056399e-02 1.089548975e-01 8.750996821e+00 9.274182529e+01
8.267735471e+04 4.356424697e+00 6.562316944e+00 1.579701794e-03 1.131331353e-02 1.074803853e-01 8.747519435e+00 9.273832732e+01
8.289378758e+04 4.351917158e+00 6.566763464e+00 1.586383720e-03 1.133620049e-02 1.060258491e-01 8.744035616e+00 9.273482279e+01
8.311022044e+04 4.347407685e+00 6.571192468e+00 1.593117022e-03 1.135922578e-02 1.045910201e-01 8.740545324e+00 9.273131165e+01
8.332665331e+04 4.342896363e+00 6.575604073e+00 1.599902168e-03 1.138239030e-02 1.031756326e-01 8.737048516e+00 9.272779387e+01
8.354308617e+04 4.338383274e+00 6.579998388e+00 1.606739637e-03 1.140569501e-02 1.017794253e-01 8.733545150e+00 9.272426939e+01
8.375951904e+04 4.333868499e+00 6.584375523e+00 1.613629911e-03 1.142914086e-02 1.004021397e-01 8.730035185e+00 9.272073817e+01
8.397595190e+04 4.329352118e+00 6.588735590e+00 1.620573476e-03 1.145272881e-02 9.904352077e-02 8.726518578e+00 9.271720018e+01
8.419238477e+04 4.324834212e+00 6.593078696e+00 1.627570826e-03 1.147645984e-02 9.770331678e-02 8.722995286e+00 9.271365536e+01
8.440881764e+04 4.320314858e+00 6.597404946e+00 1.634622463e-03 1.150033494e-02 9.638127942e-02 8.719465267e+00 9.271010368e+01
8.462525050e+04 4.315794134e+00 6.601714447e+00 1.641728908e-03 1.152435512e-02 9.507716397e-02 8.715928477e+00 9.270654509e+01
8.484168337e+04 4.311272114e+00 6.606007302e+00 1.648890682e-03 1.154852139e-02 9.379072874e-02 8.712384873e+00 9.270297954e+01
8.505811623e+04 4.306748874e+00 6.610283611e+00 1.656108308e-03 1.157283479e-02 9.252173509e-02 8.708834410e+00 9.269940699e+01
8.527454910e+04 4.302224486e+00 6.614543473e+00 1.663382321e-03 1.159729638e-02 9.126994763e-02 8.705277045e+00 9.269582740e+01
8.549098196e+04 4.297699021e+00 6.618786986e+00 1.670713266e-03 1.162190721e-02 9.003513409e-02 8.701712734e+00 9.269224071e+01
8.570741483e+04 4.293172553e+00 6.623014252e+00 1.678101696e-03 1.164666837e-02 8.881706544e-02 8.698141430e+00 9.268864689e+01
8.592384770e+04 4.288645155e+00 6.627225368e+00 1.685548172e-03 1.167158095e-02 8.761551560e-02 8.694563090e+00 9.268504589e+01
8.614028056e+04 4.284116895e+00 6.631420429e+00 1.693053266e-03 1.169664606e-02 8.643026146e-02 8.690977668e+00 9.268143765e+01
8.635671343e+04 4.279587842e+00 6.635599531e+00 1.700617556e-03 1.172186482e-02 8.526108287e-02 8.687385117e+00 9.267782214e+01
8.657314629e+04 4.275058065e+00 6.639762764e+00 1.708241618e-03 1.174723839e-02 8.410776269e-02 8.683785393e+00 9.267419931e+01
8.678957916e+04 4.270527631e+00 6.643910221e+00 1.715926038e-03 1.177276792e-02 8.297008663e-02 8.680178447e+00 9.267056910e+01
8.700601202e+04 4.265996605e+00 6.648041992e+00 1.723671417e-03 1.179845461e-02 8.184784324e-02 8.676564235e+00 9.266693147e+01
8.722244489e+04 4.261465055e+00 6.652158167e+00 1.731478361e-03 1.182429963e-02 8.074082387e-02 8.672942708e+00 9.266328637e+01
8.743887776e+04 4.256933021e+00 6.656258792e+00 1.739347434e-03 1.185030429e-02 7.964882266e-02 8.669313819e+00 9.265963376e+01
8.765531062e+04 4.252400567e+00 6.660343969e+00 1.747279214e-03 1.187646972e-02 7.857163539e-02 8.665677519e+00 9.265597358e+01
8.787174349e+04 4.247867774e+00 6.664413807e+00 1.755274468e-03 1.190279711e-02 7.750906182e-02 8.662033761e+00 9.265230578e+01
8.808817635e+04 4.243334692e+00 6.668468370e+00 1.763333798e-03 1.192928776e-02 7.646090888e-02 8.658382497e+00 9.264863032e+01
8.830460922e+04 4.238801381e+00 6.672507742e+00 1.771457859e-03 1.195594297e-02 7.542697711e-02 8.654723677e+00 9.264494714e+01
8.852104208e+04 4.234267898e+00 6.676532001e+00 1.779647309e-03 1.198276404e-02 7.440707490e-02 8.651057251e+00 9.264125620e+01
8.873747495e+04 4.229734300e+00 6.680541224e+00 1.787902818e-03 1.200975228e-02 7.340101252e-02 8.647383170e+00 9.263755744e+01
8.895390782e+04 4.225200644e+00 6.684535489e+00 1.796225062e-03 1.203690903e-02 7.240860225e-02 8.643701384e+00 9.263385080e+01
8.917034068e+04 4.220666983e+00 6.688514869e+00 1.804614735e-03 1.206423563e-02 7.142965924e-02 8.640011842e+00 9.263013625e+01
8.938677355e+04 4.216133371e+00 6.692479439e+00 1.813072541e-03 1.209173346e-02 7.046400254e-02 8.636314493e+00 9.262641372e+01
8.960320641e+04 4.211599861e+00 6.696429269e+00 1.821599199e-03 1.211940394e-02 6.951145400e-02 8.632609285e+00 9.262268317e+01
8.981963928e+04 4.207066506e+00 6.700364434e+00 1.830195414e-03 1.214724844e-02 6.857183200e-02 8.628896167e+00 9.261894453e+01
9.003607214e+04 4.202533358e+00 6.704285004e+00 1.838861912e-03 1.217526837e-02 6.764496006e-02 8.625175087e+00 9.261519776e+01
9.025250501e+04 4.198000466e+00 6.708191048e+00 1.847599443e-03 1.220346520e-02 6.673066558e-02 8.621445993e+00 9.261144280e+01
9.046893788e+04 4.193467881e+00 6.712082632e+00 1.856408767e-03 1.223184041e-02 6.582877861e-02 8.617708830e+00 9.260767960e+01
9.068537074e+04 4.188935649e+00 6.715959824e+00 1.865290653e-03 1.226039550e-02 6.493913164e-02 8.613963546e+00 9.260390810e+01
9.090180361e+04 4.184403819e+00 6.719822688e+00 1.874245884e-03 1.228913199e-02 6.406156043e-02 8.610210086e+00 9.260012825e+01
9.111823647e+04 4.179872438e+00 6.723671289e+00 1.883275233e-03 1.231805138e-02 6.319589692e-02 8.606448396e+00 9.259633999e+01
9.133466934e+04 4.175341551e+00 6.727505689e+00 1.892379512e-03 1.234715526e-02 6.234198269e-02 8.602678421e+00 9.259254326e+01
9.155110220e+04 4.170811202e+00 6.731325950e+00 1.901559538e-03 1.237644520e-02 6.149966011e-02 8.598900105e+00 9.258873801e+01
9.176753507e+04 4.166281436e+00 6.735132130e+00 1.910816135e-03 1.240592281e-02 6.066877264e-02 8.595113392e+00 9.258492417e+01
9.198396794e+04 4.161752297e+00 6.738924292e+00 1.920150135e-03 1.243558969e-02 5.984916109e-02 8.591318227e+00 9.258110170e+01
9.220040080e+04 4.157223825e+00 6.742702492e+00 1.929562389e-03 1.246544750e-02 5.904067550e-02 8.587514551e+00 9.257727053e+01
9.241683367e+04 4.152696064e+00 6.746466788e+00 1.939053757e-03 1.249549790e-02 5.824316569e-02 8.583702309e+00 9.257343060e+01
9.263326653e+04 4.148169053e+00 6.750217235e+00 1.948625118e-03 1.252574259e-02 5.745648197e-02 8.579881441e+00 9.256958186e+01
9.284969940e+04 4.143642834e+00 6.753953889e+00 1.958277362e-03 1.255618328e-02 5.668047621e-02 8.576051889e+00 9.256572424e+01
9.306613226e+04 4.139117444e+00 6.757676804e+00 1.968011386e-03 1.258682171e-02 5.591500452e-02 8.572213595e+00 9.256185768e+01
9.328256513e+04 4.134592923e+00 6.761386032e+00 1.977828102e-03 1.261765963e-02 5.515992412e-02 8.568366499e+00 9.255798212e+01
9.349899800e+04 4.130069309e+00 6.765081625e+00 1.987728454e-03 1.264869886e-02 5.441509312e-02 8.564510541e+00 9.255409750e+01
9.371543086e+04 4.125546638e+00 6.768763634e+00 1.997713384e-03 1.267994121e-02 5.368037240e-02 8.560645660e+00 9.255020376e+01
9.393186373e+04 4.121024946e+00 6.772432108e+00 2.007783847e-03 1.271138851e-02 5.295562493e-02 8.556771796e+00 9.254630083e+01
9.414829659e+04 4.116504269e+00 6.776087097e+00 2.017940815e-03 1.274304262e-02 5.224071535e-02 8.552888886e+00 9.254238865e+01
9.436472946e+04 4.111984641e+00 6.779728647e+00 2.028185293e-03 1.277490548e-02 5.153550930e-02 8.548996869e+00 9.253846716e+01
9.458116232e+04 4.107466097e+00 6.783356805e+00 2.038518277e-03 1.280697898e-02 5.083987545e-02 8.545095682e+00 9.253453629e+01
9.479759519e+04 4.102948669e+00 6.786971617e+00 2.048940788e-03 1.283926507e-02 5.015368402e-02 8.541185261e+00 9.253059597e+01
9.501402806e+04 4.098432391e+00 6.790573126e+00 2.059453861e-03 1.287176574e-02 4.947680670e-02 8.537265542e+00 9.252664614e+01
9.523046092e+04 4.093917292e+00 6.794161377e+00 2.070058559e-03 1.290448300e-02 4.880911610e-02 8.533336461e+00 9.252268674e+01
9.544689379e+04 4.089403406e+00 6.797736412e+00 2.080755944e-03 1.293741889e-02 4.815048825e-02 8.529397952e+00 9.251871769e+01
9.566332665e+04 4.084890761e+00 6.801298272e+00 2.091547098e-03 1.297057545e-02 4.750080030e-02 8.525449950e+00 9.251473892e+01
9.587975952e+04 4.080379387e+00 6.804846998e+00 2.102433133e-03 1.300395479e-02 4.685993020e-02 8.521492388e+00 9.251075038e+01
9.609619238e+04 4.075869314e+00 6.808382628e+00 2.113415171e-03 1.303755906e-02 4.622775801e-02 8.517525199e+00 9.250675198e+01
9.631262525e+04 4.071360569e+00 6.811905202e+00 2.124494346e-03 1.307139038e-02 4.560416600e-02 8.513548315e+00 9.250274367e+01
9.652905812e+04 4.066853180e+00 6.815414758e+00 2.135671813e-03 1.310545096e-02 4.498903772e-02 8.509561668e+00 9.249872536e+01
9.674549098e+04 4.062347173e+00 6.818911330e+00 2.146948748e-03 1.313974301e-02 4.438225821e-02 8.505565189e+00 9.249469699e+01
9.696192385e+04 4.057842575e+00 6.822394956e+00 2.158326352e-03 1.317426880e-02 4.378371374e-02 8.501558807e+00 9.249065848e+01
9.717835671e+04 4.053339412e+00 6.825865669e+00 2.169805836e-03 1.320903060e-02 4.319329250e-02 8.497542453e+00 9.248660977e+01
9.739478958e+04 4.048837708e+00 6.829323504e+00 2.181388435e-03 1.324403075e-02 4.261088393e-02 8.493516055e+00 9.248255077e+01
9.761122244e+04 4.044337487e+00 6.832768494e+00 2.193075404e-03 1.327927159e-02 4.203637886e-02 8.489479542e+00 9.247848142e+01
9.782765531e+04 4.039838773e+00 6.836200669e+00 2.204868016e-03 1.331475552e-02 4.146967050e-02 8.485432839e+00 9.247440163e+01
9.804408818e+04 4.035341588e+00 6.839620061e+00 2.216767567e-03 1.335048497e-02 4.091065254e-02 8.481375876e+00 9.247031134e+01
9.826052104e+04 4.030845956e+00 6.843026700e+00 2.228775376e-03 1.338646239e-02 4.035922012e-02 8.477308576e+00 9.246621046e+01
9.847695391e+04 4.026351897e+00 6.846420616e+00 2.240892784e-03 1.342269030e-02 3.981526983e-02 8.473230865e+00 9.246209892e+01
9.869338677e+04 4.021859433e+00 6.849801835e+00 2.253121148e-03 1.345917123e-02 3.927870008e-02 8.469142668e+00 9.245797664e+01
9.890981964e+04 4.017368583e+00 6.853170386e+00 2.265461847e-03 1.349590774e-02 3.874941094e-02 8.465043908e+00 9.245384355e+01
9.912625251e+04 4.012879369e+00 6.856526295e+00 2.277916289e-03 1.353290246e-02 3.822730297e-02 8.460934508e+00 9.244969955e+01
9.934268537e+04 4.008391809e+00 6.859869588e+00 2.290485900e-03 1.357015803e-02 3.771227844e-02 8.456814389e+00 9.244554457e+01
9.955911824e+04 4.003905921e+00 6.863200288e+00 2.303172132e-03 1.360767714e-02 3.720424093e-02 8.452683474e+00 9.244137853e+01
9.977555110e+04 3.999421724e+00 6.866518420e+00 2.315976470e-03 1.364546255e-02 3.670309569e-02 8.448541682e+00 9.243720134e+01
9.999198397e+04 3.994939234e+00 6.869824005e+00 2.328900410e-03 1.368351702e-02 3.620874885e-02 8.444388932e+00 9.243301293e+01
1.002084168e+05 3.990458469e+00 6.873117067e+00 2.341945479e-03 1.372184336e-02 3.572110799e-02 8.440225144e+00 9.242881320e+01
1.004248497e+05 3.985979444e+00 6.876397625e+00 2.355113229e-03 1.376044445e-02 3.524008196e-02 8.436050235e+00 9.242460208e+01
1.006412826e+05 3.981502175e+00 6.879665701e+00 2.368405243e-03 1.379932319e-02 3.476558072e-02 8.431864122e+00 9.242037947e+01
1.008577154e+05 3.977026678e+00 6.882921313e+00 2.381823129e-03 1.383848253e-02 3.429751550e-02 8.427666720e+00 9.241614529e+01
1.010741483e+05 3.972552966e+00 6.886164480e+00 2.395368522e-03 1.387792547e-02 3.383579885e-02 8.423457946e+00 9.241189945e+01
1.012905812e+05 3.968081054e+00 6.889395220e+00 2.409043083e-03 1.391765505e-02 3.338034444e-02 8.419237713e+00 9.240764186e+01
1.015070140e+05 3.963610955e+00 6.892613549e+00 2.422848504e-03 1.395767436e-02 3.293106709e-02 8.415005934e+00 9.240337243e+01
1.017234469e+05 3.959142680e+00 6.895819482e+00 2.436786513e-03 1.399798657e-02 3.248788269e-02 8.410762521e+00 9.239909108e+01
1.019398798e+05 3.954676244e+00 6.899013034e+00 2.450858858e-03 1.403859484e-02 3.205070841e-02 8.406507386e+00 9.239479770e+01
1.021563126e+05 3.950211656e+00 6.902194219e+00 2.465067321e-03 1.407950243e-02 3.161946247e-02 8.402240439e+00 9.239049220e+01
1.023727455e+05 3.945748929e+00 6.905363051e+00 2.479413714e-03 1.412071263e-02 3.119406419e-02 8.397961589e+00 9.238617450e+01
1.025891784e+05 3.941288072e+00 6.908519541e+00 2.493899883e-03 1.416222877e-02 3.077443396e-02 8.393670744e+00 9.238184449e+01
1.028056112e+05 3.936829096e+00 6.911663702e+00 2.508527704e-03 1.420405426e-02 3.036049341e-02 8.389367812e+00 9.237750207e+01
1.030220441e+05 3.932372010e+00 6.914795543e+00 2.523299086e-03 1.424619255e-02 2.995216523e-02 8.385052699e+00 9.237314716e+01
1.032384770e+05 3.927916822e+00 6.917915076e+00 2.538215973e-03 1.428864714e-02 2.954937290e-02 8.380725309e+00 9.236877965e+01
1.034549098e+05 3.923463542e+00 6.921022308e+00 2.553280339e-03 1.433142159e-02 2.915204107e-02 8.376385546e+00 9.236439945e+01
1.036713427e+05 3.919012177e+00 6.924117247e+00 2.568494196e-03 1.437451951e-02 2.876009535e-02 8.372033314e+00 9.236000644e+01
1.038877756e+05 3.914562735e+00 6.927199901e+00 2.583859588e-03 1.441794459e-02 2.837346236e-02 8.367668515e+00 9.235560053e+01
1.041042084e+05 3.910115221e+00 6.930270276e+00 2.599378623e-03 1.446170058e-02 2.799207013e-02 8.363291048e+00 9.235118162e+01
1.043206413e+05 3.905669642e+00 6.933328378e+00 2.615053428e-03 1.450579128e-02 2.761584732e-02 8.358900813e+00 9.234674960e+01
1.045370741e+05 3.901226005e+00 6.936374210e+00 2.630886156e-03 1.455022056e-02 2.724472344e-02 8.354497708e+00 9.234230436e+01
1.047535070e+05 3.896784313e+00 6.939407776e+00 2.646879008e-03 1.459499233e-02 2.687862908e-02 8.350081631e+00 9.233784580e+01
1.049699399e+05 3.892344572e+00 6.942429081e+00 2.663034227e-03 1.464011058e-02 2.651749574e-02 8.345652477e+00 9.233337381e+01
1.051863727e+05 3.887906785e+00 6.945438124e+00 2.679354094e-03 1.468557936e-02 2.616125585e-02 8.341210141e+00 9.232888827e+01
1.054028056e+05 3.883470957e+00 6.948434908e+00 2.695840963e-03 1.473140284e-02 2.580984316e-02 8.336754515e+00 9.232438909e+01
1.056192385e+05 3.879037090e+00 6.951419433e+00 2.712497195e-03 1.477758519e-02 2.546319182e-02 8.332285493e+00 9.231987614e+01
1.058356713e+05 3.874605187e+00 6.954391699e+00 2.729325201e-03 1.482413068e-02 2.512123701e-02 8.327802964e+00 9.231534931e+01
1.060521042e+05 3.870175251e+00 6.957351703e+00 2.746327442e-03 1.487104365e-02 2.478391482e-02 8.323306818e+00 9.231080849e+01
1.062685371e+05 3.865747281e+00 6.960299444e+00 2.763506421e-03 1.491832849e-02 2.445116217e-02 8.318796943e+00 9.230625355e+01
1.064849699e+05 3.861321281e+00 6.963234918e+00 2.780864693e-03 1.496598971e-02 2.412291691e-02 8.314273226e+00 9.230168439e+01
1.067014028e+05 3.856897249e+00 6.966158122e+00 2.798404882e-03 1.501403188e-02 2.379911784e-02 8.309735552e+00 9.229710088e+01
1.069178357e+05 3.852475187e+00 6.969069049e+00 2.816129628e-03 1.506245964e-02 2.347970439e-02 8.305183804e+00 9.229250290e+01
1.071342685e+05 3.848055093e+00 6.971967695e+00 2.834041631e-03 1.511127770e-02 2.316461687e-02 8.300617865e+00 9.228789032e+01
1.073507014e+05 3.843636967e+00 6.974854053e+00 2.852143644e-03 1.516049087e-02 2.285379642e-02 8.296037615e+00 9.228326303e+01
1.075671343e+05 3.839220807e+00 6.977728116e+00 2.870438471e-03 1.521010402e-02 2.254718495e-02 8.291442935e+00 9.227862089e+01
1.077835671e+05 3.834806612e+00 6.980589874e+00 2.888928981e-03 1.526012213e-02 2.224472525e-02 8.286833702e+00 9.227396378e+01
1.080000000e+05 3.830394378e+00 6.983439318e+00 2.907618110e-03 1.531055029e-02 2.194636090e-02 8.282209792e+00 9.226929158e+01
