time            Cj              Ck              shCj            shCk            Br              shBr           
0.000000000e+00 1.000000000e+01 1.000000000e-05 0.000000000e+00 0.000000000e+00 1.000000000e+01 0.000000000e+00
2.164328657e+02 8.577802922e+00 3.005311122e-02 0.000000000e+00 2.997476058e-02 9.983677442e+00 0.000000000e+00
4.328657315e+02 7.632103786e+00 5.682677194e-02 0.000000000e+00 5.607291575e-02 9.942681468e+00 0.000000000e+00
6.492985972e+02 7.003756690e+00 8.244150640e-02 0.000000000e+00 7.954174648e-02 9.885897700e+00 0.000000000e+00
8.657314629e+02 6.586540916e+00 1.085479206e-01 0.000000000e+00 1.012264011e-01 9.819170396e+00 0.000000000e+00
1.082164329e+03 6.309745235e+00 1.363100235e-01 0.000000000e+00 1.216995176e-01 9.746299853e+00 0.000000000e+00
1.298597194e+03 6.126367693e+00 1.664624294e-01 0.000000000e+00 1.413490709e-01 9.669731573e+00 0.000000000e+00
1.515030060e+03 6.005191710e+00 1.993964700e-01 0.000000000e+00 1.604379073e-01 9.591021952e+00 0.000000000e+00
1.731462926e+03 5.925493292e+00 2.352479600e-01 0.000000000e+00 1.791440898e-01 9.511148552e+00 0.000000000e+00
1.947895792e+03 5.873516375e+00 2.739743733e-01 0.000000000e+00 1.975882376e-01 9.430714913e+00 0.000000000e+00
2.164328657e+03 5.840129771e+00 3.154172588e-01 0.000000000e+00 2.158520533e-01 9.350084847e+00 0.000000000e+00
2.380761523e+03 5.819271116e+00 3.593498191e-01 0.000000000e+00 2.339908749e-01 9.269470039e+00 0.000000000e+00
2.597194389e+03 5.806914003e+00 4.055114438e-01 0.000000000e+00 2.520421814e-01 9.188986902e+00 0.000000000e+00
2.813627255e+03 5.800382617e+00 4.536316207e-01 0.000000000e+00 2.700313549e-01 9.108693278e+00 0.000000000e+00
3.030060120e+03 5.797897028e+00 5.034456453e-01 0.000000000e+00 2.879755841e-01 9.028611982e+00 0.000000000e+00
3.246492986e+03 5.798271554e+00 5.547042586e-01 0.000000000e+00 3.058865084e-01 8.948745771e+00 0.000000000e+00
3.462925852e+03 5.800714688e+00 6.071789541e-01 0.000000000e+00 3.237720097e-01 8.869086753e+00 0.000000000e+00
3.679358717e+03 5.804696430e+00 6.606643052e-01 0.000000000e+00 3.416374248e-01 8.789622190e+00 0.000000000e+00
3.895791583e+03 5.809860254e+00 7.149783319e-01 0.000000000e+00 3.594863675e-01 8.710338003e+00 0.000000000e+00
4.112224449e+03 5.815964788e+00 7.699616361e-01 0.000000000e+00 3.773212849e-01 8.631220794e+00 0.000000000e+00
4.328657315e+03 5.822845121e+00 8.254758266e-01 0.000000000e+00 3.951438342e-01 8.552258937e+00 0.000000000e+00
4.545090180e+03 5.830387155e+00 8.814015859e-01 0.000000000e+00 4.129551380e-01 8.473443097e+00 0.000000000e+00
4.761523046e+03 5.838510602e+00 9.376366122e-01 0.000000000e+00 4.307559568e-01 8.394766389e+00 0.000000000e+00
4.977955912e+03 5.847157709e+00 9.940935852e-01 0.000000000e+00 4.485468062e-01 8.316224339e+00 0.000000000e+00
5.194388778e+03 5.856285781e+00 1.050698242e+00 0.000000000e+00 4.663280357e-01 8.237814726e+00 0.000000000e+00
5.410821643e+03 5.865862208e+00 1.107387611e+00 0.000000000e+00 4.840998829e-01 8.159537371e+00 0.000000000e+00
5.627254509e+03 5.875861204e+00 1.164108426e+00 0.000000000e+00 5.018625093e-01 8.081393902e+00 0.000000000e+00
5.843687375e+03 5.886261586e+00 1.220815725e+00 0.000000000e+00 5.196160250e-01 8.003387523e+00 0.000000000e+00
6.060120240e+03 5.897045334e+00 1.277471616e+00 0.000000000e+00 5.373605053e-01 7.925522788e+00 0.000000000e+00
6.276553106e+03 5.908196620e+00 1.334044217e+00 0.000000000e+00 5.550960021e-01 7.847805404e+00 0.000000000e+00
6.492985972e+03 5.919701151e+00 1.390506737e+00 0.000000000e+00 5.728225511e-01 7.770242043e+00 0.000000000e+00
6.709418838e+03 5.931545744e+00 1.446836688e+00 0.000000000e+00 5.905401777e-01 7.692840180e+00 0.000000000e+00
6.925851703e+03 5.943718025e+00 1.503015214e+00 0.000000000e+00 6.082488995e-01 7.615607954e+00 0.000000000e+00
7.142284569e+03 5.956206229e+00 1.559026518e+00 0.000000000e+00 6.259487298e-01 7.538554039e+00 0.000000000e+00
7.358717435e+03 5.968999082e+00 1.614857386e+00 0.000000000e+00 6.436396779e-01 7.461687541e+00 0.000000000e+00
7.575150301e+03 5.982085679e+00 1.670496765e+00 0.000000000e+00 6.613217513e-01 7.385017903e+00 0.000000000e+00
7.791583166e+03 5.995455431e+00 1.725935422e+00 0.000000000e+00 6.789949559e-01 7.308554826e+00 0.000000000e+00
8.008016032e+03 6.009098028e+00 1.781165650e+00 0.000000000e+00 6.966592965e-01 7.232308199e+00 0.000000000e+00
8.224448898e+03 6.023003397e+00 1.836181019e+00 0.000000000e+00 7.143147774e-01 7.156288043e+00 0.000000000e+00
8.440881764e+03 6.037161669e+00 1.890976170e+00 0.000000000e+00 7.319614022e-01 7.080504458e+00 0.000000000e+00
8.657314629e+03 6.051563179e+00 1.945546639e+00 0.000000000e+00 7.495991743e-01 7.004967582e+00 0.000000000e+00
8.873747495e+03 6.066198444e+00 1.999888705e+00 0.000000000e+00 7.672280969e-01 6.929687554e+00 0.000000000e+00
9.090180361e+03 6.081058139e+00 2.053999273e+00 0.000000000e+00 7.848481731e-01 6.854674478e+00 0.000000000e+00
9.306613226e+03 6.096133105e+00 2.107875762e+00 0.000000000e+00 8.024594058e-01 6.779938403e+00 0.000000000e+00
9.523046092e+03 6.111414346e+00 2.161516023e+00 0.000000000e+00 8.200617981e-01 6.705489294e+00 0.000000000e+00
9.739478958e+03 6.126893015e+00 2.214918259e+00 0.000000000e+00 8.376553526e-01 6.631337011e+00 0.000000000e+00
9.955911824e+03 6.142560395e+00 2.268080971e+00 0.000000000e+00 8.552400724e-01 6.557491298e+00 0.000000000e+00
1.017234469e+04 6.158407919e+00 2.321002898e+00 0.000000000e+00 8.728159603e-01 6.483961762e+00 0.000000000e+00
1.038877756e+04 6.174427168e+00 2.373682979e+00 0.000000000e+00 8.903830191e-01 6.410757860e+00 0.000000000e+00
1.060521042e+04 6.190609854e+00 2.426120316e+00 0.000000000e+00 9.079412517e-01 6.337888892e+00 0.000000000e+00
1.082164329e+04 6.206947812e+00 2.478314144e+00 0.000000000e+00 9.254906609e-01 6.265363987e+00 0.000000000e+00
1.103807615e+04 6.223433012e+00 2.530263800e+00 0.000000000e+00 9.430312497e-01 6.193192097e+00 0.000000000e+00
1.125450902e+04 6.240057556e+00 2.581968710e+00 0.000000000e+00 9.605630210e-01 6.121381989e+00 0.000000000e+00
1.147094188e+04 6.256813698e+00 2.633428371e+00 0.000000000e+00 9.780859774e-01 6.049942235e+00 0.000000000e+00
1.168737475e+04 6.273693805e+00 2.684642332e+00 0.000000000e+00 9.956001219e-01 5.978881213e+00 0.000000000e+00
1.190380762e+04 6.290690350e+00 2.735610186e+00 0.000000000e+00 1.013105458e+00 5.908207097e+00 0.000000000e+00
1.212024048e+04 6.307795945e+00 2.786331556e+00 0.000000000e+00 1.030601987e+00 5.837927856e+00 0.000000000e+00
1.233667335e+04 6.325003335e+00 2.836806090e+00 0.000000000e+00 1.048089714e+00 5.768051247e+00 0.000000000e+00
1.255310621e+04 6.342305421e+00 2.887033465e+00 0.000000000e+00 1.065568640e+00 5.698584814e+00 0.000000000e+00
1.276953908e+04 6.359695202e+00 2.937013370e+00 0.000000000e+00 1.083038770e+00 5.629535885e+00 0.000000000e+00
1.298597194e+04 6.377165757e+00 2.986745496e+00 0.000000000e+00 1.100500105e+00 5.560911572e+00 0.000000000e+00
1.320240481e+04 6.394710339e+00 3.036229546e+00 0.000000000e+00 1.117952648e+00 5.492718766e+00 0.000000000e+00
1.341883768e+04 6.412322338e+00 3.085465237e+00 0.000000000e+00 1.135396404e+00 5.424964133e+00 0.000000000e+00
1.363527054e+04 6.429995235e+00 3.134452283e+00 0.000000000e+00 1.152831374e+00 5.357654122e+00 0.000000000e+00
1.385170341e+04 6.447722656e+00 3.183190406e+00 0.000000000e+00 1.170257561e+00 5.290794954e+00 0.000000000e+00
1.406813627e+04 6.465498337e+00 3.231679331e+00 0.000000000e+00 1.187674970e+00 5.224392629e+00 0.000000000e+00
1.428456914e+04 6.483316143e+00 3.279918784e+00 0.000000000e+00 1.205083602e+00 5.158452920e+00 0.000000000e+00
1.450100200e+04 6.501170060e+00 3.327908499e+00 0.000000000e+00 1.222483461e+00 5.092981377e+00 0.000000000e+00
1.471743487e+04 6.519054197e+00 3.375648211e+00 0.000000000e+00 1.239874549e+00 5.027983327e+00 0.000000000e+00
1.493386774e+04 6.536962784e+00 3.423137660e+00 0.000000000e+00 1.257256870e+00 4.963463870e+00 0.000000000e+00
1.515030060e+04 6.554890174e+00 3.470376594e+00 0.000000000e+00 1.274630428e+00 4.899427885e+00 0.000000000e+00
1.536673347e+04 6.572830844e+00 3.517364769e+00 0.000000000e+00 1.291995224e+00 4.835880026e+00 0.000000000e+00
1.558316633e+04 6.590779387e+00 3.564101945e+00 0.000000000e+00 1.309351262e+00 4.772824728e+00 0.000000000e+00
1.579959920e+04 6.608730516e+00 3.610587893e+00 0.000000000e+00 1.326698545e+00 4.710266203e+00 0.000000000e+00
1.601603206e+04 6.626679067e+00 3.656822392e+00 0.000000000e+00 1.344037076e+00 4.648208446e+00 0.000000000e+00
1.623246493e+04 6.644619996e+00 3.702805238e+00 0.000000000e+00 1.361366858e+00 4.586655232e+00 0.000000000e+00
1.644889780e+04 6.662548377e+00 3.748536236e+00 0.000000000e+00 1.378687895e+00 4.525610121e+00 0.000000000e+00
1.666533066e+04 6.680459400e+00 3.794015204e+00 0.000000000e+00 1.396000189e+00 4.465076457e+00 0.000000000e+00
1.688176353e+04 6.698348372e+00 3.839241976e+00 0.000000000e+00 1.413303744e+00 4.405057374e+00 0.000000000e+00
1.709819639e+04 6.716210722e+00 3.884216402e+00 0.000000000e+00 1.430598563e+00 4.345555794e+00 0.000000000e+00
1.731462926e+04 6.734041993e+00 3.928938355e+00 0.000000000e+00 1.447884648e+00 4.286574429e+00 0.000000000e+00
1.753106212e+04 6.751837844e+00 3.973407720e+00 0.000000000e+00 1.465162004e+00 4.228115786e+00 0.000000000e+00
1.774749499e+04 6.769594048e+00 4.017624407e+00 0.000000000e+00 1.482430633e+00 4.170182169e+00 0.000000000e+00
1.796392786e+04 6.787306487e+00 4.061588341e+00 0.000000000e+00 1.499690538e+00 4.112775680e+00 0.000000000e+00
1.818036072e+04 6.804971161e+00 4.105299472e+00 0.000000000e+00 1.516941723e+00 4.055898222e+00 0.000000000e+00
1.839679359e+04 6.822584186e+00 4.148757776e+00 0.000000000e+00 1.534184191e+00 3.999551502e+00 0.000000000e+00
1.861322645e+04 6.840141789e+00 4.191963255e+00 0.000000000e+00 1.551417944e+00 3.943737032e+00 0.000000000e+00
1.882965932e+04 6.857640304e+00 4.234915933e+00 0.000000000e+00 1.568642987e+00 3.888456136e+00 0.000000000e+00
1.904609218e+04 6.875076169e+00 4.277615855e+00 0.000000000e+00 1.585859322e+00 3.833709950e+00 0.000000000e+00
1.926252505e+04 6.892445925e+00 4.320063092e+00 0.000000000e+00 1.603066953e+00 3.779499425e+00 0.000000000e+00
1.947895792e+04 6.909746240e+00 4.362257750e+00 0.000000000e+00 1.620265883e+00 3.725825330e+00 0.000000000e+00
1.969539078e+04 6.926973889e+00 4.404199968e+00 0.000000000e+00 1.637456114e+00 3.672688256e+00 0.000000000e+00
1.991182365e+04 6.944125741e+00 4.445889909e+00 0.000000000e+00 1.654637652e+00 3.620088618e+00 0.000000000e+00
2.012825651e+04 6.961198764e+00 4.487327760e+00 0.000000000e+00 1.671810497e+00 3.568026662e+00 0.000000000e+00
2.034468938e+04 6.978190024e+00 4.528513732e+00 0.000000000e+00 1.688974655e+00 3.516502462e+00 0.000000000e+00
2.056112224e+04 6.995096711e+00 4.569448083e+00 0.000000000e+00 1.706130128e+00 3.465515930e+00 0.000000000e+00
2.077755511e+04 7.011916110e+00 4.610131100e+00 0.000000000e+00 1.723276920e+00 3.415066812e+00 0.000000000e+00
2.099398798e+04 7.028645603e+00 4.650563101e+00 0.000000000e+00 1.740415033e+00 3.365154700e+00 0.000000000e+00
2.121042084e+04 7.045282656e+00 4.690744425e+00 0.000000000e+00 1.757544471e+00 3.315779028e+00 0.000000000e+00
2.142685371e+04 7.061824834e+00 4.730675442e+00 0.000000000e+00 1.774665238e+00 3.266939081e+00 0.000000000e+00
2.164328657e+04 7.078269817e+00 4.770356572e+00 0.000000000e+00 1.791777336e+00 3.218633994e+00 0.000000000e+00
2.185971944e+04 7.094615368e+00 4.809788259e+00 0.000000000e+00 1.808880770e+00 3.170862759e+00 0.000000000e+00
2.207615230e+04 7.110859339e+00 4.848970975e+00 0.000000000e+00 1.825975541e+00 3.123624225e+00 0.000000000e+00
2.229258517e+04 7.126999678e+00 4.887905231e+00 0.000000000e+00 1.843061655e+00 3.076917107e+00 0.000000000e+00
2.250901804e+04 7.143034421e+00 4.926591569e+00 0.000000000e+00 1.860139114e+00 3.030739983e+00 0.000000000e+00
2.272545090e+04 7.158961692e+00 4.965030562e+00 0.000000000e+00 1.877207921e+00 2.985091304e+00 0.000000000e+00
2.294188377e+04 7.174779703e+00 5.003222819e+00 0.000000000e+00 1.894268080e+00 2.939969391e+00 0.000000000e+00
2.315831663e+04 7.190486753e+00 5.041168980e+00 0.000000000e+00 1.911319594e+00 2.895372446e+00 0.000000000e+00
2.337474950e+04 7.206081221e+00 5.078869719e+00 0.000000000e+00 1.928362466e+00 2.851298549e+00 0.000000000e+00
2.359118236e+04 7.221561575e+00 5.116325741e+00 0.000000000e+00 1.945396701e+00 2.807745663e+00 0.000000000e+00
2.380761523e+04 7.236926359e+00 5.153537785e+00 0.000000000e+00 1.962422301e+00 2.764711640e+00 0.000000000e+00
2.402404810e+04 7.252174197e+00 5.190506622e+00 0.000000000e+00 1.979439270e+00 2.722194224e+00 0.000000000e+00
2.424048096e+04 7.267303796e+00 5.227233053e+00 0.000000000e+00 1.996447611e+00 2.680191055e+00 0.000000000e+00
2.445691383e+04 7.282313936e+00 5.263717915e+00 0.000000000e+00 2.013447328e+00 2.638699667e+00 0.000000000e+00
2.467334669e+04 7.297203474e+00 5.299962073e+00 0.000000000e+00 2.030438423e+00 2.597717498e+00 0.000000000e+00
2.488977956e+04 7.311971342e+00 5.335966424e+00 0.000000000e+00 2.047420901e+00 2.557241892e+00 0.000000000e+00
2.510621242e+04 7.326616541e+00 5.371731897e+00 0.000000000e+00 2.064394766e+00 2.517270100e+00 0.000000000e+00
2.532264529e+04 7.341138143e+00 5.407259448e+00 0.000000000e+00 2.081360019e+00 2.477799286e+00 0.000000000e+00
2.553907816e+04 7.355535291e+00 5.442550064e+00 0.000000000e+00 2.098316665e+00 2.438826527e+00 0.000000000e+00
2.575551102e+04 7.369807196e+00 5.477604763e+00 0.000000000e+00 2.115264708e+00 2.400348821e+00 0.000000000e+00
2.597194389e+04 7.383953139e+00 5.512424592e+00 0.000000000e+00 2.132204150e+00 2.362363087e+00 0.000000000e+00
2.618837675e+04 7.397972463e+00 5.547010626e+00 0.000000000e+00 2.149134996e+00 2.324866169e+00 0.000000000e+00
2.640480962e+04 7.411864575e+00 5.581363969e+00 0.000000000e+00 2.166057248e+00 2.287854838e+00 0.000000000e+00
2.662124248e+04 7.425628947e+00 5.615485752e+00 0.000000000e+00 2.182970911e+00 2.251325799e+00 0.000000000e+00
2.683767535e+04 7.439265107e+00 5.649377134e+00 0.000000000e+00 2.199875988e+00 2.215275689e+00 0.000000000e+00
2.705410822e+04 7.452772639e+00 5.683039294e+00 0.000000000e+00 2.216772481e+00 2.179701085e+00 0.000000000e+00
2.727054108e+04 7.466151182e+00 5.716473440e+00 0.000000000e+00 2.233660396e+00 2.144598502e+00 0.000000000e+00
2.748697395e+04 7.479400437e+00 5.749680803e+00 0.000000000e+00 2.250539735e+00 2.109964400e+00 0.000000000e+00
2.770340681e+04 7.492520157e+00 5.782662638e+00 0.000000000e+00 2.267410501e+00 2.075795186e+00 0.000000000e+00
2.791983968e+04 7.505510150e+00 5.815420225e+00 0.000000000e+00 2.284272699e+00 2.042087216e+00 0.000000000e+00
2.813627255e+04 7.518370284e+00 5.847954871e+00 0.000000000e+00 2.301126332e+00 2.008836797e+00 0.000000000e+00
2.835270541e+04 7.531100482e+00 5.880267911e+00 0.000000000e+00 2.317971404e+00 1.976040192e+00 0.000000000e+00
2.856913828e+04 7.543700720e+00 5.912360704e+00 0.000000000e+00 2.334807917e+00 1.943693622e+00 0.000000000e+00
2.878557114e+04 7.556171005e+00 5.944234620e+00 0.000000000e+00 2.351635876e+00 1.911793267e+00 0.000000000e+00
2.900200401e+04 7.568511379e+00 5.975891048e+00 0.000000000e+00 2.368455284e+00 1.880335273e+00 0.000000000e+00
2.921843687e+04 7.580721927e+00 6.007331392e+00 0.000000000e+00 2.385266145e+00 1.849315750e+00 0.000000000e+00
2.943486974e+04 7.592802801e+00 6.038557086e+00 0.000000000e+00 2.402068463e+00 1.818730770e+00 0.000000000e+00
2.965130261e+04 7.604754212e+00 6.069569585e+00 0.000000000e+00 2.418862240e+00 1.788576387e+00 0.000000000e+00
2.986773547e+04 7.616576409e+00 6.100370363e+00 0.000000000e+00 2.435647481e+00 1.758848620e+00 0.000000000e+00
3.008416834e+04 7.628269600e+00 6.130960875e+00 0.000000000e+00 2.452424188e+00 1.729543468e+00 0.000000000e+00
3.030060120e+04 7.639834072e+00 6.161342617e+00 0.000000000e+00 2.469192367e+00 1.700656903e+00 0.000000000e+00
3.051703407e+04 7.651270228e+00 6.191517130e+00 0.000000000e+00 2.485952020e+00 1.672184880e+00 0.000000000e+00
3.073346693e+04 7.662578429e+00 6.221485939e+00 0.000000000e+00 2.502703151e+00 1.644123334e+00 0.000000000e+00
3.094989980e+04 7.673759081e+00 6.251250582e+00 0.000000000e+00 2.519445763e+00 1.616468186e+00 0.000000000e+00
3.116633267e+04 7.684812642e+00 6.280812624e+00 0.000000000e+00 2.536179861e+00 1.589215342e+00 0.000000000e+00
3.138276553e+04 7.695739593e+00 6.310173636e+00 0.000000000e+00 2.552905448e+00 1.562360697e+00 0.000000000e+00
3.159919840e+04 7.706540438e+00 6.339335199e+00 0.000000000e+00 2.569622527e+00 1.535900137e+00 0.000000000e+00
3.181563126e+04 7.717215718e+00 6.368298907e+00 0.000000000e+00 2.586331102e+00 1.509829538e+00 0.000000000e+00
3.203206413e+04 7.727766006e+00 6.397066368e+00 0.000000000e+00 2.603031177e+00 1.484144773e+00 0.000000000e+00
3.224849699e+04 7.738191901e+00 6.425639198e+00 0.000000000e+00 2.619722756e+00 1.458841708e+00 0.000000000e+00
3.246492986e+04 7.748494025e+00 6.454019020e+00 0.000000000e+00 2.636405841e+00 1.433916209e+00 0.000000000e+00
3.268136273e+04 7.758673027e+00 6.482207469e+00 0.000000000e+00 2.653080438e+00 1.409364139e+00 0.000000000e+00
3.289779559e+04 7.768729584e+00 6.510206188e+00 0.000000000e+00 2.669746549e+00 1.385181365e+00 0.000000000e+00
3.311422846e+04 7.778664393e+00 6.538016826e+00 0.000000000e+00 2.686404179e+00 1.361363753e+00 0.000000000e+00
3.333066132e+04 7.788478172e+00 6.565641038e+00 0.000000000e+00 2.703053330e+00 1.337907176e+00 0.000000000e+00
3.354709419e+04 7.798171661e+00 6.593080485e+00 0.000000000e+00 2.719694007e+00 1.314807513e+00 0.000000000e+00
3.376352705e+04 7.807745622e+00 6.620336832e+00 0.000000000e+00 2.736326213e+00 1.292060647e+00 0.000000000e+00
3.397995992e+04 7.817200839e+00 6.647411754e+00 0.000000000e+00 2.752949952e+00 1.269662470e+00 0.000000000e+00
3.419639279e+04 7.826538112e+00 6.674306933e+00 0.000000000e+00 2.769565228e+00 1.247608888e+00 0.000000000e+00
3.441282565e+04 7.835758269e+00 6.701024059e+00 0.000000000e+00 2.786172045e+00 1.225895814e+00 0.000000000e+00
3.462925852e+04 7.844862149e+00 6.727564816e+00 0.000000000e+00 2.802770405e+00 1.204519175e+00 0.000000000e+00
3.484569138e+04 7.853850595e+00 6.753930885e+00 0.000000000e+00 2.819360314e+00 1.183474912e+00 0.000000000e+00
3.506212425e+04 7.862724474e+00 6.780123954e+00 0.000000000e+00 2.835941774e+00 1.162758979e+00 0.000000000e+00
3.527855711e+04 7.871484659e+00 6.806145703e+00 0.000000000e+00 2.852514790e+00 1.142367349e+00 0.000000000e+00
3.549498998e+04 7.880132035e+00 6.831997812e+00 0.000000000e+00 2.869079365e+00 1.122296012e+00 0.000000000e+00
3.571142285e+04 7.888667488e+00 6.857681961e+00 0.000000000e+00 2.885635503e+00 1.102540954e+00 0.000000000e+00
3.592785571e+04 7.897091979e+00 6.883199855e+00 0.000000000e+00 2.902183207e+00 1.083098253e+00 0.000000000e+00
3.614428858e+04 7.905406401e+00 6.908553181e+00 0.000000000e+00 2.918722482e+00 1.063963908e+00 0.000000000e+00
3.636072144e+04 7.913611718e+00 6.933743644e+00 0.000000000e+00 2.935253331e+00 1.045133997e+00 0.000000000e+00
3.657715431e+04 7.921708900e+00 6.958772958e+00 0.000000000e+00 2.951775758e+00 1.026604612e+00 0.000000000e+00
3.679358717e+04 7.929698887e+00 6.983642782e+00 0.000000000e+00 2.968289767e+00 1.008371864e+00 0.000000000e+00
3.701002004e+04 7.937582627e+00 7.008354777e+00 0.000000000e+00 2.984795361e+00 9.904318889e-01 0.000000000e+00
3.722645291e+04 7.945361090e+00 7.032910621e+00 0.000000000e+00 3.001292545e+00 9.727808435e-01 0.000000000e+00
3.744288577e+04 7.953035265e+00 7.057311998e+00 0.000000000e+00 3.017781322e+00 9.554149132e-01 0.000000000e+00
3.765931864e+04 7.960606141e+00 7.081560581e+00 0.000000000e+00 3.034261696e+00 9.383303077e-01 0.000000000e+00
3.787575150e+04 7.968074706e+00 7.105658033e+00 0.000000000e+00 3.050733671e+00 9.215232639e-01 0.000000000e+00
3.809218437e+04 7.975441954e+00 7.129606010e+00 0.000000000e+00 3.067197250e+00 9.049900445e-01 0.000000000e+00
3.830861723e+04 7.982708887e+00 7.153406170e+00 0.000000000e+00 3.083652438e+00 8.887269403e-01 0.000000000e+00
3.852505010e+04 7.989876508e+00 7.177060161e+00 0.000000000e+00 3.100099238e+00 8.727302702e-01 0.000000000e+00
3.874148297e+04 7.996945824e+00 7.200569624e+00 0.000000000e+00 3.116537654e+00 8.569963836e-01 0.000000000e+00
3.895791583e+04 8.003917844e+00 7.223936195e+00 0.000000000e+00 3.132967690e+00 8.415216534e-01 0.000000000e+00
3.917434870e+04 8.010793582e+00 7.247161504e+00 0.000000000e+00 3.149389349e+00 8.263024854e-01 0.000000000e+00
3.939078156e+04 8.017574052e+00 7.270247176e+00 0.000000000e+00 3.165802636e+00 8.113353143e-01 0.000000000e+00
3.960721443e+04 8.024260273e+00 7.293194828e+00 0.000000000e+00 3.182207555e+00 7.966166100e-01 0.000000000e+00
3.982364729e+04 8.030853266e+00 7.316006071e+00 0.000000000e+00 3.198604109e+00 7.821428748e-01 0.000000000e+00
4.004008016e+04 8.037354043e+00 7.338682500e+00 0.000000000e+00 3.214992302e+00 7.679106345e-01 0.000000000e+00
4.025651303e+04 8.043763621e+00 7.361225705e+00 0.000000000e+00 3.231372138e+00 7.539164476e-01 0.000000000e+00
4.047294589e+04 8.050083015e+00 7.383637263e+00 0.000000000e+00 3.247743620e+00 7.401569046e-01 0.000000000e+00
4.068937876e+04 8.056313233e+00 7.405918741e+00 0.000000000e+00 3.264106754e+00 7.266286304e-01 0.000000000e+00
4.090581162e+04 8.062455284e+00 7.428071693e+00 0.000000000e+00 3.280461542e+00 7.133282809e-01 0.000000000e+00
4.112224449e+04 8.068510176e+00 7.450097678e+00 0.000000000e+00 3.296807988e+00 7.002524915e-01 0.000000000e+00
4.133867735e+04 8.074478917e+00 7.471998206e+00 0.000000000e+00 3.313146097e+00 6.873981343e-01 0.000000000e+00
4.155511022e+04 8.080362520e+00 7.493774845e+00 0.000000000e+00 3.329475872e+00 6.747618262e-01 0.000000000e+00
4.177154309e+04 8.086161992e+00 7.515429116e+00 0.000000000e+00 3.345797317e+00 6.623403871e-01 0.000000000e+00
4.198797595e+04 8.091878357e+00 7.536962555e+00 0.000000000e+00 3.362110436e+00 6.501306466e-01 0.000000000e+00
4.220440882e+04 8.097512617e+00 7.558376669e+00 0.000000000e+00 3.378415233e+00 6.381294542e-01 0.000000000e+00
4.242084168e+04 8.103065745e+00 7.579672922e+00 0.000000000e+00 3.394711712e+00 6.263336967e-01 0.000000000e+00
4.263727455e+04 8.108538722e+00 7.600852781e+00 0.000000000e+00 3.410999877e+00 6.147402970e-01 0.000000000e+00
4.285370741e+04 8.113932532e+00 7.621917711e+00 0.000000000e+00 3.427279731e+00 6.033462030e-01 0.000000000e+00
4.307014028e+04 8.119248164e+00 7.642869179e+00 0.000000000e+00 3.443551279e+00 5.921484067e-01 0.000000000e+00
4.328657315e+04 8.124486601e+00 7.663708636e+00 0.000000000e+00 3.459814524e+00 5.811439264e-01 0.000000000e+00
4.350300601e+04 8.129648816e+00 7.684437515e+00 0.000000000e+00 3.476069471e+00 5.703298154e-01 0.000000000e+00
4.371943888e+04 8.134735769e+00 7.705057231e+00 0.000000000e+00 3.492316123e+00 5.597031645e-01 0.000000000e+00
4.393587174e+04 8.139748421e+00 7.725569190e+00 0.000000000e+00 3.508554485e+00 5.492610948e-01 0.000000000e+00
4.415230461e+04 8.144687726e+00 7.745974791e+00 0.000000000e+00 3.524784559e+00 5.390007590e-01 0.000000000e+00
4.436873747e+04 8.149554637e+00 7.766275419e+00 0.000000000e+00 3.541006351e+00 5.289193464e-01 0.000000000e+00
4.458517034e+04 8.154350096e+00 7.786472447e+00 0.000000000e+00 3.557219864e+00 5.190140762e-01 0.000000000e+00
4.480160321e+04 8.159075042e+00 7.806567234e+00 0.000000000e+00 3.573425102e+00 5.092822035e-01 0.000000000e+00
4.501803607e+04 8.163730405e+00 7.826561126e+00 0.000000000e+00 3.589622068e+00 4.997210199e-01 0.000000000e+00
4.523446894e+04 8.168317110e+00 7.846455461e+00 0.000000000e+00 3.605810768e+00 4.903278421e-01 0.000000000e+00
4.545090180e+04 8.172836075e+00 7.866251559e+00 0.000000000e+00 3.621991205e+00 4.811000286e-01 0.000000000e+00
4.566733467e+04 8.177288211e+00 7.885950728e+00 0.000000000e+00 3.638163383e+00 4.720349729e-01 0.000000000e+00
4.588376754e+04 8.181674419e+00 7.905554263e+00 0.000000000e+00 3.654327305e+00 4.631300892e-01 0.000000000e+00
4.610020040e+04 8.185995594e+00 7.925063444e+00 0.000000000e+00 3.670482977e+00 4.543828298e-01 0.000000000e+00
4.631663327e+04 8.190252624e+00 7.944479538e+00 0.000000000e+00 3.686630401e+00 4.457906799e-01 0.000000000e+00
4.653306613e+04 8.194446390e+00 7.963803802e+00 0.000000000e+00 3.702769582e+00 4.373511565e-01 0.000000000e+00
4.674949900e+04 8.198577766e+00 7.983037477e+00 0.000000000e+00 3.718900523e+00 4.290618096e-01 0.000000000e+00
4.696593186e+04 8.202647621e+00 8.002181797e+00 0.000000000e+00 3.735023230e+00 4.209202203e-01 0.000000000e+00
4.718236473e+04 8.206656818e+00 8.021237985e+00 0.000000000e+00 3.751137705e+00 4.129240017e-01 0.000000000e+00
4.739879760e+04 8.210606213e+00 8.040207252e+00 0.000000000e+00 3.767243953e+00 4.050707990e-01 0.000000000e+00
4.761523046e+04 8.214496651e+00 8.059090789e+00 0.000000000e+00 3.783341977e+00 3.973582878e-01 0.000000000e+00
4.783166333e+04 8.218328968e+00 8.077889778e+00 0.000000000e+00 3.799431783e+00 3.897841755e-01 0.000000000e+00
4.804809619e+04 8.222103993e+00 8.096605383e+00 0.000000000e+00 3.815513373e+00 3.823462005e-01 0.000000000e+00
4.826452906e+04 8.225822538e+00 8.115238749e+00 0.000000000e+00 3.831586752e+00 3.750421313e-01 0.000000000e+00
4.848096192e+04 8.229485423e+00 8.133791030e+00 0.000000000e+00 3.847651924e+00 3.678697129e-01 0.000000000e+00
4.869739479e+04 8.233093411e+00 8.152263284e+00 0.000000000e+00 3.863708893e+00 3.608269320e-01 0.000000000e+00
4.891382766e+04 8.236647333e+00 8.170656682e+00 0.000000000e+00 3.879757662e+00 3.539115060e-01 0.000000000e+00
4.913026052e+04 8.240147969e+00 8.188972312e+00 0.000000000e+00 3.895798236e+00 3.471213578e-01 0.000000000e+00
4.934669339e+04 8.243596120e+00 8.207211285e+00 0.000000000e+00 3.911830619e+00 3.404544143e-01 0.000000000e+00
4.956312625e+04 8.246992556e+00 8.225374678e+00 0.000000000e+00 3.927854815e+00 3.339086235e-01 0.000000000e+00
4.977955912e+04 8.250338027e+00 8.243463533e+00 0.000000000e+00 3.943870828e+00 3.274819614e-01 0.000000000e+00
4.999599198e+04 8.253633283e+00 8.261478895e+00 0.000000000e+00 3.959878661e+00 3.211724343e-01 0.000000000e+00
5.021242485e+04 8.256879077e+00 8.279421807e+00 0.000000000e+00 3.975878320e+00 3.149780772e-01 0.000000000e+00
5.042885772e+04 8.260076148e+00 8.297293294e+00 0.000000000e+00 3.991869808e+00 3.088969535e-01 0.000000000e+00
5.064529058e+04 8.263225227e+00 8.315094364e+00 0.000000000e+00 4.007853129e+00 3.029271541e-01 0.000000000e+00
5.086172345e+04 8.266327033e+00 8.332826017e+00 0.000000000e+00 4.023828287e+00 2.970667967e-01 0.000000000e+00
5.107815631e+04 8.269382283e+00 8.350489237e+00 0.000000000e+00 4.039795286e+00 2.913140282e-01 0.000000000e+00
5.129458918e+04 8.272391680e+00 8.368084998e+00 0.000000000e+00 4.055754131e+00 2.856670215e-01 0.000000000e+00
5.151102204e+04 8.275355924e+00 8.385614260e+00 0.000000000e+00 4.071704824e+00 2.801239768e-01 0.000000000e+00
5.172745491e+04 8.278275702e+00 8.403077974e+00 0.000000000e+00 4.087647371e+00 2.746831196e-01 0.000000000e+00
5.194388778e+04 8.281151697e+00 8.420477073e+00 0.000000000e+00 4.103581776e+00 2.693427049e-01 0.000000000e+00
5.216032064e+04 8.283984583e+00 8.437812484e+00 0.000000000e+00 4.119508042e+00 2.641010085e-01 0.000000000e+00
5.237675351e+04 8.286775022e+00 8.455085119e+00 0.000000000e+00 4.135426173e+00 2.589563395e-01 0.000000000e+00
5.259318637e+04 8.289523672e+00 8.472295876e+00 0.000000000e+00 4.151336175e+00 2.539070341e-01 0.000000000e+00
5.280961924e+04 8.292231180e+00 8.489445643e+00 0.000000000e+00 4.167238050e+00 2.489514433e-01 0.000000000e+00
5.302605210e+04 8.294898188e+00 8.506535296e+00 0.000000000e+00 4.183131802e+00 2.440879481e-01 0.000000000e+00
5.324248497e+04 8.297525328e+00 8.523565698e+00 0.000000000e+00 4.199017437e+00 2.393149543e-01 0.000000000e+00
5.345891784e+04 8.300113222e+00 8.540537700e+00 0.000000000e+00 4.214894958e+00 2.346308916e-01 0.000000000e+00
5.367535070e+04 8.302662487e+00 8.557452141e+00 0.000000000e+00 4.230764368e+00 2.300342149e-01 0.000000000e+00
5.389178357e+04 8.305173731e+00 8.574309852e+00 0.000000000e+00 4.246625673e+00 2.255234022e-01 0.000000000e+00
5.410821643e+04 8.307647556e+00 8.591111651e+00 0.000000000e+00 4.262478876e+00 2.210969548e-01 0.000000000e+00
5.432464930e+04 8.310084557e+00 8.607858347e+00 0.000000000e+00 4.278323981e+00 2.167533987e-01 0.000000000e+00
5.454108216e+04 8.312485320e+00 8.624550737e+00 0.000000000e+00 4.294160992e+00 2.124912816e-01 0.000000000e+00
5.475751503e+04 8.314850424e+00 8.641189609e+00 0.000000000e+00 4.309989914e+00 2.083091741e-01 0.000000000e+00
5.497394790e+04 8.317180439e+00 8.657775735e+00 0.000000000e+00 4.325810751e+00 2.042056695e-01 0.000000000e+00
5.519038076e+04 8.319475924e+00 8.674309872e+00 0.000000000e+00 4.341623507e+00 2.001793833e-01 0.000000000e+00
5.540681363e+04 8.321737431e+00 8.690792769e+00 0.000000000e+00 4.357428185e+00 1.962289530e-01 0.000000000e+00
5.562324649e+04 8.323965508e+00 8.707225166e+00 0.000000000e+00 4.373224790e+00 1.923530375e-01 0.000000000e+00
5.583967936e+04 8.326160693e+00 8.723607792e+00 0.000000000e+00 4.389013327e+00 1.885503174e-01 0.000000000e+00
5.605611222e+04 8.328323524e+00 8.739941374e+00 0.000000000e+00 4.404793798e+00 1.848194939e-01 0.000000000e+00
5.627254509e+04 8.330454528e+00 8.756226625e+00 0.000000000e+00 4.420566209e+00 1.811592874e-01 0.000000000e+00
5.648897796e+04 8.332554221e+00 8.772464239e+00 0.000000000e+00 4.436330563e+00 1.775684470e-01 0.000000000e+00
5.670541082e+04 8.334623114e+00 8.788654905e+00 0.000000000e+00 4.452086865e+00 1.740457303e-01 0.000000000e+00
5.692184369e+04 8.336661703e+00 8.804799293e+00 0.000000000e+00 4.467835118e+00 1.705899222e-01 0.000000000e+00
5.713827655e+04 8.338670488e+00 8.820898076e+00 0.000000000e+00 4.483575327e+00 1.671998254e-01 0.000000000e+00
5.735470942e+04 8.340649961e+00 8.836951916e+00 0.000000000e+00 4.499307496e+00 1.638742622e-01 0.000000000e+00
5.757114228e+04 8.342600605e+00 8.852961461e+00 0.000000000e+00 4.515031630e+00 1.606120741e-01 0.000000000e+00
5.778757515e+04 8.344522892e+00 8.868927348e+00 0.000000000e+00 4.530747731e+00 1.574121244e-01 0.000000000e+00
5.800400802e+04 8.346417292e+00 8.884850207e+00 0.000000000e+00 4.546455805e+00 1.542732896e-01 0.000000000e+00
5.822044088e+04 8.348284267e+00 8.900730659e+00 0.000000000e+00 4.562155855e+00 1.511944681e-01 0.000000000e+00
5.843687375e+04 8.350124273e+00 8.916569315e+00 0.000000000e+00 4.577847885e+00 1.481745732e-01 0.000000000e+00
5.865330661e+04 8.351937759e+00 8.932366775e+00 0.000000000e+00 4.593531901e+00 1.452125431e-01 0.000000000e+00
5.886973948e+04 8.353725167e+00 8.948123633e+00 0.000000000e+00 4.609207905e+00 1.423073255e-01 0.000000000e+00
5.908617234e+04 8.355486931e+00 8.963840473e+00 0.000000000e+00 4.624875903e+00 1.394578904e-01 0.000000000e+00
5.930260521e+04 8.357223484e+00 8.979517869e+00 0.000000000e+00 4.640535897e+00 1.366632205e-01 0.000000000e+00
5.951903808e+04 8.358935246e+00 8.995156385e+00 0.000000000e+00 4.656187893e+00 1.339223201e-01 0.000000000e+00
5.973547094e+04 8.360622632e+00 9.010756578e+00 0.000000000e+00 4.671831895e+00 1.312342118e-01 0.000000000e+00
5.995190381e+04 8.362286054e+00 9.026318995e+00 0.000000000e+00 4.687467906e+00 1.285979321e-01 0.000000000e+00
6.016833667e+04 8.363925917e+00 9.041844179e+00 0.000000000e+00 4.703095931e+00 1.260125312e-01 0.000000000e+00
6.038476954e+04 8.365542617e+00 9.057332658e+00 0.000000000e+00 4.718715974e+00 1.234770828e-01 0.000000000e+00
6.060120240e+04 8.367136548e+00 9.072784957e+00 0.000000000e+00 4.734328039e+00 1.209906694e-01 0.000000000e+00
6.081763527e+04 8.368708095e+00 9.088201589e+00 0.000000000e+00 4.749932131e+00 1.185523893e-01 0.000000000e+00
6.103406814e+04 8.370257639e+00 9.103583062e+00 0.000000000e+00 4.765528253e+00 1.161613581e-01 0.000000000e+00
6.125050100e+04 8.371785553e+00 9.118929872e+00 0.000000000e+00 4.781116410e+00 1.138167054e-01 0.000000000e+00
6.146693387e+04 8.373292204e+00 9.134242508e+00 0.000000000e+00 4.796696605e+00 1.115175766e-01 0.000000000e+00
6.168336673e+04 8.374777956e+00 9.149521452e+00 0.000000000e+00 4.812268843e+00 1.092631315e-01 0.000000000e+00
6.189979960e+04 8.376243164e+00 9.164767180e+00 0.000000000e+00 4.827833129e+00 1.070525437e-01 0.000000000e+00
6.211623246e+04 8.377688183e+00 9.179980162e+00 0.000000000e+00 4.843389466e+00 1.048850019e-01 0.000000000e+00
6.233266533e+04 8.379113360e+00 9.195160858e+00 0.000000000e+00 4.858937858e+00 1.027597085e-01 0.000000000e+00
6.254909820e+04 8.380519038e+00 9.210309727e+00 0.000000000e+00 4.874478311e+00 1.006758792e-01 0.000000000e+00
6.276553106e+04 8.381905553e+00 9.225427212e+00 0.000000000e+00 4.890010827e+00 9.863274339e-02 0.000000000e+00
6.298196393e+04 8.383273233e+00 9.240513747e+00 0.000000000e+00 4.905535411e+00 9.662954420e-02 0.000000000e+00
6.319839679e+04 8.384622400e+00 9.255569760e+00 0.000000000e+00 4.921052068e+00 9.466553763e-02 0.000000000e+00
6.341482966e+04 8.385953373e+00 9.270595675e+00 0.000000000e+00 4.936560801e+00 9.273999271e-02 0.000000000e+00
6.363126253e+04 8.387266468e+00 9.285591909e+00 0.000000000e+00 4.952061614e+00 9.085219113e-02 0.000000000e+00
6.384769539e+04 8.388562000e+00 9.300558882e+00 0.000000000e+00 4.967554513e+00 8.900142317e-02 0.000000000e+00
6.406412826e+04 8.389840271e+00 9.315496991e+00 0.000000000e+00 4.983039500e+00 8.718700738e-02 0.000000000e+00
6.428056112e+04 8.391101585e+00 9.330406638e+00 0.000000000e+00 4.998516581e+00 8.540825091e-02 0.000000000e+00
6.449699399e+04 8.392346231e+00 9.345288207e+00 0.000000000e+00 5.013985759e+00 8.366448867e-02 0.000000000e+00
6.471342685e+04 8.393574499e+00 9.360142080e+00 0.000000000e+00 5.029447039e+00 8.195506302e-02 0.000000000e+00
6.492985972e+04 8.394786677e+00 9.374968640e+00 0.000000000e+00 5.044900424e+00 8.027932759e-02 0.000000000e+00
6.514629259e+04 8.395983049e+00 9.389768258e+00 0.000000000e+00 5.060345920e+00 7.863664789e-02 0.000000000e+00
6.536272545e+04 8.397163888e+00 9.404541299e+00 0.000000000e+00 5.075783530e+00 7.702640112e-02 0.000000000e+00
6.557915832e+04 8.398329467e+00 9.419288120e+00 0.000000000e+00 5.091213258e+00 7.544797633e-02 0.000000000e+00
6.579559118e+04 8.399480054e+00 9.434009078e+00 0.000000000e+00 5.106635109e+00 7.390076934e-02 0.000000000e+00
6.601202405e+04 8.400615912e+00 9.448704517e+00 0.000000000e+00 5.122049087e+00 7.238419073e-02 0.000000000e+00
6.622845691e+04 8.401737301e+00 9.463374781e+00 0.000000000e+00 5.137455195e+00 7.089766079e-02 0.000000000e+00
6.644488978e+04 8.402844475e+00 9.478020206e+00 0.000000000e+00 5.152853440e+00 6.944060863e-02 0.000000000e+00
6.666132265e+04 8.403937685e+00 9.492641120e+00 0.000000000e+00 5.168243823e+00 6.801247490e-02 0.000000000e+00
6.687775551e+04 8.405017177e+00 9.507237850e+00 0.000000000e+00 5.183626350e+00 6.661270914e-02 0.000000000e+00
6.709418838e+04 8.406083193e+00 9.521810714e+00 0.000000000e+00 5.199001025e+00 6.524077222e-02 0.000000000e+00
6.731062124e+04 8.407135972e+00 9.536360025e+00 0.000000000e+00 5.214367853e+00 6.389613276e-02 0.000000000e+00
6.752705411e+04 8.408175747e+00 9.550886091e+00 0.000000000e+00 5.229726836e+00 6.257827214e-02 0.000000000e+00
6.774348697e+04 8.409202750e+00 9.565389217e+00 0.000000000e+00 5.245077980e+00 6.128667692e-02 0.000000000e+00
6.795991984e+04 8.410217207e+00 9.579869702e+00 0.000000000e+00 5.260421289e+00 6.002084445e-02 0.000000000e+00
6.817635271e+04 8.411219341e+00 9.594327838e+00 0.000000000e+00 5.275756767e+00 5.878028528e-02 0.000000000e+00
6.839278557e+04 8.412209369e+00 9.608763911e+00 0.000000000e+00 5.291084418e+00 5.756451927e-02 0.000000000e+00
6.860921844e+04 8.413187510e+00 9.623178208e+00 0.000000000e+00 5.306404247e+00 5.637306693e-02 0.000000000e+00
6.882565130e+04 8.414153975e+00 9.637571007e+00 0.000000000e+00 5.321716257e+00 5.520546103e-02 0.000000000e+00
6.904208417e+04 8.415108973e+00 9.651942583e+00 0.000000000e+00 5.337020454e+00 5.406124410e-02 0.000000000e+00
6.925851703e+04 8.416052708e+00 9.666293204e+00 0.000000000e+00 5.352316840e+00 5.293996649e-02 0.000000000e+00
6.947494990e+04 8.416985382e+00 9.680623133e+00 0.000000000e+00 5.367605421e+00 5.184118564e-02 0.000000000e+00
6.969138277e+04 8.417907191e+00 9.694932629e+00 0.000000000e+00 5.382886201e+00 5.076446839e-02 0.000000000e+00
6.990781563e+04 8.418818329e+00 9.709221944e+00 0.000000000e+00 5.398159183e+00 4.970938999e-02 0.000000000e+00
7.012424850e+04 8.419718985e+00 9.723491328e+00 0.000000000e+00 5.413424372e+00 4.867553199e-02 0.000000000e+00
7.034068136e+04 8.420609347e+00 9.737741025e+00 0.000000000e+00 5.428681772e+00 4.766248382e-02 0.000000000e+00
7.055711423e+04 8.421489596e+00 9.751971275e+00 0.000000000e+00 5.443931388e+00 4.666984334e-02 0.000000000e+00
7.077354709e+04 8.422359911e+00 9.766182314e+00 0.000000000e+00 5.459173223e+00 4.569721610e-02 0.000000000e+00
7.098997996e+04 8.423220476e+00 9.780374383e+00 0.000000000e+00 5.474407283e+00 4.474421355e-02 0.000000000e+00
7.120641283e+04 8.424071469e+00 9.794547718e+00 0.000000000e+00 5.489633571e+00 4.381045462e-02 0.000000000e+00
7.142284569e+04 8.424913064e+00 9.808702549e+00 0.000000000e+00 5.504852091e+00 4.289556543e-02 0.000000000e+00
7.163927856e+04 8.425745435e+00 9.822839100e+00 0.000000000e+00 5.520062849e+00 4.199917924e-02 0.000000000e+00
7.185571142e+04 8.426568748e+00 9.836957586e+00 0.000000000e+00 5.535265847e+00 4.112093616e-02 0.000000000e+00
7.207214429e+04 8.427383160e+00 9.851058214e+00 0.000000000e+00 5.550461091e+00 4.026048256e-02 0.000000000e+00
7.228857715e+04 8.428188826e+00 9.865141183e+00 0.000000000e+00 5.565648583e+00 3.941747175e-02 0.000000000e+00
7.250501002e+04 8.428985902e+00 9.879206699e+00 0.000000000e+00 5.580828329e+00 3.859156320e-02 0.000000000e+00
7.272144289e+04 8.429774541e+00 9.893254968e+00 0.000000000e+00 5.596000333e+00 3.778241469e-02 0.000000000e+00
7.293787575e+04 8.430554899e+00 9.907286196e+00 0.000000000e+00 5.611164599e+00 3.698972203e-02 0.000000000e+00
7.315430862e+04 8.431327135e+00 9.921300589e+00 0.000000000e+00 5.626321132e+00 3.621314153e-02 0.000000000e+00
7.337074148e+04 8.432091402e+00 9.935298350e+00 0.000000000e+00 5.641469936e+00 3.545236324e-02 0.000000000e+00
7.358717435e+04 8.432847842e+00 9.949279655e+00 0.000000000e+00 5.656611015e+00 3.470707811e-02 0.000000000e+00
7.380360721e+04 8.433596586e+00 9.963244681e+00 0.000000000e+00 5.671744373e+00 3.397698202e-02 0.000000000e+00
7.402004008e+04 8.434337773e+00 9.977193609e+00 0.000000000e+00 5.686870014e+00 3.326177656e-02 0.000000000e+00
7.423647295e+04 8.435071541e+00 9.991126623e+00 0.000000000e+00 5.701987943e+00 3.256116893e-02 0.000000000e+00
7.445290581e+04 8.435798027e+00 1.000504390e+01 0.000000000e+00 5.717098164e+00 3.187487184e-02 0.000000000e+00
7.466933868e+04 8.436517363e+00 1.001894561e+01 0.000000000e+00 5.732200680e+00 3.120260341e-02 0.000000000e+00
7.488577154e+04 8.437229677e+00 1.003283193e+01 0.000000000e+00 5.747295498e+00 3.054408713e-02 0.000000000e+00
7.510220441e+04 8.437935098e+00 1.004670302e+01 0.000000000e+00 5.762382620e+00 2.989905200e-02 0.000000000e+00
7.531863727e+04 8.438633751e+00 1.006055905e+01 0.000000000e+00 5.777462051e+00 2.926723089e-02 0.000000000e+00
7.553507014e+04 8.439325759e+00 1.007440017e+01 0.000000000e+00 5.792533795e+00 2.864836356e-02 0.000000000e+00
7.575150301e+04 8.440011242e+00 1.008822655e+01 0.000000000e+00 5.807597857e+00 2.804219361e-02 0.000000000e+00
7.596793587e+04 8.440690320e+00 1.010203835e+01 0.000000000e+00 5.822654240e+00 2.744846866e-02 0.000000000e+00
7.618436874e+04 8.441363109e+00 1.011583570e+01 0.000000000e+00 5.837702949e+00 2.686694234e-02 0.000000000e+00
7.640080160e+04 8.442029722e+00 1.012961877e+01 0.000000000e+00 5.852743988e+00 2.629737230e-02 0.000000000e+00
7.661723447e+04 8.442690273e+00 1.014338770e+01 0.000000000e+00 5.867777362e+00 2.573952035e-02 0.000000000e+00
7.683366733e+04 8.443344870e+00 1.015714263e+01 0.000000000e+00 5.882803075e+00 2.519315490e-02 0.000000000e+00
7.705010020e+04 8.443993622e+00 1.017088371e+01 0.000000000e+00 5.897821131e+00 2.465804970e-02 0.000000000e+00
7.726653307e+04 8.444636635e+00 1.018461108e+01 0.000000000e+00 5.912831534e+00 2.413398005e-02 0.000000000e+00
7.748296593e+04 8.445274015e+00 1.019832486e+01 0.000000000e+00 5.927834288e+00 2.362072462e-02 0.000000000e+00
7.769939880e+04 8.445905865e+00 1.021202521e+01 0.000000000e+00 5.942829399e+00 2.311806802e-02 0.000000000e+00
7.791583166e+04 8.446532288e+00 1.022571225e+01 0.000000000e+00 5.957816869e+00 2.262579928e-02 0.000000000e+00
7.813226453e+04 8.447153383e+00 1.023938612e+01 0.000000000e+00 5.972796704e+00 2.214371055e-02 0.000000000e+00
7.834869739e+04 8.447769248e+00 1.025304694e+01 0.000000000e+00 5.987768908e+00 2.167159803e-02 0.000000000e+00
7.856513026e+04 8.448379980e+00 1.026669484e+01 0.000000000e+00 6.002733484e+00 2.120926242e-02 0.000000000e+00
7.878156313e+04 8.448985695e+00 1.028032996e+01 0.000000000e+00 6.017690438e+00 2.075648162e-02 0.000000000e+00
7.899799599e+04 8.449586422e+00 1.029395236e+01 0.000000000e+00 6.032639773e+00 2.031313647e-02 0.000000000e+00
7.921442886e+04 8.450182291e+00 1.030756220e+01 0.000000000e+00 6.047581493e+00 1.987897870e-02 0.000000000e+00
7.943086172e+04 8.450773378e+00 1.032115958e+01 0.000000000e+00 6.062515603e+00 1.945383202e-02 0.000000000e+00
7.964729459e+04 8.451359763e+00 1.033474460e+01 0.000000000e+00 6.077442107e+00 1.903752010e-02 0.000000000e+00
7.986372745e+04 8.451941563e+00 1.034831742e+01 0.000000000e+00 6.092361009e+00 1.862986612e-02 0.000000000e+00
8.008016032e+04 8.452518863e+00 1.036187815e+01 0.000000000e+00 6.107272315e+00 1.823069566e-02 0.000000000e+00
8.029659319e+04 8.453091725e+00 1.037542687e+01 0.000000000e+00 6.122176027e+00 1.783983782e-02 0.000000000e+00
8.051302605e+04 8.453660223e+00 1.038896369e+01 0.000000000e+00 6.137072151e+00 1.745712508e-02 0.000000000e+00
8.072945892e+04 8.454224446e+00 1.040248871e+01 0.000000000e+00 6.151960690e+00 1.708239322e-02 0.000000000e+00
8.094589178e+04 8.454784473e+00 1.041600204e+01 0.000000000e+00 6.166841649e+00 1.671548119e-02 0.000000000e+00
8.116232465e+04 8.455340379e+00 1.042950378e+01 0.000000000e+00 6.181715032e+00 1.635623104e-02 0.000000000e+00
8.137875752e+04 8.455892239e+00 1.044299403e+01 0.000000000e+00 6.196580843e+00 1.600448790e-02 0.000000000e+00
8.159519038e+04 8.456440125e+00 1.045647289e+01 0.000000000e+00 6.211439087e+00 1.566009984e-02 0.000000000e+00
8.181162325e+04 8.456984112e+00 1.046994044e+01 0.000000000e+00 6.226289768e+00 1.532291794e-02 0.000000000e+00
8.202805611e+04 8.457524270e+00 1.048339680e+01 0.000000000e+00 6.241132890e+00 1.499279622e-02 0.000000000e+00
8.224448898e+04 8.458060669e+00 1.049684203e+01 0.000000000e+00 6.255968457e+00 1.466959128e-02 0.000000000e+00
8.246092184e+04 8.458593378e+00 1.051027625e+01 0.000000000e+00 6.270796474e+00 1.435316291e-02 0.000000000e+00
8.267735471e+04 8.459122463e+00 1.052369953e+01 0.000000000e+00 6.285616945e+00 1.404337303e-02 0.000000000e+00
8.289378758e+04 8.459647989e+00 1.053711196e+01 0.000000000e+00 6.300429874e+00 1.374008730e-02 0.000000000e+00
8.311022044e+04 8.460170021e+00 1.055051363e+01 0.000000000e+00 6.315235266e+00 1.344317407e-02 0.000000000e+00
8.332665331e+04 8.460688621e+00 1.056390462e+01 0.000000000e+00 6.330033124e+00 1.315250292e-02 0.000000000e+00
8.354308617e+04 8.461203852e+00 1.057728501e+01 0.000000000e+00 6.344823454e+00 1.286794670e-02 0.000000000e+00
8.375951904e+04 8.461715773e+00 1.059065488e+01 0.000000000e+00 6.359606259e+00 1.258938084e-02 0.000000000e+00
8.397595190e+04 8.462224446e+00 1.060401432e+01 0.000000000e+00 6.374381543e+00 1.231668296e-02 0.000000000e+00
8.419238477e+04 8.462729930e+00 1.061736339e+01 0.000000000e+00 6.389149311e+00 1.204973332e-02 0.000000000e+00
8.440881764e+04 8.463232285e+00 1.063070219e+01 0.000000000e+00 6.403909567e+00 1.178841223e-02 0.000000000e+00
8.462525050e+04 8.463731566e+00 1.064403078e+01 0.000000000e+00 6.418662316e+00 1.153261117e-02 0.000000000e+00
8.484168337e+04 8.464227832e+00 1.065734924e+01 0.000000000e+00 6.433407561e+00 1.128221097e-02 0.000000000e+00
8.505811623e+04 8.464721135e+00 1.067065764e+01 0.000000000e+00 6.448145308e+00 1.103710290e-02 0.000000000e+00
8.527454910e+04 8.465211524e+00 1.068395605e+01 0.000000000e+00 6.462875559e+00 1.079717853e-02 0.000000000e+00
8.549098196e+04 8.465699053e+00 1.069724454e+01 0.000000000e+00 6.477598320e+00 1.056233153e-02 0.000000000e+00
8.570741483e+04 8.466183775e+00 1.071052318e+01 0.000000000e+00 6.492313595e+00 1.033245767e-02 0.000000000e+00
8.592384770e+04 8.466665740e+00 1.072379203e+01 0.000000000e+00 6.507021387e+00 1.010745482e-02 0.000000000e+00
8.614028056e+04 8.467144998e+00 1.073705117e+01 0.000000000e+00 6.521721702e+00 9.887222857e-03 0.000000000e+00
8.635671343e+04 8.467621597e+00 1.075030066e+01 0.000000000e+00 6.536414544e+00 9.671663599e-03 0.000000000e+00
8.657314629e+04 8.468095586e+00 1.076354055e+01 0.000000000e+00 6.551099917e+00 9.460680864e-03 0.000000000e+00
8.678957916e+04 8.468567010e+00 1.077677092e+01 0.000000000e+00 6.565777824e+00 9.254180413e-03 0.000000000e+00
8.700601202e+04 8.469035916e+00 1.078999183e+01 0.000000000e+00 6.580448271e+00 9.052069801e-03 0.000000000e+00
8.722244489e+04 8.469502348e+00 1.080320333e+01 0.000000000e+00 6.595111262e+00 8.854258868e-03 0.000000000e+00
8.743887776e+04 8.469966351e+00 1.081640548e+01 0.000000000e+00 6.609766800e+00 8.660658549e-03 0.000000000e+00
8.765531062e+04 8.470427967e+00 1.082959835e+01 0.000000000e+00 6.624414891e+00 8.471181434e-03 0.000000000e+00
8.787174349e+04 8.470887240e+00 1.084278199e+01 0.000000000e+00 6.639055538e+00 8.285742238e-03 0.000000000e+00
8.808817635e+04 8.471344211e+00 1.085595645e+01 0.000000000e+00 6.653688746e+00 8.104257702e-03 0.000000000e+00
8.830460922e+04 8.471798920e+00 1.086912180e+01 0.000000000e+00 6.668314519e+00 7.926645251e-03 0.000000000e+00
8.852104208e+04 8.472251409e+00 1.088227808e+01 0.000000000e+00 6.682932861e+00 7.752824528e-03 0.000000000e+00
8.873747495e+04 8.472701714e+00 1.089542535e+01 0.000000000e+00 6.697543777e+00 7.582717412e-03 0.000000000e+00
8.895390782e+04 8.473149876e+00 1.090856366e+01 0.000000000e+00 6.712147270e+00 7.416247708e-03 0.000000000e+00
8.917034068e+04 8.473595930e+00 1.092169306e+01 0.000000000e+00 6.726743346e+00 7.253340886e-03 0.000000000e+00
8.938677355e+04 8.474039916e+00 1.093481360e+01 0.000000000e+00 6.741332008e+00 7.093921647e-03 0.000000000e+00
8.960320641e+04 8.474481869e+00 1.094792533e+01 0.000000000e+00 6.755913261e+00 6.937917041e-03 0.000000000e+00
8.981963928e+04 8.474921826e+00 1.096102830e+01 0.000000000e+00 6.770487108e+00 6.785256134e-03 0.000000000e+00
9.003607214e+04 8.475359821e+00 1.097412256e+01 0.000000000e+00 6.785053555e+00 6.635869564e-03 0.000000000e+00
9.025250501e+04 8.475795891e+00 1.098720816e+01 0.000000000e+00 6.799612606e+00 6.489689396e-03 0.000000000e+00
9.046893788e+04 8.476230069e+00 1.100028514e+01 0.000000000e+00 6.814164265e+00 6.346648207e-03 0.000000000e+00
9.068537074e+04 8.476662389e+00 1.101335355e+01 0.000000000e+00 6.828708535e+00 6.206680387e-03 0.000000000e+00
9.090180361e+04 8.477092886e+00 1.102641344e+01 0.000000000e+00 6.843245423e+00 6.069721890e-03 0.000000000e+00
9.111823647e+04 8.477521591e+00 1.103946485e+01 0.000000000e+00 6.857774930e+00 5.935710106e-03 0.000000000e+00
9.133466934e+04 8.477948538e+00 1.105250782e+01 0.000000000e+00 6.872297063e+00 5.804583754e-03 0.000000000e+00
9.155110220e+04 8.478373770e+00 1.106554241e+01 0.000000000e+00 6.886811824e+00 5.676282063e-03 0.000000000e+00
9.176753507e+04 8.478797301e+00 1.107856865e+01 0.000000000e+00 6.901319217e+00 5.550745708e-03 0.000000000e+00
9.198396794e+04 8.479219139e+00 1.109158654e+01 0.000000000e+00 6.915819249e+00 5.427916894e-03 0.000000000e+00
9.220040080e+04 8.479639326e+00 1.110459616e+01 0.000000000e+00 6.930311923e+00 5.307738815e-03 0.000000000e+00
9.241683367e+04 8.480057899e+00 1.111759753e+01 0.000000000e+00 6.944797243e+00 5.190155850e-03 0.000000000e+00
9.263326653e+04 8.480474882e+00 1.113059071e+01 0.000000000e+00 6.959275213e+00 5.075113544e-03 0.000000000e+00
9.284969940e+04 8.480890297e+00 1.114357571e+01 0.000000000e+00 6.973745838e+00 4.962558536e-03 0.000000000e+00
9.306613226e+04 8.481304175e+00 1.115655259e+01 0.000000000e+00 6.988209122e+00 4.852438524e-03 0.000000000e+00
9.328256513e+04 8.481716545e+00 1.116952139e+01 0.000000000e+00 7.002665069e+00 4.744702236e-03 0.000000000e+00
9.349899800e+04 8.482127432e+00 1.118248212e+01 0.000000000e+00 7.017113684e+00 4.639299487e-03 0.000000000e+00
9.371543086e+04 8.482536859e+00 1.119543484e+01 0.000000000e+00 7.031554971e+00 4.536181126e-03 0.000000000e+00
9.393186373e+04 8.482944852e+00 1.120837958e+01 0.000000000e+00 7.045988933e+00 4.435299004e-03 0.000000000e+00
9.414829659e+04 8.483351434e+00 1.122131637e+01 0.000000000e+00 7.060415576e+00 4.336605950e-03 0.000000000e+00
9.436472946e+04 8.483756631e+00 1.123424524e+01 0.000000000e+00 7.074834904e+00 4.240055749e-03 0.000000000e+00
9.458116232e+04 8.484160465e+00 1.124716623e+01 0.000000000e+00 7.089246920e+00 4.145603119e-03 0.000000000e+00
9.479759519e+04 8.484562958e+00 1.126007937e+01 0.000000000e+00 7.103651629e+00 4.053204048e-03 0.000000000e+00
9.501402806e+04 8.484964133e+00 1.127298469e+01 0.000000000e+00 7.118049036e+00 3.962816248e-03 0.000000000e+00
9.523046092e+04 8.485364012e+00 1.128588222e+01 0.000000000e+00 7.132439144e+00 3.874396416e-03 0.000000000e+00
9.544689379e+04 8.485762616e+00 1.129877199e+01 0.000000000e+00 7.146821958e+00 3.787901103e-03 0.000000000e+00
9.566332665e+04 8.486159968e+00 1.131165404e+01 0.000000000e+00 7.161197482e+00 3.703289824e-03 0.000000000e+00
9.587975952e+04 8.486556086e+00 1.132452839e+01 0.000000000e+00 7.175565721e+00 3.620524769e-03 0.000000000e+00
9.609619238e+04 8.486950991e+00 1.133739507e+01 0.000000000e+00 7.189926678e+00 3.539565593e-03 0.000000000e+00
9.631262525e+04 8.487344704e+00 1.135025411e+01 0.000000000e+00 7.204280358e+00 3.460372120e-03 0.000000000e+00
9.652905812e+04 8.487737245e+00 1.136310554e+01 0.000000000e+00 7.218626765e+00 3.382908740e-03 0.000000000e+00
9.674549098e+04 8.488128630e+00 1.137594938e+01 0.000000000e+00 7.232965904e+00 3.307139406e-03 0.000000000e+00
9.696192385e+04 8.488518881e+00 1.138878567e+01 0.000000000e+00 7.247297778e+00 3.233026745e-03 0.000000000e+00
9.717835671e+04 8.488908014e+00 1.140161443e+01 0.000000000e+00 7.261622392e+00 3.160537252e-03 0.000000000e+00
9.739478958e+04 8.489296050e+00 1.141443569e+01 0.000000000e+00 7.275939750e+00 3.089630578e-03 0.000000000e+00
9.761122244e+04 8.489683003e+00 1.142724947e+01 0.000000000e+00 7.290249858e+00 3.020279630e-03 0.000000000e+00
9.782765531e+04 8.490068893e+00 1.144005579e+01 0.000000000e+00 7.304552717e+00 2.952448581e-03 0.000000000e+00
9.804408818e+04 8.490453737e+00 1.145285469e+01 0.000000000e+00 7.318848334e+00 2.886103856e-03 0.000000000e+00
9.826052104e+04 8.490837550e+00 1.146564619e+01 0.000000000e+00 7.333136713e+00 2.821214673e-03 0.000000000e+00
9.847695391e+04 8.491220349e+00 1.147843031e+01 0.000000000e+00 7.347417857e+00 2.757749653e-03 0.000000000e+00
9.869338677e+04 8.491602150e+00 1.149120707e+01 0.000000000e+00 7.361691770e+00 2.695678444e-03 0.000000000e+00
9.890981964e+04 8.491982969e+00 1.150397650e+01 0.000000000e+00 7.375958458e+00 2.634971746e-03 0.000000000e+00
9.912625251e+04 8.492362819e+00 1.151673862e+01 0.000000000e+00 7.390217924e+00 2.575601304e-03 0.000000000e+00
9.934268537e+04 8.492741717e+00 1.152949346e+01 0.000000000e+00 7.404470173e+00 2.517537759e-03 0.000000000e+00
9.955911824e+04 8.493119678e+00 1.154224103e+01 0.000000000e+00 7.418715208e+00 2.460752048e-03 0.000000000e+00
9.977555110e+04 8.493496716e+00 1.155498136e+01 0.000000000e+00 7.432953035e+00 2.405217007e-03 0.000000000e+00
9.999198397e+04 8.493872845e+00 1.156771447e+01 0.000000000e+00 7.447183656e+00 2.350906245e-03 0.000000000e+00
1.002084168e+05 8.494248078e+00 1.158044038e+01 0.000000000e+00 7.461407078e+00 2.297794142e-03 0.000000000e+00
1.004248497e+05 8.494622429e+00 1.159315911e+01 0.000000000e+00 7.475623303e+00 2.245855748e-03 0.000000000e+00
1.006412826e+05 8.494995911e+00 1.160587068e+01 0.000000000e+00 7.489832336e+00 2.195064858e-03 0.000000000e+00
1.008577154e+05 8.495368538e+00 1.161857511e+01 0.000000000e+00 7.504034181e+00 2.145396226e-03 0.000000000e+00
1.010741483e+05 8.495740322e+00 1.163127242e+01 0.000000000e+00 7.518228843e+00 2.096825700e-03 0.000000000e+00
1.012905812e+05 8.496111276e+00 1.164396263e+01 0.000000000e+00 7.532416325e+00 2.049329686e-03 0.000000000e+00
1.015070140e+05 8.496481412e+00 1.165664576e+01 0.000000000e+00 7.546596633e+00 2.002885150e-03 0.000000000e+00
1.017234469e+05 8.496850741e+00 1.166932183e+01 0.000000000e+00 7.560769769e+00 1.957469533e-03 0.000000000e+00
1.019398798e+05 8.497219277e+00 1.168199086e+01 0.000000000e+00 7.574935739e+00 1.913060286e-03 0.000000000e+00
1.021563126e+05 8.497587029e+00 1.169465285e+01 0.000000000e+00 7.589094547e+00 1.869635598e-03 0.000000000e+00
1.023727455e+05 8.497954011e+00 1.170730784e+01 0.000000000e+00 7.603246196e+00 1.827174236e-03 0.000000000e+00
1.025891784e+05 8.498320231e+00 1.171995584e+01 0.000000000e+00 7.617390691e+00 1.785655471e-03 0.000000000e+00
1.028056112e+05 8.498685703e+00 1.173259687e+01 0.000000000e+00 7.631528037e+00 1.745059075e-03 0.000000000e+00
1.030220441e+05 8.499050441e+00 1.174523095e+01 0.000000000e+00 7.645658237e+00 1.705352589e-03 0.000000000e+00
1.032384770e+05 8.499414441e+00 1.175785808e+01 0.000000000e+00 7.659781295e+00 1.666548524e-03 0.000000000e+00
1.034549098e+05 8.499777724e+00 1.177047828e+01 0.000000000e+00 7.673897216e+00 1.628604078e-03 0.000000000e+00
1.036713427e+05 8.500140300e+00 1.178309159e+01 0.000000000e+00 7.688006005e+00 1.591502173e-03 0.000000000e+00
1.038877756e+05 8.500502178e+00 1.179569800e+01 0.000000000e+00 7.702107664e+00 1.555225732e-03 0.000000000e+00
1.041042084e+05 8.500863367e+00 1.180829754e+01 0.000000000e+00 7.716202199e+00 1.519757679e-03 0.000000000e+00
1.043206413e+05 8.501223878e+00 1.182089021e+01 0.000000000e+00 7.730289613e+00 1.485080895e-03 0.000000000e+00
1.045370741e+05 8.501583719e+00 1.183347605e+01 0.000000000e+00 7.744369912e+00 1.451178209e-03 0.000000000e+00
1.047535070e+05 8.501942902e+00 1.184605507e+01 0.000000000e+00 7.758443100e+00 1.418032495e-03 0.000000000e+00
1.049699399e+05 8.502301436e+00 1.185862727e+01 0.000000000e+00 7.772509180e+00 1.385626726e-03 0.000000000e+00
1.051863727e+05 8.502659331e+00 1.187119269e+01 0.000000000e+00 7.786568159e+00 1.353945507e-03 0.000000000e+00
1.054028056e+05 8.503016595e+00 1.188375132e+01 0.000000000e+00 7.800620040e+00 1.322973134e-03 0.000000000e+00
1.056192385e+05 8.503373238e+00 1.189630320e+01 0.000000000e+00 7.814664827e+00 1.292693527e-03 0.000000000e+00
1.058356713e+05 8.503729267e+00 1.190884833e+01 0.000000000e+00 7.828702525e+00 1.263091277e-03 0.000000000e+00
1.060521042e+05 8.504084689e+00 1.192138671e+01 0.000000000e+00 7.842733138e+00 1.234152580e-03 0.000000000e+00
1.062685371e+05 8.504439511e+00 1.193391838e+01 0.000000000e+00 7.856756669e+00 1.205862610e-03 0.000000000e+00
1.064849699e+05 8.504793779e+00 1.194644340e+01 0.000000000e+00 7.870773147e+00 1.178115531e-03 0.000000000e+00
1.067014028e+05 8.505147396e+00 1.195896160e+01 0.000000000e+00 7.884782510e+00 1.151138832e-03 0.000000000e+00
1.069178357e+05 8.505500444e+00 1.197147314e+01 0.000000000e+00 7.898784812e+00 1.124736236e-03 0.000000000e+00
1.071342685e+05 8.505852924e+00 1.198397800e+01 0.000000000e+00 7.912780054e+00 1.098907745e-03 0.000000000e+00
1.073507014e+05 8.506204835e+00 1.199647620e+01 0.000000000e+00 7.926768234e+00 1.073652159e-03 0.000000000e+00
1.075671343e+05 8.506556182e+00 1.200896774e+01 0.000000000e+00 7.940749359e+00 1.048963674e-03 0.000000000e+00
1.077835671e+05 8.506906977e+00 1.202145264e+01 0.000000000e+00 7.954723430e+00 1.024834459e-03 0.000000000e+00
1.080000000e+05 8.507257239e+00 1.203393094e+01 0.000000000e+00 7.968690456e+00 1.001240267e-03 0.000000000e+00
