time            Cj              Ck              shCj            shCk            HelperCCk       shHelperCCk    
0.000000000e+00 1.000000000e+00 0.000000000e+00 0.000000000e+00 0.000000000e+00 1.500000000e+02 1.500000000e+02
8.657314629e+01 8.810363581e-01 4.868748435e-02 5.809427108e-06 4.867198575e-02 1.499480572e+02 1.499480717e+02
1.731462926e+02 7.940630638e-01 9.213979541e-02 8.049611355e-05 9.194025477e-02 1.498959700e+02 1.498961708e+02
2.597194389e+02 7.306467556e-01 1.319564446e-01 3.544760341e-04 1.311154976e-01 1.498433986e+02 1.498442803e+02
3.462925852e+02 6.846716658e-01 1.693602693e-01 9.788307661e-04 1.671218235e-01 1.497899392e+02 1.497923650e+02
4.328657315e+02 6.516975998e-01 2.052605348e-01 2.096913136e-03 2.006259032e-01 1.497351995e+02 1.497403710e+02
5.194388778e+02 6.284971879e-01 2.403146554e-01 3.831345663e-03 2.321212683e-01 1.496788354e+02 1.496882284e+02
6.060120240e+02 6.127223254e-01 2.749834832e-01 6.279769960e-03 2.619833646e-01 1.496205656e+02 1.496358549e+02
6.925851703e+02 6.026633706e-01 3.095782856e-01 9.515285274e-03 2.905056220e-01 1.495601731e+02 1.495831601e+02
7.791583166e+02 5.970750709e-01 3.442992409e-01 1.358916843e-02 3.179231989e-01 1.494975000e+02 1.495300484e+02
8.657314629e+02 5.950504706e-01 3.792661241e-01 1.853447499e-02 3.444287543e-01 1.494324379e+02 1.494764225e+02
9.523046092e+02 5.959293654e-01 4.145422192e-01 2.436974941e-02 3.701830672e-01 1.493649193e+02 1.494221857e+02
1.038877756e+03 5.992317424e-01 4.501525722e-01 3.110245156e-02 3.953223125e-01 1.492949074e+02 1.493672435e+02
1.125450902e+03 6.046092326e-01 4.860976550e-01 3.873192196e-02 4.199631799e-01 1.492223878e+02 1.493115051e+02
1.212024048e+03 6.118096681e-01 5.223633804e-01 4.725184186e-02 4.442065751e-01 1.491473618e+02 1.492548838e+02
1.298597194e+03 6.206511555e-01 5.589282771e-01 5.665220653e-02 4.681403872e-01 1.490698401e+02 1.491972979e+02
1.385170341e+03 6.310030855e-01 5.957684843e-01 6.692086426e-02 4.918416261e-01 1.489898381e+02 1.491386702e+02
1.471743487e+03 6.427722184e-01 6.328611020e-01 7.804468455e-02 5.153781258e-01 1.489073731e+02 1.490789286e+02
1.558316633e+03 6.558924824e-01 6.701863242e-01 9.001042177e-02 5.388099370e-01 1.488224608e+02 1.490180054e+02
1.644889780e+03 6.703175004e-01 7.077286844e-01 1.028053335e-01 5.621904891e-01 1.487351142e+02 1.489558368e+02
1.731462926e+03 6.860151277e-01 7.454776683e-01 1.164176065e-01 5.855675734e-01 1.486453419e+02 1.488923633e+02
1.818036072e+03 7.029634661e-01 7.834278888e-01 1.308366341e-01 6.089841836e-01 1.485531476e+02 1.488275282e+02
1.904609218e+03 7.211479683e-01 8.215789675e-01 1.460531827e-01 6.324792387e-01 1.484585300e+02 1.487612780e+02
1.991182365e+03 7.405593488e-01 8.599352297e-01 1.620594751e-01 6.560882039e-01 1.483614820e+02 1.486935617e+02
2.077755511e+03 7.611920726e-01 8.985052949e-01 1.788492156e-01 6.798436280e-01 1.482619914e+02 1.486243303e+02
2.164328657e+03 7.830433007e-01 9.373016084e-01 1.964175725e-01 7.037756030e-01 1.481600410e+02 1.485535365e+02
2.250901804e+03 8.061121374e-01 9.763399647e-01 2.147611342e-01 7.279121594e-01 1.480556088e+02 1.484811344e+02
2.337474950e+03 8.303991128e-01 1.015639039e+00 2.338778480e-01 7.522796056e-01 1.479486682e+02 1.484070791e+02
2.424048096e+03 8.559058354e-01 1.055219947e+00 2.537669490e-01 7.769028161e-01 1.478391886e+02 1.483313265e+02
2.510621242e+03 8.826347637e-01 1.095105842e+00 2.744288853e-01 8.018054774e-01 1.477271360e+02 1.482538332e+02
2.597194389e+03 9.105890648e-01 1.135321555e+00 2.958652427e-01 8.270102964e-01 1.476124727e+02 1.481745559e+02
2.683767535e+03 9.397725311e-01 1.175893278e+00 3.180786719e-01 8.525391767e-01 1.474951582e+02 1.480934516e+02
2.770340681e+03 9.701895381e-01 1.216848284e+00 3.410728201e-01 8.784133666e-01 1.473751492e+02 1.480104773e+02
2.856913828e+03 1.001845028e+00 1.258214696e+00 3.648522667e-01 9.046535871e-01 1.472524001e+02 1.479255897e+02
2.943486974e+03 1.034744514e+00 1.300021287e+00 3.894224656e-01 9.312801343e-01 1.471268632e+02 1.478387455e+02
3.030060120e+03 1.068894095e+00 1.342297314e+00 4.147896920e-01 9.583129693e-01 1.469984887e+02 1.477499008e+02
3.116633267e+03 1.104300463e+00 1.385072385e+00 4.409609966e-01 9.857717928e-01 1.468672252e+02 1.476590115e+02
3.203206413e+03 1.140970930e+00 1.428376347e+00 4.679441623e-01 1.013676108e+00 1.467330197e+02 1.475660329e+02
3.289779559e+03 1.178913442e+00 1.472239195e+00 4.957476680e-01 1.042045273e+00 1.465958179e+02 1.474709197e+02
3.376352705e+03 1.218136598e+00 1.516691008e+00 5.243806553e-01 1.070898547e+00 1.464555641e+02 1.473736262e+02
3.462925852e+03 1.258649657e+00 1.561761892e+00 5.538529003e-01 1.100255127e+00 1.463122016e+02 1.472741058e+02
3.549498998e+03 1.300462555e+00 1.607481943e+00 5.841747881e-01 1.130134179e+00 1.461656726e+02 1.471723116e+02
3.636072144e+03 1.343585905e+00 1.653881215e+00 6.153572905e-01 1.160554870e+00 1.460159182e+02 1.470681956e+02
3.722645291e+03 1.388031005e+00 1.700989703e+00 6.474119470e-01 1.191536388e+00 1.458628789e+02 1.469617094e+02
3.809218437e+03 1.433809831e+00 1.748837329e+00 6.803508470e-01 1.223097964e+00 1.457064942e+02 1.468528039e+02
3.895791583e+03 1.480935041e+00 1.797453938e+00 7.141866153e-01 1.255258892e+00 1.455467029e+02 1.467414292e+02
3.982364729e+03 1.529419965e+00 1.846869292e+00 7.489323975e-01 1.288038543e+00 1.453834430e+02 1.466275346e+02
4.068937876e+03 1.579278598e+00 1.897113073e+00 7.846018489e-01 1.321456380e+00 1.452166522e+02 1.465110688e+02
4.155511022e+03 1.630525589e+00 1.948214889e+00 8.212091240e-01 1.355531973e+00 1.450462672e+02 1.463919797e+02
4.242084168e+03 1.683176229e+00 2.000204276e+00 8.587688655e-01 1.390285006e+00 1.448722243e+02 1.462702145e+02
4.328657315e+03 1.737246439e+00 2.053110711e+00 8.972961957e-01 1.425735294e+00 1.446944595e+02 1.461457197e+02
4.415230461e+03 1.792752755e+00 2.106963612e+00 9.368067083e-01 1.461902789e+00 1.445129080e+02 1.460184410e+02
4.501803607e+03 1.849712308e+00 2.161792353e+00 9.773164592e-01 1.498807589e+00 1.443275049e+02 1.458883235e+02
4.588376754e+03 1.908142805e+00 2.217626274e+00 1.018841959e+00 1.536469949e+00 1.441381847e+02 1.457553115e+02
4.674949900e+03 1.968062529e+00 2.274494677e+00 1.061400170e+00 1.574910280e+00 1.439448816e+02 1.456193487e+02
4.761523046e+03 2.029490294e+00 2.332426850e+00 1.105008492e+00 1.614149171e+00 1.437475297e+02 1.454803781e+02
4.848096192e+03 2.092445451e+00 2.391452062e+00 1.149684765e+00 1.654207382e+00 1.435460625e+02 1.453383418e+02
4.934669339e+03 2.156947845e+00 2.451599579e+00 1.195447251e+00 1.695105860e+00 1.433404137e+02 1.451931816e+02
5.021242485e+03 2.223017811e+00 2.512898660e+00 1.242314637e+00 1.736865736e+00 1.431305165e+02 1.450448385e+02
5.107815631e+03 2.290676146e+00 2.575378570e+00 1.290306021e+00 1.779508332e+00 1.429163044e+02 1.448932529e+02
5.194388778e+03 2.359944081e+00 2.639068579e+00 1.339440909e+00 1.823055173e+00 1.426977104e+02 1.447383644e+02
5.280961924e+03 2.430843282e+00 2.703997965e+00 1.389739209e+00 1.867527979e+00 1.424746678e+02 1.445801124e+02
5.367535070e+03 2.503395798e+00 2.770196019e+00 1.441221219e+00 1.912948678e+00 1.422471099e+02 1.444184354e+02
5.454108216e+03 2.577624060e+00 2.837692046e+00 1.493907625e+00 1.959339406e+00 1.420149701e+02 1.442532715e+02
5.540681363e+03 2.653550851e+00 2.906515361e+00 1.547819492e+00 2.006722507e+00 1.417781820e+02 1.440845583e+02
5.627254509e+03 2.731199275e+00 2.976695296e+00 1.602978252e+00 2.055120544e+00 1.415366793e+02 1.439122330e+02
5.713827655e+03 2.810592733e+00 3.048261186e+00 1.659405697e+00 2.104556291e+00 1.412903964e+02 1.437362321e+02
5.800400802e+03 2.891754909e+00 3.121242364e+00 1.717123974e+00 2.155052728e+00 1.410392676e+02 1.435564919e+02
5.886973948e+03 2.974709733e+00 3.195668161e+00 1.776155566e+00 2.206633051e+00 1.407832279e+02 1.433729481e+02
5.973547094e+03 3.059481360e+00 3.271567901e+00 1.836523296e+00 2.259320670e+00 1.405222128e+02 1.431855364e+02
6.060120240e+03 3.146094145e+00 3.348970899e+00 1.898250308e+00 2.313139209e+00 1.402561583e+02 1.429941917e+02
6.146693387e+03 3.234572622e+00 3.427906452e+00 1.961360067e+00 2.368112511e+00 1.399850012e+02 1.427988490e+02
6.233266533e+03 3.324941465e+00 3.508403838e+00 2.025876339e+00 2.424264636e+00 1.397086790e+02 1.425994430e+02
6.319839679e+03 3.417225469e+00 3.590492284e+00 2.091823182e+00 2.481619843e+00 1.394271299e+02 1.423959079e+02
6.406412826e+03 3.511449482e+00 3.674200955e+00 2.159224919e+00 2.540202591e+00 1.391402932e+02 1.421881782e+02
6.492985972e+03 3.607638425e+00 3.759558934e+00 2.228106149e+00 2.600037525e+00 1.388481090e+02 1.419761879e+02
6.579559118e+03 3.705817241e+00 3.846595228e+00 2.298491725e+00 2.661149489e+00 1.385505187e+02 1.417598713e+02
6.666132265e+03 3.806010870e+00 3.935338792e+00 2.370406740e+00 2.723563548e+00 1.382474647e+02 1.415391623e+02
6.752705411e+03 3.908244203e+00 4.025818438e+00 2.443876506e+00 2.787304927e+00 1.379388907e+02 1.413139952e+02
6.839278557e+03 4.012542059e+00 4.118062842e+00 2.518926550e+00 2.852399021e+00 1.376247419e+02 1.410843042e+02
6.925851703e+03 4.118929148e+00 4.212100544e+00 2.595582589e+00 2.918871405e+00 1.373049646e+02 1.408500237e+02
7.012424850e+03 4.227430036e+00 4.307959920e+00 2.673870518e+00 2.986747814e+00 1.369795071e+02 1.406110884e+02
7.098997996e+03 4.338069110e+00 4.405669149e+00 2.753816390e+00 3.056054130e+00 1.366483189e+02 1.403674333e+02
7.185571142e+03 4.450870544e+00 4.505256205e+00 2.835446399e+00 3.126816376e+00 1.363113516e+02 1.401189936e+02
7.272144289e+03 4.565858259e+00 4.606748830e+00 2.918786861e+00 3.199060708e+00 1.359685584e+02 1.398657050e+02
7.358717435e+03 4.683055885e+00 4.710174507e+00 3.003864194e+00 3.272813401e+00 1.356198946e+02 1.396075037e+02
7.445290581e+03 4.802486718e+00 4.815560434e+00 3.090704892e+00 3.348100830e+00 1.352653174e+02 1.393443266e+02
7.531863727e+03 4.924173714e+00 4.922933517e+00 3.179335523e+00 3.424949474e+00 1.349047862e+02 1.390761110e+02
7.618436874e+03 5.048139389e+00 5.032320309e+00 3.269782675e+00 3.503385880e+00 1.345382627e+02 1.388027951e+02
7.705010020e+03 5.174405845e+00 5.143747022e+00 3.362072969e+00 3.583436672e+00 1.341657109e+02 1.385243177e+02
7.791583166e+03 5.302994667e+00 5.257239453e+00 3.456232999e+00 3.665128510e+00 1.337870972e+02 1.382406187e+02
7.878156313e+03 5.433926934e+00 5.372822997e+00 3.552289337e+00 3.748488094e+00 1.334023907e+02 1.379516388e+02
7.964729459e+03 5.567223147e+00 5.490522589e+00 3.650268488e+00 3.833542132e+00 1.330115629e+02 1.376573197e+02
8.051302605e+03 5.702903180e+00 5.610362670e+00 3.750196861e+00 3.920317323e+00 1.326145882e+02 1.373576046e+02
8.137875752e+03 5.840986281e+00 5.732367190e+00 3.852100768e+00 4.008840353e+00 1.322114440e+02 1.370524373e+02
8.224448898e+03 5.981490970e+00 5.856559523e+00 3.956006354e+00 4.099137845e+00 1.318021105e+02 1.367417635e+02
8.311022044e+03 6.124435051e+00 5.982962484e+00 4.061939610e+00 4.191236373e+00 1.313865707e+02 1.364255299e+02
8.397595190e+03 6.269835560e+00 6.111598281e+00 4.169926333e+00 4.285162428e+00 1.309648112e+02 1.361036849e+02
8.484168337e+03 6.417708667e+00 6.242488444e+00 4.279992066e+00 4.380942379e+00 1.305368215e+02 1.357761784e+02
8.570741483e+03 6.568069634e+00 6.375653788e+00 4.392162073e+00 4.478602448e+00 1.301025945e+02 1.354429621e+02
8.657314629e+03 6.720932852e+00 6.511114436e+00 4.506461329e+00 4.578168706e+00 1.296621268e+02 1.351039894e+02
8.743887776e+03 6.876311769e+00 6.648889756e+00 4.622914479e+00 4.679667036e+00 1.292154180e+02 1.347592156e+02
8.830460922e+03 7.034218812e+00 6.788998312e+00 4.741545791e+00 4.783123099e+00 1.287624717e+02 1.344085979e+02
8.917034068e+03 7.194665376e+00 6.931457840e+00 4.862379124e+00 4.888562307e+00 1.283032948e+02 1.340520957e+02
9.003607214e+03 7.357661772e+00 7.076285210e+00 4.985437898e+00 4.996009797e+00 1.278378981e+02 1.336896704e+02
9.090180361e+03 7.523217165e+00 7.223496376e+00 5.110745061e+00 5.105490424e+00 1.273662963e+02 1.333212860e+02
9.176753507e+03 7.691339536e+00 7.373106334e+00 5.238323058e+00 5.217028734e+00 1.268885078e+02 1.329469086e+02
9.263326653e+03 7.862035644e+00 7.525129097e+00 5.368193787e+00 5.330648924e+00 1.264045550e+02 1.325665069e+02
9.349899800e+03 8.035311063e+00 7.679577698e+00 5.500378522e+00 5.446374706e+00 1.259144641e+02 1.321800521e+02
9.436472946e+03 8.211170016e+00 7.836464058e+00 5.634897918e+00 5.564229451e+00 1.254182657e+02 1.317875181e+02
9.523046092e+03 8.389615423e+00 7.995799037e+00 5.771771956e+00 5.684236026e+00 1.249159941e+02 1.313888816e+02
9.609619238e+03 8.570648828e+00 8.157592356e+00 5.911019907e+00 5.806416825e+00 1.244076879e+02 1.309841222e+02
9.696192385e+03 8.754270380e+00 8.321852579e+00 6.052660290e+00 5.930793701e+00 1.238933897e+02 1.305732225e+02
9.782765531e+03 8.940478789e+00 8.488587065e+00 6.196710829e+00 6.057387952e+00 1.233731465e+02 1.301561680e+02
9.869338677e+03 9.129271300e+00 8.657801941e+00 6.343188416e+00 6.186220279e+00 1.228470093e+02 1.297329475e+02
9.955911824e+03 9.320643661e+00 8.829502074e+00 6.492109064e+00 6.317310740e+00 1.223150333e+02 1.293035530e+02
1.004248497e+04 9.514590089e+00 9.003691029e+00 6.643487871e+00 6.450678725e+00 1.217772781e+02 1.288679797e+02
1.012905812e+04 9.711103250e+00 9.180371046e+00 6.797338974e+00 6.586342914e+00 1.212338072e+02 1.284262265e+02
1.021563126e+04 9.910174230e+00 9.359543005e+00 6.953675511e+00 6.724321243e+00 1.206846886e+02 1.279782955e+02
1.030220441e+04 1.011179251e+01 9.541206405e+00 7.112509580e+00 6.864630863e+00 1.201299942e+02 1.275241926e+02
1.038877756e+04 1.031594595e+01 9.725359328e+00 7.273852197e+00 7.007288105e+00 1.195698004e+02 1.270639271e+02
1.047535070e+04 1.052262077e+01 9.911998423e+00 7.437713256e+00 7.152308441e+00 1.190041874e+02 1.265975122e+02
1.056192385e+04 1.073180153e+01 1.010111888e+01 7.604101491e+00 7.299706446e+00 1.184332397e+02 1.261249648e+02
1.064849699e+04 1.094347111e+01 1.029271439e+01 7.773024432e+00 7.449495764e+00 1.178570458e+02 1.256463057e+02
1.073507014e+04 1.115761073e+01 1.048677718e+01 7.944488373e+00 7.601689067e+00 1.172756982e+02 1.251615595e+02
1.082164329e+04 1.137419988e+01 1.068329792e+01 8.118498330e+00 7.756298019e+00 1.166892932e+02 1.246707548e+02
1.090821643e+04 1.159321639e+01 1.088226575e+01 8.295058007e+00 7.913333239e+00 1.160979312e+02 1.241739242e+02
1.099478958e+04 1.181463638e+01 1.108366829e+01 8.474169759e+00 8.072804269e+00 1.155017162e+02 1.236711044e+02
1.108136273e+04 1.203843426e+01 1.128749157e+01 8.655834556e+00 8.234719531e+00 1.149007561e+02 1.231623360e+02
1.116793587e+04 1.226458275e+01 1.149372007e+01 8.840051955e+00 8.399086299e+00 1.142951622e+02 1.226476637e+02
1.125450902e+04 1.249305289e+01 1.170233667e+01 9.026820062e+00 8.565910662e+00 1.136850495e+02 1.221271365e+02
1.134108216e+04 1.272381403e+01 1.191332270e+01 9.216135508e+00 8.735197491e+00 1.130705363e+02 1.216008074e+02
1.142765531e+04 1.295683384e+01 1.212665789e+01 9.407993415e+00 8.906950405e+00 1.124517444e+02 1.210687335e+02
1.151422846e+04 1.319207836e+01 1.234232040e+01 9.602387375e+00 9.081171747e+00 1.118287984e+02 1.205309762e+02
1.160080160e+04 1.342951198e+01 1.256028681e+01 9.799309418e+00 9.257862542e+00 1.112018264e+02 1.199876008e+02
1.168737475e+04 1.366909748e+01 1.278053212e+01 9.998749998e+00 9.437022482e+00 1.105709593e+02 1.194386770e+02
1.177394790e+04 1.391079605e+01 1.300302979e+01 1.020069796e+01 9.618649888e+00 1.099363306e+02 1.188842783e+02
1.186052104e+04 1.415456733e+01 1.322775171e+01 1.040514055e+01 9.802741692e+00 1.092980768e+02 1.183244826e+02
1.194709419e+04 1.440036940e+01 1.345466824e+01 1.061206334e+01 9.989293407e+00 1.086563366e+02 1.177593716e+02
1.203366733e+04 1.464815888e+01 1.368374822e+01 1.082145029e+01 1.017829911e+01 1.080112513e+02 1.171890310e+02
1.212024048e+04 1.489789090e+01 1.391495902e+01 1.103328368e+01 1.036975141e+01 1.073629644e+02 1.166135507e+02
1.220681363e+04 1.514951919e+01 1.414826649e+01 1.124754411e+01 1.056364146e+01 1.067116212e+02 1.160330242e+02
1.229338677e+04 1.540299609e+01 1.438363505e+01 1.146421054e+01 1.075995890e+01 1.060573693e+02 1.154475491e+02
1.237995992e+04 1.565827261e+01 1.462102771e+01 1.168326021e+01 1.095869186e+01 1.054003576e+02 1.148572265e+02
1.246653307e+04 1.591529846e+01 1.486040606e+01 1.190466871e+01 1.115982696e+01 1.047407370e+02 1.142621614e+02
1.255310621e+04 1.617402215e+01 1.510173036e+01 1.212840992e+01 1.136334928e+01 1.040786594e+02 1.136624622e+02
1.263967936e+04 1.643439096e+01 1.534495952e+01 1.235445608e+01 1.156924238e+01 1.034142782e+02 1.130582411e+02
1.272625251e+04 1.669635107e+01 1.559005118e+01 1.258277776e+01 1.177748825e+01 1.027477476e+02 1.124496135e+02
1.281282565e+04 1.695984758e+01 1.583696172e+01 1.281334385e+01 1.198806735e+01 1.020792230e+02 1.118366980e+02
1.289939880e+04 1.722482458e+01 1.608564635e+01 1.304612163e+01 1.220095859e+01 1.014088603e+02 1.112196167e+02
1.298597194e+04 1.749122518e+01 1.633605907e+01 1.328107675e+01 1.241613934e+01 1.007368158e+02 1.105984944e+02
1.307254509e+04 1.775899164e+01 1.658815281e+01 1.351817324e+01 1.263358541e+01 1.000632464e+02 1.099734593e+02
1.315911824e+04 1.802806537e+01 1.684187941e+01 1.375737358e+01 1.285327111e+01 9.938830904e+01 1.093446420e+02
1.324569138e+04 1.829838701e+01 1.709718972e+01 1.399863868e+01 1.307516920e+01 9.871216073e+01 1.087121760e+02
1.333226453e+04 1.856989651e+01 1.735403360e+01 1.424192793e+01 1.329925094e+01 9.803495829e+01 1.080761972e+02
1.341883768e+04 1.884253320e+01 1.761236002e+01 1.448719921e+01 1.352548609e+01 9.735685821e+01 1.074368442e+02
1.350541082e+04 1.911623583e+01 1.787211709e+01 1.473440898e+01 1.375384296e+01 9.667801647e+01 1.067942575e+02
1.359198397e+04 1.939094268e+01 1.813325213e+01 1.498351225e+01 1.398428837e+01 9.599858841e+01 1.061485799e+02
1.367855711e+04 1.966659159e+01 1.839571171e+01 1.523446267e+01 1.421678772e+01 9.531872854e+01 1.054999560e+02
1.376513026e+04 1.994312004e+01 1.865944174e+01 1.548721252e+01 1.445130501e+01 9.463859039e+01 1.048485324e+02
1.385170341e+04 2.022046525e+01 1.892438747e+01 1.574171283e+01 1.468780287e+01 9.395832637e+01 1.041944570e+02
1.393827655e+04 2.049856420e+01 1.919049363e+01 1.599791337e+01 1.492624255e+01 9.327808762e+01 1.035378795e+02
1.402484970e+04 2.077735375e+01 1.945770442e+01 1.625576272e+01 1.516658403e+01 9.259802382e+01 1.028789506e+02
1.411142285e+04 2.105677065e+01 1.972596360e+01 1.651520831e+01 1.540878598e+01 9.191828313e+01 1.022178222e+02
1.419799599e+04 2.133675167e+01 1.999521458e+01 1.677619650e+01 1.565280585e+01 9.123901200e+01 1.015546472e+02
1.428456914e+04 2.161723364e+01 2.026540040e+01 1.703867261e+01 1.589859988e+01 9.056035505e+01 1.008895793e+02
1.437114228e+04 2.189815349e+01 2.053646390e+01 1.730258100e+01 1.614612315e+01 8.988245496e+01 1.002227727e+02
1.445771543e+04 2.217944837e+01 2.080834767e+01 1.756786512e+01 1.639532966e+01 8.920545232e+01 9.955438209e+01
1.454428858e+04 2.246105568e+01 2.108099421e+01 1.783446756e+01 1.664617230e+01 8.852948558e+01 9.888456234e+01
1.463086172e+04 2.274291313e+01 2.135434592e+01 1.810233015e+01 1.689860296e+01 8.785469087e+01 9.821346853e+01
1.471743487e+04 2.302495882e+01 2.162834518e+01 1.837139397e+01 1.715257259e+01 8.718120195e+01 9.754125558e+01
1.480400802e+04 2.330713129e+01 2.190293442e+01 1.864159948e+01 1.740803120e+01 8.650915009e+01 9.686807821e+01
1.489058116e+04 2.358936958e+01 2.217805618e+01 1.891288652e+01 1.766492792e+01 8.583866398e+01 9.619409072e+01
1.497715431e+04 2.387161331e+01 2.245365315e+01 1.918519443e+01 1.792321111e+01 8.516986968e+01 9.551944684e+01
1.506372745e+04 2.415380267e+01 2.272966822e+01 1.945846209e+01 1.818282835e+01 8.450289051e+01 9.484429959e+01
1.515030060e+04 2.443587855e+01 2.300604456e+01 1.973262800e+01 1.844372655e+01 8.383784697e+01 9.416880106e+01
1.523687375e+04 2.471778255e+01 2.328272568e+01 2.000763034e+01 1.870585197e+01 8.317485672e+01 9.349310237e+01
1.532344689e+04 2.499945702e+01 2.355965542e+01 2.028340705e+01 1.896915027e+01 8.251403448e+01 9.281735340e+01
1.541002004e+04 2.528084515e+01 2.383677808e+01 2.055989588e+01 1.923356663e+01 8.185549201e+01 9.214170276e+01
1.549659319e+04 2.556189096e+01 2.411403842e+01 2.083703447e+01 1.949904573e+01 8.119933804e+01 9.146629754e+01
1.558316633e+04 2.584253937e+01 2.439138170e+01 2.111476042e+01 1.976553188e+01 8.054567825e+01 9.079128329e+01
1.566973948e+04 2.612273626e+01 2.466875379e+01 2.139301136e+01 2.003296903e+01 7.989461521e+01 9.011680378e+01
1.575631263e+04 2.640242846e+01 2.494610112e+01 2.167172500e+01 2.030130085e+01 7.924624837e+01 8.944300097e+01
1.584288577e+04 2.668156382e+01 2.522337079e+01 2.195083920e+01 2.057047080e+01 7.860067405e+01 8.877001481e+01
1.592945892e+04 2.696009123e+01 2.550051060e+01 2.223029204e+01 2.084042215e+01 7.795798539e+01 8.809798319e+01
1.601603206e+04 2.723796066e+01 2.577746905e+01 2.251002189e+01 2.111109810e+01 7.731827236e+01 8.742704181e+01
1.610260521e+04 2.751512316e+01 2.605419544e+01 2.278996745e+01 2.138244179e+01 7.668162175e+01 8.675732405e+01
1.618917836e+04 2.779153092e+01 2.633063982e+01 2.307006784e+01 2.165439637e+01 7.604811715e+01 8.608896092e+01
1.627575150e+04 2.806713728e+01 2.660675312e+01 2.335026263e+01 2.192690506e+01 7.541783900e+01 8.542208095e+01
1.636232465e+04 2.834189673e+01 2.688248708e+01 2.363049190e+01 2.219991121e+01 7.479086453e+01 8.475681008e+01
1.644889780e+04 2.861576495e+01 2.715779437e+01 2.391069631e+01 2.247335837e+01 7.416726782e+01 8.409327163e+01
1.653547094e+04 2.888869884e+01 2.743262854e+01 2.419081716e+01 2.274719029e+01 7.354711982e+01 8.343158619e+01
1.662204409e+04 2.916065649e+01 2.770694409e+01 2.447079640e+01 2.302135104e+01 7.293048833e+01 8.277187157e+01
1.670861723e+04 2.943159723e+01 2.798069647e+01 2.475057673e+01 2.329578500e+01 7.231743805e+01 8.211424273e+01
1.679519038e+04 2.970148161e+01 2.825384213e+01 2.503010161e+01 2.357043698e+01 7.170803063e+01 8.145881174e+01
1.688176353e+04 2.997027144e+01 2.852633848e+01 2.530931532e+01 2.384525220e+01 7.110232463e+01 8.080568771e+01
1.696833667e+04 3.023792976e+01 2.879814397e+01 2.558816301e+01 2.412017637e+01 7.050037565e+01 8.015497677e+01
1.705490982e+04 3.050442083e+01 2.906921803e+01 2.586659067e+01 2.439515572e+01 6.990223635e+01 7.950678211e+01
1.714148297e+04 3.076971030e+01 2.933952126e+01 2.614454538e+01 2.467013711e+01 6.930795618e+01 7.886120352e+01
1.722805611e+04 3.103376490e+01 2.960901515e+01 2.642197505e+01 2.494506798e+01 6.871758203e+01 7.821833809e+01
1.731462926e+04 3.129655270e+01 2.987766233e+01 2.669882866e+01 2.521989642e+01 6.813115782e+01 7.757827964e+01
1.740120240e+04 3.155804293e+01 3.014542644e+01 2.697505617e+01 2.549457122e+01 6.754872475e+01 7.694111900e+01
1.748777555e+04 3.181820611e+01 3.041227221e+01 2.725060863e+01 2.576904186e+01 6.697032120e+01 7.630694375e+01
1.757434870e+04 3.207701401e+01 3.067816546e+01 2.752543822e+01 2.604325867e+01 6.639598283e+01 7.567583834e+01
1.766092184e+04 3.233443958e+01 3.094307308e+01 2.779949821e+01 2.631717271e+01 6.582574269e+01 7.504788411e+01
1.774749499e+04 3.259045699e+01 3.120696301e+01 2.807274300e+01 2.659073591e+01 6.525963123e+01 7.442315927e+01
1.783406814e+04 3.284504162e+01 3.146980428e+01 2.834512814e+01 2.686390102e+01 6.469767637e+01 7.380173890e+01
1.792064128e+04 3.309816998e+01 3.173156696e+01 2.861661034e+01 2.713662168e+01 6.413990362e+01 7.318369507e+01
1.800721443e+04 3.334981981e+01 3.199222222e+01 2.888714752e+01 2.740885244e+01 6.358633599e+01 7.256909664e+01
1.809378758e+04 3.359996998e+01 3.225174230e+01 2.915669883e+01 2.768054881e+01 6.303699410e+01 7.195800940e+01
1.818036072e+04 3.384860054e+01 3.251010047e+01 2.942522459e+01 2.795166724e+01 6.249189629e+01 7.135049610e+01
1.826693387e+04 3.409569261e+01 3.276727107e+01 2.969268636e+01 2.822216513e+01 6.195105870e+01 7.074661650e+01
1.835350701e+04 3.434122839e+01 3.302322943e+01 2.995904688e+01 2.849200086e+01 6.141449530e+01 7.014642746e+01
1.844008016e+04 3.458519122e+01 3.327795194e+01 3.022427014e+01 2.876113383e+01 6.088221791e+01 6.954998277e+01
1.852665331e+04 3.482756553e+01 3.353141606e+01 3.048832143e+01 2.902952449e+01 6.035423620e+01 6.895733323e+01
1.861322645e+04 3.506833668e+01 3.378360012e+01 3.075116711e+01 2.929713420e+01 5.983055807e+01 6.836852707e+01
1.869979960e+04 3.530749105e+01 3.403448348e+01 3.101277480e+01 2.956392536e+01 5.931118946e+01 6.778360969e+01
1.878637275e+04 3.554501623e+01 3.428404665e+01 3.127311354e+01 2.982986160e+01 5.879613409e+01 6.720262317e+01
1.887294589e+04 3.578090063e+01 3.453227095e+01 3.153215342e+01 3.009490744e+01 5.828539411e+01 6.662560725e+01
1.895951904e+04 3.601513371e+01 3.477913876e+01 3.178986584e+01 3.035902853e+01 5.777896981e+01 6.605259878e+01
1.904609218e+04 3.624770575e+01 3.502463327e+01 3.204622335e+01 3.062219154e+01 5.727685994e+01 6.548363224e+01
1.913266533e+04 3.647860797e+01 3.526873865e+01 3.230119970e+01 3.088436423e+01 5.677906153e+01 6.491873939e+01
1.921923848e+04 3.670783252e+01 3.551143995e+01 3.255476979e+01 3.114551532e+01 5.628557007e+01 6.435794950e+01
1.930581162e+04 3.693537243e+01 3.575272320e+01 3.280690976e+01 3.140561468e+01 5.579637940e+01 6.380128920e+01
1.939238477e+04 3.716122157e+01 3.599257521e+01 3.305759688e+01 3.166463319e+01 5.531148202e+01 6.324878284e+01
1.947895792e+04 3.738537458e+01 3.623098367e+01 3.330680956e+01 3.192254280e+01 5.483086900e+01 6.270045243e+01
1.956553106e+04 3.760782689e+01 3.646793706e+01 3.355452731e+01 3.217931644e+01 5.435453010e+01 6.215631769e+01
1.965210421e+04 3.782857476e+01 3.670342472e+01 3.380073079e+01 3.243492811e+01 5.388245372e+01 6.161639605e+01
1.973867735e+04 3.804761519e+01 3.693743682e+01 3.404540176e+01 3.268935287e+01 5.341462703e+01 6.108070271e+01
1.982525050e+04 3.826494589e+01 3.716996426e+01 3.428852307e+01 3.294256676e+01 5.295103601e+01 6.054925077e+01
1.991182365e+04 3.848056528e+01 3.740099874e+01 3.453007861e+01 3.319454686e+01 5.249166548e+01 6.002205126e+01
1.999839679e+04 3.869447248e+01 3.763053267e+01 3.477005333e+01 3.344527123e+01 5.203649922e+01 5.949911320e+01
2.008496994e+04 3.890666724e+01 3.785855920e+01 3.500843316e+01 3.369471889e+01 5.158551994e+01 5.898044371e+01
2.017154309e+04 3.911714992e+01 3.808507215e+01 3.524520502e+01 3.394286981e+01 5.113870942e+01 5.846604807e+01
2.025811623e+04 3.932592155e+01 3.831006607e+01 3.548035686e+01 3.418970499e+01 5.069604843e+01 5.795592959e+01
2.034468938e+04 3.953298378e+01 3.853353622e+01 3.571387766e+01 3.443520643e+01 5.025751678e+01 5.745008973e+01
2.043126253e+04 3.973833884e+01 3.875547850e+01 3.594575727e+01 3.467935701e+01 4.982309349e+01 5.694852834e+01
2.051783567e+04 3.994198941e+01 3.897588937e+01 3.617598643e+01 3.492214048e+01 4.939275680e+01 5.645124364e+01
2.060440882e+04 4.014393872e+01 3.919476590e+01 3.640455676e+01 3.516354151e+01 4.896648418e+01 5.595823228e+01
2.069098196e+04 4.034419050e+01 3.941210576e+01 3.663146072e+01 3.540354562e+01 4.854425240e+01 5.546948943e+01
2.077755511e+04 4.054274912e+01 3.962790734e+01 3.685669185e+01 3.564213940e+01 4.812603740e+01 5.498500839e+01
2.086412826e+04 4.073961925e+01 3.984216942e+01 3.708024422e+01 3.587931003e+01 4.771181469e+01 5.450478155e+01
2.095070140e+04 4.093480606e+01 4.005489135e+01 3.730211284e+01 3.611504565e+01 4.730155905e+01 5.402879965e+01
2.103727455e+04 4.112831511e+01 4.026607303e+01 3.752229346e+01 3.634933519e+01 4.689524474e+01 5.355705218e+01
2.112384770e+04 4.132015245e+01 4.047571484e+01 3.774078261e+01 3.658216838e+01 4.649284546e+01 5.308952737e+01
2.121042084e+04 4.151032446e+01 4.068381769e+01 3.795757756e+01 3.681353576e+01 4.609433445e+01 5.262621221e+01
2.129699399e+04 4.169883792e+01 4.089038293e+01 3.817267627e+01 3.704342862e+01 4.569968444e+01 5.216709254e+01
2.138356713e+04 4.188569995e+01 4.109541234e+01 3.838607740e+01 3.727183896e+01 4.530886778e+01 5.171215311e+01
2.147014028e+04 4.207091803e+01 4.129890817e+01 3.859778025e+01 3.749875954e+01 4.492185640e+01 5.126137759e+01
2.155671343e+04 4.225449994e+01 4.150087309e+01 3.880778481e+01 3.772418383e+01 4.453862185e+01 5.081474864e+01
2.164328657e+04 4.243645379e+01 4.170131017e+01 3.901609166e+01 3.794810600e+01 4.415913536e+01 5.037224794e+01
2.172985972e+04 4.261678795e+01 4.190022286e+01 3.922270200e+01 3.817052086e+01 4.378336785e+01 4.993385626e+01
2.181643287e+04 4.279551110e+01 4.209761498e+01 3.942761758e+01 3.839142390e+01 4.341128996e+01 4.949955353e+01
2.190300601e+04 4.297263215e+01 4.229349073e+01 3.963084071e+01 3.861081121e+01 4.304287207e+01 4.906931883e+01
2.198957916e+04 4.314816026e+01 4.248785461e+01 3.983237426e+01 3.882867952e+01 4.267808435e+01 4.864313044e+01
2.207615230e+04 4.332210484e+01 4.268071151e+01 4.003222161e+01 3.904502618e+01 4.231689674e+01 4.822096591e+01
2.216272545e+04 4.349447550e+01 4.287206659e+01 4.023038662e+01 3.925984908e+01 4.195927901e+01 4.780280209e+01
2.224929860e+04 4.366528207e+01 4.306192533e+01 4.042687364e+01 3.947314669e+01 4.160520078e+01 4.738861515e+01
2.233587174e+04 4.383453454e+01 4.325029348e+01 4.062168746e+01 3.968491801e+01 4.125463154e+01 4.697838066e+01
2.242244489e+04 4.400224310e+01 4.343717708e+01 4.081483332e+01 3.989516258e+01 4.090754064e+01 4.657207359e+01
2.250901804e+04 4.416841812e+01 4.362258243e+01 4.100631687e+01 4.010388046e+01 4.056389735e+01 4.616966838e+01
2.259559118e+04 4.433307011e+01 4.380651608e+01 4.119614417e+01 4.031107217e+01 4.022367088e+01 4.577113891e+01
2.268216433e+04 4.449620971e+01 4.398898481e+01 4.138432165e+01 4.051673873e+01 3.988683036e+01 4.537645860e+01
2.276873747e+04 4.465784771e+01 4.416999564e+01 4.157085611e+01 4.072088162e+01 3.955334490e+01 4.498560045e+01
2.285531062e+04 4.481799502e+01 4.434955578e+01 4.175575470e+01 4.092350273e+01 3.922318357e+01 4.459853702e+01
2.294188377e+04 4.497666265e+01 4.452767266e+01 4.193902489e+01 4.112460442e+01 3.889631545e+01 4.421524047e+01
2.302845691e+04 4.513386174e+01 4.470435390e+01 4.212067447e+01 4.132418942e+01 3.857270962e+01 4.383568264e+01
2.311503006e+04 4.528960350e+01 4.487960731e+01 4.230071153e+01 4.152226088e+01 3.825233519e+01 4.345983500e+01
2.320160321e+04 4.544389921e+01 4.505344085e+01 4.247914444e+01 4.171882233e+01 3.793516130e+01 4.308766876e+01
2.328817635e+04 4.559676026e+01 4.522586265e+01 4.265598184e+01 4.191387765e+01 3.762115717e+01 4.271915485e+01
2.337474950e+04 4.574819808e+01 4.539688100e+01 4.283123262e+01 4.210743105e+01 3.731029204e+01 4.235426394e+01
2.346132265e+04 4.589822417e+01 4.556650432e+01 4.300490590e+01 4.229948713e+01 3.700253526e+01 4.199296649e+01
2.354789579e+04 4.604685007e+01 4.573474118e+01 4.317701105e+01 4.249005076e+01 3.669785626e+01 4.163523277e+01
2.363446894e+04 4.619408738e+01 4.590160025e+01 4.334755762e+01 4.267912715e+01 3.639622457e+01 4.128103285e+01
2.372104208e+04 4.633994771e+01 4.606709034e+01 4.351655538e+01 4.286672179e+01 3.609760983e+01 4.093033668e+01
2.380761523e+04 4.648444273e+01 4.623122035e+01 4.368401428e+01 4.305284044e+01 3.580198179e+01 4.058311407e+01
2.389418838e+04 4.662758411e+01 4.639399929e+01 4.384994444e+01 4.323748914e+01 3.550931035e+01 4.023933471e+01
2.398076152e+04 4.676938353e+01 4.655543626e+01 4.401435615e+01 4.342067418e+01 3.521956552e+01 3.989896821e+01
2.406733467e+04 4.690985271e+01 4.671554044e+01 4.417725983e+01 4.360240211e+01 3.493271749e+01 3.956198411e+01
2.415390782e+04 4.704900334e+01 4.687432109e+01 4.433866607e+01 4.378267969e+01 3.464873656e+01 3.922835188e+01
2.424048096e+04 4.718684714e+01 4.703178754e+01 4.449858557e+01 4.396151390e+01 3.436759323e+01 3.889804099e+01
2.432705411e+04 4.732339578e+01 4.718794920e+01 4.465702914e+01 4.413891194e+01 3.408925816e+01 3.857102085e+01
2.441362725e+04 4.745866097e+01 4.734281551e+01 4.481400772e+01 4.431488121e+01 3.381370217e+01 3.824726089e+01
2.450020040e+04 4.759265436e+01 4.749639597e+01 4.496953234e+01 4.448942928e+01 3.354089626e+01 3.792673056e+01
2.458677355e+04 4.772538761e+01 4.764870015e+01 4.512361410e+01 4.466256391e+01 3.327081164e+01 3.760939931e+01
2.467334669e+04 4.785687233e+01 4.779973762e+01 4.527626421e+01 4.483429302e+01 3.300341969e+01 3.729523665e+01
2.475991984e+04 4.798712012e+01 4.794951802e+01 4.542749394e+01 4.500462470e+01 3.273869200e+01 3.698421214e+01
2.484649299e+04 4.811614253e+01 4.809805100e+01 4.557731463e+01 4.517356716e+01 3.247660035e+01 3.667629539e+01
2.493306613e+04 4.824395108e+01 4.824534623e+01 4.572573765e+01 4.534112877e+01 3.221711673e+01 3.637145611e+01
2.501963928e+04 4.837055725e+01 4.839141341e+01 4.587277445e+01 4.550731804e+01 3.196021334e+01 3.606966408e+01
2.510621242e+04 4.849597247e+01 4.853626226e+01 4.601843651e+01 4.567214357e+01 3.170586260e+01 3.577088919e+01
2.519278557e+04 4.862020814e+01 4.867990249e+01 4.616273534e+01 4.583561409e+01 3.145403712e+01 3.547510144e+01
2.527935872e+04 4.874327557e+01 4.882234383e+01 4.630568247e+01 4.599773843e+01 3.120470977e+01 3.518227094e+01
2.536593186e+04 4.886518606e+01 4.896359601e+01 4.644728947e+01 4.615852554e+01 3.095785360e+01 3.489236793e+01
2.545250501e+04 4.898595083e+01 4.910366875e+01 4.658756792e+01 4.631798441e+01 3.071344193e+01 3.460536280e+01
2.553907816e+04 4.910558105e+01 4.924257178e+01 4.672652939e+01 4.647612416e+01 3.047144826e+01 3.432122607e+01
2.562565130e+04 4.922408782e+01 4.938031480e+01 4.686418548e+01 4.663295397e+01 3.023184635e+01 3.403992841e+01
2.571222445e+04 4.934148218e+01 4.951690750e+01 4.700054776e+01 4.678848307e+01 2.999461019e+01 3.376144067e+01
2.579879760e+04 4.945777511e+01 4.965235958e+01 4.713562781e+01 4.694272078e+01 2.975971399e+01 3.348573384e+01
2.588537074e+04 4.957297752e+01 4.978668068e+01 4.726943720e+01 4.709567645e+01 2.952713219e+01 3.321277909e+01
2.597194389e+04 4.968710025e+01 4.991988045e+01 4.740198746e+01 4.724735950e+01 2.929683947e+01 3.294254779e+01
2.605851703e+04 4.980015406e+01 5.005196849e+01 4.753329013e+01 4.739777940e+01 2.906881077e+01 3.267501146e+01
2.614509018e+04 4.991214965e+01 5.018295440e+01 4.766335671e+01 4.754694562e+01 2.884302123e+01 3.241014184e+01
2.623166333e+04 5.002309764e+01 5.031284771e+01 4.779219865e+01 4.769486771e+01 2.861944626e+01 3.214791086e+01
2.631823647e+04 5.013300858e+01 5.044165794e+01 4.791982740e+01 4.784155520e+01 2.839806146e+01 3.188829061e+01
2.640480962e+04 5.024189294e+01 5.056939459e+01 4.804625435e+01 4.798701770e+01 2.817884272e+01 3.163125343e+01
2.649138277e+04 5.034976110e+01 5.069606709e+01 4.817149087e+01 4.813126478e+01 2.796176615e+01 3.137677185e+01
2.657795591e+04 5.045662338e+01 5.082168485e+01 4.829554825e+01 4.827430607e+01 2.774680809e+01 3.112481860e+01
2.666452906e+04 5.056249001e+01 5.094625724e+01 4.841843776e+01 4.841615117e+01 2.753394512e+01 3.087536664e+01
2.675110220e+04 5.066737114e+01 5.106979355e+01 4.854017061e+01 4.855680972e+01 2.732315406e+01 3.062838913e+01
2.683767535e+04 5.077127684e+01 5.119230308e+01 4.866075797e+01 4.869629134e+01 2.711441199e+01 3.038385948e+01
2.692424850e+04 5.087421710e+01 5.131379504e+01 4.878021094e+01 4.883460565e+01 2.690769618e+01 3.014175127e+01
2.701082164e+04 5.097620182e+01 5.143427861e+01 4.889854057e+01 4.897176227e+01 2.670298418e+01 2.990203834e+01
2.709739479e+04 5.107724081e+01 5.155376292e+01 4.901575784e+01 4.910777080e+01 2.650025375e+01 2.966469476e+01
2.718396794e+04 5.117734382e+01 5.167225702e+01 4.913187366e+01 4.924264083e+01 2.629948291e+01 2.942969482e+01
2.727054108e+04 5.127652049e+01 5.178976996e+01 4.924689890e+01 4.937638194e+01 2.610064986e+01 2.919701301e+01
2.735711423e+04 5.137478038e+01 5.190631067e+01 4.936084435e+01 4.950900368e+01 2.590373313e+01 2.896662410e+01
2.744368737e+04 5.147213299e+01 5.202188809e+01 4.947372073e+01 4.964051558e+01 2.570871137e+01 2.873850306e+01
2.753026052e+04 5.156858771e+01 5.213651106e+01 4.958553869e+01 4.977092716e+01 2.551556353e+01 2.851262509e+01
2.761683367e+04 5.166415384e+01 5.225018837e+01 4.969630881e+01 4.990024788e+01 2.532426881e+01 2.828896565e+01
2.770340681e+04 5.175884061e+01 5.236292876e+01 4.980604160e+01 5.002848720e+01 2.513480655e+01 2.806750040e+01
2.778997996e+04 5.185265715e+01 5.247474090e+01 4.991474748e+01 5.015565452e+01 2.494715641e+01 2.784820527e+01
2.787655311e+04 5.194561250e+01 5.258563340e+01 5.002243680e+01 5.028175922e+01 2.476129823e+01 2.763105640e+01
2.796312625e+04 5.203771566e+01 5.269561482e+01 5.012911986e+01 5.040681065e+01 2.457721205e+01 2.741603015e+01
2.804969940e+04 5.212897547e+01 5.280469365e+01 5.023480684e+01 5.053081811e+01 2.439487822e+01 2.720310318e+01
2.813627255e+04 5.221940076e+01 5.291287833e+01 5.033950789e+01 5.065379086e+01 2.421427719e+01 2.699225228e+01
2.822284569e+04 5.230900021e+01 5.302017722e+01 5.044323302e+01 5.077573810e+01 2.403538976e+01 2.678345459e+01
2.830941884e+04 5.239778245e+01 5.312659861e+01 5.054599220e+01 5.089666901e+01 2.385819685e+01 2.657668740e+01
2.839599198e+04 5.248575602e+01 5.323215075e+01 5.064779531e+01 5.101659272e+01 2.368267962e+01 2.637192826e+01
2.848256513e+04 5.257292936e+01 5.333684180e+01 5.074865213e+01 5.113551828e+01 2.350881950e+01 2.616915498e+01
2.856913828e+04 5.265931085e+01 5.344067988e+01 5.084857240e+01 5.125345473e+01 2.333659804e+01 2.596834555e+01
2.865571142e+04 5.274490876e+01 5.354367303e+01 5.094756572e+01 5.137041104e+01 2.316599710e+01 2.576947825e+01
2.874228457e+04 5.282973130e+01 5.364582923e+01 5.104564167e+01 5.148639613e+01 2.299699867e+01 2.557253154e+01
2.882885772e+04 5.291378657e+01 5.374715639e+01 5.114280969e+01 5.160141886e+01 2.282958498e+01 2.537748413e+01
2.891543086e+04 5.299708260e+01 5.384766235e+01 5.123907915e+01 5.171548803e+01 2.266373849e+01 2.518431500e+01
2.900200401e+04 5.307962735e+01 5.394735490e+01 5.133445937e+01 5.182861242e+01 2.249944182e+01 2.499300326e+01
2.908857715e+04 5.316142867e+01 5.404624175e+01 5.142895954e+01 5.194080070e+01 2.233667781e+01 2.480352833e+01
2.917515030e+04 5.324249438e+01 5.414433056e+01 5.152258881e+01 5.205206154e+01 2.217542946e+01 2.461586978e+01
2.926172345e+04 5.332283215e+01 5.424162891e+01 5.161535621e+01 5.216240350e+01 2.201568005e+01 2.443000749e+01
2.934829659e+04 5.340244959e+01 5.433814430e+01 5.170727067e+01 5.227183510e+01 2.185741306e+01 2.424592156e+01
2.943486974e+04 5.348135426e+01 5.443388419e+01 5.179834110e+01 5.238036482e+01 2.170061208e+01 2.406359226e+01
2.952144289e+04 5.355955362e+01 5.452885597e+01 5.188857626e+01 5.248800105e+01 2.154526098e+01 2.388300012e+01
2.960801603e+04 5.363705502e+01 5.462306693e+01 5.197798484e+01 5.259475209e+01 2.139134375e+01 2.370412585e+01
2.969458918e+04 5.371386574e+01 5.471652431e+01 5.206657543e+01 5.270062621e+01 2.123884461e+01 2.352695039e+01
2.978116232e+04 5.378999307e+01 5.480923533e+01 5.215435660e+01 5.280563165e+01 2.108774784e+01 2.335145477e+01
2.986773547e+04 5.386544402e+01 5.490120701e+01 5.224133670e+01 5.290977647e+01 2.093803833e+01 2.317762075e+01
2.995430862e+04 5.394022579e+01 5.499244653e+01 5.232752422e+01 5.301306888e+01 2.078970055e+01 2.300542955e+01
3.004088176e+04 5.401434534e+01 5.508296085e+01 5.241292741e+01 5.311551687e+01 2.064271955e+01 2.283486307e+01
3.012745491e+04 5.408780957e+01 5.517275687e+01 5.249755445e+01 5.321712838e+01 2.049708044e+01 2.266590334e+01
3.021402806e+04 5.416062531e+01 5.526184143e+01 5.258141344e+01 5.331791128e+01 2.035276854e+01 2.249853254e+01
3.030060120e+04 5.423279932e+01 5.535022135e+01 5.266451241e+01 5.341787341e+01 2.020976931e+01 2.233273311e+01
3.038717435e+04 5.430433830e+01 5.543790335e+01 5.274685931e+01 5.351702254e+01 2.006806841e+01 2.216848766e+01
3.047374749e+04 5.437524885e+01 5.552489408e+01 5.282846201e+01 5.361536635e+01 1.992765167e+01 2.200577902e+01
3.056032064e+04 5.444553751e+01 5.561120015e+01 5.290932828e+01 5.371291248e+01 1.978850508e+01 2.184459021e+01
3.064689379e+04 5.451521076e+01 5.569682810e+01 5.298946582e+01 5.380966849e+01 1.965061480e+01 2.168490444e+01
3.073346693e+04 5.458427499e+01 5.578178439e+01 5.306888227e+01 5.390564189e+01 1.951396716e+01 2.152670513e+01
3.082004008e+04 5.465273653e+01 5.586607544e+01 5.314758516e+01 5.400084010e+01 1.937854866e+01 2.136997588e+01
3.090661323e+04 5.472060162e+01 5.594970759e+01 5.322558194e+01 5.409527048e+01 1.924434595e+01 2.121470051e+01
3.099318637e+04 5.478787645e+01 5.603268712e+01 5.330287999e+01 5.418894035e+01 1.911134583e+01 2.106086300e+01
3.107975952e+04 5.485456713e+01 5.611502025e+01 5.337948660e+01 5.428185692e+01 1.897953529e+01 2.090844752e+01
3.116633267e+04 5.492067972e+01 5.619671315e+01 5.345540902e+01 5.437402738e+01 1.884890145e+01 2.075743844e+01
3.125290581e+04 5.498622022e+01 5.627777194e+01 5.353065442e+01 5.446545887e+01 1.871943159e+01 2.060782031e+01
3.133947896e+04 5.505119452e+01 5.635820265e+01 5.360522986e+01 5.455615843e+01 1.859111319e+01 2.045957791e+01
3.142605210e+04 5.511560849e+01 5.643801127e+01 5.367914234e+01 5.464613305e+01 1.846393386e+01 2.031269617e+01
3.151262525e+04 5.517946787e+01 5.651720369e+01 5.375239873e+01 5.473538959e+01 1.833788130e+01 2.016716014e+01
3.159919840e+04 5.524277838e+01 5.659578576e+01 5.382500589e+01 5.482393490e+01 1.821294342e+01 2.002295511e+01
3.168577154e+04 5.530554567e+01 5.667376328e+01 5.389697057e+01 5.491177577e+01 1.808910823e+01 1.988006653e+01
3.177234469e+04 5.536777532e+01 5.675114200e+01 5.396829948e+01 5.499891891e+01 1.796636394e+01 1.973848003e+01
3.185891784e+04 5.542947286e+01 5.682792760e+01 5.403899922e+01 5.508537098e+01 1.784469886e+01 1.959818140e+01
3.194549098e+04 5.549064376e+01 5.690412571e+01 5.410907636e+01 5.517113859e+01 1.772410144e+01 1.945915659e+01
3.203206413e+04 5.555129342e+01 5.697974190e+01 5.417853737e+01 5.525622826e+01 1.760456030e+01 1.932139174e+01
3.211863727e+04 5.561142716e+01 5.705478168e+01 5.424738864e+01 5.534064645e+01 1.748606417e+01 1.918487315e+01
3.220521042e+04 5.567105027e+01 5.712925050e+01 5.431563652e+01 5.542439958e+01 1.736860193e+01 1.904958729e+01
3.229178357e+04 5.573016797e+01 5.720315377e+01 5.438328727e+01 5.550749398e+01 1.725216259e+01 1.891552076e+01
3.237835671e+04 5.578878541e+01 5.727649683e+01 5.445034707e+01 5.558993595e+01 1.713673529e+01 1.878266037e+01
3.246492986e+04 5.584690768e+01 5.734928495e+01 5.451682205e+01 5.567173168e+01 1.702230931e+01 1.865099306e+01
3.255150301e+04 5.590453985e+01 5.742152339e+01 5.458271827e+01 5.575288735e+01 1.690887404e+01 1.852050591e+01
3.263807615e+04 5.596168689e+01 5.749321732e+01 5.464804171e+01 5.583340905e+01 1.679641901e+01 1.839118619e+01
3.272464930e+04 5.601835372e+01 5.756437186e+01 5.471279829e+01 5.591330282e+01 1.668493388e+01 1.826302129e+01
3.281122244e+04 5.607454522e+01 5.763499209e+01 5.477699387e+01 5.599257462e+01 1.657440842e+01 1.813599878e+01
3.289779559e+04 5.613026619e+01 5.770508302e+01 5.484063422e+01 5.607123038e+01 1.646483254e+01 1.801010638e+01
3.298436874e+04 5.618552142e+01 5.777464963e+01 5.490372509e+01 5.614927596e+01 1.635619626e+01 1.788533191e+01
3.307094188e+04 5.624031560e+01 5.784369685e+01 5.496627214e+01 5.622671718e+01 1.624848974e+01 1.776166342e+01
3.315751503e+04 5.629465339e+01 5.791222954e+01 5.502828095e+01 5.630355977e+01 1.614170326e+01 1.763908907e+01
3.324408818e+04 5.634853939e+01 5.798025249e+01 5.508975705e+01 5.637980940e+01 1.603582718e+01 1.751759713e+01
3.333066132e+04 5.640197812e+01 5.804777046e+01 5.515070589e+01 5.645547166e+01 1.593085200e+01 1.739717602e+01
3.341723447e+04 5.645497408e+01 5.811478816e+01 5.521113288e+01 5.653055214e+01 1.582676832e+01 1.727781433e+01
3.350380762e+04 5.650753175e+01 5.818131029e+01 5.527104339e+01 5.660505637e+01 1.572356686e+01 1.715950074e+01
3.359038076e+04 5.655965553e+01 5.824734148e+01 5.533044275e+01 5.667898986e+01 1.562123846e+01 1.704222412e+01
3.367695391e+04 5.661134973e+01 5.831288625e+01 5.538933611e+01 5.675235792e+01 1.551977406e+01 1.692597344e+01
3.376352705e+04 5.666261864e+01 5.837794912e+01 5.544772864e+01 5.682516591e+01 1.541916472e+01 1.681073780e+01
3.385010020e+04 5.671346652e+01 5.844253459e+01 5.550562547e+01 5.689741912e+01 1.531940158e+01 1.669650645e+01
3.393667335e+04 5.676389757e+01 5.850664706e+01 5.556303164e+01 5.696912281e+01 1.522047591e+01 1.658326876e+01
3.402324649e+04 5.681391594e+01 5.857029092e+01 5.561995215e+01 5.704028214e+01 1.512237908e+01 1.647101423e+01
3.410981964e+04 5.686352573e+01 5.863347051e+01 5.567639194e+01 5.711090224e+01 1.502510256e+01 1.635973249e+01
3.419639279e+04 5.691273099e+01 5.869619010e+01 5.573235587e+01 5.718098819e+01 1.492863792e+01 1.624941328e+01
3.428296593e+04 5.696153575e+01 5.875845395e+01 5.578784879e+01 5.725054502e+01 1.483297683e+01 1.614004647e+01
3.436953908e+04 5.700994396e+01 5.882026625e+01 5.584287546e+01 5.731957769e+01 1.473811105e+01 1.603162205e+01
3.445611222e+04 5.705795954e+01 5.888163115e+01 5.589744060e+01 5.738809112e+01 1.464403246e+01 1.592413015e+01
3.454268537e+04 5.710558637e+01 5.894255276e+01 5.595154886e+01 5.745609018e+01 1.455073302e+01 1.581756098e+01
3.462925852e+04 5.715282829e+01 5.900303515e+01 5.600520487e+01 5.752357969e+01 1.445820478e+01 1.571190491e+01
3.471583166e+04 5.719968907e+01 5.906308233e+01 5.605841316e+01 5.759056442e+01 1.436643991e+01 1.560715238e+01
3.480240481e+04 5.724617247e+01 5.912269830e+01 5.611117826e+01 5.765704908e+01 1.427543065e+01 1.550329399e+01
3.488897796e+04 5.729228219e+01 5.918188699e+01 5.616350460e+01 5.772303833e+01 1.418516933e+01 1.540032043e+01
3.497555110e+04 5.733802189e+01 5.924065229e+01 5.621539659e+01 5.778853680e+01 1.409564838e+01 1.529822248e+01
3.506212425e+04 5.738339519e+01 5.929899806e+01 5.626685860e+01 5.785354906e+01 1.400686031e+01 1.519699106e+01
3.514869739e+04 5.742840566e+01 5.935692810e+01 5.631789490e+01 5.791807962e+01 1.391879773e+01 1.509661719e+01
3.523527054e+04 5.747305686e+01 5.941444622e+01 5.636850979e+01 5.798213298e+01 1.383145332e+01 1.499709197e+01
3.532184369e+04 5.751735229e+01 5.947155615e+01 5.641870746e+01 5.804571358e+01 1.374481985e+01 1.489840666e+01
3.540841683e+04 5.756129540e+01 5.952826158e+01 5.646849207e+01 5.810882578e+01 1.365889024e+01 1.480055264e+01
3.549498998e+04 5.760488962e+01 5.958456617e+01 5.651786774e+01 5.817147395e+01 1.357365742e+01 1.470352133e+01
3.558156313e+04 5.764813833e+01 5.964047353e+01 5.656683853e+01 5.823366234e+01 1.348911440e+01 1.460730426e+01
3.566813627e+04 5.769104485e+01 5.969598722e+01 5.661540843e+01 5.829539519e+01 1.340525428e+01 1.451189306e+01
3.575470942e+04 5.773361251e+01 5.975111080e+01 5.666358143e+01 5.835667672e+01 1.332207027e+01 1.441727949e+01
3.584128257e+04 5.777584456e+01 5.980584777e+01 5.671136145e+01 5.841751107e+01 1.323955563e+01 1.432345538e+01
3.592785571e+04 5.781774424e+01 5.986020160e+01 5.675875238e+01 5.847790235e+01 1.315770370e+01 1.423041266e+01
3.601442886e+04 5.785931476e+01 5.991417571e+01 5.680575805e+01 5.853785465e+01 1.307650793e+01 1.413814337e+01
3.610100200e+04 5.790055927e+01 5.996777352e+01 5.685238228e+01 5.859737199e+01 1.299596179e+01 1.404663964e+01
3.618757515e+04 5.794148090e+01 6.002099837e+01 5.689862881e+01 5.865645835e+01 1.291605888e+01 1.395589367e+01
3.627414830e+04 5.798208275e+01 6.007385360e+01 5.694450136e+01 5.871511769e+01 1.283679283e+01 1.386589779e+01
3.636072144e+04 5.802236787e+01 6.012634249e+01 5.699000359e+01 5.877335390e+01 1.275815738e+01 1.377664438e+01
3.644729459e+04 5.806233928e+01 6.017846830e+01 5.703513913e+01 5.883117083e+01 1.268014633e+01 1.368812594e+01
3.653386774e+04 5.810199998e+01 6.023023424e+01 5.707991157e+01 5.888857232e+01 1.260275354e+01 1.360033505e+01
3.662044088e+04 5.814135291e+01 6.028164351e+01 5.712432446e+01 5.894556214e+01 1.252597295e+01 1.351326437e+01
3.670701403e+04 5.818040101e+01 6.033269925e+01 5.716838131e+01 5.900214403e+01 1.244979857e+01 1.342690666e+01
3.679358717e+04 5.821914716e+01 6.038340459e+01 5.721208556e+01 5.905832168e+01 1.237422448e+01 1.334125475e+01
3.688016032e+04 5.825759422e+01 6.043376262e+01 5.725544067e+01 5.911409876e+01 1.229924482e+01 1.325630155e+01
3.696673347e+04 5.829574503e+01 6.048377638e+01 5.729845001e+01 5.916947889e+01 1.222485380e+01 1.317204006e+01
3.705330661e+04 5.833360237e+01 6.053344892e+01 5.734111695e+01 5.922446567e+01 1.215104569e+01 1.308846337e+01
3.713987976e+04 5.837116903e+01 6.058278322e+01 5.738344481e+01 5.927906264e+01 1.207781484e+01 1.300556463e+01
3.722645291e+04 5.840844773e+01 6.063178224e+01 5.742543685e+01 5.933327331e+01 1.200515568e+01 1.292333711e+01
3.731302605e+04 5.844544118e+01 6.068044891e+01 5.746709632e+01 5.938710116e+01 1.193306269e+01 1.284177416e+01
3.739959920e+04 5.848215205e+01 6.072878614e+01 5.750842643e+01 5.944054963e+01 1.186153039e+01 1.276086915e+01
3.748617234e+04 5.851858301e+01 6.077679680e+01 5.754943036e+01 5.949362212e+01 1.179055337e+01 1.268061556e+01
3.757274549e+04 5.855473666e+01 6.082448373e+01 5.759011124e+01 5.954632199e+01 1.172012630e+01 1.260100693e+01
3.765931864e+04 5.859061554e+01 6.087184967e+01 5.763047209e+01 5.959865250e+01 1.165024390e+01 1.252203691e+01
3.774589178e+04 5.862622222e+01 6.091889743e+01 5.767051599e+01 5.965061696e+01 1.158090094e+01 1.244369918e+01
3.783246493e+04 5.866155929e+01 6.096562981e+01 5.771024604e+01 5.970221870e+01 1.151209226e+01 1.236598752e+01
3.791903808e+04 5.869662923e+01 6.101204950e+01 5.774966521e+01 5.975346091e+01 1.144381276e+01 1.228889578e+01
3.800561122e+04 5.873143450e+01 6.105815920e+01 5.778877646e+01 5.980434679e+01 1.137605739e+01 1.221241788e+01
3.809218437e+04 5.876597759e+01 6.110396159e+01 5.782758274e+01 5.985487950e+01 1.130882117e+01 1.213654779e+01
3.817875752e+04 5.880026089e+01 6.114945929e+01 5.786608692e+01 5.990506216e+01 1.124209916e+01 1.206127959e+01
3.826533066e+04 5.883428680e+01 6.119465493e+01 5.790429187e+01 5.995489786e+01 1.117588648e+01 1.198660737e+01
3.835190381e+04 5.886805771e+01 6.123955108e+01 5.794220043e+01 6.000438966e+01 1.111017831e+01 1.191252535e+01
3.843847695e+04 5.890157595e+01 6.128415030e+01 5.797981541e+01 6.005354059e+01 1.104496987e+01 1.183902777e+01
3.852505010e+04 5.893484384e+01 6.132845513e+01 5.801713957e+01 6.010235365e+01 1.098025646e+01 1.176610896e+01
3.861162325e+04 5.896786369e+01 6.137246807e+01 5.805417565e+01 6.015083180e+01 1.091603341e+01 1.169376330e+01
3.869819639e+04 5.900063776e+01 6.141619160e+01 5.809092638e+01 6.019897797e+01 1.085229611e+01 1.162198526e+01
3.878476954e+04 5.903316830e+01 6.145962818e+01 5.812739442e+01 6.024679507e+01 1.078903999e+01 1.155076933e+01
3.887134269e+04 5.906545753e+01 6.150278023e+01 5.816358243e+01 6.029428598e+01 1.072626056e+01 1.148011010e+01
3.895791583e+04 5.909750765e+01 6.154565015e+01 5.819949303e+01 6.034145352e+01 1.066395334e+01 1.141000221e+01
3.904448898e+04 5.912932083e+01 6.158824034e+01 5.823512882e+01 6.038830052e+01 1.060211393e+01 1.134044035e+01
3.913106212e+04 5.916089922e+01 6.163055313e+01 5.827049236e+01 6.043482977e+01 1.054073795e+01 1.127141927e+01
3.921763527e+04 5.919224496e+01 6.167259087e+01 5.830558619e+01 6.048104401e+01 1.047982111e+01 1.120293381e+01
3.930420842e+04 5.922336016e+01 6.171435587e+01 5.834041283e+01 6.052694598e+01 1.041935912e+01 1.113497881e+01
3.939078156e+04 5.925424689e+01 6.175585042e+01 5.837497475e+01 6.057253839e+01 1.035934777e+01 1.106754923e+01
3.947735471e+04 5.928490722e+01 6.179707675e+01 5.840927442e+01 6.061782389e+01 1.029978290e+01 1.100064009e+01
3.956392786e+04 5.931534318e+01 6.183803713e+01 5.844331425e+01 6.066280513e+01 1.024066040e+01 1.093424641e+01
3.965050100e+04 5.934555680e+01 6.187873376e+01 5.847709668e+01 6.070748474e+01 1.018197616e+01 1.086836330e+01
3.973707415e+04 5.937555009e+01 6.191916885e+01 5.851062406e+01 6.075186531e+01 1.012372615e+01 1.080298591e+01
3.982364729e+04 5.940532500e+01 6.195934456e+01 5.854389876e+01 6.079594940e+01 1.006590637e+01 1.073810946e+01
3.991022044e+04 5.943488347e+01 6.199926300e+01 5.857692303e+01 6.083973948e+01 1.000851289e+01 1.067372921e+01
3.999679359e+04 5.946422743e+01 6.203892631e+01 5.860969922e+01 6.088323809e+01 9.951541778e+00 1.060984048e+01
4.008336673e+04 5.949335883e+01 6.207833663e+01 5.864222962e+01 6.092644775e+01 9.894989186e+00 1.054643864e+01
4.016993988e+04 5.952227954e+01 6.211749602e+01 5.867451648e+01 6.096937090e+01 9.838851286e+00 1.048351911e+01
4.025651303e+04 5.955099145e+01 6.215640654e+01 5.870656201e+01 6.101200998e+01 9.783124299e+00 1.042107736e+01
4.034308617e+04 5.957949641e+01 6.219507026e+01 5.873836843e+01 6.105436739e+01 9.727804485e+00 1.035910891e+01
4.042965932e+04 5.960779625e+01 6.223348917e+01 5.876993791e+01 6.109644553e+01 9.672888145e+00 1.029760935e+01
4.051623246e+04 5.963589278e+01 6.227166529e+01 5.880127261e+01 6.113824673e+01 9.618371618e+00 1.023657428e+01
4.060280561e+04 5.966378780e+01 6.230960059e+01 5.883237466e+01 6.117977335e+01 9.564251282e+00 1.017599939e+01
4.068937876e+04 5.969148309e+01 6.234729705e+01 5.886324617e+01 6.122102769e+01 9.510523557e+00 1.011588037e+01
4.077595190e+04 5.971898042e+01 6.238475659e+01 5.889388923e+01 6.126201204e+01 9.457184900e+00 1.005621301e+01
4.086252505e+04 5.974628151e+01 6.242198114e+01 5.892430591e+01 6.130272866e+01 9.404231806e+00 9.996993109e+00
4.094909820e+04 5.977338809e+01 6.245897261e+01 5.895449825e+01 6.134317980e+01 9.351660808e+00 9.938216524e+00
4.103567134e+04 5.980030187e+01 6.249573287e+01 5.898446827e+01 6.138336767e+01 9.299468474e+00 9.879879157e+00
4.112224449e+04 5.982702453e+01 6.253226380e+01 5.901421798e+01 6.142329447e+01 9.247651411e+00 9.821976957e+00
4.120881764e+04 5.985355775e+01 6.256856724e+01 5.904374934e+01 6.146296238e+01 9.196206265e+00 9.764505918e+00
4.129539078e+04 5.987990317e+01 6.260464502e+01 5.907306432e+01 6.150237353e+01 9.145129708e+00 9.707462067e+00
4.138196393e+04 5.990606243e+01 6.264049895e+01 5.910216486e+01 6.154153007e+01 9.094418449e+00 9.650841480e+00
4.146853707e+04 5.993203715e+01 6.267613083e+01 5.913105287e+01 6.158043410e+01 9.044069241e+00 9.594640281e+00
4.155511022e+04 5.995782894e+01 6.271154242e+01 5.915973027e+01 6.161908772e+01 8.994078856e+00 9.538854621e+00
4.164168337e+04 5.998343938e+01 6.274673550e+01 5.918819891e+01 6.165749298e+01 8.944444117e+00 9.483480711e+00
4.172825651e+04 6.000887003e+01 6.278171180e+01 5.921646066e+01 6.169565194e+01 8.895161884e+00 9.428514811e+00
4.181482966e+04 6.003412246e+01 6.281647303e+01 5.924451736e+01 6.173356661e+01 8.846229050e+00 9.373953216e+00
4.190140281e+04 6.005919819e+01 6.285102091e+01 5.927237082e+01 6.177123901e+01 8.797642514e+00 9.319792234e+00
4.198797595e+04 6.008409876e+01 6.288535714e+01 5.930002286e+01 6.180867112e+01 8.749399226e+00 9.266028230e+00
4.207454910e+04 6.010882568e+01 6.291948339e+01 5.932747526e+01 6.184586492e+01 8.701496169e+00 9.212657612e+00
4.216112224e+04 6.013338042e+01 6.295340129e+01 5.935472975e+01 6.188282232e+01 8.653930354e+00 9.159676825e+00
4.224769539e+04 6.015776443e+01 6.298711247e+01 5.938178807e+01 6.191954521e+01 8.606698823e+00 9.107082345e+00
4.233426854e+04 6.018197922e+01 6.302061860e+01 5.940865197e+01 6.195603557e+01 8.559798650e+00 9.054870692e+00
4.242084168e+04 6.020602622e+01 6.305392126e+01 5.943532316e+01 6.199229526e+01 8.513226938e+00 9.003038422e+00
4.250741483e+04 6.022990685e+01 6.308702205e+01 5.946180332e+01 6.202832615e+01 8.466980825e+00 8.951582130e+00
4.259398798e+04 6.025362254e+01 6.311992255e+01 5.948809413e+01 6.206413008e+01 8.421057474e+00 8.900498444e+00
4.268056112e+04 6.027717470e+01 6.315262433e+01 5.951419725e+01 6.209970890e+01 8.375454078e+00 8.849784028e+00
4.276713427e+04 6.030056470e+01 6.318512892e+01 5.954011432e+01 6.213506442e+01 8.330167860e+00 8.799435583e+00
4.285370741e+04 6.032379393e+01 6.321743787e+01 5.956584694e+01 6.217019842e+01 8.285196070e+00 8.749449843e+00
4.294028056e+04 6.034686374e+01 6.324955268e+01 5.959139674e+01 6.220511269e+01 8.240535990e+00 8.699823578e+00
4.302685371e+04 6.036977548e+01 6.328147487e+01 5.961676529e+01 6.223980899e+01 8.196184927e+00 8.650553593e+00
4.311342685e+04 6.039253049e+01 6.331320592e+01 5.964195418e+01 6.227428906e+01 8.152140216e+00 8.601636724e+00
4.320000000e+04 6.041513009e+01 6.334474730e+01 5.966696495e+01 6.230855462e+01 8.108399219e+00 8.553069843e+00
