time            Br              Cj              Ck              sBr             sCj             sCk            
0.000000000e+00 4.000000000e+00 4.000000000e+00 1.000000000e-04 4.000000000e+00 0.000000000e+00 1.000000000e-04
2.004008016e+01 3.779795155e+00 1.359163664e+00 6.482834205e-02 3.999988453e+00 0.000000000e+00 8.159893766e-04
4.008016032e+01 3.526154796e+00 1.321263871e+00 1.619922056e-01 3.999938308e+00 0.000000000e+00 1.270636127e-03
6.012024048e+01 3.280682142e+00 1.328850889e+00 2.463668805e-01 3.999842214e+00 0.000000000e+00 1.653996370e-03
8.016032064e+01 3.039969204e+00 1.344175168e+00 3.244783008e-01 3.999700258e+00 0.000000000e+00 1.993834598e-03
1.002004008e+02 2.804788005e+00 1.363472333e+00 3.983365437e-01 3.999514844e+00 0.000000000e+00 2.296764272e-03
1.202404810e+02 2.576630069e+00 1.385132847e+00 4.683752147e-01 3.999289275e+00 0.000000000e+00 2.566052378e-03
1.402805611e+02 2.356987934e+00 1.408227193e+00 5.347222593e-01 3.999027171e+00 0.000000000e+00 2.804221565e-03
1.603206413e+02 2.147171130e+00 1.432090478e+00 5.974344207e-01 3.998732195e+00 0.000000000e+00 3.013577665e-03
1.803607214e+02 1.948243255e+00 1.456192730e+00 6.565551696e-01 3.998407911e+00 0.000000000e+00 3.196358656e-03
2.004008016e+02 1.761000591e+00 1.480098716e+00 7.121351227e-01 3.998057707e+00 0.000000000e+00 3.354775742e-03
2.204408818e+02 1.585970869e+00 1.503454178e+00 7.642412472e-01 3.997684758e+00 0.000000000e+00 3.491012509e-03
2.404809619e+02 1.423426077e+00 1.525978460e+00 8.129610443e-01 3.997292002e+00 0.000000000e+00 3.607207087e-03
2.605210421e+02 1.273404439e+00 1.547458339e+00 8.584038620e-01 3.996882133e+00 0.000000000e+00 3.705428822e-03
2.805611222e+02 1.135739200e+00 1.567741269e+00 9.007000596e-01 3.996457598e+00 0.000000000e+00 3.787655295e-03
3.006012024e+02 1.010091110e+00 1.586728059e+00 9.399985586e-01 3.996020605e+00 0.000000000e+00 3.855752754e-03
3.206412826e+02 8.959822526e-01 1.604365228e+00 9.764634853e-01 3.995573126e+00 0.000000000e+00 3.911461100e-03
3.406813627e+02 7.928293836e-01 1.620637303e+00 1.010270153e+00 3.995116912e+00 0.000000000e+00 3.956384058e-03
3.607214429e+02 6.999748429e-01 1.635559513e+00 1.041601025e+00 3.994653507e+00 0.000000000e+00 3.991983998e-03
3.807615230e+02 6.167143667e-01 1.649170899e+00 1.070641630e+00 3.994184260e+00 0.000000000e+00 4.019581158e-03
4.008016032e+02 5.423210521e-01 1.661528298e+00 1.097577037e+00 3.993710343e+00 0.000000000e+00 4.040356435e-03
4.208416834e+02 4.760651478e-01 1.672700974e+00 1.122588705e+00 3.993232768e+00 0.000000000e+00 4.055357211e-03
4.408817635e+02 4.172299232e-01 1.682766158e+00 1.145851908e+00 3.992752402e+00 0.000000000e+00 4.065504744e-03
4.609218437e+02 3.651237413e-01 1.691805417e+00 1.167533784e+00 3.992269982e+00 0.000000000e+00 4.071603418e-03
4.809619238e+02 3.190888865e-01 1.699901702e+00 1.187791942e+00 3.991786131e+00 0.000000000e+00 4.074350469e-03
5.010020040e+02 2.785074672e-01 1.707137096e+00 1.206773444e+00 3.991301372e+00 0.000000000e+00 4.074346295e-03
5.210420842e+02 2.428049673e-01 1.713591184e+00 1.224614418e+00 3.990816141e+00 0.000000000e+00 4.072104532e-03
5.410821643e+02 2.114518747e-01 1.719339771e+00 1.241439835e+00 3.990330796e+00 0.000000000e+00 4.068061854e-03
5.611222445e+02 1.839638372e-01 1.724454262e+00 1.257363688e+00 3.989845632e+00 0.000000000e+00 4.062587127e-03
5.811623246e+02 1.599006973e-01 1.729001031e+00 1.272489313e+00 3.989360888e+00 0.000000000e+00 4.055990100e-03
6.012024048e+02 1.388647252e-01 1.733041296e+00 1.286909900e+00 3.988876756e+00 0.000000000e+00 4.048529158e-03
6.212424850e+02 1.204983044e-01 1.736631065e+00 1.300709095e+00 3.988393386e+00 0.000000000e+00 4.040418430e-03
6.412825651e+02 1.044812407e-01 1.739821244e+00 1.313961673e+00 3.987910898e+00 0.000000000e+00 4.031834197e-03
6.613226453e+02 9.052789276e-02 1.742657853e+00 1.326734253e+00 3.987429381e+00 0.000000000e+00 4.022920555e-03
6.813627255e+02 7.838438071e-02 1.745182288e+00 1.339085962e+00 3.986948904e+00 0.000000000e+00 4.013794102e-03
7.014028056e+02 6.782565065e-02 1.747431629e+00 1.351069144e+00 3.986469513e+00 0.000000000e+00 4.004548440e-03
7.214428858e+02 5.865273252e-02 1.749438974e+00 1.362730023e+00 3.985991242e+00 0.000000000e+00 3.995257855e-03
7.414829659e+02 5.069013137e-02 1.751233772e+00 1.374109317e+00 3.985514112e+00 0.000000000e+00 3.985980506e-03
7.615230461e+02 4.378336544e-02 1.752842150e+00 1.385242821e+00 3.985038133e+00 0.000000000e+00 3.976761210e-03
7.815631263e+02 3.779669424e-02 1.754287234e+00 1.396161952e+00 3.984563306e+00 0.000000000e+00 3.967633811e-03
8.016032064e+02 3.261105318e-02 1.755589448e+00 1.406894232e+00 3.984089629e+00 0.000000000e+00 3.958623137e-03
8.216432866e+02 2.812215539e-02 1.756766794e+00 1.417463737e+00 3.983617093e+00 0.000000000e+00 3.949746698e-03
8.416833667e+02 2.423878179e-02 1.757835110e+00 1.427891499e+00 3.983145686e+00 0.000000000e+00 3.941016108e-03
8.617234469e+02 2.088123974e-02 1.758808314e+00 1.438195869e+00 3.982675393e+00 0.000000000e+00 3.932438275e-03
8.817635271e+02 1.797998801e-02 1.759698612e+00 1.448392839e+00 3.982206199e+00 0.000000000e+00 3.924016384e-03
9.018036072e+02 1.547440185e-02 1.760516703e+00 1.458496335e+00 3.981738085e+00 0.000000000e+00 3.915750725e-03
9.218436874e+02 1.331168279e-02 1.761271947e+00 1.468518467e+00 3.981271034e+00 0.000000000e+00 3.907639363e-03
9.418837675e+02 1.144588869e-02 1.761972528e+00 1.478469760e+00 3.980805027e+00 0.000000000e+00 3.899678695e-03
9.619238477e+02 9.837077067e-03 1.762625592e+00 1.488359352e+00 3.980340045e+00 0.000000000e+00 3.891863905e-03
9.819639279e+02 8.450546211e-03 1.763237376e+00 1.498195174e+00 3.979876072e+00 0.000000000e+00 3.884189326e-03
1.002004008e+03 7.256171379e-03 1.763813317e+00 1.507984098e+00 3.979413089e+00 0.000000000e+00 3.876648735e-03
1.022044088e+03 6.227819344e-03 1.764358149e+00 1.517732081e+00 3.978951079e+00 0.000000000e+00 3.869235588e-03
1.042084168e+03 5.342834202e-03 1.764875995e+00 1.527444281e+00 3.978490027e+00 0.000000000e+00 3.861943203e-03
1.062124248e+03 4.581586169e-03 1.765370441e+00 1.537125158e+00 3.978029916e+00 0.000000000e+00 3.854764901e-03
1.082164329e+03 3.927079728e-03 1.765844601e+00 1.546778573e+00 3.977570731e+00 0.000000000e+00 3.847694117e-03
1.102204409e+03 3.364606898e-03 1.766301184e+00 1.556407860e+00 3.977112459e+00 0.000000000e+00 3.840724479e-03
1.122244489e+03 2.881446110e-03 1.766742539e+00 1.566015900e+00 3.976655087e+00 0.000000000e+00 3.833849870e-03
1.142284569e+03 2.466601224e-03 1.767170704e+00 1.575605182e+00 3.976198602e+00 0.000000000e+00 3.827064461e-03
1.162324649e+03 2.110572627e-03 1.767587448e+00 1.585177852e+00 3.975742992e+00 0.000000000e+00 3.820362746e-03
1.182364729e+03 1.805158533e-03 1.767994301e+00 1.594735761e+00 3.975288245e+00 0.000000000e+00 3.813739547e-03
1.202404810e+03 1.543280742e-03 1.768392590e+00 1.604280505e+00 3.974834353e+00 0.000000000e+00 3.807190026e-03
1.222444890e+03 1.318832005e-03 1.768783462e+00 1.613813459e+00 3.974381304e+00 0.000000000e+00 3.800709683e-03
1.242484970e+03 1.126546507e-03 1.769167912e+00 1.623335808e+00 3.973929090e+00 0.000000000e+00 3.794294345e-03
1.262525050e+03 9.618871176e-04 1.769546798e+00 1.632848573e+00 3.973477702e+00 0.000000000e+00 3.787940157e-03
1.282565130e+03 8.209465276e-04 1.769920862e+00 1.642352630e+00 3.973027132e+00 0.000000000e+00 3.781643571e-03
1.302605210e+03 7.003611345e-04 1.770290745e+00 1.651848735e+00 3.972577372e+00 0.000000000e+00 3.775401326e-03
1.322645291e+03 5.972363974e-04 1.770657000e+00 1.661337536e+00 3.972128415e+00 0.000000000e+00 3.769210434e-03
1.342685371e+03 5.090822628e-04 1.771020105e+00 1.670819592e+00 3.971680254e+00 0.000000000e+00 3.763068164e-03
1.362725451e+03 4.337573997e-04 1.771380472e+00 1.680295382e+00 3.971232882e+00 0.000000000e+00 3.756972022e-03
1.382765531e+03 3.694219263e-04 1.771738457e+00 1.689765318e+00 3.970786294e+00 0.000000000e+00 3.750919732e-03
1.402805611e+03 3.144964606e-04 1.772094364e+00 1.699229754e+00 3.970340484e+00 0.000000000e+00 3.744909226e-03
1.422845691e+03 2.676250167e-04 1.772448457e+00 1.708688992e+00 3.969895445e+00 0.000000000e+00 3.738938621e-03
1.442885772e+03 2.276441056e-04 1.772800963e+00 1.718143294e+00 3.969451173e+00 0.000000000e+00 3.733006205e-03
1.462925852e+03 1.935558427e-04 1.773152077e+00 1.727592882e+00 3.969007663e+00 0.000000000e+00 3.727110426e-03
1.482965932e+03 1.645047965e-04 1.773501967e+00 1.737037949e+00 3.968564910e+00 0.000000000e+00 3.721249872e-03
1.503006012e+03 1.397555572e-04 1.773850778e+00 1.746478660e+00 3.968122909e+00 0.000000000e+00 3.715423264e-03
1.523046092e+03 1.186800789e-04 1.774198633e+00 1.755915154e+00 3.967681655e+00 0.000000000e+00 3.709629441e-03
1.543086172e+03 1.007406987e-04 1.774545639e+00 1.765347553e+00 3.967241145e+00 0.000000000e+00 3.703867346e-03
1.563126253e+03 8.547752030e-05 1.774891886e+00 1.774775960e+00 3.966801374e+00 0.000000000e+00 3.698136024e-03
1.583166333e+03 7.249654366e-05 1.775237454e+00 1.784200463e+00 3.966362338e+00 0.000000000e+00 3.692434604e-03
1.603206413e+03 6.146162853e-05 1.775582412e+00 1.793621141e+00 3.965924033e+00 0.000000000e+00 3.686762294e-03
1.623246493e+03 5.208577013e-05 1.775926814e+00 1.803038057e+00 3.965486456e+00 0.000000000e+00 3.681118376e-03
1.643286573e+03 4.412221850e-05 1.776270710e+00 1.812451268e+00 3.965049602e+00 0.000000000e+00 3.675502193e-03
1.663326653e+03 3.736072002e-05 1.776614144e+00 1.821860821e+00 3.964613468e+00 0.000000000e+00 3.669913144e-03
1.683366733e+03 3.162294316e-05 1.776957153e+00 1.831266758e+00 3.964178051e+00 0.000000000e+00 3.664350684e-03
1.703406814e+03 2.675466035e-05 1.777299766e+00 1.840669116e+00 3.963743346e+00 0.000000000e+00 3.658814309e-03
1.723446894e+03 2.262650716e-05 1.777642011e+00 1.850067923e+00 3.963309351e+00 0.000000000e+00 3.653303559e-03
1.743486974e+03 1.912740538e-05 1.777983910e+00 1.859463207e+00 3.962876063e+00 0.000000000e+00 3.647818011e-03
1.763527054e+03 1.616263260e-05 1.778325482e+00 1.868854991e+00 3.962443477e+00 0.000000000e+00 3.642357273e-03
1.783567134e+03 1.365209440e-05 1.778666745e+00 1.878243293e+00 3.962011591e+00 0.000000000e+00 3.636920985e-03
1.803607214e+03 1.152719021e-05 1.779007713e+00 1.887628130e+00 3.961580401e+00 0.000000000e+00 3.631508812e-03
1.823647295e+03 9.729846668e-06 1.779348397e+00 1.897009518e+00 3.961149905e+00 0.000000000e+00 3.626120443e-03
1.843687375e+03 8.209832476e-06 1.779688808e+00 1.906387469e+00 3.960720099e+00 0.000000000e+00 3.620755586e-03
1.863727455e+03 6.925211924e-06 1.780028956e+00 1.915761995e+00 3.960290980e+00 0.000000000e+00 3.615413969e-03
1.883767535e+03 5.839199757e-06 1.780368848e+00 1.925133105e+00 3.959862546e+00 0.000000000e+00 3.610095336e-03
1.903807615e+03 4.921870385e-06 1.780708489e+00 1.934500808e+00 3.959434793e+00 0.000000000e+00 3.604799447e-03
1.923847695e+03 4.146662450e-06 1.781047886e+00 1.943865112e+00 3.959007718e+00 0.000000000e+00 3.599526075e-03
1.943887776e+03 3.492180058e-06 1.781387046e+00 1.953226022e+00 3.958581318e+00 0.000000000e+00 3.594275003e-03
1.963927856e+03 2.939520680e-06 1.781725973e+00 1.962583545e+00 3.958155591e+00 0.000000000e+00 3.589046028e-03
1.983967936e+03 2.473243219e-06 1.782064665e+00 1.971937686e+00 3.957730534e+00 0.000000000e+00 3.583838952e-03
2.004008016e+03 2.079890266e-06 1.782403125e+00 1.981288452e+00 3.957306143e+00 0.000000000e+00 3.578653590e-03
2.024048096e+03 1.748451845e-06 1.782741359e+00 1.990635844e+00 3.956882416e+00 0.000000000e+00 3.573489763e-03
2.044088176e+03 1.469223186e-06 1.783079370e+00 1.999979868e+00 3.956459350e+00 0.000000000e+00 3.568347296e-03
2.064128257e+03 1.234269954e-06 1.783417160e+00 2.009320526e+00 3.956036943e+00 0.000000000e+00 3.563226025e-03
2.084168337e+03 1.036527575e-06 1.783754731e+00 2.018657823e+00 3.955615192e+00 0.000000000e+00 3.558125788e-03
2.104208417e+03 8.702489666e-07 1.784092083e+00 2.027991761e+00 3.955194093e+00 0.000000000e+00 3.553046428e-03
2.124248497e+03 7.302863656e-07 1.784429216e+00 2.037322343e+00 3.954773645e+00 0.000000000e+00 3.547987793e-03
2.144288577e+03 6.126058710e-07 1.784766134e+00 2.046649573e+00 3.954353844e+00 0.000000000e+00 3.542949737e-03
2.164328657e+03 5.136641280e-07 1.785102836e+00 2.055973452e+00 3.953934689e+00 0.000000000e+00 3.537932114e-03
2.184368737e+03 4.306592356e-07 1.785439323e+00 2.065293984e+00 3.953516175e+00 0.000000000e+00 3.532934785e-03
2.204408818e+03 3.607921758e-07 1.785775597e+00 2.074611171e+00 3.953098302e+00 0.000000000e+00 3.527957611e-03
2.224448898e+03 3.021167435e-07 1.786111656e+00 2.083925014e+00 3.952681065e+00 0.000000000e+00 3.523000456e-03
2.244488978e+03 2.527831478e-07 1.786447503e+00 2.093235516e+00 3.952264463e+00 0.000000000e+00 3.518063190e-03
2.264529058e+03 2.112950430e-07 1.786783137e+00 2.102542679e+00 3.951848492e+00 0.000000000e+00 3.513145680e-03
2.284569138e+03 1.763143585e-07 1.787118560e+00 2.111846506e+00 3.951433151e+00 0.000000000e+00 3.508247800e-03
2.304609218e+03 1.471015576e-07 1.787453771e+00 2.121146997e+00 3.951018437e+00 0.000000000e+00 3.503369425e-03
2.324649299e+03 1.224665909e-07 1.787788771e+00 2.130444156e+00 3.950604347e+00 0.000000000e+00 3.498510428e-03
2.344689379e+03 1.018384681e-07 1.788123560e+00 2.139737983e+00 3.950190879e+00 0.000000000e+00 3.493670690e-03
2.364729459e+03 8.475269983e-08 1.788458139e+00 2.149028481e+00 3.949778030e+00 0.000000000e+00 3.488850088e-03
2.384769539e+03 7.035203754e-08 1.788792508e+00 2.158315652e+00 3.949365798e+00 0.000000000e+00 3.484048504e-03
2.404809619e+03 5.844891208e-08 1.789126667e+00 2.167599497e+00 3.948954181e+00 0.000000000e+00 3.479265821e-03
2.424849699e+03 4.837102403e-08 1.789460616e+00 2.176880019e+00 3.948543175e+00 0.000000000e+00 3.474501920e-03
2.444889780e+03 3.981851888e-08 1.789794357e+00 2.186157218e+00 3.948132779e+00 0.000000000e+00 3.469756687e-03
2.464929860e+03 3.272719399e-08 1.790127889e+00 2.195431098e+00 3.947722990e+00 0.000000000e+00 3.465030010e-03
2.484969940e+03 2.703497059e-08 1.790461211e+00 2.204701658e+00 3.947313806e+00 0.000000000e+00 3.460321775e-03
2.505010020e+03 2.201531341e-08 1.790794326e+00 2.213968903e+00 3.946905224e+00 0.000000000e+00 3.455631870e-03
2.525050100e+03 1.780270791e-08 1.791127232e+00 2.223232832e+00 3.946497243e+00 0.000000000e+00 3.450960185e-03
2.545090180e+03 1.439802197e-08 1.791459930e+00 2.232493448e+00 3.946089858e+00 0.000000000e+00 3.446306611e-03
2.565130261e+03 1.176719241e-08 1.791792420e+00 2.241750752e+00 3.945683069e+00 0.000000000e+00 3.441671042e-03
2.585170341e+03 9.377609323e-09 1.792124703e+00 2.251004746e+00 3.945276874e+00 0.000000000e+00 3.437053367e-03
2.605210421e+03 7.430457681e-09 1.792456779e+00 2.260255432e+00 3.944871268e+00 0.000000000e+00 3.432453481e-03
2.625250501e+03 5.917163872e-09 1.792788647e+00 2.269502811e+00 3.944466251e+00 0.000000000e+00 3.427871280e-03
2.645290581e+03 4.761961197e-09 1.793120308e+00 2.278746885e+00 3.944061821e+00 0.000000000e+00 3.423306659e-03
2.665330661e+03 3.736600323e-09 1.793451763e+00 2.287987655e+00 3.943657974e+00 0.000000000e+00 3.418759513e-03
2.685370741e+03 2.926503176e-09 1.793783010e+00 2.297225124e+00 3.943254708e+00 0.000000000e+00 3.414229740e-03
2.705410822e+03 2.319304259e-09 1.794114052e+00 2.306459292e+00 3.942852022e+00 0.000000000e+00 3.409717240e-03
2.725450902e+03 1.848327460e-09 1.794444887e+00 2.315690162e+00 3.942449913e+00 0.000000000e+00 3.405221910e-03
2.745490982e+03 1.447735937e-09 1.794775517e+00 2.324917735e+00 3.942048380e+00 0.000000000e+00 3.400743651e-03
2.765531062e+03 1.136115552e-09 1.795105940e+00 2.334142013e+00 3.941647418e+00 0.000000000e+00 3.396282363e-03
2.785571142e+03 9.052058356e-10 1.795436158e+00 2.343362996e+00 3.941247027e+00 0.000000000e+00 3.391837948e-03
2.805611222e+03 6.577384119e-10 1.795766171e+00 2.352580688e+00 3.940847205e+00 0.000000000e+00 3.387410307e-03
2.825651303e+03 4.073802053e-10 1.796095978e+00 2.361795088e+00 3.940447949e+00 0.000000000e+00 3.382999344e-03
2.845691383e+03 1.780943997e-10 1.796425580e+00 2.371006200e+00 3.940049257e+00 0.000000000e+00 3.378604962e-03
2.865731463e+03 -2.372940366e-11 1.796754978e+00 2.380214024e+00 3.939651126e+00 0.000000000e+00 3.374227067e-03
2.885771543e+03 -1.853055484e-10 1.797084171e+00 2.389418562e+00 3.939253556e+00 0.000000000e+00 3.369865565e-03
2.905811623e+03 -2.874523233e-10 1.797413159e+00 2.398619815e+00 3.938856543e+00 0.000000000e+00 3.365520363e-03
2.925851703e+03 -3.045919620e-10 1.797741943e+00 2.407817785e+00 3.938460085e+00 0.000000000e+00 3.361191367e-03
2.945891784e+03 -4.435863233e-10 1.798070523e+00 2.417012474e+00 3.938064182e+00 0.000000000e+00 3.356878481e-03
2.965931864e+03 -6.179377155e-10 1.798398899e+00 2.426203883e+00 3.937668829e+00 0.000000000e+00 3.352581616e-03
2.985971944e+03 -7.757084403e-10 1.798727071e+00 2.435392013e+00 3.937274026e+00 0.000000000e+00 3.348300681e-03
3.006012024e+03 -9.017852281e-10 1.799055040e+00 2.444576867e+00 3.936879770e+00 0.000000000e+00 3.344035586e-03
3.026052104e+03 -9.774915907e-10 1.799382806e+00 2.453758445e+00 3.936486059e+00 0.000000000e+00 3.339786244e-03
3.046092184e+03 -9.805878218e-10 1.799710368e+00 2.462936748e+00 3.936092892e+00 0.000000000e+00 3.335552565e-03
3.066132265e+03 -8.852709966e-10 1.800037727e+00 2.472111780e+00 3.935700266e+00 0.000000000e+00 3.331334461e-03
3.086172345e+03 -9.157939290e-10 1.800364883e+00 2.481283540e+00 3.935308179e+00 0.000000000e+00 3.327131840e-03
3.106212425e+03 -9.591666116e-10 1.800691837e+00 2.490452031e+00 3.934916629e+00 0.000000000e+00 3.322944617e-03
3.126252505e+03 -9.855877029e-10 1.801018589e+00 2.499617254e+00 3.934525614e+00 0.000000000e+00 3.318772708e-03
3.146292585e+03 -9.901584261e-10 1.801345138e+00 2.508779210e+00 3.934135133e+00 0.000000000e+00 3.314616027e-03
3.166332665e+03 -9.671658046e-10 1.801671485e+00 2.517937901e+00 3.933745183e+00 0.000000000e+00 3.310474489e-03
3.186372745e+03 -9.100826625e-10 1.801997630e+00 2.527093328e+00 3.933355762e+00 0.000000000e+00 3.306348010e-03
3.206412826e+03 -8.115676245e-10 1.802323573e+00 2.536245493e+00 3.932966869e+00 0.000000000e+00 3.302236509e-03
3.226452906e+03 -7.592437207e-10 1.802649315e+00 2.545394397e+00 3.932578501e+00 0.000000000e+00 3.298139895e-03
3.246492986e+03 -7.044229373e-10 1.802974856e+00 2.554540042e+00 3.932190657e+00 0.000000000e+00 3.294058091e-03
3.266533066e+03 -6.445444485e-10 1.803300195e+00 2.563682429e+00 3.931803334e+00 0.000000000e+00 3.289991014e-03
3.286573146e+03 -5.812681549e-10 1.803625333e+00 2.572821559e+00 3.931416532e+00 0.000000000e+00 3.285938583e-03
3.306613226e+03 -5.163935033e-10 1.803950271e+00 2.581957434e+00 3.931030247e+00 0.000000000e+00 3.281900719e-03
3.326653307e+03 -4.518594868e-10 1.804275008e+00 2.591090055e+00 3.930644478e+00 0.000000000e+00 3.277877342e-03
3.346693387e+03 -3.896764698e-10 1.804599544e+00 2.600219424e+00 3.930259223e+00 0.000000000e+00 3.273868372e-03
3.366733467e+03 -3.246434437e-10 1.804923881e+00 2.609345542e+00 3.929874480e+00 0.000000000e+00 3.269873727e-03
3.386773547e+03 -2.627360747e-10 1.805248017e+00 2.618468410e+00 3.929490248e+00 0.000000000e+00 3.265893331e-03
3.406813627e+03 -2.056166466e-10 1.805571953e+00 2.627588031e+00 3.929106525e+00 0.000000000e+00 3.261927106e-03
3.426853707e+03 -1.550169257e-10 1.805895690e+00 2.636704404e+00 3.928723308e+00 0.000000000e+00 3.257974977e-03
3.446893788e+03 -1.127381604e-10 1.806219226e+00 2.645817532e+00 3.928340596e+00 0.000000000e+00 3.254036866e-03
3.466933868e+03 -8.065108154e-11 1.806542564e+00 2.654927416e+00 3.927958388e+00 0.000000000e+00 3.250112697e-03
3.486973948e+03 -5.816923071e-11 1.806865702e+00 2.664034057e+00 3.927576681e+00 0.000000000e+00 3.246202396e-03
3.507014028e+03 -1.281903637e-11 1.807188642e+00 2.673137457e+00 3.927195473e+00 0.000000000e+00 3.242305880e-03
3.527054108e+03 2.847339045e-11 1.807511382e+00 2.682237617e+00 3.926814763e+00 0.000000000e+00 3.238423080e-03
3.547094188e+03 6.517967770e-11 1.807833924e+00 2.691334539e+00 3.926434549e+00 0.000000000e+00 3.234553923e-03
3.567134269e+03 9.678752149e-11 1.808156267e+00 2.700428223e+00 3.926054830e+00 0.000000000e+00 3.230698337e-03
3.587174349e+03 1.228006862e-10 1.808478412e+00 2.709518672e+00 3.925675603e+00 0.000000000e+00 3.226856248e-03
3.607214429e+03 1.427390042e-10 1.808800359e+00 2.718605886e+00 3.925296867e+00 0.000000000e+00 3.223027585e-03
3.627254509e+03 1.561383764e-10 1.809122108e+00 2.727689866e+00 3.924918620e+00 0.000000000e+00 3.219212277e-03
3.647294589e+03 1.625507715e-10 1.809443659e+00 2.736770615e+00 3.924540860e+00 0.000000000e+00 3.215410253e-03
3.667334669e+03 1.615442267e-10 1.809765013e+00 2.745848133e+00 3.924163586e+00 0.000000000e+00 3.211621443e-03
3.687374749e+03 1.527028472e-10 1.810086169e+00 2.754922422e+00 3.923786797e+00 0.000000000e+00 3.207845777e-03
3.707414830e+03 1.356268065e-10 1.810407128e+00 2.763993483e+00 3.923410489e+00 0.000000000e+00 3.204083188e-03
3.727454910e+03 1.196671797e-10 1.810727889e+00 2.773061317e+00 3.923034662e+00 0.000000000e+00 3.200333596e-03
3.747494990e+03 1.091900993e-10 1.811048454e+00 2.782125927e+00 3.922659314e+00 0.000000000e+00 3.196596930e-03
3.767535070e+03 9.635869065e-11 1.811368822e+00 2.791187312e+00 3.922284443e+00 0.000000000e+00 3.192873129e-03
3.787575150e+03 8.173841241e-11 1.811688994e+00 2.800245474e+00 3.921910047e+00 0.000000000e+00 3.189162128e-03
3.807615230e+03 6.595732326e-11 1.812008969e+00 2.809300415e+00 3.921536126e+00 0.000000000e+00 3.185463857e-03
3.827655311e+03 4.970608195e-11 1.812328748e+00 2.818352136e+00 3.921162677e+00 0.000000000e+00 3.181778253e-03
3.847695391e+03 3.373794725e-11 1.812648331e+00 2.827400639e+00 3.920789699e+00 0.000000000e+00 3.178105248e-03
3.867735471e+03 1.886877797e-11 1.812967718e+00 2.836445923e+00 3.920417190e+00 0.000000000e+00 3.174444778e-03
3.887775551e+03 5.977032946e-12 1.813286909e+00 2.845487991e+00 3.920045148e+00 0.000000000e+00 3.170796778e-03
3.907815631e+03 -3.996228924e-12 1.813605905e+00 2.854526845e+00 3.919673572e+00 0.000000000e+00 3.167161184e-03
3.927855711e+03 -1.004734872e-11 1.813924705e+00 2.863562484e+00 3.919302461e+00 0.000000000e+00 3.163537933e-03
3.947895792e+03 -1.111006749e-11 1.814243310e+00 2.872594911e+00 3.918931813e+00 0.000000000e+00 3.159926962e-03
3.967935872e+03 -2.602331388e-11 1.814561720e+00 2.881624127e+00 3.918561625e+00 0.000000000e+00 3.156328182e-03
3.987975952e+03 -4.180446449e-11 1.814879936e+00 2.890650133e+00 3.918191897e+00 0.000000000e+00 3.152741548e-03
4.008016032e+03 -5.667845495e-11 1.815197956e+00 2.899672931e+00 3.917822627e+00 0.000000000e+00 3.149166998e-03
4.028056112e+03 -7.028639589e-11 1.815515783e+00 2.908692521e+00 3.917453813e+00 0.000000000e+00 3.145604471e-03
4.048096192e+03 -8.225520149e-11 1.815833414e+00 2.917708905e+00 3.917085454e+00 0.000000000e+00 3.142053905e-03
4.068136273e+03 -9.219758951e-11 1.816150852e+00 2.926722084e+00 3.916717549e+00 0.000000000e+00 3.138515240e-03
4.088176353e+03 -9.971208128e-11 1.816468096e+00 2.935732059e+00 3.916350096e+00 0.000000000e+00 3.134988413e-03
4.108216433e+03 -1.043830017e-10 1.816785146e+00 2.944738832e+00 3.915983093e+00 0.000000000e+00 3.131473367e-03
4.128256513e+03 -1.057804792e-10 1.817102002e+00 2.953742403e+00 3.915616538e+00 0.000000000e+00 3.127970041e-03
4.148296593e+03 -1.034604458e-10 1.817418665e+00 2.962742775e+00 3.915250431e+00 0.000000000e+00 3.124478376e-03
4.168336673e+03 -9.696463721e-11 1.817735134e+00 2.971739947e+00 3.914884771e+00 0.000000000e+00 3.120998313e-03
4.188376754e+03 -9.030435024e-11 1.818051410e+00 2.980733923e+00 3.914519554e+00 0.000000000e+00 3.117529789e-03
4.208416834e+03 -8.978452523e-11 1.818367494e+00 2.989724702e+00 3.914154780e+00 0.000000000e+00 3.114072734e-03
4.228456914e+03 -8.827898986e-11 1.818683384e+00 2.998712286e+00 3.913790447e+00 0.000000000e+00 3.110627101e-03
4.248496994e+03 -8.587950504e-11 1.818999082e+00 3.007696676e+00 3.913426555e+00 0.000000000e+00 3.107192834e-03
4.268537074e+03 -8.269522193e-11 1.819314587e+00 3.016677873e+00 3.913063100e+00 0.000000000e+00 3.103769876e-03
4.288577154e+03 -7.885268196e-11 1.819629900e+00 3.025655879e+00 3.912700083e+00 0.000000000e+00 3.100358169e-03
4.308617234e+03 -7.449581686e-11 1.819945021e+00 3.034630695e+00 3.912337501e+00 0.000000000e+00 3.096957657e-03
4.328657315e+03 -6.978594861e-11 1.820259950e+00 3.043602321e+00 3.911975354e+00 0.000000000e+00 3.093568285e-03
4.348697395e+03 -6.490178949e-11 1.820574688e+00 3.052570760e+00 3.911613639e+00 0.000000000e+00 3.090189998e-03
4.368737475e+03 -6.003944205e-11 1.820889233e+00 3.061536012e+00 3.911252356e+00 0.000000000e+00 3.086822740e-03
4.388777555e+03 -5.541239909e-11 1.821203587e+00 3.070498079e+00 3.910891502e+00 0.000000000e+00 3.083466457e-03
4.408817635e+03 -5.125154372e-11 1.821517750e+00 3.079456961e+00 3.910531077e+00 0.000000000e+00 3.080121096e-03
4.428857715e+03 -4.585842549e-11 1.821831722e+00 3.088412660e+00 3.910171079e+00 0.000000000e+00 3.076786592e-03
4.448897796e+03 -3.832758599e-11 1.822145502e+00 3.097365178e+00 3.909811506e+00 0.000000000e+00 3.073462888e-03
4.468937876e+03 -3.086441008e-11 1.822459092e+00 3.106314515e+00 3.909452358e+00 0.000000000e+00 3.070149939e-03
4.488977956e+03 -2.357188308e-11 1.822772491e+00 3.115260672e+00 3.909093633e+00 0.000000000e+00 3.066847694e-03
4.509018036e+03 -1.656835984e-11 1.823085700e+00 3.124203651e+00 3.908735329e+00 0.000000000e+00 3.063556098e-03
4.529058116e+03 -9.986835331e-12 1.823398719e+00 3.133143452e+00 3.908377445e+00 0.000000000e+00 3.060275100e-03
4.549098196e+03 -3.974215296e-12 1.823711547e+00 3.142080078e+00 3.908019980e+00 0.000000000e+00 3.057004648e-03
4.569138277e+03 1.309413161e-12 1.824024185e+00 3.151013528e+00 3.907662933e+00 0.000000000e+00 3.053744690e-03
4.589178357e+03 5.691510956e-12 1.824336634e+00 3.159943805e+00 3.907306302e+00 0.000000000e+00 3.050495175e-03
4.609218437e+03 8.987816410e-12 1.824648893e+00 3.168870910e+00 3.906950085e+00 0.000000000e+00 3.047256053e-03
4.629258517e+03 1.100307464e-11 1.824960962e+00 3.177794843e+00 3.906594282e+00 0.000000000e+00 3.044027273e-03
4.649298597e+03 1.244363682e-11 1.825272842e+00 3.186715606e+00 3.906238891e+00 0.000000000e+00 3.040808783e-03
4.669338677e+03 1.681464401e-11 1.825584533e+00 3.195633199e+00 3.905883911e+00 0.000000000e+00 3.037600519e-03
4.689378758e+03 2.083793957e-11 1.825896035e+00 3.204547625e+00 3.905529340e+00 0.000000000e+00 3.034402444e-03
4.709418838e+03 2.450474797e-11 1.826207348e+00 3.213458884e+00 3.905175178e+00 0.000000000e+00 3.031214508e-03
4.729458918e+03 2.781581665e-11 1.826518473e+00 3.222366978e+00 3.904821422e+00 0.000000000e+00 3.028036662e-03
4.749498998e+03 3.078269390e-11 1.826829409e+00 3.231271907e+00 3.904468072e+00 0.000000000e+00 3.024868857e-03
4.769539078e+03 3.342900668e-11 1.827140156e+00 3.240173672e+00 3.904115126e+00 0.000000000e+00 3.021711045e-03
4.789579158e+03 3.579173854e-11 1.827450716e+00 3.249072276e+00 3.903762583e+00 0.000000000e+00 3.018563177e-03
4.809619238e+03 3.792250744e-11 1.827761087e+00 3.257967718e+00 3.903410442e+00 0.000000000e+00 3.015425206e-03
4.829659319e+03 3.988884361e-11 1.828071271e+00 3.266860000e+00 3.903058701e+00 0.000000000e+00 3.012297085e-03
4.849699399e+03 4.177546743e-11 1.828381267e+00 3.275749124e+00 3.902707360e+00 0.000000000e+00 3.009178765e-03
4.869739479e+03 4.368556728e-11 1.828691075e+00 3.284635090e+00 3.902356416e+00 0.000000000e+00 3.006070201e-03
4.889779559e+03 4.574207739e-11 1.829000696e+00 3.293517899e+00 3.902005870e+00 0.000000000e+00 3.002971345e-03
4.909819639e+03 4.808895571e-11 1.829310130e+00 3.302397552e+00 3.901655718e+00 0.000000000e+00 2.999882152e-03
4.929859719e+03 5.089246178e-11 1.829619377e+00 3.311274052e+00 3.901305961e+00 0.000000000e+00 2.996802574e-03
4.949899800e+03 4.921063861e-11 1.829928436e+00 3.320147398e+00 3.900956597e+00 0.000000000e+00 2.993732570e-03
4.969939880e+03 4.632525554e-11 1.830237309e+00 3.329017592e+00 3.900607625e+00 0.000000000e+00 2.990672091e-03
4.989979960e+03 4.266440849e-11 1.830545996e+00 3.337884635e+00 3.900259043e+00 0.000000000e+00 2.987621092e-03
5.010020040e+03 3.824201726e-11 1.830854496e+00 3.346748529e+00 3.899910851e+00 0.000000000e+00 2.984579529e-03
5.030060120e+03 3.308202751e-11 1.831162810e+00 3.355609273e+00 3.899563047e+00 0.000000000e+00 2.981547357e-03
5.050100200e+03 2.721909564e-11 1.831470938e+00 3.364466870e+00 3.899215629e+00 0.000000000e+00 2.978524531e-03
5.070140281e+03 2.069927370e-11 1.831778880e+00 3.373321320e+00 3.898868598e+00 0.000000000e+00 2.975511008e-03
5.090180361e+03 1.358069416e-11 1.832086636e+00 3.382172625e+00 3.898521951e+00 0.000000000e+00 2.972506743e-03
5.110220441e+03 5.934254857e-12 1.832394206e+00 3.391020786e+00 3.898175687e+00 0.000000000e+00 2.969511693e-03
5.130260521e+03 -2.155696208e-12 1.832701591e+00 3.399865804e+00 3.897829806e+00 0.000000000e+00 2.966525814e-03
5.150300601e+03 -1.059067597e-11 1.833008791e+00 3.408707679e+00 3.897484305e+00 0.000000000e+00 2.963549064e-03
5.170340681e+03 -1.925738148e-11 1.833315806e+00 3.417546414e+00 3.897139184e+00 0.000000000e+00 2.960581398e-03
5.190380762e+03 -2.802700499e-11 1.833622635e+00 3.426382008e+00 3.896794442e+00 0.000000000e+00 2.957622776e-03
5.210420842e+03 -3.675454916e-11 1.833929280e+00 3.435214464e+00 3.896450078e+00 0.000000000e+00 2.954673153e-03
5.230460922e+03 -4.582807134e-11 1.834235740e+00 3.444043782e+00 3.896106089e+00 0.000000000e+00 2.951732492e-03
5.250501002e+03 -5.504962863e-11 1.834542016e+00 3.452869963e+00 3.895762476e+00 0.000000000e+00 2.948800750e-03
5.270541082e+03 -6.398161100e-11 1.834848107e+00 3.461693008e+00 3.895419238e+00 0.000000000e+00 2.945877883e-03
5.290581162e+03 -7.244755977e-11 1.835154015e+00 3.470512919e+00 3.895076372e+00 0.000000000e+00 2.942963851e-03
5.310621242e+03 -8.025438255e-11 1.835459738e+00 3.479329696e+00 3.894733877e+00 0.000000000e+00 2.940058612e-03
5.330661323e+03 -8.719176399e-11 1.835765277e+00 3.488143341e+00 3.894391754e+00 0.000000000e+00 2.937162124e-03
5.350701403e+03 -9.303157640e-11 1.836070632e+00 3.496953855e+00 3.894050000e+00 0.000000000e+00 2.934274348e-03
5.370741483e+03 -9.752729046e-11 1.836375804e+00 3.505761239e+00 3.893708615e+00 0.000000000e+00 2.931395242e-03
5.390781563e+03 -1.004133859e-10 1.836680793e+00 3.514565493e+00 3.893367596e+00 0.000000000e+00 2.928524766e-03
5.410821643e+03 -1.014047621e-10 1.836985598e+00 3.523366619e+00 3.893026944e+00 0.000000000e+00 2.925662879e-03
5.430861723e+03 -1.001961489e-10 1.837290221e+00 3.532164618e+00 3.892686657e+00 0.000000000e+00 2.922809542e-03
5.450901804e+03 -9.646151719e-11 1.837594660e+00 3.540959491e+00 3.892346734e+00 0.000000000e+00 2.919964714e-03
5.470941884e+03 -8.985348966e-11 1.837898916e+00 3.549751240e+00 3.892007174e+00 0.000000000e+00 2.917128356e-03
5.490981964e+03 -8.000275136e-11 1.838202990e+00 3.558539864e+00 3.891667976e+00 0.000000000e+00 2.914300429e-03
5.511022044e+03 -7.124015967e-11 1.838506882e+00 3.567325366e+00 3.891329139e+00 0.000000000e+00 2.911480901e-03
5.531062124e+03 -6.991478420e-11 1.838810591e+00 3.576107746e+00 3.890990661e+00 0.000000000e+00 2.908669748e-03
5.551102204e+03 -6.862341208e-11 1.839114118e+00 3.584887006e+00 3.890652542e+00 0.000000000e+00 2.905866915e-03
5.571142285e+03 -6.753658492e-11 1.839417463e+00 3.593663146e+00 3.890314780e+00 0.000000000e+00 2.903072366e-03
5.591182365e+03 -6.684753733e-11 1.839720626e+00 3.602436168e+00 3.889977375e+00 0.000000000e+00 2.900286063e-03
5.611222445e+03 -6.677314671e-11 1.840023607e+00 3.611206073e+00 3.889640326e+00 0.000000000e+00 2.897507968e-03
5.631262525e+03 -6.755488295e-11 1.840326407e+00 3.619972861e+00 3.889303631e+00 0.000000000e+00 2.894738045e-03
5.651302605e+03 -6.945975820e-11 1.840629026e+00 3.628736534e+00 3.888967289e+00 0.000000000e+00 2.891976257e-03
5.671342685e+03 -7.278127660e-11 1.840931463e+00 3.637497093e+00 3.888631299e+00 0.000000000e+00 2.889222567e-03
5.691382766e+03 -7.784038402e-11 1.841233719e+00 3.646254539e+00 3.888295661e+00 0.000000000e+00 2.886476939e-03
5.711422846e+03 -8.498641782e-11 1.841535794e+00 3.655008873e+00 3.887960373e+00 0.000000000e+00 2.883739336e-03
5.731462926e+03 -9.459805658e-11 1.841837689e+00 3.663760096e+00 3.887625434e+00 0.000000000e+00 2.881009724e-03
5.751503006e+03 -1.070842699e-10 1.842139403e+00 3.672508209e+00 3.887290843e+00 0.000000000e+00 2.878288066e-03
5.771543086e+03 -1.228852679e-10 1.842440936e+00 3.681253213e+00 3.886956600e+00 0.000000000e+00 2.875574326e-03
5.791583166e+03 -1.411821227e-10 1.842742289e+00 3.689995110e+00 3.886622702e+00 0.000000000e+00 2.872868469e-03
5.811623246e+03 -1.434104112e-10 1.843043462e+00 3.698733898e+00 3.886289150e+00 0.000000000e+00 2.870170453e-03
5.831663327e+03 -1.442073402e-10 1.843344455e+00 3.707469581e+00 3.885955942e+00 0.000000000e+00 2.867480249e-03
5.851703407e+03 -1.432547372e-10 1.843645268e+00 3.716202158e+00 3.885623077e+00 0.000000000e+00 2.864797820e-03
5.871743487e+03 -1.402025713e-10 1.843945901e+00 3.724931632e+00 3.885290554e+00 0.000000000e+00 2.862123133e-03
5.891783567e+03 -1.346676884e-10 1.844246355e+00 3.733658003e+00 3.884958373e+00 0.000000000e+00 2.859456154e-03
5.911823647e+03 -1.262325454e-10 1.844546629e+00 3.742381272e+00 3.884626531e+00 0.000000000e+00 2.856796846e-03
5.931863727e+03 -1.144439457e-10 1.844846725e+00 3.751101440e+00 3.884295029e+00 0.000000000e+00 2.854145178e-03
5.951903808e+03 -9.881177332e-11 1.845146641e+00 3.759818508e+00 3.883963865e+00 0.000000000e+00 2.851501113e-03
5.971943888e+03 -7.880772831e-11 1.845446378e+00 3.768532477e+00 3.883633038e+00 0.000000000e+00 2.848864620e-03
5.991983968e+03 -5.386406113e-11 1.845745936e+00 3.777243348e+00 3.883302548e+00 0.000000000e+00 2.846235663e-03
6.012024048e+03 -2.337230761e-11 1.846045316e+00 3.785951122e+00 3.882972392e+00 0.000000000e+00 2.843614210e-03
6.032064128e+03 1.331797624e-11 1.846344517e+00 3.794655800e+00 3.882642572e+00 0.000000000e+00 2.841000227e-03
6.052104208e+03 5.690047948e-11 1.846643539e+00 3.803357383e+00 3.882313084e+00 0.000000000e+00 2.838393681e-03
6.072144289e+03 1.081134014e-10 1.846942384e+00 3.812055872e+00 3.881983929e+00 0.000000000e+00 2.835794539e-03
6.092184369e+03 1.428374016e-10 1.847241050e+00 3.820751270e+00 3.881655106e+00 0.000000000e+00 2.833202783e-03
6.112224449e+03 1.717822966e-10 1.847539539e+00 3.829443577e+00 3.881326613e+00 0.000000000e+00 2.830618373e-03
6.132264529e+03 2.002850878e-10 1.847837850e+00 3.838132793e+00 3.880998450e+00 0.000000000e+00 2.828041277e-03
6.152304609e+03 2.278327342e-10 1.848135983e+00 3.846818920e+00 3.880670615e+00 0.000000000e+00 2.825471460e-03
6.172344689e+03 2.538566696e-10 1.848433939e+00 3.855501959e+00 3.880343108e+00 0.000000000e+00 2.822908894e-03
6.192384770e+03 2.777306749e-10 1.848731718e+00 3.864181911e+00 3.880015928e+00 0.000000000e+00 2.820353545e-03
6.212424850e+03 2.987687505e-10 1.849029319e+00 3.872858776e+00 3.879689074e+00 0.000000000e+00 2.817805384e-03
6.232464930e+03 3.162229889e-10 1.849326743e+00 3.881532556e+00 3.879362545e+00 0.000000000e+00 2.815264379e-03
6.252505010e+03 3.292814476e-10 1.849623991e+00 3.890203253e+00 3.879036340e+00 0.000000000e+00 2.812730501e-03
6.272545090e+03 3.370660210e-10 1.849921062e+00 3.898870866e+00 3.878710458e+00 0.000000000e+00 2.810203719e-03
6.292585170e+03 3.386303136e-10 1.850217956e+00 3.907535398e+00 3.878384899e+00 0.000000000e+00 2.807684003e-03
6.312625251e+03 3.329575121e-10 1.850514674e+00 3.916196849e+00 3.878059661e+00 0.000000000e+00 2.805171323e-03
6.332665331e+03 3.189582580e-10 1.850811216e+00 3.924855220e+00 3.877734743e+00 0.000000000e+00 2.802665649e-03
6.352705411e+03 2.954685206e-10 1.851107581e+00 3.933510512e+00 3.877410145e+00 0.000000000e+00 2.800166953e-03
6.372745491e+03 2.773999743e-10 1.851403771e+00 3.942162726e+00 3.877085866e+00 0.000000000e+00 2.797675203e-03
6.392785571e+03 2.701668926e-10 1.851699785e+00 3.950811861e+00 3.876761904e+00 0.000000000e+00 2.795190371e-03
6.412825651e+03 2.601647128e-10 1.851995623e+00 3.959457920e+00 3.876438259e+00 0.000000000e+00 2.792712428e-03
6.432865731e+03 2.473918384e-10 1.852291285e+00 3.968100903e+00 3.876114931e+00 0.000000000e+00 2.790241346e-03
6.452905812e+03 2.318719763e-10 1.852586772e+00 3.976740812e+00 3.875791917e+00 0.000000000e+00 2.787777096e-03
6.472945892e+03 2.136555698e-10 1.852882084e+00 3.985377648e+00 3.875469218e+00 0.000000000e+00 2.785319650e-03
6.492985972e+03 1.928212313e-10 1.853177221e+00 3.994011412e+00 3.875146832e+00 0.000000000e+00 2.782868979e-03
6.513026052e+03 1.694771751e-10 1.853472183e+00 4.002642104e+00 3.874824759e+00 0.000000000e+00 2.780425057e-03
6.533066132e+03 1.437626499e-10 1.853766970e+00 4.011269725e+00 3.874502997e+00 0.000000000e+00 2.777987855e-03
6.553106212e+03 1.158493721e-10 1.854061583e+00 4.019894277e+00 3.874181547e+00 0.000000000e+00 2.775557346e-03
6.573146293e+03 8.594295783e-11 1.854356021e+00 4.028515760e+00 3.873860406e+00 0.000000000e+00 2.773133502e-03
6.593186373e+03 5.428435636e-11 1.854650284e+00 4.037134176e+00 3.873539574e+00 0.000000000e+00 2.770716297e-03
6.613226453e+03 2.115128245e-11 1.854944374e+00 4.045749525e+00 3.873219051e+00 0.000000000e+00 2.768305703e-03
6.633266533e+03 -1.314035077e-11 1.855238289e+00 4.054361808e+00 3.872898835e+00 0.000000000e+00 2.765901695e-03
6.653306613e+03 -4.778532889e-11 1.855532031e+00 4.062971026e+00 3.872578926e+00 0.000000000e+00 2.763504234e-03
6.673346693e+03 -8.092405791e-11 1.855825598e+00 4.071577183e+00 3.872259323e+00 0.000000000e+00 2.761113263e-03
6.693386774e+03 -1.133605028e-10 1.856118992e+00 4.080180277e+00 3.871940024e+00 0.000000000e+00 2.758728783e-03
6.713426854e+03 -1.445171070e-10 1.856412213e+00 4.088780309e+00 3.871621030e+00 0.000000000e+00 2.756350767e-03
6.733466934e+03 -1.737638161e-10 1.856705260e+00 4.097377282e+00 3.871302339e+00 0.000000000e+00 2.753979185e-03
6.753507014e+03 -2.004164130e-10 1.856998134e+00 4.105971195e+00 3.870983950e+00 0.000000000e+00 2.751614010e-03
6.773547094e+03 -2.237348537e-10 1.857290835e+00 4.114562049e+00 3.870665863e+00 0.000000000e+00 2.749255214e-03
6.793587174e+03 -2.429216024e-10 1.857583363e+00 4.123149846e+00 3.870348077e+00 0.000000000e+00 2.746902769e-03
6.813627255e+03 -2.571199675e-10 1.857875719e+00 4.131734586e+00 3.870030591e+00 0.000000000e+00 2.744556648e-03
6.833667335e+03 -2.654124366e-10 1.858167901e+00 4.140316271e+00 3.869713404e+00 0.000000000e+00 2.742216822e-03
6.853707415e+03 -2.668190120e-10 1.858459911e+00 4.148894902e+00 3.869396515e+00 0.000000000e+00 2.739883263e-03
6.873747495e+03 -2.602955466e-10 1.858751749e+00 4.157470479e+00 3.869079924e+00 0.000000000e+00 2.737555943e-03
6.893787575e+03 -2.447320790e-10 1.859043415e+00 4.166043004e+00 3.868763630e+00 0.000000000e+00 2.735234835e-03
6.913827655e+03 -2.189511689e-10 1.859334909e+00 4.174612477e+00 3.868447632e+00 0.000000000e+00 2.732919910e-03
6.933867735e+03 -1.817062329e-10 1.859626231e+00 4.183178900e+00 3.868131929e+00 0.000000000e+00 2.730611141e-03
6.953907816e+03 -1.797953880e-10 1.859917381e+00 4.191742273e+00 3.867816520e+00 0.000000000e+00 2.728308579e-03
6.973947896e+03 -1.810412979e-10 1.860208359e+00 4.200302598e+00 3.867501405e+00 0.000000000e+00 2.726012145e-03
6.993987976e+03 -1.836645405e-10 1.860499166e+00 4.208859875e+00 3.867186584e+00 0.000000000e+00 2.723721811e-03
7.014028056e+03 -1.884256642e-10 1.860789801e+00 4.217414106e+00 3.866872054e+00 0.000000000e+00 2.721437553e-03
7.034068136e+03 -1.961763608e-10 1.861080266e+00 4.225965291e+00 3.866557815e+00 0.000000000e+00 2.719159345e-03
7.054108216e+03 -2.078631526e-10 1.861370559e+00 4.234513432e+00 3.866243867e+00 0.000000000e+00 2.716887165e-03
7.074148297e+03 -2.245310793e-10 1.861660682e+00 4.243058529e+00 3.865930209e+00 0.000000000e+00 2.714620988e-03
7.094188377e+03 -2.473273852e-10 1.861950633e+00 4.251600584e+00 3.865616840e+00 0.000000000e+00 2.712360791e-03
7.114228457e+03 -2.775052058e-10 1.862240415e+00 4.260139597e+00 3.865303759e+00 0.000000000e+00 2.710106552e-03
7.134268537e+03 -3.164272552e-10 1.862530025e+00 4.268675570e+00 3.864990965e+00 0.000000000e+00 2.707858246e-03
7.154308617e+03 -3.655695127e-10 1.862819465e+00 4.277208503e+00 3.864678458e+00 0.000000000e+00 2.705615852e-03
7.174348697e+03 -4.265249101e-10 1.863108736e+00 4.285738398e+00 3.864366237e+00 0.000000000e+00 2.703379347e-03
7.194388778e+03 -5.010070184e-10 1.863397836e+00 4.294265256e+00 3.864054302e+00 0.000000000e+00 2.701148709e-03
7.214428858e+03 -5.908537349e-10 1.863686766e+00 4.302789077e+00 3.863742651e+00 0.000000000e+00 2.698923915e-03
7.234468938e+03 -6.361471558e-10 1.863975526e+00 4.311309861e+00 3.863431283e+00 0.000000000e+00 2.696704888e-03
7.254509018e+03 -6.512336050e-10 1.864264117e+00 4.319827610e+00 3.863120199e+00 0.000000000e+00 2.694491617e-03
7.274549098e+03 -6.638361793e-10 1.864552538e+00 4.328342326e+00 3.862809397e+00 0.000000000e+00 2.692284105e-03
7.294589178e+03 -6.736565971e-10 1.864840790e+00 4.336854008e+00 3.862498876e+00 0.000000000e+00 2.690082328e-03
7.314629259e+03 -6.803797512e-10 1.865128873e+00 4.345362658e+00 3.862188637e+00 0.000000000e+00 2.687886263e-03
7.334669339e+03 -6.836732658e-10 1.865416786e+00 4.353868278e+00 3.861878677e+00 0.000000000e+00 2.685695887e-03
7.354709419e+03 -6.831870532e-10 1.865704531e+00 4.362370868e+00 3.861568997e+00 0.000000000e+00 2.683511176e-03
7.374749499e+03 -6.785528709e-10 1.865992107e+00 4.370870428e+00 3.861259595e+00 0.000000000e+00 2.681332109e-03
7.394789579e+03 -6.693838782e-10 1.866279514e+00 4.379366960e+00 3.860950471e+00 0.000000000e+00 2.679158662e-03
7.414829659e+03 -6.552741933e-10 1.866566753e+00 4.387860466e+00 3.860641624e+00 0.000000000e+00 2.676990813e-03
7.434869739e+03 -6.357984503e-10 1.866853823e+00 4.396350945e+00 3.860333054e+00 0.000000000e+00 2.674828539e-03
7.454909820e+03 -6.105113558e-10 1.867140725e+00 4.404838399e+00 3.860024760e+00 0.000000000e+00 2.672671818e-03
7.474949900e+03 -5.789472459e-10 1.867427459e+00 4.413322829e+00 3.859716740e+00 0.000000000e+00 2.670520627e-03
7.494989980e+03 -5.406196432e-10 1.867714025e+00 4.421804236e+00 3.859408995e+00 0.000000000e+00 2.668374945e-03
7.515030060e+03 -4.950208137e-10 1.868000423e+00 4.430282620e+00 3.859101524e+00 0.000000000e+00 2.666234749e-03
7.535070140e+03 -4.416213234e-10 1.868286654e+00 4.438757983e+00 3.858794326e+00 0.000000000e+00 2.664100018e-03
7.555110220e+03 -3.798695955e-10 1.868572717e+00 4.447230326e+00 3.858487399e+00 0.000000000e+00 2.661970730e-03
7.575150301e+03 -3.091914673e-10 1.868858612e+00 4.455699649e+00 3.858180745e+00 0.000000000e+00 2.659846863e-03
7.595190381e+03 -2.555224908e-10 1.869144341e+00 4.464165954e+00 3.857874361e+00 0.000000000e+00 2.657728412e-03
7.615230461e+03 -2.122191854e-10 1.869429902e+00 4.472629242e+00 3.857568247e+00 0.000000000e+00 2.655615350e-03
7.635270541e+03 -1.683007578e-10 1.869715296e+00 4.481089513e+00 3.857262403e+00 0.000000000e+00 2.653507652e-03
7.655310621e+03 -1.242228174e-10 1.870000523e+00 4.489546769e+00 3.856956828e+00 0.000000000e+00 2.651405296e-03
7.675350701e+03 -8.048335172e-11 1.870285584e+00 4.498001010e+00 3.856651521e+00 0.000000000e+00 2.649308262e-03
7.695390782e+03 -3.762402179e-11 1.870570478e+00 4.506452238e+00 3.856346481e+00 0.000000000e+00 2.647216529e-03
7.715430862e+03 3.768543210e-12 1.870855205e+00 4.514900453e+00 3.856041708e+00 0.000000000e+00 2.645130078e-03
7.735470942e+03 4.306145083e-11 1.871139767e+00 4.523345656e+00 3.855737201e+00 0.000000000e+00 2.643048889e-03
7.755511022e+03 7.957425041e-11 1.871424162e+00 4.531787849e+00 3.855432959e+00 0.000000000e+00 2.640972942e-03
7.775551102e+03 1.125776381e-10 1.871708391e+00 4.540227032e+00 3.855128983e+00 0.000000000e+00 2.638902217e-03
7.795591182e+03 1.412921618e-10 1.871992454e+00 4.548663206e+00 3.854825270e+00 0.000000000e+00 2.636836694e-03
7.815631263e+03 1.648869264e-10 1.872276351e+00 4.557096373e+00 3.854521821e+00 0.000000000e+00 2.634776355e-03
7.835671343e+03 1.824782985e-10 1.872560083e+00 4.565526532e+00 3.854218635e+00 0.000000000e+00 2.632721181e-03
7.855711423e+03 1.931286118e-10 1.872843650e+00 4.573953686e+00 3.853915710e+00 0.000000000e+00 2.630671151e-03
7.875751503e+03 1.958448717e-10 1.873127050e+00 4.582377834e+00 3.853613047e+00 0.000000000e+00 2.628626248e-03
7.895791583e+03 1.895774607e-10 1.873410286e+00 4.590798979e+00 3.853310645e+00 0.000000000e+00 2.626586453e-03
7.915831663e+03 1.732188432e-10 1.873693357e+00 4.599217121e+00 3.853008503e+00 0.000000000e+00 2.624551746e-03
7.935871743e+03 1.456022707e-10 1.873976263e+00 4.607632260e+00 3.852706621e+00 0.000000000e+00 2.622522111e-03
7.955911824e+03 1.411111944e-10 1.874259003e+00 4.616044399e+00 3.852404998e+00 0.000000000e+00 2.620497498e-03
7.975951904e+03 1.493729601e-10 1.874541580e+00 4.624453537e+00 3.852103632e+00 0.000000000e+00 2.618477898e-03
7.995991984e+03 1.559314091e-10 1.874823991e+00 4.632859677e+00 3.851802525e+00 0.000000000e+00 2.616463303e-03
8.016032064e+03 1.608528787e-10 1.875106239e+00 4.641262818e+00 3.851501674e+00 0.000000000e+00 2.614453694e-03
8.036072144e+03 1.642265713e-10 1.875388322e+00 4.649662962e+00 3.851201080e+00 0.000000000e+00 2.612449053e-03
8.056112224e+03 1.661655497e-10 1.875670241e+00 4.658060109e+00 3.850900741e+00 0.000000000e+00 2.610449361e-03
8.076152305e+03 1.668077327e-10 1.875951995e+00 4.666454261e+00 3.850600657e+00 0.000000000e+00 2.608454598e-03
8.096192385e+03 1.663168902e-10 1.876233586e+00 4.674845419e+00 3.850300828e+00 0.000000000e+00 2.606464747e-03
8.116232465e+03 1.648836388e-10 1.876515014e+00 4.683233583e+00 3.850001252e+00 0.000000000e+00 2.604479788e-03
8.136272545e+03 1.627264371e-10 1.876796277e+00 4.691618755e+00 3.849701930e+00 0.000000000e+00 2.602499703e-03
8.156312625e+03 1.600925813e-10 1.877077378e+00 4.700000936e+00 3.849402860e+00 0.000000000e+00 2.600524474e-03
8.176352705e+03 1.572592002e-10 1.877358315e+00 4.708380126e+00 3.849104043e+00 0.000000000e+00 2.598554082e-03
8.196392786e+03 1.545342509e-10 1.877639088e+00 4.716756326e+00 3.848805476e+00 0.000000000e+00 2.596588509e-03
8.216432866e+03 1.522575141e-10 1.877919699e+00 4.725129538e+00 3.848507160e+00 0.000000000e+00 2.594627737e-03
8.236472946e+03 1.508015893e-10 1.878200147e+00 4.733499762e+00 3.848209095e+00 0.000000000e+00 2.592671747e-03
8.256513026e+03 1.505728908e-10 1.878480432e+00 4.741866999e+00 3.847911279e+00 0.000000000e+00 2.590720522e-03
8.276553106e+03 1.520126422e-10 1.878760554e+00 4.750231250e+00 3.847613711e+00 0.000000000e+00 2.588774043e-03
8.296593186e+03 1.555978725e-10 1.879040514e+00 4.758592517e+00 3.847316392e+00 0.000000000e+00 2.586832293e-03
8.316633267e+03 1.492459638e-10 1.879320311e+00 4.766950800e+00 3.847019321e+00 0.000000000e+00 2.584895254e-03
8.336673347e+03 1.370636883e-10 1.879599946e+00 4.775306100e+00 3.846722497e+00 0.000000000e+00 2.582962907e-03
8.356713427e+03 1.240138077e-10 1.879879419e+00 4.783658417e+00 3.846425919e+00 0.000000000e+00 2.581035235e-03
8.376753507e+03 1.102110219e-10 1.880158730e+00 4.792007754e+00 3.846129587e+00 0.000000000e+00 2.579112221e-03
8.396793587e+03 9.578004028e-11 1.880437879e+00 4.800354110e+00 3.845833500e+00 0.000000000e+00 2.577193846e-03
8.416833667e+03 8.085578194e-11 1.880716866e+00 4.808697488e+00 3.845537658e+00 0.000000000e+00 2.575280093e-03
8.436873747e+03 6.558357513e-11 1.880995692e+00 4.817037887e+00 3.845242061e+00 0.000000000e+00 2.573370945e-03
8.456913828e+03 5.011935704e-11 1.881274356e+00 4.825375309e+00 3.844946706e+00 0.000000000e+00 2.571466383e-03
8.476953908e+03 3.462987355e-11 1.881552859e+00 4.833709755e+00 3.844651595e+00 0.000000000e+00 2.569566391e-03
8.496993988e+03 1.929287893e-11 1.881831201e+00 4.842041225e+00 3.844356726e+00 0.000000000e+00 2.567670952e-03
8.517034068e+03 4.297335551e-12 1.882109381e+00 4.850369721e+00 3.844062099e+00 0.000000000e+00 2.565780047e-03
8.537074148e+03 -1.015638636e-11 1.882387401e+00 4.858695244e+00 3.843767713e+00 0.000000000e+00 2.563893659e-03
8.557114228e+03 -2.385630903e-11 1.882665260e+00 4.867017794e+00 3.843473568e+00 0.000000000e+00 2.562011772e-03
8.577154309e+03 -3.657864741e-11 1.882942958e+00 4.875337373e+00 3.843179662e+00 0.000000000e+00 2.560134368e-03
8.597194389e+03 -4.808760943e-11 1.883220496e+00 4.883653981e+00 3.842885996e+00 0.000000000e+00 2.558261429e-03
8.617234469e+03 -5.813519630e-11 1.883497873e+00 4.891967619e+00 3.842592570e+00 0.000000000e+00 2.556392940e-03
8.637274549e+03 -6.646100282e-11 1.883775090e+00 4.900278289e+00 3.842299381e+00 0.000000000e+00 2.554528882e-03
8.657314629e+03 -7.279201756e-11 1.884052147e+00 4.908585991e+00 3.842006430e+00 0.000000000e+00 2.552669238e-03
8.677354709e+03 -8.259913501e-11 1.884329044e+00 4.916890726e+00 3.841713717e+00 0.000000000e+00 2.550814009e-03
8.697394790e+03 -9.380757421e-11 1.884605780e+00 4.925192495e+00 3.841421240e+00 0.000000000e+00 2.548963173e-03
8.717434870e+03 -1.042233236e-10 1.884882357e+00 4.933491300e+00 3.841128999e+00 0.000000000e+00 2.547116707e-03
8.737474950e+03 -1.137525477e-10 1.885158775e+00 4.941787140e+00 3.840836994e+00 0.000000000e+00 2.545274595e-03
8.757515030e+03 -1.223016255e-10 1.885435033e+00 4.950080018e+00 3.840545224e+00 0.000000000e+00 2.543436820e-03
8.777555110e+03 -1.297773088e-10 1.885711131e+00 4.958369933e+00 3.840253688e+00 0.000000000e+00 2.541603367e-03
8.797595190e+03 -1.360868789e-10 1.885987071e+00 4.966656888e+00 3.839962386e+00 0.000000000e+00 2.539774219e-03
8.817635271e+03 -1.411383046e-10 1.886262851e+00 4.974940882e+00 3.839671317e+00 0.000000000e+00 2.537949361e-03
8.837675351e+03 -1.448403995e-10 1.886538472e+00 4.983221917e+00 3.839380482e+00 0.000000000e+00 2.536128776e-03
8.857715431e+03 -1.471029795e-10 1.886813934e+00 4.991499994e+00 3.839089878e+00 0.000000000e+00 2.534312450e-03
8.877755511e+03 -1.478370205e-10 1.887089238e+00 4.999775113e+00 3.838799506e+00 0.000000000e+00 2.532500365e-03
8.897795591e+03 -1.469548155e-10 1.887364383e+00 5.008047276e+00 3.838509366e+00 0.000000000e+00 2.530692507e-03
8.917835671e+03 -1.443701326e-10 1.887639369e+00 5.016316484e+00 3.838219456e+00 0.000000000e+00 2.528888859e-03
8.937875752e+03 -1.399983720e-10 1.887914198e+00 5.024582737e+00 3.837929776e+00 0.000000000e+00 2.527089407e-03
8.957915832e+03 -1.337567239e-10 1.888188867e+00 5.032846037e+00 3.837640325e+00 0.000000000e+00 2.525294135e-03
8.977955912e+03 -1.255643259e-10 1.888463379e+00 5.041106384e+00 3.837351104e+00 0.000000000e+00 2.523503027e-03
8.997995992e+03 -1.153424202e-10 1.888737733e+00 5.049363780e+00 3.837062111e+00 0.000000000e+00 2.521716068e-03
9.018036072e+03 -1.030145115e-10 1.889011929e+00 5.057618225e+00 3.836773346e+00 0.000000000e+00 2.519933244e-03
9.038076152e+03 -9.357041085e-11 1.889285968e+00 5.065869720e+00 3.836484809e+00 0.000000000e+00 2.518154553e-03
9.058116232e+03 -8.524764953e-11 1.889559848e+00 5.074118266e+00 3.836196499e+00 0.000000000e+00 2.516379977e-03
9.078156313e+03 -7.642093801e-11 1.889833572e+00 5.082363865e+00 3.835908414e+00 0.000000000e+00 2.514609494e-03
9.098196393e+03 -6.722473056e-11 1.890107138e+00 5.090606517e+00 3.835620556e+00 0.000000000e+00 2.512843092e-03
9.118236473e+03 -5.780848029e-11 1.890380546e+00 5.098846222e+00 3.835332924e+00 0.000000000e+00 2.511080754e-03
9.138276553e+03 -4.833710542e-11 1.890653798e+00 5.107082983e+00 3.835045516e+00 0.000000000e+00 2.509322468e-03
9.158316633e+03 -3.899145554e-11 1.890926893e+00 5.115316800e+00 3.834758332e+00 0.000000000e+00 2.507568219e-03
9.178356713e+03 -2.996877790e-11 1.891199831e+00 5.123547673e+00 3.834471372e+00 0.000000000e+00 2.505817993e-03
9.198396794e+03 -2.148318368e-11 1.891472612e+00 5.131775605e+00 3.834184636e+00 0.000000000e+00 2.504071777e-03
9.218436874e+03 -1.376611429e-11 1.891745237e+00 5.140000595e+00 3.833898122e+00 0.000000000e+00 2.502329556e-03
9.238476954e+03 -7.066807584e-12 1.892017705e+00 5.148222645e+00 3.833611830e+00 0.000000000e+00 2.500591316e-03
9.258517034e+03 -1.652764201e-12 1.892290017e+00 5.156441755e+00 3.833325761e+00 0.000000000e+00 2.498857045e-03
9.278557114e+03 2.189786199e-12 1.892562173e+00 5.164657927e+00 3.833039912e+00 0.000000000e+00 2.497126729e-03
9.298597194e+03 4.155418648e-12 1.892834173e+00 5.172871162e+00 3.832754285e+00 0.000000000e+00 2.495400354e-03
9.318637275e+03 3.919046595e-12 1.893106017e+00 5.181081461e+00 3.832468878e+00 0.000000000e+00 2.493677907e-03
9.338677355e+03 1.135455632e-12 1.893377705e+00 5.189288823e+00 3.832183690e+00 0.000000000e+00 2.491959375e-03
9.358717435e+03 -4.561162779e-12 1.893649237e+00 5.197493252e+00 3.831898722e+00 0.000000000e+00 2.490244746e-03
9.378757515e+03 -1.355767759e-11 1.893920614e+00 5.205694746e+00 3.831613972e+00 0.000000000e+00 2.488534005e-03
9.398797595e+03 -5.062424179e-12 1.894191835e+00 5.213893308e+00 3.831329441e+00 0.000000000e+00 2.486827098e-03
9.418837675e+03 1.097527791e-11 1.894462901e+00 5.222088938e+00 3.831045128e+00 0.000000000e+00 2.485124031e-03
9.438877756e+03 2.730558404e-11 1.894733812e+00 5.230281637e+00 3.830761032e+00 0.000000000e+00 2.483424806e-03
9.458917836e+03 4.382297656e-11 1.895004568e+00 5.238471406e+00 3.830477153e+00 0.000000000e+00 2.481729408e-03
9.478957916e+03 6.041376068e-11 1.895275169e+00 5.246658247e+00 3.830193490e+00 0.000000000e+00 2.480037825e-03
9.498997996e+03 7.695586990e-11 1.895545615e+00 5.254842159e+00 3.829910043e+00 0.000000000e+00 2.478350044e-03
9.519038076e+03 9.331867153e-11 1.895815907e+00 5.263023145e+00 3.829626811e+00 0.000000000e+00 2.476666051e-03
9.539078156e+03 1.093627720e-10 1.896086043e+00 5.271201204e+00 3.829343794e+00 0.000000000e+00 2.474985834e-03
9.559118236e+03 1.249398226e-10 1.896356026e+00 5.279376338e+00 3.829060992e+00 0.000000000e+00 2.473309380e-03
9.579158317e+03 1.398923243e-10 1.896625854e+00 5.287548548e+00 3.828778403e+00 0.000000000e+00 2.471636676e-03
9.599198397e+03 1.540534340e-10 1.896895528e+00 5.295717835e+00 3.828496028e+00 0.000000000e+00 2.469967709e-03
9.619238477e+03 1.672467692e-10 1.897165048e+00 5.303884199e+00 3.828213866e+00 0.000000000e+00 2.468302467e-03
9.639278557e+03 1.792862142e-10 1.897434414e+00 5.312047642e+00 3.827931917e+00 0.000000000e+00 2.466640938e-03
9.659318637e+03 1.899757249e-10 1.897703626e+00 5.320208165e+00 3.827650179e+00 0.000000000e+00 2.464983108e-03
9.679358717e+03 1.991091344e-10 1.897972685e+00 5.328365768e+00 3.827368654e+00 0.000000000e+00 2.463328966e-03
9.699398798e+03 2.064699587e-10 1.898241590e+00 5.336520453e+00 3.827087339e+00 0.000000000e+00 2.461678499e-03
9.719438878e+03 2.118312019e-10 1.898510341e+00 5.344672220e+00 3.826806235e+00 0.000000000e+00 2.460031695e-03
9.739478958e+03 2.149551617e-10 1.898778940e+00 5.352821070e+00 3.826525341e+00 0.000000000e+00 2.458388541e-03
9.759519038e+03 2.155932348e-10 1.899047385e+00 5.360967005e+00 3.826244656e+00 0.000000000e+00 2.456749027e-03
9.779559118e+03 2.134857226e-10 1.899315677e+00 5.369110025e+00 3.825964181e+00 0.000000000e+00 2.455113139e-03
9.799599198e+03 2.083616361e-10 1.899583816e+00 5.377250131e+00 3.825683915e+00 0.000000000e+00 2.453480866e-03
9.819639279e+03 1.999385019e-10 1.899851802e+00 5.385387324e+00 3.825403857e+00 0.000000000e+00 2.451852196e-03
9.839679359e+03 1.879221674e-10 1.900119636e+00 5.393521605e+00 3.825124007e+00 0.000000000e+00 2.450227117e-03
9.859719439e+03 1.720066060e-10 1.900387317e+00 5.401652976e+00 3.824844364e+00 0.000000000e+00 2.448605619e-03
9.879759519e+03 1.518737232e-10 1.900654845e+00 5.409781436e+00 3.824564928e+00 0.000000000e+00 2.446987688e-03
9.899799599e+03 1.271931613e-10 1.900922222e+00 5.417906988e+00 3.824285699e+00 0.000000000e+00 2.445373313e-03
9.919839679e+03 1.007097988e-10 1.901189446e+00 5.426029631e+00 3.824006676e+00 0.000000000e+00 2.443762478e-03
9.939879760e+03 9.890854038e-11 1.901456518e+00 5.434149367e+00 3.823727859e+00 0.000000000e+00 2.442155120e-03
9.959919840e+03 9.662238052e-11 1.901723438e+00 5.442266196e+00 3.823449246e+00 0.000000000e+00 2.440551274e-03
9.979959920e+03 9.386725323e-11 1.901990206e+00 5.450380121e+00 3.823170839e+00 0.000000000e+00 2.438950929e-03
1.000000000e+04 9.066242160e-11 1.902256822e+00 5.458491141e+00 3.822892635e+00 0.000000000e+00 2.437354073e-03
