time            Cj              Ck              Br              shCj            shCk            shBr            CancelC        
0.000000000e+00 1.000000000e+01 1.000000000e-05 1.000000000e+01 0.000000000e+00 0.000000000e+00 1.000000000e+01 3.000000000e+01
4.008016032e+01 6.849069597e+00 4.595032991e-02 9.937275070e+00 1.367876729e-05 5.904805667e-03 9.999972222e+00 2.741282660e+01
8.016032064e+01 6.846504360e+00 1.011908077e-01 9.867966826e+00 4.215422224e-05 8.858752819e-03 9.999899187e+00 2.738679438e+01
1.202404810e+02 6.842877213e+00 1.560132748e-01 9.798667739e+00 6.848077275e-05 1.040070658e-02 9.999801790e+00 2.735982820e+01
1.603206413e+02 6.838854284e+00 2.104060884e-01 9.729397981e+00 8.807206105e-05 1.118663697e-02 9.999691668e+00 2.733239795e+01
2.004008016e+02 6.834809412e+00 2.643694460e-01 9.660170896e+00 1.010955543e-04 1.156987505e-02 9.999575087e+00 2.730473851e+01
2.404809619e+02 6.830938202e+00 3.179073982e-01 9.590996654e+00 1.090549954e-04 1.173972109e-02 9.999455403e+00 2.727697736e+01
2.805611222e+02 6.827340566e+00 3.710251867e-01 9.521883719e+00 1.135078692e-04 1.179720381e-02 9.999334404e+00 2.724918373e+01
3.206412826e+02 6.824065124e+00 4.237281899e-01 9.452839624e+00 1.156827102e-04 1.179596026e-02 9.999213037e+00 2.722139532e+01
3.607214429e+02 6.821133321e+00 4.760215797e-01 9.383871397e+00 1.164421040e-04 1.176436960e-02 9.999091799e+00 2.719363292e+01
4.008016032e+02 6.818552193e+00 5.279102408e-01 9.314985779e+00 1.163523879e-04 1.171737221e-02 9.998970946e+00 2.716590822e+01
4.408817635e+02 6.816321237e+00 5.793987665e-01 9.246189335e+00 1.157693671e-04 1.166280088e-02 9.998850609e+00 2.713822804e+01
4.809619238e+02 6.814436042e+00 6.304915714e-01 9.177488530e+00 1.149098539e-04 1.160474752e-02 9.998730852e+00 2.711059667e+01
5.210420842e+02 6.812890200e+00 6.811928404e-01 9.108889741e+00 1.139021608e-04 1.154532880e-02 9.998611704e+00 2.708301699e+01
5.611222445e+02 6.811676339e+00 7.315066231e-01 9.040399287e+00 1.128214020e-04 1.148564508e-02 9.998493174e+00 2.705549114e+01
6.012024048e+02 6.810786635e+00 7.814368350e-01 8.972023426e+00 1.117103676e-04 1.142625576e-02 9.998375265e+00 2.702802088e+01
6.412825651e+02 6.810213078e+00 8.309872711e-01 8.903768361e+00 1.105922696e-04 1.136743031e-02 9.998257971e+00 2.700060777e+01
6.813627255e+02 6.809947649e+00 8.801616228e-01 8.835640242e+00 1.094805697e-04 1.130931263e-02 9.998141286e+00 2.697325321e+01
7.214428858e+02 6.809982367e+00 9.289634828e-01 8.767645163e+00 1.083823539e-04 1.125196765e-02 9.998025203e+00 2.694595858e+01
7.615230461e+02 6.810309333e+00 9.773963499e-01 8.699789162e+00 1.073011864e-04 1.119542055e-02 9.997909714e+00 2.691872516e+01
8.016032064e+02 6.810920748e+00 1.025463635e+00 8.632078217e+00 1.062388766e-04 1.113967941e-02 9.997794810e+00 2.689155424e+01
8.416833667e+02 6.811808923e+00 1.073168662e+00 8.564518248e+00 1.051961603e-04 1.108474226e-02 9.997680483e+00 2.686444706e+01
8.817635271e+02 6.812966284e+00 1.120514676e+00 8.497115110e+00 1.041731830e-04 1.103060174e-02 9.997566725e+00 2.683740483e+01
9.218436874e+02 6.814385369e+00 1.167504841e+00 8.429874598e+00 1.031698295e-04 1.097724845e-02 9.997453526e+00 2.681042876e+01
9.619238477e+02 6.816058832e+00 1.214142246e+00 8.362802439e+00 1.021858564e-04 1.092467216e-02 9.997340879e+00 2.678352002e+01
1.002004008e+03 6.817979441e+00 1.260429909e+00 8.295904292e+00 1.012209661e-04 1.087286236e-02 9.997228777e+00 2.675667976e+01
1.042084168e+03 6.820140079e+00 1.306370771e+00 8.229185751e+00 1.002747533e-04 1.082180786e-02 9.997117210e+00 2.672990912e+01
1.082164329e+03 6.822533738e+00 1.351967713e+00 8.162652334e+00 9.934686380e-05 1.077149790e-02 9.997006171e+00 2.670320920e+01
1.122244489e+03 6.825153526e+00 1.397223541e+00 8.096309495e+00 9.843685184e-05 1.072192119e-02 9.996895652e+00 2.667658110e+01
1.162324649e+03 6.827992657e+00 1.442141005e+00 8.030162606e+00 9.754437051e-05 1.067306725e-02 9.996785646e+00 2.665002588e+01
1.202404810e+03 6.831044457e+00 1.486722788e+00 7.964216972e+00 9.666901880e-05 1.062492530e-02 9.996676145e+00 2.662354457e+01
1.242484970e+03 6.834302358e+00 1.530971519e+00 7.898477816e+00 9.581044932e-05 1.057748508e-02 9.996567142e+00 2.659713821e+01
1.282565130e+03 6.837759902e+00 1.574889767e+00 7.832950285e+00 9.496829988e-05 1.053073630e-02 9.996458629e+00 2.657080779e+01
1.322645291e+03 6.841410733e+00 1.618480047e+00 7.767639449e+00 9.414222540e-05 1.048466892e-02 9.996350600e+00 2.654455428e+01
1.362725451e+03 6.845248602e+00 1.661744825e+00 7.702550292e+00 9.333187908e-05 1.043927292e-02 9.996243046e+00 2.651837863e+01
1.402805611e+03 6.849267365e+00 1.704686511e+00 7.637687726e+00 9.253692756e-05 1.039453854e-02 9.996135962e+00 2.649228178e+01
1.442885772e+03 6.853460980e+00 1.747307464e+00 7.573056575e+00 9.175704257e-05 1.035045610e-02 9.996029340e+00 2.646626461e+01
1.482965932e+03 6.857823508e+00 1.789610005e+00 7.508661581e+00 9.099190239e-05 1.030701606e-02 9.995923174e+00 2.644032803e+01
1.523046092e+03 6.862349109e+00 1.831596406e+00 7.444507399e+00 9.024118970e-05 1.026420902e-02 9.995817457e+00 2.641447288e+01
1.563126253e+03 6.867032042e+00 1.873268893e+00 7.380598603e+00 8.950460392e-05 1.022202579e-02 9.995712182e+00 2.638870000e+01
1.603206413e+03 6.871866662e+00 1.914629661e+00 7.316939675e+00 8.878184459e-05 1.018045726e-02 9.995607342e+00 2.636301019e+01
1.643286573e+03 6.876847431e+00 1.955680856e+00 7.253535014e+00 8.807262268e-05 1.013949447e-02 9.995502932e+00 2.633740424e+01
1.683366733e+03 6.881968910e+00 1.996424588e+00 7.190388932e+00 8.737665782e-05 1.009912864e-02 9.995398946e+00 2.631188292e+01
1.723446894e+03 6.887225749e+00 2.036862934e+00 7.127505647e+00 8.669367455e-05 1.005935109e-02 9.995295376e+00 2.628644697e+01
1.763527054e+03 6.892612667e+00 2.076997936e+00 7.064889296e+00 8.602339315e-05 1.002015322e-02 9.995192217e+00 2.626109709e+01
1.803607214e+03 6.898124490e+00 2.116831601e+00 7.002543922e+00 8.536554673e-05 9.981526563e-03 9.995089463e+00 2.623583395e+01
1.843687375e+03 6.903756261e+00 2.156365890e+00 6.940473478e+00 8.471994469e-05 9.943463416e-03 9.994987108e+00 2.621065830e+01
1.883767535e+03 6.909502888e+00 2.195602762e+00 6.878681828e+00 8.408624389e-05 9.905954807e-03 9.994885146e+00 2.618557070e+01
1.923847695e+03 6.915359537e+00 2.234544125e+00 6.817172743e+00 8.346424760e-05 9.868993148e-03 9.994783572e+00 2.616057181e+01
1.963927856e+03 6.921321409e+00 2.273191869e+00 6.755949902e+00 8.285370407e-05 9.832570399e-03 9.994682379e+00 2.613566221e+01
2.004008016e+03 6.927383802e+00 2.311547856e+00 6.695016896e+00 8.225438398e-05 9.796678808e-03 9.994581562e+00 2.611084247e+01
2.044088176e+03 6.933542096e+00 2.349613923e+00 6.634377228e+00 8.166605867e-05 9.761310694e-03 9.994481115e+00 2.608611316e+01
2.084168337e+03 6.939791767e+00 2.387391884e+00 6.574034298e+00 8.108850308e-05 9.726458482e-03 9.994381034e+00 2.606147480e+01
2.124248497e+03 6.946128383e+00 2.424883526e+00 6.513991416e+00 8.052150282e-05 9.692114763e-03 9.994281313e+00 2.603692788e+01
2.164328657e+03 6.952547583e+00 2.462090620e+00 6.454251802e+00 7.996484126e-05 9.658272162e-03 9.994181946e+00 2.601247289e+01
2.204408818e+03 6.959045110e+00 2.499014913e+00 6.394818585e+00 7.941831735e-05 9.624923522e-03 9.994082929e+00 2.598811028e+01
2.244488978e+03 6.965616768e+00 2.535658135e+00 6.335694802e+00 7.888172052e-05 9.592061658e-03 9.993984256e+00 2.596384050e+01
2.284569138e+03 6.972258462e+00 2.572021997e+00 6.276883395e+00 7.835485610e-05 9.559679603e-03 9.993885922e+00 2.593966394e+01
2.324649299e+03 6.978966175e+00 2.608108192e+00 6.218387213e+00 7.783753060e-05 9.527770461e-03 9.993787922e+00 2.591558101e+01
2.364729459e+03 6.985735969e+00 2.643918397e+00 6.160209017e+00 7.732955418e-05 9.496327433e-03 9.993690252e+00 2.589159206e+01
2.404809619e+03 6.992563990e+00 2.679454274e+00 6.102351473e+00 7.683074194e-05 9.465343827e-03 9.993592906e+00 2.586769745e+01
2.444889780e+03 6.999446461e+00 2.714717468e+00 6.044817155e+00 7.634091273e-05 9.434813050e-03 9.993495880e+00 2.584389749e+01
2.484969940e+03 7.006379687e+00 2.749709612e+00 5.987608547e+00 7.585989081e-05 9.404728619e-03 9.993399168e+00 2.582019248e+01
2.525050100e+03 7.013360048e+00 2.784432326e+00 5.930728041e+00 7.538750197e-05 9.375084125e-03 9.993302768e+00 2.579658271e+01
2.565130261e+03 7.020384004e+00 2.818887219e+00 5.874177941e+00 7.492357910e-05 9.345873287e-03 9.993206673e+00 2.577306844e+01
2.605210421e+03 7.027448087e+00 2.853075886e+00 5.817960457e+00 7.446795563e-05 9.317089886e-03 9.993110880e+00 2.574964989e+01
2.645290581e+03 7.034548909e+00 2.886999913e+00 5.762077711e+00 7.402047169e-05 9.288727827e-03 9.993015384e+00 2.572632730e+01
2.685370741e+03 7.041683152e+00 2.920660875e+00 5.706531736e+00 7.358096914e-05 9.260781088e-03 9.992920180e+00 2.570310084e+01
2.725450902e+03 7.048847576e+00 2.954060338e+00 5.651324476e+00 7.314929400e-05 9.233243743e-03 9.992825265e+00 2.567997071e+01
2.765531062e+03 7.056039011e+00 2.987199859e+00 5.596457785e+00 7.272529563e-05 9.206109954e-03 9.992730633e+00 2.565693704e+01
2.805611222e+03 7.063254361e+00 3.020080985e+00 5.541933433e+00 7.230882655e-05 9.179373969e-03 9.992636282e+00 2.563399999e+01
2.845691383e+03 7.070490598e+00 3.052705259e+00 5.487753098e+00 7.189974269e-05 9.153030124e-03 9.992542207e+00 2.561115966e+01
2.885771543e+03 7.077744766e+00 3.085074212e+00 5.433918377e+00 7.149790329e-05 9.127072839e-03 9.992448403e+00 2.558841615e+01
2.925851703e+03 7.085013978e+00 3.117189372e+00 5.380430778e+00 7.110317027e-05 9.101496617e-03 9.992354867e+00 2.556576953e+01
2.965931864e+03 7.092295416e+00 3.149052259e+00 5.327291724e+00 7.071540877e-05 9.076296040e-03 9.992261595e+00 2.554321987e+01
3.006012024e+03 7.099586328e+00 3.180664387e+00 5.274502557e+00 7.033448737e-05 9.051465781e-03 9.992168583e+00 2.552076721e+01
3.046092184e+03 7.106884029e+00 3.212027267e+00 5.222064531e+00 6.996027688e-05 9.027000583e-03 9.992075827e+00 2.549841156e+01
3.086172345e+03 7.114185899e+00 3.243142402e+00 5.169978821e+00 6.959265119e-05 9.002895271e-03 9.991983323e+00 2.547615293e+01
3.126252505e+03 7.121489385e+00 3.274011292e+00 5.118246520e+00 6.923148704e-05 8.979144749e-03 9.991891068e+00 2.545399131e+01
3.166332665e+03 7.128791995e+00 3.304635433e+00 5.066868637e+00 6.887666373e-05 8.955743994e-03 9.991799058e+00 2.543192666e+01
3.206412826e+03 7.136091301e+00 3.335016317e+00 5.015846106e+00 6.852806318e-05 8.932688061e-03 9.991707290e+00 2.540995894e+01
3.246492986e+03 7.143384939e+00 3.365155431e+00 4.965179778e+00 6.818556984e-05 8.909972075e-03 9.991615759e+00 2.538808807e+01
3.286573146e+03 7.150670603e+00 3.395054260e+00 4.914870427e+00 6.784907065e-05 8.887591235e-03 9.991524463e+00 2.536631398e+01
3.326653307e+03 7.157946051e+00 3.424714286e+00 4.864918751e+00 6.751845494e-05 8.865540812e-03 9.991433397e+00 2.534463656e+01
3.366733467e+03 7.165209097e+00 3.454136987e+00 4.815325371e+00 6.719361452e-05 8.843816148e-03 9.991342559e+00 2.532305571e+01
3.406813627e+03 7.172457617e+00 3.483323840e+00 4.766090833e+00 6.687444336e-05 8.822412651e-03 9.991251944e+00 2.530157129e+01
3.446893788e+03 7.179689543e+00 3.512276319e+00 4.717215607e+00 6.656083767e-05 8.801325799e-03 9.991161551e+00 2.528018316e+01
3.486973948e+03 7.186902863e+00 3.540995894e+00 4.668700094e+00 6.625269610e-05 8.780551139e-03 9.991071375e+00 2.525889115e+01
3.527054108e+03 7.194095623e+00 3.569484036e+00 4.620544620e+00 6.594991919e-05 8.760084282e-03 9.990981413e+00 2.523769509e+01
3.567134269e+03 7.201265925e+00 3.597742214e+00 4.572749440e+00 6.565240965e-05 8.739920902e-03 9.990891663e+00 2.521659480e+01
3.607214429e+03 7.208411921e+00 3.625771890e+00 4.525314741e+00 6.536007242e-05 8.720056742e-03 9.990802120e+00 2.519559006e+01
3.647294589e+03 7.215531822e+00 3.653574532e+00 4.478240639e+00 6.507281418e-05 8.700487605e-03 9.990712782e+00 2.517468066e+01
3.687374749e+03 7.222623889e+00 3.681151603e+00 4.431527182e+00 6.479054361e-05 8.681209356e-03 9.990623646e+00 2.515386637e+01
3.727454910e+03 7.229686433e+00 3.708504565e+00 4.385174352e+00 6.451317129e-05 8.662217919e-03 9.990534709e+00 2.513314694e+01
3.767535070e+03 7.236717820e+00 3.735634877e+00 4.339182069e+00 6.424060997e-05 8.643509285e-03 9.990445967e+00 2.511252212e+01
3.807615230e+03 7.243716464e+00 3.762544000e+00 4.293550183e+00 6.397277382e-05 8.625079498e-03 9.990357419e+00 2.509199164e+01
3.847695391e+03 7.250680828e+00 3.789233392e+00 4.248278483e+00 6.370957888e-05 8.606924660e-03 9.990269061e+00 2.507155521e+01
3.887775551e+03 7.257609424e+00 3.815704512e+00 4.203366694e+00 6.345094286e-05 8.589040934e-03 9.990180889e+00 2.505121254e+01
3.927855711e+03 7.264500813e+00 3.841958815e+00 4.158814485e+00 6.319678551e-05 8.571424538e-03 9.990092903e+00 2.503096333e+01
3.967935872e+03 7.271353601e+00 3.867997755e+00 4.114621462e+00 6.294702794e-05 8.554071747e-03 9.990005098e+00 2.501080725e+01
4.008016032e+03 7.278166440e+00 3.893822789e+00 4.070787170e+00 6.270159282e-05 8.536978888e-03 9.989917472e+00 2.499074398e+01
4.048096192e+03 7.284938030e+00 3.919435371e+00 4.027311098e+00 6.246040444e-05 8.520142341e-03 9.989830022e+00 2.497077318e+01
4.088176353e+03 7.291667112e+00 3.944836952e+00 3.984192682e+00 6.222338881e-05 8.503558544e-03 9.989742746e+00 2.495089450e+01
4.128256513e+03 7.298352473e+00 3.970028982e+00 3.941431299e+00 6.199047335e-05 8.487223985e-03 9.989655640e+00 2.493110758e+01
4.168336673e+03 7.304992944e+00 3.995012914e+00 3.899026272e+00 6.176158680e-05 8.471135202e-03 9.989568704e+00 2.491141206e+01
4.208416834e+03 7.311587393e+00 4.019790198e+00 3.856976873e+00 6.153665940e-05 8.455288783e-03 9.989481933e+00 2.489180754e+01
4.248496994e+03 7.318134736e+00 4.044362281e+00 3.815282321e+00 6.131562292e-05 8.439681370e-03 9.989395326e+00 2.487229365e+01
4.288577154e+03 7.324633926e+00 4.068730610e+00 3.773941785e+00 6.109841058e-05 8.424309653e-03 9.989308879e+00 2.485286999e+01
4.328657315e+03 7.331083955e+00 4.092896632e+00 3.732954384e+00 6.088495665e-05 8.409170369e-03 9.989222591e+00 2.483353614e+01
4.368737475e+03 7.337483855e+00 4.116861793e+00 3.692319189e+00 6.067519682e-05 8.394260302e-03 9.989136460e+00 2.481429170e+01
4.408817635e+03 7.343832698e+00 4.140627536e+00 3.652035222e+00 6.046906809e-05 8.379576284e-03 9.989050482e+00 2.479513624e+01
4.448897796e+03 7.350129593e+00 4.164195303e+00 3.612101463e+00 6.026650882e-05 8.365115194e-03 9.988964655e+00 2.477606933e+01
4.488977956e+03 7.356373684e+00 4.187566534e+00 3.572516842e+00 6.006745836e-05 8.350873955e-03 9.988878978e+00 2.475709054e+01
4.529058116e+03 7.362564152e+00 4.210742671e+00 3.533280251e+00 5.987185733e-05 8.336849533e-03 9.988793447e+00 2.473819941e+01
4.569138277e+03 7.368700214e+00 4.233725152e+00 3.494390534e+00 5.967964754e-05 8.323038943e-03 9.988708061e+00 2.471939550e+01
4.609218437e+03 7.374781121e+00 4.256515410e+00 3.455846496e+00 5.949077217e-05 8.309439242e-03 9.988622818e+00 2.470067834e+01
4.649298597e+03 7.380806160e+00 4.279114883e+00 3.417646902e+00 5.930517517e-05 8.296047527e-03 9.988537715e+00 2.468204747e+01
4.689378758e+03 7.386774647e+00 4.301525003e+00 3.379790477e+00 5.912280168e-05 8.282860939e-03 9.988452750e+00 2.466350241e+01
4.729458918e+03 7.392685935e+00 4.323747201e+00 3.342275907e+00 5.894359792e-05 8.269876659e-03 9.988367921e+00 2.464504269e+01
4.769539078e+03 7.398539406e+00 4.345782904e+00 3.305101843e+00 5.876751124e-05 8.257091912e-03 9.988283226e+00 2.462666783e+01
4.809619238e+03 7.404334474e+00 4.367633541e+00 3.268266897e+00 5.859448988e-05 8.244503960e-03 9.988198663e+00 2.460837732e+01
4.849699399e+03 7.410070585e+00 4.389300536e+00 3.231769649e+00 5.842448311e-05 8.232110105e-03 9.988114230e+00 2.459017069e+01
4.889779559e+03 7.415747214e+00 4.410785309e+00 3.195608643e+00 5.825744130e-05 8.219907691e-03 9.988029924e+00 2.457204742e+01
4.929859719e+03 7.421363863e+00 4.432089281e+00 3.159782391e+00 5.809331572e-05 8.207894099e-03 9.987945745e+00 2.455400701e+01
4.969939880e+03 7.426920066e+00 4.453213869e+00 3.124289374e+00 5.793205856e-05 8.196066747e-03 9.987861689e+00 2.453604896e+01
5.010020040e+03 7.432415382e+00 4.474160486e+00 3.089128040e+00 5.777362291e-05 8.184423091e-03 9.987777756e+00 2.451817274e+01
5.050100200e+03 7.437849400e+00 4.494930543e+00 3.054296809e+00 5.761796269e-05 8.172960623e-03 9.987693942e+00 2.450037784e+01
5.090180361e+03 7.443221735e+00 4.515525451e+00 3.019794072e+00 5.746503278e-05 8.161676871e-03 9.987610247e+00 2.448266373e+01
5.130260521e+03 7.448532026e+00 4.535946612e+00 2.985618193e+00 5.731478884e-05 8.150569398e-03 9.987526668e+00 2.446502990e+01
5.170340681e+03 7.453779940e+00 4.556195431e+00 2.951767506e+00 5.716718739e-05 8.139635803e-03 9.987443204e+00 2.444747580e+01
5.210420842e+03 7.458965168e+00 4.576273305e+00 2.918240323e+00 5.702218574e-05 8.128873719e-03 9.987359853e+00 2.443000092e+01
5.250501002e+03 7.464087425e+00 4.596181630e+00 2.885034930e+00 5.687974194e-05 8.118280811e-03 9.987276613e+00 2.441260471e+01
5.290581162e+03 7.469146449e+00 4.615921798e+00 2.852149588e+00 5.673981494e-05 8.107854780e-03 9.987193482e+00 2.439528663e+01
5.330661323e+03 7.474142003e+00 4.635495197e+00 2.819582536e+00 5.660236461e-05 8.097593363e-03 9.987110458e+00 2.437804614e+01
5.370741483e+03 7.479073870e+00 4.654903211e+00 2.787331991e+00 5.646735135e-05 8.087494326e-03 9.987027541e+00 2.436088270e+01
5.410821643e+03 7.483941857e+00 4.674147220e+00 2.755396149e+00 5.633473637e-05 8.077555466e-03 9.986944728e+00 2.434379576e+01
5.450901804e+03 7.488745790e+00 4.693228599e+00 2.723773184e+00 5.620448159e-05 8.067774615e-03 9.986862017e+00 2.432678477e+01
5.490981964e+03 7.493485519e+00 4.712148723e+00 2.692461254e+00 5.607654969e-05 8.058149634e-03 9.986779408e+00 2.430984918e+01
5.531062124e+03 7.498160912e+00 4.730908956e+00 2.661458496e+00 5.595090402e-05 8.048678415e-03 9.986696897e+00 2.429298844e+01
5.571142285e+03 7.502771857e+00 4.749510664e+00 2.630763031e+00 5.582750847e-05 8.039358879e-03 9.986614485e+00 2.427620200e+01
5.611222445e+03 7.507318265e+00 4.767955207e+00 2.600372961e+00 5.570632752e-05 8.030188973e-03 9.986532169e+00 2.425948930e+01
5.651302605e+03 7.511800062e+00 4.786243939e+00 2.570286374e+00 5.558732640e-05 8.021166678e-03 9.986449947e+00 2.424284978e+01
5.691382766e+03 7.516217193e+00 4.804378209e+00 2.540501343e+00 5.547047089e-05 8.012290001e-03 9.986367819e+00 2.422628289e+01
5.731462926e+03 7.520569622e+00 4.822359362e+00 2.511015925e+00 5.535572778e-05 8.003556982e-03 9.986285782e+00 2.420978807e+01
5.771543086e+03 7.524857331e+00 4.840188739e+00 2.481828165e+00 5.524306403e-05 7.994965685e-03 9.986203835e+00 2.419336477e+01
5.811623246e+03 7.529080316e+00 4.857867672e+00 2.452936095e+00 5.513244733e-05 7.986514202e-03 9.986121977e+00 2.417701241e+01
5.851703407e+03 7.533238589e+00 4.875397492e+00 2.424337735e+00 5.502384623e-05 7.978200655e-03 9.986040207e+00 2.416073045e+01
5.891783567e+03 7.537332177e+00 4.892779520e+00 2.396031092e+00 5.491722978e-05 7.970023195e-03 9.985958522e+00 2.414451832e+01
5.931863727e+03 7.541361125e+00 4.910015074e+00 2.368014166e+00 5.481256760e-05 7.961979997e-03 9.985876922e+00 2.412837544e+01
5.971943888e+03 7.545325489e+00 4.927105466e+00 2.340284945e+00 5.470982974e-05 7.954069262e-03 9.985795404e+00 2.411230127e+01
6.012024048e+03 7.549225348e+00 4.944052006e+00 2.312841408e+00 5.460898619e-05 7.946289203e-03 9.985713969e+00 2.409629525e+01
6.052104208e+03 7.553060787e+00 4.960855997e+00 2.285681526e+00 5.451000814e-05 7.938638073e-03 9.985632614e+00 2.408035681e+01
6.092184369e+03 7.556831905e+00 4.977518733e+00 2.258803263e+00 5.441286698e-05 7.931114142e-03 9.985551338e+00 2.406448539e+01
6.132264529e+03 7.560538827e+00 4.994041507e+00 2.232204574e+00 5.431753457e-05 7.923715708e-03 9.985470140e+00 2.404868044e+01
6.172344689e+03 7.564181682e+00 5.010425606e+00 2.205883409e+00 5.422398313e-05 7.916441086e-03 9.985389018e+00 2.403294141e+01
6.212424850e+03 7.567760614e+00 5.026672310e+00 2.179837712e+00 5.413218525e-05 7.909288617e-03 9.985307971e+00 2.401726775e+01
6.252505010e+03 7.571275778e+00 5.042782891e+00 2.154065424e+00 5.404211470e-05 7.902256674e-03 9.985226999e+00 2.400165888e+01
6.292585170e+03 7.574727331e+00 5.058758605e+00 2.128564475e+00 5.395374652e-05 7.895343666e-03 9.985146099e+00 2.398611426e+01
6.332665331e+03 7.578115452e+00 5.074600714e+00 2.103332799e+00 5.386705513e-05 7.888548010e-03 9.985065270e+00 2.397063332e+01
6.372745491e+03 7.581440326e+00 5.090310465e+00 2.078368322e+00 5.378201605e-05 7.881868152e-03 9.984984512e+00 2.395521551e+01
6.412825651e+03 7.584702140e+00 5.105889106e+00 2.053668969e+00 5.369860413e-05 7.875302541e-03 9.984903823e+00 2.393986027e+01
6.452905812e+03 7.587901095e+00 5.121337868e+00 2.029232661e+00 5.361679605e-05 7.868849672e-03 9.984823201e+00 2.392456704e+01
6.492985972e+03 7.591037396e+00 5.136657981e+00 2.005057321e+00 5.353656855e-05 7.862508054e-03 9.984742647e+00 2.390933524e+01
6.533066132e+03 7.594111280e+00 5.151850679e+00 1.981140868e+00 5.345789677e-05 7.856276189e-03 9.984662158e+00 2.389416436e+01
6.573146293e+03 7.597123007e+00 5.166917204e+00 1.957481220e+00 5.338075466e-05 7.850152576e-03 9.984581733e+00 2.387905389e+01
6.613226453e+03 7.600072838e+00 5.181858787e+00 1.934076296e+00 5.330511695e-05 7.844135738e-03 9.984501372e+00 2.386400330e+01
6.653306613e+03 7.602961018e+00 5.196676589e+00 1.910924016e+00 5.323096695e-05 7.838224350e-03 9.984421073e+00 2.384901201e+01
6.693386774e+03 7.605787771e+00 5.211371802e+00 1.888022299e+00 5.315828416e-05 7.832417035e-03 9.984340835e+00 2.383407944e+01
6.733466934e+03 7.608553388e+00 5.225945631e+00 1.865369067e+00 5.308704569e-05 7.826712393e-03 9.984260658e+00 2.381920509e+01
6.773547094e+03 7.611258142e+00 5.240399260e+00 1.842962242e+00 5.301723006e-05 7.821109061e-03 9.984180539e+00 2.380438841e+01
6.813627255e+03 7.613902321e+00 5.254733867e+00 1.820799750e+00 5.294881624e-05 7.815605696e-03 9.984100478e+00 2.378962888e+01
6.853707415e+03 7.616486216e+00 5.268950620e+00 1.798879520e+00 5.288178395e-05 7.810200982e-03 9.984020475e+00 2.377492596e+01
6.893787575e+03 7.619010124e+00 5.283050681e+00 1.777199483e+00 5.281611306e-05 7.804893617e-03 9.983940527e+00 2.376027912e+01
6.933867735e+03 7.621474349e+00 5.297035205e+00 1.755757574e+00 5.275178377e-05 7.799682315e-03 9.983860634e+00 2.374568782e+01
6.973947896e+03 7.623879201e+00 5.310905342e+00 1.734551730e+00 5.268877666e-05 7.794565810e-03 9.983780796e+00 2.373115156e+01
7.014028056e+03 7.626224998e+00 5.324662229e+00 1.713579894e+00 5.262707262e-05 7.789542854e-03 9.983701010e+00 2.371666980e+01
7.054108216e+03 7.628512060e+00 5.338307002e+00 1.692840015e+00 5.256665287e-05 7.784612216e-03 9.983621276e+00 2.370224202e+01
7.094188377e+03 7.630740715e+00 5.351840786e+00 1.672330043e+00 5.250749891e-05 7.779772680e-03 9.983541594e+00 2.368786771e+01
7.134268537e+03 7.632911296e+00 5.365264696e+00 1.652047938e+00 5.244959271e-05 7.775023056e-03 9.983461961e+00 2.367354635e+01
7.174348697e+03 7.635024141e+00 5.378579843e+00 1.631991663e+00 5.239291639e-05 7.770362163e-03 9.983382378e+00 2.365927743e+01
7.214428858e+03 7.637079594e+00 5.391787326e+00 1.612159188e+00 5.233745243e-05 7.765788838e-03 9.983302843e+00 2.364506045e+01
7.254509018e+03 7.639078001e+00 5.404888239e+00 1.592548490e+00 5.228318356e-05 7.761301932e-03 9.983223356e+00 2.363089488e+01
7.294589178e+03 7.641019713e+00 5.417883670e+00 1.573157551e+00 5.223009269e-05 7.756900310e-03 9.983143915e+00 2.361678023e+01
7.334669339e+03 7.642905085e+00 5.430774697e+00 1.553984362e+00 5.217816314e-05 7.752582855e-03 9.983064519e+00 2.360271601e+01
7.374749499e+03 7.644734475e+00 5.443562393e+00 1.535026919e+00 5.212737844e-05 7.748348466e-03 9.982985169e+00 2.358870170e+01
7.414829659e+03 7.646508246e+00 5.456247822e+00 1.516283226e+00 5.207772242e-05 7.744196057e-03 9.982905862e+00 2.357473682e+01
7.454909820e+03 7.648226762e+00 5.468832036e+00 1.497751296e+00 5.202917922e-05 7.740124560e-03 9.982826599e+00 2.356082088e+01
7.494989980e+03 7.649890395e+00 5.481316084e+00 1.479429149e+00 5.198173322e-05 7.736132920e-03 9.982747378e+00 2.354695338e+01
7.535070140e+03 7.651499514e+00 5.493701008e+00 1.461314815e+00 5.193536895e-05 7.732220091e-03 9.982668198e+00 2.353313384e+01
7.575150301e+03 7.653054497e+00 5.505987842e+00 1.443406330e+00 5.189007131e-05 7.728385047e-03 9.982589059e+00 2.351936178e+01
7.615230461e+03 7.654555717e+00 5.518177603e+00 1.425701741e+00 5.184582544e-05 7.724626780e-03 9.982509960e+00 2.350563672e+01
7.655310621e+03 7.656003556e+00 5.530271308e+00 1.408199103e+00 5.180261674e-05 7.720944292e-03 9.982430900e+00 2.349195818e+01
7.695390782e+03 7.657398397e+00 5.542269969e+00 1.390896481e+00 5.176043068e-05 7.717336592e-03 9.982351878e+00 2.347832568e+01
7.735470942e+03 7.658740624e+00 5.554174591e+00 1.373791948e+00 5.171925300e-05 7.713802702e-03 9.982272893e+00 2.346473878e+01
7.775551102e+03 7.660030623e+00 5.565986160e+00 1.356883589e+00 5.167906982e-05 7.710341671e-03 9.982193946e+00 2.345119698e+01
7.815631263e+03 7.661268777e+00 5.577705651e+00 1.340169497e+00 5.163986755e-05 7.706952564e-03 9.982115034e+00 2.343769983e+01
7.855711423e+03 7.662455475e+00 5.589334037e+00 1.323647775e+00 5.160163271e-05 7.703634453e-03 9.982036157e+00 2.342424685e+01
7.895791583e+03 7.663591118e+00 5.600872319e+00 1.307316538e+00 5.156435154e-05 7.700386383e-03 9.981957316e+00 2.341083762e+01
7.935871743e+03 7.664676101e+00 5.612321470e+00 1.291173908e+00 5.152801075e-05 7.697207433e-03 9.981878507e+00 2.339747171e+01
7.975951904e+03 7.665710811e+00 5.623682418e+00 1.275218022e+00 5.149259780e-05 7.694096735e-03 9.981799732e+00 2.338414864e+01
8.016032064e+03 7.666695631e+00 5.634956075e+00 1.259447024e+00 5.145810049e-05 7.691053443e-03 9.981720990e+00 2.337086792e+01
8.056112224e+03 7.667630956e+00 5.646143375e+00 1.243859072e+00 5.142450646e-05 7.688076695e-03 9.981642279e+00 2.335762911e+01
8.096192385e+03 7.668517183e+00 5.657245253e+00 1.228452332e+00 5.139180334e-05 7.685165626e-03 9.981563599e+00 2.334443177e+01
8.136272545e+03 7.669354730e+00 5.668262698e+00 1.213224983e+00 5.135997793e-05 7.682319308e-03 9.981484950e+00 2.333127554e+01
8.176352705e+03 7.670143992e+00 5.679196621e+00 1.198175214e+00 5.132901825e-05 7.679536902e-03 9.981406330e+00 2.331816000e+01
8.216432866e+03 7.670885367e+00 5.690047926e+00 1.183301228e+00 5.129891252e-05 7.676817582e-03 9.981327739e+00 2.330508470e+01
8.256513026e+03 7.671579210e+00 5.700817376e+00 1.168601235e+00 5.126965163e-05 7.674160709e-03 9.981249177e+00 2.329204907e+01
8.296593186e+03 7.672225952e+00 5.711505961e+00 1.154073460e+00 5.124122260e-05 7.671565365e-03 9.981170642e+00 2.327905280e+01
8.336673347e+03 7.672825995e+00 5.722114582e+00 1.139716140e+00 5.121361383e-05 7.669030727e-03 9.981092134e+00 2.326609550e+01
8.376753507e+03 7.673379730e+00 5.732644092e+00 1.125527523e+00 5.118681468e-05 7.666556043e-03 9.981013653e+00 2.325317671e+01
8.416833667e+03 7.673887554e+00 5.743095356e+00 1.111505869e+00 5.116081434e-05 7.664140545e-03 9.980935198e+00 2.324029604e+01
8.456913828e+03 7.674349866e+00 5.753469233e+00 1.097649448e+00 5.113560211e-05 7.661783474e-03 9.980856768e+00 2.322745307e+01
8.496993988e+03 7.674767062e+00 5.763766574e+00 1.083956544e+00 5.111116748e-05 7.659484079e-03 9.980778363e+00 2.321464739e+01
8.537074148e+03 7.675139539e+00 5.773988225e+00 1.070425451e+00 5.108750009e-05 7.657241623e-03 9.980699982e+00 2.320187861e+01
8.577154309e+03 7.675467692e+00 5.784135020e+00 1.057054478e+00 5.106458977e-05 7.655055377e-03 9.980621624e+00 2.318914632e+01
8.617234469e+03 7.675751917e+00 5.794207790e+00 1.043841941e+00 5.104242642e-05 7.652924620e-03 9.980543289e+00 2.317645014e+01
8.657314629e+03 7.675992610e+00 5.804207354e+00 1.030786174e+00 5.102100023e-05 7.650848645e-03 9.980464977e+00 2.316378966e+01
8.697394790e+03 7.676190162e+00 5.814134526e+00 1.017885521e+00 5.100030144e-05 7.648826751e-03 9.980386686e+00 2.315116451e+01
8.737474950e+03 7.676344968e+00 5.823990108e+00 1.005138344e+00 5.098032054e-05 7.646858254e-03 9.980308417e+00 2.313857429e+01
8.777555110e+03 7.676457419e+00 5.833774899e+00 9.925430103e-01 5.096104804e-05 7.644942468e-03 9.980230168e+00 2.312601863e+01
8.817635271e+03 7.676527906e+00 5.843489689e+00 9.800979026e-01 5.094247467e-05 7.643078724e-03 9.980151939e+00 2.311349715e+01
8.857715431e+03 7.676556819e+00 5.853135261e+00 9.678014145e-01 5.092459125e-05 7.641266358e-03 9.980073730e+00 2.310100948e+01
8.897795591e+03 7.676544547e+00 5.862712391e+00 9.556519535e-01 5.090738877e-05 7.639504716e-03 9.979995540e+00 2.308855524e+01
8.937875752e+03 7.676491477e+00 5.872221846e+00 9.436479377e-01 5.089085835e-05 7.637793155e-03 9.979917369e+00 2.307613406e+01
8.977955912e+03 7.676397994e+00 5.881664389e+00 9.317877998e-01 5.087499123e-05 7.636131036e-03 9.979839215e+00 2.306374559e+01
9.018036072e+03 7.676264485e+00 5.891040771e+00 9.200699839e-01 5.085977881e-05 7.634517734e-03 9.979761079e+00 2.305138947e+01
9.058116232e+03 7.676091331e+00 5.900351740e+00 9.084929473e-01 5.084521260e-05 7.632952629e-03 9.979682961e+00 2.303906533e+01
9.098196393e+03 7.675878916e+00 5.909598033e+00 8.970551601e-01 5.083128426e-05 7.631435111e-03 9.979604858e+00 2.302677282e+01
9.138276553e+03 7.675627618e+00 5.918780383e+00 8.857551047e-01 5.081798554e-05 7.629964578e-03 9.979526772e+00 2.301451159e+01
9.178356713e+03 7.675337817e+00 5.927899513e+00 8.745912762e-01 5.080530835e-05 7.628540434e-03 9.979448701e+00 2.300228129e+01
9.218436874e+03 7.675009890e+00 5.936956141e+00 8.635621824e-01 5.079324469e-05 7.627162094e-03 9.979370646e+00 2.299008159e+01
9.258517034e+03 7.674644212e+00 5.945950976e+00 8.526663437e-01 5.078178670e-05 7.625828980e-03 9.979292605e+00 2.297791213e+01
9.298597194e+03 7.674241156e+00 5.954884721e+00 8.419022928e-01 5.077092661e-05 7.624540521e-03 9.979214578e+00 2.296577259e+01
9.338677355e+03 7.673801095e+00 5.963758073e+00 8.312685753e-01 5.076065678e-05 7.623296152e-03 9.979136565e+00 2.295366263e+01
9.378757515e+03 7.673324398e+00 5.972571722e+00 8.207637493e-01 5.075096970e-05 7.622095319e-03 9.979058565e+00 2.294158191e+01
9.418837675e+03 7.672811434e+00 5.981326348e+00 8.103863853e-01 5.074185795e-05 7.620937473e-03 9.978980578e+00 2.292953012e+01
9.458917836e+03 7.672262569e+00 5.990022626e+00 8.001350666e-01 5.073331423e-05 7.619822074e-03 9.978902603e+00 2.291750692e+01
9.498997996e+03 7.671678167e+00 5.998661224e+00 7.900083887e-01 5.072533134e-05 7.618748589e-03 9.978824640e+00 2.290551200e+01
9.539078156e+03 7.671058590e+00 6.007242803e+00 7.800049598e-01 5.071790218e-05 7.617716492e-03 9.978746689e+00 2.289354504e+01
9.579158317e+03 7.670404198e+00 6.015768020e+00 7.701234004e-01 5.071101977e-05 7.616725261e-03 9.978668749e+00 2.288160572e+01
9.619238477e+03 7.669715350e+00 6.024237521e+00 7.603623437e-01 5.070467721e-05 7.615774386e-03 9.978590819e+00 2.286969374e+01
9.659318637e+03 7.668992402e+00 6.032651948e+00 7.507204349e-01 5.069886771e-05 7.614863361e-03 9.978512900e+00 2.285780877e+01
9.699398798e+03 7.668235709e+00 6.041011935e+00 7.411963319e-01 5.069358461e-05 7.613991686e-03 9.978434990e+00 2.284595053e+01
9.739478958e+03 7.667445620e+00 6.049318110e+00 7.317887047e-01 5.068882131e-05 7.613158870e-03 9.978357090e+00 2.283411871e+01
9.779559118e+03 7.666622488e+00 6.057571095e+00 7.224962358e-01 5.068457132e-05 7.612364428e-03 9.978279199e+00 2.282231300e+01
9.819639279e+03 7.665766658e+00 6.065771503e+00 7.133176197e-01 5.068082824e-05 7.611607880e-03 9.978201317e+00 2.281053312e+01
9.859719439e+03 7.664878478e+00 6.073919945e+00 7.042515633e-01 5.067758578e-05 7.610888754e-03 9.978123442e+00 2.279877876e+01
9.899799599e+03 7.663958288e+00 6.082017021e+00 6.952967855e-01 5.067483773e-05 7.610206584e-03 9.978045576e+00 2.278704965e+01
9.939879760e+03 7.663006432e+00 6.090063327e+00 6.864520173e-01 5.067257794e-05 7.609560908e-03 9.977967717e+00 2.277534549e+01
9.979959920e+03 7.662023247e+00 6.098059453e+00 6.777160019e-01 5.067080040e-05 7.608951274e-03 9.977889865e+00 2.276366600e+01
1.002004008e+04 7.661009070e+00 6.106005980e+00 6.690874942e-01 5.066949915e-05 7.608377233e-03 9.977812020e+00 2.275201090e+01
1.006012024e+04 7.659964235e+00 6.113903487e+00 6.605652613e-01 5.066866833e-05 7.607838344e-03 9.977734182e+00 2.274037992e+01
1.010020040e+04 7.658889073e+00 6.121752543e+00 6.521480822e-01 5.066830217e-05 7.607334169e-03 9.977656349e+00 2.272877277e+01
1.014028056e+04 7.657783915e+00 6.129553712e+00 6.438347476e-01 5.066839495e-05 7.606864279e-03 9.977578522e+00 2.271718918e+01
1.018036072e+04 7.656649087e+00 6.137307554e+00 6.356240600e-01 5.066894108e-05 7.606428250e-03 9.977500700e+00 2.270562890e+01
1.022044088e+04 7.655484914e+00 6.145014620e+00 6.275148335e-01 5.066993503e-05 7.606025661e-03 9.977422884e+00 2.269409164e+01
1.026052104e+04 7.654291719e+00 6.152675457e+00 6.195058942e-01 5.067137134e-05 7.605656101e-03 9.977345071e+00 2.268257715e+01
1.030060120e+04 7.653069820e+00 6.160290604e+00 6.115960797e-01 5.067324462e-05 7.605319161e-03 9.977267263e+00 2.267108517e+01
1.034068136e+04 7.651819537e+00 6.167860597e+00 6.037842387e-01 5.067554960e-05 7.605014438e-03 9.977189460e+00 2.265961543e+01
1.038076152e+04 7.650541185e+00 6.175385963e+00 5.960692318e-01 5.067828104e-05 7.604741536e-03 9.977111659e+00 2.264816770e+01
1.042084168e+04 7.649235076e+00 6.182867226e+00 5.884499310e-01 5.068143381e-05 7.604500063e-03 9.977033862e+00 2.263674170e+01
1.046092184e+04 7.647901520e+00 6.190304902e+00 5.809252195e-01 5.068500282e-05 7.604289632e-03 9.976956068e+00 2.262533720e+01
1.050100200e+04 7.646540826e+00 6.197699503e+00 5.734939917e-01 5.068898307e-05 7.604109861e-03 9.976878277e+00 2.261395395e+01
1.054108216e+04 7.645153300e+00 6.205051534e+00 5.661551533e-01 5.069336963e-05 7.603960375e-03 9.976800487e+00 2.260259170e+01
1.058116232e+04 7.643739244e+00 6.212361495e+00 5.589076212e-01 5.069815764e-05 7.603840801e-03 9.976722700e+00 2.259125021e+01
1.062124248e+04 7.642298959e+00 6.219629881e+00 5.517503233e-01 5.070334231e-05 7.603750774e-03 9.976644915e+00 2.257992924e+01
1.066132265e+04 7.640832745e+00 6.226857180e+00 5.446821985e-01 5.070891890e-05 7.603689930e-03 9.976567131e+00 2.256862857e+01
1.070140281e+04 7.639340896e+00 6.234043876e+00 5.377021963e-01 5.071488277e-05 7.603657915e-03 9.976489348e+00 2.255734795e+01
1.074148297e+04 7.637823707e+00 6.241190447e+00 5.308092776e-01 5.072122932e-05 7.603654375e-03 9.976411566e+00 2.254608715e+01
1.078156313e+04 7.636281468e+00 6.248297365e+00 5.240024139e-01 5.072795402e-05 7.603678963e-03 9.976333784e+00 2.253484595e+01
1.082164329e+04 7.634714468e+00 6.255365098e+00 5.172805871e-01 5.073505240e-05 7.603731336e-03 9.976256003e+00 2.252362412e+01
1.086172345e+04 7.633122994e+00 6.262394107e+00 5.106427899e-01 5.074252008e-05 7.603811155e-03 9.976178222e+00 2.251242144e+01
1.090180361e+04 7.631507330e+00 6.269384850e+00 5.040880258e-01 5.075035270e-05 7.603918088e-03 9.976100440e+00 2.250123769e+01
1.094188377e+04 7.629867756e+00 6.276337778e+00 4.976153085e-01 5.075854598e-05 7.604051804e-03 9.976022658e+00 2.249007265e+01
1.098196393e+04 7.628204552e+00 6.283253337e+00 4.912236621e-01 5.076709572e-05 7.604211978e-03 9.975944874e+00 2.247892610e+01
1.102204409e+04 7.626517995e+00 6.290131968e+00 4.849121209e-01 5.077599776e-05 7.604398290e-03 9.975867090e+00 2.246779784e+01
1.106212425e+04 7.624808359e+00 6.296974109e+00 4.786797300e-01 5.078524798e-05 7.604610423e-03 9.975789304e+00 2.245668764e+01
1.110220441e+04 7.623075915e+00 6.303780189e+00 4.725255442e-01 5.079484236e-05 7.604848064e-03 9.975711517e+00 2.244559531e+01
1.114228457e+04 7.621320934e+00 6.310550637e+00 4.664486287e-01 5.080477689e-05 7.605110905e-03 9.975633727e+00 2.243452064e+01
1.118236473e+04 7.619543681e+00 6.317285872e+00 4.604480583e-01 5.081504765e-05 7.605398643e-03 9.975555936e+00 2.242346342e+01
1.122244489e+04 7.617744423e+00 6.323986311e+00 4.545229178e-01 5.082565076e-05 7.605710976e-03 9.975478142e+00 2.241242345e+01
1.126252505e+04 7.615923420e+00 6.330652367e+00 4.486723024e-01 5.083658241e-05 7.606047610e-03 9.975400345e+00 2.240140054e+01
1.130260521e+04 7.614080934e+00 6.337284446e+00 4.428953166e-01 5.084783881e-05 7.606408251e-03 9.975322545e+00 2.239039448e+01
1.134268537e+04 7.612217221e+00 6.343882951e+00 4.371910749e-01 5.085941625e-05 7.606792610e-03 9.975244742e+00 2.237940509e+01
1.138276553e+04 7.610332537e+00 6.350448279e+00 4.315587013e-01 5.087131106e-05 7.607200404e-03 9.975166935e+00 2.236843217e+01
1.142284569e+04 7.608427135e+00 6.356980823e+00 4.259973289e-01 5.088351964e-05 7.607631351e-03 9.975089125e+00 2.235747553e+01
1.146292585e+04 7.606501265e+00 6.363480971e+00 4.205061010e-01 5.089603843e-05 7.608085176e-03 9.975011311e+00 2.234653499e+01
1.150300601e+04 7.604555176e+00 6.369949107e+00 4.150841699e-01 5.090886389e-05 7.608561602e-03 9.974933493e+00 2.233561035e+01
1.154308617e+04 7.602589113e+00 6.376385611e+00 4.097306975e-01 5.092199256e-05 7.609060362e-03 9.974855670e+00 2.232470144e+01
1.158316633e+04 7.600603320e+00 6.382790857e+00 4.044448547e-01 5.093542103e-05 7.609581188e-03 9.974777843e+00 2.231380808e+01
1.162324649e+04 7.598598038e+00 6.389165217e+00 3.992258214e-01 5.094914593e-05 7.610123818e-03 9.974700011e+00 2.230293008e+01
1.166332665e+04 7.596573507e+00 6.395509055e+00 3.940727868e-01 5.096316394e-05 7.610687992e-03 9.974622173e+00 2.229206727e+01
1.170340681e+04 7.594529963e+00 6.401822734e+00 3.889849492e-01 5.097747176e-05 7.611273455e-03 9.974544331e+00 2.228121947e+01
1.174348697e+04 7.592467641e+00 6.408106611e+00 3.839615156e-01 5.099206618e-05 7.611879954e-03 9.974466483e+00 2.227038652e+01
1.178356713e+04 7.590386772e+00 6.414361040e+00 3.790017020e-01 5.100694399e-05 7.612507238e-03 9.974388629e+00 2.225956823e+01
1.182364729e+04 7.588287587e+00 6.420586370e+00 3.741047331e-01 5.102210206e-05 7.613155064e-03 9.974310769e+00 2.224876445e+01
1.186372745e+04 7.586170314e+00 6.426782945e+00 3.692698423e-01 5.103753728e-05 7.613823188e-03 9.974232903e+00 2.223797501e+01
1.190380762e+04 7.584035178e+00 6.432951107e+00 3.644962716e-01 5.105324660e-05 7.614511370e-03 9.974155031e+00 2.222719974e+01
1.194388778e+04 7.581882403e+00 6.439091192e+00 3.597832716e-01 5.106922700e-05 7.615219373e-03 9.974077152e+00 2.221643847e+01
1.198396794e+04 7.579712209e+00 6.445203533e+00 3.551301011e-01 5.108547550e-05 7.615946965e-03 9.973999267e+00 2.220569105e+01
1.202404810e+04 7.577524816e+00 6.451288459e+00 3.505360276e-01 5.110198916e-05 7.616693916e-03 9.973921374e+00 2.219495733e+01
1.206412826e+04 7.575320441e+00 6.457346295e+00 3.460003269e-01 5.111876510e-05 7.617459998e-03 9.973843475e+00 2.218423713e+01
1.210420842e+04 7.573099298e+00 6.463377361e+00 3.415222827e-01 5.113580045e-05 7.618244987e-03 9.973765567e+00 2.217353032e+01
1.214428858e+04 7.570861600e+00 6.469381975e+00 3.371011872e-01 5.115309240e-05 7.619048662e-03 9.973687653e+00 2.216283672e+01
1.218436874e+04 7.568607556e+00 6.475360450e+00 3.327363404e-01 5.117063818e-05 7.619870804e-03 9.973609730e+00 2.215215620e+01
1.222444890e+04 7.566337377e+00 6.481313095e+00 3.284270504e-01 5.118843504e-05 7.620711198e-03 9.973531800e+00 2.214148861e+01
1.226452906e+04 7.564051267e+00 6.487240217e+00 3.241726333e-01 5.120648028e-05 7.621569631e-03 9.973453862e+00 2.213083379e+01
1.230460922e+04 7.561749430e+00 6.493142117e+00 3.199724130e-01 5.122477124e-05 7.622445894e-03 9.973375915e+00 2.212019159e+01
1.234468938e+04 7.559432070e+00 6.499019094e+00 3.158257212e-01 5.124330530e-05 7.623339780e-03 9.973297959e+00 2.210956189e+01
1.238476954e+04 7.557099385e+00 6.504871443e+00 3.117318970e-01 5.126207984e-05 7.624251084e-03 9.973219996e+00 2.209894453e+01
1.242484970e+04 7.554751574e+00 6.510699455e+00 3.076902875e-01 5.128109232e-05 7.625179603e-03 9.973142023e+00 2.208833937e+01
1.246492986e+04 7.552388833e+00 6.516503417e+00 3.037002473e-01 5.130034023e-05 7.626125141e-03 9.973064041e+00 2.207774627e+01
1.250501002e+04 7.550011355e+00 6.522283614e+00 2.997611383e-01 5.131982106e-05 7.627087500e-03 9.972986050e+00 2.206716510e+01
1.254509018e+04 7.547619333e+00 6.528040327e+00 2.958723299e-01 5.133953237e-05 7.628066486e-03 9.972908049e+00 2.205659572e+01
1.258517034e+04 7.545212956e+00 6.533773832e+00 2.920331987e-01 5.135947173e-05 7.629061907e-03 9.972830039e+00 2.204603800e+01
1.262525050e+04 7.542792412e+00 6.539484405e+00 2.882431286e-01 5.137963675e-05 7.630073576e-03 9.972752020e+00 2.203549180e+01
1.266533066e+04 7.540357888e+00 6.545172316e+00 2.845015108e-01 5.140002509e-05 7.631101306e-03 9.972673990e+00 2.202495700e+01
1.270541082e+04 7.537909567e+00 6.550837831e+00 2.808077438e-01 5.142063442e-05 7.632144913e-03 9.972595951e+00 2.201443346e+01
1.274549098e+04 7.535447631e+00 6.556481214e+00 2.771612325e-01 5.144146244e-05 7.633204216e-03 9.972517901e+00 2.200392106e+01
1.278557114e+04 7.532972262e+00 6.562102728e+00 2.735613892e-01 5.146250690e-05 7.634279035e-03 9.972439840e+00 2.199341966e+01
1.282565130e+04 7.530483635e+00 6.567702629e+00 2.700076331e-01 5.148376556e-05 7.635369195e-03 9.972361770e+00 2.198292916e+01
1.286573146e+04 7.527981930e+00 6.573281171e+00 2.664993900e-01 5.150523623e-05 7.636474520e-03 9.972283688e+00 2.197244942e+01
1.290581162e+04 7.525467319e+00 6.578838606e+00 2.630360930e-01 5.152691674e-05 7.637594838e-03 9.972205596e+00 2.196198032e+01
1.294589178e+04 7.522939976e+00 6.584375183e+00 2.596171812e-01 5.154880494e-05 7.638729981e-03 9.972127493e+00 2.195152175e+01
1.298597194e+04 7.520400071e+00 6.589891145e+00 2.562421005e-01 5.157089874e-05 7.639879780e-03 9.972049378e+00 2.194107358e+01
1.302605210e+04 7.517847774e+00 6.595386737e+00 2.529103036e-01 5.159319603e-05 7.641044069e-03 9.971971253e+00 2.193063569e+01
1.306613226e+04 7.515283252e+00 6.600862195e+00 2.496212494e-01 5.161569477e-05 7.642222686e-03 9.971893116e+00 2.192020798e+01
1.310621242e+04 7.512706670e+00 6.606317757e+00 2.463744037e-01 5.163839294e-05 7.643415470e-03 9.971814967e+00 2.190979033e+01
1.314629259e+04 7.510118192e+00 6.611753656e+00 2.431692380e-01 5.166128853e-05 7.644622262e-03 9.971736807e+00 2.189938262e+01
1.318637275e+04 7.507517979e+00 6.617170123e+00 2.400052305e-01 5.168437957e-05 7.645842904e-03 9.971658634e+00 2.188898474e+01
1.322645291e+04 7.504906193e+00 6.622567384e+00 2.368818652e-01 5.170766412e-05 7.647077243e-03 9.971580450e+00 2.187859659e+01
1.326653307e+04 7.502282990e+00 6.627945664e+00 2.337986327e-01 5.173114026e-05 7.648325124e-03 9.971502253e+00 2.186821806e+01
1.330661323e+04 7.499648529e+00 6.633305185e+00 2.307550296e-01 5.175480609e-05 7.649586398e-03 9.971424044e+00 2.185784903e+01
1.334669339e+04 7.497002964e+00 6.638646167e+00 2.277505585e-01 5.177865976e-05 7.650860917e-03 9.971345823e+00 2.184748941e+01
1.338677355e+04 7.494346448e+00 6.643968826e+00 2.247847277e-01 5.180269941e-05 7.652148532e-03 9.971267589e+00 2.183713908e+01
1.342685371e+04 7.491679133e+00 6.649273375e+00 2.218570514e-01 5.182692323e-05 7.653449099e-03 9.971189343e+00 2.182679795e+01
1.346693387e+04 7.489001169e+00 6.654560025e+00 2.189670500e-01 5.185132943e-05 7.654762475e-03 9.971111084e+00 2.181646591e+01
1.350701403e+04 7.486312704e+00 6.659828986e+00 2.161142494e-01 5.187591624e-05 7.656088520e-03 9.971032811e+00 2.180614286e+01
1.354709419e+04 7.483613885e+00 6.665080461e+00 2.132981814e-01 5.190068191e-05 7.657427093e-03 9.970954526e+00 2.179582871e+01
1.358717435e+04 7.480904857e+00 6.670314656e+00 2.105183832e-01 5.192562474e-05 7.658778058e-03 9.970876227e+00 2.178552335e+01
1.362725451e+04 7.478185763e+00 6.675531769e+00 2.077743976e-01 5.195074301e-05 7.660141278e-03 9.970797915e+00 2.177522669e+01
1.366733467e+04 7.475456746e+00 6.680732001e+00 2.050657728e-01 5.197603505e-05 7.661516620e-03 9.970719590e+00 2.176493863e+01
1.370741483e+04 7.472717945e+00 6.685915546e+00 2.023920628e-01 5.200149921e-05 7.662903953e-03 9.970641250e+00 2.175465908e+01
1.374749499e+04 7.469969499e+00 6.691082597e+00 1.997528271e-01 5.202713388e-05 7.664303145e-03 9.970562898e+00 2.174438795e+01
1.378757515e+04 7.467211546e+00 6.696233345e+00 1.971476301e-01 5.205293742e-05 7.665714068e-03 9.970484531e+00 2.173412514e+01
1.382765531e+04 7.464444222e+00 6.701367979e+00 1.945760414e-01 5.207890827e-05 7.667136595e-03 9.970406150e+00 2.172387055e+01
1.386773547e+04 7.461667659e+00 6.706486684e+00 1.920376362e-01 5.210504486e-05 7.668570600e-03 9.970327756e+00 2.171362411e+01
1.390781563e+04 7.458881992e+00 6.711589645e+00 1.895319947e-01 5.213134563e-05 7.670015961e-03 9.970249347e+00 2.170338573e+01
1.394789579e+04 7.456087351e+00 6.716677042e+00 1.870587025e-01 5.215780909e-05 7.671472556e-03 9.970170923e+00 2.169315531e+01
1.398797595e+04 7.453283866e+00 6.721749054e+00 1.846173497e-01 5.218443371e-05 7.672940263e-03 9.970092486e+00 2.168293276e+01
1.402805611e+04 7.450471665e+00 6.726805859e+00 1.822075318e-01 5.221121803e-05 7.674418964e-03 9.970014034e+00 2.167271802e+01
1.406813627e+04 7.447650875e+00 6.731847632e+00 1.798288489e-01 5.223816057e-05 7.675908542e-03 9.969935567e+00 2.166251098e+01
1.410821643e+04 7.444821622e+00 6.736874543e+00 1.774809061e-01 5.226525990e-05 7.677408881e-03 9.969857085e+00 2.165231156e+01
1.414829659e+04 7.441984028e+00 6.741886764e+00 1.751633139e-01 5.229251461e-05 7.678919868e-03 9.969778588e+00 2.164211970e+01
1.418837675e+04 7.439138218e+00 6.746884462e+00 1.728756869e-01 5.231992327e-05 7.680441388e-03 9.969700077e+00 2.163193529e+01
1.422845691e+04 7.436284311e+00 6.751867804e+00 1.706176444e-01 5.234748452e-05 7.681973332e-03 9.969621550e+00 2.162175827e+01
1.426853707e+04 7.433422428e+00 6.756836954e+00 1.683888106e-01 5.237519698e-05 7.683515590e-03 9.969543008e+00 2.161158855e+01
1.430861723e+04 7.430552688e+00 6.761792072e+00 1.661888141e-01 5.240305932e-05 7.685068052e-03 9.969464451e+00 2.160142605e+01
1.434869739e+04 7.427675206e+00 6.766733319e+00 1.640172886e-01 5.243107020e-05 7.686630613e-03 9.969385879e+00 2.159127071e+01
1.438877756e+04 7.424790099e+00 6.771660852e+00 1.618738718e-01 5.245922831e-05 7.688203167e-03 9.969307291e+00 2.158112244e+01
1.442885772e+04 7.421897482e+00 6.776574826e+00 1.597582060e-01 5.248753237e-05 7.689785611e-03 9.969228687e+00 2.157098116e+01
1.446893788e+04 7.418997467e+00 6.781475397e+00 1.576699378e-01 5.251598109e-05 7.691377840e-03 9.969150068e+00 2.156084681e+01
1.450901804e+04 7.416090167e+00 6.786362715e+00 1.556087181e-01 5.254457322e-05 7.692979754e-03 9.969071432e+00 2.155071931e+01
1.454909820e+04 7.413175691e+00 6.791236929e+00 1.535742024e-01 5.257330753e-05 7.694591253e-03 9.968992781e+00 2.154059858e+01
1.458917836e+04 7.410254148e+00 6.796098189e+00 1.515660505e-01 5.260218278e-05 7.696212239e-03 9.968914114e+00 2.153048457e+01
1.462925852e+04 7.407325648e+00 6.800946639e+00 1.495839261e-01 5.263119777e-05 7.697842614e-03 9.968835431e+00 2.152037718e+01
1.466933868e+04 7.404390297e+00 6.805782425e+00 1.476274969e-01 5.266035131e-05 7.699482281e-03 9.968756731e+00 2.151027637e+01
1.470941884e+04 7.401448199e+00 6.810605687e+00 1.456964351e-01 5.268964223e-05 7.701131147e-03 9.968678015e+00 2.150018205e+01
1.474949900e+04 7.398499461e+00 6.815416568e+00 1.437904167e-01 5.271906936e-05 7.702789117e-03 9.968599283e+00 2.149009416e+01
1.478957916e+04 7.395544183e+00 6.820215205e+00 1.419091223e-01 5.274863157e-05 7.704456100e-03 9.968520534e+00 2.148001264e+01
1.482965932e+04 7.392582469e+00 6.825001735e+00 1.400522357e-01 5.277832773e-05 7.706132004e-03 9.968441769e+00 2.146993741e+01
1.486973948e+04 7.389614419e+00 6.829776293e+00 1.382194449e-01 5.280815673e-05 7.707816739e-03 9.968362987e+00 2.145986842e+01
1.490981964e+04 7.386640133e+00 6.834539014e+00 1.364104418e-01 5.283811748e-05 7.709510216e-03 9.968284188e+00 2.144980559e+01
1.494989980e+04 7.383659709e+00 6.839290028e+00 1.346249219e-01 5.286820888e-05 7.711212349e-03 9.968205373e+00 2.143974887e+01
1.498997996e+04 7.380673244e+00 6.844029465e+00 1.328625852e-01 5.289842987e-05 7.712923050e-03 9.968126540e+00 2.142969818e+01
1.503006012e+04 7.377680834e+00 6.848757454e+00 1.311231348e-01 5.292877941e-05 7.714642235e-03 9.968047691e+00 2.141965348e+01
1.507014028e+04 7.374682574e+00 6.853474122e+00 1.294062776e-01 5.295925646e-05 7.716369819e-03 9.967968824e+00 2.140961470e+01
1.511022044e+04 7.371678559e+00 6.858179594e+00 1.277117241e-01 5.298985998e-05 7.718105720e-03 9.967889940e+00 2.139958177e+01
1.515030060e+04 7.368668880e+00 6.862873993e+00 1.260391884e-01 5.302058898e-05 7.719849855e-03 9.967811039e+00 2.138955464e+01
1.519038076e+04 7.365653630e+00 6.867557441e+00 1.243883886e-01 5.305144246e-05 7.721602143e-03 9.967732120e+00 2.137953325e+01
1.523046092e+04 7.362632899e+00 6.872230059e+00 1.227590460e-01 5.308241943e-05 7.723362506e-03 9.967653184e+00 2.136951754e+01
1.527054108e+04 7.359606776e+00 6.876891965e+00 1.211508852e-01 5.311351893e-05 7.725130864e-03 9.967574231e+00 2.135950746e+01
1.531062124e+04 7.356575351e+00 6.881543276e+00 1.195636345e-01 5.314474000e-05 7.726907139e-03 9.967495260e+00 2.134950294e+01
1.535070140e+04 7.353538710e+00 6.886184109e+00 1.179970254e-01 5.317608170e-05 7.728691256e-03 9.967416271e+00 2.133950393e+01
1.539078156e+04 7.350496940e+00 6.890814577e+00 1.164507929e-01 5.320754309e-05 7.730483138e-03 9.967337264e+00 2.132951039e+01
1.543086172e+04 7.347450126e+00 6.895434793e+00 1.149246757e-01 5.323912328e-05 7.732282711e-03 9.967258240e+00 2.131952224e+01
1.547094188e+04 7.344398352e+00 6.900044869e+00 1.134184150e-01 5.327082134e-05 7.734089901e-03 9.967179197e+00 2.130953944e+01
1.551102204e+04 7.341341703e+00 6.904644915e+00 1.119317558e-01 5.330263640e-05 7.735904635e-03 9.967100137e+00 2.129956194e+01
1.555110220e+04 7.338280260e+00 6.909235038e+00 1.104644460e-01 5.333456756e-05 7.737726843e-03 9.967021058e+00 2.128958968e+01
1.559118236e+04 7.335214105e+00 6.913815347e+00 1.090162367e-01 5.336661397e-05 7.739556453e-03 9.966941961e+00 2.127962262e+01
1.563126253e+04 7.332143318e+00 6.918385947e+00 1.075868827e-01 5.339877477e-05 7.741393396e-03 9.966862846e+00 2.126966069e+01
1.567134269e+04 7.329067978e+00 6.922946942e+00 1.061761411e-01 5.343104911e-05 7.743237602e-03 9.966783713e+00 2.125970385e+01
1.571142285e+04 7.325988165e+00 6.927498435e+00 1.047837724e-01 5.346343617e-05 7.745089004e-03 9.966704561e+00 2.124975206e+01
1.575150301e+04 7.322903955e+00 6.932040528e+00 1.034095400e-01 5.349593513e-05 7.746947535e-03 9.966625391e+00 2.123980525e+01
1.579158317e+04 7.319815426e+00 6.936573321e+00 1.020532103e-01 5.352854516e-05 7.748813128e-03 9.966546203e+00 2.122986339e+01
1.583166333e+04 7.316722653e+00 6.941096913e+00 1.007145531e-01 5.356126549e-05 7.750685719e-03 9.966466995e+00 2.121992643e+01
1.587174349e+04 7.313625711e+00 6.945611403e+00 9.939334044e-02 5.359409533e-05 7.752565243e-03 9.966387769e+00 2.120999431e+01
1.591182365e+04 7.310524674e+00 6.950116886e+00 9.808934757e-02 5.362703389e-05 7.754451636e-03 9.966308525e+00 2.120006700e+01
1.595190381e+04 7.307419615e+00 6.954613459e+00 9.680235242e-02 5.366008041e-05 7.756344837e-03 9.966229261e+00 2.119014444e+01
1.599198397e+04 7.304310606e+00 6.959101214e+00 9.553213579e-02 5.369323414e-05 7.758244782e-03 9.966149978e+00 2.118022659e+01
1.603206413e+04 7.301197719e+00 6.963580245e+00 9.427848150e-02 5.372649434e-05 7.760151412e-03 9.966070677e+00 2.117031341e+01
1.607214429e+04 7.298081023e+00 6.968050643e+00 9.304117596e-02 5.375986027e-05 7.762064665e-03 9.965991357e+00 2.116040485e+01
1.611222445e+04 7.294960590e+00 6.972512499e+00 9.182000805e-02 5.379333122e-05 7.763984483e-03 9.965912017e+00 2.115050087e+01
1.615230461e+04 7.291836486e+00 6.976965902e+00 9.061476943e-02 5.382690646e-05 7.765910807e-03 9.965832658e+00 2.114060142e+01
1.619238477e+04 7.288708781e+00 6.981410941e+00 8.942525438e-02 5.386058530e-05 7.767843578e-03 9.965753280e+00 2.113070647e+01
1.623246493e+04 7.285577542e+00 6.985847702e+00 8.825125977e-02 5.389436704e-05 7.769782741e-03 9.965673883e+00 2.112081597e+01
1.627254509e+04 7.282442834e+00 6.990276271e+00 8.709258542e-02 5.392825100e-05 7.771728239e-03 9.965594466e+00 2.111092987e+01
1.631262525e+04 7.279304724e+00 6.994696732e+00 8.594903352e-02 5.396223651e-05 7.773680016e-03 9.965515030e+00 2.110104815e+01
1.635270541e+04 7.276163275e+00 6.999109171e+00 8.482040840e-02 5.399632290e-05 7.775638018e-03 9.965435575e+00 2.109117075e+01
1.639278557e+04 7.273018553e+00 7.003513668e+00 8.370651707e-02 5.403050952e-05 7.777602190e-03 9.965356100e+00 2.108129765e+01
1.643286573e+04 7.269870620e+00 7.007910305e+00 8.260716897e-02 5.406479572e-05 7.779572479e-03 9.965276605e+00 2.107142879e+01
1.647294589e+04 7.266719538e+00 7.012299164e+00 8.152217593e-02 5.409918087e-05 7.781548833e-03 9.965197091e+00 2.106156414e+01
1.651302605e+04 7.263565370e+00 7.016680323e+00 8.045135258e-02 5.413366434e-05 7.783531200e-03 9.965117556e+00 2.105170366e+01
1.655310621e+04 7.260408175e+00 7.021053860e+00 7.939451574e-02 5.416824551e-05 7.785519528e-03 9.965038002e+00 2.104184732e+01
1.659318637e+04 7.257248015e+00 7.025419854e+00 7.835148416e-02 5.420292378e-05 7.787513767e-03 9.964958429e+00 2.103199508e+01
1.663326653e+04 7.254084949e+00 7.029778380e+00 7.732207912e-02 5.423769853e-05 7.789513868e-03 9.964878835e+00 2.102214690e+01
1.667334669e+04 7.250919035e+00 7.034129514e+00 7.630612413e-02 5.427256919e-05 7.791519780e-03 9.964799221e+00 2.101230274e+01
1.671342685e+04 7.247750332e+00 7.038473329e+00 7.530344495e-02 5.430753516e-05 7.793531456e-03 9.964719587e+00 2.100246257e+01
1.675350701e+04 7.244578896e+00 7.042809901e+00 7.431386990e-02 5.434259587e-05 7.795548848e-03 9.964639933e+00 2.099262636e+01
1.679358717e+04 7.241404784e+00 7.047139300e+00 7.333722938e-02 5.437775076e-05 7.797571909e-03 9.964560259e+00 2.098279406e+01
1.683366733e+04 7.238228053e+00 7.051461598e+00 7.237335557e-02 5.441299926e-05 7.799600592e-03 9.964480565e+00 2.097296565e+01
1.687374749e+04 7.235048757e+00 7.055776867e+00 7.142208297e-02 5.444834082e-05 7.801634851e-03 9.964400851e+00 2.096314108e+01
1.691382766e+04 7.231866951e+00 7.060085175e+00 7.048324820e-02 5.448377491e-05 7.803674640e-03 9.964321116e+00 2.095332034e+01
1.695390782e+04 7.228682688e+00 7.064386592e+00 6.955668992e-02 5.451930098e-05 7.805719916e-03 9.964241360e+00 2.094350337e+01
1.699398798e+04 7.225496023e+00 7.068681185e+00 6.864224918e-02 5.455491851e-05 7.807770634e-03 9.964161585e+00 2.093369016e+01
1.703406814e+04 7.222307007e+00 7.072969022e+00 6.773976896e-02 5.459062698e-05 7.809826751e-03 9.964081789e+00 2.092388067e+01
1.707414830e+04 7.219115692e+00 7.077250167e+00 6.684909388e-02 5.462642587e-05 7.811888223e-03 9.964001972e+00 2.091407486e+01
1.711422846e+04 7.215922130e+00 7.081524688e+00 6.597007076e-02 5.466231469e-05 7.813955009e-03 9.963922134e+00 2.090427271e+01
1.715430862e+04 7.212726372e+00 7.085792647e+00 6.510254833e-02 5.469829293e-05 7.816027067e-03 9.963842276e+00 2.089447419e+01
1.719438878e+04 7.209528467e+00 7.090054110e+00 6.424637725e-02 5.473436010e-05 7.818104355e-03 9.963762398e+00 2.088467925e+01
1.723446894e+04 7.206328465e+00 7.094309137e+00 6.340141036e-02 5.477051572e-05 7.820186833e-03 9.963682498e+00 2.087488788e+01
1.727454910e+04 7.203126414e+00 7.098557792e+00 6.256750233e-02 5.480675932e-05 7.822274461e-03 9.963602578e+00 2.086510005e+01
1.731462926e+04 7.199922362e+00 7.102800136e+00 6.174450935e-02 5.484309043e-05 7.824367200e-03 9.963522637e+00 2.085531572e+01
1.735470942e+04 7.196716359e+00 7.107036228e+00 6.093228959e-02 5.487950859e-05 7.826465010e-03 9.963442674e+00 2.084553486e+01
1.739478958e+04 7.193508449e+00 7.111266128e+00 6.013070307e-02 5.491601333e-05 7.828567853e-03 9.963362691e+00 2.083575746e+01
1.743486974e+04 7.190298680e+00 7.115489895e+00 5.933961153e-02 5.495260422e-05 7.830675692e-03 9.963282687e+00 2.082598347e+01
1.747494990e+04 7.187087097e+00 7.119707588e+00 5.855887885e-02 5.498928080e-05 7.832788488e-03 9.963202662e+00 2.081621287e+01
1.751503006e+04 7.183873747e+00 7.123919263e+00 5.778837057e-02 5.502604265e-05 7.834906205e-03 9.963122615e+00 2.080644563e+01
1.755511022e+04 7.180658673e+00 7.128124976e+00 5.702795351e-02 5.506288933e-05 7.837028806e-03 9.963042548e+00 2.079668173e+01
1.759519038e+04 7.177441920e+00 7.132324785e+00 5.627749643e-02 5.509982043e-05 7.839156256e-03 9.962962459e+00 2.078692115e+01
1.763527054e+04 7.174223532e+00 7.136518743e+00 5.553686975e-02 5.513683551e-05 7.841288520e-03 9.962882349e+00 2.077716384e+01
1.767535070e+04 7.171003551e+00 7.140706906e+00 5.480594553e-02 5.517393419e-05 7.843425561e-03 9.962802218e+00 2.076740979e+01
1.771543086e+04 7.167782021e+00 7.144889327e+00 5.408459745e-02 5.521111604e-05 7.845567346e-03 9.962722065e+00 2.075765897e+01
1.775551102e+04 7.164558981e+00 7.149066057e+00 5.337270158e-02 5.524838068e-05 7.847713842e-03 9.962641891e+00 2.074791136e+01
1.779559118e+04 7.161334475e+00 7.153237150e+00 5.267013464e-02 5.528572773e-05 7.849865015e-03 9.962561695e+00 2.073816693e+01
1.783567134e+04 7.158108544e+00 7.157402657e+00 5.197677507e-02 5.532315679e-05 7.852020832e-03 9.962481478e+00 2.072842565e+01
1.787575150e+04 7.154881226e+00 7.161562628e+00 5.129250299e-02 5.536066749e-05 7.854181260e-03 9.962401239e+00 2.071868751e+01
1.791583166e+04 7.151652564e+00 7.165717115e+00 5.061720001e-02 5.539825945e-05 7.856346268e-03 9.962320979e+00 2.070895247e+01
1.795591182e+04 7.148422594e+00 7.169866166e+00 4.995074926e-02 5.543593231e-05 7.858515824e-03 9.962240696e+00 2.069922051e+01
1.799599198e+04 7.145191358e+00 7.174009830e+00 4.929303550e-02 5.547368570e-05 7.860689896e-03 9.962160393e+00 2.068949161e+01
1.803607214e+04 7.141958895e+00 7.178148159e+00 4.864394557e-02 5.551151924e-05 7.862868452e-03 9.962080067e+00 2.067976575e+01
1.807615230e+04 7.138725243e+00 7.182281198e+00 4.800336666e-02 5.554943259e-05 7.865051462e-03 9.961999720e+00 2.067004291e+01
1.811623246e+04 7.135490439e+00 7.186408996e+00 4.737118786e-02 5.558742540e-05 7.867238895e-03 9.961919351e+00 2.066032306e+01
1.815631263e+04 7.132254520e+00 7.190531599e+00 4.674729965e-02 5.562549732e-05 7.869430723e-03 9.961838960e+00 2.065060618e+01
1.819639279e+04 7.129017525e+00 7.194649054e+00 4.613159395e-02 5.566364801e-05 7.871626915e-03 9.961758546e+00 2.064089226e+01
1.823647295e+04 7.125779488e+00 7.198761406e+00 4.552396399e-02 5.570187713e-05 7.873827441e-03 9.961678111e+00 2.063118126e+01
1.827655311e+04 7.122540444e+00 7.202868696e+00 4.492430482e-02 5.574018441e-05 7.876032279e-03 9.961597654e+00 2.062147317e+01
1.831663327e+04 7.119300425e+00 7.206970966e+00 4.433251270e-02 5.577856954e-05 7.878241401e-03 9.961517175e+00 2.061176795e+01
1.835671343e+04 7.116059467e+00 7.211068260e+00 4.374848477e-02 5.581703220e-05 7.880454780e-03 9.961436674e+00 2.060206560e+01
1.839679359e+04 7.112817604e+00 7.215160622e+00 4.317211976e-02 5.585557207e-05 7.882672388e-03 9.961356151e+00 2.059236608e+01
1.843687375e+04 7.109574869e+00 7.219248092e+00 4.260331766e-02 5.589418887e-05 7.884894200e-03 9.961275605e+00 2.058266937e+01
1.847695391e+04 7.106331295e+00 7.223330711e+00 4.204197977e-02 5.593288231e-05 7.887120191e-03 9.961195037e+00 2.057297546e+01
1.851703407e+04 7.103086913e+00 7.227408519e+00 4.148800862e-02 5.597165210e-05 7.889350337e-03 9.961114447e+00 2.056328432e+01
1.855711423e+04 7.099841765e+00 7.231481568e+00 4.094130844e-02 5.601049787e-05 7.891584600e-03 9.961033835e+00 2.055359595e+01
1.859719439e+04 7.096595881e+00 7.235549895e+00 4.040178422e-02 5.604941935e-05 7.893822957e-03 9.960953200e+00 2.054391032e+01
1.863727455e+04 7.093349294e+00 7.239613542e+00 3.986934225e-02 5.608841624e-05 7.896065381e-03 9.960872543e+00 2.053422743e+01
1.867735471e+04 7.090102039e+00 7.243672551e+00 3.934389009e-02 5.612748826e-05 7.898311846e-03 9.960791863e+00 2.052454725e+01
1.871743487e+04 7.086854148e+00 7.247726964e+00 3.882533650e-02 5.616663509e-05 7.900562322e-03 9.960711161e+00 2.051486978e+01
1.875751503e+04 7.083605641e+00 7.251776804e+00 3.831359140e-02 5.620585654e-05 7.902816804e-03 9.960630437e+00 2.050519497e+01
1.879759519e+04 7.080356543e+00 7.255822102e+00 3.780856596e-02 5.624515243e-05 7.905075276e-03 9.960549689e+00 2.049552278e+01
1.883767535e+04 7.077106894e+00 7.259862910e+00 3.731017244e-02 5.628452243e-05 7.907337695e-03 9.960468919e+00 2.048585324e+01
1.887775551e+04 7.073856722e+00 7.263899261e+00 3.681832422e-02 5.632396629e-05 7.909604046e-03 9.960388127e+00 2.047618631e+01
1.891783567e+04 7.070606055e+00 7.267931191e+00 3.633293597e-02 5.636348375e-05 7.911874304e-03 9.960307312e+00 2.046652197e+01
1.895791583e+04 7.067354923e+00 7.271958736e+00 3.585392323e-02 5.640307456e-05 7.914148448e-03 9.960226474e+00 2.045686022e+01
1.899799599e+04 7.064103354e+00 7.275981932e+00 3.538120324e-02 5.644273849e-05 7.916426455e-03 9.960145613e+00 2.044720103e+01
1.903807615e+04 7.060851375e+00 7.280000813e+00 3.491469309e-02 5.648247530e-05 7.918708304e-03 9.960064729e+00 2.043754439e+01
1.907815631e+04 7.057599016e+00 7.284015414e+00 3.445431187e-02 5.652228476e-05 7.920993974e-03 9.959983823e+00 2.042789028e+01
1.911823647e+04 7.054346302e+00 7.288025769e+00 3.399997954e-02 5.656216663e-05 7.923283444e-03 9.959902894e+00 2.041823868e+01
1.915831663e+04 7.051093260e+00 7.292031911e+00 3.355161652e-02 5.660212070e-05 7.925576692e-03 9.959821942e+00 2.040858958e+01
1.919839679e+04 7.047839918e+00 7.296033873e+00 3.310914590e-02 5.664214673e-05 7.927873700e-03 9.959740966e+00 2.039894296e+01
1.923847695e+04 7.044586302e+00 7.300031688e+00 3.267248903e-02 5.668224452e-05 7.930174446e-03 9.959659968e+00 2.038929881e+01
1.927855711e+04 7.041332438e+00 7.304025389e+00 3.224156965e-02 5.672241383e-05 7.932478911e-03 9.959578947e+00 2.037965711e+01
1.931863727e+04 7.038078352e+00 7.308015007e+00 3.181631297e-02 5.676265447e-05 7.934787075e-03 9.959497903e+00 2.037001784e+01
1.935871743e+04 7.034824067e+00 7.312000574e+00 3.139664558e-02 5.680296624e-05 7.937098919e-03 9.959416835e+00 2.036038100e+01
1.939879760e+04 7.031569611e+00 7.315982120e+00 3.098249417e-02 5.684334891e-05 7.939414424e-03 9.959335745e+00 2.035074656e+01
1.943887776e+04 7.028315006e+00 7.319959676e+00 3.057378645e-02 5.688380231e-05 7.941733573e-03 9.959254631e+00 2.034111452e+01
1.947895792e+04 7.025060278e+00 7.323933272e+00 3.017045232e-02 5.692432623e-05 7.944056345e-03 9.959173494e+00 2.033148485e+01
1.951903808e+04 7.021805450e+00 7.327902938e+00 2.977242074e-02 5.696492049e-05 7.946382725e-03 9.959092334e+00 2.032185755e+01
1.955911824e+04 7.018550545e+00 7.331868703e+00 2.937962255e-02 5.700558489e-05 7.948712692e-03 9.959011150e+00 2.031223259e+01
1.959919840e+04 7.015295588e+00 7.335830597e+00 2.899198965e-02 5.704631925e-05 7.951046231e-03 9.958929943e+00 2.030260997e+01
1.963927856e+04 7.012040602e+00 7.339788647e+00 2.860945393e-02 5.708712339e-05 7.953383324e-03 9.958848713e+00 2.029298967e+01
1.967935872e+04 7.008785608e+00 7.343742883e+00 2.823194885e-02 5.712799713e-05 7.955723953e-03 9.958767459e+00 2.028337168e+01
1.971943888e+04 7.005530630e+00 7.347693332e+00 2.785940849e-02 5.716894030e-05 7.958068102e-03 9.958686182e+00 2.027375599e+01
1.975951904e+04 7.002275690e+00 7.351640021e+00 2.749176779e-02 5.720995273e-05 7.960415755e-03 9.958604881e+00 2.026414257e+01
1.979959920e+04 6.999020809e+00 7.355582979e+00 2.712896256e-02 5.725103424e-05 7.962766895e-03 9.958523557e+00 2.025453143e+01
1.983967936e+04 6.995766010e+00 7.359522231e+00 2.677092947e-02 5.729218467e-05 7.965121506e-03 9.958442210e+00 2.024492254e+01
1.987975952e+04 6.992511314e+00 7.363457805e+00 2.641760602e-02 5.733340386e-05 7.967479572e-03 9.958360838e+00 2.023531590e+01
1.991983968e+04 6.989256741e+00 7.367389726e+00 2.606893036e-02 5.737469165e-05 7.969841078e-03 9.958279443e+00 2.022571148e+01
1.995991984e+04 6.986002313e+00 7.371318021e+00 2.572484174e-02 5.741604789e-05 7.972206008e-03 9.958198025e+00 2.021610929e+01
2.000000000e+04 6.982748050e+00 7.375242715e+00 2.538528020e-02 5.745747243e-05 7.974574347e-03 9.958116583e+00 2.020650930e+01
