time            Cj              Ck              shCj            shCk            Br              shBr            shReactCBCj    
0.000000000e+00 1.000000000e+01 1.000000000e-05 0.000000000e+00 0.000000000e+00 1.000000000e+01 1.000000000e+01 7.600000000e+01
2.164328657e+02 7.094096109e+00 2.457527060e-02 1.092895927e-03 4.858431461e-03 9.986640079e+00 9.995754402e+00 7.599172877e+01
4.328657315e+02 6.426850787e+00 4.674649266e-02 2.503680056e-03 6.899788894e-03 9.952770247e+00 9.985342832e+00 7.597882223e+01
6.492985972e+02 5.961644177e+00 6.798194560e-02 3.664554152e-03 8.340580579e-03 9.905307334e+00 9.970792593e+00 7.596241022e+01
8.657314629e+02 5.635438802e+00 8.940349357e-02 4.654248788e-03 9.518022688e-03 9.848972647e+00 9.952989874e+00 7.594306428e+01
1.082164329e+03 5.404658495e+00 1.118311927e-01 5.521630411e-03 1.052327546e-02 9.786957192e+00 9.932447711e+00 7.592119152e+01
1.298597194e+03 5.239347988e+00 1.358049610e-01 6.282470983e-03 1.138678202e-02 9.721399307e+00 9.909553615e+00 7.589714438e+01
1.515030060e+03 5.118978165e+00 1.616312796e-01 6.940363877e-03 1.212118094e-02 9.653719959e+00 9.884652375e+00 7.587125539e+01
1.731462926e+03 5.029508477e+00 1.894358472e-01 7.496930450e-03 1.273468875e-02 9.584854674e+00 9.858069814e+00 7.584384323e+01
1.947895792e+03 4.961351041e+00 2.192128597e-01 7.955531511e-03 1.323556555e-02 9.515412375e+00 9.830115127e+00 7.581520883e+01
2.164328657e+03 4.907966335e+00 2.508668870e-01 8.322022463e-03 1.363327835e-02 9.445783461e+00 9.801076641e+00 7.578562969e+01
2.380761523e+03 4.864897732e+00 2.842462356e-01 8.604316510e-03 1.393838796e-02 9.376212970e+00 9.771216922e+00 7.575535526e+01
2.597194389e+03 4.829109189e+00 3.191682145e-01 8.811593051e-03 1.416201212e-02 9.306849932e+00 9.740769420e+00 7.572460457e+01
2.813627255e+03 4.798532002e+00 3.554374229e-01 8.953519109e-03 1.431524892e-02 9.237780538e+00 9.709937123e+00 7.569356582e+01
3.030060120e+03 4.771754790e+00 3.928583602e-01 9.039633786e-03 1.440870151e-02 9.169050379e+00 9.678893010e+00 7.566239761e+01
3.246492986e+03 4.747813221e+00 4.312436832e-01 9.078918177e-03 1.445215492e-02 9.100679225e+00 9.647781738e+00 7.563123120e+01
3.462925852e+03 4.726045746e+00 4.704191823e-01 9.079539489e-03 1.445439165e-02 9.032670902e+00 9.616722226e+00 7.560017342e+01
3.679358717e+03 4.705996145e+00 5.102264306e-01 9.048727864e-03 1.442311949e-02 8.965019767e+00 9.585810597e+00 7.556930970e+01
3.895791583e+03 4.687347594e+00 5.505238000e-01 8.992749538e-03 1.436498040e-02 8.897714929e+00 9.555123228e+00 7.553870721e+01
4.112224449e+03 4.669877704e+00 5.911863987e-01 8.916942525e-03 1.428561135e-02 8.830742986e+00 9.524719702e+00 7.550841769e+01
4.328657315e+03 4.653428171e+00 6.321053321e-01 8.825789374e-03 1.418973526e-02 8.764089742e+00 9.494645535e+00 7.547848008e+01
4.545090180e+03 4.637884295e+00 6.731865571e-01 8.723008934e-03 1.408126590e-02 8.697741266e+00 9.464934609e+00 7.544892281e+01
4.761523046e+03 4.623161176e+00 7.143495365e-01 8.611653937e-03 1.396341522e-02 8.631684494e+00 9.435611294e+00 7.541976579e+01
4.977955912e+03 4.609194253e+00 7.555258301e-01 8.494206401e-03 1.383879611e-02 8.565907572e+00 9.406692264e+00 7.539102205e+01
5.194388778e+03 4.595933018e+00 7.966576963e-01 8.372666727e-03 1.370951714e-02 8.500399988e+00 9.378188027e+00 7.536269918e+01
5.410821643e+03 4.583336747e+00 8.376967682e-01 8.248633448e-03 1.357726662e-02 8.435152604e+00 9.350104199e+00 7.533480045e+01
5.627254509e+03 4.571371544e+00 8.786028255e-01 8.123372999e-03 1.344338589e-02 8.370157616e+00 9.322442550e+00 7.530732579e+01
5.843687375e+03 4.560008429e+00 9.193426889e-01 7.997880482e-03 1.330893272e-02 8.305408470e+00 9.295201865e+00 7.528027251e+01
6.060120240e+03 4.549221949e+00 9.598892282e-01 7.872928820e-03 1.317473272e-02 8.240899758e+00 9.268378623e+00 7.525363597e+01
6.276553106e+03 4.538989281e+00 1.000220443e+00 7.749113862e-03 1.304142621e-02 8.176627104e+00 9.241967580e+00 7.522741005e+01
6.492985972e+03 4.529289602e+00 1.040318759e+00 7.626886605e-03 1.290950183e-02 8.112587062e+00 9.215962184e+00 7.520158752e+01
6.709418838e+03 4.520103642e+00 1.080170324e+00 7.506583616e-03 1.277932818e-02 8.048777008e+00 9.190354948e+00 7.517616042e+01
6.925851703e+03 4.511413368e+00 1.119764413e+00 7.388450685e-03 1.265117842e-02 7.985195032e+00 9.165137724e+00 7.515112023e+01
7.142284569e+03 4.503201782e+00 1.159092949e+00 7.272661284e-03 1.252524950e-02 7.921839857e+00 9.140301923e+00 7.512645810e+01
7.358717435e+03 4.495452750e+00 1.198150067e+00 7.159332228e-03 1.240167851e-02 7.858710753e+00 9.115838687e+00 7.510216501e+01
7.575150301e+03 4.488150891e+00 1.236931748e+00 7.048535872e-03 1.228055535e-02 7.795807467e+00 9.091739015e+00 7.507823183e+01
7.791583166e+03 4.481281489e+00 1.275435501e+00 6.940310142e-03 1.216193325e-02 7.733130153e+00 9.067993876e+00 7.505464948e+01
8.008016032e+03 4.474830424e+00 1.313660100e+00 6.834666335e-03 1.204583691e-02 7.670679321e+00 9.044594275e+00 7.503140895e+01
8.224448898e+03 4.468784126e+00 1.351605378e+00 6.731594847e-03 1.193226854e-02 7.608455783e+00 9.021531321e+00 7.500850136e+01
8.440881764e+03 4.463129516e+00 1.389271992e+00 6.631071264e-03 1.182121417e-02 7.546460612e+00 8.998796262e+00 7.498591797e+01
8.657314629e+03 4.457853985e+00 1.426661294e+00 6.533059091e-03 1.171264662e-02 7.484695101e+00 8.976380522e+00 7.496365028e+01
8.873747495e+03 4.452945362e+00 1.463775199e+00 6.437513413e-03 1.160652931e-02 7.423160735e+00 8.954275721e+00 7.494168996e+01
9.090180361e+03 4.448391880e+00 1.500616055e+00 6.344383082e-03 1.150281860e-02 7.361859155e+00 8.932473689e+00 7.492002892e+01
9.306613226e+03 4.444182163e+00 1.537186558e+00 6.253612710e-03 1.140146588e-02 7.300792141e+00 8.910966478e+00 7.489865927e+01
9.523046092e+03 4.440305198e+00 1.573489663e+00 6.165144071e-03 1.130241909e-02 7.239961583e+00 8.889746365e+00 7.487757339e+01
9.739478958e+03 4.436750321e+00 1.609528528e+00 6.078917275e-03 1.120562395e-02 7.179369467e+00 8.868805855e+00 7.485676387e+01
9.955911824e+03 4.433507197e+00 1.645306445e+00 5.994871689e-03 1.111102501e-02 7.119017854e+00 8.848137680e+00 7.483622351e+01
1.017234469e+04 4.430565807e+00 1.680826807e+00 5.912946494e-03 1.101856619e-02 7.058908872e+00 8.827734796e+00 7.481594536e+01
1.038877756e+04 4.427916434e+00 1.716093065e+00 5.833081244e-03 1.092819143e-02 6.999044697e+00 8.807590382e+00 7.479592269e+01
1.060521042e+04 4.425549648e+00 1.751108697e+00 5.755216287e-03 1.083984515e-02 6.939427546e+00 8.787697830e+00 7.477614898e+01
1.082164329e+04 4.423456296e+00 1.785877180e+00 5.679293037e-03 1.075347253e-02 6.880059663e+00 8.768050746e+00 7.475661791e+01
1.103807615e+04 4.421627487e+00 1.820401975e+00 5.605254149e-03 1.066901974e-02 6.820943317e+00 8.748642939e+00 7.473732337e+01
1.125450902e+04 4.420054587e+00 1.854686503e+00 5.533043715e-03 1.058643419e-02 6.762080789e+00 8.729468417e+00 7.471825945e+01
1.147094188e+04 4.418729202e+00 1.888734144e+00 5.462607239e-03 1.050566442e-02 6.703474367e+00 8.710521379e+00 7.469942043e+01
1.168737475e+04 4.417643175e+00 1.922548207e+00 5.393891944e-03 1.042666058e-02 6.645126342e+00 8.691796210e+00 7.468080077e+01
1.190380762e+04 4.416788572e+00 1.956131942e+00 5.326846533e-03 1.034937405e-02 6.587038998e+00 8.673287475e+00 7.466239511e+01
1.212024048e+04 4.416157677e+00 1.989488522e+00 5.261421371e-03 1.027375777e-02 6.529214613e+00 8.654989911e+00 7.464419824e+01
1.233667335e+04 4.415742981e+00 2.022621042e+00 5.197568428e-03 1.019976609e-02 6.471655450e+00 8.636898421e+00 7.462620516e+01
1.255310621e+04 4.415537179e+00 2.055532517e+00 5.135241255e-03 1.012735483e-02 6.414363758e+00 8.619008070e+00 7.460841097e+01
1.276953908e+04 4.415533157e+00 2.088225875e+00 5.074394970e-03 1.005648123e-02 6.357341764e+00 8.601314074e+00 7.459081098e+01
1.298597194e+04 4.415723991e+00 2.120703964e+00 5.014986218e-03 9.987103962e-03 6.300591670e+00 8.583811802e+00 7.457340060e+01
1.320240481e+04 4.416102934e+00 2.152969543e+00 4.956973134e-03 9.919183041e-03 6.244115656e+00 8.566496762e+00 7.455617540e+01
1.341883768e+04 4.416663418e+00 2.185025289e+00 4.900315298e-03 9.852679843e-03 6.187915869e+00 8.549364602e+00 7.453913109e+01
1.363527054e+04 4.417399042e+00 2.216873792e+00 4.844973692e-03 9.787557035e-03 6.131994428e+00 8.532411102e+00 7.452226351e+01
1.385170341e+04 4.418303568e+00 2.248517564e+00 4.790910653e-03 9.723778548e-03 6.076353417e+00 8.515632169e+00 7.450556862e+01
1.406813627e+04 4.419370916e+00 2.279959031e+00 4.738089825e-03 9.661309529e-03 6.020994886e+00 8.499023833e+00 7.448904249e+01
1.428456914e+04 4.420595161e+00 2.311200541e+00 4.686476114e-03 9.600116300e-03 5.965920847e+00 8.482582243e+00 7.447268132e+01
1.450100200e+04 4.421970525e+00 2.342244366e+00 4.636035645e-03 9.540166320e-03 5.911133274e+00 8.466303659e+00 7.445648144e+01
1.471743487e+04 4.423491374e+00 2.373092700e+00 4.586735709e-03 9.481428137e-03 5.856634101e+00 8.450184455e+00 7.444043924e+01
1.493386774e+04 4.425152214e+00 2.403747664e+00 4.538544726e-03 9.423871353e-03 5.802425217e+00 8.434221106e+00 7.442455126e+01
1.515030060e+04 4.426947686e+00 2.434211308e+00 4.491432197e-03 9.367466582e-03 5.748508474e+00 8.418410191e+00 7.440881412e+01
1.536673347e+04 4.428872563e+00 2.464485615e+00 4.445368666e-03 9.312185410e-03 5.694885674e+00 8.402748387e+00 7.439322454e+01
1.558316633e+04 4.430921746e+00 2.494572498e+00 4.400325677e-03 9.258000359e-03 5.641558576e+00 8.387232465e+00 7.437777932e+01
1.579959920e+04 4.433090260e+00 2.524473808e+00 4.356275735e-03 9.204884851e-03 5.588528894e+00 8.371859286e+00 7.436247537e+01
1.601603206e+04 4.435373250e+00 2.554191333e+00 4.313192270e-03 9.152813173e-03 5.535798293e+00 8.356625801e+00 7.434730968e+01
1.623246493e+04 4.437765979e+00 2.583726803e+00 4.271049599e-03 9.101760440e-03 5.483368390e+00 8.341529044e+00 7.433227931e+01
1.644889780e+04 4.440263824e+00 2.613081889e+00 4.229822895e-03 9.051702569e-03 5.431240753e+00 8.326566132e+00 7.431738143e+01
1.666533066e+04 4.442862276e+00 2.642258207e+00 4.189488146e-03 9.002616241e-03 5.379416900e+00 8.311734258e+00 7.430261325e+01
1.688176353e+04 4.445556929e+00 2.671257320e+00 4.150022133e-03 8.954478876e-03 5.327898300e+00 8.297030694e+00 7.428797208e+01
1.709819639e+04 4.448343488e+00 2.700080740e+00 4.111402392e-03 8.907268602e-03 5.276686370e+00 8.282452785e+00 7.427345531e+01
1.731462926e+04 4.451217758e+00 2.728729932e+00 4.073607189e-03 8.860964231e-03 5.225782475e+00 8.267997946e+00 7.425906037e+01
1.753106212e+04 4.454175644e+00 2.757206314e+00 4.036615482e-03 8.815545222e-03 5.175187930e+00 8.253663661e+00 7.424478478e+01
1.774749499e+04 4.457213151e+00 2.785511255e+00 4.000406924e-03 8.770991682e-03 5.124903995e+00 8.239447480e+00 7.423062611e+01
1.796392786e+04 4.460326377e+00 2.813646087e+00 3.964961782e-03 8.727284297e-03 5.074931881e+00 8.225347018e+00 7.421658202e+01
1.818036072e+04 4.463511514e+00 2.841612105e+00 3.930260942e-03 8.684404333e-03 5.025272741e+00 8.211359950e+00 7.420265020e+01
1.839679359e+04 4.466764853e+00 2.869410539e+00 3.896286026e-03 8.642333722e-03 4.975927679e+00 8.197484013e+00 7.418882842e+01
1.861322645e+04 4.470082761e+00 2.897042615e+00 3.863019004e-03 8.601054763e-03 4.926897744e+00 8.183717001e+00 7.417511450e+01
1.882965932e+04 4.473461692e+00 2.924509519e+00 3.830442481e-03 8.560550333e-03 4.878183931e+00 8.170056763e+00 7.416150631e+01
1.904609218e+04 4.476898198e+00 2.951812380e+00 3.798539732e-03 8.520803909e-03 4.829787181e+00 8.156501203e+00 7.414800177e+01
1.926252505e+04 4.480388911e+00 2.978952300e+00 3.767294494e-03 8.481799412e-03 4.781708383e+00 8.143048279e+00 7.413459888e+01
1.947895792e+04 4.483930533e+00 3.005930372e+00 3.736690827e-03 8.443521109e-03 4.733948369e+00 8.129695998e+00 7.412129566e+01
1.969539078e+04 4.487519846e+00 3.032747655e+00 3.706713375e-03 8.405953776e-03 4.686507920e+00 8.116442416e+00 7.410809018e+01
1.991182365e+04 4.491153723e+00 3.059405155e+00 3.677347362e-03 8.369082722e-03 4.639387762e+00 8.103285637e+00 7.409498058e+01
2.012825651e+04 4.494829113e+00 3.085903860e+00 3.648578371e-03 8.332893600e-03 4.592588567e+00 8.090223813e+00 7.408196502e+01
2.034468938e+04 4.498543023e+00 3.112244754e+00 3.620392296e-03 8.297372388e-03 4.546110954e+00 8.077255137e+00 7.406904173e+01
2.056112224e+04 4.502292540e+00 3.138428790e+00 3.592775541e-03 8.262505509e-03 4.499955488e+00 8.064377850e+00 7.405620895e+01
2.077755511e+04 4.506074832e+00 3.164456873e+00 3.565715059e-03 8.228279867e-03 4.454122681e+00 8.051590231e+00 7.404346499e+01
2.099398798e+04 4.509887127e+00 3.190329911e+00 3.539197964e-03 8.194682592e-03 4.408612991e+00 8.038890601e+00 7.403080819e+01
2.121042084e+04 4.513726723e+00 3.216048788e+00 3.513211780e-03 8.161701175e-03 4.363426824e+00 8.026277323e+00 7.401823693e+01
2.142685371e+04 4.517590987e+00 3.241614364e+00 3.487744448e-03 8.129323468e-03 4.318564534e+00 8.013748794e+00 7.400574961e+01
2.164328657e+04 4.521477350e+00 3.267027481e+00 3.462784239e-03 8.097537649e-03 4.274026422e+00 8.001303453e+00 7.399334471e+01
2.185971944e+04 4.525383308e+00 3.292288967e+00 3.438319758e-03 8.066332212e-03 4.229812738e+00 7.988939770e+00 7.398102070e+01
2.207615230e+04 4.529306422e+00 3.317399631e+00 3.414339919e-03 8.035695953e-03 4.185923677e+00 7.976656256e+00 7.396877612e+01
2.229258517e+04 4.533244313e+00 3.342360267e+00 3.390833972e-03 8.005617953e-03 4.142359388e+00 7.964451450e+00 7.395660951e+01
2.250901804e+04 4.537194661e+00 3.367171657e+00 3.367791434e-03 7.976087592e-03 4.099119966e+00 7.952323929e+00 7.394451947e+01
2.272545090e+04 4.541155208e+00 3.391834567e+00 3.345202120e-03 7.947094508e-03 4.056205455e+00 7.940272298e+00 7.393250461e+01
2.294188377e+04 4.545123762e+00 3.416349744e+00 3.323056171e-03 7.918628548e-03 4.013615853e+00 7.928295198e+00 7.392056360e+01
2.315831663e+04 4.549098169e+00 3.440717939e+00 3.301343944e-03 7.890679954e-03 3.971351104e+00 7.916391296e+00 7.390869512e+01
2.337474950e+04 4.553076338e+00 3.464939885e+00 3.280056062e-03 7.863239156e-03 3.929411106e+00 7.904559290e+00 7.389689787e+01
2.359118236e+04 4.557056252e+00 3.489016292e+00 3.259183397e-03 7.836296697e-03 3.887795707e+00 7.892797908e+00 7.388517060e+01
2.380761523e+04 4.561035934e+00 3.512947871e+00 3.238717140e-03 7.809843493e-03 3.846504710e+00 7.881105903e+00 7.387351207e+01
2.402404810e+04 4.565013455e+00 3.536735325e+00 3.218648691e-03 7.783870674e-03 3.805537867e+00 7.869482059e+00 7.386192109e+01
2.424048096e+04 4.568986931e+00 3.560379356e+00 3.198969646e-03 7.758369636e-03 3.764894887e+00 7.857925183e+00 7.385039646e+01
2.445691383e+04 4.572954554e+00 3.583880640e+00 3.179671769e-03 7.733331802e-03 3.724575429e+00 7.846434108e+00 7.383893703e+01
2.467334669e+04 4.576914554e+00 3.607239853e+00 3.160747133e-03 7.708748924e-03 3.684579109e+00 7.835007694e+00 7.382754168e+01
2.488977956e+04 4.580865214e+00 3.630457665e+00 3.142188051e-03 7.684612960e-03 3.644905499e+00 7.823644824e+00 7.381620931e+01
2.510621242e+04 4.584804841e+00 3.653534751e+00 3.123986994e-03 7.660916121e-03 3.605554124e+00 7.812344404e+00 7.380493881e+01
2.532264529e+04 4.588731819e+00 3.676471766e+00 3.106136549e-03 7.637650643e-03 3.566524467e+00 7.801105364e+00 7.379372915e+01
2.553907816e+04 4.592644574e+00 3.699269360e+00 3.088629510e-03 7.614808972e-03 3.527815969e+00 7.789926655e+00 7.378257928e+01
2.575551102e+04 4.596541576e+00 3.721928179e+00 3.071459013e-03 7.592383840e-03 3.489428027e+00 7.778807253e+00 7.377148818e+01
2.597194389e+04 4.600421323e+00 3.744448877e+00 3.054618287e-03 7.570368143e-03 3.451359997e+00 7.767746152e+00 7.376045486e+01
2.618837675e+04 4.604282367e+00 3.766832098e+00 3.038100704e-03 7.548754895e-03 3.413611194e+00 7.756742367e+00 7.374947834e+01
2.640480962e+04 4.608123317e+00 3.789078472e+00 3.021899654e-03 7.527537117e-03 3.376180893e+00 7.745794935e+00 7.373855768e+01
2.662124248e+04 4.611942816e+00 3.811188632e+00 3.006008973e-03 7.506708218e-03 3.339068330e+00 7.734902912e+00 7.372769193e+01
2.683767535e+04 4.615739544e+00 3.833163214e+00 2.990422550e-03 7.486261695e-03 3.302272702e+00 7.724065371e+00 7.371688018e+01
2.705410822e+04 4.619512210e+00 3.855002855e+00 2.975134446e-03 7.466191222e-03 3.265793167e+00 7.713281407e+00 7.370612153e+01
2.727054108e+04 4.623259592e+00 3.876708173e+00 2.960138734e-03 7.446490466e-03 3.229628847e+00 7.702550131e+00 7.369541511e+01
2.748697395e+04 4.626980487e+00 3.898279797e+00 2.945429758e-03 7.427153363e-03 3.193778826e+00 7.691870672e+00 7.368476004e+01
2.770340681e+04 4.630673735e+00 3.919718354e+00 2.931001980e-03 7.408173957e-03 3.158242154e+00 7.681242176e+00 7.367415548e+01
2.791983968e+04 4.634338215e+00 3.941024467e+00 2.916850000e-03 7.389546415e-03 3.123017844e+00 7.670663808e+00 7.366360061e+01
2.813627255e+04 4.637972844e+00 3.962198758e+00 2.902968542e-03 7.371265035e-03 3.088104876e+00 7.660134747e+00 7.365309462e+01
2.835270541e+04 4.641576572e+00 3.983241850e+00 2.889352463e-03 7.353324241e-03 3.053502196e+00 7.649654189e+00 7.364263670e+01
2.856913828e+04 4.645148387e+00 4.004154365e+00 2.875996733e-03 7.335718573e-03 3.019208716e+00 7.639221346e+00 7.363222608e+01
2.878557114e+04 4.648687313e+00 4.024936923e+00 2.862896431e-03 7.318442681e-03 2.985223318e+00 7.628835444e+00 7.362186198e+01
2.900200401e+04 4.652192406e+00 4.045590147e+00 2.850046789e-03 7.301491346e-03 2.951544851e+00 7.618495725e+00 7.361154367e+01
2.921843687e+04 4.655662756e+00 4.066114659e+00 2.837443115e-03 7.284859439e-03 2.918172134e+00 7.608201446e+00 7.360127040e+01
2.943486974e+04 4.659097488e+00 4.086511081e+00 2.825080863e-03 7.268541955e-03 2.885103955e+00 7.597951876e+00 7.359104144e+01
2.965130261e+04 4.662495758e+00 4.106780036e+00 2.812955583e-03 7.252533987e-03 2.852339076e+00 7.587746302e+00 7.358085610e+01
2.986773547e+04 4.665856753e+00 4.126922147e+00 2.801062924e-03 7.236830738e-03 2.819876226e+00 7.577584019e+00 7.357071367e+01
3.008416834e+04 4.669179694e+00 4.146938037e+00 2.789398647e-03 7.221427510e-03 2.787714111e+00 7.567464340e+00 7.356061348e+01
3.030060120e+04 4.672463828e+00 4.166828333e+00 2.777958605e-03 7.206319700e-03 2.755851407e+00 7.557386588e+00 7.355055484e+01
3.051703407e+04 4.675708436e+00 4.186593660e+00 2.766738739e-03 7.191502795e-03 2.724286766e+00 7.547350100e+00 7.354053712e+01
3.073346693e+04 4.678912827e+00 4.206234646e+00 2.755735090e-03 7.176972379e-03 2.693018812e+00 7.537354226e+00 7.353055965e+01
3.094989980e+04 4.682076339e+00 4.225751918e+00 2.744943794e-03 7.162724118e-03 2.662046147e+00 7.527398325e+00 7.352062181e+01
3.116633267e+04 4.685198336e+00 4.245146107e+00 2.734361066e-03 7.148753769e-03 2.631367348e+00 7.517481771e+00 7.351072298e+01
3.138276553e+04 4.688278213e+00 4.264417844e+00 2.723983221e-03 7.135057183e-03 2.600980969e+00 7.507603949e+00 7.350086254e+01
3.159919840e+04 4.691315389e+00 4.283567760e+00 2.713806645e-03 7.121630278e-03 2.570885541e+00 7.497764253e+00 7.349103990e+01
3.181563126e+04 4.694309312e+00 4.302596491e+00 2.703827811e-03 7.108469055e-03 2.541079573e+00 7.487962091e+00 7.348125446e+01
3.203206413e+04 4.697259455e+00 4.321504671e+00 2.694043274e-03 7.095569618e-03 2.511561556e+00 7.478196879e+00 7.347150566e+01
3.224849699e+04 4.700165314e+00 4.340292937e+00 2.684449663e-03 7.082928123e-03 2.482329956e+00 7.468468046e+00 7.346179292e+01
3.246492986e+04 4.703026414e+00 4.358961930e+00 2.675043682e-03 7.070540810e-03 2.453383223e+00 7.458775028e+00 7.345211569e+01
3.268136273e+04 4.705842301e+00 4.377512288e+00 2.665822110e-03 7.058403995e-03 2.424719787e+00 7.449117275e+00 7.344247342e+01
3.289779559e+04 4.708612547e+00 4.395944654e+00 2.656781798e-03 7.046514063e-03 2.396338061e+00 7.439494244e+00 7.343286557e+01
3.311422846e+04 4.711336746e+00 4.414259671e+00 2.647919664e-03 7.034867469e-03 2.368236437e+00 7.429905403e+00 7.342329162e+01
3.333066132e+04 4.714014514e+00 4.432457985e+00 2.639232694e-03 7.023460736e-03 2.340413294e+00 7.420350228e+00 7.341375104e+01
3.354709419e+04 4.716645491e+00 4.450540243e+00 2.630717942e-03 7.012290453e-03 2.312866994e+00 7.410828205e+00 7.340424333e+01
3.376352705e+04 4.719229338e+00 4.468507093e+00 2.622372523e-03 7.001353273e-03 2.285595882e+00 7.401338831e+00 7.339476798e+01
3.397995992e+04 4.721765738e+00 4.486359186e+00 2.614193616e-03 6.990645911e-03 2.258598289e+00 7.391881607e+00 7.338532451e+01
3.419639279e+04 4.724254394e+00 4.504097172e+00 2.606178464e-03 6.980165154e-03 2.231872533e+00 7.382456048e+00 7.337591243e+01
3.441282565e+04 4.726695030e+00 4.521721707e+00 2.598324364e-03 6.969907837e-03 2.205416918e+00 7.373061673e+00 7.336653127e+01
3.462925852e+04 4.729087388e+00 4.539233444e+00 2.590628672e-03 6.959870858e-03 2.179229733e+00 7.363698013e+00 7.335718055e+01
3.484569138e+04 4.731431232e+00 4.556633039e+00 2.583088806e-03 6.950051181e-03 2.153309258e+00 7.354364604e+00 7.334785983e+01
3.506212425e+04 4.733726344e+00 4.573921152e+00 2.575702235e-03 6.940445818e-03 2.127653760e+00 7.345060991e+00 7.333856865e+01
3.527855711e+04 4.735972525e+00 4.591098442e+00 2.568466479e-03 6.931051839e-03 2.102261494e+00 7.335786728e+00 7.332930656e+01
3.549498998e+04 4.738169593e+00 4.608165568e+00 2.561379119e-03 6.921866370e-03 2.077130706e+00 7.326541375e+00 7.332007314e+01
3.571142285e+04 4.740317384e+00 4.625123193e+00 2.554437780e-03 6.912886587e-03 2.052259632e+00 7.317324500e+00 7.331086794e+01
3.592785571e+04 4.742415752e+00 4.641971982e+00 2.547640135e-03 6.904109718e-03 2.027646498e+00 7.308135677e+00 7.330169056e+01
3.614428858e+04 4.744464566e+00 4.658712598e+00 2.540983908e-03 6.895533041e-03 2.003289523e+00 7.298974490e+00 7.329254058e+01
3.636072144e+04 4.746463715e+00 4.675345707e+00 2.534466877e-03 6.887153887e-03 1.979186917e+00 7.289840528e+00 7.328341758e+01
3.657715431e+04 4.748413100e+00 4.691871976e+00 2.528086860e-03 6.878969634e-03 1.955336881e+00 7.280733387e+00 7.327432118e+01
3.679358717e+04 4.750312640e+00 4.708292074e+00 2.521841719e-03 6.870977702e-03 1.931737612e+00 7.271652669e+00 7.326525097e+01
3.701002004e+04 4.752162268e+00 4.724606670e+00 2.515729357e-03 6.863175560e-03 1.908387300e+00 7.262597984e+00 7.325620657e+01
3.722645291e+04 4.753961932e+00 4.740816434e+00 2.509747728e-03 6.855560725e-03 1.885284128e+00 7.253568947e+00 7.324718759e+01
3.744288577e+04 4.755711596e+00 4.756922035e+00 2.503894832e-03 6.848130765e-03 1.862426272e+00 7.244565182e+00 7.323819367e+01
3.765931864e+04 4.757411237e+00 4.772924147e+00 2.498168697e-03 6.840883277e-03 1.839811908e+00 7.235586316e+00 7.322922444e+01
3.787575150e+04 4.759060843e+00 4.788823441e+00 2.492567395e-03 6.833815906e-03 1.817439204e+00 7.226631983e+00 7.322027952e+01
3.809218437e+04 4.760660420e+00 4.804620591e+00 2.487089038e-03 6.826926338e-03 1.795306327e+00 7.217701824e+00 7.321135857e+01
3.830861723e+04 4.762209985e+00 4.820316269e+00 2.481731786e-03 6.820212312e-03 1.773411435e+00 7.208795485e+00 7.320246123e+01
3.852505010e+04 4.763709567e+00 4.835911149e+00 2.476493822e-03 6.813671589e-03 1.751752691e+00 7.199912618e+00 7.319358716e+01
3.874148297e+04 4.765159207e+00 4.851405907e+00 2.471373370e-03 6.807301978e-03 1.730328250e+00 7.191052880e+00 7.318473602e+01
3.895791583e+04 4.766558960e+00 4.866801217e+00 2.466368689e-03 6.801101322e-03 1.709136268e+00 7.182215933e+00 7.317590748e+01
3.917434870e+04 4.767908890e+00 4.882097753e+00 2.461478082e-03 6.795067512e-03 1.688174897e+00 7.173401448e+00 7.316710120e+01
3.939078156e+04 4.769209076e+00 4.897296191e+00 2.456699874e-03 6.789198464e-03 1.667442290e+00 7.164609096e+00 7.315831686e+01
3.960721443e+04 4.770459603e+00 4.912397205e+00 2.452032426e-03 6.783492135e-03 1.646936600e+00 7.155838557e+00 7.314955414e+01
3.982364729e+04 4.771660569e+00 4.927401472e+00 2.447474132e-03 6.777946513e-03 1.626655978e+00 7.147089513e+00 7.314081273e+01
4.004008016e+04 4.772812085e+00 4.942309665e+00 2.443023422e-03 6.772559629e-03 1.606598576e+00 7.138361656e+00 7.313209233e+01
4.025651303e+04 4.773914268e+00 4.957122459e+00 2.438678755e-03 6.767329544e-03 1.586762545e+00 7.129654677e+00 7.312339262e+01
4.047294589e+04 4.774967246e+00 4.971840530e+00 2.434438615e-03 6.762254348e-03 1.567146041e+00 7.120968275e+00 7.311471330e+01
4.068937876e+04 4.775971156e+00 4.986464551e+00 2.430301519e-03 6.757332166e-03 1.547747220e+00 7.112302154e+00 7.310605409e+01
4.090581162e+04 4.776926146e+00 5.000995196e+00 2.426266016e-03 6.752561159e-03 1.528564238e+00 7.103656021e+00 7.309741470e+01
4.112224449e+04 4.777832372e+00 5.015433138e+00 2.422330682e-03 6.747939518e-03 1.509595252e+00 7.095029588e+00 7.308879483e+01
4.133867735e+04 4.778689996e+00 5.029779050e+00 2.418494118e-03 6.743465462e-03 1.490838427e+00 7.086422573e+00 7.308019420e+01
4.155511022e+04 4.779499192e+00 5.044033604e+00 2.414754952e-03 6.739137239e-03 1.472291927e+00 7.077834696e+00 7.307161255e+01
4.177154309e+04 4.780260139e+00 5.058197470e+00 2.411111840e-03 6.734953131e-03 1.453953920e+00 7.069265682e+00 7.306304959e+01
4.198797595e+04 4.780973026e+00 5.072271320e+00 2.407563469e-03 6.730911449e-03 1.435822576e+00 7.060715262e+00 7.305450507e+01
4.220440882e+04 4.781638049e+00 5.086255822e+00 2.404108543e-03 6.727010529e-03 1.417896073e+00 7.052183168e+00 7.304597871e+01
4.242084168e+04 4.782255409e+00 5.100151645e+00 2.400745793e-03 6.723248736e-03 1.400172589e+00 7.043669138e+00 7.303747025e+01
4.263727455e+04 4.782825317e+00 5.113959455e+00 2.397473976e-03 6.719624462e-03 1.382650311e+00 7.035172915e+00 7.302897944e+01
4.285370741e+04 4.783347989e+00 5.127679920e+00 2.394291875e-03 6.716136132e-03 1.365327424e+00 7.026694244e+00 7.302050603e+01
4.307014028e+04 4.783823648e+00 5.141313703e+00 2.391198293e-03 6.712782190e-03 1.348202125e+00 7.018232873e+00 7.301204976e+01
4.328657315e+04 4.784252523e+00 5.154861468e+00 2.388192054e-03 6.709561108e-03 1.331272613e+00 7.009788557e+00 7.300361039e+01
4.350300601e+04 4.784634849e+00 5.168323877e+00 2.385272007e-03 6.706471384e-03 1.314537095e+00 7.001361052e+00 7.299518769e+01
4.371943888e+04 4.784970866e+00 5.181701590e+00 2.382437025e-03 6.703511542e-03 1.297993780e+00 6.992950118e+00 7.298678141e+01
4.393587174e+04 4.785260823e+00 5.194995267e+00 2.379685999e-03 6.700680131e-03 1.281640885e+00 6.984555520e+00 7.297839132e+01
4.415230461e+04 4.785504969e+00 5.208205564e+00 2.377017841e-03 6.697975721e-03 1.265476636e+00 6.976177025e+00 7.297001719e+01
4.436873747e+04 4.785703562e+00 5.221333137e+00 2.374431483e-03 6.695396908e-03 1.249499264e+00 6.967814403e+00 7.296165878e+01
4.458517034e+04 4.785856864e+00 5.234378639e+00 2.371925880e-03 6.692942311e-03 1.233707005e+00 6.959467430e+00 7.295331589e+01
4.480160321e+04 4.785965141e+00 5.247342723e+00 2.369500006e-03 6.690610574e-03 1.218098103e+00 6.951135883e+00 7.294498828e+01
4.501803607e+04 4.786028665e+00 5.260226038e+00 2.367152853e-03 6.688400361e-03 1.202670812e+00 6.942819543e+00 7.293667574e+01
4.523446894e+04 4.786047709e+00 5.273029231e+00 2.364883429e-03 6.686310356e-03 1.187423392e+00 6.934518193e+00 7.292837806e+01
4.545090180e+04 4.786022553e+00 5.285752950e+00 2.362690766e-03 6.684339270e-03 1.172354109e+00 6.926231621e+00 7.292009501e+01
4.566733467e+04 4.785953482e+00 5.298397837e+00 2.360573913e-03 6.682485832e-03 1.157461239e+00 6.917959618e+00 7.291182641e+01
4.588376754e+04 4.785840782e+00 5.310964533e+00 2.358531934e-03 6.680748794e-03 1.142743065e+00 6.909701976e+00 7.290357203e+01
4.610020040e+04 4.785684743e+00 5.323453678e+00 2.356563910e-03 6.679126925e-03 1.128197881e+00 6.901458492e+00 7.289533168e+01
4.631663327e+04 4.785485659e+00 5.335865909e+00 2.354668942e-03 6.677619016e-03 1.113823986e+00 6.893228965e+00 7.288710516e+01
4.653306613e+04 4.785243828e+00 5.348201859e+00 2.352846150e-03 6.676223883e-03 1.099619690e+00 6.885013197e+00 7.287889227e+01
4.674949900e+04 4.784959549e+00 5.360462161e+00 2.351094664e-03 6.674940355e-03 1.085583309e+00 6.876810992e+00 7.287069282e+01
4.696593186e+04 4.784633126e+00 5.372647443e+00 2.349413633e-03 6.673767283e-03 1.071713173e+00 6.868622160e+00 7.286250661e+01
4.718236473e+04 4.784264864e+00 5.384758333e+00 2.347802222e-03 6.672703535e-03 1.058007619e+00 6.860446509e+00 7.285433347e+01
4.739879760e+04 4.783855071e+00 5.396795455e+00 2.346259612e-03 6.671748001e-03 1.044464989e+00 6.852283853e+00 7.284617320e+01
4.761523046e+04 4.783404059e+00 5.408759429e+00 2.344784999e-03 6.670899588e-03 1.031083640e+00 6.844134008e+00 7.283802562e+01
4.783166333e+04 4.782912140e+00 5.420650875e+00 2.343377591e-03 6.670157220e-03 1.017861937e+00 6.835996792e+00 7.282989054e+01
4.804809619e+04 4.782379629e+00 5.432470407e+00 2.342036613e-03 6.669519839e-03 1.004798256e+00 6.827872025e+00 7.282176781e+01
4.826452906e+04 4.781806842e+00 5.444218640e+00 2.340761306e-03 6.668986406e-03 9.918909781e-01 6.819759532e+00 7.281365722e+01
4.848096192e+04 4.781194100e+00 5.455896183e+00 2.339550923e-03 6.668555899e-03 9.791384988e-01 6.811659137e+00 7.280555863e+01
4.869739479e+04 4.780541722e+00 5.467503643e+00 2.338404730e-03 6.668227311e-03 9.665392227e-01 6.803570670e+00 7.279747184e+01
4.891382766e+04 4.779850030e+00 5.479041623e+00 2.337322007e-03 6.667999653e-03 9.540915646e-01 6.795493960e+00 7.278939670e+01
4.913026052e+04 4.779119347e+00 5.490510725e+00 2.336302049e-03 6.667871953e-03 9.417939490e-01 6.787428840e+00 7.278133304e+01
4.934669339e+04 4.778349999e+00 5.501911548e+00 2.335344162e-03 6.667843253e-03 9.296448099e-01 6.779375146e+00 7.277328070e+01
4.956312625e+04 4.777542312e+00 5.513244684e+00 2.334447665e-03 6.667912613e-03 9.176425937e-01 6.771332715e+00 7.276523951e+01
4.977955912e+04 4.776696611e+00 5.524510727e+00 2.333611889e-03 6.668079108e-03 9.057857566e-01 6.763301387e+00 7.275720931e+01
4.999599198e+04 4.775813225e+00 5.535710263e+00 2.332836178e-03 6.668341827e-03 8.940727655e-01 6.755281003e+00 7.274918995e+01
5.021242485e+04 4.774892483e+00 5.546843879e+00 2.332119891e-03 6.668699878e-03 8.825020963e-01 6.747271408e+00 7.274118127e+01
5.042885772e+04 4.773934714e+00 5.557912155e+00 2.331462396e-03 6.669152382e-03 8.710722378e-01 6.739272448e+00 7.273318313e+01
5.064529058e+04 4.772940248e+00 5.568915671e+00 2.330863071e-03 6.669698473e-03 8.597816891e-01 6.731283970e+00 7.272519536e+01
5.086172345e+04 4.771909414e+00 5.579855000e+00 2.330321309e-03 6.670337301e-03 8.486289603e-01 6.723305825e+00 7.271721782e+01
5.107815631e+04 4.770842546e+00 5.590730715e+00 2.329836510e-03 6.671068030e-03 8.376125706e-01 6.715337865e+00 7.270925037e+01
5.129458918e+04 4.769739973e+00 5.601543384e+00 2.329408088e-03 6.671889838e-03 8.267310522e-01 6.707379944e+00 7.270129286e+01
5.151102204e+04 4.768602027e+00 5.612293572e+00 2.329035467e-03 6.672801915e-03 8.159829478e-01 6.699431919e+00 7.269334514e+01
5.172745491e+04 4.767429039e+00 5.622981839e+00 2.328718080e-03 6.673803468e-03 8.053668115e-01 6.691493647e+00 7.268540707e+01
5.194388778e+04 4.766221341e+00 5.633608743e+00 2.328455377e-03 6.674893718e-03 7.948812070e-01 6.683564988e+00 7.267747853e+01
5.216032064e+04 4.764979264e+00 5.644174839e+00 2.328246813e-03 6.676071898e-03 7.845247098e-01 6.675645805e+00 7.266955936e+01
5.237675351e+04 4.763703140e+00 5.654680677e+00 2.328091855e-03 6.677337252e-03 7.742959077e-01 6.667735960e+00 7.266164943e+01
5.259318637e+04 4.762393299e+00 5.665126803e+00 2.327989977e-03 6.678689040e-03 7.641933989e-01 6.659835318e+00 7.265374861e+01
5.280961924e+04 4.761050071e+00 5.675513760e+00 2.327940665e-03 6.680126532e-03 7.542157933e-01 6.651943748e+00 7.264585677e+01
5.302605210e+04 4.759673789e+00 5.685842090e+00 2.327943410e-03 6.681649008e-03 7.443617092e-01 6.644061117e+00 7.263797377e+01
5.324248497e+04 4.758264781e+00 5.696112327e+00 2.327997715e-03 6.683255765e-03 7.346297797e-01 6.636187297e+00 7.263009949e+01
5.345891784e+04 4.756823377e+00 5.706325004e+00 2.328103092e-03 6.684946108e-03 7.250186479e-01 6.628322158e+00 7.262223381e+01
5.367535070e+04 4.755349904e+00 5.716480649e+00 2.328259063e-03 6.686719356e-03 7.155269685e-01 6.620465576e+00 7.261437659e+01
5.389178357e+04 4.753844690e+00 5.726579786e+00 2.328465159e-03 6.688574842e-03 7.061534069e-01 6.612617425e+00 7.260652771e+01
5.410821643e+04 4.752308065e+00 5.736622938e+00 2.328720933e-03 6.690511919e-03 6.968966384e-01 6.604777583e+00 7.259868705e+01
5.432464930e+04 4.750740353e+00 5.746610622e+00 2.329025931e-03 6.692529937e-03 6.877553519e-01 6.596945928e+00 7.259085449e+01
5.454108216e+04 4.749141880e+00 5.756543350e+00 2.329379711e-03 6.694628265e-03 6.787282470e-01 6.589122340e+00 7.258302990e+01
5.475751503e+04 4.747512970e+00 5.766421633e+00 2.329781842e-03 6.696806283e-03 6.698140344e-01 6.581306701e+00 7.257521319e+01
5.497394790e+04 4.745853947e+00 5.776245977e+00 2.330231894e-03 6.699063375e-03 6.610114352e-01 6.573498894e+00 7.256740421e+01
5.519038076e+04 4.744165135e+00 5.786016884e+00 2.330729447e-03 6.701398941e-03 6.523191817e-01 6.565698803e+00 7.255960287e+01
5.540681363e+04 4.742446852e+00 5.795734852e+00 2.331274093e-03 6.703812392e-03 6.437360188e-01 6.557906314e+00 7.255180904e+01
5.562324649e+04 4.740699421e+00 5.805400376e+00 2.331865431e-03 6.706303149e-03 6.352607018e-01 6.550121316e+00 7.254402263e+01
5.583967936e+04 4.738923159e+00 5.815013946e+00 2.332503066e-03 6.708870643e-03 6.268919976e-01 6.542343696e+00 7.253624350e+01
5.605611222e+04 4.737118385e+00 5.824576050e+00 2.333186612e-03 6.711514316e-03 6.186286825e-01 6.534573345e+00 7.252847156e+01
5.627254509e+04 4.735285416e+00 5.834087171e+00 2.333915687e-03 6.714233616e-03 6.104695458e-01 6.526810154e+00 7.252070671e+01
5.648897796e+04 4.733424566e+00 5.843547787e+00 2.334689918e-03 6.717028006e-03 6.024133873e-01 6.519054016e+00 7.251294882e+01
5.670541082e+04 4.731536148e+00 5.852958375e+00 2.335508939e-03 6.719896953e-03 5.944590182e-01 6.511304826e+00 7.250519780e+01
5.692184369e+04 4.729620476e+00 5.862319405e+00 2.336372391e-03 6.722839939e-03 5.866052605e-01 6.503562479e+00 7.249745354e+01
5.713827655e+04 4.727677860e+00 5.871631346e+00 2.337279934e-03 6.725856465e-03 5.788509459e-01 6.495826871e+00 7.248971595e+01
5.735470942e+04 4.725708608e+00 5.880894661e+00 2.338231219e-03 6.728946024e-03 5.711949190e-01 6.488097900e+00 7.248198491e+01
5.757114228e+04 4.723713030e+00 5.890109810e+00 2.339225909e-03 6.732108129e-03 5.636360346e-01 6.480375467e+00 7.247426033e+01
5.778757515e+04 4.721691430e+00 5.899277250e+00 2.340263678e-03 6.735342298e-03 5.561731586e-01 6.472659470e+00 7.246654211e+01
5.800400802e+04 4.719644113e+00 5.908397432e+00 2.341344200e-03 6.738648063e-03 5.488051671e-01 6.464949811e+00 7.245883015e+01
5.822044088e+04 4.717571383e+00 5.917470807e+00 2.342467162e-03 6.742024961e-03 5.415309468e-01 6.457246395e+00 7.245112435e+01
5.843687375e+04 4.715473540e+00 5.926497817e+00 2.343632253e-03 6.745472541e-03 5.343493962e-01 6.449549123e+00 7.244342463e+01
5.865330661e+04 4.713350884e+00 5.935478904e+00 2.344839172e-03 6.748990359e-03 5.272594245e-01 6.441857901e+00 7.243573088e+01
5.886973948e+04 4.711203711e+00 5.944414505e+00 2.346087624e-03 6.752577983e-03 5.202599511e-01 6.434172636e+00 7.242804301e+01
5.908617234e+04 4.709032319e+00 5.953305052e+00 2.347377315e-03 6.756234985e-03 5.133499061e-01 6.426493234e+00 7.242036093e+01
5.930260521e+04 4.706837001e+00 5.962150977e+00 2.348707954e-03 6.759960938e-03 5.065282288e-01 6.418819604e+00 7.241268455e+01
5.951903808e+04 4.704618049e+00 5.970952703e+00 2.350079264e-03 6.763755436e-03 4.997938713e-01 6.411151655e+00 7.240501378e+01
5.973547094e+04 4.702375754e+00 5.979710653e+00 2.351490971e-03 6.767618078e-03 4.931457954e-01 6.403489298e+00 7.239734852e+01
5.995190381e+04 4.700110404e+00 5.988425245e+00 2.352942805e-03 6.771548467e-03 4.865829731e-01 6.395832443e+00 7.238968870e+01
6.016833667e+04 4.697822286e+00 5.997096892e+00 2.354434504e-03 6.775546219e-03 4.801043870e-01 6.388181003e+00 7.238203422e+01
6.038476954e+04 4.695511685e+00 6.005726006e+00 2.355965822e-03 6.779610965e-03 4.737090283e-01 6.380534892e+00 7.237438499e+01
6.060120240e+04 4.693178884e+00 6.014312994e+00 2.357536502e-03 6.783742332e-03 4.673959009e-01 6.372894025e+00 7.236674094e+01
6.081763527e+04 4.690824162e+00 6.022858257e+00 2.359146300e-03 6.787939958e-03 4.611640178e-01 6.365258315e+00 7.235910198e+01
6.103406814e+04 4.688447801e+00 6.031362196e+00 2.360794975e-03 6.792203491e-03 4.550124023e-01 6.357627680e+00 7.235146802e+01
6.125050100e+04 4.686050074e+00 6.039825205e+00 2.362482293e-03 6.796532584e-03 4.489400880e-01 6.350002037e+00 7.234383898e+01
6.146693387e+04 4.683631260e+00 6.048247678e+00 2.364208024e-03 6.800926897e-03 4.429461171e-01 6.342381303e+00 7.233621478e+01
6.168336673e+04 4.681191630e+00 6.056630001e+00 2.365971943e-03 6.805386100e-03 4.370295431e-01 6.334765399e+00 7.232859534e+01
6.189979960e+04 4.678731455e+00 6.064972558e+00 2.367773831e-03 6.809909870e-03 4.311894293e-01 6.327154243e+00 7.232098059e+01
6.211623246e+04 4.676251003e+00 6.073275732e+00 2.369613475e-03 6.814497889e-03 4.254248487e-01 6.319547757e+00 7.231337043e+01
6.233266533e+04 4.673750542e+00 6.081539898e+00 2.371490664e-03 6.819149848e-03 4.197348839e-01 6.311945862e+00 7.230576480e+01
6.254909820e+04 4.671230338e+00 6.089765431e+00 2.373405202e-03 6.823865453e-03 4.141186269e-01 6.304348480e+00 7.229816361e+01
6.276553106e+04 4.668690652e+00 6.097952701e+00 2.375356892e-03 6.828644411e-03 4.085751795e-01 6.296755536e+00 7.229056680e+01
6.298196393e+04 4.666131745e+00 6.106102073e+00 2.377345539e-03 6.833486435e-03 4.031036535e-01 6.289166952e+00 7.228297427e+01
6.319839679e+04 4.663553877e+00 6.114213911e+00 2.379370956e-03 6.838391247e-03 3.977031698e-01 6.281582654e+00 7.227538597e+01
6.341482966e+04 4.660957303e+00 6.122288574e+00 2.381432962e-03 6.843358576e-03 3.923728590e-01 6.274002568e+00 7.226780181e+01
6.363126253e+04 4.658342279e+00 6.130326417e+00 2.383531369e-03 6.848388148e-03 3.871118606e-01 6.266426620e+00 7.226022173e+01
6.384769539e+04 4.655709056e+00 6.138327792e+00 2.385665993e-03 6.853479697e-03 3.819193234e-01 6.258854738e+00 7.225264565e+01
6.406412826e+04 4.653057885e+00 6.146293046e+00 2.387836665e-03 6.858632973e-03 3.767944059e-01 6.251286848e+00 7.224507349e+01
6.428056112e+04 4.650389013e+00 6.154222526e+00 2.390043218e-03 6.863847727e-03 3.717362755e-01 6.243722881e+00 7.223750519e+01
6.449699399e+04 4.647702687e+00 6.162116572e+00 2.392285484e-03 6.869123715e-03 3.667441088e-01 6.236162765e+00 7.222994068e+01
6.471342685e+04 4.644999152e+00 6.169975522e+00 2.394563311e-03 6.874460709e-03 3.618170912e-01 6.228606431e+00 7.222237988e+01
6.492985972e+04 4.642278650e+00 6.177799714e+00 2.396876570e-03 6.879858502e-03 3.569544167e-01 6.221053809e+00 7.221482274e+01
6.514629259e+04 4.639541420e+00 6.185589476e+00 2.399225096e-03 6.885316860e-03 3.521552889e-01 6.213504832e+00 7.220726917e+01
6.536272545e+04 4.636787700e+00 6.193345138e+00 2.401608746e-03 6.890835570e-03 3.474189200e-01 6.205959431e+00 7.219971912e+01
6.557915832e+04 4.634017727e+00 6.201067023e+00 2.404027380e-03 6.896414425e-03 3.427445309e-01 6.198417539e+00 7.219217252e+01
6.579559118e+04 4.631231732e+00 6.208755454e+00 2.406480864e-03 6.902053225e-03 3.381313512e-01 6.190879090e+00 7.218462929e+01
6.601202405e+04 4.628429949e+00 6.216410746e+00 2.408969071e-03 6.907751779e-03 3.335786189e-01 6.183344017e+00 7.217708938e+01
6.622845691e+04 4.625612607e+00 6.224033216e+00 2.411491886e-03 6.913509909e-03 3.290855800e-01 6.175812257e+00 7.216955272e+01
6.644488978e+04 4.622779932e+00 6.231623174e+00 2.414049183e-03 6.919327430e-03 3.246514901e-01 6.168283744e+00 7.216201924e+01
6.666132265e+04 4.619932150e+00 6.239180928e+00 2.416640850e-03 6.925204171e-03 3.202756127e-01 6.160758415e+00 7.215448888e+01
6.687775551e+04 4.617069484e+00 6.246706783e+00 2.419266777e-03 6.931139965e-03 3.159572194e-01 6.153236205e+00 7.214696159e+01
6.709418838e+04 4.614192154e+00 6.254201040e+00 2.421926860e-03 6.937134655e-03 3.116955904e-01 6.145717053e+00 7.213943729e+01
6.731062124e+04 4.611300380e+00 6.261663997e+00 2.424620973e-03 6.943188067e-03 3.074900136e-01 6.138200896e+00 7.213191592e+01
6.752705411e+04 4.608394379e+00 6.269095949e+00 2.427348961e-03 6.949300011e-03 3.033397851e-01 6.130687673e+00 7.212439743e+01
6.774348697e+04 4.605474366e+00 6.276497187e+00 2.430110750e-03 6.955470358e-03 2.992442093e-01 6.123177323e+00 7.211688174e+01
6.795991984e+04 4.602540552e+00 6.283868000e+00 2.432906232e-03 6.961698960e-03 2.952025984e-01 6.115669785e+00 7.210936881e+01
6.817635271e+04 4.599593149e+00 6.291208673e+00 2.435735300e-03 6.967985670e-03 2.912142726e-01 6.108164999e+00 7.210185857e+01
6.839278557e+04 4.596632364e+00 6.298519487e+00 2.438597851e-03 6.974330346e-03 2.872785597e-01 6.100662906e+00 7.209435097e+01
6.860921844e+04 4.593658406e+00 6.305800724e+00 2.441493820e-03 6.980732878e-03 2.833947954e-01 6.093163447e+00 7.208684593e+01
6.882565130e+04 4.590671480e+00 6.313052663e+00 2.444423184e-03 6.987193183e-03 2.795623229e-01 6.085666564e+00 7.207934342e+01
6.904208417e+04 4.587671788e+00 6.320275574e+00 2.447385820e-03 6.993711116e-03 2.757804930e-01 6.078172200e+00 7.207184336e+01
6.925851703e+04 4.584659531e+00 6.327469729e+00 2.450381654e-03 7.000286569e-03 2.720486644e-01 6.070680296e+00 7.206434570e+01
6.947494990e+04 4.581634909e+00 6.334635396e+00 2.453410620e-03 7.006919438e-03 2.683662028e-01 6.063190797e+00 7.205685039e+01
6.969138277e+04 4.578598117e+00 6.341772840e+00 2.456472656e-03 7.013609628e-03 2.647324815e-01 6.055703645e+00 7.204935737e+01
6.990781563e+04 4.575549349e+00 6.348882320e+00 2.459567713e-03 7.020357064e-03 2.611468811e-01 6.048218786e+00 7.204186657e+01
7.012424850e+04 4.572488798e+00 6.355964095e+00 2.462695751e-03 7.027161688e-03 2.576087895e-01 6.040736163e+00 7.203437796e+01
7.034068136e+04 4.569416654e+00 6.363018421e+00 2.465856721e-03 7.034023416e-03 2.541176017e-01 6.033255722e+00 7.202689147e+01
7.055711423e+04 4.566333106e+00 6.370045551e+00 2.469050588e-03 7.040942188e-03 2.506727198e-01 6.025777409e+00 7.201940705e+01
7.077354709e+04 4.563238341e+00 6.377045735e+00 2.472277322e-03 7.047917953e-03 2.472735530e-01 6.018301168e+00 7.201192464e+01
7.098997996e+04 4.560132542e+00 6.384019220e+00 2.475536903e-03 7.054950665e-03 2.439195173e-01 6.010826948e+00 7.200444419e+01
7.120641283e+04 4.557015894e+00 6.390966251e+00 2.478829229e-03 7.062040216e-03 2.406100359e-01 6.003354693e+00 7.199696565e+01
7.142284569e+04 4.553888577e+00 6.397887068e+00 2.482154158e-03 7.069186470e-03 2.373445389e-01 5.995884353e+00 7.198948897e+01
7.163927856e+04 4.550750771e+00 6.404781912e+00 2.485511721e-03 7.076389432e-03 2.341224627e-01 5.988415874e+00 7.198201408e+01
7.185571142e+04 4.547602651e+00 6.411651016e+00 2.488901863e-03 7.083649044e-03 2.309432507e-01 5.980949204e+00 7.197454095e+01
7.207214429e+04 4.544444393e+00 6.418494616e+00 2.492324532e-03 7.090965249e-03 2.278063529e-01 5.973484292e+00 7.196706952e+01
7.228857715e+04 4.541276171e+00 6.425312940e+00 2.495779671e-03 7.098337989e-03 2.247112259e-01 5.966021087e+00 7.195959974e+01
7.250501002e+04 4.538098156e+00 6.432106218e+00 2.499267298e-03 7.105767262e-03 2.216573327e-01 5.958559538e+00 7.195213155e+01
7.272144289e+04 4.534910518e+00 6.438874677e+00 2.502787462e-03 7.113253087e-03 2.186441432e-01 5.951099595e+00 7.194466492e+01
7.293787575e+04 4.531713425e+00 6.445618539e+00 2.506340070e-03 7.120795391e-03 2.156711329e-01 5.943641208e+00 7.193719978e+01
7.315430862e+04 4.528507043e+00 6.452338023e+00 2.509925103e-03 7.128394150e-03 2.127377842e-01 5.936184326e+00 7.192973609e+01
7.337074148e+04 4.525291537e+00 6.459033349e+00 2.513542545e-03 7.136049346e-03 2.098435854e-01 5.928728902e+00 7.192227379e+01
7.358717435e+04 4.522067068e+00 6.465704731e+00 2.517192381e-03 7.143760964e-03 2.069880310e-01 5.921274885e+00 7.191481285e+01
7.380360721e+04 4.518833797e+00 6.472352382e+00 2.520874647e-03 7.151529042e-03 2.041706219e-01 5.913822228e+00 7.190735321e+01
7.402004008e+04 4.515591881e+00 6.478976511e+00 2.524589393e-03 7.159353635e-03 2.013908652e-01 5.906370882e+00 7.189989482e+01
7.423647295e+04 4.512341479e+00 6.485577327e+00 2.528336606e-03 7.167234730e-03 1.986482733e-01 5.898920799e+00 7.189243764e+01
7.445290581e+04 4.509082744e+00 6.492155036e+00 2.532116315e-03 7.175172360e-03 1.959423649e-01 5.891471931e+00 7.188498161e+01
7.466933868e+04 4.505815832e+00 6.498709840e+00 2.535928558e-03 7.183166567e-03 1.932726646e-01 5.884024232e+00 7.187752669e+01
7.488577154e+04 4.502540892e+00 6.505241940e+00 2.539773383e-03 7.191217402e-03 1.906387026e-01 5.876577654e+00 7.187007284e+01
7.510220441e+04 4.499258075e+00 6.511751533e+00 2.543650696e-03 7.199324818e-03 1.880400152e-01 5.869132151e+00 7.186262001e+01
7.531863727e+04 4.495967530e+00 6.518238813e+00 2.547560397e-03 7.207488761e-03 1.854761443e-01 5.861687676e+00 7.185516814e+01
7.553507014e+04 4.492669403e+00 6.524703975e+00 2.551502592e-03 7.215709338e-03 1.829466372e-01 5.854244184e+00 7.184771720e+01
7.575150301e+04 4.489363839e+00 6.531147208e+00 2.555477282e-03 7.223986578e-03 1.804510467e-01 5.846801627e+00 7.184026714e+01
7.596793587e+04 4.486050980e+00 6.537568701e+00 2.559484461e-03 7.232320508e-03 1.779889312e-01 5.839359961e+00 7.183281791e+01
7.618436874e+04 4.482730968e+00 6.543968641e+00 2.563524122e-03 7.240711160e-03 1.755598544e-01 5.831919141e+00 7.182536947e+01
7.640080160e+04 4.479403944e+00 6.550347213e+00 2.567596422e-03 7.249158656e-03 1.731633860e-01 5.824479121e+00 7.181792177e+01
7.661723447e+04 4.476070046e+00 6.556704602e+00 2.571701492e-03 7.257663111e-03 1.707991007e-01 5.817039858e+00 7.181047476e+01
7.683366733e+04 4.472729410e+00 6.563040987e+00 2.575839256e-03 7.266224520e-03 1.684665780e-01 5.809601306e+00 7.180302842e+01
7.705010020e+04 4.469382171e+00 6.569356545e+00 2.580009756e-03 7.274842951e-03 1.661654029e-01 5.802163421e+00 7.179558268e+01
7.726653307e+04 4.466028463e+00 6.575651452e+00 2.584213039e-03 7.283518476e-03 1.638951655e-01 5.794726160e+00 7.178813750e+01
7.748296593e+04 4.462668417e+00 6.581925882e+00 2.588449157e-03 7.292251170e-03 1.616554609e-01 5.787289479e+00 7.178069285e+01
7.769939880e+04 4.459302164e+00 6.588180007e+00 2.592718163e-03 7.301041114e-03 1.594458892e-01 5.779853334e+00 7.177324867e+01
7.791583166e+04 4.455929833e+00 6.594413992e+00 2.597020119e-03 7.309888453e-03 1.572660566e-01 5.772417682e+00 7.176580493e+01
7.813226453e+04 4.452551549e+00 6.600628004e+00 2.601355087e-03 7.318793282e-03 1.551155731e-01 5.764982479e+00 7.175836158e+01
7.834869739e+04 4.449167439e+00 6.606822210e+00 2.605723135e-03 7.327755692e-03 1.529940533e-01 5.757547684e+00 7.175091858e+01
7.856513026e+04 4.445777627e+00 6.612996773e+00 2.610124335e-03 7.336775798e-03 1.509011172e-01 5.750113253e+00 7.174347589e+01
7.878156313e+04 4.442382235e+00 6.619151852e+00 2.614558762e-03 7.345853722e-03 1.488363891e-01 5.742679143e+00 7.173603345e+01
7.899799599e+04 4.438981384e+00 6.625287608e+00 2.619026498e-03 7.354989590e-03 1.467994982e-01 5.735245314e+00 7.172859124e+01
7.921442886e+04 4.435575194e+00 6.631404195e+00 2.623527629e-03 7.364183539e-03 1.447900783e-01 5.727811722e+00 7.172114921e+01
7.943086172e+04 4.432163783e+00 6.637501774e+00 2.628062029e-03 7.373435479e-03 1.428077694e-01 5.720378326e+00 7.171370731e+01
7.964729459e+04 4.428747269e+00 6.643580494e+00 2.632629860e-03 7.382745632e-03 1.408522138e-01 5.712945085e+00 7.170626551e+01
7.986372745e+04 4.425325766e+00 6.649640507e+00 2.637231189e-03 7.392114119e-03 1.389230589e-01 5.705511957e+00 7.169882376e+01
8.008016032e+04 4.421899387e+00 6.655681963e+00 2.641866074e-03 7.401541054e-03 1.370199566e-01 5.698078900e+00 7.169138203e+01
8.029659319e+04 4.418468246e+00 6.661705008e+00 2.646534570e-03 7.411026551e-03 1.351425633e-01 5.690645874e+00 7.168394026e+01
8.051302605e+04 4.415032454e+00 6.667709790e+00 2.651236731e-03 7.420570723e-03 1.332905396e-01 5.683212837e+00 7.167649843e+01
8.072945892e+04 4.411592119e+00 6.673696450e+00 2.655972656e-03 7.430173724e-03 1.314635506e-01 5.675779750e+00 7.166905648e+01
8.094589178e+04 4.408147350e+00 6.679665131e+00 2.660742702e-03 7.439835925e-03 1.296612667e-01 5.668346571e+00 7.166161439e+01
8.116232465e+04 4.404698254e+00 6.685615974e+00 2.665546796e-03 7.449557341e-03 1.278833605e-01 5.660913260e+00 7.165417210e+01
8.137875752e+04 4.401244937e+00 6.691549116e+00 2.670385050e-03 7.459338139e-03 1.261295097e-01 5.653479778e+00 7.164672958e+01
8.159519038e+04 4.397787503e+00 6.697464694e+00 2.675257580e-03 7.469178495e-03 1.243993958e-01 5.646046083e+00 7.163928679e+01
8.181162325e+04 4.394326054e+00 6.703362843e+00 2.680164510e-03 7.479078594e-03 1.226927045e-01 5.638612135e+00 7.163184368e+01
8.202805611e+04 4.390860692e+00 6.709243697e+00 2.685105973e-03 7.489038625e-03 1.210091254e-01 5.631177896e+00 7.162440022e+01
8.224448898e+04 4.387391517e+00 6.715107387e+00 2.690082061e-03 7.499058761e-03 1.193483525e-01 5.623743326e+00 7.161695637e+01
8.246092184e+04 4.383918627e+00 6.720954043e+00 2.695092835e-03 7.509139162e-03 1.177100841e-01 5.616308383e+00 7.160951208e+01
8.267735471e+04 4.380442121e+00 6.726783792e+00 2.700138482e-03 7.519280060e-03 1.160940211e-01 5.608873030e+00 7.160206733e+01
8.289378758e+04 4.376962095e+00 6.732596762e+00 2.705219140e-03 7.529481665e-03 1.144998687e-01 5.601437227e+00 7.159462206e+01
8.311022044e+04 4.373478643e+00 6.738393078e+00 2.710334948e-03 7.539744192e-03 1.129273358e-01 5.594000935e+00 7.158717624e+01
8.332665331e+04 4.369991860e+00 6.744172862e+00 2.715486052e-03 7.550067863e-03 1.113761350e-01 5.586564114e+00 7.157972983e+01
8.354308617e+04 4.366501837e+00 6.749936238e+00 2.720672604e-03 7.560452906e-03 1.098459827e-01 5.579126726e+00 7.157228279e+01
8.375951904e+04 4.363008667e+00 6.755683323e+00 2.725894610e-03 7.570899425e-03 1.083365996e-01 5.571688731e+00 7.156483508e+01
8.397595190e+04 4.359512440e+00 6.761414236e+00 2.731152153e-03 7.581407591e-03 1.068477097e-01 5.564250091e+00 7.155738667e+01
8.419238477e+04 4.356013245e+00 6.767129095e+00 2.736445425e-03 7.591977678e-03 1.053790396e-01 5.556810768e+00 7.154993751e+01
8.440881764e+04 4.352511170e+00 6.772828014e+00 2.741774543e-03 7.602609894e-03 1.039303199e-01 5.549370722e+00 7.154248756e+01
8.462525050e+04 4.349006300e+00 6.778511108e+00 2.747139621e-03 7.613304448e-03 1.025012849e-01 5.541929915e+00 7.153503679e+01
8.484168337e+04 4.345498723e+00 6.784178489e+00 2.752540770e-03 7.624061548e-03 1.010916720e-01 5.534488309e+00 7.152758515e+01
8.505811623e+04 4.341988521e+00 6.789830268e+00 2.757978097e-03 7.634881402e-03 9.970122195e-02 5.527045864e+00 7.152013262e+01
8.527454910e+04 4.338475779e+00 6.795466555e+00 2.763451963e-03 7.645764401e-03 9.832968025e-02 5.519602544e+00 7.151267914e+01
8.549098196e+04 4.334960577e+00 6.801087457e+00 2.768962450e-03 7.656710738e-03 9.697679415e-02 5.512158310e+00 7.150522469e+01
8.570741483e+04 4.331442998e+00 6.806693081e+00 2.774509666e-03 7.667720627e-03 9.564231427e-02 5.504713124e+00 7.149776922e+01
8.592384770e+04 4.327923121e+00 6.812283532e+00 2.780093768e-03 7.678794319e-03 9.432599466e-02 5.497266947e+00 7.149031269e+01
8.614028056e+04 4.324401024e+00 6.817858915e+00 2.785714918e-03 7.689932071e-03 9.302759252e-02 5.489819742e+00 7.148285508e+01
8.635671343e+04 4.320876787e+00 6.823419330e+00 2.791373280e-03 7.701134142e-03 9.174686814e-02 5.482371471e+00 7.147539633e+01
8.657314629e+04 4.317350484e+00 6.828964880e+00 2.797069026e-03 7.712400801e-03 9.048358492e-02 5.474922096e+00 7.146793641e+01
8.678957916e+04 4.313822192e+00 6.834495664e+00 2.802802473e-03 7.723732487e-03 8.923751090e-02 5.467471579e+00 7.146047528e+01
8.700601202e+04 4.310291985e+00 6.840011781e+00 2.808573745e-03 7.735129411e-03 8.800841479e-02 5.460019882e+00 7.145301291e+01
8.722244489e+04 4.306759936e+00 6.845513327e+00 2.814383051e-03 7.746591883e-03 8.679606917e-02 5.452566968e+00 7.144554926e+01
8.743887776e+04 4.303226119e+00 6.851000399e+00 2.820230611e-03 7.758120227e-03 8.560024957e-02 5.445112799e+00 7.143808428e+01
8.765531062e+04 4.299690604e+00 6.856473091e+00 2.826116653e-03 7.769714774e-03 8.442073439e-02 5.437657338e+00 7.143061794e+01
8.787174349e+04 4.296153462e+00 6.861931496e+00 2.832041416e-03 7.781375867e-03 8.325730487e-02 5.430200546e+00 7.142315021e+01
8.808817635e+04 4.292614763e+00 6.867375705e+00 2.838005064e-03 7.793103795e-03 8.210974541e-02 5.422742387e+00 7.141568104e+01
8.830460922e+04 4.289074574e+00 6.872805809e+00 2.844007537e-03 7.804898681e-03 8.097784401e-02 5.415282822e+00 7.140821040e+01
8.852104208e+04 4.285532963e+00 6.878221898e+00 2.850049225e-03 7.816760994e-03 7.986138976e-02 5.407821814e+00 7.140073825e+01
8.873747495e+04 4.281989997e+00 6.883624059e+00 2.856130333e-03 7.828691063e-03 7.876017519e-02 5.400359325e+00 7.139326454e+01
8.895390782e+04 4.278445741e+00 6.889012379e+00 2.862251061e-03 7.840689221e-03 7.767399550e-02 5.392895318e+00 7.138578925e+01
8.917034068e+04 4.274900259e+00 6.894386945e+00 2.868411611e-03 7.852755801e-03 7.660264856e-02 5.385429756e+00 7.137831234e+01
8.938677355e+04 4.271353616e+00 6.899747840e+00 2.874612183e-03 7.864891144e-03 7.554593482e-02 5.377962600e+00 7.137083376e+01
8.960320641e+04 4.267805875e+00 6.905095148e+00 2.880852970e-03 7.877095546e-03 7.450365792e-02 5.370493813e+00 7.136335348e+01
8.981963928e+04 4.264257095e+00 6.910428951e+00 2.887134157e-03 7.889369300e-03 7.347562414e-02 5.363023358e+00 7.135587147e+01
9.003607214e+04 4.260707340e+00 6.915749330e+00 2.893455945e-03 7.901712772e-03 7.246164128e-02 5.355551197e+00 7.134838767e+01
9.025250501e+04 4.257156668e+00 6.921056365e+00 2.899818526e-03 7.914126290e-03 7.146152011e-02 5.348077293e+00 7.134090207e+01
9.046893788e+04 4.253605139e+00 6.926350134e+00 2.906222086e-03 7.926610180e-03 7.047507391e-02 5.340601607e+00 7.133341461e+01
9.068537074e+04 4.250052810e+00 6.931630715e+00 2.912666809e-03 7.939164768e-03 6.950211835e-02 5.333124103e+00 7.132592526e+01
9.090180361e+04 4.246499740e+00 6.936898185e+00 2.919152876e-03 7.951790379e-03 6.854247148e-02 5.325644743e+00 7.131843398e+01
9.111823647e+04 4.242945985e+00 6.942152620e+00 2.925680821e-03 7.964487631e-03 6.759595461e-02 5.318163490e+00 7.131094074e+01
9.133466934e+04 4.239391601e+00 6.947394094e+00 2.932250912e-03 7.977256923e-03 6.666239071e-02 5.310680306e+00 7.130344549e+01
9.155110220e+04 4.235836642e+00 6.952622680e+00 2.938863286e-03 7.990098548e-03 6.574160471e-02 5.303195153e+00 7.129594820e+01
9.176753507e+04 4.232281162e+00 6.957838451e+00 2.945518223e-03 8.003012915e-03 6.483342413e-02 5.295707994e+00 7.128844884e+01
9.198396794e+04 4.228725216e+00 6.963041478e+00 2.952216007e-03 8.016000443e-03 6.393767876e-02 5.288218791e+00 7.128094735e+01
9.220040080e+04 4.225168854e+00 6.968231831e+00 2.958956941e-03 8.029061562e-03 6.305420057e-02 5.280727506e+00 7.127344371e+01
9.241683367e+04 4.221612129e+00 6.973409581e+00 2.965741334e-03 8.042196711e-03 6.218282375e-02 5.273234103e+00 7.126593788e+01
9.263326653e+04 4.218055091e+00 6.978574793e+00 2.972569388e-03 8.055406377e-03 6.132338581e-02 5.265738542e+00 7.125842981e+01
9.284969940e+04 4.214497791e+00 6.983727536e+00 2.979441469e-03 8.068691016e-03 6.047572491e-02 5.258240786e+00 7.125091947e+01
9.306613226e+04 4.210940278e+00 6.988867877e+00 2.986357914e-03 8.082051108e-03 5.963968172e-02 5.250740797e+00 7.124340682e+01
9.328256513e+04 4.207382600e+00 6.993995880e+00 2.993319062e-03 8.095487151e-03 5.881509906e-02 5.243238538e+00 7.123589183e+01
9.349899800e+04 4.203824806e+00 6.999111610e+00 3.000325262e-03 8.108999656e-03 5.800182182e-02 5.235733970e+00 7.122837444e+01
9.371543086e+04 4.200266941e+00 7.004215130e+00 3.007376876e-03 8.122589149e-03 5.719969693e-02 5.228227055e+00 7.122085464e+01
9.393186373e+04 4.196709054e+00 7.009306503e+00 3.014474211e-03 8.136256114e-03 5.640857341e-02 5.220717755e+00 7.121333237e+01
9.414829659e+04 4.193151187e+00 7.014385789e+00 3.021616937e-03 8.150000468e-03 5.562830330e-02 5.213206032e+00 7.120580760e+01
9.436472946e+04 4.189593386e+00 7.019453049e+00 3.028805728e-03 8.163823033e-03 5.485873893e-02 5.205691847e+00 7.119828029e+01
9.458116232e+04 4.186035696e+00 7.024508342e+00 3.036040851e-03 8.177724269e-03 5.409973527e-02 5.198175161e+00 7.119075039e+01
9.479759519e+04 4.182478159e+00 7.029551728e+00 3.043322563e-03 8.191704634e-03 5.335114913e-02 5.190655937e+00 7.118321788e+01
9.501402806e+04 4.178920819e+00 7.034583264e+00 3.050651112e-03 8.205764585e-03 5.261283926e-02 5.183134135e+00 7.117568272e+01
9.523046092e+04 4.175363716e+00 7.039603006e+00 3.058026736e-03 8.219904574e-03 5.188466619e-02 5.175609718e+00 7.116814485e+01
9.544689379e+04 4.171806892e+00 7.044611010e+00 3.065449773e-03 8.234125072e-03 5.116649266e-02 5.168082645e+00 7.116060425e+01
9.566332665e+04 4.168250387e+00 7.049607334e+00 3.072920711e-03 8.248426580e-03 5.045818363e-02 5.160552880e+00 7.115306087e+01
9.587975952e+04 4.164694242e+00 7.054592030e+00 3.080439646e-03 8.262809514e-03 4.975960474e-02 5.153020383e+00 7.114551468e+01
9.609619238e+04 4.161138495e+00 7.059565152e+00 3.088006845e-03 8.277274320e-03 4.907062388e-02 5.145485114e+00 7.113796564e+01
9.631262525e+04 4.157583185e+00 7.064526753e+00 3.095622569e-03 8.291821441e-03 4.839111069e-02 5.137947035e+00 7.113041370e+01
9.652905812e+04 4.154028349e+00 7.069476884e+00 3.103287077e-03 8.306451314e-03 4.772093653e-02 5.130406107e+00 7.112285883e+01
9.674549098e+04 4.150474024e+00 7.074415596e+00 3.111000621e-03 8.321164369e-03 4.705997442e-02 5.122862290e+00 7.111530099e+01
9.696192385e+04 4.146920248e+00 7.079342941e+00 3.118764024e-03 8.335961595e-03 4.640809961e-02 5.115315545e+00 7.110774013e+01
9.717835671e+04 4.143367057e+00 7.084258968e+00 3.126577969e-03 8.350843840e-03 4.576518884e-02 5.107765834e+00 7.110017622e+01
9.739478958e+04 4.139814486e+00 7.089163725e+00 3.134442541e-03 8.365811362e-03 4.513111991e-02 5.100213116e+00 7.109260922e+01
9.761122244e+04 4.136262570e+00 7.094057261e+00 3.142358208e-03 8.380864792e-03 4.450577255e-02 5.092657352e+00 7.108503908e+01
9.782765531e+04 4.132711342e+00 7.098939623e+00 3.150325469e-03 8.396004788e-03 4.388902809e-02 5.085098502e+00 7.107746578e+01
9.804408818e+04 4.129160838e+00 7.103810857e+00 3.158344851e-03 8.411232033e-03 4.328076940e-02 5.077536528e+00 7.106988925e+01
9.826052104e+04 4.125611089e+00 7.108671011e+00 3.166416915e-03 8.426547241e-03 4.268088092e-02 5.069971388e+00 7.106230948e+01
9.847695391e+04 4.122062128e+00 7.113520126e+00 3.174541622e-03 8.441950944e-03 4.208924934e-02 5.062403041e+00 7.105472641e+01
9.869338677e+04 4.118513987e+00 7.118358246e+00 3.182719567e-03 8.457443904e-03 4.150576215e-02 5.054831447e+00 7.104714000e+01
9.890981964e+04 4.114966697e+00 7.123185417e+00 3.190951417e-03 8.473026925e-03 4.093030822e-02 5.047256566e+00 7.103955021e+01
9.912625251e+04 4.111420289e+00 7.128001680e+00 3.199237699e-03 8.488700785e-03 4.036277810e-02 5.039678358e+00 7.103195700e+01
9.934268537e+04 4.107874793e+00 7.132807076e+00 3.207578957e-03 8.504466292e-03 3.980306380e-02 5.032096781e+00 7.102436033e+01
9.955911824e+04 4.104330240e+00 7.137601649e+00 3.215975753e-03 8.520324280e-03 3.925105872e-02 5.024511794e+00 7.101676016e+01
9.977555110e+04 4.100786658e+00 7.142385436e+00 3.224428662e-03 8.536275613e-03 3.870665769e-02 5.016923357e+00 7.100915644e+01
9.999198397e+04 4.097244073e+00 7.147158477e+00 3.232936378e-03 8.552319160e-03 3.816975789e-02 5.009331426e+00 7.100154913e+01
1.002084168e+05 4.093702515e+00 7.151920811e+00 3.241500169e-03 8.568456546e-03 3.764025652e-02 5.001735961e+00 7.099393820e+01
1.004248497e+05 4.090162009e+00 7.156672476e+00 3.250120348e-03 8.584688394e-03 3.711805264e-02 4.994136920e+00 7.098632359e+01
1.006412826e+05 4.086622584e+00 7.161413508e+00 3.258797155e-03 8.601015262e-03 3.660304666e-02 4.986534260e+00 7.097870527e+01
1.008577154e+05 4.083084264e+00 7.166143945e+00 3.267530787e-03 8.617437677e-03 3.609514030e-02 4.978927939e+00 7.097108319e+01
1.010741483e+05 4.079547076e+00 7.170863821e+00 3.276321399e-03 8.633956140e-03 3.559423661e-02 4.971317914e+00 7.096345731e+01
1.012905812e+05 4.076011044e+00 7.175573173e+00 3.285169366e-03 8.650571215e-03 3.510024000e-02 4.963704143e+00 7.095582758e+01
1.015070140e+05 4.072476194e+00 7.180272039e+00 3.294076203e-03 8.667283869e-03 3.461305681e-02 4.956086587e+00 7.094819398e+01
1.017234469e+05 4.068942548e+00 7.184960451e+00 3.303041360e-03 8.684094291e-03 3.413259354e-02 4.948465201e+00 7.094055644e+01
1.019398798e+05 4.065410131e+00 7.189638442e+00 3.312065122e-03 8.701002955e-03 3.365875837e-02 4.940839943e+00 7.093291493e+01
1.021563126e+05 4.061878965e+00 7.194306047e+00 3.321147765e-03 8.718010314e-03 3.319146071e-02 4.933210768e+00 7.092526941e+01
1.023727455e+05 4.058349072e+00 7.198963296e+00 3.330289555e-03 8.735116790e-03 3.273061117e-02 4.925577635e+00 7.091761982e+01
1.025891784e+05 4.054820474e+00 7.203610222e+00 3.339490751e-03 8.752322780e-03 3.227612153e-02 4.917940499e+00 7.090996614e+01
1.028056112e+05 4.051293195e+00 7.208246858e+00 3.348752872e-03 8.769630015e-03 3.182790494e-02 4.910299319e+00 7.090230830e+01
1.030220441e+05 4.047767259e+00 7.212873235e+00 3.358078619e-03 8.787041473e-03 3.138587589e-02 4.902654051e+00 7.089464627e+01
1.032384770e+05 4.044242686e+00 7.217489385e+00 3.367467942e-03 8.804557157e-03 3.094994955e-02 4.895004652e+00 7.088698001e+01
1.034549098e+05 4.040719498e+00 7.222095338e+00 3.376922251e-03 8.822178610e-03 3.052004244e-02 4.887351078e+00 7.087930946e+01
1.036713427e+05 4.037197716e+00 7.226691125e+00 3.386443160e-03 8.839907571e-03 3.009607220e-02 4.879693287e+00 7.087163459e+01
1.038877756e+05 4.033677362e+00 7.231276774e+00 3.396032466e-03 8.857745968e-03 2.967795755e-02 4.872031234e+00 7.086395534e+01
1.041042084e+05 4.030158450e+00 7.235852309e+00 3.405687422e-03 8.875693294e-03 2.926561841e-02 4.864364871e+00 7.085627167e+01
1.043206413e+05 4.026640994e+00 7.240417750e+00 3.415405740e-03 8.893747959e-03 2.885897577e-02 4.856694149e+00 7.084858353e+01
1.045370741e+05 4.023125014e+00 7.244973123e+00 3.425188453e-03 8.911910633e-03 2.845795165e-02 4.849019020e+00 7.084089087e+01
1.047535070e+05 4.019610527e+00 7.249518455e+00 3.435037093e-03 8.930182290e-03 2.806246911e-02 4.841339442e+00 7.083319366e+01
1.049699399e+05 4.016097552e+00 7.254053773e+00 3.444952448e-03 8.948564030e-03 2.767245245e-02 4.833655368e+00 7.082549184e+01
1.051863727e+05 4.012586107e+00 7.258579104e+00 3.454935557e-03 8.967057377e-03 2.728782672e-02 4.825966754e+00 7.081778536e+01
1.054028056e+05 4.009076208e+00 7.263094471e+00 3.464986961e-03 8.985663248e-03 2.690851843e-02 4.818273552e+00 7.081007419e+01
1.056192385e+05 4.005567872e+00 7.267599897e+00 3.475107423e-03 9.004382768e-03 2.653445424e-02 4.810575718e+00 7.080235826e+01
1.058356713e+05 4.002061113e+00 7.272095406e+00 3.485297473e-03 9.023216662e-03 2.616556226e-02 4.802873202e+00 7.079463754e+01
1.060521042e+05 3.998555948e+00 7.276581020e+00 3.495557739e-03 9.042165860e-03 2.580177193e-02 4.795165958e+00 7.078691197e+01
1.062685371e+05 3.995052390e+00 7.281056761e+00 3.505888835e-03 9.061231273e-03 2.544301257e-02 4.787453939e+00 7.077918151e+01
1.064849699e+05 3.991550455e+00 7.285522649e+00 3.516291430e-03 9.080413939e-03 2.508921617e-02 4.779737097e+00 7.077144611e+01
1.067014028e+05 3.988050157e+00 7.289978707e+00 3.526766134e-03 9.099714766e-03 2.474031327e-02 4.772015383e+00 7.076370571e+01
1.069178357e+05 3.984551509e+00 7.294424954e+00 3.537313615e-03 9.119134770e-03 2.439623656e-02 4.764288750e+00 7.075596027e+01
1.071342685e+05 3.981054526e+00 7.298861410e+00 3.547934575e-03 9.138675025e-03 2.405692008e-02 4.756557149e+00 7.074820974e+01
1.073507014e+05 3.977559219e+00 7.303288095e+00 3.558629654e-03 9.158336508e-03 2.372229923e-02 4.748820530e+00 7.074045408e+01
1.075671343e+05 3.974065601e+00 7.307705026e+00 3.569399572e-03 9.178120291e-03 2.339230889e-02 4.741078846e+00 7.073269322e+01
1.077835671e+05 3.970573685e+00 7.312112222e+00 3.580245031e-03 9.198027431e-03 2.306688600e-02 4.733332045e+00 7.072492712e+01
1.080000000e+05 3.967083481e+00 7.316509701e+00 3.591166737e-03 9.218058995e-03 2.274596860e-02 4.725580078e+00 7.071715572e+01
