time            Ap              Aq              Br              Bs              Cj              Ck             
0.000000000e+00 1.100000000e+01 0.000000000e+00 1.000000000e+01 0.000000000e+00 3.000000000e+00 0.000000000e+00
4.328657315e+02 2.159999411e+00 5.477743555e-02 1.963303566e+00 6.139705385e-02 5.658476998e-01 5.269422349e-02
8.657314629e+02 2.100420018e+00 1.076649660e-01 1.911791077e+00 1.205961703e-01 5.225913076e-01 1.002796710e-01
1.298597194e+03 2.042495551e+00 1.589847739e-01 1.862189318e+00 1.779364883e-01 4.802625834e-01 1.434019001e-01
1.731462926e+03 1.986202014e+00 2.087732243e-01 1.814465359e+00 2.334980690e-01 4.412731124e-01 1.826899212e-01
2.164328657e+03 1.931495733e+00 2.570721026e-01 1.768545100e+00 2.873559853e-01 4.057156214e-01 2.185715394e-01
2.597194389e+03 1.878334138e+00 3.039232382e-01 1.724356552e+00 3.395818766e-01 3.733435239e-01 2.513813657e-01
3.030060120e+03 1.826675785e+00 3.493675680e-01 1.681830733e+00 3.902441958e-01 3.438806261e-01 2.814101594e-01
3.462925852e+03 1.776480301e+00 3.934449784e-01 1.640901659e+00 4.394083418e-01 3.170674004e-01 3.089195641e-01
3.895791583e+03 1.727708358e+00 4.361943135e-01 1.601506235e+00 4.871368134e-01 2.926663315e-01 3.341471106e-01
4.328657315e+03 1.680321653e+00 4.776533954e-01 1.563584121e+00 5.334893430e-01 2.704610566e-01 3.573088355e-01
4.761523046e+03 1.634282876e+00 5.178590487e-01 1.527077603e+00 5.785230238e-01 2.502546791e-01 3.786012713e-01
5.194388778e+03 1.589555690e+00 5.568471258e-01 1.491931477e+00 6.222924315e-01 2.318680728e-01 3.982031826e-01
5.627254509e+03 1.546104705e+00 5.946525305e-01 1.458092930e+00 6.648497394e-01 2.151383214e-01 4.162771456e-01
6.060120240e+03 1.503895452e+00 6.313092419e-01 1.425511430e+00 7.062448291e-01 1.999172715e-01 4.329709865e-01
6.492985972e+03 1.462894366e+00 6.668503376e-01 1.394138620e+00 7.465253941e-01 1.860702227e-01 4.484190964e-01
6.925851703e+03 1.423068757e+00 7.013080159e-01 1.363928222e+00 7.857370405e-01 1.734747254e-01 4.627436337e-01
7.358717435e+03 1.384386796e+00 7.347136181e-01 1.334835938e+00 8.239233808e-01 1.620194790e-01 4.760556223e-01
7.791583166e+03 1.346817485e+00 7.670976495e-01 1.306819362e+00 8.611261252e-01 1.516033281e-01 4.884559575e-01
8.224448898e+03 1.310330643e+00 7.984898006e-01 1.279837892e+00 8.973851669e-01 1.421343511e-01 5.000363164e-01
8.657314629e+03 1.274896884e+00 8.289189672e-01 1.253852652e+00 9.327386639e-01 1.335290256e-01 5.108799919e-01
9.090180361e+03 1.240487597e+00 8.584132706e-01 1.228826406e+00 9.672231175e-01 1.257114629e-01 5.210626582e-01
9.523046092e+03 1.207074923e+00 8.870000771e-01 1.204723491e+00 1.000873448e+00 1.186127056e-01 5.306530725e-01
9.955911824e+03 1.174631746e+00 9.147060151e-01 1.181509752e+00 1.033723054e+00 1.121701753e-01 5.397136264e-01
1.038877756e+04 1.143131663e+00 9.415569984e-01 1.159152441e+00 1.065803911e+00 1.063268774e-01 5.483011439e-01
1.082164329e+04 1.112548976e+00 9.675782362e-01 1.137620210e+00 1.097146587e+00 1.010312153e-01 5.564670614e-01
1.125450902e+04 1.082858666e+00 9.927942611e-01 1.116882993e+00 1.127780352e+00 9.623620255e-02 5.642582198e-01
1.168737475e+04 1.054036384e+00 1.017228937e+00 1.096911981e+00 1.157733205e+00 9.189920083e-02 5.717171245e-01
1.212024048e+04 1.026058428e+00 1.040905481e+00 1.077679557e+00 1.187031942e+00 8.798147856e-02 5.788823862e-01
1.255310621e+04 9.989017328e-01 1.063846476e+00 1.059159244e+00 1.215702205e+00 8.444785545e-02 5.857890767e-01
1.298597194e+04 9.725438472e-01 1.086073893e+00 1.041325651e+00 1.243768535e+00 8.126637545e-02 5.924690552e-01
1.341883768e+04 9.469629243e-01 1.107609099e+00 1.024154428e+00 1.271254419e+00 7.840801761e-02 5.989512572e-01
1.385170341e+04 9.221377041e-01 1.128472878e+00 1.007622221e+00 1.298182334e+00 7.584642517e-02 6.052619651e-01
1.428456914e+04 8.980474978e-01 1.148685444e+00 9.917066226e-01 1.324573795e+00 7.355764779e-02 6.114250658e-01
1.471743487e+04 8.746721757e-01 1.168266455e+00 9.763861365e-01 1.350449394e+00 7.151993940e-02 6.174622525e-01
1.515030060e+04 8.519921517e-01 1.187235027e+00 9.616401349e-01 1.375828839e+00 6.971355553e-02 6.233932270e-01
1.558316633e+04 8.299883702e-01 1.205609748e+00 9.474488206e-01 1.400730991e+00 6.812056339e-02 6.292358896e-01
1.601603206e+04 8.086422922e-01 1.223408695e+00 9.337931900e-01 1.425173905e+00 6.672467459e-02 6.350065059e-01
1.644889780e+04 7.879358826e-01 1.240649442e+00 9.206549991e-01 1.449174860e+00 6.551109879e-02 6.407198528e-01
1.688176353e+04 7.678515975e-01 1.257349074e+00 9.080167309e-01 1.472750395e+00 6.446640933e-02 6.463893531e-01
1.731462926e+04 7.483723716e-01 1.273524202e+00 8.958615633e-01 1.495916337e+00 6.357841809e-02 6.520271999e-01
1.774749499e+04 7.294816060e-01 1.289190975e+00 8.841733392e-01 1.518687832e+00 6.283606162e-02 6.576444705e-01
1.818036072e+04 7.111631565e-01 1.304365090e+00 8.729365375e-01 1.541079376e+00 6.222929930e-02 6.632512282e-01
1.861322645e+04 6.934013221e-01 1.319061805e+00 8.621362459e-01 1.563104841e+00 6.174902166e-02 6.688566133e-01
1.904609218e+04 6.761808333e-01 1.333295948e+00 8.517581347e-01 1.584777500e+00 6.138696667e-02 6.744689270e-01
1.947895792e+04 6.594868416e-01 1.347081935e+00 8.417884319e-01 1.606110052e+00 6.113564328e-02 6.800957078e-01
1.991182365e+04 6.433049082e-01 1.360433772e+00 8.322138989e-01 1.627114647e+00 6.098826201e-02 6.857438003e-01
2.034468938e+04 6.276209940e-01 1.373365071e+00 8.230218083e-01 1.647802908e+00 6.093867235e-02 6.914194179e-01
2.077755511e+04 6.124214490e-01 1.385889062e+00 8.141999214e-01 1.668185953e+00 6.098130594e-02 6.971281994e-01
2.121042084e+04 5.976930022e-01 1.398018597e+00 8.057364681e-01 1.688274416e+00 6.111112502e-02 7.028752606e-01
2.164328657e+04 5.834227524e-01 1.409766165e+00 7.976201265e-01 1.708078464e+00 6.132357527e-02 7.086652409e-01
2.207615230e+04 5.695981578e-01 1.421143901e+00 7.898400042e-01 1.727607820e+00 6.161454295e-02 7.145023465e-01
2.250901804e+04 5.562070275e-01 1.432163592e+00 7.823856199e-01 1.746871779e+00 6.198031632e-02 7.203903884e-01
2.294188377e+04 5.432375119e-01 1.442836692e+00 7.752468863e-01 1.765879226e+00 6.241755088e-02 7.263328173e-01
2.337474950e+04 5.306780941e-01 1.453174325e+00 7.684140931e-01 1.784638650e+00 6.292323719e-02 7.323327557e-01
2.380761523e+04 5.185175811e-01 1.463187299e+00 7.618778920e-01 1.803158164e+00 6.349467198e-02 7.383930264e-01
2.424048096e+04 5.067450956e-01 1.472886110e+00 7.556292804e-01 1.821445516e+00 6.412943175e-02 7.445161792e-01
2.467334669e+04 4.953500672e-01 1.482280954e+00 7.496595878e-01 1.839508107e+00 6.482534801e-02 7.507045149e-01
2.510621242e+04 4.843222253e-01 1.491381734e+00 7.439604613e-01 1.857353001e+00 6.558048639e-02 7.569601069e-01
2.553907816e+04 4.736515902e-01 1.500198067e+00 7.385238526e-01 1.874986943e+00 6.639312614e-02 7.632848208e-01
2.597194389e+04 4.633284663e-01 1.508739292e+00 7.333420060e-01 1.892416366e+00 6.726174340e-02 7.696803315e-01
2.640480962e+04 4.533434341e-01 1.517014479e+00 7.284074447e-01 1.909647410e+00 6.818499249e-02 7.761481419e-01
2.683767535e+04 4.436873433e-01 1.525032436e+00 7.237129602e-01 1.926685924e+00 6.916169278e-02 7.826895953e-01
2.727054108e+04 4.343513059e-01 1.532801715e+00 7.192516034e-01 1.943537487e+00 7.019081735e-02 7.893058872e-01
2.770340681e+04 4.253266879e-01 1.540330620e+00 7.150166658e-01 1.960207415e+00 7.127146945e-02 7.959980885e-01
2.813627255e+04 4.166051046e-01 1.547627214e+00 7.110016815e-01 1.976700767e+00 7.240288894e-02 8.027671390e-01
2.856913828e+04 4.081784130e-01 1.554699325e+00 7.072004097e-01 1.993022359e+00 7.358442910e-02 8.096138705e-01
2.900200401e+04 4.000387044e-01 1.561554553e+00 7.036068225e-01 2.009176776e+00 7.481554575e-02 8.165390173e-01
2.943486974e+04 3.921783001e-01 1.568200278e+00 7.002151050e-01 2.025168373e+00 7.609579966e-02 8.235432140e-01
2.986773547e+04 3.845897442e-01 1.574643662e+00 6.970196402e-01 2.041001291e+00 7.742483959e-02 8.306270122e-01
3.030060120e+04 3.772657974e-01 1.580891661e+00 6.940150023e-01 2.056679460e+00 7.880239790e-02 8.377908845e-01
3.073346693e+04 3.701994322e-01 1.586951024e+00 6.911959497e-01 2.072206613e+00 8.022828453e-02 8.450352310e-01
3.116633267e+04 3.633838261e-01 1.592828306e+00 6.885574167e-01 2.087586285e+00 8.170238021e-02 8.523603850e-01
3.159919840e+04 3.568123571e-01 1.598529867e+00 6.860945064e-01 2.102821828e+00 8.322463047e-02 8.597666199e-01
3.203206413e+04 3.504785978e-01 1.604061884e+00 6.838024841e-01 2.117916415e+00 8.479504178e-02 8.672541519e-01
3.246492986e+04 3.443763100e-01 1.609430350e+00 6.816767700e-01 2.132873046e+00 8.641367562e-02 8.748231465e-01
3.289779559e+04 3.384994402e-01 1.614641084e+00 6.797129340e-01 2.147694553e+00 8.808064544e-02 8.824737208e-01
3.333066132e+04 3.328421143e-01 1.619699734e+00 6.779066884e-01 2.162383613e+00 8.979611169e-02 8.902059489e-01
3.376352705e+04 3.273986327e-01 1.624611782e+00 6.762538826e-01 2.176942745e+00 9.156027853e-02 8.980198642e-01
3.419639279e+04 3.221634657e-01 1.629382550e+00 6.747504991e-01 2.191374321e+00 9.337339219e-02 9.059154616e-01
3.462925852e+04 3.171312491e-01 1.634017202e+00 6.733926438e-01 2.205680571e+00 9.523573345e-02 9.138927042e-01
3.506212425e+04 3.122967792e-01 1.638520753e+00 6.721765445e-01 2.219863589e+00 9.714761808e-02 9.219515231e-01
3.549498998e+04 3.076550092e-01 1.642898069e+00 6.710985504e-01 2.233925331e+00 9.910939981e-02 9.300918137e-01
3.592785571e+04 3.032010442e-01 1.647153875e+00 6.701551137e-01 2.247867632e+00 1.011214525e-01 9.383134537e-01
3.636072144e+04 2.989301377e-01 1.651292756e+00 6.693427901e-01 2.261692209e+00 1.031841734e-01 9.466162995e-01
3.679358717e+04 2.948376870e-01 1.655319165e+00 6.686582599e-01 2.275400640e+00 1.052980093e-01 9.550001595e-01
3.722645291e+04 2.909192297e-01 1.659237422e+00 6.680982883e-01 2.288994401e+00 1.074634145e-01 9.634648360e-01
3.765931864e+04 2.871704402e-01 1.663051724e+00 6.676597250e-01 2.302474869e+00 1.096808542e-01 9.720101218e-01
3.809218437e+04 2.835871255e-01 1.666766142e+00 6.673395016e-01 2.315843322e+00 1.119508045e-01 9.806357994e-01
3.852505010e+04 2.801652212e-01 1.670384632e+00 6.671346826e-01 2.329100895e+00 1.142738082e-01 9.893415851e-01
3.895791583e+04 2.769007907e-01 1.673911031e+00 6.670423780e-01 2.342248657e+00 1.166503829e-01 9.981272207e-01
3.939078156e+04 2.737900162e-01 1.677349069e+00 6.670597862e-01 2.355287580e+00 1.190810720e-01 1.006992422e+00
3.982364729e+04 2.708291957e-01 1.680702369e+00 6.671841800e-01 2.368218545e+00 1.215664323e-01 1.015936890e+00
4.025651303e+04 2.680147510e-01 1.683974444e+00 6.674129118e-01 2.381042338e+00 1.241070341e-01 1.024960313e+00
4.068937876e+04 2.653432145e-01 1.687168706e+00 6.677434032e-01 2.393759666e+00 1.267034587e-01 1.034062366e+00
4.112224449e+04 2.628112253e-01 1.690288471e+00 6.681731417e-01 2.406371154e+00 1.293562969e-01 1.043242712e+00
4.155511022e+04 2.604155286e-01 1.693336962e+00 6.686996800e-01 2.418877351e+00 1.320661489e-01 1.052501004e+00
4.198797595e+04 2.581529742e-01 1.696317308e+00 6.693206338e-01 2.431278731e+00 1.348336227e-01 1.061836882e+00
4.242084168e+04 2.560205130e-01 1.699232548e+00 6.700336790e-01 2.443575694e+00 1.376593336e-01 1.071249980e+00
4.285370741e+04 2.540151939e-01 1.702085635e+00 6.708365491e-01 2.455768572e+00 1.405439028e-01 1.080739918e+00
4.328657315e+04 2.521341597e-01 1.704879441e+00 6.717270315e-01 2.467857632e+00 1.434879563e-01 1.090306311e+00
4.371943888e+04 2.503746473e-01 1.707616755e+00 6.727029680e-01 2.479843076e+00 1.464921246e-01 1.099948761e+00
4.415230461e+04 2.487339855e-01 1.710300285e+00 6.737622525e-01 2.491725044e+00 1.495570426e-01 1.109666865e+00
4.458517034e+04 2.472095885e-01 1.712932669e+00 6.749028259e-01 2.503503617e+00 1.526833467e-01 1.119460211e+00
4.501803607e+04 2.457989565e-01 1.715516469e+00 6.761226764e-01 2.515178821e+00 1.558716753e-01 1.129328377e+00
4.545090180e+04 2.444996722e-01 1.718054177e+00 6.774198368e-01 2.526750630e+00 1.591226679e-01 1.139270937e+00
4.588376754e+04 2.433093969e-01 1.720548218e+00 6.787923810e-01 2.538218967e+00 1.624369633e-01 1.149287456e+00
4.631663327e+04 2.422258739e-01 1.723000952e+00 6.802384275e-01 2.549583702e+00 1.658152010e-01 1.159377490e+00
4.674949900e+04 2.412469197e-01 1.725414673e+00 6.817561316e-01 2.560844664e+00 1.692580182e-01 1.169540591e+00
4.718236473e+04 2.403704287e-01 1.727791613e+00 6.833436901e-01 2.572001630e+00 1.727660512e-01 1.179776303e+00
4.761523046e+04 2.395943661e-01 1.730133946e+00 6.849993350e-01 2.583054338e+00 1.763399336e-01 1.190084160e+00
4.804809619e+04 2.389167683e-01 1.732443788e+00 6.867213343e-01 2.594002485e+00 1.799802953e-01 1.200463693e+00
4.848096192e+04 2.383357402e-01 1.734723197e+00 6.885079901e-01 2.604845728e+00 1.836877626e-01 1.210914425e+00
4.891382766e+04 2.378494530e-01 1.736974182e+00 6.903576366e-01 2.615583688e+00 1.874629569e-01 1.221435870e+00
4.934669339e+04 2.374561428e-01 1.739198696e+00 6.922686394e-01 2.626215952e+00 1.913064943e-01 1.232027538e+00
4.977955912e+04 2.371541093e-01 1.741398646e+00 6.942393948e-01 2.636742073e+00 1.952189848e-01 1.242688930e+00
5.021242485e+04 2.369417129e-01 1.743575889e+00 6.962683273e-01 2.647161573e+00 1.992010318e-01 1.253419542e+00
5.064529058e+04 2.368173728e-01 1.745732237e+00 6.983538882e-01 2.657473946e+00 2.032532311e-01 1.264218861e+00
5.107815631e+04 2.367795696e-01 1.747869455e+00 7.004945592e-01 2.667678658e+00 2.073761710e-01 1.275086367e+00
5.151102204e+04 2.368268369e-01 1.749989268e+00 7.026888440e-01 2.677775150e+00 2.115704308e-01 1.286021533e+00
5.194388778e+04 2.369577647e-01 1.752093358e+00 7.049352728e-01 2.687762838e+00 2.158365804e-01 1.297023827e+00
5.237675351e+04 2.371709986e-01 1.754183367e+00 7.072324014e-01 2.697641116e+00 2.201751805e-01 1.308092704e+00
5.280961924e+04 2.374652338e-01 1.756260898e+00 7.095788066e-01 2.707409356e+00 2.245867806e-01 1.319227617e+00
5.324248497e+04 2.378392182e-01 1.758327519e+00 7.119730891e-01 2.717066915e+00 2.290719195e-01 1.330428007e+00
5.367535070e+04 2.382917488e-01 1.760384758e+00 7.144138713e-01 2.726613128e+00 2.336311241e-01 1.341693309e+00
5.410821643e+04 2.388216703e-01 1.762434114e+00 7.168997956e-01 2.736047317e+00 2.382649088e-01 1.353022947e+00
5.454108216e+04 2.394278758e-01 1.764477049e+00 7.194295264e-01 2.745368789e+00 2.429737750e-01 1.364416341e+00
5.497394790e+04 2.401093025e-01 1.766514994e+00 7.220017461e-01 2.754576838e+00 2.477582104e-01 1.375872897e+00
5.540681363e+04 2.408649326e-01 1.768549352e+00 7.246151566e-01 2.763670749e+00 2.526186883e-01 1.387392016e+00
5.583967936e+04 2.416937928e-01 1.770581492e+00 7.272684793e-01 2.772649795e+00 2.575556673e-01 1.398973087e+00
5.627254509e+04 2.425949501e-01 1.772612760e+00 7.299604521e-01 2.781513243e+00 2.625695902e-01 1.410615491e+00
5.670541082e+04 2.435675140e-01 1.774644471e+00 7.326898313e-01 2.790260351e+00 2.676608836e-01 1.422318599e+00
5.713827655e+04 2.446106341e-01 1.776677915e+00 7.354553903e-01 2.798890374e+00 2.728299572e-01 1.434081771e+00
5.757114228e+04 2.457234977e-01 1.778714359e+00 7.382559181e-01 2.807402564e+00 2.780772034e-01 1.445904357e+00
5.800400802e+04 2.469053321e-01 1.780755042e+00 7.410902215e-01 2.815796168e+00 2.834029968e-01 1.457785696e+00
5.843687375e+04 2.481554002e-01 1.782801183e+00 7.439571219e-01 2.824070434e+00 2.888076931e-01 1.469725116e+00
5.886973948e+04 2.494730011e-01 1.784853978e+00 7.468554563e-01 2.832224611e+00 2.942916289e-01 1.481721934e+00
5.930260521e+04 2.508574702e-01 1.786914602e+00 7.497840779e-01 2.840257949e+00 2.998551195e-01 1.493775455e+00
5.973547094e+04 2.523081759e-01 1.788984208e+00 7.527418538e-01 2.848169702e+00 3.054984605e-01 1.505884970e+00
6.016833667e+04 2.538245204e-01 1.791063932e+00 7.557276658e-01 2.855959129e+00 3.112219269e-01 1.518049761e+00
6.060120240e+04 2.554059387e-01 1.793154890e+00 7.587404110e-01 2.863625493e+00 3.170257732e-01 1.530269096e+00
6.103406814e+04 2.570518971e-01 1.795258179e+00 7.617789998e-01 2.871168068e+00 3.229102308e-01 1.542542229e+00
6.146693387e+04 2.587618933e-01 1.797374880e+00 7.648423574e-01 2.878586133e+00 3.288755056e-01 1.554868397e+00
6.189979960e+04 2.605354553e-01 1.799506057e+00 7.679294229e-01 2.885878980e+00 3.349217818e-01 1.567246829e+00
6.233266533e+04 2.623721401e-01 1.801652758e+00 7.710391489e-01 2.893045911e+00 3.410492189e-01 1.579676735e+00
6.276553106e+04 2.642715337e-01 1.803816016e+00 7.741705020e-01 2.900086241e+00 3.472579518e-01 1.592157314e+00
6.319839679e+04 2.662332493e-01 1.805996850e+00 7.773224622e-01 2.906999299e+00 3.535480905e-01 1.604687747e+00
6.363126253e+04 2.682569263e-01 1.808196264e+00 7.804940220e-01 2.913784427e+00 3.599197199e-01 1.617267201e+00
6.406412826e+04 2.703422309e-01 1.810415251e+00 7.836841882e-01 2.920440985e+00 3.663728983e-01 1.629894827e+00
6.449699399e+04 2.724888558e-01 1.812654788e+00 7.868919811e-01 2.926968352e+00 3.729076560e-01 1.642569760e+00
6.492985972e+04 2.746965142e-01 1.814915845e+00 7.901164318e-01 2.933365920e+00 3.795240010e-01 1.655291119e+00
6.536272545e+04 2.769649516e-01 1.817199373e+00 7.933565890e-01 2.939633108e+00 3.862219053e-01 1.668058003e+00
6.579559118e+04 2.792939361e-01 1.819506315e+00 7.966115142e-01 2.945769353e+00 3.930013131e-01 1.680869492e+00
6.622845691e+04 2.816832574e-01 1.821837603e+00 7.998802822e-01 2.951774115e+00 3.998621407e-01 1.693724652e+00
6.666132265e+04 2.841327273e-01 1.824194159e+00 8.031619805e-01 2.957646876e+00 4.068042757e-01 1.706622528e+00
6.709418838e+04 2.866421789e-01 1.826576895e+00 8.064557100e-01 2.963387145e+00 4.138275756e-01 1.719562147e+00
6.752705411e+04 2.892114669e-01 1.828986712e+00 8.097605849e-01 2.968994455e+00 4.209318684e-01 1.732542517e+00
6.795991984e+04 2.918404669e-01 1.831424506e+00 8.130757346e-01 2.974468363e+00 4.281169487e-01 1.745562627e+00
6.839278557e+04 2.945290754e-01 1.833891159e+00 8.164003013e-01 2.979808455e+00 4.353825814e-01 1.758621445e+00
6.882565130e+04 2.972772088e-01 1.836387547e+00 8.197334414e-01 2.985014351e+00 4.427284979e-01 1.771717918e+00
6.925851703e+04 3.000848019e-01 1.838914537e+00 8.230743262e-01 2.990085693e+00 4.501543971e-01 1.784850973e+00
6.969138277e+04 3.029518094e-01 1.841472989e+00 8.264221413e-01 2.995022157e+00 4.576599452e-01 1.798019516e+00
7.012424850e+04 3.058782031e-01 1.844063754e+00 8.297760855e-01 2.999823453e+00 4.652447751e-01 1.811222430e+00
7.055711423e+04 3.088639727e-01 1.846687677e+00 8.331353734e-01 3.004489322e+00 4.729084856e-01 1.824458577e+00
7.098997996e+04 3.119091244e-01 1.849345595e+00 8.364992356e-01 3.009019532e+00 4.806506409e-01 1.837726797e+00
7.142284569e+04 3.150136825e-01 1.852038337e+00 8.398669141e-01 3.013413900e+00 4.884707723e-01 1.851025905e+00
7.185571142e+04 3.181776882e-01 1.854766724e+00 8.432376652e-01 3.017672280e+00 4.963683769e-01 1.864354693e+00
7.228857715e+04 3.214011933e-01 1.857531577e+00 8.466107702e-01 3.021794527e+00 5.043429114e-01 1.877711936e+00
7.272144289e+04 3.246842661e-01 1.860333711e+00 8.499855251e-01 3.025780531e+00 5.123937977e-01 1.891096384e+00
7.315430862e+04 3.280270020e-01 1.863173914e+00 8.533612152e-01 3.029630331e+00 5.205204360e-01 1.904506748e+00
7.358717435e+04 3.314294943e-01 1.866052992e+00 8.567371727e-01 3.033343879e+00 5.287221715e-01 1.917941726e+00
7.402004008e+04 3.348918556e-01 1.868971751e+00 8.601127324e-01 3.036921188e+00 5.369983087e-01 1.931399980e+00
7.445290581e+04 3.384142094e-01 1.871930946e+00 8.634872670e-01 3.040362345e+00 5.453481543e-01 1.944880201e+00
7.488577154e+04 3.419966979e-01 1.874931374e+00 8.668601329e-01 3.043667464e+00 5.537709343e-01 1.958380981e+00
7.531863727e+04 3.456394724e-01 1.877973807e+00 8.702307202e-01 3.046836701e+00 5.622658565e-01 1.971900921e+00
7.575150301e+04 3.493426961e-01 1.881059012e+00 8.735984349e-01 3.049870252e+00 5.708320901e-01 1.985438595e+00
7.618436874e+04 3.531065432e-01 1.884187751e+00 8.769626992e-01 3.052768355e+00 5.794687685e-01 1.998992548e+00
7.661723447e+04 3.569311981e-01 1.887360778e+00 8.803229518e-01 3.055531287e+00 5.881749898e-01 2.012561305e+00
7.705010020e+04 3.608168579e-01 1.890578845e+00 8.836786512e-01 3.058159376e+00 5.969498087e-01 2.026143357e+00
7.748296593e+04 3.647637297e-01 1.893842695e+00 8.870292745e-01 3.060652995e+00 6.057922423e-01 2.039737172e+00
7.791583166e+04 3.687720295e-01 1.897153067e+00 8.903743161e-01 3.063012556e+00 6.147012723e-01 2.053341189e+00
7.834869739e+04 3.728419820e-01 1.900510691e+00 8.937132890e-01 3.065238521e+00 6.236758432e-01 2.066953825e+00
7.878156313e+04 3.769738205e-01 1.903916293e+00 8.970457247e-01 3.067331391e+00 6.327148623e-01 2.080573467e+00
7.921442886e+04 3.811677871e-01 1.907370595e+00 9.003711728e-01 3.069291716e+00 6.418172002e-01 2.094198479e+00
7.964729459e+04 3.854241306e-01 1.910874309e+00 9.036892032e-01 3.071120091e+00 6.509816890e-01 2.107827195e+00
8.008016032e+04 3.897431087e-01 1.914428143e+00 9.069994040e-01 3.072817157e+00 6.602071244e-01 2.121457925e+00
8.051302605e+04 3.941249845e-01 1.918032796e+00 9.103013839e-01 3.074383602e+00 6.694922640e-01 2.135088951e+00
8.094589178e+04 3.985700289e-01 1.921688965e+00 9.135947704e-01 3.075820159e+00 6.788358288e-01 2.148718528e+00
8.137875752e+04 4.030785172e-01 1.925397335e+00 9.168792119e-01 3.077127609e+00 6.882365032e-01 2.162344886e+00
8.181162325e+04 4.076507315e-01 1.929158587e+00 9.201543761e-01 3.078306781e+00 6.976929345e-01 2.175966228e+00
8.224448898e+04 4.122869576e-01 1.932973394e+00 9.234199515e-01 3.079358548e+00 7.072037348e-01 2.189580731e+00
8.267735471e+04 4.169874866e-01 1.936842423e+00 9.266756467e-01 3.080283830e+00 7.167674796e-01 2.203186546e+00
8.311022044e+04 4.217526130e-01 1.940766331e+00 9.299211910e-01 3.081083597e+00 7.263827092e-01 2.216781799e+00
8.354308617e+04 4.265826362e-01 1.944745769e+00 9.331563342e-01 3.081758861e+00 7.360479279e-01 2.230364590e+00
8.397595190e+04 4.314778570e-01 1.948781380e+00 9.363808471e-01 3.082310684e+00 7.457616068e-01 2.243932995e+00
8.440881764e+04 4.364385790e-01 1.952873798e+00 9.395945218e-01 3.082740173e+00 7.555221817e-01 2.257485063e+00
8.484168337e+04 4.414651086e-01 1.957023649e+00 9.427971712e-01 3.083048481e+00 7.653280539e-01 2.271018822e+00
8.527454910e+04 4.465577526e-01 1.961231551e+00 9.459886299e-01 3.083236807e+00 7.751775917e-01 2.284532272e+00
8.570741483e+04 4.517168184e-01 1.965498109e+00 9.491687538e-01 3.083306396e+00 7.850691314e-01 2.298023393e+00
8.614028056e+04 4.569426151e-01 1.969823924e+00 9.523374194e-01 3.083258541e+00 7.950009789e-01 2.311490142e+00
8.657314629e+04 4.622354505e-01 1.974209583e+00 9.554945256e-01 3.083094579e+00 8.049714071e-01 2.324930454e+00
8.700601202e+04 4.675956337e-01 1.978655667e+00 9.586399930e-01 3.082815883e+00 8.149786505e-01 2.338342234e+00
8.743887776e+04 4.730234721e-01 1.983162744e+00 9.617737641e-01 3.082423876e+00 8.250209158e-01 2.351723370e+00
8.787174349e+04 4.785192707e-01 1.987731372e+00 9.648958017e-01 3.081920029e+00 8.350963881e-01 2.365071733e+00
8.830460922e+04 4.840833313e-01 1.992362096e+00 9.680060896e-01 3.081305862e+00 8.452032305e-01 2.378385184e+00
8.873747495e+04 4.897159541e-01 1.997055450e+00 9.711046341e-01 3.080582932e+00 8.553395708e-01 2.391661555e+00
8.917034068e+04 4.954174380e-01 2.001811960e+00 9.741914657e-01 3.079752820e+00 8.655034882e-01 2.404898643e+00
8.960320641e+04 5.011880775e-01 2.006632141e+00 9.772666357e-01 3.078817159e+00 8.756930446e-01 2.418094233e+00
9.003607214e+04 5.070281591e-01 2.011516487e+00 9.803302141e-01 3.077777637e+00 8.859062996e-01 2.431246116e+00
9.046893788e+04 5.129379666e-01 2.016465484e+00 9.833822944e-01 3.076635974e+00 8.961412732e-01 2.444352050e+00
9.090180361e+04 5.189177783e-01 2.021479606e+00 9.864229921e-01 3.075393924e+00 9.063959599e-01 2.457409781e+00
9.133466934e+04 5.249678657e-01 2.026559310e+00 9.894524435e-01 3.074053287e+00 9.166683372e-01 2.470417043e+00
9.176753507e+04 5.310884950e-01 2.031705042e+00 9.924708073e-01 3.072615889e+00 9.269563453e-01 2.483371545e+00
9.220040080e+04 5.372799246e-01 2.036917232e+00 9.954782634e-01 3.071083598e+00 9.372579091e-01 2.496270989e+00
9.263326653e+04 5.435424028e-01 2.042196293e+00 9.984750105e-01 3.069458330e+00 9.475709581e-01 2.509113080e+00
9.306613226e+04 5.498761715e-01 2.047542623e+00 1.001461271e+00 3.067742022e+00 9.578933755e-01 2.521895495e+00
9.349899800e+04 5.562814625e-01 2.052956605e+00 1.004437288e+00 3.065936651e+00 9.682230359e-01 2.534615910e+00
9.393186373e+04 5.627584980e-01 2.058438604e+00 1.007403325e+00 3.064044226e+00 9.785577976e-01 2.547271991e+00
9.436472946e+04 5.693074902e-01 2.063988969e+00 1.010359665e+00 3.062066786e+00 9.888955042e-01 2.559861399e+00
9.479759519e+04 5.759286410e-01 2.069608034e+00 1.013306610e+00 3.060006400e+00 9.992339861e-01 2.572381788e+00
9.523046092e+04 5.826221400e-01 2.075296112e+00 1.016244485e+00 3.057865169e+00 1.009571059e+00 2.584830808e+00
9.566332665e+04 5.893881637e-01 2.081053496e+00 1.019173633e+00 3.055645226e+00 1.019904529e+00 2.597206106e+00
9.609619238e+04 5.962268750e-01 2.086880460e+00 1.022094422e+00 3.053348733e+00 1.030232186e+00 2.609505327e+00
9.652905812e+04 6.031384243e-01 2.092777259e+00 1.025007235e+00 3.050977876e+00 1.040551819e+00 2.621726116e+00
9.696192385e+04 6.101229478e-01 2.098744129e+00 1.027912474e+00 3.048534865e+00 1.050861204e+00 2.633866119e+00
9.739478958e+04 6.171805666e-01 2.104781284e+00 1.030810561e+00 3.046021935e+00 1.061158114e+00 2.645922988e+00
9.782765531e+04 6.243113872e-01 2.110888917e+00 1.033701935e+00 3.043441345e+00 1.071440316e+00 2.657894372e+00
9.826052104e+04 6.315154989e-01 2.117067201e+00 1.036587056e+00 3.040795376e+00 1.081705573e+00 2.669777932e+00
9.869338677e+04 6.387929750e-01 2.123316284e+00 1.039466401e+00 3.038086330e+00 1.091951645e+00 2.681571331e+00
9.912625251e+04 6.461438709e-01 2.129636292e+00 1.042340463e+00 3.035316529e+00 1.102176292e+00 2.693272242e+00
9.955911824e+04 6.535682234e-01 2.136027326e+00 1.045209755e+00 3.032488312e+00 1.112377276e+00 2.704878351e+00
9.999198397e+04 6.610660520e-01 2.142489467e+00 1.048074807e+00 3.029604040e+00 1.122552357e+00 2.716387348e+00
1.004248497e+05 6.686373543e-01 2.149022766e+00 1.050936163e+00 3.026666082e+00 1.132699306e+00 2.727796945e+00
1.008577154e+05 6.762821104e-01 2.155627253e+00 1.053794387e+00 3.023676830e+00 1.142815889e+00 2.739104862e+00
1.012905812e+05 6.840002766e-01 2.162302928e+00 1.056650055e+00 3.020638679e+00 1.152899891e+00 2.750308842e+00
1.017234469e+05 6.917917922e-01 2.169049769e+00 1.059503762e+00 3.017554047e+00 1.162949090e+00 2.761406636e+00
1.021563126e+05 6.996565728e-01 2.175867728e+00 1.062356116e+00 3.014425361e+00 1.172961281e+00 2.772396018e+00
1.025891784e+05 7.075945099e-01 2.182756724e+00 1.065207742e+00 3.011255052e+00 1.182934272e+00 2.783274787e+00
1.030220441e+05 7.156054731e-01 2.189716651e+00 1.068059276e+00 3.008045563e+00 1.192865879e+00 2.794040761e+00
1.034549098e+05 7.236893079e-01 2.196747377e+00 1.070911371e+00 3.004799342e+00 1.202753934e+00 2.804691784e+00
1.038877756e+05 7.318458350e-01 2.203848736e+00 1.073764691e+00 3.001518845e+00 1.212596284e+00 2.815225725e+00
1.043206413e+05 7.400748477e-01 2.211020533e+00 1.076619914e+00 2.998206525e+00 1.222390798e+00 2.825640486e+00
1.047535070e+05 7.483761178e-01 2.218262546e+00 1.079477729e+00 2.994864847e+00 1.232135354e+00 2.835933990e+00
1.051863727e+05 7.567493877e-01 2.225574520e+00 1.082338840e+00 2.991496273e+00 1.241827857e+00 2.846104198e+00
1.056192385e+05 7.651943730e-01 2.232956168e+00 1.085203959e+00 2.988103265e+00 1.251466232e+00 2.856149101e+00
1.060521042e+05 7.737107642e-01 2.240407174e+00 1.088073811e+00 2.984688287e+00 1.261048423e+00 2.866066721e+00
1.064849699e+05 7.822982221e-01 2.247927187e+00 1.090949133e+00 2.981253800e+00 1.270572400e+00 2.875855121e+00
1.069178357e+05 7.909563794e-01 2.255515825e+00 1.093830670e+00 2.977802261e+00 1.280036158e+00 2.885512395e+00
1.073507014e+05 7.996848397e-01 2.263172672e+00 1.096719176e+00 2.974336124e+00 1.289437720e+00 2.895036682e+00
1.077835671e+05 8.084831773e-01 2.270897280e+00 1.099615417e+00 2.970857836e+00 1.298775135e+00 2.904426158e+00
1.082164329e+05 8.173509359e-01 2.278689164e+00 1.102520164e+00 2.967369838e+00 1.308046484e+00 2.913679040e+00
1.086492986e+05 8.262876285e-01 2.286547806e+00 1.105434198e+00 2.963874561e+00 1.317249878e+00 2.922793594e+00
1.090821643e+05 8.352927371e-01 2.294472652e+00 1.108358308e+00 2.960374429e+00 1.326383461e+00 2.931768127e+00
1.095150301e+05 8.443657117e-01 2.302463114e+00 1.111293288e+00 2.956871853e+00 1.335445411e+00 2.940600993e+00
1.099478958e+05 8.535059714e-01 2.310518568e+00 1.114239941e+00 2.953369234e+00 1.344433940e+00 2.949290597e+00
1.103807615e+05 8.627129010e-01 2.318638352e+00 1.117199073e+00 2.949868958e+00 1.353347298e+00 2.957835391e+00
1.108136273e+05 8.719858528e-01 2.326821767e+00 1.120171497e+00 2.946373398e+00 1.362183774e+00 2.966233881e+00
1.112464930e+05 8.813241479e-01 2.335068080e+00 1.123158031e+00 2.942884913e+00 1.370941689e+00 2.974484621e+00
1.116793587e+05 8.907270712e-01 2.343376518e+00 1.126159496e+00 2.939405844e+00 1.379619413e+00 2.982586223e+00
1.121122244e+05 9.001938740e-01 2.351746271e+00 1.129176718e+00 2.935938515e+00 1.388215353e+00 2.990537354e+00
1.125450902e+05 9.097237754e-01 2.360176494e+00 1.132210526e+00 2.932485234e+00 1.396727956e+00 2.998336735e+00
1.129779559e+05 9.193159579e-01 2.368666299e+00 1.135261750e+00 2.929048286e+00 1.405155717e+00 3.005983146e+00
1.134108216e+05 9.289695691e-01 2.377214763e+00 1.138331225e+00 2.925629937e+00 1.413497173e+00 3.013475427e+00
1.138436874e+05 9.386837234e-01 2.385820923e+00 1.141419785e+00 2.922232435e+00 1.421750906e+00 3.020812475e+00
1.142765531e+05 9.484574990e-01 2.394483779e+00 1.144528266e+00 2.918858002e+00 1.429915545e+00 3.027993250e+00
1.147094188e+05 9.582899379e-01 2.403202289e+00 1.147657505e+00 2.915508838e+00 1.437989768e+00 3.035016773e+00
1.151422846e+05 9.681800464e-01 2.411975375e+00 1.150808338e+00 2.912187118e+00 1.445972300e+00 3.041882132e+00
1.155751503e+05 9.781267948e-01 2.420801921e+00 1.153981600e+00 2.908894992e+00 1.453861916e+00 3.048588476e+00
1.160080160e+05 9.881291164e-01 2.429680770e+00 1.157178125e+00 2.905634585e+00 1.461657441e+00 3.055135022e+00
1.164408818e+05 9.981859159e-01 2.438610725e+00 1.160398747e+00 2.902407996e+00 1.469357751e+00 3.061521048e+00
1.168737475e+05 1.008296056e+00 2.447590546e+00 1.163644296e+00 2.899217295e+00 1.476961772e+00 3.067745900e+00
1.173066132e+05 1.018458361e+00 2.456618962e+00 1.166915600e+00 2.896064525e+00 1.484468486e+00 3.073808996e+00
1.177394790e+05 1.028671623e+00 2.465694658e+00 1.170213482e+00 2.892951697e+00 1.491876927e+00 3.079709820e+00
1.181723447e+05 1.038934598e+00 2.474816282e+00 1.173538762e+00 2.889880796e+00 1.499186179e+00 3.085447923e+00
1.186052104e+05 1.049246008e+00 2.483982445e+00 1.176892258e+00 2.886853776e+00 1.506395382e+00 3.091022924e+00
1.190380762e+05 1.059604543e+00 2.493191723e+00 1.180274780e+00 2.883872562e+00 1.513503724e+00 3.096434504e+00
1.194709419e+05 1.070008847e+00 2.502442644e+00 1.183687133e+00 2.880939042e+00 1.520510458e+00 3.101682429e+00
1.199038076e+05 1.080457534e+00 2.511733701e+00 1.187130118e+00 2.878055073e+00 1.527414893e+00 3.106766535e+00
1.203366733e+05 1.090949182e+00 2.521063348e+00 1.190604528e+00 2.875222478e+00 1.534216394e+00 3.111686729e+00
1.207695391e+05 1.101482333e+00 2.530430005e+00 1.194111147e+00 2.872443047e+00 1.540914378e+00 3.116442983e+00
1.212024048e+05 1.112055500e+00 2.539832052e+00 1.197650754e+00 2.869718537e+00 1.547508319e+00 3.121035344e+00
1.216352705e+05 1.122667159e+00 2.549267838e+00 1.201224121e+00 2.867050672e+00 1.553997748e+00 3.125463926e+00
1.220681363e+05 1.133315753e+00 2.558735670e+00 1.204832008e+00 2.864441136e+00 1.560382252e+00 3.129728919e+00
1.225010020e+05 1.143999692e+00 2.568233822e+00 1.208475169e+00 2.861891582e+00 1.566661474e+00 3.133830580e+00
1.229338677e+05 1.154717354e+00 2.577760534e+00 1.212154348e+00 2.859403624e+00 1.572835118e+00 3.137769242e+00
1.233667335e+05 1.165467081e+00 2.587314006e+00 1.215870277e+00 2.856978841e+00 1.578902941e+00 3.141545309e+00
1.237995992e+05 1.176247190e+00 2.596892412e+00 1.219623680e+00 2.854618772e+00 1.584864761e+00 3.145159253e+00
1.242324649e+05 1.187055959e+00 2.606493883e+00 1.223415269e+00 2.852324922e+00 1.590720450e+00 3.148611622e+00
1.246653307e+05 1.197891643e+00 2.616116527e+00 1.227245744e+00 2.850098756e+00 1.596469938e+00 3.151903030e+00
1.250981964e+05 1.208752462e+00 2.625758414e+00 1.231115794e+00 2.847941700e+00 1.602113212e+00 3.155034165e+00
1.255310621e+05 1.219636611e+00 2.635417585e+00 1.235026093e+00 2.845855143e+00 1.607650313e+00 3.158005780e+00
1.259639279e+05 1.230542255e+00 2.645092050e+00 1.238977308e+00 2.843840436e+00 1.613081340e+00 3.160818701e+00
1.263967936e+05 1.241467529e+00 2.654779790e+00 1.242970087e+00 2.841898889e+00 1.618406448e+00 3.163473820e+00
1.268296593e+05 1.252410548e+00 2.664478758e+00 1.247005067e+00 2.840031773e+00 1.623625845e+00 3.165972100e+00
1.272625251e+05 1.263369395e+00 2.674186880e+00 1.251082870e+00 2.838240320e+00 1.628739797e+00 3.168314568e+00
1.276953908e+05 1.274342130e+00 2.683902052e+00 1.255204104e+00 2.836525721e+00 1.633748621e+00 3.170502317e+00
1.281282565e+05 1.285326792e+00 2.693622151e+00 1.259369359e+00 2.834889129e+00 1.638652690e+00 3.172536508e+00
1.285611222e+05 1.296321395e+00 2.703345024e+00 1.263579214e+00 2.833331653e+00 1.643452428e+00 3.174418364e+00
1.289939880e+05 1.307323931e+00 2.713068500e+00 1.267834228e+00 2.831854362e+00 1.648148315e+00 3.176149175e+00
1.294268537e+05 1.318332372e+00 2.722790380e+00 1.272134947e+00 2.830458287e+00 1.652740880e+00 3.177730291e+00
1.298597194e+05 1.329344665e+00 2.732508443e+00 1.276481899e+00 2.829144422e+00 1.657230704e+00 3.179163121e+00
1.302925852e+05 1.340358739e+00 2.742220448e+00 1.280875596e+00 2.827913719e+00 1.661618420e+00 3.180449136e+00
1.307254509e+05 1.351372519e+00 2.751924148e+00 1.285316530e+00 2.826767073e+00 1.665904708e+00 3.181589874e+00
1.311583166e+05 1.362383903e+00 2.761617270e+00 1.289805176e+00 2.825705348e+00 1.670090298e+00 3.182586928e+00
1.315911824e+05 1.373390774e+00 2.771297523e+00 1.294341992e+00 2.824729371e+00 1.674175968e+00 3.183441943e+00
1.320240481e+05 1.384390990e+00 2.780962593e+00 1.298927419e+00 2.823839937e+00 1.678162544e+00 3.184156613e+00
1.324569138e+05 1.395382407e+00 2.790610163e+00 1.303561876e+00 2.823037791e+00 1.682050899e+00 3.184732692e+00
1.328897796e+05 1.406362876e+00 2.800237910e+00 1.308245763e+00 2.822323623e+00 1.685841947e+00 3.185171998e+00
1.333226453e+05 1.417330233e+00 2.809843493e+00 1.312979460e+00 2.821698092e+00 1.689536649e+00 3.185476388e+00
1.337555110e+05 1.428282304e+00 2.819424563e+00 1.317763327e+00 2.821161817e+00 1.693136008e+00 3.185647774e+00
1.341883768e+05 1.439216907e+00 2.828978764e+00 1.322597704e+00 2.820715372e+00 1.696641071e+00 3.185688114e+00
1.346212425e+05 1.450131845e+00 2.838503723e+00 1.327482913e+00 2.820359306e+00 1.700052925e+00 3.185599405e+00
1.350541082e+05 1.461024921e+00 2.847997073e+00 1.332419253e+00 2.820094113e+00 1.703372695e+00 3.185383695e+00
1.354869739e+05 1.471893947e+00 2.857456447e+00 1.337406999e+00 2.819920237e+00 1.706601547e+00 3.185043083e+00
1.359198397e+05 1.482736722e+00 2.866879473e+00 1.342446408e+00 2.819838090e+00 1.709740684e+00 3.184579705e+00
1.363527054e+05 1.493551048e+00 2.876263779e+00 1.347537712e+00 2.819848042e+00 1.712791344e+00 3.183995737e+00
1.367855711e+05 1.504334724e+00 2.885606996e+00 1.352681122e+00 2.819950420e+00 1.715754802e+00 3.183293395e+00
1.372184369e+05 1.515085548e+00 2.894906745e+00 1.357876830e+00 2.820145524e+00 1.718632366e+00 3.182474918e+00
1.376513026e+05 1.525801321e+00 2.904160661e+00 1.363125002e+00 2.820433606e+00 1.721425377e+00 3.181542589e+00
1.380841683e+05 1.536479856e+00 2.913366394e+00 1.368425779e+00 2.820814863e+00 1.724135206e+00 3.180498735e+00
1.385170341e+05 1.547118978e+00 2.922521601e+00 1.373779281e+00 2.821289454e+00 1.726763256e+00 3.179345711e+00
1.389498998e+05 1.557716508e+00 2.931623924e+00 1.379185605e+00 2.821857522e+00 1.729310958e+00 3.178085886e+00
1.393827655e+05 1.568270280e+00 2.940671043e+00 1.384644823e+00 2.822519143e+00 1.731779772e+00 3.176721671e+00
1.398156313e+05 1.578778138e+00 2.949660639e+00 1.390156983e+00 2.823274364e+00 1.734171181e+00 3.175255501e+00
1.402484970e+05 1.589237940e+00 2.958590411e+00 1.395722110e+00 2.824123192e+00 1.736486697e+00 3.173689834e+00
1.406813627e+05 1.599647557e+00 2.967458073e+00 1.401340200e+00 2.825065587e+00 1.738727855e+00 3.172027151e+00
1.411142285e+05 1.610004875e+00 2.976261357e+00 1.407011229e+00 2.826101476e+00 1.740896211e+00 3.170269955e+00
1.415470942e+05 1.620307795e+00 2.984998010e+00 1.412735150e+00 2.827230752e+00 1.742993338e+00 3.168420762e+00
1.419799599e+05 1.630554236e+00 2.993665801e+00 1.418511891e+00 2.828453264e+00 1.745020832e+00 3.166482109e+00
1.424128257e+05 1.640742135e+00 3.002262522e+00 1.424341352e+00 2.829768821e+00 1.746980307e+00 3.164456547e+00
1.428456914e+05 1.650869453e+00 3.010785989e+00 1.430223410e+00 2.831177196e+00 1.748873394e+00 3.162346642e+00
1.432785571e+05 1.660934163e+00 3.019234035e+00 1.436157922e+00 2.832678133e+00 1.750701735e+00 3.160154969e+00
1.437114228e+05 1.670934279e+00 3.027604534e+00 1.442144706e+00 2.834271312e+00 1.752466999e+00 3.157884125e+00
1.441442886e+05 1.680867825e+00 3.035895381e+00 1.448183563e+00 2.835956395e+00 1.754170857e+00 3.155536695e+00
1.445771543e+05 1.690732860e+00 3.044104505e+00 1.454274258e+00 2.837732986e+00 1.755815005e+00 3.153115290e+00
1.450100200e+05 1.700527479e+00 3.052229869e+00 1.460416535e+00 2.839600657e+00 1.757401143e+00 3.150622539e+00
1.454428858e+05 1.710249787e+00 3.060269461e+00 1.466610116e+00 2.841558955e+00 1.758930976e+00 3.148061042e+00
1.458757515e+05 1.719897923e+00 3.068221302e+00 1.472854699e+00 2.843607391e+00 1.760406216e+00 3.145433394e+00
1.463086172e+05 1.729470063e+00 3.076083455e+00 1.479149953e+00 2.845745433e+00 1.761828584e+00 3.142742222e+00
1.467414830e+05 1.738964414e+00 3.083854014e+00 1.485495522e+00 2.847972512e+00 1.763199810e+00 3.139990142e+00
1.471743487e+05 1.748379211e+00 3.091531112e+00 1.491891023e+00 2.850288029e+00 1.764521622e+00 3.137179755e+00
1.476072144e+05 1.757712726e+00 3.099112920e+00 1.498336049e+00 2.852691346e+00 1.765795756e+00 3.134313663e+00
1.480400802e+05 1.766963274e+00 3.106597656e+00 1.504830162e+00 2.855181785e+00 1.767023949e+00 3.131394468e+00
1.484729459e+05 1.776129194e+00 3.113983571e+00 1.511372904e+00 2.857758641e+00 1.768207938e+00 3.128424758e+00
1.489058116e+05 1.785208871e+00 3.121268964e+00 1.517963789e+00 2.860421171e+00 1.769349462e+00 3.125407113e+00
1.493386774e+05 1.794200720e+00 3.128452169e+00 1.524602306e+00 2.863168604e+00 1.770450256e+00 3.122344103e+00
1.497715431e+05 1.803103211e+00 3.135531581e+00 1.531287913e+00 2.866000119e+00 1.771512054e+00 3.119238286e+00
1.502044088e+05 1.811914851e+00 3.142505639e+00 1.538020042e+00 2.868914869e+00 1.772536587e+00 3.116092203e+00
1.506372745e+05 1.820634188e+00 3.149372829e+00 1.544798099e+00 2.871911971e+00 1.773525579e+00 3.112908385e+00
1.510701403e+05 1.829259811e+00 3.156131681e+00 1.551621467e+00 2.874990513e+00 1.774480750e+00 3.109689341e+00
1.515030060e+05 1.837790351e+00 3.162780774e+00 1.558489505e+00 2.878149552e+00 1.775403812e+00 3.106437567e+00
1.519358717e+05 1.846224486e+00 3.169318740e+00 1.565401545e+00 2.881388114e+00 1.776296468e+00 3.103155536e+00
1.523687375e+05 1.854560931e+00 3.175744253e+00 1.572356895e+00 2.884705193e+00 1.777160417e+00 3.099845707e+00
1.528016032e+05 1.862798458e+00 3.182056051e+00 1.579354837e+00 2.888099750e+00 1.777997342e+00 3.096510511e+00
1.532344689e+05 1.870935874e+00 3.188252914e+00 1.586394628e+00 2.891570718e+00 1.778808922e+00 3.093152364e+00
1.536673347e+05 1.878972041e+00 3.194333681e+00 1.593475501e+00 2.895116999e+00 1.779596821e+00 3.089773655e+00
1.541002004e+05 1.886905866e+00 3.200297244e+00 1.600596663e+00 2.898737463e+00 1.780362690e+00 3.086376746e+00
1.545330661e+05 1.894736302e+00 3.206142548e+00 1.607757297e+00 2.902430953e+00 1.781108172e+00 3.082963980e+00
1.549659319e+05 1.902462358e+00 3.211868598e+00 1.614956562e+00 2.906196286e+00 1.781834887e+00 3.079537665e+00
1.553987976e+05 1.910083083e+00 3.217474447e+00 1.622193593e+00 2.910032242e+00 1.782544451e+00 3.076100093e+00
1.558316633e+05 1.917597582e+00 3.222959212e+00 1.629467503e+00 2.913937587e+00 1.783238452e+00 3.072653511e+00
1.562645291e+05 1.925005005e+00 3.228322059e+00 1.636777379e+00 2.917911048e+00 1.783918474e+00 3.069200155e+00
1.566973948e+05 1.932304555e+00 3.233562215e+00 1.644122289e+00 2.921951332e+00 1.784586077e+00 3.065742219e+00
1.571302605e+05 1.939495485e+00 3.238678963e+00 1.651501274e+00 2.926057119e+00 1.785242805e+00 3.062281871e+00
1.575631263e+05 1.946577097e+00 3.243671643e+00 1.658913356e+00 2.930227063e+00 1.785890185e+00 3.058821247e+00
1.579959920e+05 1.953548743e+00 3.248539651e+00 1.666357535e+00 2.934459793e+00 1.786529724e+00 3.055362451e+00
1.584288577e+05 1.960409829e+00 3.253282443e+00 1.673832788e+00 2.938753918e+00 1.787162908e+00 3.051907553e+00
1.588617234e+05 1.967159811e+00 3.257899532e+00 1.681338072e+00 2.943108019e+00 1.787791204e+00 3.048458586e+00
1.592945892e+05 1.973798193e+00 3.262390488e+00 1.688872323e+00 2.947520656e+00 1.788416059e+00 3.045017557e+00
1.597274549e+05 1.980324535e+00 3.266754940e+00 1.696434458e+00 2.951990370e+00 1.789038895e+00 3.041586429e+00
1.601603206e+05 1.986738444e+00 3.270992574e+00 1.704023373e+00 2.956515676e+00 1.789661117e+00 3.038167134e+00
1.605931864e+05 1.993039578e+00 3.275103133e+00 1.711637946e+00 2.961095070e+00 1.790284106e+00 3.034761571e+00
1.610260521e+05 1.999227648e+00 3.279086417e+00 1.719277034e+00 2.965727029e+00 1.790909219e+00 3.031371598e+00
1.614589178e+05 2.005302413e+00 3.282942284e+00 1.726939476e+00 2.970410007e+00 1.791537795e+00 3.027999040e+00
1.618917836e+05 2.011263684e+00 3.286670650e+00 1.734624096e+00 2.975142443e+00 1.792171144e+00 3.024645685e+00
1.623246493e+05 2.017111320e+00 3.290271484e+00 1.742329696e+00 2.979922755e+00 1.792810556e+00 3.021313283e+00
1.627575150e+05 2.022845230e+00 3.293744813e+00 1.750055065e+00 2.984749346e+00 1.793457295e+00 3.018003545e+00
1.631903808e+05 2.028465374e+00 3.297090721e+00 1.757798974e+00 2.989620601e+00 1.794112603e+00 3.014718148e+00
1.636232465e+05 2.033971760e+00 3.300309347e+00 1.765560179e+00 2.994534888e+00 1.794777695e+00 3.011458727e+00
1.640561122e+05 2.039364445e+00 3.303400885e+00 1.773337421e+00 2.999490564e+00 1.795453759e+00 3.008226880e+00
1.644889780e+05 2.044643538e+00 3.306365585e+00 1.781129424e+00 3.004485966e+00 1.796141962e+00 3.005024165e+00
1.649218437e+05 2.049809186e+00 3.309203746e+00 1.788934902e+00 3.009519422e+00 1.796843443e+00 3.001852104e+00
1.653547094e+05 2.054861584e+00 3.311915718e+00 1.796752556e+00 3.014589247e+00 1.797559318e+00 2.998712179e+00
1.657875752e+05 2.059800976e+00 3.314501910e+00 1.804581073e+00 3.019693743e+00 1.798290674e+00 2.995605830e+00
1.662204409e+05 2.064627669e+00 3.316962792e+00 1.812419123e+00 3.024831196e+00 1.799038568e+00 2.992534459e+00
1.666533066e+05 2.069342020e+00 3.319298892e+00 1.820265357e+00 3.029999878e+00 1.799804034e+00 2.989499435e+00
1.670861723e+05 2.073944371e+00 3.321510738e+00 1.828118449e+00 3.035198078e+00 1.800588085e+00 2.986502076e+00
1.675190381e+05 2.078435166e+00 3.323598955e+00 1.835977032e+00 3.040424048e+00 1.801391702e+00 2.983543671e+00
1.679519038e+05 2.082814877e+00 3.325564207e+00 1.843839736e+00 3.045676039e+00 1.802215839e+00 2.980625466e+00
1.683847695e+05 2.087084015e+00 3.327407201e+00 1.851705186e+00 3.050952297e+00 1.803061428e+00 2.977748671e+00
1.688176353e+05 2.091243132e+00 3.329128690e+00 1.859571999e+00 3.056251062e+00 1.803929371e+00 2.974914456e+00
1.692505010e+05 2.095292835e+00 3.330729487e+00 1.867438780e+00 3.061570567e+00 1.804820536e+00 2.972123940e+00
1.696833667e+05 2.099233739e+00 3.332210419e+00 1.875304136e+00 3.066909042e+00 1.805735785e+00 2.969378233e+00
1.701162325e+05 2.103066521e+00 3.333572378e+00 1.883166662e+00 3.072264713e+00 1.806675939e+00 2.966678387e+00
1.705490982e+05 2.106791904e+00 3.334816308e+00 1.891024946e+00 3.077635799e+00 1.807641787e+00 2.964025410e+00
1.709819639e+05 2.110410634e+00 3.335943182e+00 1.898877575e+00 3.083020520e+00 1.808634101e+00 2.961420279e+00
1.714148297e+05 2.113923514e+00 3.336954034e+00 1.906723128e+00 3.088417090e+00 1.809653614e+00 2.958863924e+00
1.718476954e+05 2.117331362e+00 3.337849917e+00 1.914560186e+00 3.093823728e+00 1.810701044e+00 2.956357246e+00
1.722805611e+05 2.120635044e+00 3.338631936e+00 1.922387325e+00 3.099238650e+00 1.811777075e+00 2.953901104e+00
1.727134269e+05 2.123835450e+00 3.339301224e+00 1.930203120e+00 3.104660074e+00 1.812882369e+00 2.951496325e+00
1.731462926e+05 2.126933507e+00 3.339858954e+00 1.938006147e+00 3.110086221e+00 1.814017561e+00 2.949143696e+00
1.735791583e+05 2.129930174e+00 3.340306338e+00 1.945794980e+00 3.115515314e+00 1.815183259e+00 2.946843967e+00
1.740120240e+05 2.132826442e+00 3.340644618e+00 1.953568195e+00 3.120945579e+00 1.816380045e+00 2.944597851e+00
1.744448898e+05 2.135623333e+00 3.340875076e+00 1.961324367e+00 3.126375247e+00 1.817608472e+00 2.942406026e+00
1.748777555e+05 2.138321897e+00 3.340999021e+00 1.969062075e+00 3.131802551e+00 1.818869071e+00 2.940269132e+00
1.753106212e+05 2.140923211e+00 3.341017797e+00 1.976779901e+00 3.137225735e+00 1.820162344e+00 2.938187774e+00
1.757434870e+05 2.143428385e+00 3.340932779e+00 1.984476429e+00 3.142643046e+00 1.821488767e+00 2.936162521e+00
1.761763527e+05 2.145838549e+00 3.340745368e+00 1.992150250e+00 3.148052742e+00 1.822848791e+00 2.934193906e+00
1.766092184e+05 2.148154866e+00 3.340456999e+00 1.999799957e+00 3.153453085e+00 1.824242840e+00 2.932282426e+00
1.770420842e+05 2.150378510e+00 3.340069121e+00 2.007424152e+00 3.158842350e+00 1.825671317e+00 2.930428552e+00
1.774749499e+05 2.152510691e+00 3.339583219e+00 2.015021440e+00 3.164218821e+00 1.827134597e+00 2.928632714e+00
1.779078156e+05 2.154552638e+00 3.339000805e+00 2.022590439e+00 3.169580793e+00 1.828633025e+00 2.926895301e+00
1.783406814e+05 2.156505605e+00 3.338323417e+00 2.030129766e+00 3.174926570e+00 1.830166924e+00 2.925216673e+00
1.787735471e+05 2.158370845e+00 3.337552581e+00 2.037638058e+00 3.180254475e+00 1.831736606e+00 2.923597182e+00
1.792064128e+05 2.160149645e+00 3.336689870e+00 2.045113952e+00 3.185562836e+00 1.833342348e+00 2.922037130e+00
1.796392786e+05 2.161843330e+00 3.335736902e+00 2.052556099e+00 3.190850000e+00 1.834984387e+00 2.920536755e+00
1.800721443e+05 2.163453234e+00 3.334695305e+00 2.059963159e+00 3.196114326e+00 1.836662943e+00 2.919096275e+00
1.805050100e+05 2.164980685e+00 3.333566689e+00 2.067333808e+00 3.201354191e+00 1.838378227e+00 2.917715913e+00
1.809378758e+05 2.166427012e+00 3.332352662e+00 2.074666730e+00 3.206567988e+00 1.840130440e+00 2.916395872e+00
1.813707415e+05 2.167793570e+00 3.331054861e+00 2.081960625e+00 3.211754128e+00 1.841919749e+00 2.915136316e+00
1.818036072e+05 2.169081772e+00 3.329675005e+00 2.089214204e+00 3.216911038e+00 1.843746261e+00 2.913937309e+00
1.822364729e+05 2.170293062e+00 3.328214852e+00 2.096426193e+00 3.222037159e+00 1.845610050e+00 2.912798863e+00
1.826693387e+05 2.171428828e+00 3.326676073e+00 2.103595332e+00 3.227130954e+00 1.847511219e+00 2.911721056e+00
1.831022044e+05 2.172490410e+00 3.325060266e+00 2.110720377e+00 3.232190911e+00 1.849449890e+00 2.910704018e+00
1.835350701e+05 2.173479213e+00 3.323369119e+00 2.117800101e+00 3.237215532e+00 1.851426125e+00 2.909747772e+00
1.839679359e+05 2.174396796e+00 3.321604540e+00 2.124833279e+00 3.242203323e+00 1.853439856e+00 2.908852119e+00
1.844008016e+05 2.175244536e+00 3.319768163e+00 2.131818717e+00 3.247152833e+00 1.855491136e+00 2.908017097e+00
1.848336673e+05 2.176023855e+00 3.317861700e+00 2.138755268e+00 3.252062665e+00 1.857579935e+00 2.907242603e+00
1.852665331e+05 2.176736233e+00 3.315886928e+00 2.145641752e+00 3.256931381e+00 1.859706210e+00 2.906528522e+00
1.856993988e+05 2.177383123e+00 3.313845584e+00 2.152477032e+00 3.261757598e+00 1.861869902e+00 2.905874717e+00
1.861322645e+05 2.177965984e+00 3.311739419e+00 2.159259988e+00 3.266539955e+00 1.864070925e+00 2.905281021e+00
1.865651303e+05 2.178486280e+00 3.309570183e+00 2.165989522e+00 3.271277115e+00 1.866309177e+00 2.904747241e+00
1.869979960e+05 2.178945477e+00 3.307339625e+00 2.172664557e+00 3.275967768e+00 1.868584533e+00 2.904273162e+00
1.874308617e+05 2.179345039e+00 3.305049498e+00 2.179284027e+00 3.280610616e+00 1.870896857e+00 2.903858551e+00
1.878637275e+05 2.179686436e+00 3.302701552e+00 2.185846894e+00 3.285204398e+00 1.873245988e+00 2.903503145e+00
1.882965932e+05 2.179971132e+00 3.300297533e+00 2.192352140e+00 3.289747874e+00 1.875631747e+00 2.903206661e+00
1.887294589e+05 2.180200592e+00 3.297839187e+00 2.198798779e+00 3.294239844e+00 1.878053931e+00 2.902968781e+00
1.891623246e+05 2.180376283e+00 3.295328257e+00 2.205185823e+00 3.298679103e+00 1.880512336e+00 2.902789191e+00
1.895951904e+05 2.180499662e+00 3.292766478e+00 2.211512322e+00 3.303064497e+00 1.883006727e+00 2.902667540e+00
1.900280561e+05 2.180572189e+00 3.290155582e+00 2.217777361e+00 3.307394908e+00 1.885536844e+00 2.902603439e+00
1.904609218e+05 2.180595316e+00 3.287497294e+00 2.223980031e+00 3.311669229e+00 1.888102421e+00 2.902596502e+00
1.908937876e+05 2.180570495e+00 3.284793334e+00 2.230119465e+00 3.315886401e+00 1.890703161e+00 2.902646295e+00
1.913266533e+05 2.180499166e+00 3.282045410e+00 2.236194805e+00 3.320045377e+00 1.893338764e+00 2.902752391e+00
1.917595190e+05 2.180382767e+00 3.279255224e+00 2.242205226e+00 3.324145148e+00 1.896008907e+00 2.902914326e+00
1.921923848e+05 2.180222728e+00 3.276424466e+00 2.248149923e+00 3.328184726e+00 1.898713254e+00 2.903131628e+00
1.926252505e+05 2.180020470e+00 3.273554820e+00 2.254028114e+00 3.332163157e+00 1.901451454e+00 2.903403802e+00
1.930581162e+05 2.179777407e+00 3.270647952e+00 2.259839048e+00 3.336079517e+00 1.904223139e+00 2.903730337e+00
1.934909820e+05 2.179494945e+00 3.267705524e+00 2.265581995e+00 3.339932908e+00 1.907027928e+00 2.904110703e+00
1.939238477e+05 2.179174482e+00 3.264729184e+00 2.271256250e+00 3.343722466e+00 1.909865422e+00 2.904544351e+00
1.943567134e+05 2.178817401e+00 3.261720562e+00 2.276861141e+00 3.347447358e+00 1.912735209e+00 2.905030717e+00
1.947895792e+05 2.178425084e+00 3.258681284e+00 2.282396013e+00 3.351106778e+00 1.915636861e+00 2.905569217e+00
1.952224449e+05 2.177998891e+00 3.255612952e+00 2.287860245e+00 3.354699956e+00 1.918569939e+00 2.906159256e+00
1.956553106e+05 2.177540179e+00 3.252517159e+00 2.293253240e+00 3.358226149e+00 1.921533988e+00 2.906800219e+00
1.960881764e+05 2.177050291e+00 3.249395485e+00 2.298574426e+00 3.361684647e+00 1.924528539e+00 2.907491475e+00
1.965210421e+05 2.176530557e+00 3.246249489e+00 2.303823260e+00 3.365074771e+00 1.927553109e+00 2.908232379e+00
1.969539078e+05 2.175982299e+00 3.243080721e+00 2.308999224e+00 3.368395873e+00 1.930607202e+00 2.909022267e+00
1.973867735e+05 2.175406812e+00 3.239890700e+00 2.314101829e+00 3.371647334e+00 1.933690322e+00 2.909860480e+00
1.978196393e+05 2.174805387e+00 3.236680937e+00 2.319130613e+00 3.374828569e+00 1.936801949e+00 2.910746335e+00
1.982525050e+05 2.174179304e+00 3.233452930e+00 2.324085138e+00 3.377939023e+00 1.939941552e+00 2.911679126e+00
1.986853707e+05 2.173529837e+00 3.230208166e+00 2.328964991e+00 3.380978174e+00 1.943108577e+00 2.912658121e+00
1.991182365e+05 2.172858237e+00 3.226948106e+00 2.333769788e+00 3.383945529e+00 1.946302468e+00 2.913682591e+00
1.995511022e+05 2.172165722e+00 3.223674173e+00 2.338499179e+00 3.386840625e+00 1.949522679e+00 2.914751828e+00
1.999839679e+05 2.171453501e+00 3.220387776e+00 2.343152836e+00 3.389663030e+00 1.952768647e+00 2.915865099e+00
2.004168337e+05 2.170722776e+00 3.217090316e+00 2.347730456e+00 3.392412344e+00 1.956039788e+00 2.917021647e+00
2.008496994e+05 2.169974758e+00 3.213783200e+00 2.352231759e+00 3.395088203e+00 1.959335481e+00 2.918220658e+00
2.012825651e+05 2.169210606e+00 3.210467776e+00 2.356656498e+00 3.397690266e+00 1.962655139e+00 2.919461374e+00
2.017154309e+05 2.168431471e+00 3.207145382e+00 2.361004451e+00 3.400218227e+00 1.965998148e+00 2.920743009e+00
2.021482966e+05 2.167638489e+00 3.203817335e+00 2.365275427e+00 3.402671813e+00 1.969363888e+00 2.922064761e+00
2.025811623e+05 2.166832781e+00 3.200484935e+00 2.369469256e+00 3.405050777e+00 1.972751729e+00 2.923425824e+00
2.030140281e+05 2.166015453e+00 3.197149463e+00 2.373585788e+00 3.407354895e+00 1.976161036e+00 2.924825384e+00
2.034468938e+05 2.165187591e+00 3.193812177e+00 2.377624906e+00 3.409583980e+00 1.979591164e+00 2.926262617e+00
2.038797595e+05 2.164350266e+00 3.190474314e+00 2.381586516e+00 3.411737872e+00 1.983041461e+00 2.927736692e+00
2.043126253e+05 2.163504524e+00 3.187137081e+00 2.385470557e+00 3.413816450e+00 1.986511265e+00 2.929246768e+00
2.047454910e+05 2.162651410e+00 3.183801686e+00 2.389276974e+00 3.415819596e+00 1.989999915e+00 2.930792004e+00
2.051783567e+05 2.161791943e+00 3.180469301e+00 2.393005745e+00 3.417747235e+00 1.993506739e+00 2.932371548e+00
2.056112224e+05 2.160927114e+00 3.177141067e+00 2.396656888e+00 3.419599335e+00 1.997031055e+00 2.933984539e+00
2.060440882e+05 2.160057903e+00 3.173818113e+00 2.400230437e+00 3.421375883e+00 2.000572176e+00 2.935630112e+00
2.064769539e+05 2.159185272e+00 3.170501539e+00 2.403726454e+00 3.423076896e+00 2.004129411e+00 2.937307395e+00
2.069098196e+05 2.158310159e+00 3.167192426e+00 2.407145024e+00 3.424702420e+00 2.007702062e+00 2.939015511e+00
2.073426854e+05 2.157433493e+00 3.163891835e+00 2.410486250e+00 3.426252522e+00 2.011289430e+00 2.940753583e+00
2.077755511e+05 2.156556180e+00 3.160600802e+00 2.413750264e+00 3.427727298e+00 2.014890807e+00 2.942520725e+00
2.082084168e+05 2.155679109e+00 3.157320346e+00 2.416937215e+00 3.429126869e+00 2.018505486e+00 2.944316051e+00
2.086412826e+05 2.154803151e+00 3.154051461e+00 2.420047277e+00 3.430451380e+00 2.022132752e+00 2.946138669e+00
2.090741483e+05 2.153929158e+00 3.150795116e+00 2.423080648e+00 3.431701005e+00 2.025771889e+00 2.947987688e+00
2.095070140e+05 2.153057966e+00 3.147552265e+00 2.426037546e+00 3.432875941e+00 2.029422175e+00 2.949862207e+00
2.099398798e+05 2.152190389e+00 3.144323831e+00 2.428918213e+00 3.433976413e+00 2.033082888e+00 2.951761331e+00
2.103727455e+05 2.151327224e+00 3.141110719e+00 2.431722912e+00 3.435002669e+00 2.036753301e+00 2.953684155e+00
2.108056112e+05 2.150469249e+00 3.137913813e+00 2.434451927e+00 3.435954982e+00 2.040432683e+00 2.955629777e+00
2.112384770e+05 2.149617226e+00 3.134733973e+00 2.437105562e+00 3.436833645e+00 2.044120307e+00 2.957597293e+00
2.116713427e+05 2.148771897e+00 3.131572039e+00 2.439684144e+00 3.437638981e+00 2.047815435e+00 2.959585796e+00
2.121042084e+05 2.147933983e+00 3.128428823e+00 2.442188020e+00 3.438371332e+00 2.051517336e+00 2.961594381e+00
2.125370741e+05 2.147104187e+00 3.125305116e+00 2.444617556e+00 3.439031068e+00 2.055225272e+00 2.963622140e+00
2.129699399e+05 2.146283195e+00 3.122201689e+00 2.446973140e+00 3.439618576e+00 2.058938506e+00 2.965668164e+00
2.134028056e+05 2.145471688e+00 3.119119310e+00 2.449255162e+00 3.440134250e+00 2.062656305e+00 2.967731555e+00
2.138356713e+05 2.144670319e+00 3.116058709e+00 2.451464047e+00 3.440578519e+00 2.066377930e+00 2.969811403e+00
2.142685371e+05 2.143879710e+00 3.113020580e+00 2.453600242e+00 3.440951844e+00 2.070102641e+00 2.971906804e+00
2.147014028e+05 2.143100459e+00 3.110005584e+00 2.455664219e+00 3.441254718e+00 2.073829697e+00 2.974016847e+00
2.151342685e+05 2.142333166e+00 3.107014389e+00 2.457656453e+00 3.441487627e+00 2.077558362e+00 2.976140632e+00
2.155671343e+05 2.141578433e+00 3.104047671e+00 2.459577415e+00 3.441651053e+00 2.081287905e+00 2.978277267e+00
2.160000000e+05 2.140836840e+00 3.101106078e+00 2.461427598e+00 3.441745502e+00 2.085017596e+00 2.980425861e+00
