time            Ap              Aq              Br              Bs              Cj              Ck             
0.000000000e+00 1.100000000e+01 0.000000000e+00 1.000000000e+01 0.000000000e+00 3.000000000e+00 0.000000000e+00
4.328657315e+02 4.509509758e+00 1.359675912e-01 4.145959464e+00 1.993661179e-01 1.163124590e+00 1.271000804e-01
8.657314629e+02 4.313128491e+00 2.647425782e-01 4.027305537e+00 3.893265725e-01 1.053682811e+00 2.389199483e-01
1.298597194e+03 4.123672352e+00 3.863870182e-01 3.917764031e+00 5.698034541e-01 9.552679145e-01 3.376420400e-01
1.731462926e+03 3.940988339e+00 5.011120511e-01 3.816601237e+00 7.414779793e-01 8.688318882e-01 4.251279365e-01
2.164328657e+03 3.764924614e+00 6.091476454e-01 3.723121799e+00 9.049664361e-01 7.931645031e-01 5.028113328e-01
2.597194389e+03 3.595331539e+00 7.107218317e-01 3.636686260e+00 1.060827499e+00 7.270429927e-01 5.719322865e-01
3.030060120e+03 3.432061299e+00 8.060592721e-01 3.556707227e+00 1.209567935e+00 6.693727137e-01 6.335871794e-01
3.462925852e+03 3.274967596e+00 8.953812781e-01 3.482644679e+00 1.351647607e+00 6.191839432e-01 6.887471189e-01
3.895791583e+03 3.123905402e+00 9.789059059e-01 3.414001638e+00 1.487483980e+00 5.756193729e-01 7.382716455e-01
4.328657315e+03 2.978730753e+00 1.056848035e+00 3.350320314e+00 1.617456148e+00 5.379221990e-01 7.829207129e-01
4.761523046e+03 2.839300599e+00 1.129419401e+00 3.291178676e+00 1.741908428e+00 5.054251957e-01 8.233656005e-01
5.194388778e+03 2.705472665e+00 1.196828633e+00 3.236187290e+00 1.861153671e+00 4.775408426e-01 8.601987540e-01
5.627254509e+03 2.577105366e+00 1.259281239e+00 3.184986548e+00 1.975476186e+00 4.537524320e-01 8.939426471e-01
6.060120240e+03 2.454057746e+00 1.316979594e+00 3.137244136e+00 2.085134403e+00 4.336060791e-01 9.250577356e-01
6.492985972e+03 2.336189443e+00 1.370122901e+00 3.092652775e+00 2.190363271e+00 4.167035647e-01 9.539495779e-01
6.925851703e+03 2.223360684e+00 1.418907143e+00 3.050928166e+00 2.291376429e+00 4.026959049e-01 9.809752234e-01
7.358717435e+03 2.115432302e+00 1.463525022e+00 3.011807142e+00 2.388368173e+00 3.912776264e-01 1.006448894e+00
7.791583166e+03 2.012265769e+00 1.504165892e+00 2.975045994e+00 2.481515226e+00 3.821816566e-01 1.030647049e+00
8.224448898e+03 1.913723257e+00 1.541015683e+00 2.940418960e+00 2.570978359e+00 3.751747791e-01 1.053812874e+00
8.657314629e+03 1.819667702e+00 1.574256825e+00 2.907716844e+00 2.656903845e+00 3.700535845e-01 1.076160286e+00
9.090180361e+03 1.729962895e+00 1.604068160e+00 2.876745777e+00 2.739424793e+00 3.666408979e-01 1.097877442e+00
9.523046092e+03 1.644473578e+00 1.630624869e+00 2.847326081e+00 2.818662347e+00 3.647826003e-01 1.119129861e+00
9.955911824e+03 1.563065543e+00 1.654098383e+00 2.819291234e+00 2.894726792e+00 3.643448181e-01 1.140063171e+00
1.038877756e+04 1.485605754e+00 1.674656307e+00 2.792486935e+00 2.967718549e+00 3.652114370e-01 1.160805530e+00
1.082164329e+04 1.411962464e+00 1.692462339e+00 2.766770251e+00 3.037729078e+00 3.672819152e-01 1.181469741e+00
1.125450902e+04 1.342005337e+00 1.707676205e+00 2.742008818e+00 3.104841729e+00 3.704693327e-01 1.202155132e+00
1.168737475e+04 1.275605576e+00 1.720453587e+00 2.718080139e+00 3.169132486e+00 3.746986900e-01 1.222949174e+00
1.212024048e+04 1.212636052e+00 1.730946059e+00 2.694870922e+00 3.230670670e+00 3.799053985e-01 1.243928918e+00
1.255310621e+04 1.152971433e+00 1.739301038e+00 2.672276477e+00 3.289519578e+00 3.860339448e-01 1.265162239e+00
1.298597194e+04 1.096488309e+00 1.745661731e+00 2.650200162e+00 3.345737065e+00 3.930367131e-01 1.286708930e+00
1.341883768e+04 1.043065317e+00 1.750167096e+00 2.628552880e+00 3.399376087e+00 4.008729522e-01 1.308621639e+00
1.385170341e+04 9.925832655e-01 1.752951810e+00 2.607252622e+00 3.450485180e+00 4.095078722e-01 1.330946680e+00
1.428456914e+04 9.449252455e-01 1.754146243e+00 2.586223952e+00 3.499109002e+00 4.189117557e-01 1.353724821e+00
1.471743487e+04 8.999767601e-01 1.753876427e+00 2.565397799e+00 3.545288583e+00 4.290593982e-01 1.376991736e+00
1.515030060e+04 8.576258152e-01 1.752264064e+00 2.544710899e+00 3.589061896e+00 4.399293119e-01 1.400778702e+00
1.558316633e+04 8.177629856e-01 1.749426588e+00 2.524105453e+00 3.630464189e+00 4.515031791e-01 1.425113043e+00
1.601603206e+04 7.802815982e-01 1.745477022e+00 2.503528999e+00 3.669528226e+00 4.637654592e-01 1.450018386e+00
1.644889780e+04 7.450777634e-01 1.740524087e+00 2.482934001e+00 3.706284684e+00 4.767028535e-01 1.475515092e+00
1.688176353e+04 7.120504340e-01 1.734672257e+00 2.462277525e+00 3.740762468e+00 4.903038853e-01 1.501620571e+00
1.731462926e+04 6.811015139e-01 1.728021733e+00 2.441521079e+00 3.772988952e+00 5.045585848e-01 1.528349459e+00
1.774749499e+04 6.521359076e-01 1.720668503e+00 2.420630345e+00 3.802990257e+00 5.194581430e-01 1.555713849e+00
1.818036072e+04 6.250615702e-01 1.712704389e+00 2.399574966e+00 3.830791491e+00 5.349946331e-01 1.583723448e+00
1.861322645e+04 5.997895601e-01 1.704217108e+00 2.378328323e+00 3.856417007e+00 5.511607119e-01 1.612385737e+00
1.904609218e+04 5.762340873e-01 1.695290323e+00 2.356867374e+00 3.879890645e+00 5.679494081e-01 1.641706073e+00
1.947895792e+04 5.543124890e-01 1.686003723e+00 2.335172436e+00 3.901235793e+00 5.853539007e-01 1.671687772e+00
1.991182365e+04 5.339453356e-01 1.676433086e+00 2.313227084e+00 3.920475835e+00 6.033673305e-01 1.702332192e+00
2.034468938e+04 5.150563656e-01 1.666650376e+00 2.291017921e+00 3.937634125e+00 6.219825947e-01 1.733638793e+00
2.077755511e+04 4.975725248e-01 1.656723821e+00 2.268534465e+00 3.952734257e+00 6.411921995e-01 1.765605177e+00
2.121042084e+04 4.814239534e-01 1.646718006e+00 2.245769003e+00 3.965800217e+00 6.609881085e-01 1.798227119e+00
2.164328657e+04 4.665439728e-01 1.636693979e+00 2.222716445e+00 3.976856540e+00 6.813615999e-01 1.831498592e+00
2.207615230e+04 4.528690652e-01 1.626709341e+00 2.199374213e+00 3.985928447e+00 7.023031566e-01 1.865411781e+00
2.250901804e+04 4.403388447e-01 1.616818370e+00 2.175742092e+00 3.993042000e+00 7.238023326e-01 1.899957090e+00
2.294188377e+04 4.288960211e-01 1.607072128e+00 2.151822117e+00 3.998224232e+00 7.458476586e-01 1.935123147e+00
2.337474950e+04 4.184863584e-01 1.597518569e+00 2.127618471e+00 4.001503239e+00 7.684265648e-01 1.970896800e+00
2.380761523e+04 4.090586263e-01 1.588202654e+00 2.103137365e+00 4.002908293e+00 7.915252987e-01 2.007263118e+00
2.424048096e+04 4.005645471e-01 1.579166480e+00 2.078386928e+00 4.002469945e+00 8.151288489e-01 2.044205385e+00
2.467334669e+04 3.929587352e-01 1.570449396e+00 2.053377093e+00 4.000220106e+00 8.392208870e-01 2.081705099e+00
2.510621242e+04 3.861986346e-01 1.562088130e+00 2.028119494e+00 3.996192130e+00 8.637837133e-01 2.119741971e+00
2.553907816e+04 3.802444492e-01 1.554116910e+00 2.002627360e+00 3.990420866e+00 8.887982204e-01 2.158293921e+00
2.597194389e+04 3.750590682e-01 1.546567588e+00 1.976915416e+00 3.982942709e+00 9.142438691e-01 2.197337081e+00
2.640480962e+04 3.706079924e-01 1.539469766e+00 1.950999774e+00 3.973795636e+00 9.400986650e-01 2.236845802e+00
2.683767535e+04 3.668592549e-01 1.532850912e+00 1.924897836e+00 3.963019236e+00 9.663391451e-01 2.276792664e+00
2.727054108e+04 3.637833410e-01 1.526736490e+00 1.898628189e+00 3.950654729e+00 9.929403760e-01 2.317148486e+00
2.770340681e+04 3.613531032e-01 1.521150075e+00 1.872210499e+00 3.936744959e+00 1.019875966e+00 2.357882353e+00
2.813627255e+04 3.595436777e-01 1.516113470e+00 1.845665416e+00 3.921334387e+00 1.047118078e+00 2.398961636e+00
2.856913828e+04 3.583323987e-01 1.511646825e+00 1.819014468e+00 3.904469071e+00 1.074637464e+00 2.440352026e+00
2.900200401e+04 3.576987111e-01 1.507768746e+00 1.792279962e+00 3.886196632e+00 1.102403489e+00 2.482017566e+00
2.943486974e+04 3.576240839e-01 1.504496401e+00 1.765484885e+00 3.866566203e+00 1.130384189e+00 2.523920703e+00
2.986773547e+04 3.580919235e-01 1.501845629e+00 1.738652799e+00 3.845628375e+00 1.158546324e+00 2.566022335e+00
3.030060120e+04 3.590874869e-01 1.499831037e+00 1.711807747e+00 3.823435126e+00 1.186855422e+00 2.608281862e+00
3.073346693e+04 3.605977951e-01 1.498466102e+00 1.684974151e+00 3.800039758e+00 1.215275871e+00 2.650657264e+00
3.116633267e+04 3.626115487e-01 1.497763250e+00 1.658176716e+00 3.775496777e+00 1.243770995e+00 2.693105152e+00
3.159919840e+04 3.651190426e-01 1.497733955e+00 1.631440337e+00 3.749861819e+00 1.272303125e+00 2.735580864e+00
3.203206413e+04 3.681120835e-01 1.498388812e+00 1.604790003e+00 3.723191542e+00 1.300833701e+00 2.778038543e+00
3.246492986e+04 3.715839046e-01 1.499737616e+00 1.578250704e+00 3.695543507e+00 1.329323366e+00 2.820431219e+00
3.289779559e+04 3.755290824e-01 1.501789438e+00 1.551847346e+00 3.666976060e+00 1.357732075e+00 2.862710911e+00
3.333066132e+04 3.799434740e-01 1.504552675e+00 1.525604665e+00 3.637548212e+00 1.386019192e+00 2.904828717e+00
3.376352705e+04 3.848241115e-01 1.508035124e+00 1.499547138e+00 3.607319498e+00 1.414143617e+00 2.946734935e+00
3.419639279e+04 3.901691448e-01 1.512244031e+00 1.473698916e+00 3.576349856e+00 1.442063889e+00 2.988379156e+00
3.462925852e+04 3.959777573e-01 1.517186136e+00 1.448083736e+00 3.544699478e+00 1.469738316e+00 3.029710390e+00
3.506212425e+04 4.022500897e-01 1.522867719e+00 1.422724857e+00 3.512428681e+00 1.497125093e+00 3.070677179e+00
3.549498998e+04 4.089871788e-01 1.529294631e+00 1.397645001e+00 3.479597779e+00 1.524182409e+00 3.111227700e+00
3.592785571e+04 4.161908662e-01 1.536472335e+00 1.372866277e+00 3.446266929e+00 1.550868594e+00 3.151309910e+00
3.636072144e+04 4.238637193e-01 1.544405933e+00 1.348410117e+00 3.412495976e+00 1.577142257e+00 3.190871684e+00
3.679358717e+04 4.320089765e-01 1.553100179e+00 1.324297243e+00 3.378344347e+00 1.602962383e+00 3.229860915e+00
3.722645291e+04 4.406304767e-01 1.562559491e+00 1.300547616e+00 3.343870924e+00 1.628288453e+00 3.268225640e+00
3.765931864e+04 4.497325832e-01 1.572787963e+00 1.277180398e+00 3.309133915e+00 1.653080576e+00 3.305914173e+00
3.809218437e+04 4.593201092e-01 1.583789373e+00 1.254213909e+00 3.274190725e+00 1.677299606e+00 3.342875235e+00
3.852505010e+04 4.693982473e-01 1.595567183e+00 1.231665603e+00 3.239097848e+00 1.700907260e+00 3.379058082e+00
3.895791583e+04 4.799724934e-01 1.608124533e+00 1.209552033e+00 3.203910741e+00 1.723866241e+00 3.414412637e+00
3.939078156e+04 4.910485799e-01 1.621464231e+00 1.187888839e+00 3.168683739e+00 1.746140333e+00 3.448889606e+00
3.982364729e+04 5.026324006e-01 1.635588734e+00 1.166690742e+00 3.133469961e+00 1.767694522e+00 3.482440617e+00
4.025651303e+04 5.147299408e-01 1.650500134e+00 1.145971523e+00 3.098321214e+00 1.788495085e+00 3.515018328e+00
4.068937876e+04 5.273472037e-01 1.666200125e+00 1.125744008e+00 3.063287903e+00 1.808509675e+00 3.546576538e+00
4.112224449e+04 5.404901277e-01 1.682689992e+00 1.106020147e+00 3.028419029e+00 1.827707471e+00 3.577070366e+00
4.155511022e+04 5.541645224e-01 1.699970558e+00 1.086810894e+00 2.993762021e+00 1.846059188e+00 3.606456283e+00
4.198797595e+04 5.683759858e-01 1.718042159e+00 1.068126316e+00 2.959362759e+00 1.863537196e+00 3.634692274e+00
4.242084168e+04 5.831298279e-01 1.736904607e+00 1.049975578e+00 2.925265509e+00 1.880115607e+00 3.661737951e+00
4.285370741e+04 5.984309959e-01 1.756557139e+00 1.032366963e+00 2.891512881e+00 1.895770331e+00 3.687554652e+00
4.328657315e+04 6.142839978e-01 1.776998378e+00 1.015307890e+00 2.858145809e+00 1.910479140e+00 3.712105541e+00
4.371943888e+04 6.306928186e-01 1.798226276e+00 9.988049535e-01 2.825203522e+00 1.924221732e+00 3.735355723e+00
4.415230461e+04 6.476608470e-01 1.820238066e+00 9.828639417e-01 2.792723539e+00 1.936979783e+00 3.757272330e+00
4.458517034e+04 6.651907993e-01 1.843030211e+00 9.674898760e-01 2.760741663e+00 1.948736990e+00 3.777824619e+00
4.501803607e+04 6.832846368e-01 1.866598340e+00 9.526870448e-01 2.729291980e+00 1.959479120e+00 3.796984068e+00
4.545090180e+04 7.019434852e-01 1.890937191e+00 9.384590434e-01 2.698406872e+00 1.969194039e+00 3.814724459e+00
4.588376754e+04 7.211675627e-01 1.916040554e+00 9.248088109e-01 2.668117029e+00 1.977871747e+00 3.831021964e+00
4.631663327e+04 7.409561185e-01 1.941901219e+00 9.117386674e-01 2.638451473e+00 1.985504392e+00 3.845855205e+00
4.674949900e+04 7.613073302e-01 1.968510895e+00 8.992503642e-01 2.609437577e+00 1.992086301e+00 3.859205354e+00
4.718236473e+04 7.822182396e-01 1.995860158e+00 8.873451181e-01 2.581101083e+00 1.997613970e+00 3.871056171e+00
4.761523046e+04 8.036846620e-01 2.023938351e+00 8.760237275e-01 2.553466287e+00 2.002086178e+00 3.881394240e+00
4.804809619e+04 8.257011771e-01 2.052733597e+00 8.652864044e-01 2.526555746e+00 2.005503702e+00 3.890208492e+00
4.848096192e+04 8.482610761e-01 2.082232801e+00 8.551331132e-01 2.500390540e+00 2.007869685e+00 3.897491121e+00
4.891382766e+04 8.713561680e-01 2.112421323e+00 8.455633926e-01 2.474990491e+00 2.009189370e+00 3.903236805e+00
4.934669339e+04 8.949768666e-01 2.143283200e+00 8.365764895e-01 2.450373883e+00 2.009470147e+00 3.907443185e+00
4.977955912e+04 9.191121202e-01 2.174801021e+00 8.281713968e-01 2.426557718e+00 2.008721483e+00 3.910110701e+00
5.021242485e+04 9.437492571e-01 2.206955777e+00 8.203468701e-01 2.403557639e+00 2.006955045e+00 3.911242835e+00
5.064529058e+04 9.688740335e-01 2.239726909e+00 8.131014863e-01 2.381388055e+00 2.004184544e+00 3.910845975e+00
5.107815631e+04 9.944706133e-01 2.273092280e+00 8.064336897e-01 2.360062212e+00 2.000425670e+00 3.908929384e+00
5.151102204e+04 1.020521518e+00 2.307028122e+00 8.003418189e-01 2.339592221e+00 1.995696086e+00 3.905505253e+00
5.194388778e+04 1.047007590e+00 2.341508990e+00 7.948241471e-01 2.319989111e+00 1.990015380e+00 3.900588691e+00
5.237675351e+04 1.073908002e+00 2.376507766e+00 7.898789142e-01 2.301262878e+00 1.983405004e+00 3.894197710e+00
5.280961924e+04 1.101200225e+00 2.411995614e+00 7.855043671e-01 2.283422566e+00 1.975888187e+00 3.886353163e+00
5.324248497e+04 1.128860104e+00 2.447942060e+00 7.816987742e-01 2.266476262e+00 1.967489901e+00 3.877078737e+00
5.367535070e+04 1.156861693e+00 2.484314777e+00 7.784604987e-01 2.250431305e+00 1.958236673e+00 3.866400806e+00
5.410821643e+04 1.185177635e+00 2.521080025e+00 7.757879342e-01 2.235294023e+00 1.948156729e+00 3.854348563e+00
5.454108216e+04 1.213778685e+00 2.558202067e+00 7.736796422e-01 2.221070189e+00 1.937279653e+00 3.840953728e+00
5.497394790e+04 1.242634275e+00 2.595643822e+00 7.721342865e-01 2.207764723e+00 1.925636386e+00 3.826250526e+00
5.540681363e+04 1.271712169e+00 2.633366428e+00 7.711506881e-01 2.195381933e+00 1.913259225e+00 3.810275703e+00
5.583967936e+04 1.300978739e+00 2.671329548e+00 7.707278325e-01 2.183925495e+00 1.900181589e+00 3.793068269e+00
5.627254509e+04 1.330398919e+00 2.709491293e+00 7.708648887e-01 2.173398482e+00 1.886438010e+00 3.774669529e+00
5.670541082e+04 1.359936349e+00 2.747808367e+00 7.715612129e-01 2.163803428e+00 1.872063963e+00 3.755122849e+00
5.713827655e+04 1.389553453e+00 2.786236123e+00 7.728163576e-01 2.155142359e+00 1.857095765e+00 3.734473545e+00
5.757114228e+04 1.419211509e+00 2.824728624e+00 7.746300768e-01 2.147416819e+00 1.841570485e+00 3.712768777e+00
5.800400802e+04 1.448870758e+00 2.863238748e+00 7.770023278e-01 2.140627904e+00 1.825525815e+00 3.690057384e+00
5.843687375e+04 1.478490535e+00 2.901718297e+00 7.799332686e-01 2.134776291e+00 1.808999946e+00 3.666389720e+00
5.886973948e+04 1.508029338e+00 2.940118065e+00 7.834232547e-01 2.129862254e+00 1.792031488e+00 3.641817541e+00
5.930260521e+04 1.537444996e+00 2.978387998e+00 7.874728304e-01 2.125885697e+00 1.774659311e+00 3.616393785e+00
5.973547094e+04 1.566694792e+00 3.016477305e+00 7.920827188e-01 2.122846168e+00 1.756922439e+00 3.590172426e+00
6.016833667e+04 1.595735590e+00 3.054334583e+00 7.972538085e-01 2.120742873e+00 1.738859941e+00 3.563208297e+00
6.060120240e+04 1.624523968e+00 3.091907945e+00 8.029871386e-01 2.119574688e+00 1.720510820e+00 3.535556934e+00
6.103406814e+04 1.653016341e+00 3.129145144e+00 8.092838784e-01 2.119340166e+00 1.701913921e+00 3.507274417e+00
6.146693387e+04 1.681169121e+00 3.165993728e+00 8.161453056e-01 2.120037539e+00 1.683107811e+00 3.478417191e+00
6.189979960e+04 1.708938864e+00 3.202401190e+00 8.235727813e-01 2.121664727e+00 1.664130675e+00 3.449041886e+00
6.233266533e+04 1.736282410e+00 3.238315107e+00 8.315677226e-01 2.124219333e+00 1.645020221e+00 3.419205157e+00
6.276553106e+04 1.763157033e+00 3.273683299e+00 8.401315748e-01 2.127698645e+00 1.625813575e+00 3.388963519e+00
6.319839679e+04 1.789520580e+00 3.308453970e+00 8.492657752e-01 2.132099617e+00 1.606547212e+00 3.358373192e+00
6.363126253e+04 1.815331610e+00 3.342575863e+00 8.589717194e-01 2.137418869e+00 1.587256869e+00 3.327489959e+00
6.406412826e+04 1.840549542e+00 3.375998408e+00 8.692507245e-01 2.143652663e+00 1.567977464e+00 3.296369007e+00
6.449699399e+04 1.865134783e+00 3.408671863e+00 8.801039899e-01 2.150796899e+00 1.548743028e+00 3.265064794e+00
6.492985972e+04 1.889048859e+00 3.440547484e+00 8.915325519e-01 2.158847080e+00 1.529586653e+00 3.233630935e+00
6.536272545e+04 1.912254546e+00 3.471577638e+00 9.035372424e-01 2.167798304e+00 1.510540396e+00 3.202120022e+00
6.579559118e+04 1.934716032e+00 3.501715989e+00 9.161186423e-01 2.177645222e+00 1.491635356e+00 3.170583671e+00
6.622845691e+04 1.956398954e+00 3.530917582e+00 9.292770306e-01 2.188382027e+00 1.472901372e+00 3.139072114e+00
6.666132265e+04 1.977270566e+00 3.559139008e+00 9.430123453e-01 2.200002421e+00 1.454367270e+00 3.107634423e+00
6.709418838e+04 1.997299772e+00 3.586338468e+00 9.573241384e-01 2.212499593e+00 1.436060715e+00 3.076318302e+00
6.752705411e+04 2.016457332e+00 3.612476006e+00 9.722114998e-01 2.225866154e+00 1.418008154e+00 3.045169967e+00
6.795991984e+04 2.034715945e+00 3.637513617e+00 9.876730094e-01 2.240094105e+00 1.400234794e+00 3.014234066e+00
6.839278557e+04 2.052050226e+00 3.661415255e+00 1.003706718e+00 2.255174846e+00 1.382764643e+00 2.983553677e+00
6.882565130e+04 2.068436827e+00 3.684146991e+00 1.020310033e+00 2.271099049e+00 1.365620619e+00 2.953170469e+00
6.925851703e+04 2.083854569e+00 3.705677161e+00 1.037479745e+00 2.287856737e+00 1.348824217e+00 2.923124114e+00
6.969138277e+04 2.098284402e+00 3.725976375e+00 1.055211907e+00 2.305437141e+00 1.332395860e+00 2.893452821e+00
7.012424850e+04 2.111709455e+00 3.745017588e+00 1.073501834e+00 2.323828727e+00 1.316354770e+00 2.864193079e+00
7.055711423e+04 2.124115147e+00 3.762776250e+00 1.092344021e+00 2.343019115e+00 1.300718978e+00 2.835379641e+00
7.098997996e+04 2.135489250e+00 3.779230414e+00 1.111732057e+00 2.362995007e+00 1.285505332e+00 2.807045527e+00
7.142284569e+04 2.145821844e+00 3.794360716e+00 1.131658666e+00 2.383742242e+00 1.270729526e+00 2.779221975e+00
7.185571142e+04 2.155105266e+00 3.808150357e+00 1.152115588e+00 2.405245667e+00 1.256406233e+00 2.751938674e+00
7.228857715e+04 2.163334275e+00 3.820585317e+00 1.173093564e+00 2.427489145e+00 1.242548985e+00 2.725223507e+00
7.272144289e+04 2.170505906e+00 3.831654232e+00 1.194582306e+00 2.450455518e+00 1.229170320e+00 2.699102766e+00
7.315430862e+04 2.176619476e+00 3.841348426e+00 1.216570472e+00 2.474126592e+00 1.216281799e+00 2.673601145e+00
7.358717435e+04 2.181676749e+00 3.849662147e+00 1.239045542e+00 2.498483013e+00 1.203893966e+00 2.648741651e+00
7.402004008e+04 2.185681751e+00 3.856592388e+00 1.261993860e+00 2.523504315e+00 1.192016461e+00 2.624545752e+00
7.445290581e+04 2.188640714e+00 3.862138867e+00 1.285400624e+00 2.549168901e+00 1.180658074e+00 2.601033439e+00
7.488577154e+04 2.190562101e+00 3.866304074e+00 1.309249834e+00 2.575454004e+00 1.169826760e+00 2.578223225e+00
7.531863727e+04 2.191456561e+00 3.869093274e+00 1.333524271e+00 2.602335656e+00 1.159529678e+00 2.556132190e+00
7.575150301e+04 2.191336869e+00 3.870514466e+00 1.358205490e+00 2.629788682e+00 1.149773247e+00 2.534776044e+00
7.618436874e+04 2.190217857e+00 3.870578339e+00 1.383273815e+00 2.657786696e+00 1.140563190e+00 2.514169174e+00
7.661723447e+04 2.188116364e+00 3.869298241e+00 1.408708342e+00 2.686302098e+00 1.131904569e+00 2.494324695e+00
7.705010020e+04 2.185051155e+00 3.866690126e+00 1.434486941e+00 2.715306074e+00 1.123801836e+00 2.475254501e+00
7.748296593e+04 2.181042821e+00 3.862772472e+00 1.460586249e+00 2.744768581e+00 1.116258891e+00 2.456969361e+00
7.791583166e+04 2.176113756e+00 3.857566268e+00 1.486981736e+00 2.774658421e+00 1.109279084e+00 2.439478883e+00
7.834869739e+04 2.170288023e+00 3.851094897e+00 1.513647683e+00 2.804943200e+00 1.102865284e+00 2.422791640e+00
7.878156313e+04 2.163591261e+00 3.843384045e+00 1.540557204e+00 2.835589352e+00 1.097019921e+00 2.406915224e+00
7.921442886e+04 2.156050612e+00 3.834461638e+00 1.567682307e+00 2.866562191e+00 1.091745014e+00 2.391856274e+00
7.964729459e+04 2.147694675e+00 3.824357798e+00 1.594993989e+00 2.897826017e+00 1.087042156e+00 2.377620447e+00
8.008016032e+04 2.138553273e+00 3.813104610e+00 1.622462164e+00 2.929344014e+00 1.082912647e+00 2.364212636e+00
8.051302605e+04 2.128657443e+00 3.800736116e+00 1.650055800e+00 2.961078396e+00 1.079357457e+00 2.351636902e+00
8.094589178e+04 2.118039335e+00 3.787288192e+00 1.677742985e+00 2.992990473e+00 1.076377255e+00 2.339896514e+00
8.137875752e+04 2.106732051e+00 3.772798385e+00 1.705490950e+00 3.025040656e+00 1.073972461e+00 2.328994047e+00
8.181162325e+04 2.094769573e+00 3.757305828e+00 1.733266174e+00 3.057188566e+00 1.072143248e+00 2.318931382e+00
8.224448898e+04 2.082186646e+00 3.740851100e+00 1.761034445e+00 3.089393091e+00 1.070889576e+00 2.309709758e+00
8.267735471e+04 2.069018659e+00 3.723476095e+00 1.788760954e+00 3.121612472e+00 1.070211201e+00 2.301329802e+00
8.311022044e+04 2.055301543e+00 3.705223893e+00 1.816410376e+00 3.153804384e+00 1.070107696e+00 2.293791565e+00
8.354308617e+04 2.041071659e+00 3.686138623e+00 1.843946956e+00 3.185926019e+00 1.070578464e+00 2.287094550e+00
8.397595190e+04 2.026365688e+00 3.666265328e+00 1.871334608e+00 3.217934181e+00 1.071622747e+00 2.281237740e+00
8.440881764e+04 2.011220530e+00 3.645649829e+00 1.898537022e+00 3.249785397e+00 1.073239630e+00 2.276219617e+00
8.484168337e+04 1.995673193e+00 3.624338587e+00 1.925517745e+00 3.281435988e+00 1.075428055e+00 2.272038191e+00
8.527454910e+04 1.979760683e+00 3.602378555e+00 1.952240280e+00 3.312842177e+00 1.078186819e+00 2.268691021e+00
8.570741483e+04 1.963519942e+00 3.579817079e+00 1.978668242e+00 3.343960243e+00 1.081514565e+00 2.266175206e+00
8.614028056e+04 1.946987721e+00 3.556701741e+00 2.004765420e+00 3.374746581e+00 1.085409790e+00 2.264487422e+00
8.657314629e+04 1.930200455e+00 3.533080190e+00 2.030495803e+00 3.405157741e+00 1.089870852e+00 2.263623952e+00
8.700601202e+04 1.913194268e+00 3.509000105e+00 2.055823874e+00 3.435150717e+00 1.094895927e+00 2.263580630e+00
8.743887776e+04 1.896004803e+00 3.484508997e+00 2.080714559e+00 3.464682899e+00 1.100483031e+00 2.264352901e+00
8.787174349e+04 1.878667179e+00 3.459654118e+00 2.105133393e+00 3.493712250e+00 1.106629996e+00 2.265935802e+00
8.830460922e+04 1.861215943e+00 3.434482358e+00 2.129046564e+00 3.522197355e+00 1.113334471e+00 2.268323993e+00
8.873747495e+04 1.843684979e+00 3.409040129e+00 2.152421051e+00 3.550097565e+00 1.120593894e+00 2.271511727e+00
8.917034068e+04 1.826107429e+00 3.383373266e+00 2.175224748e+00 3.577373132e+00 1.128405465e+00 2.275492828e+00
8.960320641e+04 1.808515616e+00 3.357526899e+00 2.197426578e+00 3.603985325e+00 1.136766123e+00 2.280260682e+00
9.003607214e+04 1.790940971e+00 3.331545297e+00 2.218996471e+00 3.629896423e+00 1.145672572e+00 2.285808306e+00
9.046893788e+04 1.773414317e+00 3.305472231e+00 2.239905571e+00 3.655069954e+00 1.155121162e+00 2.292128187e+00
9.090180361e+04 1.755965114e+00 3.279349973e+00 2.260126165e+00 3.679470580e+00 1.165108032e+00 2.299212524e+00
9.133466934e+04 1.738622225e+00 3.253220280e+00 2.279631962e+00 3.703064456e+00 1.175628884e+00 2.307052907e+00
9.176753507e+04 1.721413340e+00 3.227123602e+00 2.298398026e+00 3.725819131e+00 1.186679097e+00 2.315640515e+00
9.220040080e+04 1.704365195e+00 3.201099344e+00 2.316400831e+00 3.747703632e+00 1.198253665e+00 2.324966041e+00
9.263326653e+04 1.687503520e+00 3.175185778e+00 2.333618330e+00 3.768688542e+00 1.210347173e+00 2.335019683e+00
9.306613226e+04 1.670852899e+00 3.149419850e+00 2.350030159e+00 3.788746232e+00 1.222953736e+00 2.345791077e+00
9.349899800e+04 1.654436888e+00 3.123837306e+00 2.365617562e+00 3.807850790e+00 1.236066990e+00 2.357269310e+00
9.393186373e+04 1.638278031e+00 3.098472667e+00 2.380363386e+00 3.825978041e+00 1.249680088e+00 2.369442921e+00
9.436472946e+04 1.622397631e+00 3.073358915e+00 2.394252249e+00 3.843105721e+00 1.263785674e+00 2.382299903e+00
9.479759519e+04 1.606816239e+00 3.048528150e+00 2.407270407e+00 3.859213370e+00 1.278375795e+00 2.395827565e+00
9.523046092e+04 1.591553031e+00 3.024010689e+00 2.419405979e+00 3.874282573e+00 1.293441960e+00 2.410012671e+00
9.566332665e+04 1.576626287e+00 2.999835726e+00 2.430648838e+00 3.888296864e+00 1.308975047e+00 2.424841301e+00
9.609619238e+04 1.562053253e+00 2.976031103e+00 2.440990604e+00 3.901241738e+00 1.324965333e+00 2.440298905e+00
9.652905812e+04 1.547850158e+00 2.952623326e+00 2.450424703e+00 3.913104725e+00 1.341402443e+00 2.456370259e+00
9.696192385e+04 1.534032155e+00 2.929637464e+00 2.458946505e+00 3.923875563e+00 1.358275292e+00 2.473039406e+00
9.739478958e+04 1.520613509e+00 2.907097395e+00 2.466553059e+00 3.933545917e+00 1.375572118e+00 2.490289689e+00
9.782765531e+04 1.507607465e+00 2.885025578e+00 2.473243296e+00 3.942109633e+00 1.393280473e+00 2.508103764e+00
9.826052104e+04 1.495026376e+00 2.863443251e+00 2.479017897e+00 3.949562603e+00 1.411387163e+00 2.526463523e+00
9.869338677e+04 1.482881705e+00 2.842370393e+00 2.483879292e+00 3.955902768e+00 1.429878277e+00 2.545350139e+00
9.912625251e+04 1.471184070e+00 2.821825781e+00 2.487831605e+00 3.961130092e+00 1.448739184e+00 2.564744056e+00
9.955911824e+04 1.459943197e+00 2.801826909e+00 2.490880780e+00 3.965246712e+00 1.467954449e+00 2.584624918e+00
9.999198397e+04 1.449167994e+00 2.782390079e+00 2.493034459e+00 3.968256825e+00 1.487507879e+00 2.604971603e+00
1.004248497e+05 1.438866623e+00 2.763530487e+00 2.494301861e+00 3.970166561e+00 1.507382549e+00 2.625762262e+00
1.008577154e+05 1.429046503e+00 2.745262213e+00 2.494693807e+00 3.970984027e+00 1.527560779e+00 2.646974295e+00
1.012905812e+05 1.419714327e+00 2.727598245e+00 2.494222685e+00 3.970719289e+00 1.548024134e+00 2.668584343e+00
1.017234469e+05 1.410876105e+00 2.710550516e+00 2.492902394e+00 3.969384320e+00 1.568753433e+00 2.690568309e+00
1.021563126e+05 1.402537194e+00 2.694129945e+00 2.490748279e+00 3.966992942e+00 1.589728766e+00 2.712901368e+00
1.025891784e+05 1.394702335e+00 2.678346477e+00 2.487777071e+00 3.963560775e+00 1.610929513e+00 2.735557989e+00
1.030220441e+05 1.387375662e+00 2.663209101e+00 2.484006850e+00 3.959105199e+00 1.632334355e+00 2.758511943e+00
1.034549098e+05 1.380560763e+00 2.648725909e+00 2.479456943e+00 3.953645258e+00 1.653921305e+00 2.781736336e+00
1.038877756e+05 1.374260688e+00 2.634904116e+00 2.474147878e+00 3.947201618e+00 1.675667734e+00 2.805203638e+00
1.043206413e+05 1.368477984e+00 2.621750103e+00 2.468101305e+00 3.939796486e+00 1.697550404e+00 2.828885706e+00
1.047535070e+05 1.363214720e+00 2.609269442e+00 2.461339936e+00 3.931453548e+00 1.719545493e+00 2.852753818e+00
1.051863727e+05 1.358472499e+00 2.597466926e+00 2.453887476e+00 3.922197896e+00 1.741628638e+00 2.876778711e+00
1.056192385e+05 1.354252496e+00 2.586346605e+00 2.445768540e+00 3.912055943e+00 1.763774975e+00 2.900930620e+00
1.060521042e+05 1.350555474e+00 2.575911814e+00 2.437008579e+00 3.901055341e+00 1.785959184e+00 2.925179326e+00
1.064849699e+05 1.347381807e+00 2.566165208e+00 2.427633801e+00 3.889224899e+00 1.808155534e+00 2.949494195e+00
1.069178357e+05 1.344731499e+00 2.557108784e+00 2.417671092e+00 3.876594488e+00 1.830337938e+00 2.973844242e+00
1.073507014e+05 1.342604204e+00 2.548743913e+00 2.407147940e+00 3.863194966e+00 1.852479998e+00 2.998198166e+00
1.077835671e+05 1.340999235e+00 2.541071356e+00 2.396092357e+00 3.849058077e+00 1.874555071e+00 3.022524422e+00
1.082164329e+05 1.339915584e+00 2.534091293e+00 2.384532808e+00 3.834216373e+00 1.896536316e+00 3.046791268e+00
1.086492986e+05 1.339351933e+00 2.527803347e+00 2.372498125e+00 3.818703117e+00 1.918396757e+00 3.070966826e+00
1.090821643e+05 1.339306653e+00 2.522206584e+00 2.360017432e+00 3.802552180e+00 1.940109358e+00 3.095019163e+00
1.095150301e+05 1.339777839e+00 2.517299564e+00 2.347120080e+00 3.785797982e+00 1.961647056e+00 3.118916320e+00
1.099478958e+05 1.340763310e+00 2.513080354e+00 2.333835584e+00 3.768475402e+00 1.982982826e+00 3.142626377e+00
1.103807615e+05 1.342260572e+00 2.509546476e+00 2.320193483e+00 3.750619594e+00 2.004089827e+00 3.166117614e+00
1.108136273e+05 1.344266874e+00 2.506694994e+00 2.306223333e+00 3.732265993e+00 2.024941380e+00 3.189358477e+00
1.112464930e+05 1.346779246e+00 2.504522580e+00 2.291954709e+00 3.713450339e+00 2.045510962e+00 3.212317567e+00
1.116793587e+05 1.349794386e+00 2.503025354e+00 2.277416958e+00 3.694208302e+00 2.065772485e+00 3.234963951e+00
1.121122244e+05 1.353308745e+00 2.502199020e+00 2.262639271e+00 3.674575618e+00 2.085700204e+00 3.257267053e+00
1.125450902e+05 1.357318513e+00 2.502038852e+00 2.247650595e+00 3.654587960e+00 2.105268808e+00 3.279196749e+00
1.129779559e+05 1.361819609e+00 2.502539685e+00 2.232479565e+00 3.634280846e+00 2.124453504e+00 3.300723454e+00
1.134108216e+05 1.366807675e+00 2.503695921e+00 2.217154446e+00 3.613689562e+00 2.143230074e+00 3.321818195e+00
1.138436874e+05 1.372278079e+00 2.505501543e+00 2.201703097e+00 3.592849107e+00 2.161574931e+00 3.342452658e+00
1.142765531e+05 1.378225904e+00 2.507950106e+00 2.186152912e+00 3.571794113e+00 2.179465183e+00 3.362599265e+00
1.147094188e+05 1.384645947e+00 2.511034746e+00 2.170530778e+00 3.550558783e+00 2.196878689e+00 3.382231231e+00
1.151422846e+05 1.391532706e+00 2.514748177e+00 2.154863033e+00 3.529176829e+00 2.213794112e+00 3.401322627e+00
1.155751503e+05 1.398880379e+00 2.519082690e+00 2.139175434e+00 3.507681423e+00 2.230190980e+00 3.419848444e+00
1.160080160e+05 1.406682852e+00 2.524030155e+00 2.123493108e+00 3.486105126e+00 2.246049722e+00 3.437784635e+00
1.164408818e+05 1.414933689e+00 2.529582017e+00 2.107840536e+00 3.464479857e+00 2.261351728e+00 3.455108182e+00
1.168737475e+05 1.423626128e+00 2.535729291e+00 2.092241523e+00 3.442836843e+00 2.276079389e+00 3.471797142e+00
1.173066132e+05 1.432753069e+00 2.542462564e+00 2.076719166e+00 3.421206571e+00 2.290216134e+00 3.487830692e+00
1.177394790e+05 1.442307063e+00 2.549771991e+00 2.061295835e+00 3.399618754e+00 2.303746473e+00 3.503189179e+00
1.181723447e+05 1.452280306e+00 2.557647286e+00 2.045993161e+00 3.378102299e+00 2.316656027e+00 3.517854156e+00
1.186052104e+05 1.462664632e+00 2.566077728e+00 2.030832015e+00 3.356685280e+00 2.328931560e+00 3.531808421e+00
1.190380762e+05 1.473451496e+00 2.575052147e+00 2.015832500e+00 3.335394907e+00 2.340561006e+00 3.545036052e+00
1.194709419e+05 1.484631973e+00 2.584558928e+00 2.001013936e+00 3.314257502e+00 2.351533496e+00 3.557522443e+00
1.199038076e+05 1.496196750e+00 2.594586007e+00 1.986394862e+00 3.293298489e+00 2.361839370e+00 3.569254317e+00
1.203366733e+05 1.508136115e+00 2.605120866e+00 1.971993028e+00 3.272542379e+00 2.371470193e+00 3.580219759e+00
1.207695391e+05 1.520439951e+00 2.616150530e+00 1.957825396e+00 3.252012748e+00 2.380418775e+00 3.590408234e+00
1.212024048e+05 1.533097735e+00 2.627661571e+00 1.943908140e+00 3.231732244e+00 2.388679170e+00 3.599810596e+00
1.216352705e+05 1.546098527e+00 2.639640099e+00 1.930256647e+00 3.211722569e+00 2.396246685e+00 3.608419107e+00
1.220681363e+05 1.559430969e+00 2.652071769e+00 1.916885527e+00 3.192004478e+00 2.403117883e+00 3.616227442e+00
1.225010020e+05 1.573083282e+00 2.664941777e+00 1.903808623e+00 3.172597789e+00 2.409290573e+00 3.623230692e+00
1.229338677e+05 1.587043268e+00 2.678234866e+00 1.891039007e+00 3.153521374e+00 2.414763808e+00 3.629425359e+00
1.233667335e+05 1.601298306e+00 2.691935326e+00 1.878588998e+00 3.134793168e+00 2.419537877e+00 3.634809355e+00
1.237995992e+05 1.615835355e+00 2.706026998e+00 1.866470195e+00 3.116430195e+00 2.423614279e+00 3.639381995e+00
1.242324649e+05 1.630640954e+00 2.720493279e+00 1.854693453e+00 3.098448553e+00 2.426995726e+00 3.643143984e+00
1.246653307e+05 1.645701229e+00 2.735317130e+00 1.843268929e+00 3.080863438e+00 2.429686105e+00 3.646097402e+00
1.250981964e+05 1.661001906e+00 2.750481091e+00 1.832206086e+00 3.063689154e+00 2.431690448e+00 3.648245668e+00
1.255310621e+05 1.676528303e+00 2.765967277e+00 1.821513691e+00 3.046939117e+00 2.433014948e+00 3.649593561e+00
1.259639279e+05 1.692265351e+00 2.781757398e+00 1.811199867e+00 3.030625892e+00 2.433666889e+00 3.650147154e+00
1.263967936e+05 1.708197607e+00 2.797832775e+00 1.801272080e+00 3.014761192e+00 2.433654615e+00 3.649913789e+00
1.268296593e+05 1.724309255e+00 2.814174341e+00 1.791737184e+00 2.999355914e+00 2.432987515e+00 3.648902058e+00
1.272625251e+05 1.740584129e+00 2.830762671e+00 1.782601438e+00 2.984420163e+00 2.431675973e+00 3.647121760e+00
1.276953908e+05 1.757005735e+00 2.847577998e+00 1.773870487e+00 2.969963227e+00 2.429731337e+00 3.644583869e+00
1.281282565e+05 1.773557258e+00 2.864600230e+00 1.765549417e+00 2.955993637e+00 2.427165870e+00 3.641300482e+00
1.285611222e+05 1.790221588e+00 2.881808965e+00 1.757642769e+00 2.942519188e+00 2.423992715e+00 3.637284787e+00
1.289939880e+05 1.806981330e+00 2.899183515e+00 1.750154548e+00 2.929546939e+00 2.420225858e+00 3.632551026e+00
1.294268537e+05 1.823818843e+00 2.916702939e+00 1.743088241e+00 2.917083244e+00 2.415880068e+00 3.627114430e+00
1.298597194e+05 1.840716260e+00 2.934346063e+00 1.736446841e+00 2.905133771e+00 2.410970849e+00 3.620991176e+00
1.302925852e+05 1.857655505e+00 2.952091507e+00 1.730232870e+00 2.893703535e+00 2.405514401e+00 3.614198334e+00
1.307254509e+05 1.874618332e+00 2.969917711e+00 1.724448384e+00 2.882796898e+00 2.399527570e+00 3.606753824e+00
1.311583166e+05 1.891586345e+00 2.987802968e+00 1.719094990e+00 2.872417600e+00 2.393027805e+00 3.598676364e+00
1.315911824e+05 1.908541027e+00 3.005725452e+00 1.714173872e+00 2.862568776e+00 2.386033091e+00 3.589985403e+00
1.320240481e+05 1.925463782e+00 3.023663259e+00 1.709685805e+00 2.853252986e+00 2.378561907e+00 3.580701067e+00
1.324569138e+05 1.942335962e+00 3.041594433e+00 1.705631162e+00 2.844472219e+00 2.370633177e+00 3.570844111e+00
1.328897796e+05 1.959138891e+00 3.059496993e+00 1.702009933e+00 2.836227917e+00 2.362266228e+00 3.560435868e+00
1.333226453e+05 1.975853904e+00 3.077348977e+00 1.698821738e+00 2.828520994e+00 2.353480729e+00 3.549498183e+00
1.337555110e+05 1.992462387e+00 3.095128477e+00 1.696065840e+00 2.821351853e+00 2.344296642e+00 3.538053357e+00
1.341883768e+05 2.008945804e+00 3.112813675e+00 1.693741161e+00 2.814720404e+00 2.334734176e+00 3.526124093e+00
1.346212425e+05 2.025285729e+00 3.130382867e+00 1.691846280e+00 2.808626069e+00 2.324813754e+00 3.513733458e+00
1.350541082e+05 2.041463899e+00 3.147814529e+00 1.690379466e+00 2.803067817e+00 2.314555925e+00 3.500904784e+00
1.354869739e+05 2.057462239e+00 3.165087334e+00 1.689338671e+00 2.798044168e+00 2.303981339e+00 3.487661633e+00
1.359198397e+05 2.073262896e+00 3.182180191e+00 1.688721546e+00 2.793553206e+00 2.293110715e+00 3.474027763e+00
1.363527054e+05 2.088848272e+00 3.199072283e+00 1.688525447e+00 2.789592591e+00 2.281964779e+00 3.460027052e+00
1.367855711e+05 2.104201051e+00 3.215743091e+00 1.688747441e+00 2.786159572e+00 2.270564242e+00 3.445683471e+00
1.372184369e+05 2.119304246e+00 3.232172446e+00 1.689384314e+00 2.783250997e+00 2.258929755e+00 3.431021029e+00
1.376513026e+05 2.134141226e+00 3.248340558e+00 1.690432581e+00 2.780863327e+00 2.247081852e+00 3.416063709e+00
1.380841683e+05 2.148695751e+00 3.264228052e+00 1.691888494e+00 2.778992653e+00 2.235040911e+00 3.400835411e+00
1.385170341e+05 2.162952020e+00 3.279816019e+00 1.693748036e+00 2.777634688e+00 2.222827151e+00 3.385359954e+00
1.389498998e+05 2.176894670e+00 3.295086015e+00 1.696006943e+00 2.776784798e+00 2.210460548e+00 3.369660970e+00
1.393827655e+05 2.190508815e+00 3.310020118e+00 1.698660695e+00 2.776437997e+00 2.197960836e+00 3.353761904e+00
1.398156313e+05 2.203780107e+00 3.324600965e+00 1.701704518e+00 2.776588947e+00 2.185347491e+00 3.337685987e+00
1.402484970e+05 2.216694730e+00 3.338811767e+00 1.705133396e+00 2.777231978e+00 2.172639655e+00 3.321456152e+00
1.406813627e+05 2.229239431e+00 3.352636341e+00 1.708942071e+00 2.778361096e+00 2.159856145e+00 3.305095033e+00
1.411142285e+05 2.241401520e+00 3.366059104e+00 1.713125059e+00 2.779970003e+00 2.147015434e+00 3.288624935e+00
1.415470942e+05 2.253168927e+00 3.379065142e+00 1.717676635e+00 2.782052078e+00 2.134135608e+00 3.272067789e+00
1.419799599e+05 2.264530197e+00 3.391640205e+00 1.722590846e+00 2.784600403e+00 2.121234362e+00 3.255445135e+00
1.424128257e+05 2.275474597e+00 3.403770818e+00 1.727861477e+00 2.787607714e+00 2.108328936e+00 3.238778056e+00
1.428456914e+05 2.285992043e+00 3.415444213e+00 1.733482090e+00 2.791066463e+00 2.095436138e+00 3.222087193e+00
1.432785571e+05 2.296073114e+00 3.426648339e+00 1.739446032e+00 2.794968823e+00 2.082572338e+00 3.205392718e+00
1.437114228e+05 2.305709084e+00 3.437371903e+00 1.745746420e+00 2.799306682e+00 2.069753440e+00 3.188714319e+00
1.441442886e+05 2.314891946e+00 3.447604391e+00 1.752376149e+00 2.804071644e+00 2.056994868e+00 3.172071164e+00
1.445771543e+05 2.323614398e+00 3.457336066e+00 1.759327884e+00 2.809255030e+00 2.044311570e+00 3.155481913e+00
1.450100200e+05 2.331869891e+00 3.466558010e+00 1.766594067e+00 2.814847885e+00 2.031717987e+00 3.138964670e+00
1.454428858e+05 2.339652605e+00 3.475262110e+00 1.774166920e+00 2.820840986e+00 2.019228061e+00 3.122536985e+00
1.458757515e+05 2.346957460e+00 3.483441068e+00 1.782038442e+00 2.827224842e+00 2.006855230e+00 3.106215855e+00
1.463086172e+05 2.353780121e+00 3.491088409e+00 1.790200420e+00 2.833989705e+00 1.994612423e+00 3.090017702e+00
1.467414830e+05 2.360116996e+00 3.498198483e+00 1.798644425e+00 2.841125572e+00 1.982512056e+00 3.073958372e+00
1.471743487e+05 2.365965233e+00 3.504766465e+00 1.807361817e+00 2.848622192e+00 1.970566038e+00 3.058053131e+00
1.476072144e+05 2.371322721e+00 3.510788357e+00 1.816343743e+00 2.856469066e+00 1.958785766e+00 3.042316665e+00
1.480400802e+05 2.376188087e+00 3.516260984e+00 1.825581148e+00 2.864655456e+00 1.947182129e+00 3.026763071e+00
1.484729459e+05 2.380560681e+00 3.521181992e+00 1.835064774e+00 2.873170393e+00 1.935765515e+00 3.011405866e+00
1.489058116e+05 2.384440582e+00 3.525549845e+00 1.844785161e+00 2.882002674e+00 1.924545805e+00 2.996257982e+00
1.493386774e+05 2.387828577e+00 3.529363811e+00 1.854732659e+00 2.891140881e+00 1.913532386e+00 2.981331766e+00
1.497715431e+05 2.390726152e+00 3.532623955e+00 1.864897428e+00 2.900573382e+00 1.902734158e+00 2.966638993e+00
1.502044088e+05 2.393135481e+00 3.535331132e+00 1.875269442e+00 2.910288335e+00 1.892159546e+00 2.952190873e+00
1.506372745e+05 2.395059413e+00 3.537486968e+00 1.885838504e+00 2.920273704e+00 1.881816478e+00 2.937998028e+00
1.510701403e+05 2.396501458e+00 3.539093855e+00 1.896594242e+00 2.930517262e+00 1.871712423e+00 2.924070527e+00
1.515030060e+05 2.397465757e+00 3.540154919e+00 1.907526110e+00 2.941006585e+00 1.861854432e+00 2.910417939e+00
1.519358717e+05 2.397957085e+00 3.540674023e+00 1.918623413e+00 2.951729085e+00 1.852249074e+00 2.897049248e+00
1.523687375e+05 2.397980841e+00 3.540655754e+00 1.929875319e+00 2.962672025e+00 1.842902399e+00 2.883972819e+00
1.528016032e+05 2.397542986e+00 3.540105372e+00 1.941270841e+00 2.973822494e+00 1.833820116e+00 2.871196594e+00
1.532344689e+05 2.396650023e+00 3.539028790e+00 1.952798840e+00 2.985167418e+00 1.825007627e+00 2.858728118e+00
1.536673347e+05 2.395309037e+00 3.537432601e+00 1.964448081e+00 2.996693618e+00 1.816469763e+00 2.846574256e+00
1.541002004e+05 2.393527648e+00 3.535324036e+00 1.976207226e+00 3.008387803e+00 1.808210908e+00 2.834741331e+00
1.545330661e+05 2.391313933e+00 3.532710896e+00 1.988064808e+00 3.020236540e+00 1.800235220e+00 2.823235359e+00
1.549659319e+05 2.388676466e+00 3.529601583e+00 2.000009282e+00 3.032226314e+00 1.792546390e+00 2.812061787e+00
1.553987976e+05 2.385624264e+00 3.526005043e+00 2.012029019e+00 3.044343522e+00 1.785147774e+00 2.801225638e+00
1.558316633e+05 2.382166773e+00 3.521930757e+00 2.024112326e+00 3.056574484e+00 1.778042362e+00 2.790731478e+00
1.562645291e+05 2.378313842e+00 3.517388710e+00 2.036247450e+00 3.068905464e+00 1.771232808e+00 2.780583445e+00
1.566973948e+05 2.374075691e+00 3.512389363e+00 2.048422598e+00 3.081322677e+00 1.764721427e+00 2.770785250e+00
1.571302605e+05 2.369462895e+00 3.506943625e+00 2.060625943e+00 3.093812307e+00 1.758510220e+00 2.761340202e+00
1.575631263e+05 2.364486347e+00 3.501062826e+00 2.072845648e+00 3.106360523e+00 1.752600867e+00 2.752251202e+00
1.579959920e+05 2.359157246e+00 3.494758696e+00 2.085069866e+00 3.118953488e+00 1.746994764e+00 2.743520784e+00
1.584288577e+05 2.353487056e+00 3.488043324e+00 2.097286768e+00 3.131577378e+00 1.741693000e+00 2.735151090e+00
1.588617234e+05 2.347487500e+00 3.480929149e+00 2.109484543e+00 3.144218394e+00 1.736696388e+00 2.727143902e+00
1.592945892e+05 2.341170520e+00 3.473428922e+00 2.121651421e+00 3.156862779e+00 1.732005473e+00 2.719500658e+00
1.597274549e+05 2.334548253e+00 3.465555670e+00 2.133775689e+00 3.169496836e+00 1.727620535e+00 2.712222450e+00
1.601603206e+05 2.327633005e+00 3.457322678e+00 2.145845703e+00 3.182106944e+00 1.723541604e+00 2.705310044e+00
1.605931864e+05 2.320437237e+00 3.448743462e+00 2.157849901e+00 3.194679567e+00 1.719768464e+00 2.698763885e+00
1.610260521e+05 2.312973538e+00 3.439831750e+00 2.169776813e+00 3.207201270e+00 1.716300661e+00 2.692584106e+00
1.614589178e+05 2.305254587e+00 3.430601431e+00 2.181615092e+00 3.219658747e+00 1.713137517e+00 2.686770545e+00
1.618917836e+05 2.297293146e+00 3.421066549e+00 2.193353515e+00 3.232038824e+00 1.710278133e+00 2.681322751e+00
1.623246493e+05 2.289102019e+00 3.411241259e+00 2.204981008e+00 3.244328490e+00 1.707721400e+00 2.676239993e+00
1.627575150e+05 2.280694044e+00 3.401139815e+00 2.216486650e+00 3.256514892e+00 1.705466006e+00 2.671521275e+00
1.631903808e+05 2.272082078e+00 3.390776549e+00 2.227859693e+00 3.268585364e+00 1.703510436e+00 2.667165331e+00
1.636232465e+05 2.263278985e+00 3.380165867e+00 2.239089566e+00 3.280527432e+00 1.701852975e+00 2.663170632e+00
1.640561122e+05 2.254297552e+00 3.369322139e+00 2.250165907e+00 3.292328840e+00 1.700491744e+00 2.659535430e+00
1.644889780e+05 2.245150558e+00 3.358259788e+00 2.261078560e+00 3.303977555e+00 1.699424664e+00 2.656257717e+00
1.649218437e+05 2.235850764e+00 3.346993273e+00 2.271817592e+00 3.315461783e+00 1.698649461e+00 2.653335221e+00
1.653547094e+05 2.226410678e+00 3.335536817e+00 2.282373328e+00 3.326770005e+00 1.698163768e+00 2.650765547e+00
1.657875752e+05 2.216842884e+00 3.323904788e+00 2.292736327e+00 3.337890952e+00 1.697964965e+00 2.648545975e+00
1.662204409e+05 2.207159755e+00 3.312111365e+00 2.302897422e+00 3.348813650e+00 1.698050319e+00 2.646673626e+00
1.666533066e+05 2.197373547e+00 3.300170647e+00 2.312847726e+00 3.359527426e+00 1.698416927e+00 2.645145401e+00
1.670861723e+05 2.187496376e+00 3.288096617e+00 2.322578617e+00 3.370021890e+00 1.699061747e+00 2.643958019e+00
1.675190381e+05 2.177540192e+00 3.275903122e+00 2.332081777e+00 3.380286979e+00 1.699981587e+00 2.643108002e+00
1.679519038e+05 2.167516778e+00 3.263603860e+00 2.341349181e+00 3.390312947e+00 1.701173114e+00 2.642591690e+00
1.683847695e+05 2.157437726e+00 3.251212359e+00 2.350373128e+00 3.400090395e+00 1.702632856e+00 2.642405236e+00
1.688176353e+05 2.147314413e+00 3.238741949e+00 2.359146277e+00 3.409610314e+00 1.704357180e+00 2.642544589e+00
1.692505010e+05 2.137158026e+00 3.226205783e+00 2.367661605e+00 3.418864037e+00 1.706342323e+00 2.643005532e+00
1.696833667e+05 2.126979525e+00 3.213616793e+00 2.375912418e+00 3.427843257e+00 1.708584406e+00 2.643783694e+00
1.701162325e+05 2.116789630e+00 3.200987672e+00 2.383892375e+00 3.436540044e+00 1.711079424e+00 2.644874547e+00
1.705490982e+05 2.106598863e+00 3.188330923e+00 2.391595475e+00 3.444946841e+00 1.713823239e+00 2.646273390e+00
1.709819639e+05 2.096417485e+00 3.175658786e+00 2.399016086e+00 3.453056491e+00 1.716811590e+00 2.647975368e+00
1.714148297e+05 2.086255478e+00 3.162983214e+00 2.406148953e+00 3.460862249e+00 1.720040102e+00 2.649975482e+00
1.718476954e+05 2.076122674e+00 3.150316016e+00 2.412989156e+00 3.468357732e+00 1.723504255e+00 2.652268552e+00
1.722805611e+05 2.066028491e+00 3.137668560e+00 2.419532198e+00 3.475537023e+00 1.727199454e+00 2.654849300e+00
1.727134269e+05 2.055982152e+00 3.125052013e+00 2.425773935e+00 3.482394594e+00 1.731120972e+00 2.657712290e+00
1.731462926e+05 2.045992725e+00 3.112477387e+00 2.431710562e+00 3.488925282e+00 1.735263941e+00 2.660851912e+00
1.735791583e+05 2.036068909e+00 3.099955300e+00 2.437338688e+00 3.495124382e+00 1.739623409e+00 2.664262450e+00
1.740120240e+05 2.026218949e+00 3.087495866e+00 2.442655364e+00 3.500987684e+00 1.744194367e+00 2.667938115e+00
1.744448898e+05 2.016451183e+00 3.075109325e+00 2.447657896e+00 3.506511247e+00 1.748971600e+00 2.671872876e+00
1.748777555e+05 2.006773423e+00 3.062805331e+00 2.452344069e+00 3.511691671e+00 1.753949851e+00 2.676060648e+00
1.753106212e+05 1.997193276e+00 3.050593321e+00 2.456712002e+00 3.516525922e+00 1.759123755e+00 2.680495214e+00
1.757434870e+05 1.987718079e+00 3.038482431e+00 2.460760192e+00 3.521011388e+00 1.764487849e+00 2.685170243e+00
1.761763527e+05 1.978354899e+00 3.026481500e+00 2.464487499e+00 3.525145864e+00 1.770036573e+00 2.690079289e+00
1.766092184e+05 1.969110525e+00 3.014599059e+00 2.467893157e+00 3.528927560e+00 1.775764280e+00 2.695215801e+00
1.770420842e+05 1.959991467e+00 3.002843333e+00 2.470976802e+00 3.532355138e+00 1.781665205e+00 2.700573092e+00
1.774749499e+05 1.951003891e+00 2.991222145e+00 2.473738467e+00 3.535427711e+00 1.787733530e+00 2.706144411e+00
1.779078156e+05 1.942153888e+00 2.979743261e+00 2.476178428e+00 3.538144658e+00 1.793963287e+00 2.711922830e+00
1.783406814e+05 1.933447023e+00 2.968413817e+00 2.478297447e+00 3.540505923e+00 1.800348530e+00 2.717901455e+00
1.787735471e+05 1.924888839e+00 2.957240953e+00 2.480096514e+00 3.542511694e+00 1.806883136e+00 2.724073178e+00
1.792064128e+05 1.916484471e+00 2.946231324e+00 2.481577046e+00 3.544162654e+00 1.813560956e+00 2.730430868e+00
1.796392786e+05 1.908238841e+00 2.935391349e+00 2.482740769e+00 3.545459840e+00 1.820375751e+00 2.736967287e+00
1.800721443e+05 1.900156630e+00 2.924727166e+00 2.483589718e+00 3.546404643e+00 1.827321220e+00 2.743675130e+00
1.805050100e+05 1.892242265e+00 2.914244618e+00 2.484126260e+00 3.546998835e+00 1.834390993e+00 2.750547009e+00
1.809378758e+05 1.884499949e+00 2.903949287e+00 2.484353042e+00 3.547244515e+00 1.841578641e+00 2.757575476e+00
1.813707415e+05 1.876933599e+00 2.893846425e+00 2.484273075e+00 3.547144206e+00 1.848877667e+00 2.764752998e+00
1.818036072e+05 1.869546899e+00 2.883941009e+00 2.483889665e+00 3.546700770e+00 1.856281513e+00 2.772071981e+00
1.822364729e+05 1.862343314e+00 2.874237752e+00 2.483206389e+00 3.545917391e+00 1.863783578e+00 2.779524778e+00
1.826693387e+05 1.855326084e+00 2.864741111e+00 2.482227088e+00 3.544797568e+00 1.871377217e+00 2.787103695e+00
1.831022044e+05 1.848498231e+00 2.855455273e+00 2.480955874e+00 3.543345117e+00 1.879055742e+00 2.794800988e+00
1.835350701e+05 1.841862556e+00 2.846384170e+00 2.479397116e+00 3.541564163e+00 1.886812426e+00 2.802608874e+00
1.839679359e+05 1.835421645e+00 2.837531471e+00 2.477555439e+00 3.539459134e+00 1.894640507e+00 2.810519527e+00
1.844008016e+05 1.829177875e+00 2.828900599e+00 2.475435704e+00 3.537034746e+00 1.902533195e+00 2.818525092e+00
1.848336673e+05 1.823133417e+00 2.820494725e+00 2.473042999e+00 3.534295990e+00 1.910483680e+00 2.826617692e+00
1.852665331e+05 1.817290249e+00 2.812316789e+00 2.470382627e+00 3.531248122e+00 1.918485129e+00 2.834789421e+00
1.856993988e+05 1.811650154e+00 2.804369491e+00 2.467460100e+00 3.527896651e+00 1.926530695e+00 2.843032364e+00
1.861322645e+05 1.806214707e+00 2.796655278e+00 2.464281140e+00 3.524247348e+00 1.934613543e+00 2.851338618e+00
1.865651303e+05 1.800985365e+00 2.789176461e+00 2.460851590e+00 3.520306145e+00 1.942726783e+00 2.859700208e+00
1.869979960e+05 1.795963324e+00 2.781935017e+00 2.457177552e+00 3.516079286e+00 1.950863587e+00 2.868109245e+00
1.874308617e+05 1.791149551e+00 2.774932643e+00 2.453265330e+00 3.511573270e+00 1.959017189e+00 2.876557908e+00
1.878637275e+05 1.786545145e+00 2.768171219e+00 2.449121108e+00 3.506794487e+00 1.967180592e+00 2.885038087e+00
1.882965932e+05 1.782150648e+00 2.761651908e+00 2.444751566e+00 3.501749910e+00 1.975347134e+00 2.893542091e+00
1.887294589e+05 1.777966677e+00 2.755375982e+00 2.440163301e+00 3.496446445e+00 1.983509989e+00 2.902062014e+00
1.891623246e+05 1.773993626e+00 2.749344430e+00 2.435363089e+00 3.490891227e+00 1.991662417e+00 2.910590055e+00
1.895951904e+05 1.770231751e+00 2.743558069e+00 2.430357800e+00 3.485091525e+00 1.999797711e+00 2.919118447e+00
1.900280561e+05 1.766681163e+00 2.738017537e+00 2.425154404e+00 3.479054742e+00 2.007909206e+00 2.927639471e+00
1.904609218e+05 1.763341827e+00 2.732723284e+00 2.419759956e+00 3.472788412e+00 2.015990290e+00 2.936145462e+00
1.908937876e+05 1.760213586e+00 2.727675610e+00 2.414181578e+00 3.466300163e+00 2.024034400e+00 2.944628812e+00
1.913266533e+05 1.757296108e+00 2.722874591e+00 2.408426487e+00 3.459597768e+00 2.032035048e+00 2.953081989e+00
1.917595190e+05 1.754588934e+00 2.718320145e+00 2.402501953e+00 3.452689086e+00 2.039985810e+00 2.961497534e+00
1.921923848e+05 1.752091488e+00 2.714012042e+00 2.396415282e+00 3.445582041e+00 2.047880337e+00 2.969868069e+00
1.926252505e+05 1.749803073e+00 2.709949895e+00 2.390173814e+00 3.438284627e+00 2.055712360e+00 2.978186301e+00
1.930581162e+05 1.747722872e+00 2.706133167e+00 2.383784912e+00 3.430804886e+00 2.063475697e+00 2.986445032e+00
1.934909820e+05 1.745849953e+00 2.702561171e+00 2.377255963e+00 3.423150918e+00 2.071164254e+00 2.994637160e+00
1.939238477e+05 1.744183262e+00 2.699233067e+00 2.370594361e+00 3.415330859e+00 2.078772040e+00 3.002755690e+00
1.943567134e+05 1.742721641e+00 2.696147882e+00 2.363807495e+00 3.407352864e+00 2.086293165e+00 3.010793742e+00
1.947895792e+05 1.741463816e+00 2.693304494e+00 2.356902754e+00 3.399225117e+00 2.093721846e+00 3.018744548e+00
1.952224449e+05 1.740408402e+00 2.690701635e+00 2.349887516e+00 3.390955819e+00 2.101052419e+00 3.026601470e+00
1.956553106e+05 1.739553938e+00 2.688337946e+00 2.342769101e+00 3.382553122e+00 2.108279338e+00 3.034357999e+00
1.960881764e+05 1.738898848e+00 2.686211916e+00 2.335554817e+00 3.374025198e+00 2.115397181e+00 3.042007755e+00
1.965210421e+05 1.738441391e+00 2.684321824e+00 2.328252006e+00 3.365380292e+00 2.122400658e+00 3.049544506e+00
1.969539078e+05 1.738179914e+00 2.682666060e+00 2.320867757e+00 3.356626356e+00 2.129284606e+00 3.056962157e+00
1.973867735e+05 1.738112463e+00 2.681242627e+00 2.313409335e+00 3.347771605e+00 2.136044015e+00 3.064254776e+00
1.978196393e+05 1.738237113e+00 2.680049570e+00 2.305883806e+00 3.338824025e+00 2.142674018e+00 3.071416588e+00
1.982525050e+05 1.738551821e+00 2.679084778e+00 2.298298205e+00 3.329791604e+00 2.149169890e+00 3.078441973e+00
1.986853707e+05 1.739054465e+00 2.678346038e+00 2.290659491e+00 3.320682260e+00 2.155527061e+00 3.085325474e+00
1.991182365e+05 1.739742842e+00 2.677831035e+00 2.282974550e+00 3.311503849e+00 2.161741104e+00 3.092061797e+00
1.995511022e+05 1.740614667e+00 2.677537350e+00 2.275250179e+00 3.302264153e+00 2.167807754e+00 3.098645818e+00
1.999839679e+05 1.741667582e+00 2.677462468e+00 2.267493082e+00 3.292970863e+00 2.173722910e+00 3.105072594e+00
2.004168337e+05 1.742899127e+00 2.677603745e+00 2.259709878e+00 3.283631601e+00 2.179482651e+00 3.111337378e+00
2.008496994e+05 1.744306777e+00 2.677958454e+00 2.251907054e+00 3.274253858e+00 2.185083243e+00 3.117435624e+00
2.012825651e+05 1.745887938e+00 2.678523779e+00 2.244091013e+00 3.264845046e+00 2.190521101e+00 3.123362953e+00
2.017154309e+05 1.747639942e+00 2.679296811e+00 2.236268068e+00 3.255412494e+00 2.195792805e+00 3.129115163e+00
2.021482966e+05 1.749560054e+00 2.680274556e+00 2.228444389e+00 3.245963385e+00 2.200895134e+00 3.134688269e+00
2.025811623e+05 1.751645469e+00 2.681453929e+00 2.220626043e+00 3.236504801e+00 2.205825037e+00 3.140078474e+00
2.030140281e+05 1.753893316e+00 2.682831764e+00 2.212818978e+00 3.227043709e+00 2.210579642e+00 3.145282177e+00
2.034468938e+05 1.756300666e+00 2.684404818e+00 2.205029029e+00 3.217586955e+00 2.215156249e+00 3.150295965e+00
2.038797595e+05 1.758864522e+00 2.686169768e+00 2.197261901e+00 3.208141259e+00 2.219552344e+00 3.155116629e+00
2.043126253e+05 1.761581822e+00 2.688123204e+00 2.189523195e+00 3.198713233e+00 2.223765591e+00 3.159741156e+00
2.047454910e+05 1.764449449e+00 2.690261648e+00 2.181818314e+00 3.189309277e+00 2.227793888e+00 3.164166791e+00
2.051783567e+05 1.767464205e+00 2.692581523e+00 2.174152589e+00 3.179935728e+00 2.231635299e+00 3.168390960e+00
2.056112224e+05 1.770622851e+00 2.695079199e+00 2.166531220e+00 3.170598780e+00 2.235288053e+00 3.172411274e+00
2.060440882e+05 1.773922109e+00 2.697750996e+00 2.158959225e+00 3.161304428e+00 2.238750588e+00 3.176225574e+00
2.064769539e+05 1.777358627e+00 2.700593142e+00 2.151441542e+00 3.152058593e+00 2.242021507e+00 3.179831884e+00
2.069098196e+05 1.780929006e+00 2.703601812e+00 2.143982948e+00 3.142867015e+00 2.245099612e+00 3.183228449e+00
2.073426854e+05 1.784629800e+00 2.706773112e+00 2.136588080e+00 3.133735291e+00 2.247983895e+00 3.186413725e+00
2.077755511e+05 1.788457506e+00 2.710103089e+00 2.129261450e+00 3.124668879e+00 2.250673526e+00 3.189386366e+00
2.082084168e+05 1.792408583e+00 2.713587735e+00 2.122007421e+00 3.115673074e+00 2.253167862e+00 3.192145236e+00
2.086412826e+05 1.796479437e+00 2.717222979e+00 2.114830233e+00 3.106753041e+00 2.255466439e+00 3.194689396e+00
2.090741483e+05 1.800666439e+00 2.721004707e+00 2.107733954e+00 3.097913756e+00 2.257568987e+00 3.197018127e+00
2.095070140e+05 1.804965907e+00 2.724928740e+00 2.100722564e+00 3.089160095e+00 2.259475394e+00 3.199130887e+00
2.099398798e+05 1.809374124e+00 2.728990855e+00 2.093799875e+00 3.080496750e+00 2.261185741e+00 3.201027351e+00
2.103727455e+05 1.813887336e+00 2.733186786e+00 2.086969561e+00 3.071928265e+00 2.262700281e+00 3.202707387e+00
2.108056112e+05 1.818501749e+00 2.737512213e+00 2.080235164e+00 3.063459029e+00 2.264019447e+00 3.204171067e+00
2.112384770e+05 1.823213536e+00 2.741962780e+00 2.073600090e+00 3.055093284e+00 2.265143836e+00 3.205418648e+00
2.116713427e+05 1.828018841e+00 2.746534091e+00 2.067067619e+00 3.046835130e+00 2.266074202e+00 3.206450568e+00
2.121042084e+05 1.832913773e+00 2.751221713e+00 2.060640898e+00 3.038688516e+00 2.266811465e+00 3.207267451e+00
2.125370741e+05 1.837894417e+00 2.756021177e+00 2.054322949e+00 3.030657252e+00 2.267356697e+00 3.207870095e+00
2.129699399e+05 1.842956832e+00 2.760927983e+00 2.048116646e+00 3.022744977e+00 2.267711145e+00 3.208259500e+00
2.134028056e+05 1.848097034e+00 2.765937584e+00 2.042024743e+00 3.014955199e+00 2.267876213e+00 3.208436843e+00
2.138356713e+05 1.853311040e+00 2.771045424e+00 2.036049824e+00 3.007291227e+00 2.267853483e+00 3.208403506e+00
2.142685371e+05 1.858594845e+00 2.776246927e+00 2.030194366e+00 2.999756247e+00 2.267644657e+00 3.208161016e+00
2.147014028e+05 1.863944344e+00 2.781537394e+00 2.024460865e+00 2.992353480e+00 2.267251533e+00 3.207710997e+00
2.151342685e+05 1.869355622e+00 2.786912347e+00 2.018851353e+00 2.985085585e+00 2.266676159e+00 3.207055386e+00
2.155671343e+05 1.874824512e+00 2.792367011e+00 2.013368127e+00 2.977955556e+00 2.265920596e+00 3.206196113e+00
2.160000000e+05 1.880346983e+00 2.797896772e+00 2.008013111e+00 2.970965939e+00 2.264987125e+00 3.205135377e+00
