time            Br              Cj              Aq             
0.000000000e+00 1.000000000e+01 3.000000000e+00 1.100000000e+01
2.004008016e+01 3.094950105e+00 8.563927517e-01 3.195268405e+00
4.008016032e+01 3.082002319e+00 8.337142314e-01 3.006958962e+00
6.012024048e+01 3.149594286e+00 8.371236252e-01 2.921882085e+00
8.016032064e+01 3.228839531e+00 8.459423605e-01 2.852464693e+00
1.002004008e+02 3.309546288e+00 8.569139784e-01 2.786255436e+00
1.202404810e+02 3.389144099e+00 8.692261415e-01 2.720731139e+00
1.402805611e+02 3.466875499e+00 8.826884435e-01 2.655511716e+00
1.603206413e+02 3.542422536e+00 8.972685182e-01 2.590676888e+00
1.803607214e+02 3.615577894e+00 9.129739939e-01 2.526393429e+00
2.004008016e+02 3.686166754e+00 9.298226307e-01 2.462832757e+00
2.204408818e+02 3.754028459e+00 9.478347373e-01 2.400153298e+00
2.404809619e+02 3.819012529e+00 9.670312182e-01 2.338497179e+00
2.605210421e+02 3.880977781e+00 9.874330255e-01 2.277990372e+00
2.805611222e+02 3.939792600e+00 1.009060922e+00 2.218743365e+00
3.006012024e+02 3.995334893e+00 1.031935380e+00 2.160852158e+00
3.206412826e+02 4.047492725e+00 1.056076370e+00 2.104399257e+00
3.406813627e+02 4.096164187e+00 1.081503276e+00 2.049454604e+00
3.607214429e+02 4.141257802e+00 1.108234681e+00 1.996076547e+00
3.807615230e+02 4.182692856e+00 1.136288160e+00 1.944312725e+00
4.008016032e+02 4.220399288e+00 1.165680127e+00 1.894201108e+00
4.208416834e+02 4.254317891e+00 1.196425646e+00 1.845770664e+00
4.408817635e+02 4.284400713e+00 1.228538084e+00 1.799042352e+00
4.609218437e+02 4.310611054e+00 1.262028897e+00 1.754029834e+00
4.809619238e+02 4.332923216e+00 1.296907503e+00 1.710740281e+00
5.010020040e+02 4.351322932e+00 1.333180860e+00 1.669175045e+00
5.210420842e+02 4.365807053e+00 1.370853326e+00 1.629330336e+00
5.410821643e+02 4.376383800e+00 1.409926262e+00 1.591197891e+00
5.611222445e+02 4.383072386e+00 1.450397864e+00 1.554765555e+00
5.811623246e+02 4.385902939e+00 1.492262935e+00 1.520017798e+00
6.012024048e+02 4.384916670e+00 1.535512358e+00 1.486936272e+00
6.212424850e+02 4.380165260e+00 1.580133101e+00 1.455500253e+00
6.412825651e+02 4.371710805e+00 1.626107834e+00 1.425687089e+00
6.613226453e+02 4.359625488e+00 1.673414701e+00 1.397472596e+00
6.813627255e+02 4.343991236e+00 1.722027081e+00 1.370831427e+00
7.014028056e+02 4.324899187e+00 1.771913485e+00 1.345737434e+00
7.214428858e+02 4.302449940e+00 1.823036887e+00 1.322163828e+00
7.414829659e+02 4.276752087e+00 1.875355302e+00 1.300083644e+00
7.615230461e+02 4.247922509e+00 1.928820936e+00 1.279469844e+00
7.815631263e+02 4.216085427e+00 1.983380516e+00 1.260295594e+00
8.016032064e+02 4.181371873e+00 2.038974971e+00 1.242534446e+00
8.216432866e+02 4.143919290e+00 2.095539512e+00 1.226160490e+00
8.416833667e+02 4.103870634e+00 2.153003503e+00 1.211148502e+00
8.617234469e+02 4.061373467e+00 2.211290621e+00 1.197474127e+00
8.817635271e+02 4.016580093e+00 2.270318785e+00 1.185113904e+00
9.018036072e+02 3.969645922e+00 2.330000347e+00 1.174045388e+00
9.218436874e+02 3.920729027e+00 2.390242372e+00 1.164247275e+00
9.418837675e+02 3.869989774e+00 2.450946538e+00 1.155699373e+00
9.619238477e+02 3.817589573e+00 2.512009681e+00 1.148382715e+00
9.819639279e+02 3.763690451e+00 2.573323966e+00 1.142279576e+00
1.002004008e+03 3.708454036e+00 2.634777293e+00 1.137373482e+00
1.022044088e+03 3.652041161e+00 2.696253586e+00 1.133649215e+00
1.042084168e+03 3.594611123e+00 2.757633225e+00 1.131092866e+00
1.062124248e+03 3.536320545e+00 2.818793833e+00 1.129691750e+00
1.082164329e+03 3.477323539e+00 2.879610222e+00 1.129434409e+00
1.102204409e+03 3.417770691e+00 2.939955134e+00 1.130310668e+00
1.122244489e+03 3.357808216e+00 2.999700280e+00 1.132311449e+00
1.142284569e+03 3.297578033e+00 3.058716209e+00 1.135428854e+00
1.162324649e+03 3.237217231e+00 3.116873067e+00 1.139656037e+00
1.182364729e+03 3.176857305e+00 3.174041450e+00 1.144987233e+00
1.202404810e+03 3.116623930e+00 3.230093093e+00 1.151417584e+00
1.222444890e+03 3.056637162e+00 3.284900750e+00 1.158943144e+00
1.242484970e+03 2.997010590e+00 3.338339548e+00 1.167560797e+00
1.262525050e+03 2.937851391e+00 3.390287349e+00 1.177268134e+00
1.282565130e+03 2.879260396e+00 3.440625046e+00 1.188063385e+00
1.302605210e+03 2.821331755e+00 3.489237262e+00 1.199945381e+00
1.322645291e+03 2.764153045e+00 3.536013037e+00 1.212913338e+00
1.342685371e+03 2.707805196e+00 3.580846214e+00 1.226966826e+00
1.362725451e+03 2.652362728e+00 3.623635652e+00 1.242105662e+00
1.382765531e+03 2.597893665e+00 3.664285867e+00 1.258329792e+00
1.402805611e+03 2.544459743e+00 3.702707546e+00 1.275639116e+00
1.422845691e+03 2.492116650e+00 3.738817550e+00 1.294033428e+00
1.442885772e+03 2.440914174e+00 3.772539472e+00 1.313512220e+00
1.462925852e+03 2.390896353e+00 3.803803794e+00 1.334074624e+00
1.482965932e+03 2.342101616e+00 3.832548168e+00 1.355719306e+00
1.503006012e+03 2.294563530e+00 3.858717655e+00 1.378444050e+00
1.523046092e+03 2.248310422e+00 3.882264606e+00 1.402246060e+00
1.543086172e+03 2.203366087e+00 3.903149225e+00 1.427121400e+00
1.563126253e+03 2.159749893e+00 3.921339202e+00 1.453065124e+00
1.583166333e+03 2.117477152e+00 3.936810076e+00 1.480070936e+00
1.603206413e+03 2.076559331e+00 3.949545032e+00 1.508131186e+00
1.623246493e+03 2.037004370e+00 3.959534998e+00 1.537236642e+00
1.643286573e+03 1.998816955e+00 3.966778542e+00 1.567376366e+00
1.663326653e+03 1.961998790e+00 3.971281801e+00 1.598537565e+00
1.683366733e+03 1.926548864e+00 3.973058344e+00 1.630705461e+00
1.703406814e+03 1.892463710e+00 3.972129051e+00 1.663863139e+00
1.723446894e+03 1.859737652e+00 3.968521920e+00 1.697991433e+00
1.743486974e+03 1.828363043e+00 3.962271886e+00 1.733068788e+00
1.763527054e+03 1.798330490e+00 3.953420561e+00 1.769071181e+00
1.783567134e+03 1.769629100e+00 3.942015841e+00 1.805972120e+00
1.803607214e+03 1.742246600e+00 3.928112283e+00 1.843742038e+00
1.823647295e+03 1.716169620e+00 3.911769855e+00 1.882349040e+00
1.843687375e+03 1.691383824e+00 3.893054432e+00 1.921758037e+00
1.863727455e+03 1.667874058e+00 3.872037039e+00 1.961931276e+00
1.883767535e+03 1.645624549e+00 3.848793634e+00 2.002827991e+00
1.903807615e+03 1.624619055e+00 3.823404532e+00 2.044404591e+00
1.923847695e+03 1.604840947e+00 3.795954561e+00 2.086614350e+00
1.943887776e+03 1.586273329e+00 3.766532096e+00 2.129407811e+00
1.963927856e+03 1.568899207e+00 3.735228874e+00 2.172732543e+00
1.983967936e+03 1.552701530e+00 3.702139749e+00 2.216533335e+00
2.004008016e+03 1.537663296e+00 3.667362108e+00 2.260752203e+00
2.024048096e+03 1.523767639e+00 3.630995214e+00 2.305328645e+00
2.044088176e+03 1.510997906e+00 3.593140537e+00 2.350199468e+00
2.064128257e+03 1.499337643e+00 3.553900450e+00 2.395299245e+00
2.084168337e+03 1.488770745e+00 3.513378249e+00 2.440560370e+00
2.104208417e+03 1.479281491e+00 3.471678063e+00 2.485913040e+00
2.124248497e+03 1.470854466e+00 3.428903790e+00 2.531285757e+00
2.144288577e+03 1.463474743e+00 3.385158636e+00 2.576605679e+00
2.164328657e+03 1.457127779e+00 3.340546032e+00 2.621798057e+00
2.184368737e+03 1.451799540e+00 3.295167749e+00 2.666787374e+00
2.204408818e+03 1.447476436e+00 3.249124239e+00 2.711497187e+00
2.224448898e+03 1.444145344e+00 3.202514328e+00 2.755850429e+00
2.244488978e+03 1.441793627e+00 3.155434715e+00 2.799769794e+00
2.264529058e+03 1.440409049e+00 3.107979843e+00 2.843177853e+00
2.284569138e+03 1.439979943e+00 3.060241705e+00 2.885997371e+00
2.304609218e+03 1.440495023e+00 3.012309291e+00 2.928151809e+00
2.324649299e+03 1.441943388e+00 2.964268698e+00 2.969565377e+00
2.344689379e+03 1.444314623e+00 2.916202811e+00 3.010163351e+00
2.364729459e+03 1.447598639e+00 2.868191250e+00 3.049872347e+00
2.384769539e+03 1.451785771e+00 2.820309705e+00 3.088621022e+00
2.404809619e+03 1.456866594e+00 2.772630858e+00 3.126339428e+00
2.424849699e+03 1.462831996e+00 2.725223491e+00 3.162959938e+00
2.444889780e+03 1.469673151e+00 2.678152637e+00 3.198417353e+00
2.464929860e+03 1.477381405e+00 2.631479445e+00 3.232649324e+00
2.484969940e+03 1.485948340e+00 2.585261469e+00 3.265595857e+00
2.505010020e+03 1.495365613e+00 2.539552397e+00 3.297200341e+00
2.525050100e+03 1.505625008e+00 2.494402086e+00 3.327409332e+00
2.545090180e+03 1.516718346e+00 2.449856813e+00 3.356172564e+00
2.565130261e+03 1.528637464e+00 2.405959163e+00 3.383443274e+00
2.585170341e+03 1.541374136e+00 2.362748060e+00 3.409178490e+00
2.605210421e+03 1.554920047e+00 2.320259061e+00 3.433338739e+00
2.625250501e+03 1.569266755e+00 2.278524277e+00 3.455888353e+00
2.645290581e+03 1.584405574e+00 2.237572549e+00 3.476795666e+00
2.665330661e+03 1.600327672e+00 2.197429528e+00 3.496032681e+00
2.685370741e+03 1.617023846e+00 2.158117861e+00 3.513575487e+00
2.705410822e+03 1.634484566e+00 2.119657309e+00 3.529404026e+00
2.725450902e+03 1.652699957e+00 2.082064822e+00 3.543502149e+00
2.745490982e+03 1.671659615e+00 2.045354777e+00 3.555857699e+00
2.765531062e+03 1.691352712e+00 2.009539041e+00 3.566462286e+00
2.785571142e+03 1.711767909e+00 1.974627098e+00 3.575311388e+00
2.805611222e+03 1.732893226e+00 1.940626275e+00 3.582404262e+00
2.825651303e+03 1.754716094e+00 1.907541823e+00 3.587743820e+00
2.845691383e+03 1.777223276e+00 1.875377071e+00 3.591336581e+00
2.865731463e+03 1.800400806e+00 1.844133568e+00 3.593192594e+00
2.885771543e+03 1.824233959e+00 1.813811212e+00 3.593325339e+00
2.905811623e+03 1.848707263e+00 1.784408377e+00 3.591751529e+00
2.925851703e+03 1.873804425e+00 1.755922055e+00 3.588491064e+00
2.945891784e+03 1.899508316e+00 1.728347956e+00 3.583566879e+00
2.965931864e+03 1.925800742e+00 1.701680631e+00 3.577005060e+00
2.985971944e+03 1.952662844e+00 1.675913588e+00 3.568834191e+00
3.006012024e+03 1.980074689e+00 1.651039406e+00 3.559085658e+00
3.026052104e+03 2.008015451e+00 1.627049810e+00 3.547793340e+00
3.046092184e+03 2.036463350e+00 1.603935810e+00 3.534993394e+00
3.066132265e+03 2.065395616e+00 1.581687745e+00 3.520724259e+00
3.086172345e+03 2.094788531e+00 1.560295400e+00 3.505026338e+00
3.106212425e+03 2.124617409e+00 1.539748101e+00 3.487942039e+00
3.126252505e+03 2.154856587e+00 1.520034732e+00 3.469515346e+00
3.146292585e+03 2.185479435e+00 1.501143848e+00 3.449791932e+00
3.166332665e+03 2.216458390e+00 1.483063735e+00 3.428818910e+00
3.186372745e+03 2.247764971e+00 1.465782478e+00 3.406644571e+00
3.206412826e+03 2.279369808e+00 1.449288002e+00 3.383318350e+00
3.226452906e+03 2.311242649e+00 1.433568115e+00 3.358890608e+00
3.246492986e+03 2.343352383e+00 1.418610545e+00 3.333412546e+00
3.266533066e+03 2.375667254e+00 1.404403095e+00 3.306935832e+00
3.286573146e+03 2.408154524e+00 1.390933486e+00 3.279513016e+00
3.306613226e+03 2.440780943e+00 1.378189545e+00 3.251196587e+00
3.326653307e+03 2.473512485e+00 1.366159178e+00 3.222039493e+00
3.346693387e+03 2.506314659e+00 1.354830402e+00 3.192094636e+00
3.366733467e+03 2.539152316e+00 1.344191384e+00 3.161414974e+00
3.386773547e+03 2.571990056e+00 1.334230500e+00 3.130052972e+00
3.406813627e+03 2.604791840e+00 1.324936183e+00 3.098061207e+00
3.426853707e+03 2.637521420e+00 1.316297171e+00 3.065491551e+00
3.446893788e+03 2.670142365e+00 1.308302408e+00 3.032395324e+00
3.466933868e+03 2.702617968e+00 1.300940997e+00 2.998823301e+00
3.486973948e+03 2.734911480e+00 1.294202328e+00 2.964825427e+00
3.507014028e+03 2.766986163e+00 1.288076001e+00 2.930450777e+00
3.527054108e+03 2.798805313e+00 1.282551878e+00 2.895747533e+00
3.547094188e+03 2.830332377e+00 1.277620048e+00 2.860762861e+00
3.567134269e+03 2.861531041e+00 1.273270865e+00 2.825542769e+00
3.587174349e+03 2.892365333e+00 1.269494937e+00 2.790132082e+00
3.607214429e+03 2.922799671e+00 1.266283112e+00 2.754574419e+00
3.627254509e+03 2.952798922e+00 1.263626484e+00 2.718912115e+00
3.647294589e+03 2.982328506e+00 1.261516390e+00 2.683186163e+00
3.667334669e+03 3.011354475e+00 1.259944409e+00 2.647436164e+00
3.687374749e+03 3.039843587e+00 1.258902354e+00 2.611700296e+00
3.707414830e+03 3.067763368e+00 1.258382262e+00 2.576015287e+00
3.727454910e+03 3.095082181e+00 1.258376393e+00 2.540416391e+00
3.747494990e+03 3.121769294e+00 1.258877219e+00 2.504937366e+00
3.767535070e+03 3.147794935e+00 1.259877414e+00 2.469610466e+00
3.787575150e+03 3.173130357e+00 1.261369849e+00 2.434466434e+00
3.807615230e+03 3.197747884e+00 1.263347579e+00 2.399534499e+00
3.827655311e+03 3.221620945e+00 1.265803835e+00 2.364842382e+00
3.847695391e+03 3.244724157e+00 1.268732013e+00 2.330416297e+00
3.867735471e+03 3.267033354e+00 1.272125659e+00 2.296280971e+00
3.887775551e+03 3.288525597e+00 1.275978462e+00 2.262459658e+00
3.907815631e+03 3.309179233e+00 1.280284244e+00 2.228974159e+00
3.927855711e+03 3.328973902e+00 1.285036946e+00 2.195844853e+00
3.947895792e+03 3.347890561e+00 1.290230616e+00 2.163090717e+00
3.967935872e+03 3.365911522e+00 1.295859396e+00 2.130729363e+00
3.987975952e+03 3.383020468e+00 1.301917513e+00 2.098777059e+00
4.008016032e+03 3.399202432e+00 1.308399262e+00 2.067248780e+00
4.028056112e+03 3.414443849e+00 1.315298994e+00 2.036158225e+00
4.048096192e+03 3.428732514e+00 1.322611108e+00 2.005517879e+00
4.068136273e+03 3.442057616e+00 1.330330035e+00 1.975339032e+00
4.088176353e+03 3.454409713e+00 1.338450223e+00 1.945631841e+00
4.108216433e+03 3.465780730e+00 1.346966133e+00 1.916405355e+00
4.128256513e+03 3.476163955e+00 1.355872214e+00 1.887667572e+00
4.148296593e+03 3.485554012e+00 1.365162904e+00 1.859425473e+00
4.168336673e+03 3.493946863e+00 1.374832606e+00 1.831685070e+00
4.188376754e+03 3.501339770e+00 1.384875684e+00 1.804451449e+00
4.208416834e+03 3.507731291e+00 1.395286445e+00 1.777728814e+00
4.228456914e+03 3.513121242e+00 1.406059134e+00 1.751520533e+00
4.248496994e+03 3.517510681e+00 1.417187914e+00 1.725829176e+00
4.268537074e+03 3.520901877e+00 1.428666863e+00 1.700656566e+00
4.288577154e+03 3.523298272e+00 1.440489957e+00 1.676003810e+00
4.308617234e+03 3.524704474e+00 1.452651060e+00 1.651871353e+00
4.328657315e+03 3.525126200e+00 1.465143917e+00 1.628259007e+00
4.348697395e+03 3.524570263e+00 1.477962139e+00 1.605166001e+00
4.368737475e+03 3.523044512e+00 1.491099197e+00 1.582591004e+00
4.388777555e+03 3.520557826e+00 1.504548409e+00 1.560532182e+00
4.408817635e+03 3.517120058e+00 1.518302937e+00 1.538987215e+00
4.428857715e+03 3.512742013e+00 1.532355769e+00 1.517953351e+00
4.448897796e+03 3.507435382e+00 1.546699721e+00 1.497427415e+00
4.468937876e+03 3.501212739e+00 1.561327419e+00 1.477405867e+00
4.488977956e+03 3.494087496e+00 1.576231306e+00 1.457884819e+00
4.509018036e+03 3.486073858e+00 1.591403622e+00 1.438860073e+00
4.529058116e+03 3.477186749e+00 1.606836401e+00 1.420327125e+00
4.549098196e+03 3.467441829e+00 1.622521470e+00 1.402281227e+00
4.569138277e+03 3.456855471e+00 1.638450448e+00 1.384717401e+00
4.589178357e+03 3.445444663e+00 1.654614730e+00 1.367630464e+00
4.609218437e+03 3.433226938e+00 1.671005488e+00 1.351015014e+00
4.629258517e+03 3.420220418e+00 1.687613671e+00 1.334865503e+00
4.649298597e+03 3.406443774e+00 1.704430006e+00 1.319176254e+00
4.669338677e+03 3.391916177e+00 1.721444997e+00 1.303941459e+00
4.689378758e+03 3.376657257e+00 1.738648921e+00 1.289155220e+00
4.709418838e+03 3.360686949e+00 1.756031818e+00 1.274811510e+00
4.729458918e+03 3.344025620e+00 1.773583509e+00 1.260904259e+00
4.749498998e+03 3.326693971e+00 1.791293588e+00 1.247427340e+00
4.769539078e+03 3.308713058e+00 1.809151441e+00 1.234374599e+00
4.789579158e+03 3.290104146e+00 1.827146232e+00 1.221739835e+00
4.809619238e+03 3.270888719e+00 1.845266908e+00 1.209516831e+00
4.829659319e+03 3.251088440e+00 1.863502207e+00 1.197699368e+00
4.849699399e+03 3.230725192e+00 1.881840671e+00 1.186281254e+00
4.869739479e+03 3.209820980e+00 1.900270658e+00 1.175256300e+00
4.889779559e+03 3.188397875e+00 1.918780336e+00 1.164618330e+00
4.909819639e+03 3.166477988e+00 1.937357695e+00 1.154361196e+00
4.929859719e+03 3.144083506e+00 1.955990545e+00 1.144478840e+00
4.949899800e+03 3.121236621e+00 1.974666557e+00 1.134965222e+00
4.969939880e+03 3.097959484e+00 1.993373253e+00 1.125814352e+00
4.989979960e+03 3.074274168e+00 2.012098023e+00 1.117020288e+00
5.010020040e+03 3.050202671e+00 2.030828125e+00 1.108577181e+00
5.030060120e+03 3.025766893e+00 2.049550711e+00 1.100479249e+00
5.050100200e+03 3.000988602e+00 2.068252844e+00 1.092720779e+00
5.070140281e+03 2.975889403e+00 2.086921519e+00 1.085296114e+00
5.090180361e+03 2.950490670e+00 2.105543641e+00 1.078199693e+00
5.110220441e+03 2.924813571e+00 2.124106059e+00 1.071426056e+00
5.130260521e+03 2.898879067e+00 2.142595594e+00 1.064969825e+00
5.150300601e+03 2.872707929e+00 2.160999083e+00 1.058825682e+00
5.170340681e+03 2.846320523e+00 2.179303328e+00 1.052988387e+00
5.190380762e+03 2.819736961e+00 2.197495134e+00 1.047452827e+00
5.210420842e+03 2.792977070e+00 2.215561351e+00 1.042213971e+00
5.230460922e+03 2.766060338e+00 2.233488883e+00 1.037266866e+00
5.250501002e+03 2.739005888e+00 2.251264690e+00 1.032606648e+00
5.270541082e+03 2.711832473e+00 2.268875812e+00 1.028228549e+00
5.290581162e+03 2.684558483e+00 2.286309391e+00 1.024127893e+00
5.310621242e+03 2.657201914e+00 2.303552686e+00 1.020300087e+00
5.330661323e+03 2.629780350e+00 2.320593082e+00 1.016740642e+00
5.350701403e+03 2.602310975e+00 2.337418128e+00 1.013445124e+00
5.370741483e+03 2.574810523e+00 2.354015517e+00 1.010409223e+00
5.390781563e+03 2.547295303e+00 2.370373129e+00 1.007628694e+00
5.410821643e+03 2.519781213e+00 2.386479078e+00 1.005099334e+00
5.430861723e+03 2.492283618e+00 2.402321599e+00 1.002817146e+00
5.450901804e+03 2.464817510e+00 2.417889250e+00 1.000778096e+00
5.470941884e+03 2.437397404e+00 2.433170817e+00 9.989782389e-01
5.490981964e+03 2.410037316e+00 2.448155298e+00 9.974137607e-01
5.511022044e+03 2.382750810e+00 2.462831981e+00 9.960809033e-01
5.531062124e+03 2.355550993e+00 2.477190451e+00 9.949759586e-01
5.551102204e+03 2.328450480e+00 2.491220564e+00 9.940953170e-01
5.571142285e+03 2.301461431e+00 2.504912506e+00 9.934354129e-01
5.591182365e+03 2.274595520e+00 2.518256757e+00 9.929927716e-01
5.611222445e+03 2.247863956e+00 2.531244137e+00 9.927639675e-01
5.631262525e+03 2.221277483e+00 2.543865802e+00 9.927456386e-01
5.651302605e+03 2.194846372e+00 2.556113247e+00 9.929344895e-01
5.671342685e+03 2.168580434e+00 2.567978324e+00 9.933272781e-01
5.691382766e+03 2.142489023e+00 2.579453244e+00 9.939208165e-01
5.711422846e+03 2.116581040e+00 2.590530587e+00 9.947119707e-01
5.731462926e+03 2.090864933e+00 2.601203296e+00 9.956976589e-01
5.751503006e+03 2.065348711e+00 2.611464702e+00 9.968748466e-01
5.771543086e+03 2.040039946e+00 2.621308512e+00 9.982405453e-01
5.791583166e+03 2.014945784e+00 2.630728824e+00 9.997918078e-01
5.811623246e+03 1.990072946e+00 2.639720112e+00 1.001525731e+00
5.831663327e+03 1.965427741e+00 2.648277251e+00 1.003439446e+00
5.851703407e+03 1.941016072e+00 2.656395498e+00 1.005530127e+00
5.871743487e+03 1.916843444e+00 2.664070505e+00 1.007794978e+00
5.891783567e+03 1.892914977e+00 2.671298312e+00 1.010231235e+00
5.911823647e+03 1.869235409e+00 2.678075354e+00 1.012836167e+00
5.931863727e+03 1.845809112e+00 2.684398448e+00 1.015607066e+00
5.951903808e+03 1.822640092e+00 2.690264808e+00 1.018541253e+00
5.971943888e+03 1.799732013e+00 2.695672023e+00 1.021636069e+00
5.991983968e+03 1.777088193e+00 2.700618079e+00 1.024888879e+00
6.012024048e+03 1.754711623e+00 2.705101318e+00 1.028297062e+00
6.032064128e+03 1.732604970e+00 2.709120471e+00 1.031858019e+00
6.052104208e+03 1.710770595e+00 2.712674632e+00 1.035569161e+00
6.072144289e+03 1.689210559e+00 2.715763257e+00 1.039427916e+00
6.092184369e+03 1.667926630e+00 2.718386168e+00 1.043431718e+00
6.112224449e+03 1.646920304e+00 2.720543529e+00 1.047578014e+00
6.132264529e+03 1.626192806e+00 2.722235865e+00 1.051864256e+00
6.152304609e+03 1.605745096e+00 2.723464028e+00 1.056287900e+00
6.172344689e+03 1.585577892e+00 2.724229216e+00 1.060846406e+00
6.192384770e+03 1.565691671e+00 2.724532942e+00 1.065537236e+00
6.212424850e+03 1.546086687e+00 2.724377030e+00 1.070357854e+00
6.232464930e+03 1.526762971e+00 2.723763624e+00 1.075305720e+00
6.252505010e+03 1.507720338e+00 2.722695172e+00 1.080378288e+00
6.272545090e+03 1.488958409e+00 2.721174415e+00 1.085573010e+00
6.292585170e+03 1.470476615e+00 2.719204384e+00 1.090887330e+00
6.312625251e+03 1.452274205e+00 2.716788392e+00 1.096318685e+00
6.332665331e+03 1.434350253e+00 2.713930010e+00 1.101864502e+00
6.352705411e+03 1.416703671e+00 2.710633056e+00 1.107522201e+00
6.372745491e+03 1.399333219e+00 2.706901617e+00 1.113289187e+00
6.392785571e+03 1.382237508e+00 2.702740026e+00 1.119162855e+00
6.412825651e+03 1.365415012e+00 2.698152845e+00 1.125140582e+00
6.432865731e+03 1.348864071e+00 2.693144872e+00 1.131219731e+00
6.452905812e+03 1.332582902e+00 2.687721115e+00 1.137397649e+00
6.472945892e+03 1.316569601e+00 2.681886775e+00 1.143671666e+00
6.492985972e+03 1.300822158e+00 2.675647257e+00 1.150039093e+00
6.513026052e+03 1.285338472e+00 2.669008158e+00 1.156497228e+00
6.533066132e+03 1.270116345e+00 2.661975249e+00 1.163043347e+00
6.553106212e+03 1.255153482e+00 2.654554494e+00 1.169674702e+00
6.573146293e+03 1.240447518e+00 2.646752014e+00 1.176388526e+00
6.593186373e+03 1.225995998e+00 2.638574068e+00 1.183182033e+00
6.613226453e+03 1.211796401e+00 2.630027075e+00 1.190052412e+00
6.633266533e+03 1.197846149e+00 2.621117576e+00 1.196996833e+00
6.653306613e+03 1.184142600e+00 2.611852238e+00 1.204012447e+00
6.673346693e+03 1.170683063e+00 2.602237866e+00 1.211096377e+00
6.693386774e+03 1.157464801e+00 2.592281375e+00 1.218245727e+00
6.713426854e+03 1.144485027e+00 2.581989780e+00 1.225457575e+00
6.733466934e+03 1.131740916e+00 2.571370196e+00 1.232728979e+00
6.753507014e+03 1.119229608e+00 2.560429821e+00 1.240056972e+00
6.773547094e+03 1.106948213e+00 2.549175924e+00 1.247438570e+00
6.793587174e+03 1.094893816e+00 2.537615848e+00 1.254870764e+00
6.813627255e+03 1.083063485e+00 2.525756997e+00 1.262350528e+00
6.833667335e+03 1.071454267e+00 2.513606835e+00 1.269874811e+00
6.853707415e+03 1.060063191e+00 2.501172918e+00 1.277440539e+00
6.873747495e+03 1.048887278e+00 2.488462823e+00 1.285044618e+00
6.893787575e+03 1.037923528e+00 2.475484130e+00 1.292683938e+00
6.913827655e+03 1.027168937e+00 2.462244473e+00 1.300355369e+00
6.933867735e+03 1.016620514e+00 2.448751494e+00 1.308055768e+00
6.953907816e+03 1.006275257e+00 2.435012841e+00 1.315781976e+00
6.973947896e+03 9.961301684e-01 2.421036222e+00 1.323530810e+00
6.993987976e+03 9.861822632e-01 2.406829327e+00 1.331299076e+00
7.014028056e+03 9.764285454e-01 2.392399832e+00 1.339083568e+00
7.034068136e+03 9.668660353e-01 2.377755427e+00 1.346881063e+00
7.054108216e+03 9.574917660e-01 2.362903757e+00 1.354688335e+00
7.074148297e+03 9.483027815e-01 2.347852445e+00 1.362502146e+00
7.094188377e+03 9.392961425e-01 2.332609111e+00 1.370319249e+00
7.114228457e+03 9.304689296e-01 2.317181349e+00 1.378136388e+00
7.134268537e+03 9.218182353e-01 2.301576712e+00 1.385950306e+00
7.154308617e+03 9.133411671e-01 2.285802723e+00 1.393757734e+00
7.174348697e+03 9.050348572e-01 2.269866853e+00 1.401555409e+00
7.194388778e+03 8.968964572e-01 2.253776500e+00 1.409340070e+00
7.214428858e+03 8.889231415e-01 2.237539023e+00 1.417108453e+00
7.234468938e+03 8.811121126e-01 2.221161741e+00 1.424857297e+00
7.254509018e+03 8.734605956e-01 2.204651895e+00 1.432583350e+00
7.274549098e+03 8.659658351e-01 2.188016666e+00 1.440283362e+00
7.294589178e+03 8.586251068e-01 2.171263168e+00 1.447954095e+00
7.314629259e+03 8.514357110e-01 2.154398431e+00 1.455592323e+00
7.334669339e+03 8.443949750e-01 2.137429413e+00 1.463194832e+00
7.354709419e+03 8.375002557e-01 2.120362996e+00 1.470758424e+00
7.374749499e+03 8.307489379e-01 2.103205971e+00 1.478279917e+00
7.394789579e+03 8.241384338e-01 2.085965050e+00 1.485756148e+00
7.414829659e+03 8.176661865e-01 2.068646854e+00 1.493183975e+00
7.434869739e+03 8.113296671e-01 2.051257909e+00 1.500560282e+00
7.454909820e+03 8.051263772e-01 2.033804650e+00 1.507881975e+00
7.474949900e+03 7.990538481e-01 2.016293413e+00 1.515145990e+00
7.494989980e+03 7.931096420e-01 1.998730435e+00 1.522349291e+00
7.515030060e+03 7.872913510e-01 1.981121852e+00 1.529488873e+00
7.535070140e+03 7.815965967e-01 1.963473698e+00 1.536561767e+00
7.555110220e+03 7.760230325e-01 1.945791897e+00 1.543565038e+00
7.575150301e+03 7.705683429e-01 1.928082273e+00 1.550495788e+00
7.595190381e+03 7.652302430e-01 1.910350534e+00 1.557351160e+00
7.615230461e+03 7.600064773e-01 1.892602284e+00 1.564128339e+00
7.635270541e+03 7.548948191e-01 1.874843016e+00 1.570824551e+00
7.655310621e+03 7.498930740e-01 1.857078109e+00 1.577437069e+00
7.675350701e+03 7.449990825e-01 1.839312824e+00 1.583963214e+00
7.695390782e+03 7.402107132e-01 1.821552310e+00 1.590400356e+00
7.715430862e+03 7.355258583e-01 1.803801608e+00 1.596745914e+00
7.735470942e+03 7.309424388e-01 1.786065642e+00 1.602997357e+00
7.755511022e+03 7.264584111e-01 1.768349217e+00 1.609152211e+00
7.775551102e+03 7.220717772e-01 1.750657004e+00 1.615208064e+00
7.795591182e+03 7.177805514e-01 1.732993574e+00 1.621162553e+00
7.815631263e+03 7.135827629e-01 1.715363397e+00 1.627013374e+00
7.835671343e+03 7.094764852e-01 1.697770807e+00 1.632758281e+00
7.855711423e+03 7.054598330e-01 1.680220012e+00 1.638395097e+00
7.875751503e+03 7.015309361e-01 1.662715113e+00 1.643921701e+00
7.895791583e+03 6.976879455e-01 1.645260105e+00 1.649336038e+00
7.915831663e+03 6.939290497e-01 1.627858854e+00 1.654636115e+00
7.935871743e+03 6.902524685e-01 1.610515109e+00 1.659820010e+00
7.955911824e+03 6.866564447e-01 1.593232504e+00 1.664885863e+00
7.975951904e+03 6.831392415e-01 1.576014569e+00 1.669831883e+00
7.995991984e+03 6.796991559e-01 1.558864709e+00 1.674656348e+00
8.016032064e+03 6.763345131e-01 1.541786219e+00 1.679357605e+00
8.036072144e+03 6.730436626e-01 1.524782277e+00 1.683934070e+00
8.056112224e+03 6.698249754e-01 1.507855960e+00 1.688384230e+00
8.076152305e+03 6.666768528e-01 1.491010225e+00 1.692706641e+00
8.096192385e+03 6.635977204e-01 1.474247926e+00 1.696899934e+00
8.116232465e+03 6.605860302e-01 1.457571802e+00 1.700962805e+00
8.136272545e+03 6.576402554e-01 1.440984494e+00 1.704894029e+00
8.156312625e+03 6.547588974e-01 1.424488526e+00 1.708692449e+00
8.176352705e+03 6.519404794e-01 1.408086328e+00 1.712356977e+00
8.196392786e+03 6.491835485e-01 1.391780221e+00 1.715886600e+00
8.216432866e+03 6.464866767e-01 1.375572424e+00 1.719280375e+00
8.236472946e+03 6.438484571e-01 1.359465066e+00 1.722537438e+00
8.256513026e+03 6.412675084e-01 1.343460164e+00 1.725656991e+00
8.276553106e+03 6.387424684e-01 1.327559648e+00 1.728638298e+00
8.296593186e+03 6.362720010e-01 1.311765342e+00 1.731480703e+00
8.316633267e+03 6.338547892e-01 1.296078991e+00 1.734183625e+00
8.336673347e+03 6.314895398e-01 1.280502241e+00 1.736746551e+00
8.356713427e+03 6.291749799e-01 1.265036644e+00 1.739169030e+00
8.376753507e+03 6.269098570e-01 1.249683668e+00 1.741450672e+00
8.396793587e+03 6.246929416e-01 1.234444686e+00 1.743591170e+00
8.416833667e+03 6.225230232e-01 1.219321010e+00 1.745590291e+00
8.436873747e+03 6.203989140e-01 1.204313845e+00 1.747447865e+00
8.456913828e+03 6.183194412e-01 1.189424322e+00 1.749163752e+00
8.476953908e+03 6.162834563e-01 1.174653484e+00 1.750737904e+00
8.496993988e+03 6.142898297e-01 1.160002308e+00 1.752170347e+00
8.517034068e+03 6.123374517e-01 1.145471705e+00 1.753461179e+00
8.537074148e+03 6.104252297e-01 1.131062499e+00 1.754610532e+00
8.557114228e+03 6.085520909e-01 1.116775441e+00 1.755618608e+00
8.577154309e+03 6.067169791e-01 1.102611211e+00 1.756485648e+00
8.597194389e+03 6.049188579e-01 1.088570415e+00 1.757211959e+00
8.617234469e+03 6.031567097e-01 1.074653612e+00 1.757797930e+00
8.637274549e+03 6.014295348e-01 1.060861284e+00 1.758243994e+00
8.657314629e+03 5.997363514e-01 1.047193859e+00 1.758550653e+00
8.677354709e+03 5.980761939e-01 1.033651696e+00 1.758718441e+00
8.697394790e+03 5.964481130e-01 1.020235090e+00 1.758747935e+00
8.717434870e+03 5.948511770e-01 1.006944284e+00 1.758639770e+00
8.737474950e+03 5.932844706e-01 9.937794610e-01 1.758394627e+00
8.757515030e+03 5.917470968e-01 9.807407661e-01 1.758013260e+00
8.777555110e+03 5.902381747e-01 9.678282812e-01 1.757496463e+00
8.797595190e+03 5.887568380e-01 9.550420410e-01 1.756845064e+00
8.817635271e+03 5.873022374e-01 9.423820276e-01 1.756059942e+00
8.837675351e+03 5.858735368e-01 9.298481729e-01 1.755141989e+00
8.857715431e+03 5.844699172e-01 9.174403671e-01 1.754092163e+00
8.877755511e+03 5.830905755e-01 9.051584616e-01 1.752911464e+00
8.897795591e+03 5.817347231e-01 8.930022644e-01 1.751600931e+00
8.917835671e+03 5.804015876e-01 8.809715434e-01 1.750161646e+00
8.937875752e+03 5.790904088e-01 8.690660253e-01 1.748594704e+00
8.957915832e+03 5.778004427e-01 8.572853970e-01 1.746901247e+00
8.977955912e+03 5.765309587e-01 8.456293157e-01 1.745082446e+00
8.997995992e+03 5.752812408e-01 8.340973984e-01 1.743139505e+00
9.018036072e+03 5.740505868e-01 8.226892354e-01 1.741073659e+00
9.038076152e+03 5.728383087e-01 8.114043812e-01 1.738886171e+00
9.058116232e+03 5.716437315e-01 8.002423627e-01 1.736578329e+00
9.078156313e+03 5.704661941e-01 7.892026773e-01 1.734151448e+00
9.098196393e+03 5.693050485e-01 7.782847943e-01 1.731606867e+00
9.118236473e+03 5.681596594e-01 7.674881618e-01 1.728945946e+00
9.138276553e+03 5.670294051e-01 7.568121957e-01 1.726170071e+00
9.158316633e+03 5.659136769e-01 7.462562902e-01 1.723280648e+00
9.178356713e+03 5.648118780e-01 7.358198209e-01 1.720279100e+00
9.198396794e+03 5.637234243e-01 7.255021409e-01 1.717166867e+00
9.218436874e+03 5.626477443e-01 7.153025818e-01 1.713945409e+00
9.238476954e+03 5.615842781e-01 7.052204592e-01 1.710616197e+00
9.258517034e+03 5.605324775e-01 6.952550736e-01 1.707180716e+00
9.278557114e+03 5.594918074e-01 6.854057008e-01 1.703640470e+00
9.298597194e+03 5.584617430e-01 6.756716092e-01 1.699996967e+00
9.318637275e+03 5.574417719e-01 6.660520488e-01 1.696251731e+00
9.338677355e+03 5.564313930e-01 6.565462545e-01 1.692406296e+00
9.358717435e+03 5.554301165e-01 6.471534503e-01 1.688462204e+00
9.378757515e+03 5.544374635e-01 6.378728479e-01 1.684421003e+00
9.398797595e+03 5.534529663e-01 6.287036474e-01 1.680284249e+00
9.418837675e+03 5.524761679e-01 6.196450395e-01 1.676053505e+00
9.438877756e+03 5.515066220e-01 6.106962056e-01 1.671730334e+00
9.458917836e+03 5.505438930e-01 6.018563189e-01 1.667316308e+00
9.478957916e+03 5.495875555e-01 5.931245455e-01 1.662812996e+00
9.498997996e+03 5.486371945e-01 5.845000420e-01 1.658221975e+00
9.519038076e+03 5.476924051e-01 5.759819618e-01 1.653544817e+00
9.539078156e+03 5.467527924e-01 5.675694531e-01 1.648783096e+00
9.559118236e+03 5.458179712e-01 5.592616576e-01 1.643938386e+00
9.579158317e+03 5.448875665e-01 5.510577106e-01 1.639012259e+00
9.599198397e+03 5.439612124e-01 5.429567485e-01 1.634006284e+00
9.619238477e+03 5.430385527e-01 5.349579037e-01 1.628922025e+00
9.639278557e+03 5.421192407e-01 5.270603010e-01 1.623761047e+00
9.659318637e+03 5.412029387e-01 5.192630685e-01 1.618524906e+00
9.679358717e+03 5.402893181e-01 5.115653316e-01 1.613215154e+00
9.699398798e+03 5.393780595e-01 5.039662140e-01 1.607833338e+00
9.719438878e+03 5.384688521e-01 4.964648374e-01 1.602380998e+00
9.739478958e+03 5.375613940e-01 4.890603262e-01 1.596859665e+00
9.759519038e+03 5.366553918e-01 4.817518044e-01 1.591270864e+00
9.779559118e+03 5.357505605e-01 4.745383940e-01 1.585616112e+00
9.799599198e+03 5.348466237e-01 4.674192214e-01 1.579896915e+00
9.819639279e+03 5.339433130e-01 4.603934138e-01 1.574114771e+00
9.839679359e+03 5.330403680e-01 4.534600992e-01 1.568271168e+00
9.859719439e+03 5.321375367e-01 4.466184070e-01 1.562367583e+00
9.879759519e+03 5.312345746e-01 4.398674715e-01 1.556405483e+00
9.899799599e+03 5.303312450e-01 4.332064290e-01 1.550386320e+00
9.919839679e+03 5.294273189e-01 4.266344156e-01 1.544311540e+00
9.939879760e+03 5.285225749e-01 4.201505746e-01 1.538182574e+00
9.959919840e+03 5.276167987e-01 4.137540516e-01 1.532000837e+00
9.979959920e+03 5.267097835e-01 4.074439950e-01 1.525767738e+00
1.000000000e+04 5.258013297e-01 4.012195565e-01 1.519484667e+00
