time            Cj              shCj           
0.000000000e+00 4.000000000e+00 4.000000000e+00
2.004008016e+00 3.553900568e+00 3.553900568e+00
4.008016032e+00 3.204596593e+00 3.204596593e+00
6.012024048e+00 2.927699609e+00 2.927699609e+00
8.016032064e+00 2.705741138e+00 2.705741138e+00
1.002004008e+01 2.525951862e+00 2.525951862e+00
1.202404810e+01 2.378841466e+00 2.378841466e+00
1.402805611e+01 2.257260385e+00 2.257260385e+00
1.603206413e+01 2.155762238e+00 2.155762238e+00
1.803607214e+01 2.070159875e+00 2.070159875e+00
2.004008016e+01 1.997209669e+00 1.997209669e+00
2.204408818e+01 1.934382869e+00 1.934382869e+00
2.404809619e+01 1.879697438e+00 1.879697438e+00
2.605210421e+01 1.831592687e+00 1.831592687e+00
2.805611222e+01 1.788834779e+00 1.788834779e+00
3.006012024e+01 1.750444796e+00 1.750444796e+00
3.206412826e+01 1.715643550e+00 1.715643550e+00
3.406813627e+01 1.683808960e+00 1.683808960e+00
3.607214429e+01 1.654442924e+00 1.654442924e+00
3.807615230e+01 1.627145467e+00 1.627145467e+00
4.008016032e+01 1.601594471e+00 1.601594471e+00
4.208416834e+01 1.577529737e+00 1.577529737e+00
4.408817635e+01 1.554740408e+00 1.554740408e+00
4.609218437e+01 1.533055024e+00 1.533055024e+00
4.809619238e+01 1.512333644e+00 1.512333644e+00
5.010020040e+01 1.492461584e+00 1.492461584e+00
5.210420842e+01 1.473344438e+00 1.473344438e+00
5.410821643e+01 1.454904111e+00 1.454904111e+00
5.611222445e+01 1.437075656e+00 1.437075656e+00
5.811623246e+01 1.419804743e+00 1.419804743e+00
6.012024048e+01 1.403045638e+00 1.403045638e+00
6.212424850e+01 1.386759580e+00 1.386759580e+00
6.412825651e+01 1.370913484e+00 1.370913484e+00
6.613226453e+01 1.355478901e+00 1.355478901e+00
6.813627255e+01 1.340431171e+00 1.340431171e+00
7.014028056e+01 1.325748749e+00 1.325748749e+00
7.214428858e+01 1.311412665e+00 1.311412665e+00
7.414829659e+01 1.297406079e+00 1.297406079e+00
7.615230461e+01 1.283713928e+00 1.283713928e+00
7.815631263e+01 1.270322632e+00 1.270322632e+00
8.016032064e+01 1.257219867e+00 1.257219867e+00
8.216432866e+01 1.244394366e+00 1.244394366e+00
8.416833667e+01 1.231835773e+00 1.231835773e+00
8.617234469e+01 1.219534501e+00 1.219534501e+00
8.817635271e+01 1.207481638e+00 1.207481638e+00
9.018036072e+01 1.195668855e+00 1.195668855e+00
9.218436874e+01 1.184088340e+00 1.184088340e+00
9.418837675e+01 1.172732735e+00 1.172732735e+00
9.619238477e+01 1.161595084e+00 1.161595084e+00
9.819639279e+01 1.150668793e+00 1.150668793e+00
1.002004008e+02 1.139947597e+00 1.139947597e+00
1.022044088e+02 1.129425524e+00 1.129425524e+00
1.042084168e+02 1.119096879e+00 1.119096879e+00
1.062124248e+02 1.108956213e+00 1.108956213e+00
1.082164329e+02 1.098998309e+00 1.098998309e+00
1.102204409e+02 1.089218162e+00 1.089218162e+00
1.122244489e+02 1.079610969e+00 1.079610969e+00
1.142284569e+02 1.070172110e+00 1.070172110e+00
1.162324649e+02 1.060897143e+00 1.060897143e+00
1.182364729e+02 1.051781790e+00 1.051781790e+00
1.202404810e+02 1.042821927e+00 1.042821927e+00
1.222444890e+02 1.034013576e+00 1.034013576e+00
1.242484970e+02 1.025352906e+00 1.025352906e+00
1.262525050e+02 1.016836211e+00 1.016836211e+00
1.282565130e+02 1.008459917e+00 1.008459917e+00
1.302605210e+02 1.000220564e+00 1.000220564e+00
1.322645291e+02 9.921148124e-01 9.921148124e-01
1.342685371e+02 9.841394276e-01 9.841394276e-01
1.362725451e+02 9.762912846e-01 9.762912846e-01
1.382765531e+02 9.685673524e-01 9.685673524e-01
1.402805611e+02 9.609647059e-01 9.609647059e-01
1.422845691e+02 9.534805047e-01 9.534805047e-01
1.442885772e+02 9.461119985e-01 9.461119985e-01
1.462925852e+02 9.388565246e-01 9.388565246e-01
1.482965932e+02 9.317114964e-01 9.317114964e-01
1.503006012e+02 9.246744133e-01 9.246744133e-01
1.523046092e+02 9.177428422e-01 9.177428422e-01
1.543086172e+02 9.109144306e-01 9.109144306e-01
1.563126253e+02 9.041868874e-01 9.041868874e-01
1.583166333e+02 8.975579959e-01 8.975579959e-01
1.603206413e+02 8.910256015e-01 8.910256015e-01
1.623246493e+02 8.845876100e-01 8.845876100e-01
1.643286573e+02 8.782419912e-01 8.782419912e-01
1.663326653e+02 8.719867726e-01 8.719867726e-01
1.683366733e+02 8.658200371e-01 8.658200371e-01
1.703406814e+02 8.597399165e-01 8.597399165e-01
1.723446894e+02 8.537445929e-01 8.537445929e-01
1.743486974e+02 8.478323094e-01 8.478323094e-01
1.763527054e+02 8.420013531e-01 8.420013531e-01
1.783567134e+02 8.362500562e-01 8.362500562e-01
1.803607214e+02 8.305767981e-01 8.305767981e-01
1.823647295e+02 8.249800014e-01 8.249800014e-01
1.843687375e+02 8.194581300e-01 8.194581300e-01
1.863727455e+02 8.140096894e-01 8.140096894e-01
1.883767535e+02 8.086332248e-01 8.086332248e-01
1.903807615e+02 8.033273186e-01 8.033273186e-01
1.923847695e+02 7.980905906e-01 7.980905906e-01
1.943887776e+02 7.929216974e-01 7.929216974e-01
1.963927856e+02 7.878193289e-01 7.878193289e-01
1.983967936e+02 7.827822092e-01 7.827822092e-01
2.004008016e+02 7.778090956e-01 7.778090956e-01
2.024048096e+02 7.728987757e-01 7.728987757e-01
2.044088176e+02 7.680500669e-01 7.680500669e-01
2.064128257e+02 7.632618155e-01 7.632618155e-01
2.084168337e+02 7.585328994e-01 7.585328994e-01
2.104208417e+02 7.538622228e-01 7.538622228e-01
2.124248497e+02 7.492487156e-01 7.492487156e-01
2.144288577e+02 7.446913333e-01 7.446913333e-01
2.164328657e+02 7.401890583e-01 7.401890583e-01
2.184368737e+02 7.357408982e-01 7.357408982e-01
2.204408818e+02 7.313458827e-01 7.313458827e-01
2.224448898e+02 7.270030643e-01 7.270030643e-01
2.244488978e+02 7.227115182e-01 7.227115182e-01
2.264529058e+02 7.184703433e-01 7.184703433e-01
2.284569138e+02 7.142786579e-01 7.142786579e-01
2.304609218e+02 7.101356009e-01 7.101356009e-01
2.324649299e+02 7.060403303e-01 7.060403303e-01
2.344689379e+02 7.019920251e-01 7.019920251e-01
2.364729459e+02 6.979898818e-01 6.979898818e-01
2.384769539e+02 6.940331150e-01 6.940331150e-01
2.404809619e+02 6.901209563e-01 6.901209563e-01
2.424849699e+02 6.862526556e-01 6.862526556e-01
2.444889780e+02 6.824274801e-01 6.824274801e-01
2.464929860e+02 6.786447121e-01 6.786447121e-01
2.484969940e+02 6.749036496e-01 6.749036496e-01
2.505010020e+02 6.712036063e-01 6.712036063e-01
2.525050100e+02 6.675439126e-01 6.675439126e-01
2.545090180e+02 6.639239123e-01 6.639239123e-01
2.565130261e+02 6.603429632e-01 6.603429632e-01
2.585170341e+02 6.568004368e-01 6.568004368e-01
2.605210421e+02 6.532957179e-01 6.532957179e-01
2.625250501e+02 6.498282054e-01 6.498282054e-01
2.645290581e+02 6.463973101e-01 6.463973101e-01
2.665330661e+02 6.430024549e-01 6.430024549e-01
2.685370741e+02 6.396430742e-01 6.396430742e-01
2.705410822e+02 6.363186146e-01 6.363186146e-01
2.725450902e+02 6.330285348e-01 6.330285348e-01
2.745490982e+02 6.297723034e-01 6.297723034e-01
2.765531062e+02 6.265493997e-01 6.265493997e-01
2.785571142e+02 6.233593131e-01 6.233593131e-01
2.805611222e+02 6.202015443e-01 6.202015443e-01
2.825651303e+02 6.170756065e-01 6.170756065e-01
2.845691383e+02 6.139810210e-01 6.139810210e-01
2.865731463e+02 6.109173190e-01 6.109173190e-01
2.885771543e+02 6.078840409e-01 6.078840409e-01
2.905811623e+02 6.048807366e-01 6.048807366e-01
2.925851703e+02 6.019069647e-01 6.019069647e-01
2.945891784e+02 5.989622926e-01 5.989622926e-01
2.965931864e+02 5.960462960e-01 5.960462960e-01
2.985971944e+02 5.931585518e-01 5.931585518e-01
3.006012024e+02 5.902986700e-01 5.902986700e-01
3.026052104e+02 5.874662333e-01 5.874662333e-01
3.046092184e+02 5.846608487e-01 5.846608487e-01
3.066132265e+02 5.818821293e-01 5.818821293e-01
3.086172345e+02 5.791296938e-01 5.791296938e-01
3.106212425e+02 5.764031705e-01 5.764031705e-01
3.126252505e+02 5.737021965e-01 5.737021965e-01
3.146292585e+02 5.710264154e-01 5.710264154e-01
3.166332665e+02 5.683754777e-01 5.683754777e-01
3.186372745e+02 5.657490413e-01 5.657490413e-01
3.206412826e+02 5.631467710e-01 5.631467710e-01
3.226452906e+02 5.605683330e-01 5.605683330e-01
3.246492986e+02 5.580134001e-01 5.580134001e-01
3.266533066e+02 5.554816511e-01 5.554816511e-01
3.286573146e+02 5.529727717e-01 5.529727717e-01
3.306613226e+02 5.504864530e-01 5.504864530e-01
3.326653307e+02 5.480223922e-01 5.480223922e-01
3.346693387e+02 5.455802923e-01 5.455802923e-01
3.366733467e+02 5.431598623e-01 5.431598623e-01
3.386773547e+02 5.407608155e-01 5.407608155e-01
3.406813627e+02 5.383828688e-01 5.383828688e-01
3.426853707e+02 5.360257446e-01 5.360257446e-01
3.446893788e+02 5.336891705e-01 5.336891705e-01
3.466933868e+02 5.313728787e-01 5.313728787e-01
3.486973948e+02 5.290766063e-01 5.290766063e-01
3.507014028e+02 5.268000950e-01 5.268000950e-01
3.527054108e+02 5.245430913e-01 5.245430913e-01
3.547094188e+02 5.223053454e-01 5.223053454e-01
3.567134269e+02 5.200866116e-01 5.200866116e-01
3.587174349e+02 5.178866488e-01 5.178866488e-01
3.607214429e+02 5.157052196e-01 5.157052196e-01
3.627254509e+02 5.135420906e-01 5.135420906e-01
3.647294589e+02 5.113970325e-01 5.113970325e-01
3.667334669e+02 5.092698199e-01 5.092698199e-01
3.687374749e+02 5.071602313e-01 5.071602313e-01
3.707414830e+02 5.050680485e-01 5.050680485e-01
3.727454910e+02 5.029930567e-01 5.029930567e-01
3.747494990e+02 5.009350452e-01 5.009350452e-01
3.767535070e+02 4.988938065e-01 4.988938065e-01
3.787575150e+02 4.968691359e-01 4.968691359e-01
3.807615230e+02 4.948608328e-01 4.948608328e-01
3.827655311e+02 4.928686995e-01 4.928686995e-01
3.847695391e+02 4.908925413e-01 4.908925413e-01
3.867735471e+02 4.889321668e-01 4.889321668e-01
3.887775551e+02 4.869873881e-01 4.869873881e-01
3.907815631e+02 4.850580194e-01 4.850580194e-01
3.927855711e+02 4.831438783e-01 4.831438783e-01
3.947895792e+02 4.812447855e-01 4.812447855e-01
3.967935872e+02 4.793605635e-01 4.793605635e-01
3.987975952e+02 4.774910381e-01 4.774910381e-01
4.008016032e+02 4.756360382e-01 4.756360382e-01
4.028056112e+02 4.737953959e-01 4.737953959e-01
4.048096192e+02 4.719689458e-01 4.719689458e-01
4.068136273e+02 4.701565245e-01 4.701565245e-01
4.088176353e+02 4.683579694e-01 4.683579694e-01
4.108216433e+02 4.665731220e-01 4.665731220e-01
4.128256513e+02 4.648018265e-01 4.648018265e-01
4.148296593e+02 4.630439296e-01 4.630439296e-01
4.168336673e+02 4.612992808e-01 4.612992808e-01
4.188376754e+02 4.595677297e-01 4.595677297e-01
4.208416834e+02 4.578491288e-01 4.578491288e-01
4.228456914e+02 4.561433335e-01 4.561433335e-01
4.248496994e+02 4.544502016e-01 4.544502016e-01
4.268537074e+02 4.527695933e-01 4.527695933e-01
4.288577154e+02 4.511013704e-01 4.511013704e-01
4.308617234e+02 4.494453951e-01 4.494453951e-01
4.328657315e+02 4.478015332e-01 4.478015332e-01
4.348697395e+02 4.461696525e-01 4.461696525e-01
4.368737475e+02 4.445496228e-01 4.445496228e-01
4.388777555e+02 4.429413179e-01 4.429413179e-01
4.408817635e+02 4.413446061e-01 4.413446061e-01
4.428857715e+02 4.397593650e-01 4.397593650e-01
4.448897796e+02 4.381854712e-01 4.381854712e-01
4.468937876e+02 4.366228033e-01 4.366228033e-01
4.488977956e+02 4.350712420e-01 4.350712420e-01
4.509018036e+02 4.335306698e-01 4.335306698e-01
4.529058116e+02 4.320009693e-01 4.320009693e-01
4.549098196e+02 4.304820259e-01 4.304820259e-01
4.569138277e+02 4.289737266e-01 4.289737266e-01
4.589178357e+02 4.274759599e-01 4.274759599e-01
4.609218437e+02 4.259886159e-01 4.259886159e-01
4.629258517e+02 4.245115862e-01 4.245115862e-01
4.649298597e+02 4.230447637e-01 4.230447637e-01
4.669338677e+02 4.215880436e-01 4.215880436e-01
4.689378758e+02 4.201413220e-01 4.201413220e-01
4.709418838e+02 4.187044962e-01 4.187044962e-01
4.729458918e+02 4.172774648e-01 4.172774648e-01
4.749498998e+02 4.158601277e-01 4.158601277e-01
4.769539078e+02 4.144523859e-01 4.144523859e-01
4.789579158e+02 4.130541417e-01 4.130541417e-01
4.809619238e+02 4.116653005e-01 4.116653005e-01
4.829659319e+02 4.102857680e-01 4.102857680e-01
4.849699399e+02 4.089154510e-01 4.089154510e-01
4.869739479e+02 4.075542576e-01 4.075542576e-01
4.889779559e+02 4.062020969e-01 4.062020969e-01
4.909819639e+02 4.048588793e-01 4.048588793e-01
4.929859719e+02 4.035245165e-01 4.035245165e-01
4.949899800e+02 4.021989210e-01 4.021989210e-01
4.969939880e+02 4.008820069e-01 4.008820069e-01
4.989979960e+02 3.995736890e-01 3.995736890e-01
5.010020040e+02 3.982738833e-01 3.982738833e-01
5.030060120e+02 3.969825067e-01 3.969825067e-01
5.050100200e+02 3.956994774e-01 3.956994774e-01
5.070140281e+02 3.944247144e-01 3.944247144e-01
5.090180361e+02 3.931581380e-01 3.931581380e-01
5.110220441e+02 3.918996697e-01 3.918996697e-01
5.130260521e+02 3.906492317e-01 3.906492317e-01
5.150300601e+02 3.894067473e-01 3.894067473e-01
5.170340681e+02 3.881721405e-01 3.881721405e-01
5.190380762e+02 3.869453365e-01 3.869453365e-01
5.210420842e+02 3.857262601e-01 3.857262601e-01
5.230460922e+02 3.845148418e-01 3.845148418e-01
5.250501002e+02 3.833110081e-01 3.833110081e-01
5.270541082e+02 3.821146884e-01 3.821146884e-01
5.290581162e+02 3.809258129e-01 3.809258129e-01
5.310621242e+02 3.797443129e-01 3.797443129e-01
5.330661323e+02 3.785701205e-01 3.785701205e-01
5.350701403e+02 3.774031689e-01 3.774031689e-01
5.370741483e+02 3.762433917e-01 3.762433917e-01
5.390781563e+02 3.750907237e-01 3.750907237e-01
5.410821643e+02 3.739451001e-01 3.739451001e-01
5.430861723e+02 3.728064547e-01 3.728064547e-01
5.450901804e+02 3.716747216e-01 3.716747216e-01
5.470941884e+02 3.705498364e-01 3.705498364e-01
5.490981964e+02 3.694317382e-01 3.694317382e-01
5.511022044e+02 3.683203666e-01 3.683203666e-01
5.531062124e+02 3.672156616e-01 3.672156616e-01
5.551102204e+02 3.661175638e-01 3.661175638e-01
5.571142285e+02 3.650260144e-01 3.650260144e-01
5.591182365e+02 3.639409556e-01 3.639409556e-01
5.611222445e+02 3.628623280e-01 3.628623280e-01
5.631262525e+02 3.617900745e-01 3.617900745e-01
5.651302605e+02 3.607241396e-01 3.607241396e-01
5.671342685e+02 3.596644668e-01 3.596644668e-01
5.691382766e+02 3.586110013e-01 3.586110013e-01
5.711422846e+02 3.575636896e-01 3.575636896e-01
5.731462926e+02 3.565224772e-01 3.565224772e-01
5.751503006e+02 3.554873116e-01 3.554873116e-01
5.771543086e+02 3.544581402e-01 3.544581402e-01
5.791583166e+02 3.534349104e-01 3.534349104e-01
5.811623246e+02 3.524175716e-01 3.524175716e-01
5.831663327e+02 3.514060728e-01 3.514060728e-01
5.851703407e+02 3.504003633e-01 3.504003633e-01
5.871743487e+02 3.494003947e-01 3.494003947e-01
5.891783567e+02 3.484061177e-01 3.484061177e-01
5.911823647e+02 3.474174827e-01 3.474174827e-01
5.931863727e+02 3.464344425e-01 3.464344425e-01
5.951903808e+02 3.454569505e-01 3.454569505e-01
5.971943888e+02 3.444849591e-01 3.444849591e-01
5.991983968e+02 3.435184213e-01 3.435184213e-01
6.012024048e+02 3.425572929e-01 3.425572929e-01
6.032064128e+02 3.416015280e-01 3.416015280e-01
6.052104208e+02 3.406510830e-01 3.406510830e-01
6.072144289e+02 3.397059089e-01 3.397059089e-01
6.092184369e+02 3.387659670e-01 3.387659670e-01
6.112224449e+02 3.378312123e-01 3.378312123e-01
6.132264529e+02 3.369016013e-01 3.369016013e-01
6.152304609e+02 3.359770924e-01 3.359770924e-01
6.172344689e+02 3.350576434e-01 3.350576434e-01
6.192384770e+02 3.341432128e-01 3.341432128e-01
6.212424850e+02 3.332337596e-01 3.332337596e-01
6.232464930e+02 3.323292435e-01 3.323292435e-01
6.252505010e+02 3.314296250e-01 3.314296250e-01
6.272545090e+02 3.305348640e-01 3.305348640e-01
6.292585170e+02 3.296449204e-01 3.296449204e-01
6.312625251e+02 3.287597557e-01 3.287597557e-01
6.332665331e+02 3.278793316e-01 3.278793316e-01
6.352705411e+02 3.270036106e-01 3.270036106e-01
6.372745491e+02 3.261325555e-01 3.261325555e-01
6.392785571e+02 3.252661299e-01 3.252661299e-01
6.412825651e+02 3.244042963e-01 3.244042963e-01
6.432865731e+02 3.235470176e-01 3.235470176e-01
6.452905812e+02 3.226942578e-01 3.226942578e-01
6.472945892e+02 3.218459814e-01 3.218459814e-01
6.492985972e+02 3.210021531e-01 3.210021531e-01
6.513026052e+02 3.201627381e-01 3.201627381e-01
6.533066132e+02 3.193277021e-01 3.193277021e-01
6.553106212e+02 3.184970105e-01 3.184970105e-01
6.573146293e+02 3.176706296e-01 3.176706296e-01
6.593186373e+02 3.168485258e-01 3.168485258e-01
6.613226453e+02 3.160306659e-01 3.160306659e-01
6.633266533e+02 3.152170174e-01 3.152170174e-01
6.653306613e+02 3.144075479e-01 3.144075479e-01
6.673346693e+02 3.136022257e-01 3.136022257e-01
6.693386774e+02 3.128010179e-01 3.128010179e-01
6.713426854e+02 3.120038935e-01 3.120038935e-01
6.733466934e+02 3.112108216e-01 3.112108216e-01
6.753507014e+02 3.104217712e-01 3.104217712e-01
6.773547094e+02 3.096367119e-01 3.096367119e-01
6.793587174e+02 3.088556137e-01 3.088556137e-01
6.813627255e+02 3.080784466e-01 3.080784466e-01
6.833667335e+02 3.073051809e-01 3.073051809e-01
6.853707415e+02 3.065357872e-01 3.065357872e-01
6.873747495e+02 3.057702365e-01 3.057702365e-01
6.893787575e+02 3.050085001e-01 3.050085001e-01
6.913827655e+02 3.042505497e-01 3.042505497e-01
6.933867735e+02 3.034963572e-01 3.034963572e-01
6.953907816e+02 3.027458947e-01 3.027458947e-01
6.973947896e+02 3.019991348e-01 3.019991348e-01
6.993987976e+02 3.012560501e-01 3.012560501e-01
7.014028056e+02 3.005166137e-01 3.005166137e-01
7.034068136e+02 2.997807987e-01 2.997807987e-01
7.054108216e+02 2.990485778e-01 2.990485778e-01
7.074148297e+02 2.983199240e-01 2.983199240e-01
7.094188377e+02 2.975948114e-01 2.975948114e-01
7.114228457e+02 2.968732150e-01 2.968732150e-01
7.134268537e+02 2.961551105e-01 2.961551105e-01
7.154308617e+02 2.954404723e-01 2.954404723e-01
7.174348697e+02 2.947292752e-01 2.947292752e-01
7.194388778e+02 2.940214940e-01 2.940214940e-01
7.214428858e+02 2.933171040e-01 2.933171040e-01
7.234468938e+02 2.926160804e-01 2.926160804e-01
7.254509018e+02 2.919183992e-01 2.919183992e-01
7.274549098e+02 2.912240371e-01 2.912240371e-01
7.294589178e+02 2.905329710e-01 2.905329710e-01
7.314629259e+02 2.898451773e-01 2.898451773e-01
7.334669339e+02 2.891606327e-01 2.891606327e-01
7.354709419e+02 2.884793139e-01 2.884793139e-01
7.374749499e+02 2.878011982e-01 2.878011982e-01
7.394789579e+02 2.871262626e-01 2.871262626e-01
7.414829659e+02 2.864544851e-01 2.864544851e-01
7.434869739e+02 2.857858440e-01 2.857858440e-01
7.454909820e+02 2.851203172e-01 2.851203172e-01
7.474949900e+02 2.844578831e-01 2.844578831e-01
7.494989980e+02 2.837985200e-01 2.837985200e-01
7.515030060e+02 2.831422067e-01 2.831422067e-01
7.535070140e+02 2.824889218e-01 2.824889218e-01
7.555110220e+02 2.818386447e-01 2.818386447e-01
7.575150301e+02 2.811913545e-01 2.811913545e-01
7.595190381e+02 2.805470310e-01 2.805470310e-01
7.615230461e+02 2.799056535e-01 2.799056535e-01
7.635270541e+02 2.792672020e-01 2.792672020e-01
7.655310621e+02 2.786316566e-01 2.786316566e-01
7.675350701e+02 2.779989973e-01 2.779989973e-01
7.695390782e+02 2.773692044e-01 2.773692044e-01
7.715430862e+02 2.767422588e-01 2.767422588e-01
7.735470942e+02 2.761181409e-01 2.761181409e-01
7.755511022e+02 2.754968317e-01 2.754968317e-01
7.775551102e+02 2.748783125e-01 2.748783125e-01
7.795591182e+02 2.742625643e-01 2.742625643e-01
7.815631263e+02 2.736495691e-01 2.736495691e-01
7.835671343e+02 2.730393085e-01 2.730393085e-01
7.855711423e+02 2.724317640e-01 2.724317640e-01
7.875751503e+02 2.718269172e-01 2.718269172e-01
7.895791583e+02 2.712247494e-01 2.712247494e-01
7.915831663e+02 2.706252436e-01 2.706252436e-01
7.935871743e+02 2.700283828e-01 2.700283828e-01
7.955911824e+02 2.694341493e-01 2.694341493e-01
7.975951904e+02 2.688425253e-01 2.688425253e-01
7.995991984e+02 2.682534933e-01 2.682534933e-01
8.016032064e+02 2.676670365e-01 2.676670365e-01
8.036072144e+02 2.670831389e-01 2.670831389e-01
8.056112224e+02 2.665017836e-01 2.665017836e-01
8.076152305e+02 2.659229536e-01 2.659229536e-01
8.096192385e+02 2.653466322e-01 2.653466322e-01
8.116232465e+02 2.647728051e-01 2.647728051e-01
8.136272545e+02 2.642014515e-01 2.642014515e-01
8.156312625e+02 2.636325596e-01 2.636325596e-01
8.176352705e+02 2.630661130e-01 2.630661130e-01
8.196392786e+02 2.625020950e-01 2.625020950e-01
8.216432866e+02 2.619404898e-01 2.619404898e-01
8.236472946e+02 2.613812826e-01 2.613812826e-01
8.256513026e+02 2.608244578e-01 2.608244578e-01
8.276553106e+02 2.602700003e-01 2.602700003e-01
8.296593186e+02 2.597178949e-01 2.597178949e-01
8.316633267e+02 2.591681266e-01 2.591681266e-01
8.336673347e+02 2.586206807e-01 2.586206807e-01
8.356713427e+02 2.580755428e-01 2.580755428e-01
8.376753507e+02 2.575326983e-01 2.575326983e-01
8.396793587e+02 2.569921332e-01 2.569921332e-01
8.416833667e+02 2.564538328e-01 2.564538328e-01
8.436873747e+02 2.559177823e-01 2.559177823e-01
8.456913828e+02 2.553839677e-01 2.553839677e-01
8.476953908e+02 2.548523750e-01 2.548523750e-01
8.496993988e+02 2.543229907e-01 2.543229907e-01
8.517034068e+02 2.537958009e-01 2.537958009e-01
8.537074148e+02 2.532707924e-01 2.532707924e-01
8.557114228e+02 2.527479518e-01 2.527479518e-01
8.577154309e+02 2.522272660e-01 2.522272660e-01
8.597194389e+02 2.517087219e-01 2.517087219e-01
8.617234469e+02 2.511923057e-01 2.511923057e-01
8.637274549e+02 2.506780040e-01 2.506780040e-01
8.657314629e+02 2.501658040e-01 2.501658040e-01
8.677354709e+02 2.496556927e-01 2.496556927e-01
8.697394790e+02 2.491476575e-01 2.491476575e-01
8.717434870e+02 2.486416857e-01 2.486416857e-01
8.737474950e+02 2.481377647e-01 2.481377647e-01
8.757515030e+02 2.476358823e-01 2.476358823e-01
8.777555110e+02 2.471360261e-01 2.471360261e-01
8.797595190e+02 2.466381838e-01 2.466381838e-01
8.817635271e+02 2.461423431e-01 2.461423431e-01
8.837675351e+02 2.456484920e-01 2.456484920e-01
8.857715431e+02 2.451566185e-01 2.451566185e-01
8.877755511e+02 2.446667107e-01 2.446667107e-01
8.897795591e+02 2.441787569e-01 2.441787569e-01
8.917835671e+02 2.436927456e-01 2.436927456e-01
8.937875752e+02 2.432086650e-01 2.432086650e-01
8.957915832e+02 2.427265039e-01 2.427265039e-01
8.977955912e+02 2.422462509e-01 2.422462509e-01
8.997995992e+02 2.417678946e-01 2.417678946e-01
9.018036072e+02 2.412914236e-01 2.412914236e-01
9.038076152e+02 2.408168270e-01 2.408168270e-01
9.058116232e+02 2.403440936e-01 2.403440936e-01
9.078156313e+02 2.398732125e-01 2.398732125e-01
9.098196393e+02 2.394041730e-01 2.394041730e-01
9.118236473e+02 2.389369643e-01 2.389369643e-01
9.138276553e+02 2.384715757e-01 2.384715757e-01
9.158316633e+02 2.380079968e-01 2.380079968e-01
9.178356713e+02 2.375462170e-01 2.375462170e-01
9.198396794e+02 2.370862258e-01 2.370862258e-01
9.218436874e+02 2.366280128e-01 2.366280128e-01
9.238476954e+02 2.361715678e-01 2.361715678e-01
9.258517034e+02 2.357168805e-01 2.357168805e-01
9.278557114e+02 2.352639409e-01 2.352639409e-01
9.298597194e+02 2.348127390e-01 2.348127390e-01
9.318637275e+02 2.343632647e-01 2.343632647e-01
9.338677355e+02 2.339155080e-01 2.339155080e-01
9.358717435e+02 2.334694590e-01 2.334694590e-01
9.378757515e+02 2.330251079e-01 2.330251079e-01
9.398797595e+02 2.325824451e-01 2.325824451e-01
9.418837675e+02 2.321414608e-01 2.321414608e-01
9.438877756e+02 2.317021455e-01 2.317021455e-01
9.458917836e+02 2.312644896e-01 2.312644896e-01
9.478957916e+02 2.308284837e-01 2.308284837e-01
9.498997996e+02 2.303941185e-01 2.303941185e-01
9.519038076e+02 2.299613846e-01 2.299613846e-01
9.539078156e+02 2.295302729e-01 2.295302729e-01
9.559118236e+02 2.291007741e-01 2.291007741e-01
9.579158317e+02 2.286728793e-01 2.286728793e-01
9.599198397e+02 2.282465794e-01 2.282465794e-01
9.619238477e+02 2.278218656e-01 2.278218656e-01
9.639278557e+02 2.273987294e-01 2.273987294e-01
9.659318637e+02 2.269771619e-01 2.269771619e-01
9.679358717e+02 2.265571547e-01 2.265571547e-01
9.699398798e+02 2.261386991e-01 2.261386991e-01
9.719438878e+02 2.257217868e-01 2.257217868e-01
9.739478958e+02 2.253064041e-01 2.253064041e-01
9.759519038e+02 2.248925557e-01 2.248925557e-01
9.779559118e+02 2.244802243e-01 2.244802243e-01
9.799599198e+02 2.240694019e-01 2.240694019e-01
9.819639279e+02 2.236600807e-01 2.236600807e-01
9.839679359e+02 2.232522528e-01 2.232522528e-01
9.859719439e+02 2.228459103e-01 2.228459103e-01
9.879759519e+02 2.224410451e-01 2.224410451e-01
9.899799599e+02 2.220376484e-01 2.220376484e-01
9.919839679e+02 2.216357112e-01 2.216357112e-01
9.939879760e+02 2.212352250e-01 2.212352250e-01
9.959919840e+02 2.208361826e-01 2.208361826e-01
9.979959920e+02 2.204385768e-01 2.204385768e-01
1.000000000e+03 2.200423999e-01 2.200423999e-01
