time            Ap              Aq              Br              Bs              Cj              Ck              HelperAAq       HelperBBs       HelperCCk      
0.000000000e+00 1.100000000e+01 0.000000000e+00 1.000000000e+01 0.000000000e+00 3.000000000e+00 0.000000000e+00 7.500000000e+01 7.500000000e+01 7.500000000e+01
4.328657315e+02 7.233381788e+00 2.215389708e-01 7.820604389e+00 1.416385538e+00 2.493377398e+00 2.114777308e-01 7.469601738e+01 7.305848194e+01 7.475015850e+01
8.657314629e+02 5.716867531e+00 3.820056737e-01 8.019591345e+00 2.657416470e+00 2.312755276e+00 4.292621195e-01 7.439437904e+01 7.106057413e+01 7.444907288e+01
1.298597194e+03 4.423355433e+00 4.639731766e-01 8.275197008e+00 3.638855440e+00 2.211202430e+00 6.505857606e-01 7.413797466e+01 6.928178348e+01 7.410221406e+01
1.731462926e+03 3.370767768e+00 4.923480006e-01 8.504055349e+00 4.392086048e+00 2.179446458e+00 8.809085946e-01 7.391755703e+01 6.776836052e+01 7.370494993e+01
2.164328657e+03 2.544731071e+00 4.875191606e-01 8.663449549e+00 4.946204968e+00 2.210454245e+00 1.125096507e+00 7.372568849e+01 6.652278004e+01 7.325267673e+01
2.597194389e+03 1.913589748e+00 4.644165538e-01 8.736831181e+00 5.330240246e+00 2.298910411e+00 1.387360509e+00 7.355646009e+01 6.552010737e+01 7.274115472e+01
3.030060120e+03 1.440434387e+00 4.330450341e-01 8.722498271e+00 5.571871543e+00 2.440645608e+00 1.671137710e+00 7.340518064e+01 6.472315215e+01 7.216694738e+01
3.462925852e+03 1.090307283e+00 3.996140189e-01 8.626097365e+00 5.695927143e+00 2.632086390e+00 1.978936528e+00 7.326809703e+01 6.409273905e+01 7.152790694e+01
3.895791583e+03 8.334490141e-01 3.676915549e-01 8.456331875e+00 5.723694597e+00 2.869768775e+00 2.312172970e+00 7.314216545e+01 6.359320433e+01 7.082364485e+01
4.328657315e+03 6.460868986e-01 3.391400080e-01 8.222844066e+00 5.673005346e+00 3.149942398e+00 2.671028495e+00 7.302487314e+01 6.319456144e+01 7.005592192e+01
4.761523046e+03 5.099891307e-01 3.147887747e-01 7.935349042e+00 5.558753881e+00 3.468285918e+00 3.054361492e+00 7.291410179e+01 6.287277092e+01 6.922889294e+01
5.194388778e+03 4.115499178e-01 2.948832678e-01 7.603374945e+00 5.393544145e+00 3.819749380e+00 3.459700614e+00 7.280802258e+01 6.260912058e+01 6.834915110e+01
5.627254509e+03 3.408076072e-01 2.793695079e-01 7.236221570e+00 5.188271368e+00 4.198530347e+00 3.883337756e+00 7.270501380e+01 6.238930284e+01 6.742554186e+01
6.060120240e+03 2.905722174e-01 2.680677459e-01 6.842937739e+00 4.952552524e+00 4.598176475e+00 4.320522071e+00 7.260359393e+01 6.220248532e+01 6.646875160e+01
6.492985972e+03 2.557176085e-01 2.607751481e-01 6.432240252e+00 4.694990526e+00 5.011791008e+00 4.765738025e+00 7.250236505e+01 6.204049855e+01 6.549071489e+01
6.925851703e+03 2.326369022e-01 2.573251840e-01 6.012368656e+00 4.423299078e+00 5.432303794e+00 5.213034864e+00 7.239996266e+01 6.189717590e+01 6.450391556e+01
7.358717435e+03 2.188377680e-01 2.576217684e-01 5.590905377e+00 4.144333500e+00 5.852763266e+00 5.656366343e+00 7.229500900e+01 6.176783894e+01 6.352067147e+01
7.791583166e+03 2.126491639e-01 2.616595677e-01 5.174600871e+00 3.864074865e+00 6.266606487e+00 6.089900169e+00 7.218606779e+01 6.164890614e+01 6.255248843e+01
8.224448898e+03 2.130133220e-01 2.695374907e-01 4.769237722e+00 3.587606430e+00 6.667873705e+00 6.508265272e+00 7.207159861e+01 6.153759981e+01 6.160954776e+01
8.657314629e+03 2.193413972e-01 2.814695920e-01 4.379554251e+00 3.319108258e+00 7.051347835e+00 6.906718455e+00 7.194990973e+01 6.143172825e+01 6.070036211e+01
9.090180361e+03 2.314159481e-01 2.977958383e-01 4.009233335e+00 3.061882333e+00 7.412613574e+00 7.281225975e+00 7.181910850e+01 6.132952412e+01 5.983160418e+01
9.523046092e+03 2.493275543e-01 3.189940367e-01 3.660950268e+00 2.818409653e+00 7.748043390e+00 7.628467976e+00 7.167704891e+01 6.122952418e+01 5.900808920e+01
9.955911824e+03 2.734360681e-01 3.456933640e-01 3.336466170e+00 2.590433540e+00 8.054724534e+00 7.945780467e+00 7.152127678e+01 6.113047896e+01 5.823287796e+01
1.038877756e+04 3.043492026e-01 3.786892696e-01 3.036750754e+00 2.379060166e+00 8.330345568e+00 8.231053865e+00 7.134897366e+01 6.103128400e+01 5.750746171e+01
1.082164329e+04 3.429126164e-01 4.189587780e-01 2.762119171e+00 2.184866876e+00 8.573060525e+00 8.482606655e+00 7.115690240e+01 6.093092612e+01 5.683199308e+01
1.125450902e+04 3.902061693e-01 4.676743814e-01 2.512370234e+00 2.008010127e+00 8.781347762e+00 8.699051700e+00 7.094135868e+01 6.082844025e+01 5.620553237e+01
1.168737475e+04 4.475411898e-01 5.262136919e-01 2.286917278e+00 1.848327276e+00 8.953877406e+00 8.879169391e+00 7.069813584e+01 6.072287297e+01 5.562628760e+01
1.212024048e+04 5.164528613e-01 5.961605888e-01 2.084906078e+00 1.705428496e+00 9.089400204e+00 9.021800832e+00 7.042251299e+01 6.061325015e+01 5.509183349e+01
1.255310621e+04 5.986809582e-01 6.792923235e-01 1.905317478e+00 1.578777358e+00 9.186668133e+00 9.125771640e+00 7.010927986e+01 6.049854631e+01 5.459930173e+01
1.298597194e+04 6.961307104e-01 7.775450719e-01 1.747054251e+00 1.467759882e+00 9.244397294e+00 9.189857142e+00 6.975281582e+01 6.037765386e+01 5.414553912e+01
1.341883768e+04 8.108052082e-01 8.929499394e-01 1.609013641e+00 1.371743353e+00 9.261281334e+00 9.212797411e+00 6.934724054e+01 6.024935041e+01 5.372723473e+01
1.385170341e+04 9.446997817e-01 1.027530103e+00 1.490147283e+00 1.290126341e+00 9.236063818e+00 9.193370684e+00 6.888665577e+01 6.011226246e+01 5.334101775e+01
1.428456914e+04 1.099650729e+00 1.183151664e+00 1.389511196e+00 1.222382228e+00 9.167673395e+00 9.130529387e+00 6.836549027e+01 5.996482395e+01 5.298352984e+01
1.471743487e+04 1.277135010e+00 1.361324761e+00 1.306308121e+00 1.168098141e+00 9.055419235e+00 9.023596145e+00 6.777894900e+01 5.980522813e+01 5.265147590e+01
1.515030060e+04 1.478024867e+00 1.562958764e+00 1.239924838e+00 1.127011578e+00 8.899234260e+00 8.872507780e+00 6.712354638e+01 5.963137152e+01 5.234165710e+01
1.558316633e+04 1.702310736e+00 1.788084630e+00 1.189966434e+00 1.099046350e+00 8.699942500e+00 8.678083673e+00 6.639768191e+01 5.944078900e+01 5.205098958e+01
1.601603206e+04 1.948821224e+00 2.035572929e+00 1.156288910e+00 1.084348784e+00 8.459510633e+00 8.442278749e+00 6.560218148e+01 5.923058062e+01 5.177651187e+01
1.644889780e+04 2.214977282e+00 2.302884474e+00 1.139031057e+00 1.083324587e+00 8.181238242e+00 8.168375682e+00 6.474071486e+01 5.899733177e+01 5.151538390e+01
1.688176353e+04 2.496626013e+00 2.585899091e+00 1.138644983e+00 1.096675029e+00 7.869838457e+00 7.861067960e+00 6.381999088e+01 5.873703165e+01 5.126487970e+01
1.731462926e+04 2.787995656e+00 2.878864493e+00 1.155922953e+00 1.125429294e+00 7.531374479e+00 7.526399093e+00 6.284965698e+01 5.844499931e+01 5.102237580e+01
1.774749499e+04 3.081800538e+00 3.174494862e+00 1.192015550e+00 1.170967229e+00 7.173040122e+00 7.171545856e+00 6.184187349e+01 5.811583257e+01 5.078533720e+01
1.818036072e+04 3.369502850e+00 3.464227082e+00 1.248432508e+00 1.235023240e+00 6.802804567e+00 6.804465365e+00 6.081059788e+01 5.774340359e+01 5.055130252e+01
1.861322645e+04 3.641714612e+00 3.738619100e+00 1.327013413e+00 1.319658303e+00 6.428969246e+00 6.433453654e+00 5.977067308e+01 5.732093392e+01 5.031787040e+01
1.904609218e+04 3.888708197e+00 3.987859761e+00 1.429851022e+00 1.427183118e+00 6.059700205e+00 6.066678895e+00 5.873684885e+01 5.684119084e+01 5.008268864e+01
1.947895792e+04 4.100994984e+00 4.202350273e+00 1.559147547e+00 1.560013314e+00 5.702601350e+00 5.711754631e+00 5.772287431e+01 5.629685032e+01 4.984344849e+01
1.991182365e+04 4.269936773e+00 4.373322120e+00 1.716985810e+00 1.720439348e+00 5.364377376e+00 5.375401963e+00 5.674076900e+01 5.568106505e+01 4.959788553e+01
2.034468938e+04 4.388358016e+00 4.493459253e+00 1.905006813e+00 1.910303094e+00 5.050613055e+00 5.063227575e+00 5.580033565e+01 5.498824885e+01 4.934378873e+01
2.077755511e+04 4.451125438e+00 4.557490438e+00 2.124005257e+00 2.130592618e+00 4.765671637e+00 4.779620576e+00 5.490892782e+01 5.421503820e+01 4.907901819e+01
2.121042084e+04 4.455647259e+00 4.562702778e+00 2.373485459e+00 2.380996949e+00 4.512696850e+00 4.527752897e+00 5.407144486e+01 5.336131673e+01 4.880153072e+01
2.164328657e+04 4.402222487e+00 4.509305085e+00 2.651255087e+00 2.659497254e+00 4.293693697e+00 4.309658578e+00 5.329050360e+01 5.243111079e+01 4.850941113e+01
2.207615230e+04 4.294155937e+00 4.400554489e+00 2.953159638e+00 2.962096533e+00 4.109661030e+00 4.126365042e+00 5.256672855e+01 5.143311407e+01 4.820090564e+01
2.250901804e+04 4.137567747e+00 4.242572696e+00 3.273058075e+00 3.282788263e+00 3.960751748e+00 3.978052259e+00 5.189910593e+01 5.038062294e+01 4.787445327e+01
2.294188377e+04 3.940873857e+00 4.043826640e+00 3.603100225e+00 3.613825900e+00 3.846441573e+00 3.864220788e+00 5.128535740e+01 4.929077308e+01 4.752871184e+01
2.337474950e+04 3.713991786e+00 3.814327532e+00 3.934291909e+00 3.946281254e+00 3.765691996e+00 3.783854277e+00 5.072230039e+01 4.818314929e+01 4.716257649e+01
2.380761523e+04 3.467399826e+00 3.564677758e+00 4.257253395e+00 4.270799984e+00 3.717097244e+00 3.735566276e+00 5.020617242e+01 4.707801828e+01 4.677519106e+01
2.424048096e+04 3.211216095e+00 3.305134711e+00 4.563023423e+00 4.578407547e+00 3.699008425e+00 3.717724470e+00 4.973290607e+01 4.599453676e+01 4.636595450e+01
2.467334669e+04 2.954448599e+00 3.044845814e+00 4.843757343e+00 4.861214216e+00 3.709631183e+00 3.728548599e+00 4.929834818e+01 4.494926909e+01 4.593452517e+01
2.510621242e+04 2.704509159e+00 2.791350158e+00 5.093211206e+00 5.112909301e+00 3.747096224e+00 3.766181350e+00 4.889842338e+01 4.395523119e+01 4.548082561e+01
2.553907816e+04 2.467008027e+00 2.550364959e+00 5.306973217e+00 5.329003737e+00 3.809504821e+00 3.828734275e+00 4.852924637e+01 4.302151347e+01 4.500504905e+01
2.597194389e+04 2.245788819e+00 2.325816677e+00 5.482462555e+00 5.506838922e+00 3.894953586e+00 3.914312928e+00 4.818719078e+01 4.215340786e+01 4.450766709e+01
2.640480962e+04 2.043128227e+00 2.120040524e+00 5.618757817e+00 5.645422741e+00 4.001543826e+00 4.021026525e+00 4.786892344e+01 4.135288240e+01 4.398943667e+01
2.683767535e+04 1.860023735e+00 1.934070460e+00 5.716325241e+00 5.745162444e+00 4.127381069e+00 4.146987692e+00 4.757141331e+01 4.061923959e+01 4.345140384e+01
2.727054108e+04 1.696502603e+00 1.767951825e+00 5.776712818e+00 5.807560785e+00 4.270569855e+00 4.290307390e+00 4.729192301e+01 3.994981354e+01 4.289490160e+01
2.770340681e+04 1.551911223e+00 1.621034760e+00 5.802253030e+00 5.834918755e+00 4.429207884e+00 4.449089119e+00 4.702798957e+01 3.934061722e+01 4.232153951e+01
2.813627255e+04 1.425160363e+00 1.492223342e+00 5.795801861e+00 5.830073285e+00 4.601382384e+00 4.621425293e+00 4.677739943e+01 3.878688602e+01 4.173318387e+01
2.856913828e+04 1.314918940e+00 1.380172733e+00 5.760524156e+00 5.796180636e+00 4.785170390e+00 4.805397478e+00 4.653816060e+01 3.828350197e+01 4.113192786e+01
2.900200401e+04 1.219757237e+00 1.283435107e+00 5.699726717e+00 5.736547323e+00 4.978643634e+00 4.999081230e+00 4.630847555e+01 3.782530244e+01 4.052005333e+01
2.943486974e+04 1.138247652e+00 1.200562476e+00 5.616732638e+00 5.654502383e+00 5.179877879e+00 5.200555369e+00 4.608671438e+01 3.740729075e+01 3.989998423e+01
2.986773547e+04 1.069030480e+00 1.130173964e+00 5.514790620e+00 5.553304868e+00 5.386965967e+00 5.407914979e+00 4.587139036e+01 3.702476767e+01 3.927423516e+01
3.030060120e+04 1.010853159e+00 1.070996079e+00 5.397011908e+00 5.436079294e+00 5.598033347e+00 5.619286892e+00 4.566113774e+01 3.667340287e+01 3.864535752e+01
3.073346693e+04 9.625911193e-01 1.021884214e+00 5.266327330e+00 5.305771483e+00 5.811254935e+00 5.832846543e+00 4.545469171e+01 3.634926509e+01 3.801588539e+01
3.116633267e+04 9.232551294e-01 9.818303816e-01 5.125460408e+00 5.165120769e+00 6.024871870e+00 6.046834731e+00 4.525087071e+01 3.604882265e+01 3.738828435e+01
3.159919840e+04 8.919904777e-01 9.499625828e-01 4.976911603e+00 5.016643570e+00 6.237207080e+00 6.259573223e+00 4.504856073e+01 3.576892654e+01 3.676490498e+01
3.203206413e+04 8.680707964e-01 9.255386987e-01 4.822951366e+00 4.862625950e+00 6.446678683e+00 6.469478204e+00 4.484670161e+01 3.550678252e+01 3.614794312e+01
3.246492986e+04 8.508890104e-01 9.079374145e-01 4.665619645e+00 4.705122789e+00 6.651810565e+00 6.675070934e+00 4.464427498e+01 3.525991803e+01 3.553940771e+01
3.289779559e+04 8.399469289e-01 8.966477413e-01 4.506730311e+00 4.545961979e+00 6.851239857e+00 6.874985300e+00 4.444029398e+01 3.502614739e+01 3.494109685e+01
3.333066132e+04 8.348444157e-01 8.912580865e-01 4.347879483e+00 4.386752610e+00 7.043721120e+00 7.067972102e+00 4.423379441e+01 3.480353742e+01 3.435458213e+01
3.376352705e+04 8.352687977e-01 8.914455544e-01 4.190456636e+00 4.228896003e+00 7.228127399e+00 7.252900192e+00 4.402382738e+01 3.459037496e+01 3.378120083e+01
3.419639279e+04 8.409847862e-01 8.969657595e-01 4.035657801e+00 4.073598877e+00 7.403448708e+00 7.428755057e+00 4.380945354e+01 3.438513716e+01 3.322205491e+01
3.462925852e+04 8.518248846e-01 9.076431305e-01 3.884500459e+00 3.921888254e+00 7.568788003e+00 7.594634876e+00 4.358973863e+01 3.418646411e+01 3.267801632e+01
3.506212425e+04 8.676806496e-01 9.233620807e-01 3.737838683e+00 3.774626629e+00 7.723355959e+00 7.749745381e+00 4.336375072e+01 3.399313529e+01 3.214973637e+01
3.549498998e+04 8.884941081e-01 9.440583432e-01 3.596379569e+00 3.632528453e+00 7.866464068e+00 7.893393029e+00 4.313055904e+01 3.380404788e+01 3.163765997e+01
3.592785571e+04 9.142497798e-01 9.697109258e-01 3.460698973e+00 3.496175939e+00 7.997517689e+00 8.024978118e+00 4.288923456e+01 3.361819827e+01 3.114204153e+01
3.636072144e+04 9.449667530e-01 1.000334131e+00 3.331257230e+00 3.366034851e+00 8.116008938e+00 8.143987730e+00 4.263885250e+01 3.343466567e+01 3.066296303e+01
3.679358717e+04 9.806908737e-01 1.035969702e+00 3.208414045e+00 3.242469474e+00 8.221510230e+00 8.249989330e+00 4.237849678e+01 3.325259799e+01 3.020035253e+01
3.722645291e+04 1.021486429e+00 1.076678470e+00 3.092443185e+00 3.125757389e+00 8.313668473e+00 8.342624999e+00 4.210726673e+01 3.307119896e+01 2.975400358e+01
3.765931864e+04 1.067428001e+00 1.122532181e+00 2.983545261e+00 3.016102340e+00 8.392201008e+00 8.421607419e+00 4.182428594e+01 3.288971775e+01 2.932359297e+01
3.809218437e+04 1.118591612e+00 1.173604629e+00 2.881860047e+00 2.913646629e+00 8.456892722e+00 8.486717022e+00 4.152871337e+01 3.270743948e+01 2.890869833e+01
3.852505010e+04 1.175045264e+00 1.229962175e+00 2.787477838e+00 2.818482566e+00 8.507594745e+00 8.537800722e+00 4.121975674e+01 3.252367670e+01 2.850881475e+01
3.895791583e+04 1.236839140e+00 1.291653939e+00 2.700449329e+00 2.730662412e+00 8.544224980e+00 8.574772480e+00 4.089668799e+01 3.233776248e+01 2.812336954e+01
3.939078156e+04 1.303995193e+00 1.358701374e+00 2.620794618e+00 2.650207473e+00 8.566770086e+00 8.597615328e+00 4.055886061e+01 3.214904408e+01 2.775173588e+01
3.982364729e+04 1.376496396e+00 1.431087503e+00 2.548511168e+00 2.577116124e+00 8.575288800e+00 8.606384725e+00 4.020572833e+01 3.195687760e+01 2.739324497e+01
4.025651303e+04 1.454275817e+00 1.508745966e+00 2.483580636e+00 2.511370707e+00 8.569916462e+00 8.601213115e+00 3.983686479e+01 3.176062347e+01 2.704719663e+01
4.068937876e+04 1.537205773e+00 1.591550138e+00 2.425974824e+00 2.452943551e+00 8.550870137e+00 8.582315100e+00 3.945198334e+01 3.155964271e+01 2.671286861e+01
4.112224449e+04 1.625087497e+00 1.679302747e+00 2.375660656e+00 2.401802003e+00 8.518454038e+00 8.549992890e+00 3.905095617e+01 3.135329394e+01 2.638952463e+01
4.155511022e+04 1.717641881e+00 1.771726554e+00 2.332604285e+00 2.357912588e+00 8.473064377e+00 8.504641193e+00 3.863383140e+01 3.114093131e+01 2.607642116e+01
4.198797595e+04 1.814501261e+00 1.868456045e+00 2.296774349e+00 2.321244321e+00 8.415193770e+00 8.446751652e+00 3.820084835e+01 3.092190319e+01 2.577281333e+01
4.242084168e+04 1.915203602e+00 1.969031519e+00 2.268144357e+00 2.291771130e+00 8.345433676e+00 8.376915307e+00 3.775244799e+01 3.069555189e+01 2.547795971e+01
4.285370741e+04 2.019188902e+00 2.072895368e+00 2.246694220e+00 2.269473429e+00 8.264475139e+00 8.295823359e+00 3.728927935e+01 3.046121451e+01 2.519112637e+01
4.328657315e+04 2.125798586e+00 2.179391330e+00 2.232410961e+00 2.254338859e+00 8.173106996e+00 8.204265372e+00 3.681220013e+01 3.021822485e+01 2.491159025e+01
4.371943888e+04 2.234278229e+00 2.287767069e+00 2.225288552e+00 2.246362157e+00 8.072211324e+00 8.103124729e+00 3.632227135e+01 2.996591685e+01 2.463864194e+01
4.415230461e+04 2.343783834e+00 2.397180303e+00 2.225326845e+00 2.245544111e+00 7.962756035e+00 7.993371196e+00 3.582074560e+01 2.970362935e+01 2.437158795e+01
4.458517034e+04 2.453391990e+00 2.506708809e+00 2.232529546e+00 2.251889555e+00 7.845784353e+00 7.876050374e+00 3.530904870e+01 2.943071272e+01 2.410975261e+01
4.501803607e+04 2.562113380e+00 2.615363807e+00 2.246901314e+00 2.265404488e+00 7.722401939e+00 7.752270769e+00 3.478875608e+01 2.914653697e+01 2.385247962e+01
4.545090180e+04 2.668909720e+00 2.722106775e+00 2.268443863e+00 2.286092192e+00 7.593761615e+00 7.623188469e+00 3.426156394e+01 2.885050186e+01 2.359913343e+01
4.588376754e+04 2.772713422e+00 2.825869053e+00 2.297151166e+00 2.313948462e+00 7.461046466e+00 7.489990172e+00 3.372925684e+01 2.854204872e+01 2.334910036e+01
4.631663327e+04 2.872449913e+00 2.925574088e+00 2.333003683e+00 2.348955833e+00 7.325451697e+00 7.353874969e+00 3.319367235e+01 2.822067419e+01 2.310178969e+01
4.674949900e+04 2.967060877e+00 3.020160706e+00 2.375961936e+00 2.391077189e+00 7.188166543e+00 7.216036174e+00 3.265666545e+01 2.788594522e+01 2.285663464e+01
4.718236473e+04 3.055528765e+00 3.108607648e+00 2.425959276e+00 2.440248530e+00 7.050356155e+00 7.077643136e+00 3.212007271e+01 2.753751568e+01 2.261309324e+01
4.761523046e+04 3.136900477e+00 3.189957355e+00 2.482894401e+00 2.496371504e+00 6.913145022e+00 6.939824573e+00 3.158567921e+01 2.717514322e+01 2.237064931e+01
4.804809619e+04 3.210310349e+00 3.263339077e+00 2.546623614e+00 2.559305663e+00 6.777601715e+00 6.803653247e+00 3.105518795e+01 2.679870656e+01 2.212881334e+01
4.848096192e+04 3.275001032e+00 3.327989930e+00 2.616953317e+00 2.628860953e+00 6.644725818e+00 6.670132830e+00 3.053019355e+01 2.640822204e+01 2.188712335e+01
4.891382766e+04 3.330341522e+00 3.383273117e+00 2.693633151e+00 2.704790826e+00 6.515437337e+00 6.540187250e+00 3.001216077e+01 2.600385842e+01 2.164514584e+01
4.934669339e+04 3.375841865e+00 3.428692845e+00 2.776350130e+00 2.786786343e+00 6.390568551e+00 6.414652495e+00 2.950240791e+01 2.558594937e+01 2.140247655e+01
4.977955912e+04 3.411163720e+00 3.463905111e+00 2.864724328e+00 2.874471799e+00 6.270858538e+00 6.294271095e+00 2.900209554e+01 2.515500220e+01 2.115874134e+01
5.021242485e+04 3.436126593e+00 3.488724146e+00 2.958306424e+00 2.967402189e+00 6.156950150e+00 6.179689078e+00 2.851222016e+01 2.471170242e+01 2.091359685e+01
5.064529058e+04 3.450709260e+00 3.503124036e+00 3.056577633e+00 3.065063052e+00 6.049389340e+00 6.071455265e+00 2.803361248e+01 2.425691280e+01 2.066673113e+01
5.107815631e+04 3.455046544e+00 3.507235670e+00 3.158952116e+00 3.166872759e+00 5.948626561e+00 5.970022665e+00 2.756693993e+01 2.379166690e+01 2.041786404e+01
5.151102204e+04 3.449421918e+00 3.501339471e+00 3.264781921e+00 3.272187332e+00 5.855019680e+00 5.875751383e+00 2.711271216e+01 2.331715713e+01 2.016674760e+01
5.194388778e+04 3.434255507e+00 3.485853497e+00 3.373364716e+00 3.380308044e+00 5.768838608e+00 5.788913255e+00 2.667128992e+01 2.283471655e+01 1.991316605e+01
5.237675351e+04 3.410088830e+00 3.461318232e+00 3.483953804e+00 3.490491305e+00 5.690270853e+00 5.709697407e+00 2.624289578e+01 2.234579592e+01 1.965693570e+01
5.280961924e+04 3.377566802e+00 3.428378587e+00 3.595770062e+00 3.601960471e+00 5.619427836e+00 5.638216588e+00 2.582762626e+01 2.185193671e+01 1.939790467e+01
5.324248497e+04 3.337417131e+00 3.387763266e+00 3.708015813e+00 3.713919620e+00 5.556351932e+00 5.574514225e+00 2.542546541e+01 2.135474006e+01 1.913595228e+01
5.367535070e+04 3.290429622e+00 3.340263993e+00 3.819888888e+00 3.825567528e+00 5.501023418e+00 5.518571389e+00 2.503629805e+01 2.085583567e+01 1.887098832e+01
5.410821643e+04 3.237434615e+00 3.286713843e+00 3.930597417e+00 3.936112401e+00 5.453367666e+00 5.470314015e+00 2.465992349e+01 2.035684928e+01 1.860295214e+01
5.454108216e+04 3.179282192e+00 3.227966329e+00 4.039374107e+00 4.044786142e+00 5.413262172e+00 5.429619947e+00 2.429606878e+01 1.985937158e+01 1.833181152e+01
5.497394790e+04 3.116822987e+00 3.164876059e+00 4.145489383e+00 4.150857498e+00 5.380543214e+00 5.396325622e+00 2.394440120e+01 1.936492993e+01 1.805756145e+01
5.540681363e+04 3.050890980e+00 3.098281391e+00 4.248262958e+00 4.253643671e+00 5.355012151e+00 5.370232389e+00 2.360453993e+01 1.887496332e+01 1.778022282e+01
5.583967936e+04 2.982288587e+00 3.028989376e+00 4.347073652e+00 4.352520209e+00 5.336441264e+00 5.351112372e+00 2.327606680e+01 1.839080156e+01 1.749984089e+01
5.627254509e+04 2.911774673e+00 2.957763628e+00 4.441366870e+00 4.446928577e+00 5.324579014e+00 5.338713753e+00 2.295853574e+01 1.791364939e+01 1.721648395e+01
5.670541082e+04 2.840055153e+00 2.885314801e+00 4.530659964e+00 4.536381628e+00 5.319154836e+00 5.332765577e+00 2.265148138e+01 1.744457521e+01 1.693024166e+01
5.713827655e+04 2.767776341e+00 2.812293832e+00 4.614545327e+00 4.620466816e+00 5.319883410e+00 5.332982044e+00 2.235442645e+01 1.698450449e+01 1.664122357e+01
5.757114228e+04 2.695520902e+00 2.739287797e+00 4.692691357e+00 4.698847288e+00 5.326468384e+00 5.339066250e+00 2.206688808e+01 1.653421775e+01 1.634955752e+01
5.800400802e+04 2.623806199e+00 2.666818189e+00 4.764841492e+00 4.771261027e+00 5.338605545e+00 5.350713370e+00 2.178838306e+01 1.609435238e+01 1.605538812e+01
5.843687375e+04 2.553084289e+00 2.595340862e+00 4.830811833e+00 4.837518613e+00 5.355985660e+00 5.367613504e+00 2.151843230e+01 1.566540746e+01 1.575887514e+01
5.886973948e+04 2.483743720e+00 2.525247790e+00 4.890487368e+00 4.897499528e+00 5.378296808e+00 5.389454027e+00 2.125656429e+01 1.524775123e+01 1.546019204e+01
5.930260521e+04 2.416112487e+00 2.456870005e+00 4.943817183e+00 4.951147483e+00 5.405226448e+00 5.415921660e+00 2.100231804e+01 1.484163052e+01 1.515952440e+01
5.973547094e+04 2.350462088e+00 2.390481643e+00 4.990808762e+00 4.998464779e+00 5.436463215e+00 5.446704271e+00 2.075524530e+01 1.444718198e+01 1.485706830e+01
6.016833667e+04 2.287011922e+00 2.326304354e+00 5.031522330e+00 5.039506719e+00 5.471698219e+00 5.481492183e+00 2.051491201e+01 1.406444306e+01 1.455302900e+01
6.060120240e+04 2.225934157e+00 2.264512175e+00 5.066064731e+00 5.074375546e+00 5.510626283e+00 5.519979406e+00 2.028089944e+01 1.369336380e+01 1.424761935e+01
6.103406814e+04 2.167358811e+00 2.205236638e+00 5.094583192e+00 5.103214228e+00 5.552947013e+00 5.561864713e+00 2.005280505e+01 1.333381871e+01 1.394105835e+01
6.146693387e+04 2.111378763e+00 2.148571804e+00 5.117259311e+00 5.126200477e+00 5.598365619e+00 5.606852462e+00 1.983024276e+01 1.298561799e+01 1.363356973e+01
6.189979960e+04 2.058054444e+00 2.094578980e+00 5.134303644e+00 5.143541346e+00 5.646593579e+00 5.654653253e+00 1.961284310e+01 1.264851803e+01 1.332538054e+01
6.233266533e+04 2.007418586e+00 2.043291502e+00 5.145949891e+00 5.155467416e+00 5.697349313e+00 5.704984605e+00 1.940025313e+01 1.232223132e+01 1.301671978e+01
6.276553106e+04 1.959480304e+00 1.994718842e+00 5.152450325e+00 5.162228223e+00 5.750358622e+00 5.757571385e+00 1.919213620e+01 1.200643542e+01 1.270781711e+01
6.319839679e+04 1.914229043e+00 1.948850588e+00 5.154071105e+00 5.164087552e+00 5.805355129e+00 5.812146255e+00 1.898817149e+01 1.170078099e+01 1.239890156e+01
6.363126253e+04 1.871638006e+00 1.905659898e+00 5.151088308e+00 5.161319451e+00 5.862080623e+00 5.868449997e+00 1.878805360e+01 1.140489879e+01 1.209020032e+01
6.406412826e+04 1.831667293e+00 1.865106668e+00 5.143784272e+00 5.154204559e+00 5.920285348e+00 5.926231812e+00 1.859149195e+01 1.111840598e+01 1.178193762e+01
6.449699399e+04 1.794266612e+00 1.827140267e+00 5.132444460e+00 5.143026935e+00 5.979728247e+00 5.985249539e+00 1.839821022e+01 1.084091145e+01 1.147433365e+01
6.492985972e+04 1.759377747e+00 1.791702027e+00 5.117354592e+00 5.128071173e+00 6.040177150e+00 6.045269853e+00 1.820794565e+01 1.057202053e+01 1.116760353e+01
6.536272545e+04 1.726936477e+00 1.758727181e+00 5.098798426e+00 5.109620146e+00 6.101408918e+00 6.106068389e+00 1.802044848e+01 1.031133856e+01 1.086195646e+01
6.579559118e+04 1.696874338e+00 1.728146647e+00 5.077055768e+00 5.087952994e+00 6.163209544e+00 6.167429837e+00 1.783548132e+01 1.005847413e+01 1.055759488e+01
6.622845691e+04 1.669120117e+00 1.699888534e+00 5.052400625e+00 5.063343248e+00 6.225374290e+00 6.229148074e+00 1.765281851e+01 9.813041735e+00 1.025471369e+01
6.666132265e+04 1.643601080e+00 1.673879387e+00 5.025099948e+00 5.036057546e+00 6.287707671e+00 6.291026123e+00 1.747224556e+01 9.574663848e+00 9.953499674e+00
6.709418838e+04 1.620243967e+00 1.650045194e+00 4.995412735e+00 5.006354705e+00 6.350023206e+00 6.352875904e+00 1.729355823e+01 9.342972203e+00 9.654131164e+00
6.752705411e+04 1.598975771e+00 1.628312171e+00 4.963588740e+00 4.974484413e+00 6.412143860e+00 6.414518653e+00 1.711656252e+01 9.117609496e+00 9.356777213e+00
6.795991984e+04 1.579724431e+00 1.608607472e+00 4.929867787e+00 4.940686519e+00 6.473901940e+00 6.475784801e+00 1.694107412e+01 8.898230290e+00 9.061597255e+00
6.839278557e+04 1.562419330e+00 1.590859687e+00 4.894479725e+00 4.905190949e+00 6.535138585e+00 6.536513447e+00 1.676691739e+01 8.684501211e+00 8.768741240e+00
6.882565130e+04 1.546991668e+00 1.574999224e+00 4.857643737e+00 4.868217021e+00 6.595704015e+00 6.596552584e+00 1.659392539e+01 8.476101655e+00 8.478349142e+00
6.925851703e+04 1.533374749e+00 1.560958605e+00 4.819568247e+00 4.829973305e+00 6.655457293e+00 6.655758823e+00 1.642193927e+01 8.272723909e+00 8.190550983e+00
6.969138277e+04 1.521504167e+00 1.548672648e+00 4.780450838e+00 4.790657549e+00 6.714266178e+00 6.713997234e+00 1.625080794e+01 8.074073191e+00 7.905466803e+00
7.012424850e+04 1.511317927e+00 1.538078600e+00 4.740478266e+00 4.750456648e+00 6.772006953e+00 6.771141120e+00 1.608038770e+01 7.879867575e+00 7.623206751e+00
7.055711423e+04 1.502756502e+00 1.529116192e+00 4.699826571e+00 4.709546761e+00 6.828564225e+00 6.827071775e+00 1.591054194e+01 7.689837786e+00 7.343871231e+00
7.098997996e+04 1.495762839e+00 1.521727647e+00 4.658661240e+00 4.668093446e+00 6.883830734e+00 6.881678252e+00 1.574114084e+01 7.503726960e+00 7.067551107e+00
7.142284569e+04 1.490282327e+00 1.515857651e+00 4.617137425e+00 4.626251870e+00 6.937707135e+00 6.934857075e+00 1.557206115e+01 7.321290332e+00 6.794327990e+00
7.185571142e+04 1.486262725e+00 1.511453282e+00 4.575400240e+00 4.584167082e+00 6.990101760e+00 6.986511925e+00 1.540318591e+01 7.142294850e+00 6.524274582e+00
7.228857715e+04 1.483654078e+00 1.508463928e+00 4.533585041e+00 4.541974288e+00 7.040930391e+00 7.036553323e+00 1.523440433e+01 6.966518819e+00 6.257455064e+00
7.272144289e+04 1.482408574e+00 1.506841141e+00 4.491817856e+00 4.499799259e+00 7.090115957e+00 7.084898210e+00 1.506561148e+01 6.793751384e+00 5.993925642e+00
7.315430862e+04 1.482480424e+00 1.506538522e+00 4.450215689e+00 4.457758628e+00 7.137588329e+00 7.131469670e+00 1.489670829e+01 6.623792178e+00 5.733734950e+00
7.358717435e+04 1.483825716e+00 1.507511570e+00 4.408886898e+00 4.415960247e+00 7.183284061e+00 7.176196422e+00 1.472760137e+01 6.456450914e+00 5.476924717e+00
7.402004008e+04 1.486402257e+00 1.509717531e+00 4.367931584e+00 4.374503560e+00 7.227146129e+00 7.219012414e+00 1.455820290e+01 6.291546952e+00 5.223530364e+00
7.445290581e+04 1.490169415e+00 1.513115234e+00 4.327441987e+00 4.333479985e+00 7.269123669e+00 7.259856329e+00 1.438843060e+01 6.128908900e+00 4.973581695e+00
7.488577154e+04 1.495087941e+00 1.517664913e+00 4.287502910e+00 4.292973312e+00 7.309171690e+00 7.298670958e+00 1.421820764e+01 5.968374190e+00 4.727103768e+00
7.531863727e+04 1.501119798e+00 1.523328041e+00 4.248192088e+00 4.253060059e+00 7.347250819e+00 7.335402611e+00 1.404746260e+01 5.809788724e+00 4.484117726e+00
7.575150301e+04 1.508227998e+00 1.530067164e+00 4.209580578e+00 4.213809835e+00 7.383327036e+00 7.370000329e+00 1.387612950e+01 5.653006525e+00 4.244641839e+00
7.618436874e+04 1.516376422e+00 1.537845722e+00 4.171733148e+00 4.175285699e+00 7.417371384e+00 7.402415020e+00 1.370414777e+01 5.497889406e+00 4.008692666e+00
7.661723447e+04 1.525529652e+00 1.546627880e+00 4.134708645e+00 4.137544501e+00 7.449359686e+00 7.432598388e+00 1.353146228e+01 5.344306663e+00 3.776286433e+00
7.705010020e+04 1.535652785e+00 1.556378346e+00 4.098560379e+00 4.100637232e+00 7.479272236e+00 7.460501605e+00 1.335802340e+01 5.192134787e+00 3.547440697e+00
7.748296593e+04 1.546711270e+00 1.567062212e+00 4.063336461e+00 4.064609319e+00 7.507093490e+00 7.486073717e+00 1.318378709e+01 5.041257239e+00 3.322176304e+00
7.791583166e+04 1.558670722e+00 1.578644762e+00 4.029080170e+00 4.029500946e+00 7.532811704e+00 7.509259550e+00 1.300871494e+01 4.891564215e+00 3.100519901e+00
7.834869739e+04 1.571496746e+00 1.591091309e+00 3.995830292e+00 3.995347337e+00 7.556418551e+00 7.529996997e+00 1.283277435e+01 4.742952475e+00 2.882507109e+00
7.878156313e+04 1.585154744e+00 1.604367004e+00 3.963621457e+00 3.962179029e+00 7.577908666e+00 7.548213484e+00 1.265593869e+01 4.595325195e+00 2.668186592e+00
7.921442886e+04 1.599609716e+00 1.618436647e+00 3.932484487e+00 3.930022144e+00 7.597279119e+00 7.563821264e+00 1.247818750e+01 4.448591865e+00 2.457625403e+00
7.964729459e+04 1.614826040e+00 1.633264476e+00 3.902446741e+00 3.898898646e+00 7.614528755e+00 7.576710939e+00 1.229950677e+01 4.302668218e+00 2.250916242e+00
8.008016032e+04 1.630767220e+00 1.648813933e+00 3.873532491e+00 3.868826606e+00 7.629657368e+00 7.586742735e+00 1.211988935e+01 4.157476219e+00 2.048187156e+00
8.051302605e+04 1.647395594e+00 1.665047400e+00 3.845763309e+00 3.839820465e+00 7.642664640e+00 7.593734180e+00 1.193933539e+01 4.012944105e+00 1.849615105e+00
8.094589178e+04 1.664671981e+00 1.681925877e+00 3.819158516e+00 3.811891335e+00 7.653548720e+00 7.597443057e+00 1.175785305e+01 3.869006479e+00 1.655444640e+00
8.137875752e+04 1.682555225e+00 1.699408576e+00 3.793735710e+00 3.785047333e+00 7.662304292e+00 7.597542959e+00 1.157545936e+01 3.725604486e+00 1.466014543e+00
8.181162325e+04 1.701001608e+00 1.717452411e+00 3.769511406e+00 3.759294013e+00 7.668919963e+00 7.593589405e+00 1.139218149e+01 3.582686060e+00 1.281794674e+00
8.224448898e+04 1.719964058e+00 1.736011312e+00 3.746501854e+00 3.734634913e+00 7.673374609e+00 7.584971436e+00 1.120805849e+01 3.440206283e+00 1.103438463e+00
8.267735471e+04 1.739391072e+00 1.755035294e+00 3.724724101e+00 3.711072294e+00 7.675632428e+00 7.570845780e+00 1.102314364e+01 3.298127849e+00 9.318543304e-01
8.311022044e+04 1.759225238e+00 1.774469196e+00 3.704197388e+00 3.688608145e+00 7.675636334e+00 7.550050238e+00 1.083750784e+01 3.156421686e+00 7.682999032e-01
8.354308617e+04 1.779401211e+00 1.794250930e+00 3.684944955e+00 3.667245498e+00 7.673299765e+00 7.521001519e+00 1.065124417e+01 3.015067755e+00 6.144941335e-01
8.397595190e+04 1.799843047e+00 1.814309140e+00 3.666996230e+00 3.646990038e+00 7.668497934e+00 7.481602446e+00 1.046447391e+01 2.874056074e+00 4.727222116e-01
8.440881764e+04 1.820460877e+00 1.834560148e+00 3.650389147e+00 3.627851686e+00 7.661062006e+00 7.429227810e+00 1.027735400e+01 2.733388028e+00 3.458622269e-01
8.484168337e+04 1.841147338e+00 1.854904386e+00 3.635171754e+00 3.609845328e+00 7.650783851e+00 7.360927169e+00 1.009008471e+01 2.593078040e+00 2.371902751e-01
8.527454910e+04 1.861774956e+00 1.875223056e+00 3.621401410e+00 3.592988944e+00 7.637443297e+00 7.274034795e+00 9.902915012e+00 2.453155687e+00 1.497643334e-01
8.570741483e+04 1.882196842e+00 1.895376928e+00 3.609139146e+00 3.577296673e+00 7.620866808e+00 7.167261317e+00 9.716140262e+00 2.313668366e+00 8.530078724e-02
8.614028056e+04 1.902253747e+00 1.915210443e+00 3.598437651e+00 3.562765230e+00 7.601005192e+00 7.041885982e+00 9.530086268e+00 2.174684551e+00 4.292152480e-02
8.657314629e+04 1.921788736e+00 1.934563838e+00 3.589325245e+00 3.549355842e+00 7.577984060e+00 6.902103551e+00 9.345078386e+00 2.036297657e+00 1.873707342e-02
8.700601202e+04 1.940665466e+00 1.953291598e+00 3.581793088e+00 3.536978719e+00 7.552078309e+00 6.753822797e+00 9.161404985e+00 1.898630393e+00 7.006647647e-03
8.743887776e+04 1.958781337e+00 1.971279136e+00 3.575792736e+00 3.525486891e+00 7.523621853e+00 6.602584608e+00 8.979292692e+00 1.761839582e+00 2.229849351e-03
8.787174349e+04 1.976069248e+00 1.988448908e+00 3.571243856e+00 3.514679139e+00 7.492922206e+00 6.452150130e+00 8.798904348e+00 1.626121659e+00 6.030600455e-04
8.830460922e+04 1.992490095e+00 2.004755117e+00 3.568045225e+00 3.504305149e+00 7.460227858e+00 6.304426580e+00 8.620354357e+00 1.491719428e+00 1.388231900e-04
8.873747495e+04 2.008023171e+00 2.020173752e+00 3.566082700e+00 3.494066456e+00 7.425737075e+00 6.160133306e+00 8.443727657e+00 1.358930807e+00 2.728587976e-05
8.917034068e+04 2.022659464e+00 2.034694497e+00 3.565232429e+00 3.483611216e+00 7.389616520e+00 6.019444997e+00 8.269093150e+00 1.228120122e+00 4.597047445e-06
8.960320641e+04 2.036398589e+00 2.048316513e+00 3.565360620e+00 3.472523868e+00 7.352013617e+00 5.882347481e+00 8.096510409e+00 1.099732215e+00 6.631576586e-07
9.003607214e+04 2.049248069e+00 2.061047116e+00 3.566321454e+00 3.460311343e+00 7.313061845e+00 5.748777480e+00 7.926032146e+00 9.743092285e-01 7.852839565e-08
9.046893788e+04 2.061223712e+00 2.072901923e+00 3.567954118e+00 3.446387487e+00 7.272882377e+00 5.618664818e+00 7.757704821e+00 8.525092246e-01 8.172103625e-09
9.090180361e+04 2.072350454e+00 2.083905613e+00 3.570079483e+00 3.430057728e+00 7.231584354e+00 5.491942621e+00 7.591568593e+00 7.351248410e-01 2.117786011e-09
9.133466934e+04 2.082663409e+00 2.094092940e+00 3.572496920e+00 3.410507884e+00 7.189264756e+00 5.368549364e+00 7.427657094e+00 6.230979223e-01 3.586797929e-11
9.176753507e+04 2.092208950e+00 2.103509808e+00 3.574982073e+00 3.386803608e+00 7.146008186e+00 5.248429237e+00 7.265997141e+00 5.175230654e-01 2.626815613e-12
9.220040080e+04 2.101045694e+00 2.112214229e+00 3.577286830e+00 3.357910596e+00 7.101886725e+00 5.131532112e+00 7.106608425e+00 4.196290386e-01 4.578167307e-13
9.263326653e+04 2.109245072e+00 2.120276881e+00 3.579143383e+00 3.322749099e+00 7.056960029e+00 5.017813145e+00 6.949503198e+00 3.307230245e-01 -5.960667995e-14
9.306613226e+04 2.116891081e+00 2.127780845e+00 3.580274567e+00 3.280296716e+00 7.011275906e+00 4.907231832e+00 6.794685981e+00 2.520818115e-01 -4.934812551e-14
9.349899800e+04 2.124078684e+00 2.134820010e+00 3.580412228e+00 3.229745693e+00 6.964871638e+00 4.799750288e+00 6.642153350e+00 1.847818504e-01 6.757175020e-14
9.393186373e+04 2.130910370e+00 2.141495640e+00 3.579323302e+00 3.170700136e+00 6.917776292e+00 4.695330554e+00 6.491893872e+00 1.294819774e-01 -9.395131401e-15
9.436472946e+04 2.137490689e+00 2.147910952e+00 3.576839452e+00 3.103365710e+00 6.870014051e+00 4.593931054e+00 6.343888290e+00 8.620789734e-02 -3.669617314e-16
9.479759519e+04 2.143919223e+00 2.154164150e+00 3.572881648e+00 3.028653993e+00 6.821608258e+00 4.495502674e+00 6.198110045e+00 5.422129278e-02 -5.238178494e-16
9.523046092e+04 2.150283273e+00 2.160341204e+00 3.567469325e+00 2.948126958e+00 6.772585450e+00 4.399985400e+00 6.054526192e+00 3.205555052e-02 2.862394682e-16
9.566332665e+04 2.156652058e+00 2.166510133e+00 3.560707938e+00 2.863762332e+00 6.722978408e+00 4.307306527e+00 5.913098679e+00 1.774390595e-02 2.007257556e-16
9.609619238e+04 2.163073958e+00 2.172718321e+00 3.552758151e+00 2.777609861e+00 6.672827466e+00 4.217381109e+00 5.773785874e+00 9.171832630e-03 -8.383830516e-17
9.652905812e+04 2.169577287e+00 2.178993319e+00 3.543798648e+00 2.691467056e+00 6.622179902e+00 4.130114514e+00 5.636544143e+00 4.420790291e-03 -2.827471106e-17
9.696192385e+04 2.176173819e+00 2.185346355e+00 3.533996007e+00 2.606684117e+00 6.571087918e+00 4.045406219e+00 5.501329267e+00 1.986048739e-03 -1.008469362e-17
9.739478958e+04 2.182863519e+00 2.191777014e+00 3.523488793e+00 2.524128097e+00 6.519606089e+00 3.963153734e+00 5.368097556e+00 8.318502546e-04 4.404201253e-18
9.782765531e+04 2.189639050e+00 2.198277674e+00 3.512384952e+00 2.444262206e+00 6.467789045e+00 3.883255791e+00 5.236806607e+00 3.250769328e-04 2.036542816e-18
9.826052104e+04 2.196489231e+00 2.204836908e+00 3.500766911e+00 2.367269350e+00 6.415689811e+00 3.805614470e+00 5.107415740e+00 1.186497191e-04 -1.179687702e-18
9.869338677e+04 2.203401286e+00 2.211441677e+00 3.488698865e+00 2.293165998e+00 6.363358840e+00 3.730136334e+00 4.979886183e+00 4.049577151e-05 -1.111551542e-19
9.912625251e+04 2.210362111e+00 2.218078566e+00 3.476233010e+00 2.221883406e+00 6.310843585e+00 3.656732860e+00 4.854181108e+00 1.294205404e-05 2.956122726e-19
9.955911824e+04 2.217358895e+00 2.224734387e+00 3.463413786e+00 2.153316138e+00 6.258188417e+00 3.585320448e+00 4.730265570e+00 3.878830770e-06 -1.257018027e-19
9.999198397e+04 2.224379379e+00 2.231396427e+00 3.450280370e+00 2.087347135e+00 6.205434709e+00 3.515820227e+00 4.608106415e+00 1.096756757e-06 1.630657335e-19
1.004248497e+05 2.231411939e+00 2.238052522e+00 3.436868042e+00 2.023859075e+00 6.152621008e+00 3.448157772e+00 4.487672170e+00 2.930599941e-07 -6.748592472e-20
1.008577154e+05 2.238445591e+00 2.244691062e+00 3.423208926e+00 1.962738802e+00 6.099783219e+00 3.382262806e+00 4.368932938e+00 7.650179440e-08 4.620558887e-20
1.012905812e+05 2.245469963e+00 2.251300961e+00 3.409332427e+00 1.903878753e+00 6.046954793e+00 3.318068913e+00 4.251860293e+00 2.011544782e-08 -3.509875559e-20
1.017234469e+05 2.252475271e+00 2.257871620e+00 3.395265526e+00 1.847177148e+00 5.994166904e+00 3.255513268e+00 4.136427192e+00 4.987286794e-09 2.395779118e-20
1.021563126e+05 2.259452275e+00 2.264392888e+00 3.381033012e+00 1.792537787e+00 5.941448607e+00 3.194536382e+00 4.022607889e+00 2.836334152e-09 -5.650715913e-20
1.025891784e+05 2.266392252e+00 2.270855025e+00 3.366657678e+00 1.739869735e+00 5.888826991e+00 3.135081881e+00 3.910377861e+00 2.613691725e-09 -1.963845181e-20
1.030220441e+05 2.273286963e+00 2.277248664e+00 3.352160491e+00 1.689086979e+00 5.836327314e+00 3.077096285e+00 3.799713741e+00 9.814320130e-10 2.239761094e-20
1.034549098e+05 2.280128624e+00 2.283564771e+00 3.337560749e+00 1.640108099e+00 5.783973129e+00 3.020528823e+00 3.690593261e+00 -5.755370121e-11 -1.129923649e-21
1.038877756e+05 2.286909875e+00 2.289794611e+00 3.322876218e+00 1.592855982e+00 5.731786398e+00 2.965331247e+00 3.582995202e+00 1.557989165e-10 -1.237428311e-20
1.043206413e+05 2.293623760e+00 2.295929707e+00 3.308123260e+00 1.547257547e+00 5.679787599e+00 2.911457680e+00 3.476899349e+00 1.098314529e-09 4.241946996e-21
1.047535070e+05 2.300263695e+00 2.301961809e+00 3.293316949e+00 1.503243476e+00 5.627995826e+00 2.858864450e+00 3.372286457e+00 7.979942970e-10 2.333342929e-20
1.051863727e+05 2.306823447e+00 2.307882852e+00 3.278471176e+00 1.460747983e+00 5.576428883e+00 2.807509955e+00 3.269138215e+00 -4.790420964e-11 4.706002674e-21
1.056192385e+05 2.313297112e+00 2.313684918e+00 3.263598738e+00 1.419708595e+00 5.525103359e+00 2.757354540e+00 3.167437232e+00 -3.848039585e-10 -5.500344542e-21
1.060521042e+05 2.319679090e+00 2.319360197e+00 3.248711433e+00 1.380065958e+00 5.474034714e+00 2.708360373e+00 3.067167015e+00 -5.103417636e-10 -8.596910681e-21
1.064849699e+05 2.325964065e+00 2.324900942e+00 3.233820127e+00 1.341763644e+00 5.423237350e+00 2.660491338e+00 2.968311963e+00 -1.246043419e-10 -2.754799506e-21
1.069178357e+05 2.332146984e+00 2.330299433e+00 3.218934839e+00 1.304747975e+00 5.372724678e+00 2.613712930e+00 2.870857365e+00 3.284362040e-10 2.197202432e-21
1.073507014e+05 2.338223034e+00 2.335547922e+00 3.204064796e+00 1.268967868e+00 5.322509179e+00 2.567992164e+00 2.774789404e+00 1.905395308e-10 4.608467399e-21
1.077835671e+05 2.344187623e+00 2.340638590e+00 3.189218497e+00 1.234374677e+00 5.272602469e+00 2.523297486e+00 2.680095166e+00 2.412648313e-10 4.542496226e-22
1.082164329e+05 2.350036361e+00 2.345563489e+00 3.174403769e+00 1.200922062e+00 5.223015351e+00 2.479598692e+00 2.586762669e+00 -2.426721930e-10 -1.266000178e-21
1.086492986e+05 2.355765036e+00 2.350314488e+00 3.159627816e+00 1.168565850e+00 5.173757869e+00 2.436866855e+00 2.494780883e+00 -3.075680645e-10 -1.491904169e-21
1.090821643e+05 2.361369593e+00 2.354883207e+00 3.144897266e+00 1.137263919e+00 5.124839359e+00 2.395074249e+00 2.404139774e+00 2.657116268e-10 -2.250598491e-21
1.095150301e+05 2.366846116e+00 2.359260950e+00 3.130218212e+00 1.106976092e+00 5.076268491e+00 2.354194295e+00 2.314830350e+00 -7.223736765e-10 4.103878493e-21
1.099478958e+05 2.372190803e+00 2.363438630e+00 3.115596250e+00 1.077664013e+00 5.028053319e+00 2.314201492e+00 2.226844720e+00 1.497225845e-09 -2.471587572e-21
1.103807615e+05 2.377399945e+00 2.367406682e+00 3.101036518e+00 1.049291078e+00 4.980201321e+00 2.275071367e+00 2.140176165e+00 -1.333105853e-09 2.767526774e-21
1.108136273e+05 2.382469901e+00 2.371154969e+00 3.086543727e+00 1.021822308e+00 4.932719442e+00 2.236780421e+00 2.054819221e+00 -7.493135489e-10 2.900927241e-21
1.112464930e+05 2.387397071e+00 2.374672683e+00 3.072122189e+00 9.952242819e-01 4.885614130e+00 2.199306081e+00 1.970769779e+00 9.672375467e-09 -2.248626508e-20
1.116793587e+05 2.392177874e+00 2.377948210e+00 3.057775854e+00 9.694650959e-01 4.838891379e+00 2.162626655e+00 1.888025213e+00 -4.797529003e-09 -2.988670342e-21
1.121122244e+05 2.396808713e+00 2.380969015e+00 3.043508320e+00 9.445141794e-01 4.792556760e+00 2.126721297e+00 1.806584501e+00 -2.903199185e-09 3.569579470e-21
1.125450902e+05 2.401285952e+00 2.383721523e+00 3.029322872e+00 9.203423446e-01 4.746615463e+00 2.091569964e+00 1.726448353e+00 2.556720623e-09 -2.702918598e-21
1.129779559e+05 2.405605879e+00 2.386190897e+00 3.015222499e+00 8.969216687e-01 4.701072330e+00 2.057153380e+00 1.647619439e+00 -5.367046374e-10 1.299616450e-21
1.134108216e+05 2.409764667e+00 2.388360865e+00 3.001209910e+00 8.742254130e-01 4.655931891e+00 2.023453005e+00 1.570102583e+00 -1.917760918e-09 1.467686044e-21
1.138436874e+05 2.413758338e+00 2.390213533e+00 2.987287560e+00 8.522279961e-01 4.611198399e+00 1.990451012e+00 1.493904978e+00 -3.949113116e-11 -3.912434138e-22
1.142765531e+05 2.417582719e+00 2.391729132e+00 2.973457662e+00 8.309049365e-01 4.566875868e+00 1.958130250e+00 1.419036459e+00 9.469485519e-10 -4.027926233e-22
1.147094188e+05 2.421233394e+00 2.392885742e+00 2.959722207e+00 8.102327946e-01 4.522968104e+00 1.926474226e+00 1.345509822e+00 -5.591175937e-10 9.023871281e-22
1.151422846e+05 2.424705652e+00 2.393659006e+00 2.946082978e+00 7.901891231e-01 4.479478748e+00 1.895467084e+00 1.273341149e+00 -1.080306343e-09 3.781834677e-22
1.155751503e+05 2.427994429e+00 2.394021792e+00 2.932541564e+00 7.707524314e-01 4.436411312e+00 1.865093581e+00 1.202550194e+00 -1.327071762e-10 -2.801047326e-22
1.160080160e+05 2.431094248e+00 2.393943824e+00 2.919099372e+00 7.519021438e-01 4.393769215e+00 1.835339073e+00 1.133160817e+00 5.112381490e-10 -1.658611945e-22
1.164408818e+05 2.433999144e+00 2.393391266e+00 2.905757642e+00 7.336185581e-01 4.351555828e+00 1.806189499e+00 1.065201457e+00 4.235165886e-10 6.451769472e-23
1.168737475e+05 2.436702594e+00 2.392326271e+00 2.892517459e+00 7.158828108e-01 4.309774513e+00 1.777631368e+00 9.987056716e-01 -1.681099844e-10 1.354010306e-22
1.173066132e+05 2.439197431e+00 2.390706501e+00 2.879379759e+00 6.986768440e-01 4.268428672e+00 1.749651751e+00 9.337126876e-01 -3.415103575e-10 -2.123811374e-23
1.177394790e+05 2.441475760e+00 2.388484626e+00 2.866345346e+00 6.819833762e-01 4.227521790e+00 1.722238268e+00 8.702680057e-01 -1.917298347e-11 -9.457659373e-23
1.181723447e+05 2.443528866e+00 2.385607805e+00 2.853414896e+00 6.657858736e-01 4.187057484e+00 1.695379083e+00 8.084240207e-01 1.716194035e-10 7.267765721e-24
1.186052104e+05 2.445347122e+00 2.382017157e+00 2.840588971e+00 6.500685221e-01 4.147039556e+00 1.669062901e+00 7.482406532e-01 1.542458199e-10 2.829046955e-23
1.190380762e+05 2.446919890e+00 2.377647283e+00 2.827868026e+00 6.348162030e-01 4.107472042e+00 1.643278962e+00 6.897859478e-01 -6.188767073e-11 2.829443714e-23
1.194709419e+05 2.448235440e+00 2.372425867e+00 2.815252417e+00 6.200144688e-01 4.068359268e+00 1.618017040e+00 6.331365852e-01 -2.453719957e-11 -1.057000978e-23
1.199038076e+05 2.449280868e+00 2.366273451e+00 2.802742411e+00 6.056495222e-01 4.029705899e+00 1.593267439e+00 5.783782176e-01 2.749138575e-11 1.846210985e-23
1.203366733e+05 2.450042050e+00 2.359103356e+00 2.790338190e+00 5.917081935e-01 3.991516996e+00 1.569020994e+00 5.256056437e-01 -5.175748859e-11 1.534570403e-23
1.207695391e+05 2.450503607e+00 2.350821972e+00 2.778039865e+00 5.781779176e-01 3.953798053e+00 1.545269064e+00 4.749226004e-01 -1.654573357e-12 -2.194300485e-24
1.212024048e+05 2.450648946e+00 2.341329549e+00 2.765847478e+00 5.650467129e-01 3.916555041e+00 1.522003527e+00 4.264410058e-01 1.207909646e-11 -1.701822015e-24
1.216352705e+05 2.450460344e+00 2.330521514e+00 2.753761012e+00 5.523031565e-01 3.879794432e+00 1.499216770e+00 3.802796300e-01 4.053826071e-12 -2.342173736e-24
1.220681363e+05 2.449919134e+00 2.318290594e+00 2.741780395e+00 5.399363577e-01 3.843523208e+00 1.476901673e+00 3.365618944e-01 5.585006668e-12 5.606861233e-25
1.225010020e+05 2.449005993e+00 2.304529856e+00 2.729905510e+00 5.279359284e-01 3.807748842e+00 1.455051581e+00 2.954126438e-01 -2.935741501e-12 -3.312089472e-25
1.229338677e+05 2.447701369e+00 2.289136806e+00 2.718136193e+00 5.162919479e-01 3.772479257e+00 1.433660271e+00 2.569537565e-01 2.413826570e-12 2.605219293e-25
1.233667335e+05 2.445986048e+00 2.272018586e+00 2.706472247e+00 5.049949234e-01 3.737722734e+00 1.412721898e+00 2.212985078e-01 -1.100991909e-12 6.613098731e-25
1.237995992e+05 2.443841876e+00 2.253098197e+00 2.694913436e+00 4.940357424e-01 3.703487789e+00 1.392230932e+00 1.885447633e-01 -6.416091264e-13 -3.507703825e-25
1.242324649e+05 2.441252619e+00 2.232321518e+00 2.683459494e+00 4.834056204e-01 3.669782987e+00 1.372182076e+00 1.587672147e-01 1.155071575e-12 5.790115630e-26
1.246653307e+05 2.438204920e+00 2.209664626e+00 2.672110125e+00 4.730960403e-01 3.636616714e+00 1.352570162e+00 1.320091755e-01 -5.941590357e-13 7.992516650e-26
1.250981964e+05 2.434689303e+00 2.185140738e+00 2.660865001e+00 4.630986887e-01 3.603996904e+00 1.333390039e+00 1.082746607e-01 4.859117836e-13 9.397139002e-26
1.255310621e+05 2.430701113e+00 2.158805828e+00 2.649723767e+00 4.534053883e-01 3.571930713e+00 1.314636448e+00 8.752173094e-02 -3.688779886e-13 3.003962711e-26
1.259639279e+05 2.426241285e+00 2.130761869e+00 2.638686038e+00 4.440080324e-01 3.540424196e+00 1.296303892e+00 6.965826569e-02 1.943735557e-13 4.538787484e-26
1.263967936e+05 2.421316833e+00 2.101156983e+00 2.627751404e+00 4.348985252e-01 3.509481971e+00 1.278386514e+00 5.454095822e-02 -1.094447425e-13 -3.376594836e-26
1.268296593e+05 2.415940957e+00 2.070181722e+00 2.616919429e+00 4.260687321e-01 3.479106926e+00 1.260877989e+00 4.197840894e-02 5.949845503e-14 2.093301384e-26
1.272625251e+05 2.410132704e+00 2.038061484e+00 2.606189654e+00 4.175104456e-01 3.449299986e+00 1.243771446e+00 3.173838801e-02 -2.890751657e-14 -1.210294745e-26
1.276953908e+05 2.403916194e+00 2.005045668e+00 2.595561603e+00 4.092153688e-01 3.420059963e+00 1.227059421e+00 2.355870548e-02 1.165070331e-14 6.636633029e-27
1.281282565e+05 2.397319494e+00 1.971394702e+00 2.585034785e+00 4.011751197e-01 3.391383516e+00 1.210733855e+00 1.716055106e-02 -2.811632767e-15 -3.421101984e-27
1.285611222e+05 2.390373257e+00 1.937366538e+00 2.574608698e+00 3.933812529e-01 3.363265213e+00 1.194786126e+00 1.226265942e-02 -6.806504528e-16 2.472266717e-27
1.289939880e+05 2.383109303e+00 1.903204239e+00 2.564282830e+00 3.858252982e-01 3.335697691e+00 1.179207123e+00 8.594589712e-03 1.159114371e-14 5.369411634e-27
1.294268537e+05 2.375559296e+00 1.869125999e+00 2.554056658e+00 3.784988089e-01 3.308671903e+00 1.163987340e+00 5.907680715e-03 -2.053544477e-15 -9.290502002e-28
1.298597194e+05 2.367753649e+00 1.835318565e+00 2.543929646e+00 3.713934167e-01 3.282177402e+00 1.149116992e+00 3.982612143e-03 1.666472427e-15 1.241828170e-29
1.302925852e+05 2.359720739e+00 1.801934109e+00 2.533901243e+00 3.645008846e-01 3.256202662e+00 1.134586134e+00 2.633427191e-03 -8.518317598e-16 5.266357209e-28
1.307254509e+05 2.351486428e+00 1.769090309e+00 2.523970878e+00 3.578131571e-01 3.230735386e+00 1.120384773e+00 1.708229715e-03 2.332755789e-15 4.868106834e-27
1.311583166e+05 2.343073877e+00 1.736872852e+00 2.514137951e+00 3.513224007e-01 3.205762787e+00 1.106502971e+00 1.087282940e-03 -3.415047423e-16 -5.684388301e-28
1.315911824e+05 2.334503599e+00 1.705339663e+00 2.504401834e+00 3.450210362e-01 3.181271838e+00 1.092930929e+00 6.792371724e-04 1.623518387e-16 -4.926153588e-29
1.320240481e+05 2.325793642e+00 1.674525743e+00 2.494761865e+00 3.389017606e-01 3.157249468e+00 1.079659051e+00 4.165996337e-04 -2.895925716e-16 -4.180998254e-28
1.324569138e+05 2.316959876e+00 1.644448143e+00 2.485217344e+00 3.329575604e-01 3.133682721e+00 1.066677997e+00 2.509505176e-04 6.934935051e-18 -1.338571242e-28
1.328897796e+05 2.308016299e+00 1.615110516e+00 2.475767538e+00 3.271817164e-01 3.110558864e+00 1.053978712e+00 1.484941592e-04 -6.315465602e-17 1.324351578e-29
1.333226453e+05 2.298975332e+00 1.586506850e+00 2.466411673e+00 3.215678027e-01 3.087865467e+00 1.041552444e+00 8.635391727e-05 -4.353235117e-17 -3.281614596e-31
1.337555110e+05 2.289848084e+00 1.558624672e+00 2.457148941e+00 3.161096814e-01 3.065590452e+00 1.029390753e+00 4.937051961e-05 4.733312465e-17 4.024826920e-30
1.341883768e+05 2.280644575e+00 1.531447361e+00 2.447978504e+00 3.108014940e-01 3.043722119e+00 1.017485515e+00 2.775416543e-05 -2.868056052e-17 -4.514744834e-31
1.346212425e+05 2.271373915e+00 1.504955833e+00 2.438899489e+00 3.056376503e-01 3.022249159e+00 1.005828911e+00 1.534942837e-05 1.220413131e-17 -8.939502026e-31
1.350541082e+05 2.262044445e+00 1.479129774e+00 2.429911000e+00 3.006128171e-01 3.001160656e+00 9.944134251e-01 8.354697559e-06 -6.854257094e-19 6.607753755e-31
1.354869739e+05 2.252663847e+00 1.453948425e+00 2.421012116e+00 2.957219056e-01 2.980446079e+00 9.832318326e-01 4.475762781e-06 -5.941736677e-18 -4.405994617e-31
1.359198397e+05 2.243239223e+00 1.429391092e+00 2.412201893e+00 2.909600592e-01 2.960095276e+00 9.722771867e-01 2.361476543e-06 5.457753384e-18 3.256651344e-31
1.363527054e+05 2.233777167e+00 1.405437469e+00 2.403479373e+00 2.863226417e-01 2.940098457e+00 9.615428089e-01 1.229717689e-06 7.283322376e-19 1.160000206e-30
1.367855711e+05 2.224283809e+00 1.382067821e+00 2.394843582e+00 2.818052256e-01 2.920446183e+00 9.510222763e-01 6.344094123e-07 -1.342639806e-17 -9.237955919e-31
1.372184369e+05 2.214764864e+00 1.359263076e+00 2.386293534e+00 2.774035809e-01 2.901129354e+00 9.407094106e-01 3.236738917e-07 -2.860560515e-18 -1.124123411e-30
1.376513026e+05 2.205225658e+00 1.337004856e+00 2.377828233e+00 2.731136651e-01 2.882139188e+00 9.305982666e-01 1.626341774e-07 2.484432840e-17 6.831990619e-30
1.380841683e+05 2.195671165e+00 1.315275494e+00 2.369446677e+00 2.689316129e-01 2.863467214e+00 9.206831215e-01 8.136935117e-08 -2.458590915e-17 -1.029001611e-29
1.385170341e+05 2.186106024e+00 1.294058022e+00 2.361147860e+00 2.648537274e-01 2.845105256e+00 9.109584652e-01 4.188052990e-08 4.765574062e-18 2.733946533e-30
1.389498998e+05 2.176534571e+00 1.273336150e+00 2.352930772e+00 2.608764708e-01 2.827045420e+00 9.014189901e-01 2.260249638e-08 1.130441732e-17 2.665532983e-30
1.393827655e+05 2.166960853e+00 1.253094239e+00 2.344794402e+00 2.569964564e-01 2.809280084e+00 8.920595822e-01 1.236974957e-08 1.115455941e-18 -8.498933210e-31
1.398156313e+05 2.157388649e+00 1.233317273e+00 2.336737738e+00 2.532104410e-01 2.791801883e+00 8.828753124e-01 6.341343201e-09 -4.999223014e-18 -1.177635469e-30
1.402484970e+05 2.147821489e+00 1.213990831e+00 2.328759774e+00 2.495153177e-01 2.774603700e+00 8.738614282e-01 2.990527730e-09 -1.761265637e-18 2.561405200e-31
1.406813627e+05 2.138262665e+00 1.195101059e+00 2.320859502e+00 2.459081085e-01 2.757678657e+00 8.650133462e-01 1.578695341e-09 3.076949643e-18 7.367823475e-31
1.411142285e+05 2.128715250e+00 1.176634646e+00 2.313035921e+00 2.423859590e-01 2.741020102e+00 8.563266446e-01 2.691971415e-09 1.415410913e-17 -1.302430081e-31
1.415470942e+05 2.119182116e+00 1.158578795e+00 2.305288037e+00 2.389461306e-01 2.724621602e+00 8.477970555e-01 3.091013017e-09 7.445140176e-18 -3.890312879e-31
1.419799599e+05 2.109665932e+00 1.140921203e+00 2.297614857e+00 2.355859969e-01 2.708476935e+00 8.394204598e-01 4.628819625e-09 3.547688836e-19 -2.417298627e-30
1.424128257e+05 2.100169200e+00 1.123650033e+00 2.290015400e+00 2.323030348e-01 2.692580075e+00 8.311928779e-01 3.909592308e-09 -1.524357537e-18 -8.014172480e-31
1.428456914e+05 2.090694237e+00 1.106753896e+00 2.282488690e+00 2.290948247e-01 2.676925193e+00 8.231104683e-01 3.133040620e-09 -5.486746738e-18 -1.999370815e-31
1.432785571e+05 2.081243216e+00 1.090221823e+00 2.275033760e+00 2.259590393e-01 2.661506641e+00 8.151695161e-01 2.174787469e-09 -3.064586624e-18 -1.942999180e-31
1.437114228e+05 2.071818147e+00 1.074043264e+00 2.267649652e+00 2.228934457e-01 2.646318954e+00 8.073664341e-01 9.110843105e-10 2.833634328e-19 1.289943143e-31
1.441442886e+05 2.062420909e+00 1.058208044e+00 2.260335417e+00 2.198958951e-01 2.631356831e+00 7.996977515e-01 1.959172579e-10 9.487139088e-19 4.133295067e-32
1.445771543e+05 2.053053244e+00 1.042706373e+00 2.253090117e+00 2.169643242e-01 2.616615140e+00 7.921601146e-01 -1.801176863e-10 2.258053645e-18 -1.019587923e-31
1.450100200e+05 2.043716772e+00 1.027528804e+00 2.245912822e+00 2.140967463e-01 2.602088904e+00 7.847502769e-01 -2.534243157e-10 1.606461854e-18 -2.257416785e-32
1.454428858e+05 2.034412996e+00 1.012666241e+00 2.238802614e+00 2.112912521e-01 2.587773299e+00 7.774650997e-01 7.338167044e-11 1.758432679e-19 -5.367993569e-32
1.458757515e+05 2.025143312e+00 9.981099028e-01 2.231758585e+00 2.085460025e-01 2.573663646e+00 7.703015430e-01 3.481494350e-10 -2.317110854e-19 -5.810524848e-32
1.463086172e+05 2.015909009e+00 9.838513252e-01 2.224779838e+00 2.058592285e-01 2.559755406e+00 7.632566660e-01 5.906982352e-10 -9.174806819e-19 -1.132050286e-32
1.467414830e+05 2.006711284e+00 9.698823351e-01 2.217865488e+00 2.032292251e-01 2.546044174e+00 7.563276192e-01 5.463059393e-10 -8.299274195e-19 1.906045122e-32
1.471743487e+05 1.997551240e+00 9.561950498e-01 2.211014661e+00 2.006543517e-01 2.532525679e+00 7.495116443e-01 3.420024309e-10 -2.842723954e-19 4.699152655e-32
1.476072144e+05 1.988429898e+00 9.427818526e-01 2.204226494e+00 1.981330257e-01 2.519195769e+00 7.428060676e-01 1.388827472e-10 1.139500263e-19 1.443915567e-32
1.480400802e+05 1.979348194e+00 9.296353940e-01 2.197500134e+00 1.956637236e-01 2.506050417e+00 7.362082997e-01 -1.470724507e-10 5.434677196e-19 -1.132703444e-32
1.484729459e+05 1.970306994e+00 9.167485687e-01 2.190834744e+00 1.932449750e-01 2.493085710e+00 7.297158294e-01 -3.213589774e-10 3.942569263e-19 1.412976747e-33
1.489058116e+05 1.961307089e+00 9.041145164e-01 2.184229493e+00 1.908753633e-01 2.480297848e+00 7.233262234e-01 -3.549019532e-10 1.632804567e-19 -4.564868138e-33
1.493386774e+05 1.952349205e+00 8.917266025e-01 2.177683566e+00 1.885535209e-01 2.467683139e+00 7.170371211e-01 -2.188738597e-10 7.586284046e-20 -1.456274104e-32
1.497715431e+05 1.943434003e+00 8.795784168e-01 2.171196158e+00 1.862781292e-01 2.455237994e+00 7.108462336e-01 -4.372511879e-11 -1.730572048e-19 -8.226974585e-33
1.502044088e+05 1.934562088e+00 8.676637572e-01 2.164766476e+00 1.840479147e-01 2.442958925e+00 7.047513397e-01 4.052532899e-11 -3.063338913e-19 7.839270910e-33
1.506372745e+05 1.925734008e+00 8.559766281e-01 2.158393737e+00 1.818616487e-01 2.430842541e+00 6.987502847e-01 1.650133225e-10 -2.323281193e-19 1.265948939e-32
1.510701403e+05 1.916950258e+00 8.445112261e-01 2.152077171e+00 1.797181443e-01 2.418885544e+00 6.928409766e-01 2.503439071e-10 2.634411189e-20 2.012559900e-33
1.515030060e+05 1.908211283e+00 8.332619385e-01 2.145816020e+00 1.776162555e-01 2.407084727e+00 6.870213853e-01 1.473179172e-10 1.501307740e-19 1.324980240e-32
1.519358717e+05 1.899517485e+00 8.222233277e-01 2.139609536e+00 1.755548740e-01 2.395436969e+00 6.812895384e-01 -1.283368555e-10 -1.192493773e-19 5.064910234e-32
1.523687375e+05 1.890869218e+00 8.113901351e-01 2.133456983e+00 1.735329305e-01 2.383939235e+00 6.756435218e-01 -2.827625116e-10 4.791709413e-20 4.074670901e-32
1.528016032e+05 1.882266799e+00 8.007572612e-01 2.127357636e+00 1.715493894e-01 2.372588568e+00 6.700814743e-01 -4.908315501e-11 9.688335080e-19 -5.525385975e-32
1.532344689e+05 1.873710504e+00 7.903197740e-01 2.121310782e+00 1.696032511e-01 2.361382093e+00 6.646015894e-01 -1.411305086e-11 1.084181729e-18 -8.531546805e-32
1.536673347e+05 1.865200574e+00 7.800728900e-01 2.115315717e+00 1.676935478e-01 2.350317009e+00 6.592021101e-01 -5.064322195e-10 -6.265910737e-19 5.548703325e-32
1.541002004e+05 1.856737214e+00 7.700119756e-01 2.109371750e+00 1.658193437e-01 2.339390590e+00 6.538813295e-01 -9.407998541e-10 -2.238840947e-18 1.965982796e-31
1.545330661e+05 1.848320599e+00 7.601325397e-01 2.103478201e+00 1.639797339e-01 2.328600179e+00 6.486375879e-01 -1.184749246e-10 2.370749596e-19 -2.196821440e-32
1.549659319e+05 1.839950871e+00 7.504302274e-01 2.097634397e+00 1.621738416e-01 2.317943189e+00 6.434692713e-01 1.558341085e-09 5.447959032e-18 -4.863507877e-31
1.553987976e+05 1.831628146e+00 7.409008209e-01 2.091839680e+00 1.604008191e-01 2.307417099e+00 6.383748105e-01 7.958330216e-10 1.713290588e-18 -1.979155127e-31
1.558316633e+05 1.823352512e+00 7.315402244e-01 2.086093400e+00 1.586598448e-01 2.297019454e+00 6.333526784e-01 -3.232738510e-09 -1.366987802e-17 1.078856207e-30
1.562645291e+05 1.815124032e+00 7.223444624e-01 2.080394917e+00 1.569501241e-01 2.286747859e+00 6.284013902e-01 -2.551172211e-09 -9.887197910e-18 8.645270336e-31
1.566973948e+05 1.806942745e+00 7.133096757e-01 2.074743604e+00 1.552708866e-01 2.276599978e+00 6.235194999e-01 7.394705830e-09 3.138762454e-17 -2.278242373e-30
1.571302605e+05 1.798808670e+00 7.044321346e-01 2.069138840e+00 1.536213856e-01 2.266573538e+00 6.187056010e-01 1.308863144e-08 5.604783769e-17 -4.398914241e-30
1.575631263e+05 1.790721805e+00 6.957082164e-01 2.063580015e+00 1.520008970e-01 2.256666320e+00 6.139583235e-01 1.319132438e-09 6.934922190e-18 -8.019124842e-31
1.579959920e+05 1.782682122e+00 6.871343786e-01 2.058066532e+00 1.504087214e-01 2.246876158e+00 6.092763348e-01 6.558325138e-10 1.050156254e-18 -1.042927523e-31
1.584288577e+05 1.774689582e+00 6.787072091e-01 2.052597799e+00 1.488441792e-01 2.237200943e+00 6.046583371e-01 -9.238231100e-10 -2.284736171e-18 1.351657186e-31
1.588617234e+05 1.766744126e+00 6.704233818e-01 2.047173236e+00 1.473066116e-01 2.227638615e+00 6.001030660e-01 -5.940705473e-10 -1.933059507e-20 -5.480643608e-33
1.592945892e+05 1.758845678e+00 6.622796674e-01 2.041792272e+00 1.457953791e-01 2.218187163e+00 5.956092892e-01 -2.069038708e-11 9.804397622e-20 -8.045760346e-34
1.597274549e+05 1.750994151e+00 6.542729245e-01 2.036454344e+00 1.443098607e-01 2.208844622e+00 5.911758046e-01 1.521097263e-10 -1.482407998e-19 7.108282514e-33
1.601603206e+05 1.743189438e+00 6.464001077e-01 2.031158900e+00 1.428494558e-01 2.199609081e+00 5.868014441e-01 7.440341798e-11 -1.476550295e-20 -9.885993326e-34
1.605931864e+05 1.735431422e+00 6.386582581e-01 2.025905394e+00 1.414135815e-01 2.190478671e+00 5.824850694e-01 -7.985739741e-12 4.638073426e-20 -1.166156052e-33
1.610260521e+05 1.727719971e+00 6.310444950e-01 2.020693292e+00 1.400016713e-01 2.181451567e+00 5.782255692e-01 -6.056578362e-13 -2.890064487e-20 3.744527650e-33
1.614589178e+05 1.720054946e+00 6.235560168e-01 2.015522066e+00 1.386131749e-01 2.172525986e+00 5.740218603e-01 2.593161006e-11 -3.576203844e-20 2.108044864e-33
1.618917836e+05 1.712436192e+00 6.161900995e-01 2.010391198e+00 1.372475582e-01 2.163700187e+00 5.698728860e-01 6.684428937e-11 -5.279747667e-20 1.755794746e-33
1.623246493e+05 1.704863547e+00 6.089440949e-01 2.005300177e+00 1.359043027e-01 2.154972469e+00 5.657776168e-01 5.142410010e-11 -5.163258151e-21 -3.991197938e-34
1.627575150e+05 1.697336839e+00 6.018154273e-01 2.000248501e+00 1.345829049e-01 2.146341171e+00 5.617350483e-01 2.437140766e-11 5.802726148e-21 -2.858466032e-34
1.631903808e+05 1.689855886e+00 5.948015895e-01 1.995235675e+00 1.332828753e-01 2.137804669e+00 5.577442005e-01 -2.685809011e-12 9.731477875e-21 -9.646018965e-35
1.636232465e+05 1.682420498e+00 5.879001441e-01 1.990261215e+00 1.320037388e-01 2.129361378e+00 5.538041179e-01 -1.116765899e-11 -2.602115076e-22 1.451276184e-34
1.640561122e+05 1.675030478e+00 5.811087165e-01 1.985324640e+00 1.307450334e-01 2.121009747e+00 5.499138674e-01 -8.816961974e-12 -3.671190202e-21 1.189169260e-34
1.644889780e+05 1.667685623e+00 5.744249921e-01 1.980425481e+00 1.295063089e-01 2.112748259e+00 5.460725373e-01 5.968569534e-12 -1.648167312e-20 2.248559147e-34
1.649218437e+05 1.660385721e+00 5.678467266e-01 1.975563273e+00 1.282871299e-01 2.104575433e+00 5.422792408e-01 2.047922641e-11 -1.660206277e-20 7.528750517e-35
1.653547094e+05 1.653130553e+00 5.613717319e-01 1.970737560e+00 1.270870725e-01 2.096489822e+00 5.385331112e-01 3.732277798e-11 -6.229370679e-21 -4.199659262e-34
1.657875752e+05 1.645919897e+00 5.549978739e-01 1.965947895e+00 1.259057235e-01 2.088490008e+00 5.348333011e-01 7.562435226e-11 -6.776500506e-21 -1.185138985e-33
1.662204409e+05 1.638753525e+00 5.487230742e-01 1.961193834e+00 1.247426812e-01 2.080574606e+00 5.311789833e-01 6.778341302e-11 -3.408690993e-21 -6.153281304e-34
1.666533066e+05 1.631631204e+00 5.425453129e-01 1.956474944e+00 1.235975559e-01 2.072742261e+00 5.275693513e-01 7.276720731e-11 -6.049613171e-21 -4.762533025e-34
1.670861723e+05 1.624552697e+00 5.364626146e-01 1.951790796e+00 1.224699667e-01 2.064991646e+00 5.240036153e-01 7.346748205e-11 -9.333326621e-21 -4.856829898e-34
1.675190381e+05 1.617517764e+00 5.304730510e-01 1.947140968e+00 1.213595424e-01 2.057321459e+00 5.204810022e-01 3.857662715e-11 -2.164831568e-21 -1.903909765e-35
1.679519038e+05 1.610526158e+00 5.245747543e-01 1.942525047e+00 1.202659239e-01 2.049730434e+00 5.170007608e-01 7.616796650e-13 6.347123541e-21 4.649534755e-34
1.683847695e+05 1.603577633e+00 5.187658952e-01 1.937942623e+00 1.191887601e-01 2.042217325e+00 5.135621539e-01 -3.548291845e-11 2.261412550e-20 9.292201554e-34
1.688176353e+05 1.596671937e+00 5.130446953e-01 1.933393296e+00 1.181277099e-01 2.034780917e+00 5.101644630e-01 -6.014001763e-11 3.338830207e-20 1.092013036e-33
1.692505010e+05 1.589808814e+00 5.074094212e-01 1.928876670e+00 1.170824416e-01 2.027420020e+00 5.068069858e-01 -4.533329174e-11 2.591165919e-20 4.463567751e-34
1.696833667e+05 1.582988008e+00 5.018583815e-01 1.924392356e+00 1.160526317e-01 2.020133469e+00 5.034890355e-01 -3.530698437e-12 4.453768959e-21 -6.488004179e-34
1.701162325e+05 1.576209259e+00 4.963899271e-01 1.919939970e+00 1.150379652e-01 2.012920121e+00 5.002099407e-01 3.615083855e-11 -2.146006201e-20 -1.465976351e-33
1.705490982e+05 1.569472306e+00 4.910024496e-01 1.915519136e+00 1.140381355e-01 2.005778860e+00 4.969690450e-01 5.914231817e-11 -4.354580838e-20 -1.600575509e-33
1.709819639e+05 1.562776886e+00 4.856943788e-01 1.911129481e+00 1.130528433e-01 1.998708591e+00 4.937657063e-01 5.651082906e-11 -4.130808337e-20 -7.707217069e-34
1.714148297e+05 1.556122734e+00 4.804641822e-01 1.906770639e+00 1.120817970e-01 1.991708241e+00 4.905992963e-01 5.539105349e-12 1.615399683e-21 1.425306617e-33
1.718476954e+05 1.549509585e+00 4.753103657e-01 1.902442251e+00 1.111247128e-01 1.984776760e+00 4.874692010e-01 -4.399187264e-11 4.390098682e-20 3.007867707e-33
1.722805611e+05 1.542937172e+00 4.702314687e-01 1.898143963e+00 1.101813134e-01 1.977913118e+00 4.843748190e-01 -6.241946583e-11 6.816127864e-20 2.608279620e-33
1.727134269e+05 1.536405227e+00 4.652260685e-01 1.893875425e+00 1.092513290e-01 1.971116308e+00 4.813155627e-01 -6.658143225e-11 6.688494482e-20 1.136858699e-33
1.731462926e+05 1.529913482e+00 4.602927744e-01 1.889636294e+00 1.083344963e-01 1.964385342e+00 4.782908566e-01 -1.928013275e-11 -3.154730559e-21 -2.482473731e-33
1.735791583e+05 1.523461668e+00 4.554302302e-01 1.885426231e+00 1.074305590e-01 1.957719249e+00 4.753001380e-01 3.376803273e-11 -6.566269656e-20 -5.521657902e-33
1.740120240e+05 1.517049513e+00 4.506371116e-01 1.881244901e+00 1.065392667e-01 1.951117082e+00 4.723428562e-01 5.943519900e-11 -7.924318351e-20 -5.376756172e-33
1.744448898e+05 1.510676748e+00 4.459121253e-01 1.877091976e+00 1.056603754e-01 1.944577910e+00 4.694184719e-01 3.056068993e-11 -1.321515130e-20 -3.912905928e-34
1.748777555e+05 1.504343103e+00 4.412540070e-01 1.872967134e+00 1.047936469e-01 1.938100820e+00 4.665264574e-01 2.777405181e-11 1.702817339e-20 2.484777623e-33
1.753106212e+05 1.498048307e+00 4.366615227e-01 1.868870056e+00 1.039388489e-01 1.931684920e+00 4.636662959e-01 3.785798410e-11 1.520440849e-20 2.497024277e-33
1.757434870e+05 1.491792091e+00 4.321334672e-01 1.864800428e+00 1.030957547e-01 1.925329332e+00 4.608374816e-01 4.245075622e-11 4.260147303e-21 1.259889280e-33
1.761763527e+05 1.485574184e+00 4.276686627e-01 1.860757942e+00 1.022641431e-01 1.919033197e+00 4.580395192e-01 2.441724880e-11 5.120876877e-21 3.771719121e-34
1.766092184e+05 1.479394317e+00 4.232659578e-01 1.856742294e+00 1.014437981e-01 1.912795670e+00 4.552719232e-01 -1.188503515e-11 7.564686449e-21 -6.634361244e-34
1.770420842e+05 1.473252221e+00 4.189242288e-01 1.852753182e+00 1.006345090e-01 1.906615926e+00 4.525342187e-01 -3.363051694e-11 1.952291707e-21 -1.809673265e-33
1.774749499e+05 1.467147626e+00 4.146423761e-01 1.848790311e+00 9.983606998e-02 1.900493150e+00 4.498259402e-01 -2.952097189e-11 -2.687612476e-21 -1.454536723e-33
1.779078156e+05 1.461080265e+00 4.104193252e-01 1.844853390e+00 9.904828011e-02 1.894426548e+00 4.471466315e-01 -4.384931620e-12 -4.729970462e-21 2.047185270e-34
1.783406814e+05 1.455049870e+00 4.062540258e-01 1.840942133e+00 9.827094314e-02 1.888415339e+00 4.444958460e-01 5.876653496e-12 -6.198514280e-21 1.043424282e-33
1.787735471e+05 1.449056174e+00 4.021454506e-01 1.837056256e+00 9.750386730e-02 1.882458756e+00 4.418731459e-01 -1.299629237e-11 -2.841067600e-21 4.195771059e-34
1.792064128e+05 1.443098911e+00 3.980925966e-01 1.833195483e+00 9.674686566e-02 1.876556048e+00 4.392781024e-01 -1.444072577e-11 9.993949900e-22 3.023602449e-34
1.796392786e+05 1.437177817e+00 3.940944818e-01 1.829359538e+00 9.599975531e-02 1.870706477e+00 4.367102952e-01 -1.427163585e-12 2.832936428e-21 6.157616350e-35
1.800721443e+05 1.431292628e+00 3.901501462e-01 1.825548153e+00 9.526235766e-02 1.864909318e+00 4.341693121e-01 2.025809386e-11 2.614558826e-21 -3.012194427e-34
1.805050100e+05 1.425443080e+00 3.862586514e-01 1.821761058e+00 9.453449827e-02 1.859163860e+00 4.316547497e-01 8.080652303e-13 1.034664959e-20 -1.018987932e-33
1.809378758e+05 1.419628913e+00 3.824190788e-01 1.817997992e+00 9.381600658e-02 1.853469403e+00 4.291662117e-01 -5.440049913e-11 2.230622766e-20 -1.558802150e-33
1.813707415e+05 1.413849864e+00 3.786305296e-01 1.814258696e+00 9.310671588e-02 1.847825263e+00 4.267033101e-01 -1.444520258e-10 3.704843605e-20 -1.632185561e-33
1.818036072e+05 1.408105676e+00 3.748921247e-01 1.810542918e+00 9.240646325e-02 1.842230769e+00 4.242656645e-01 -1.673273839e-10 3.831249979e-20 -2.075488727e-33
1.822364729e+05 1.402396090e+00 3.712030031e-01 1.806850406e+00 9.171508928e-02 1.836685260e+00 4.218529015e-01 -1.015646726e-10 2.118170005e-20 -2.444072677e-33
1.826693387e+05 1.396720849e+00 3.675623223e-01 1.803180916e+00 9.103243809e-02 1.831188089e+00 4.194646550e-01 1.099633252e-10 -2.379133540e-20 -2.715297870e-33
1.831022044e+05 1.391079697e+00 3.639692622e-01 1.799534193e+00 9.035835826e-02 1.825738612e+00 4.171005667e-01 1.552653749e-10 -3.465292309e-20 -2.436379756e-33
1.835350701e+05 1.385472380e+00 3.604230158e-01 1.795909998e+00 8.969270079e-02 1.820336202e+00 4.147602842e-01 2.425784666e-11 -6.012827109e-21 -1.519537297e-33
1.839679359e+05 1.379898645e+00 3.569227947e-01 1.792308088e+00 8.903532030e-02 1.814980240e+00 4.124434621e-01 -4.536583546e-10 9.939326882e-20 2.978638787e-34
1.844008016e+05 1.374358240e+00 3.534678154e-01 1.788728261e+00 8.838607211e-02 1.809670153e+00 4.101497610e-01 -3.105485485e-10 -1.756059229e-21 -7.376215674e-35
1.848336673e+05 1.368850918e+00 3.500573336e-01 1.785170255e+00 8.774481959e-02 1.804405311e+00 4.078788493e-01 -1.445597932e-11 2.447279518e-21 3.166640409e-35
1.852665331e+05 1.363376429e+00 3.466906048e-01 1.781633852e+00 8.711142551e-02 1.799185149e+00 4.056304008e-01 -8.862124763e-11 1.218550974e-20 4.579151397e-35
1.856993988e+05 1.357934525e+00 3.433669047e-01 1.778118829e+00 8.648575699e-02 1.794009088e+00 4.034040957e-01 -7.974716015e-11 1.026020750e-21 -2.052164503e-36
1.861322645e+05 1.352524963e+00 3.400855225e-01 1.774624964e+00 8.586768338e-02 1.788876568e+00 4.011996198e-01 -2.517115432e-11 -7.179425341e-22 -1.012728337e-36
1.865651303e+05 1.347147498e+00 3.368457646e-01 1.771152039e+00 8.525707748e-02 1.783787036e+00 3.990166656e-01 1.311826453e-11 2.259350213e-22 3.788489925e-36
1.869979960e+05 1.341801888e+00 3.336469485e-01 1.767699840e+00 8.465381420e-02 1.778739948e+00 3.968549302e-01 1.693951598e-11 3.181176864e-22 1.415732918e-36
1.874308617e+05 1.336487893e+00 3.304884060e-01 1.764268155e+00 8.405777115e-02 1.773734769e+00 3.947141163e-01 9.364916576e-12 1.273477325e-22 1.849942949e-37
1.878637275e+05 1.331205273e+00 3.273694840e-01 1.760856774e+00 8.346882886e-02 1.768770973e+00 3.925939328e-01 1.554728909e-12 1.545116267e-23 -2.111910416e-37
1.882965932e+05 1.325953792e+00 3.242895398e-01 1.757465491e+00 8.288686979e-02 1.763848043e+00 3.904940926e-01 -2.225562586e-12 -3.006136384e-23 -8.231600081e-38
1.887294589e+05 1.320733214e+00 3.212479461e-01 1.754094104e+00 8.231177936e-02 1.758965472e+00 3.884143147e-01 -1.497543577e-12 -3.394090510e-24 1.662248683e-37
1.891623246e+05 1.315543305e+00 3.182440870e-01 1.750742411e+00 8.174344513e-02 1.754122759e+00 3.863543231e-01 1.254830458e-12 3.041640298e-23 4.393093628e-37
1.895951904e+05 1.310383833e+00 3.152773529e-01 1.747410214e+00 8.118175588e-02 1.749319409e+00 3.843138440e-01 4.283741372e-12 4.663633638e-23 3.654836149e-37
1.900280561e+05 1.305254566e+00 3.123471549e-01 1.744097317e+00 8.062660430e-02 1.744554940e+00 3.822926120e-01 8.637393578e-12 8.565724569e-23 6.390253282e-37
1.904609218e+05 1.300155277e+00 3.094529188e-01 1.740803531e+00 8.007788589e-02 1.739828882e+00 3.802903679e-01 6.518535458e-12 3.010505372e-23 1.804039743e-37
1.908937876e+05 1.295085738e+00 3.065940732e-01 1.737528663e+00 7.953549664e-02 1.735140763e+00 3.783068532e-01 5.879682440e-12 1.963871077e-23 1.427240841e-37
1.913266533e+05 1.290045724e+00 3.037700696e-01 1.734272529e+00 7.899933690e-02 1.730490132e+00 3.763418191e-01 2.497618188e-12 8.137084026e-26 6.296886741e-39
1.917595190e+05 1.285035011e+00 3.009803570e-01 1.731034942e+00 7.846930653e-02 1.725876531e+00 3.743950157e-01 -6.361582816e-14 -1.078182913e-23 -4.548227097e-38
1.921923848e+05 1.280053377e+00 2.982244045e-01 1.727815722e+00 7.794530920e-02 1.721299519e+00 3.724662012e-01 -7.807769680e-13 -3.388251456e-24 -9.826499915e-39
1.926252505e+05 1.275100602e+00 2.955016846e-01 1.724614687e+00 7.742724919e-02 1.716758658e+00 3.705551354e-01 -1.406771910e-12 -8.791075864e-27 7.353132465e-39
1.930581162e+05 1.270176466e+00 2.928116832e-01 1.721431661e+00 7.691503333e-02 1.712253516e+00 3.686615833e-01 -9.601338797e-13 -2.287146685e-25 1.407861062e-39
1.934909820e+05 1.265280752e+00 2.901538947e-01 1.718266468e+00 7.640857002e-02 1.707783670e+00 3.667853136e-01 -3.673090140e-13 4.829569997e-24 2.529166920e-38
1.939238477e+05 1.260413247e+00 2.875278239e-01 1.715118935e+00 7.590776963e-02 1.703348704e+00 3.649260993e-01 -1.043256822e-13 9.439049317e-24 5.052079741e-38
1.943567134e+05 1.255573735e+00 2.849329847e-01 1.711988893e+00 7.541254425e-02 1.698948207e+00 3.630837171e-01 8.613918799e-14 1.157088039e-23 6.255455144e-38
1.947895792e+05 1.250762006e+00 2.823689008e-01 1.708876172e+00 7.492280777e-02 1.694581775e+00 3.612579477e-01 6.056295214e-13 8.757617493e-24 4.289307857e-38
1.952224449e+05 1.245977848e+00 2.798351054e-01 1.705780607e+00 7.443847590e-02 1.690249012e+00 3.594485757e-01 1.093808251e-12 9.971791626e-25 -6.053496322e-39
1.956553106e+05 1.241221053e+00 2.773311389e-01 1.702702034e+00 7.395946569e-02 1.685949526e+00 3.576553888e-01 1.067903404e-12 -1.041373377e-24 -1.408523211e-38
1.960881764e+05 1.236491416e+00 2.748565532e-01 1.699640291e+00 7.348569630e-02 1.681682933e+00 3.558781794e-01 3.618565724e-13 5.803682748e-24 3.936665252e-38
1.965210421e+05 1.231788730e+00 2.724109051e-01 1.696595218e+00 7.301708786e-02 1.677448854e+00 3.541167420e-01 -7.104912009e-14 5.592496801e-24 4.186434015e-38
1.969539078e+05 1.227112792e+00 2.699937628e-01 1.693566659e+00 7.255356259e-02 1.673246916e+00 3.523708758e-01 1.183384700e-14 -3.428497382e-24 -2.241912523e-38
1.973867735e+05 1.222463400e+00 2.676047008e-01 1.690554457e+00 7.209504391e-02 1.669076753e+00 3.506403826e-01 3.148131066e-13 -1.321846050e-23 -9.356468487e-38
1.978196393e+05 1.217840354e+00 2.652433014e-01 1.687558459e+00 7.164145665e-02 1.664938001e+00 3.489250674e-01 3.052286116e-14 -6.160270933e-24 -3.959257792e-38
1.982525050e+05 1.213243456e+00 2.629091557e-01 1.684578513e+00 7.119272734e-02 1.660830307e+00 3.472247392e-01 -6.801766346e-13 1.615246547e-23 1.275729364e-37
1.986853707e+05 1.208672509e+00 2.606018604e-01 1.681614471e+00 7.074878348e-02 1.656753318e+00 3.455392090e-01 -9.557815480e-13 2.653202921e-23 2.021679301e-37
1.991182365e+05 1.204127318e+00 2.583210217e-01 1.678666183e+00 7.030955441e-02 1.652706690e+00 3.438682921e-01 -9.489665018e-13 2.653773261e-23 1.957111486e-37
1.995511022e+05 1.199607689e+00 2.560662528e-01 1.675733505e+00 6.987497069e-02 1.648690084e+00 3.422118063e-01 -4.464258179e-13 5.288588075e-24 2.594198968e-38
1.999839679e+05 1.195113431e+00 2.538371727e-01 1.672816292e+00 6.944496404e-02 1.644703165e+00 3.405695722e-01 1.630944972e-13 -9.003638086e-24 -8.532854198e-38
2.004168337e+05 1.190644352e+00 2.516334079e-01 1.669914402e+00 6.901946749e-02 1.640745602e+00 3.389414137e-01 7.352916746e-13 -1.918351547e-23 -1.578490457e-37
2.008496994e+05 1.186200266e+00 2.494545908e-01 1.667027695e+00 6.859841521e-02 1.636817070e+00 3.373271568e-01 6.397287373e-13 -8.614718544e-24 -6.049035907e-38
2.012825651e+05 1.181780983e+00 2.473003623e-01 1.664156032e+00 6.818174294e-02 1.632917250e+00 3.357266314e-01 9.233066808e-13 -7.351974996e-24 -3.636353422e-38
2.017154309e+05 1.177386320e+00 2.451703679e-01 1.661299277e+00 6.776938722e-02 1.629045827e+00 3.341396691e-01 1.169730879e-12 -8.153981649e-24 -3.539582875e-38
2.021482966e+05 1.173016092e+00 2.430642588e-01 1.658457293e+00 6.736128570e-02 1.625202490e+00 3.325661044e-01 8.866590586e-13 -4.343442209e-24 -1.629915402e-38
2.025811623e+05 1.168670116e+00 2.409816943e-01 1.655629948e+00 6.695737749e-02 1.621386931e+00 3.310057747e-01 4.579020259e-13 3.402796145e-25 4.942264282e-39
2.030140281e+05 1.164348213e+00 2.389223393e-01 1.652817109e+00 6.655760275e-02 1.617598851e+00 3.294585200e-01 2.074084125e-13 2.554475287e-24 1.429815924e-38
2.034468938e+05 1.160050203e+00 2.368858635e-01 1.650018647e+00 6.616190252e-02 1.613837952e+00 3.279241826e-01 7.371539391e-14 2.118941270e-24 1.065667198e-38
2.038797595e+05 1.155775908e+00 2.348719432e-01 1.647234432e+00 6.577021905e-02 1.610103940e+00 3.264026073e-01 5.279786394e-14 -4.355829121e-25 -3.276866370e-39
2.043126253e+05 1.151525152e+00 2.328802611e-01 1.644464338e+00 6.538249575e-02 1.606396528e+00 3.248936417e-01 -4.677989550e-14 -1.544752826e-24 -1.171714877e-38
2.047454910e+05 1.147297761e+00 2.309105044e-01 1.641708240e+00 6.499867691e-02 1.602715431e+00 3.233971355e-01 -9.927223029e-14 -1.592843287e-24 -1.243429903e-38
2.051783567e+05 1.143093561e+00 2.289623663e-01 1.638966012e+00 6.461870787e-02 1.599060369e+00 3.219129408e-01 -1.080906076e-13 1.169338723e-25 -8.538866420e-40
2.056112224e+05 1.138912381e+00 2.270355451e-01 1.636237534e+00 6.424253490e-02 1.595431065e+00 3.204409119e-01 -5.714819824e-14 1.328359771e-25 4.889560109e-40
2.060440882e+05 1.134754051e+00 2.251297444e-01 1.633522683e+00 6.387010530e-02 1.591827248e+00 3.189809057e-01 5.385473891e-15 -3.520148202e-26 7.890985664e-40
2.064769539e+05 1.130618403e+00 2.232446731e-01 1.630821341e+00 6.350136727e-02 1.588248649e+00 3.175327808e-01 4.163689165e-14 -5.737868300e-25 -1.841428937e-39
2.069098196e+05 1.126505268e+00 2.213800445e-01 1.628133389e+00 6.313626988e-02 1.584695003e+00 3.160963984e-01 1.919740232e-13 -2.391699177e-26 4.345802085e-39
2.073426854e+05 1.122414482e+00 2.195355773e-01 1.625458711e+00 6.277476313e-02 1.581166050e+00 3.146716216e-01 3.262398532e-13 6.244269775e-25 1.058255912e-38
2.077755511e+05 1.118345879e+00 2.177109948e-01 1.622797191e+00 6.241679788e-02 1.577661532e+00 3.132583155e-01 3.894606415e-13 1.069679990e-24 1.376117273e-38
2.082084168e+05 1.114299299e+00 2.159060247e-01 1.620148716e+00 6.206232581e-02 1.574181196e+00 3.118563474e-01 3.086426367e-13 8.407407906e-25 9.281993016e-39
2.086412826e+05 1.110274578e+00 2.141203998e-01 1.617513173e+00 6.171129953e-02 1.570724792e+00 3.104655866e-01 1.671756269e-13 4.599213045e-25 2.650216825e-39
2.090741483e+05 1.106271557e+00 2.123538576e-01 1.614890450e+00 6.136367248e-02 1.567292073e+00 3.090859045e-01 1.176514801e-13 8.406603515e-25 3.541264195e-39
2.095070140e+05 1.102290077e+00 2.106061391e-01 1.612280439e+00 6.101939873e-02 1.563882796e+00 3.077171740e-01 5.504901566e-14 1.068134435e-24 3.805885052e-39
2.099398798e+05 1.098329982e+00 2.088769897e-01 1.609683030e+00 6.067843320e-02 1.560496720e+00 3.063592701e-01 -1.419890314e-16 9.707005737e-25 3.055449890e-39
2.103727455e+05 1.094391115e+00 2.071661591e-01 1.607098116e+00 6.034073154e-02 1.557133611e+00 3.050120696e-01 -1.748984809e-14 3.260440522e-25 8.247874501e-40
2.108056112e+05 1.090473322e+00 2.054734027e-01 1.604525592e+00 6.000625048e-02 1.553793234e+00 3.036754516e-01 -7.324871752e-14 -2.357147629e-26 -7.643466231e-40
2.112384770e+05 1.086576449e+00 2.037984783e-01 1.601965351e+00 5.967494715e-02 1.550475359e+00 3.023492965e-01 -1.299712304e-13 -2.579440157e-25 -1.963918176e-39
2.116713427e+05 1.082700346e+00 2.021411477e-01 1.599417292e+00 5.934677942e-02 1.547179760e+00 3.010334865e-01 -1.604474025e-13 -3.942218029e-25 -2.570749427e-39
2.121042084e+05 1.078844861e+00 2.005011767e-01 1.596881310e+00 5.902170588e-02 1.543906211e+00 2.997279054e-01 -1.455962947e-13 -2.997329035e-25 -1.949154861e-39
2.125370741e+05 1.075009846e+00 1.988783353e-01 1.594357306e+00 5.869968589e-02 1.540654494e+00 2.984324390e-01 -8.470660242e-14 3.663614798e-26 -6.908077428e-41
2.129699399e+05 1.071195153e+00 1.972723982e-01 1.591845179e+00 5.838067968e-02 1.537424389e+00 2.971469751e-01 -5.488103982e-14 7.146729963e-26 4.017583049e-40
2.134028056e+05 1.067400635e+00 1.956831423e-01 1.589344830e+00 5.806464780e-02 1.534215682e+00 2.958714023e-01 -2.122473919e-14 1.003686617e-25 8.173382995e-40
2.138356713e+05 1.063626147e+00 1.941103482e-01 1.586856161e+00 5.775155158e-02 1.531028161e+00 2.946056114e-01 3.125857749e-15 8.792509438e-26 9.053669935e-40
2.142685371e+05 1.059871545e+00 1.925538006e-01 1.584379077e+00 5.744135299e-02 1.527861616e+00 2.933494943e-01 -2.665769146e-16 -1.654487456e-26 2.871893935e-40
2.147014028e+05 1.056136686e+00 1.910132878e-01 1.581913481e+00 5.713401470e-02 1.524715841e+00 2.921029451e-01 -4.968204733e-16 -1.033948161e-25 -2.721784166e-40
2.151342685e+05 1.052421430e+00 1.894886013e-01 1.579459279e+00 5.682949998e-02 1.521590633e+00 2.908658591e-01 1.863066633e-14 -1.083907657e-25 -3.261771819e-40
2.155671343e+05 1.048725635e+00 1.879795357e-01 1.577016377e+00 5.652777262e-02 1.518485791e+00 2.896381329e-01 3.350494194e-14 -9.329912344e-26 -3.187119160e-40
2.160000000e+05 1.045049162e+00 1.864858891e-01 1.574584684e+00 5.622879702e-02 1.515401115e+00 2.884196648e-01 4.248900752e-14 -4.736336148e-26 -1.710399639e-40
