time            Cj              Ck              shCj            shCk            Br              shBr            shReactCBCj    
0.000000000e+00 1.000000000e+01 1.000000000e-05 0.000000000e+00 0.000000000e+00 1.000000000e+01 1.000000000e+01 8.000000000e+01
2.164328657e+02 7.093443848e+00 2.457400707e-02 1.071010168e-03 5.356563231e-03 9.986640330e+00 9.995880702e+00 7.999151560e+01
4.328657315e+02 6.425269942e+00 4.674037173e-02 2.441943731e-03 7.490720961e-03 9.952772929e+00 9.985958800e+00 7.997903246e+01
6.492985972e+02 5.959319284e+00 6.796870725e-02 3.535516275e-03 8.924724325e-03 9.905316966e+00 9.972344482e+00 7.996359210e+01
8.657314629e+02 5.632645686e+00 8.938308572e-02 4.438781772e-03 1.005487703e-02 9.848994941e+00 9.955944242e+00 7.994573113e+01
1.082164329e+03 5.401680292e+00 1.118058153e-01 5.208433045e-03 1.099059192e-02 9.786997850e+00 9.937272850e+00 7.992583764e+01
1.298597194e+03 5.236453936e+00 1.357790622e-01 5.866155799e-03 1.177136543e-02 9.721463098e+00 9.916706955e+00 7.990424188e+01
1.515030060e+03 5.116416079e+00 1.616115273e-01 6.420470860e-03 1.241649454e-02 9.653810093e+00 9.894568265e+00 7.988124484e+01
1.731462926e+03 5.027500116e+00 1.894310158e-01 6.877234675e-03 1.293975907e-02 9.584972405e+00 9.871148207e+00 7.985712371e+01
1.947895792e+03 4.960088383e+00 2.192335925e-01 7.243280297e-03 1.335398278e-02 9.515556803e+00 9.846712445e+00 7.983213012e+01
2.164328657e+03 4.907609132e+00 2.509253337e-01 7.527056037e-03 1.367211336e-02 9.445951479e+00 9.821499577e+00 7.980648740e+01
2.380761523e+03 4.865572547e+00 2.843556033e-01 7.738153851e-03 1.390709473e-02 9.376399342e+00 9.795719354e+00 7.978038920e+01
2.597194389e+03 4.830910101e+00 3.193422788e-01 7.886576518e-03 1.407141932e-02 9.307047457e+00 9.769552153e+00 7.975399980e+01
2.813627255e+03 4.801522695e+00 3.556900414e-01 7.982089303e-03 1.417670374e-02 9.237980283e+00 9.743149915e+00 7.972745579e+01
3.030060120e+03 4.775972040e+00 3.932030466e-01 8.033763284e-03 1.423340282e-02 9.169241928e+00 9.716638239e+00 7.970086876e+01
3.246492986e+03 4.753270023e+00 4.316932494e-01 8.049712017e-03 1.425067255e-02 9.100851003e+00 9.690119176e+00 7.967432833e+01
3.462925852e+03 4.732735532e+00 4.709854715e-01 8.036984376e-03 1.423635298e-02 9.032810454e+00 9.663674316e+00 7.964790538e+01
3.679358717e+03 4.713896492e+00 5.109201410e-01 8.001565925e-03 1.419703592e-02 8.965114050e+00 9.637367888e+00 7.962165508e+01
3.895791583e+03 4.696423795e+00 5.513543812e-01 7.948448125e-03 1.413818104e-02 8.897750579e+00 9.611249642e+00 7.959561967e+01
4.112224449e+03 4.680085841e+00 5.921620183e-01 7.881732877e-03 1.406425594e-02 8.830706553e+00 9.585357448e+00 7.956983083e+01
4.328657315e+03 4.664717866e+00 6.332328921e-01 7.804751925e-03 1.397887851e-02 8.763967901e+00 9.559719547e+00 7.954431180e+01
4.545090180e+03 4.650200918e+00 6.744717437e-01 7.720184777e-03 1.388495539e-02 8.697520990e+00 9.534356454e+00 7.951907909e+01
4.761523046e+03 4.636447630e+00 7.157969039e-01 7.630168658e-03 1.378480465e-02 8.631353205e+00 9.509282533e+00 7.949414384e+01
4.977955912e+03 4.623392401e+00 7.571388886e-01 7.536396591e-03 1.368026446e-02 8.565453250e+00 9.484507305e+00 7.946951304e+01
5.194388778e+03 4.610984663e+00 7.984389859e-01 7.440202604e-03 1.357278617e-02 8.499811269e+00 9.460036508e+00 7.944519042e+01
5.410821643e+03 4.599184500e+00 8.396479575e-01 7.342630282e-03 1.346350864e-02 8.434418837e+00 9.435872913e+00 7.942117719e+01
5.627254509e+03 4.587959414e+00 8.807247958e-01 7.244491993e-03 1.335332216e-02 8.369268910e+00 9.412017014e+00 7.939747263e+01
5.843687375e+03 4.577282164e+00 9.216355980e-01 7.146416691e-03 1.324291975e-02 8.304355716e+00 9.388467555e+00 7.937407452e+01
6.060120240e+03 4.567129332e+00 9.623525753e-01 7.048887527e-03 1.313283759e-02 8.239674643e+00 9.365221947e+00 7.935097955e+01
6.276553106e+03 4.557480255e+00 1.002853157e+00 6.952273060e-03 1.302348832e-02 8.175222115e+00 9.342276603e+00 7.932818358e+01
6.492985972e+03 4.548316327e+00 1.043119213e+00 6.856851547e-03 1.291518711e-02 8.110995472e+00 9.319627193e+00 7.930568185e+01
6.709418838e+03 4.539620511e+00 1.083136383e+00 6.762830017e-03 1.280817202e-02 8.046992855e+00 9.297268849e+00 7.928346918e+01
6.925851703e+03 4.531376986e+00 1.122893487e+00 6.670359770e-03 1.270262062e-02 7.983213104e+00 9.275196318e+00 7.926154009e+01
7.142284569e+03 4.523570838e+00 1.162381976e+00 6.579549700e-03 1.259866409e-02 7.919655663e+00 9.253404090e+00 7.923988889e+01
7.358717435e+03 4.516188043e+00 1.201595621e+00 6.490472048e-03 1.249639381e-02 7.856320494e+00 9.231886490e+00 7.921850979e+01
7.575150301e+03 4.509215163e+00 1.240529997e+00 6.403174344e-03 1.239587372e-02 7.793208002e+00 9.210637751e+00 7.919739697e+01
7.791583166e+03 4.502639349e+00 1.279182264e+00 6.317682639e-03 1.229714404e-02 7.730318975e+00 9.189652075e+00 7.917654456e+01
8.008016032e+03 4.496448249e+00 1.317550860e+00 6.234006958e-03 1.220022715e-02 7.667654519e+00 9.168923673e+00 7.915594677e+01
8.224448898e+03 4.490629958e+00 1.355635286e+00 6.152144760e-03 1.210513128e-02 7.605216014e+00 9.148446800e+00 7.913559784e+01
8.440881764e+03 4.485172978e+00 1.393435914e+00 6.072083863e-03 1.201185369e-02 7.543005069e+00 9.128215779e+00 7.911549211e+01
8.657314629e+03 4.480066184e+00 1.430953820e+00 5.993804810e-03 1.192038329e-02 7.481023485e+00 9.108225022e+00 7.909562403e+01
8.873747495e+03 4.475298799e+00 1.468190651e+00 5.917282540e-03 1.183070243e-02 7.419273220e+00 9.088469042e+00 7.907598813e+01
9.090180361e+03 4.470860373e+00 1.505148513e+00 5.842487801e-03 1.174278846e-02 7.357756366e+00 9.068942463e+00 7.905657908e+01
9.306613226e+03 4.466740767e+00 1.541829874e+00 5.769388355e-03 1.165661504e-02 7.296475124e+00 9.049640025e+00 7.903739167e+01
9.523046092e+03 4.462930131e+00 1.578237477e+00 5.697949836e-03 1.157215315e-02 7.235431778e+00 9.030556596e+00 7.901842081e+01
9.739478958e+03 4.459418897e+00 1.614374284e+00 5.628136401e-03 1.148937173e-02 7.174628685e+00 9.011687163e+00 7.899966153e+01
9.955911824e+03 4.456197764e+00 1.650243411e+00 5.559911329e-03 1.140823843e-02 7.114068256e+00 8.993026843e+00 7.898110902e+01
1.017234469e+04 4.453257685e+00 1.685848090e+00 5.493237379e-03 1.132871998e-02 7.053752940e+00 8.974570878e+00 7.896275855e+01
1.038877756e+04 4.450589859e+00 1.721191617e+00 5.428077302e-03 1.125078276e-02 6.993685216e+00 8.956314635e+00 7.894460555e+01
1.060521042e+04 4.448185722e+00 1.756277337e+00 5.364393867e-03 1.117439286e-02 6.933867583e+00 8.938253606e+00 7.892664557e+01
1.082164329e+04 4.446036934e+00 1.791108605e+00 5.302150233e-03 1.109951650e-02 6.874302550e+00 8.920383404e+00 7.890887427e+01
1.103807615e+04 4.444135378e+00 1.825688771e+00 5.241310086e-03 1.102612019e-02 6.814992629e+00 8.902699760e+00 7.889128743e+01
1.125450902e+04 4.442473144e+00 1.860021168e+00 5.181837578e-03 1.095417067e-02 6.755940328e+00 8.885198522e+00 7.887388095e+01
1.147094188e+04 4.441042527e+00 1.894109089e+00 5.123697581e-03 1.088363525e-02 6.697148145e+00 8.867875654e+00 7.885665086e+01
1.168737475e+04 4.439836020e+00 1.927955762e+00 5.066856110e-03 1.081448216e-02 6.638618564e+00 8.850727227e+00 7.883959325e+01
1.190380762e+04 4.438846305e+00 1.961564382e+00 5.011279542e-03 1.074667986e-02 6.580354048e+00 8.833749422e+00 7.882270438e+01
1.212024048e+04 4.438066247e+00 1.994938097e+00 4.956934608e-03 1.068019701e-02 6.522357040e+00 8.816938525e+00 7.880598056e+01
1.233667335e+04 4.437488890e+00 2.028079908e+00 4.903790461e-03 1.061500458e-02 6.464629953e+00 8.800290921e+00 7.878941822e+01
1.255310621e+04 4.437107452e+00 2.060992828e+00 4.851815793e-03 1.055107290e-02 6.407175172e+00 8.783803095e+00 7.877301391e+01
1.276953908e+04 4.436915315e+00 2.093679752e+00 4.800980545e-03 1.048837352e-02 6.349995049e+00 8.767471626e+00 7.875676424e+01
1.298597194e+04 4.436906025e+00 2.126143532e+00 4.751255084e-03 1.042687821e-02 6.293091898e+00 8.751293188e+00 7.874066592e+01
1.320240481e+04 4.437073285e+00 2.158386880e+00 4.702611670e-03 1.036656066e-02 6.236468000e+00 8.735264542e+00 7.872471576e+01
1.341883768e+04 4.437410949e+00 2.190412530e+00 4.655021841e-03 1.030739353e-02 6.180125593e+00 8.719382536e+00 7.870891064e+01
1.363527054e+04 4.437913021e+00 2.222223013e+00 4.608459807e-03 1.024935234e-02 6.124066874e+00 8.703644102e+00 7.869324754e+01
1.385170341e+04 4.438573647e+00 2.253820898e+00 4.562898800e-03 1.019241138e-02 6.068293998e+00 8.688046252e+00 7.867772351e+01
1.406813627e+04 4.439387117e+00 2.285208593e+00 4.518314416e-03 1.013654717e-02 6.012809074e+00 8.672586080e+00 7.866233567e+01
1.428456914e+04 4.440347847e+00 2.316388511e+00 4.474681201e-03 1.008173537e-02 5.957614166e+00 8.657260752e+00 7.864708122e+01
1.450100200e+04 4.441450399e+00 2.347362904e+00 4.431976491e-03 1.002795399e-02 5.902711289e+00 8.642067509e+00 7.863195745e+01
1.471743487e+04 4.442689450e+00 2.378134038e+00 4.390176429e-03 9.975180138e-03 5.848102411e+00 8.627003663e+00 7.861696170e+01
1.493386774e+04 4.444059814e+00 2.408704039e+00 4.349259388e-03 9.923392836e-03 5.793789450e+00 8.612066597e+00 7.860209137e+01
1.515030060e+04 4.445556418e+00 2.439075026e+00 4.309203189e-03 9.872570570e-03 5.739774273e+00 8.597253758e+00 7.858734396e+01
1.536673347e+04 4.447174313e+00 2.469249007e+00 4.269987053e-03 9.822693237e-03 5.686058697e+00 8.582562659e+00 7.857271699e+01
1.558316633e+04 4.448908662e+00 2.499227949e+00 4.231590576e-03 9.773740977e-03 5.632644485e+00 8.567990874e+00 7.855820809e+01
1.579959920e+04 4.450754745e+00 2.529013753e+00 4.193993985e-03 9.725694533e-03 5.579533347e+00 8.553536040e+00 7.854381490e+01
1.601603206e+04 4.452707950e+00 2.558608260e+00 4.157178084e-03 9.678535175e-03 5.526726943e+00 8.539195851e+00 7.852953516e+01
1.623246493e+04 4.454763770e+00 2.588013257e+00 4.121124259e-03 9.632244689e-03 5.474226874e+00 8.524968058e+00 7.851536664e+01
1.644889780e+04 4.456917807e+00 2.617230472e+00 4.085814449e-03 9.586805385e-03 5.422034689e+00 8.510850469e+00 7.850130718e+01
1.666533066e+04 4.459165767e+00 2.646261588e+00 4.051230962e-03 9.542199928e-03 5.370151884e+00 8.496840943e+00 7.848735465e+01
1.688176353e+04 4.461503442e+00 2.675108219e+00 4.017357106e-03 9.498411865e-03 5.318579895e+00 8.482937392e+00 7.847350701e+01
1.709819639e+04 4.463926744e+00 2.703771956e+00 3.984175969e-03 9.455424512e-03 5.267320106e+00 8.469137778e+00 7.845976222e+01
1.731462926e+04 4.466431661e+00 2.732254321e+00 3.951671674e-03 9.413222265e-03 5.216373843e+00 8.455440111e+00 7.844611833e+01
1.753106212e+04 4.469014285e+00 2.760556803e+00 3.919828605e-03 9.371789612e-03 5.165742378e+00 8.441842450e+00 7.843257342e+01
1.774749499e+04 4.471670795e+00 2.788680842e+00 3.888631565e-03 9.331111502e-03 5.115426923e+00 8.428342899e+00 7.841912561e+01
1.796392786e+04 4.474397460e+00 2.816627840e+00 3.858065849e-03 9.291173315e-03 5.065428636e+00 8.414939605e+00 7.840577308e+01
1.818036072e+04 4.477190637e+00 2.844399155e+00 3.828117169e-03 9.251960830e-03 5.015748619e+00 8.401630761e+00 7.839251403e+01
1.839679359e+04 4.480046767e+00 2.871996113e+00 3.798771593e-03 9.213460146e-03 4.966387915e+00 8.388414599e+00 7.837934672e+01
1.861322645e+04 4.482962376e+00 2.899419997e+00 3.770015621e-03 9.175657761e-03 4.917347512e+00 8.375289393e+00 7.836626944e+01
1.882965932e+04 4.485934071e+00 2.926672060e+00 3.741836117e-03 9.138540501e-03 4.868628341e+00 8.362253457e+00 7.835328052e+01
1.904609218e+04 4.488958538e+00 2.953753519e+00 3.714220311e-03 9.102095528e-03 4.820231275e+00 8.349305143e+00 7.834037834e+01
1.926252505e+04 4.492032543e+00 2.980665561e+00 3.687155779e-03 9.066310337e-03 4.772157132e+00 8.336442839e+00 7.832756130e+01
1.947895792e+04 4.495152930e+00 3.007409340e+00 3.660630444e-03 9.031172739e-03 4.724406675e+00 8.323664972e+00 7.831482785e+01
1.969539078e+04 4.498316614e+00 3.033985984e+00 3.634632560e-03 8.996670852e-03 4.676980606e+00 8.310970000e+00 7.830217646e+01
1.991182365e+04 4.501520589e+00 3.060396592e+00 3.609150705e-03 8.962793087e-03 4.629879577e+00 8.298356420e+00 7.828960564e+01
2.012825651e+04 4.504761917e+00 3.086642236e+00 3.584173762e-03 8.929528141e-03 4.583104180e+00 8.285822758e+00 7.827711394e+01
2.034468938e+04 4.508037733e+00 3.112723964e+00 3.559690915e-03 8.896864990e-03 4.536654952e+00 8.273367575e+00 7.826469994e+01
2.056112224e+04 4.511345242e+00 3.138642800e+00 3.535691635e-03 8.864792877e-03 4.490532377e+00 8.260989462e+00 7.825236223e+01
2.077755511e+04 4.514681714e+00 3.164399744e+00 3.512165676e-03 8.833301310e-03 4.444736882e+00 8.248687042e+00 7.824009947e+01
2.099398798e+04 4.518044491e+00 3.189995777e+00 3.489103066e-03 8.802380047e-03 4.399268840e+00 8.236458966e+00 7.822791031e+01
2.121042084e+04 4.521430974e+00 3.215431857e+00 3.466494097e-03 8.772019092e-03 4.354128571e+00 8.224303915e+00 7.821579345e+01
2.142685371e+04 4.524838635e+00 3.240708925e+00 3.444329314e-03 8.742208688e-03 4.309316340e+00 8.212220597e+00 7.820374761e+01
2.164328657e+04 4.528265004e+00 3.265827900e+00 3.422599513e-03 8.712939308e-03 4.264832359e+00 8.200207749e+00 7.819177154e+01
2.185971944e+04 4.531707676e+00 3.290789687e+00 3.401295726e-03 8.684201648e-03 4.220676787e+00 8.188264133e+00 7.817986402e+01
2.207615230e+04 4.535164304e+00 3.315595174e+00 3.380409220e-03 8.655986622e-03 4.176849732e+00 8.176388539e+00 7.816802385e+01
2.229258517e+04 4.538632602e+00 3.340245231e+00 3.359931487e-03 8.628285355e-03 4.133351248e+00 8.164579780e+00 7.815624986e+01
2.250901804e+04 4.542110344e+00 3.364740717e+00 3.339854238e-03 8.601089176e-03 4.090181338e+00 8.152836696e+00 7.814454090e+01
2.272545090e+04 4.545595359e+00 3.389082473e+00 3.320169395e-03 8.574389614e-03 4.047339956e+00 8.141158147e+00 7.813289583e+01
2.294188377e+04 4.549085533e+00 3.413271331e+00 3.300869088e-03 8.548178390e-03 4.004827004e+00 8.129543021e+00 7.812131357e+01
2.315831663e+04 4.552578808e+00 3.437308107e+00 3.281945644e-03 8.522447411e-03 3.962642336e+00 8.117990226e+00 7.810979302e+01
2.337474950e+04 4.556073179e+00 3.461193608e+00 3.263391587e-03 8.497188773e-03 3.920785755e+00 8.106498692e+00 7.809833314e+01
2.359118236e+04 4.559566696e+00 3.484928628e+00 3.245199627e-03 8.472394741e-03 3.879257016e+00 8.095067373e+00 7.808693288e+01
2.380761523e+04 4.563057459e+00 3.508513954e+00 3.227362653e-03 8.448057749e-03 3.838055826e+00 8.083695241e+00 7.807559123e+01
2.402404810e+04 4.566543621e+00 3.531950360e+00 3.209873734e-03 8.424170410e-03 3.797181848e+00 8.072381290e+00 7.806430719e+01
2.424048096e+04 4.570023387e+00 3.555238613e+00 3.192726108e-03 8.400725502e-03 3.756634692e+00 8.061124535e+00 7.805307979e+01
2.445691383e+04 4.573495007e+00 3.578379470e+00 3.175913187e-03 8.377715942e-03 3.716413929e+00 8.049924009e+00 7.804190807e+01
2.467334669e+04 4.576956783e+00 3.601373683e+00 3.159428544e-03 8.355134808e-03 3.676519080e+00 8.038778763e+00 7.803079109e+01
2.488977956e+04 4.580407065e+00 3.624221994e+00 3.143265902e-03 8.332975335e-03 3.636949623e+00 8.027687870e+00 7.801972794e+01
2.510621242e+04 4.583844247e+00 3.646925139e+00 3.127419142e-03 8.311230898e-03 3.597704992e+00 8.016650418e+00 7.800871770e+01
2.532264529e+04 4.587266772e+00 3.669483850e+00 3.111882289e-03 8.289895019e-03 3.558784580e+00 8.005665514e+00 7.799775951e+01
2.553907816e+04 4.590673126e+00 3.691898850e+00 3.096649513e-03 8.268961355e-03 3.520187733e+00 7.994732282e+00 7.798685248e+01
2.575551102e+04 4.594061840e+00 3.714170859e+00 3.081715132e-03 8.248423691e-03 3.481913760e+00 7.983849862e+00 7.797599577e+01
2.597194389e+04 4.597431490e+00 3.736300591e+00 3.067073593e-03 8.228275948e-03 3.443961926e+00 7.973017412e+00 7.796518854e+01
2.618837675e+04 4.600780692e+00 3.758288755e+00 3.052719476e-03 8.208512176e-03 3.406331457e+00 7.962234105e+00 7.795442998e+01
2.640480962e+04 4.604108106e+00 3.780136058e+00 3.038647492e-03 8.189126542e-03 3.369021539e+00 7.951499131e+00 7.794371929e+01
2.662124248e+04 4.607412432e+00 3.801843202e+00 3.024852479e-03 8.170113338e-03 3.332031321e+00 7.940811692e+00 7.793305567e+01
2.683767535e+04 4.610692411e+00 3.823410886e+00 3.011329393e-03 8.151466970e-03 3.295359911e+00 7.930171008e+00 7.792243834e+01
2.705410822e+04 4.613946824e+00 3.844839805e+00 2.998073305e-03 8.133181969e-03 3.259006383e+00 7.919576313e+00 7.791186657e+01
2.727054108e+04 4.617174491e+00 3.866130652e+00 2.985079401e-03 8.115252973e-03 3.222969771e+00 7.909026854e+00 7.790133959e+01
2.748697395e+04 4.620374267e+00 3.887284119e+00 2.972342993e-03 8.097674716e-03 3.187249078e+00 7.898521894e+00 7.789085667e+01
2.770340681e+04 4.623545049e+00 3.908300894e+00 2.959859494e-03 8.080442043e-03 3.151843268e+00 7.888060706e+00 7.788041711e+01
2.791983968e+04 4.626685769e+00 3.929181663e+00 2.947624409e-03 8.063549923e-03 3.116751272e+00 7.877642581e+00 7.787002019e+01
2.813627255e+04 4.629795395e+00 3.949927111e+00 2.935633346e-03 8.046993429e-03 3.081971989e+00 7.867266820e+00 7.785966522e+01
2.835270541e+04 4.632872931e+00 3.970537923e+00 2.923882039e-03 8.030767693e-03 3.047504284e+00 7.856932736e+00 7.784935152e+01
2.856913828e+04 4.635917410e+00 3.991014784e+00 2.912366350e-03 8.014867909e-03 3.013346991e+00 7.846639656e+00 7.783907844e+01
2.878557114e+04 4.638927908e+00 4.011358374e+00 2.901082185e-03 7.999289428e-03 2.979498912e+00 7.836386919e+00 7.782884530e+01
2.900200401e+04 4.641903532e+00 4.031569371e+00 2.890025476e-03 7.984027782e-03 2.945958820e+00 7.826173876e+00 7.781865147e+01
2.921843687e+04 4.644843423e+00 4.051648453e+00 2.879192304e-03 7.969078515e-03 2.912725459e+00 7.815999888e+00 7.780849632e+01
2.943486974e+04 4.647746746e+00 4.071596305e+00 2.868578915e-03 7.954437150e-03 2.879797541e+00 7.805864329e+00 7.779837922e+01
2.965130261e+04 4.650612702e+00 4.091413608e+00 2.858181593e-03 7.940099356e-03 2.847173754e+00 7.795766584e+00 7.778829957e+01
2.986773547e+04 4.653440523e+00 4.111101044e+00 2.847996702e-03 7.926060894e-03 2.814852756e+00 7.785706047e+00 7.777825676e+01
3.008416834e+04 4.656229477e+00 4.130659287e+00 2.838020631e-03 7.912317698e-03 2.782833181e+00 7.775682125e+00 7.776825021e+01
3.030060120e+04 4.658978855e+00 4.150089017e+00 2.828249899e-03 7.898865698e-03 2.751113636e+00 7.765694234e+00 7.775827935e+01
3.051703407e+04 4.661687979e+00 4.169390915e+00 2.818681107e-03 7.885700891e-03 2.719692703e+00 7.755741800e+00 7.774834359e+01
3.073346693e+04 4.664356198e+00 4.188565663e+00 2.809310919e-03 7.872819363e-03 2.688568939e+00 7.745824260e+00 7.773844239e+01
3.094989980e+04 4.666982890e+00 4.207613941e+00 2.800136069e-03 7.860217286e-03 2.657740881e+00 7.735941059e+00 7.772857519e+01
3.116633267e+04 4.669567462e+00 4.226536431e+00 2.791153364e-03 7.847890900e-03 2.627207040e+00 7.726091653e+00 7.771874145e+01
3.138276553e+04 4.672109345e+00 4.245333815e+00 2.782359678e-03 7.835836512e-03 2.596965906e+00 7.716275507e+00 7.770894065e+01
3.159919840e+04 4.674607998e+00 4.264006776e+00 2.773751962e-03 7.824050495e-03 2.567015948e+00 7.706492095e+00 7.769917227e+01
3.181563126e+04 4.677062905e+00 4.282555996e+00 2.765327235e-03 7.812529288e-03 2.537355616e+00 7.696740899e+00 7.768943578e+01
3.203206413e+04 4.679473576e+00 4.300982160e+00 2.757082579e-03 7.801269395e-03 2.507983338e+00 7.687021412e+00 7.767973069e+01
3.224849699e+04 4.681839544e+00 4.319285954e+00 2.749015118e-03 7.790267406e-03 2.478897524e+00 7.677333133e+00 7.767005650e+01
3.246492986e+04 4.684160367e+00 4.337468063e+00 2.741122060e-03 7.779519950e-03 2.450096565e+00 7.667675570e+00 7.766041273e+01
3.268136273e+04 4.686435627e+00 4.355529174e+00 2.733400669e-03 7.769023726e-03 2.421578837e+00 7.658048241e+00 7.765079889e+01
3.289779559e+04 4.688664929e+00 4.373469975e+00 2.725848270e-03 7.758775484e-03 2.393342696e+00 7.648450669e+00 7.764121451e+01
3.311422846e+04 4.690847901e+00 4.391291152e+00 2.718462245e-03 7.748772039e-03 2.365386484e+00 7.638882388e+00 7.763165914e+01
3.333066132e+04 4.692984193e+00 4.408993395e+00 2.711240031e-03 7.739010259e-03 2.337708525e+00 7.629342937e+00 7.762213231e+01
3.354709419e+04 4.695073474e+00 4.426577396e+00 2.704179108e-03 7.729487078e-03 2.310307131e+00 7.619831865e+00 7.761263358e+01
3.376352705e+04 4.697115432e+00 4.444043850e+00 2.697277001e-03 7.720199499e-03 2.283180598e+00 7.610348726e+00 7.760316250e+01
3.397995992e+04 4.699109779e+00 4.461393450e+00 2.690531296e-03 7.711144562e-03 2.256327209e+00 7.600893083e+00 7.759371864e+01
3.419639279e+04 4.701056246e+00 4.478626890e+00 2.683939622e-03 7.702319366e-03 2.229745235e+00 7.591464505e+00 7.758430158e+01
3.441282565e+04 4.702954598e+00 4.495744852e+00 2.677499679e-03 7.693721067e-03 2.203432933e+00 7.582062568e+00 7.757491090e+01
3.462925852e+04 4.704804613e+00 4.512748023e+00 2.671209199e-03 7.685346873e-03 2.177388550e+00 7.572686857e+00 7.756554618e+01
3.484569138e+04 4.706606070e+00 4.529637112e+00 2.665066100e-03 7.677193839e-03 2.151610321e+00 7.563336959e+00 7.755620701e+01
3.506212425e+04 4.708358766e+00 4.546412824e+00 2.659067993e-03 7.669259594e-03 2.126096471e+00 7.554012473e+00 7.754689300e+01
3.527855711e+04 4.710062536e+00 4.563075850e+00 2.653212944e-03 7.661541188e-03 2.100845215e+00 7.544713001e+00 7.753760375e+01
3.549498998e+04 4.711717228e+00 4.579626883e+00 2.647498747e-03 7.654036194e-03 2.075854759e+00 7.535438153e+00 7.752833887e+01
3.571142285e+04 4.713322700e+00 4.596066624e+00 2.641923392e-03 7.646742005e-03 2.051123299e+00 7.526187543e+00 7.751909799e+01
3.592785571e+04 4.714878832e+00 4.612395771e+00 2.636484909e-03 7.639656069e-03 2.026649027e+00 7.516960793e+00 7.750988073e+01
3.614428858e+04 4.716385523e+00 4.628615023e+00 2.631181350e-03 7.632775931e-03 2.002430121e+00 7.507757533e+00 7.750068671e+01
3.636072144e+04 4.717842676e+00 4.644725080e+00 2.626010789e-03 7.626099131e-03 1.978464759e+00 7.498577393e+00 7.749151559e+01
3.657715431e+04 4.719250215e+00 4.660726642e+00 2.620971334e-03 7.619623285e-03 1.954751111e+00 7.489420012e+00 7.748236698e+01
3.679358717e+04 4.720608088e+00 4.676620411e+00 2.616061168e-03 7.613346070e-03 1.931287337e+00 7.480285037e+00 7.747324056e+01
3.701002004e+04 4.721916238e+00 4.692407086e+00 2.611278464e-03 7.607265153e-03 1.908071599e+00 7.471172113e+00 7.746413595e+01
3.722645291e+04 4.723174637e+00 4.708087370e+00 2.606621467e-03 7.601378276e-03 1.885102050e+00 7.462080897e+00 7.745505283e+01
3.744288577e+04 4.724383278e+00 4.723661964e+00 2.602088475e-03 7.595683239e-03 1.862376836e+00 7.453011053e+00 7.744599087e+01
3.765931864e+04 4.725542142e+00 4.739131569e+00 2.597677756e-03 7.590177810e-03 1.839894106e+00 7.443962241e+00 7.743694971e+01
3.787575150e+04 4.726651233e+00 4.754496887e+00 2.593387644e-03 7.584859829e-03 1.817652005e+00 7.434934130e+00 7.742792904e+01
3.809218437e+04 4.727710577e+00 4.769758622e+00 2.589216526e-03 7.579727201e-03 1.795648671e+00 7.425926396e+00 7.741892854e+01
3.830861723e+04 4.728720220e+00 4.784917476e+00 2.585162844e-03 7.574777882e-03 1.773882236e+00 7.416938725e+00 7.740994789e+01
3.852505010e+04 4.729680199e+00 4.799974149e+00 2.581225004e-03 7.570009797e-03 1.752350839e+00 7.407970798e+00 7.740098677e+01
3.874148297e+04 4.730590581e+00 4.814929341e+00 2.577401494e-03 7.565420958e-03 1.731052612e+00 7.399022308e+00 7.739204489e+01
3.895791583e+04 4.731451444e+00 4.829783753e+00 2.573690832e-03 7.561009409e-03 1.709985682e+00 7.390092954e+00 7.738312194e+01
3.917434870e+04 4.732262858e+00 4.844538085e+00 2.570091506e-03 7.556773168e-03 1.689148190e+00 7.381182430e+00 7.737421761e+01
3.939078156e+04 4.733024924e+00 4.859193037e+00 2.566602089e-03 7.552710342e-03 1.668538260e+00 7.372290443e+00 7.736533163e+01
3.960721443e+04 4.733737740e+00 4.873749309e+00 2.563221159e-03 7.548819048e-03 1.648154030e+00 7.363416701e+00 7.735646370e+01
3.982364729e+04 4.734401418e+00 4.888207597e+00 2.559947326e-03 7.545097440e-03 1.627993634e+00 7.354560915e+00 7.734761353e+01
4.004008016e+04 4.735016081e+00 4.902568602e+00 2.556779230e-03 7.541543701e-03 1.608055203e+00 7.345722803e+00 7.733878084e+01
4.025651303e+04 4.735581859e+00 4.916833019e+00 2.553715544e-03 7.538156061e-03 1.588336879e+00 7.336902084e+00 7.732996536e+01
4.047294589e+04 4.736098893e+00 4.931001545e+00 2.550754965e-03 7.534932771e-03 1.568836796e+00 7.328098483e+00 7.732116681e+01
4.068937876e+04 4.736567334e+00 4.945074876e+00 2.547896215e-03 7.531872112e-03 1.549553098e+00 7.319311729e+00 7.731238493e+01
4.090581162e+04 4.736987339e+00 4.959053707e+00 2.545138040e-03 7.528972394e-03 1.530483927e+00 7.310541555e+00 7.730361944e+01
4.112224449e+04 4.737359077e+00 4.972938731e+00 2.542479219e-03 7.526231966e-03 1.511627429e+00 7.301787698e+00 7.729487008e+01
4.133867735e+04 4.737682720e+00 4.986730639e+00 2.539918535e-03 7.523649178e-03 1.492981756e+00 7.293049896e+00 7.728613661e+01
4.155511022e+04 4.737958455e+00 5.000430124e+00 2.537454814e-03 7.521222435e-03 1.474545059e+00 7.284327896e+00 7.727741876e+01
4.177154309e+04 4.738186471e+00 5.014037875e+00 2.535086896e-03 7.518950157e-03 1.456315496e+00 7.275621445e+00 7.726871628e+01
4.198797595e+04 4.738366967e+00 5.027554580e+00 2.532813642e-03 7.516830786e-03 1.438291230e+00 7.266930294e+00 7.726002893e+01
4.220440882e+04 4.738500148e+00 5.040980926e+00 2.530633937e-03 7.514862799e-03 1.420470426e+00 7.258254197e+00 7.725135647e+01
4.242084168e+04 4.738586226e+00 5.054317599e+00 2.528546691e-03 7.513044697e-03 1.402851255e+00 7.249592915e+00 7.724269865e+01
4.263727455e+04 4.738625420e+00 5.067565281e+00 2.526550836e-03 7.511375009e-03 1.385431894e+00 7.240946207e+00 7.723405524e+01
4.285370741e+04 4.738617954e+00 5.080724656e+00 2.524645319e-03 7.509852281e-03 1.368210526e+00 7.232313839e+00 7.722542601e+01
4.307014028e+04 4.738564059e+00 5.093796403e+00 2.522829109e-03 7.508475091e-03 1.351185340e+00 7.223695579e+00 7.721681072e+01
4.328657315e+04 4.738463972e+00 5.106781200e+00 2.521101200e-03 7.507242040e-03 1.334354528e+00 7.215091199e+00 7.720820915e+01
4.350300601e+04 4.738317934e+00 5.119679724e+00 2.519460598e-03 7.506151748e-03 1.317716294e+00 7.206500473e+00 7.719962107e+01
4.371943888e+04 4.738126193e+00 5.132492649e+00 2.517906333e-03 7.505202862e-03 1.301268844e+00 7.197923179e+00 7.719104627e+01
4.393587174e+04 4.737889002e+00 5.145220647e+00 2.516437458e-03 7.504394058e-03 1.285010392e+00 7.189359097e+00 7.718248452e+01
4.415230461e+04 4.737606618e+00 5.157864390e+00 2.515053037e-03 7.503724027e-03 1.268939159e+00 7.180808012e+00 7.717393562e+01
4.436873747e+04 4.737279304e+00 5.170424545e+00 2.513752157e-03 7.503191486e-03 1.253053375e+00 7.172269710e+00 7.716539934e+01
4.458517034e+04 4.736907328e+00 5.182901778e+00 2.512533922e-03 7.502795172e-03 1.237351275e+00 7.163743980e+00 7.715687549e+01
4.480160321e+04 4.736490962e+00 5.195296752e+00 2.511397452e-03 7.502533846e-03 1.221831102e+00 7.155230616e+00 7.714836385e+01
4.501803607e+04 4.736030483e+00 5.207610129e+00 2.510341887e-03 7.502406291e-03 1.206491107e+00 7.146729412e+00 7.713986422e+01
4.523446894e+04 4.735526167e+00 5.219842569e+00 2.509366385e-03 7.502411309e-03 1.191329550e+00 7.138240167e+00 7.713137641e+01
4.545090180e+04 4.734978300e+00 5.231994727e+00 2.508470117e-03 7.502547726e-03 1.176344700e+00 7.129762680e+00 7.712290020e+01
4.566733467e+04 4.734387169e+00 5.244067257e+00 2.507652271e-03 7.502814384e-03 1.161534831e+00 7.121296757e+00 7.711443542e+01
4.588376754e+04 4.733753068e+00 5.256060808e+00 2.506912045e-03 7.503210139e-03 1.146898229e+00 7.112842202e+00 7.710598186e+01
4.610020040e+04 4.733076290e+00 5.267976029e+00 2.506248656e-03 7.503733874e-03 1.132433188e+00 7.104398824e+00 7.709753934e+01
4.631663327e+04 4.732357134e+00 5.279813565e+00 2.505661337e-03 7.504384488e-03 1.118138012e+00 7.095966434e+00 7.708910767e+01
4.653306613e+04 4.731595893e+00 5.291574063e+00 2.505149350e-03 7.505160917e-03 1.104011012e+00 7.087544846e+00 7.708068666e+01
4.674949900e+04 4.730792865e+00 5.303258164e+00 2.504711967e-03 7.506062108e-03 1.090050509e+00 7.079133875e+00 7.707227612e+01
4.696593186e+04 4.729948353e+00 5.314866509e+00 2.504348469e-03 7.507087025e-03 1.076254835e+00 7.070733341e+00 7.706387589e+01
4.718236473e+04 4.729062663e+00 5.326399729e+00 2.504058183e-03 7.508234681e-03 1.062622330e+00 7.062343062e+00 7.705548578e+01
4.739879760e+04 4.728136174e+00 5.337858423e+00 2.503840401e-03 7.509504052e-03 1.049151344e+00 7.053962863e+00 7.704710562e+01
4.761523046e+04 4.727169112e+00 5.349243267e+00 2.503694246e-03 7.510893943e-03 1.035840228e+00 7.045592567e+00 7.703873522e+01
4.783166333e+04 4.726161817e+00 5.360554858e+00 2.503619274e-03 7.512403624e-03 1.022687377e+00 7.037232006e+00 7.703037443e+01
4.804809619e+04 4.725114610e+00 5.371793828e+00 2.503614799e-03 7.514032105e-03 1.009691153e+00 7.028881007e+00 7.702202307e+01
4.826452906e+04 4.724027808e+00 5.382960794e+00 2.503680173e-03 7.515778442e-03 9.968499472e-01 7.020539401e+00 7.701368098e+01
4.848096192e+04 4.722901730e+00 5.394056371e+00 2.503814768e-03 7.517641716e-03 9.841621618e-01 7.012207023e+00 7.700534798e+01
4.869739479e+04 4.721736696e+00 5.405081169e+00 2.504017975e-03 7.519621033e-03 9.716262141e-01 7.003883710e+00 7.699702393e+01
4.891382766e+04 4.720533030e+00 5.416035798e+00 2.504289184e-03 7.521715495e-03 9.592405179e-01 6.995569299e+00 7.698870865e+01
4.913026052e+04 4.719291053e+00 5.426920866e+00 2.504627804e-03 7.523924234e-03 9.470035029e-01 6.987263630e+00 7.698040198e+01
4.934669339e+04 4.718011091e+00 5.437736973e+00 2.505033262e-03 7.526246400e-03 9.349136145e-01 6.978966544e+00 7.697210378e+01
4.956312625e+04 4.716693470e+00 5.448484720e+00 2.505505001e-03 7.528681170e-03 9.229693045e-01 6.970677886e+00 7.696381388e+01
4.977955912e+04 4.715338514e+00 5.459164701e+00 2.506042460e-03 7.531227712e-03 9.111690370e-01 6.962397503e+00 7.695553213e+01
4.999599198e+04 4.713946553e+00 5.469777507e+00 2.506645107e-03 7.533885231e-03 8.995112884e-01 6.954125241e+00 7.694725839e+01
5.021242485e+04 4.712517915e+00 5.480323725e+00 2.507312415e-03 7.536652943e-03 8.879945458e-01 6.945860952e+00 7.693899249e+01
5.042885772e+04 4.711052927e+00 5.490803942e+00 2.508043856e-03 7.539530062e-03 8.766173048e-01 6.937604485e+00 7.693073430e+01
5.064529058e+04 4.709551918e+00 5.501218736e+00 2.508838929e-03 7.542515836e-03 8.653780748e-01 6.929355697e+00 7.692248368e+01
5.086172345e+04 4.708015217e+00 5.511568686e+00 2.509697132e-03 7.545609516e-03 8.542753745e-01 6.921114440e+00 7.691424046e+01
5.107815631e+04 4.706443153e+00 5.521854365e+00 2.510617979e-03 7.548810370e-03 8.433077338e-01 6.912880572e+00 7.690600452e+01
5.129458918e+04 4.704836056e+00 5.532076343e+00 2.511600994e-03 7.552117684e-03 8.324736938e-01 6.904653952e+00 7.689777571e+01
5.151102204e+04 4.703194254e+00 5.542235185e+00 2.512645713e-03 7.555530757e-03 8.217718077e-01 6.896434439e+00 7.688955389e+01
5.172745491e+04 4.701518078e+00 5.552331455e+00 2.513751679e-03 7.559048900e-03 8.112006382e-01 6.888221895e+00 7.688133893e+01
5.194388778e+04 4.699807857e+00 5.562365713e+00 2.514918448e-03 7.562671440e-03 8.007587594e-01 6.880016185e+00 7.687313069e+01
5.216032064e+04 4.698063919e+00 5.572338511e+00 2.516145582e-03 7.566397716e-03 7.904447588e-01 6.871817173e+00 7.686492904e+01
5.237675351e+04 4.696286593e+00 5.582250402e+00 2.517432658e-03 7.570227082e-03 7.802572335e-01 6.863624725e+00 7.685673384e+01
5.259318637e+04 4.694476209e+00 5.592101933e+00 2.518779260e-03 7.574158907e-03 7.701947914e-01 6.855438710e+00 7.684854496e+01
5.280961924e+04 4.692633094e+00 5.601893648e+00 2.520184982e-03 7.578192569e-03 7.602560528e-01 6.847258998e+00 7.684036227e+01
5.302605210e+04 4.690757574e+00 5.611626085e+00 2.521649422e-03 7.582327456e-03 7.504396499e-01 6.839085460e+00 7.683218565e+01
5.324248497e+04 4.688849978e+00 5.621299782e+00 2.523172195e-03 7.586562979e-03 7.407442250e-01 6.830917968e+00 7.682401497e+01
5.345891784e+04 4.686910633e+00 5.630915271e+00 2.524752922e-03 7.590898556e-03 7.311684320e-01 6.822756397e+00 7.681585010e+01
5.367535070e+04 4.684939861e+00 5.640473077e+00 2.526391227e-03 7.595333610e-03 7.217109371e-01 6.814600622e+00 7.680769092e+01
5.389178357e+04 4.682937989e+00 5.649973727e+00 2.528086750e-03 7.599867589e-03 7.123704168e-01 6.806450520e+00 7.679953730e+01
5.410821643e+04 4.680905341e+00 5.659417740e+00 2.529839140e-03 7.604499948e-03 7.031455595e-01 6.798305970e+00 7.679138914e+01
5.432464930e+04 4.678842240e+00 5.668805633e+00 2.531648049e-03 7.609230152e-03 6.940350646e-01 6.790166851e+00 7.678324630e+01
5.454108216e+04 4.676749005e+00 5.678137917e+00 2.533513139e-03 7.614057679e-03 6.850376432e-01 6.782033044e+00 7.677510866e+01
5.475751503e+04 4.674625960e+00 5.687415101e+00 2.535434084e-03 7.618982022e-03 6.761520174e-01 6.773904432e+00 7.676697612e+01
5.497394790e+04 4.672473424e+00 5.696637690e+00 2.537410565e-03 7.624002684e-03 6.673769210e-01 6.765780897e+00 7.675884855e+01
5.519038076e+04 4.670291715e+00 5.705806183e+00 2.539442265e-03 7.629119176e-03 6.587110982e-01 6.757662326e+00 7.675072584e+01
5.540681363e+04 4.668081150e+00 5.714921078e+00 2.541528883e-03 7.634331026e-03 6.501533054e-01 6.749548603e+00 7.674260788e+01
5.562324649e+04 4.665842047e+00 5.723982866e+00 2.543670122e-03 7.639637771e-03 6.417023100e-01 6.741439616e+00 7.673449456e+01
5.583967936e+04 4.663574720e+00 5.732992036e+00 2.545865696e-03 7.645038960e-03 6.333568905e-01 6.733335255e+00 7.672638576e+01
5.605611222e+04 4.661279482e+00 5.741949073e+00 2.548115320e-03 7.650534151e-03 6.251158360e-01 6.725235407e+00 7.671828137e+01
5.627254509e+04 4.658956646e+00 5.750854458e+00 2.550418723e-03 7.656122915e-03 6.169779478e-01 6.717139965e+00 7.671018129e+01
5.648897796e+04 4.656606522e+00 5.759708667e+00 2.552775638e-03 7.661804833e-03 6.089420377e-01 6.709048821e+00 7.670208540e+01
5.670541082e+04 4.654229419e+00 5.768512173e+00 2.555185805e-03 7.667579496e-03 6.010069288e-01 6.700961866e+00 7.669399361e+01
5.692184369e+04 4.651825646e+00 5.777265444e+00 2.557648975e-03 7.673446510e-03 5.931714548e-01 6.692878996e+00 7.668590580e+01
5.713827655e+04 4.649395508e+00 5.785968944e+00 2.560164903e-03 7.679405485e-03 5.854344609e-01 6.684800106e+00 7.667782188e+01
5.735470942e+04 4.646939309e+00 5.794623135e+00 2.562733350e-03 7.685456044e-03 5.777948032e-01 6.676725091e+00 7.666974173e+01
5.757114228e+04 4.644457353e+00 5.803228474e+00 2.565354086e-03 7.691597822e-03 5.702513486e-01 6.668653850e+00 7.666166526e+01
5.778757515e+04 4.641949941e+00 5.811785413e+00 2.568026890e-03 7.697830466e-03 5.628029747e-01 6.660586280e+00 7.665359237e+01
5.800400802e+04 4.639417372e+00 5.820294401e+00 2.570751545e-03 7.704153628e-03 5.554485704e-01 6.652522282e+00 7.664552295e+01
5.822044088e+04 4.636859945e+00 5.828755883e+00 2.573527840e-03 7.710566974e-03 5.481870350e-01 6.644461755e+00 7.663745691e+01
5.843687375e+04 4.634277955e+00 5.837170300e+00 2.576355574e-03 7.717070179e-03 5.410172789e-01 6.636404600e+00 7.662939414e+01
5.865330661e+04 4.631671698e+00 5.845538090e+00 2.579234552e-03 7.723662928e-03 5.339382226e-01 6.628350721e+00 7.662133456e+01
5.886973948e+04 4.629041466e+00 5.853859684e+00 2.582164582e-03 7.730344916e-03 5.269487978e-01 6.620300021e+00 7.661327805e+01
5.908617234e+04 4.626387550e+00 5.862135512e+00 2.585145484e-03 7.737115848e-03 5.200479468e-01 6.612252403e+00 7.660522454e+01
5.930260521e+04 4.623710238e+00 5.870365999e+00 2.588177080e-03 7.743975439e-03 5.132346221e-01 6.604207773e+00 7.659717392e+01
5.951903808e+04 4.621009819e+00 5.878551568e+00 2.591259201e-03 7.750923410e-03 5.065077867e-01 6.596166037e+00 7.658912610e+01
5.973547094e+04 4.618286578e+00 5.886692636e+00 2.594391682e-03 7.757959497e-03 4.998664142e-01 6.588127102e+00 7.658108099e+01
5.995190381e+04 4.615540797e+00 5.894789616e+00 2.597574366e-03 7.765083442e-03 4.933094887e-01 6.580090875e+00 7.657303850e+01
6.016833667e+04 4.612772760e+00 5.902842919e+00 2.600807102e-03 7.772294997e-03 4.868360043e-01 6.572057266e+00 7.656499853e+01
6.038476954e+04 4.609982744e+00 5.910852948e+00 2.604089745e-03 7.779593925e-03 4.804449652e-01 6.564026183e+00 7.655696099e+01
6.060120240e+04 4.607171028e+00 5.918820106e+00 2.607422157e-03 7.786979996e-03 4.741353864e-01 6.555997538e+00 7.654892580e+01
6.081763527e+04 4.604337888e+00 5.926744791e+00 2.610804202e-03 7.794452991e-03 4.679062927e-01 6.547971240e+00 7.654089287e+01
6.103406814e+04 4.601483596e+00 5.934627396e+00 2.614235755e-03 7.802012697e-03 4.617567191e-01 6.539947202e+00 7.653286210e+01
6.125050100e+04 4.598608425e+00 5.942468315e+00 2.617716694e-03 7.809658913e-03 4.556857103e-01 6.531925337e+00 7.652483342e+01
6.146693387e+04 4.595712645e+00 5.950267936e+00 2.621246904e-03 7.817391444e-03 4.496923209e-01 6.523905559e+00 7.651680673e+01
6.168336673e+04 4.592796523e+00 5.958026642e+00 2.624826275e-03 7.825210108e-03 4.437756159e-01 6.515887780e+00 7.650878195e+01
6.189979960e+04 4.589860324e+00 5.965744814e+00 2.628454703e-03 7.833114727e-03 4.379346699e-01 6.507871916e+00 7.650075900e+01
6.211623246e+04 4.586904312e+00 5.973422828e+00 2.632132088e-03 7.841105133e-03 4.321685674e-01 6.499857883e+00 7.649273778e+01
6.233266533e+04 4.583928749e+00 5.981061054e+00 2.635858343e-03 7.849181176e-03 4.264764020e-01 6.491845597e+00 7.648471823e+01
6.254909820e+04 4.580933894e+00 5.988659853e+00 2.639633385e-03 7.857342713e-03 4.208572774e-01 6.483834975e+00 7.647670025e+01
6.276553106e+04 4.577920003e+00 5.996219591e+00 2.643457136e-03 7.865589605e-03 4.153103067e-01 6.475825935e+00 7.646868376e+01
6.298196393e+04 4.574887333e+00 6.003740624e+00 2.647329524e-03 7.873921729e-03 4.098346126e-01 6.467818394e+00 7.646066868e+01
6.319839679e+04 4.571836137e+00 6.011223321e+00 2.651250460e-03 7.882338933e-03 4.044293270e-01 6.459812273e+00 7.645265493e+01
6.341482966e+04 4.568766666e+00 6.018668037e+00 2.655219886e-03 7.890841113e-03 3.990935914e-01 6.451807491e+00 7.644464243e+01
6.363126253e+04 4.565679170e+00 6.026075117e+00 2.659237747e-03 7.899428166e-03 3.938265562e-01 6.443803968e+00 7.643663110e+01
6.384769539e+04 4.562573895e+00 6.033444908e+00 2.663303992e-03 7.908099998e-03 3.886273820e-01 6.435801625e+00 7.642862086e+01
6.406412826e+04 4.559451085e+00 6.040777752e+00 2.667418573e-03 7.916856521e-03 3.834952385e-01 6.427800384e+00 7.642061164e+01
6.428056112e+04 4.556310984e+00 6.048073988e+00 2.671581446e-03 7.925697653e-03 3.784293033e-01 6.419800167e+00 7.641260335e+01
6.449699399e+04 4.553153833e+00 6.055333952e+00 2.675792576e-03 7.934623322e-03 3.734287641e-01 6.411800896e+00 7.640459591e+01
6.471342685e+04 4.549979869e+00 6.062557978e+00 2.680051930e-03 7.943633463e-03 3.684928148e-01 6.403802495e+00 7.639658927e+01
6.492985972e+04 4.546789330e+00 6.069746393e+00 2.684359482e-03 7.952728021e-03 3.636206613e-01 6.395804889e+00 7.638858332e+01
6.514629259e+04 4.543582451e+00 6.076899524e+00 2.688715210e-03 7.961906948e-03 3.588115144e-01 6.387808000e+00 7.638057801e+01
6.536272545e+04 4.540359465e+00 6.084017694e+00 2.693119097e-03 7.971170203e-03 3.540645951e-01 6.379811754e+00 7.637257325e+01
6.557915832e+04 4.537120600e+00 6.091101220e+00 2.697571136e-03 7.980517759e-03 3.493791376e-01 6.371816077e+00 7.636456897e+01
6.579559118e+04 4.533866085e+00 6.098150416e+00 2.702071320e-03 7.989949591e-03 3.447543801e-01 6.363820895e+00 7.635656510e+01
6.601202405e+04 4.530596145e+00 6.105165593e+00 2.706619651e-03 7.999465687e-03 3.401895743e-01 6.355826134e+00 7.634856156e+01
6.622845691e+04 4.527311007e+00 6.112147065e+00 2.711216133e-03 8.009066040e-03 3.356839751e-01 6.347831721e+00 7.634055828e+01
6.644488978e+04 4.524010890e+00 6.119095131e+00 2.715860777e-03 8.018750652e-03 3.312368485e-01 6.339837585e+00 7.633255519e+01
6.666132265e+04 4.520696008e+00 6.126010082e+00 2.720553601e-03 8.028519535e-03 3.268474666e-01 6.331843652e+00 7.632455222e+01
6.687775551e+04 4.517366587e+00 6.132892232e+00 2.725294621e-03 8.038372701e-03 3.225151107e-01 6.323849852e+00 7.631654929e+01
6.709418838e+04 4.514022850e+00 6.139741892e+00 2.730083860e-03 8.048310172e-03 3.182390699e-01 6.315856113e+00 7.630854634e+01
6.731062124e+04 4.510664995e+00 6.146559322e+00 2.734921355e-03 8.058331990e-03 3.140186418e-01 6.307862365e+00 7.630054328e+01
6.752705411e+04 4.507293240e+00 6.153344823e+00 2.739807140e-03 8.068438194e-03 3.098531321e-01 6.299868538e+00 7.629254006e+01
6.774348697e+04 4.503907794e+00 6.160098681e+00 2.744741256e-03 8.078628832e-03 3.057418546e-01 6.291874561e+00 7.628453661e+01
6.795991984e+04 4.500508864e+00 6.166821178e+00 2.749723748e-03 8.088903961e-03 3.016841306e-01 6.283880366e+00 7.627653285e+01
6.817635271e+04 4.497096656e+00 6.173512593e+00 2.754754667e-03 8.099263647e-03 2.976792878e-01 6.275885884e+00 7.626852871e+01
6.839278557e+04 4.493671374e+00 6.180173203e+00 2.759834068e-03 8.109707962e-03 2.937266637e-01 6.267891046e+00 7.626052413e+01
6.860921844e+04 4.490233218e+00 6.186803281e+00 2.764962015e-03 8.120236987e-03 2.898256024e-01 6.259895784e+00 7.625251903e+01
6.882565130e+04 4.486782388e+00 6.193403095e+00 2.770138572e-03 8.130850812e-03 2.859754572e-01 6.251900030e+00 7.624451336e+01
6.904208417e+04 4.483319081e+00 6.199972913e+00 2.775363811e-03 8.141549533e-03 2.821755874e-01 6.243903717e+00 7.623650704e+01
6.925851703e+04 4.479843492e+00 6.206512999e+00 2.780637807e-03 8.152333255e-03 2.784253601e-01 6.235906779e+00 7.622850000e+01
6.947494990e+04 4.476355814e+00 6.213023613e+00 2.785960643e-03 8.163202089e-03 2.747241494e-01 6.227909147e+00 7.622049219e+01
6.969138277e+04 4.472856239e+00 6.219505013e+00 2.791332404e-03 8.174156157e-03 2.710713370e-01 6.219910757e+00 7.621248352e+01
6.990781563e+04 4.469344956e+00 6.225957454e+00 2.796753180e-03 8.185195585e-03 2.674663117e-01 6.211911542e+00 7.620447395e+01
7.012424850e+04 4.465822152e+00 6.232381188e+00 2.802223069e-03 8.196320509e-03 2.639084693e-01 6.203911437e+00 7.619646339e+01
7.034068136e+04 4.462288012e+00 6.238776464e+00 2.807742171e-03 8.207531073e-03 2.603972130e-01 6.195910376e+00 7.618845179e+01
7.055711423e+04 4.458742721e+00 6.245143527e+00 2.813310593e-03 8.218827429e-03 2.569319531e-01 6.187908294e+00 7.618043908e+01
7.077354709e+04 4.455186458e+00 6.251482622e+00 2.818928445e-03 8.230209736e-03 2.535121062e-01 6.179905127e+00 7.617242520e+01
7.098997996e+04 4.451619405e+00 6.257793988e+00 2.824595843e-03 8.241678160e-03 2.501370966e-01 6.171900810e+00 7.616441007e+01
7.120641283e+04 4.448041738e+00 6.264077863e+00 2.830312910e-03 8.253232877e-03 2.468063555e-01 6.163895280e+00 7.615639365e+01
7.142284569e+04 4.444453633e+00 6.270334481e+00 2.836079771e-03 8.264874070e-03 2.435193194e-01 6.155888472e+00 7.614837586e+01
7.163927856e+04 4.440855264e+00 6.276564075e+00 2.841896558e-03 8.276601930e-03 2.402754334e-01 6.147880323e+00 7.614035663e+01
7.185571142e+04 4.437246802e+00 6.282766874e+00 2.847763406e-03 8.288416655e-03 2.370741484e-01 6.139870770e+00 7.613233591e+01
7.207214429e+04 4.433628418e+00 6.288943103e+00 2.853680457e-03 8.300318451e-03 2.339149208e-01 6.131859750e+00 7.612431364e+01
7.228857715e+04 4.430000280e+00 6.295092988e+00 2.859647858e-03 8.312307533e-03 2.307972154e-01 6.123847200e+00 7.611628974e+01
7.250501002e+04 4.426362554e+00 6.301216749e+00 2.865665760e-03 8.324384124e-03 2.277205008e-01 6.115833057e+00 7.610826416e+01
7.272144289e+04 4.422715404e+00 6.307314605e+00 2.871734320e-03 8.336548453e-03 2.246842534e-01 6.107817259e+00 7.610023684e+01
7.293787575e+04 4.419058994e+00 6.313386771e+00 2.877853699e-03 8.348800758e-03 2.216879572e-01 6.099799744e+00 7.609220770e+01
7.315430862e+04 4.415393483e+00 6.319433461e+00 2.884024064e-03 8.361141285e-03 2.187311018e-01 6.091780451e+00 7.608417670e+01
7.337074148e+04 4.411719031e+00 6.325454884e+00 2.890245586e-03 8.373570288e-03 2.158131831e-01 6.083759318e+00 7.607614377e+01
7.358717435e+04 4.408035795e+00 6.331451249e+00 2.896518443e-03 8.386088030e-03 2.129337026e-01 6.075736284e+00 7.606810884e+01
7.380360721e+04 4.404343930e+00 6.337422762e+00 2.902842818e-03 8.398694781e-03 2.100921655e-01 6.067711286e+00 7.606007186e+01
7.402004008e+04 4.400643589e+00 6.343369625e+00 2.909218898e-03 8.411390819e-03 2.072880869e-01 6.059684265e+00 7.605203276e+01
7.423647295e+04 4.396934925e+00 6.349292038e+00 2.915646875e-03 8.424176431e-03 2.045209857e-01 6.051655159e+00 7.604399148e+01
7.445290581e+04 4.393218087e+00 6.355190200e+00 2.922126948e-03 8.437051911e-03 2.017903868e-01 6.043623908e+00 7.603594797e+01
7.466933868e+04 4.389493225e+00 6.361064306e+00 2.928659319e-03 8.450017560e-03 1.990958207e-01 6.035590452e+00 7.602790215e+01
7.488577154e+04 4.385760483e+00 6.366914549e+00 2.935244197e-03 8.463073691e-03 1.964368253e-01 6.027554729e+00 7.601985398e+01
7.510220441e+04 4.382020008e+00 6.372741119e+00 2.941881796e-03 8.476220621e-03 1.938129425e-01 6.019516681e+00 7.601180339e+01
7.531863727e+04 4.378271942e+00 6.378544206e+00 2.948572334e-03 8.489458678e-03 1.912237190e-01 6.011476246e+00 7.600375032e+01
7.553507014e+04 4.374516427e+00 6.384323995e+00 2.955316037e-03 8.502788198e-03 1.886687076e-01 6.003433365e+00 7.599569470e+01
7.575150301e+04 4.370753603e+00 6.390080671e+00 2.962113133e-03 8.516209523e-03 1.861474660e-01 5.995387979e+00 7.598763649e+01
7.596793587e+04 4.366983609e+00 6.395814414e+00 2.968963858e-03 8.529723005e-03 1.836595582e-01 5.987340026e+00 7.597957561e+01
7.618436874e+04 4.363206579e+00 6.401525404e+00 2.975868453e-03 8.543329005e-03 1.812045561e-01 5.979289449e+00 7.597151202e+01
7.640080160e+04 4.359422651e+00 6.407213816e+00 2.982827163e-03 8.557027892e-03 1.787820326e-01 5.971236187e+00 7.596344564e+01
7.661723447e+04 4.355631956e+00 6.412879826e+00 2.989840240e-03 8.570820042e-03 1.763915677e-01 5.963180182e+00 7.595537643e+01
7.683366733e+04 4.351834626e+00 6.418523606e+00 2.996907941e-03 8.584705841e-03 1.740327463e-01 5.955121374e+00 7.594730431e+01
7.705010020e+04 4.348030791e+00 6.424145327e+00 3.004030529e-03 8.598685684e-03 1.717051592e-01 5.947059704e+00 7.593922924e+01
7.726653307e+04 4.344220581e+00 6.429745155e+00 3.011208271e-03 8.612759973e-03 1.694084019e-01 5.938995112e+00 7.593115114e+01
7.748296593e+04 4.340404120e+00 6.435323257e+00 3.018441442e-03 8.626929118e-03 1.671420749e-01 5.930927541e+00 7.592306997e+01
7.769939880e+04 4.336581536e+00 6.440879795e+00 3.025730320e-03 8.641193541e-03 1.649057837e-01 5.922856932e+00 7.591498566e+01
7.791583166e+04 4.332752951e+00 6.446414932e+00 3.033075192e-03 8.655553670e-03 1.626991387e-01 5.914783225e+00 7.590689816e+01
7.813226453e+04 4.328918488e+00 6.451928827e+00 3.040476349e-03 8.670009944e-03 1.605217544e-01 5.906706361e+00 7.589880740e+01
7.834869739e+04 4.325078268e+00 6.457421636e+00 3.047934087e-03 8.684562809e-03 1.583732511e-01 5.898626283e+00 7.589071332e+01
7.856513026e+04 4.321232408e+00 6.462893515e+00 3.055448710e-03 8.699212720e-03 1.562532536e-01 5.890542932e+00 7.588261588e+01
7.878156313e+04 4.317381028e+00 6.468344617e+00 3.063020527e-03 8.713960144e-03 1.541613914e-01 5.882456248e+00 7.587451499e+01
7.899799599e+04 4.313524243e+00 6.473775092e+00 3.070649852e-03 8.728805553e-03 1.520972980e-01 5.874366174e+00 7.586641062e+01
7.921442886e+04 4.309662167e+00 6.479185090e+00 3.078337005e-03 8.743749430e-03 1.500606119e-01 5.866272651e+00 7.585830270e+01
7.943086172e+04 4.305794915e+00 6.484574757e+00 3.086082316e-03 8.758792269e-03 1.480509760e-01 5.858175620e+00 7.585019116e+01
7.964729459e+04 4.301922597e+00 6.489944239e+00 3.093886115e-03 8.773934569e-03 1.460680377e-01 5.850075024e+00 7.584207596e+01
7.986372745e+04 4.298045323e+00 6.495293678e+00 3.101748742e-03 8.789176842e-03 1.441114489e-01 5.841970802e+00 7.583395703e+01
8.008016032e+04 4.294163204e+00 6.500623216e+00 3.109670541e-03 8.804519606e-03 1.421808661e-01 5.833862898e+00 7.582583432e+01
8.029659319e+04 4.290276347e+00 6.505932992e+00 3.117651864e-03 8.819963390e-03 1.402759494e-01 5.825751252e+00 7.581770775e+01
8.051302605e+04 4.286384857e+00 6.511223144e+00 3.125693068e-03 8.835508732e-03 1.383963635e-01 5.817635807e+00 7.580957729e+01
8.072945892e+04 4.282488840e+00 6.516493808e+00 3.133794516e-03 8.851156180e-03 1.365417773e-01 5.809516502e+00 7.580144285e+01
8.094589178e+04 4.278588398e+00 6.521745116e+00 3.141956579e-03 8.866906293e-03 1.347118644e-01 5.801393281e+00 7.579330440e+01
8.116232465e+04 4.274683634e+00 6.526977202e+00 3.150179633e-03 8.882759637e-03 1.329063020e-01 5.793266085e+00 7.578516186e+01
8.137875752e+04 4.270774649e+00 6.532190195e+00 3.158464062e-03 8.898716790e-03 1.311247713e-01 5.785134854e+00 7.577701518e+01
8.159519038e+04 4.266861542e+00 6.537384224e+00 3.166810254e-03 8.914778337e-03 1.293669577e-01 5.776999530e+00 7.576886431e+01
8.181162325e+04 4.262944410e+00 6.542559414e+00 3.175218607e-03 8.930944879e-03 1.276325507e-01 5.768860055e+00 7.576070917e+01
8.202805611e+04 4.259023349e+00 6.547715890e+00 3.183689529e-03 8.947217028e-03 1.259212437e-01 5.760716370e+00 7.575254971e+01
8.224448898e+04 4.255098456e+00 6.552853774e+00 3.192223427e-03 8.963595399e-03 1.242327337e-01 5.752568416e+00 7.574438587e+01
8.246092184e+04 4.251169823e+00 6.557973187e+00 3.200820719e-03 8.980080621e-03 1.225667220e-01 5.744416134e+00 7.573621760e+01
8.267735471e+04 4.247237544e+00 6.563074248e+00 3.209481831e-03 8.996673335e-03 1.209229133e-01 5.736259465e+00 7.572804482e+01
8.289378758e+04 4.243301710e+00 6.568157075e+00 3.218207193e-03 9.013374190e-03 1.193010164e-01 5.728098351e+00 7.571986749e+01
8.311022044e+04 4.239362412e+00 6.573221785e+00 3.226997241e-03 9.030183839e-03 1.177007433e-01 5.719932731e+00 7.571168554e+01
8.332665331e+04 4.235419738e+00 6.578268494e+00 3.235852423e-03 9.047102957e-03 1.161218102e-01 5.711762548e+00 7.570349892e+01
8.354308617e+04 4.231473776e+00 6.583297312e+00 3.244773191e-03 9.064132222e-03 1.145639365e-01 5.703587741e+00 7.569530756e+01
8.375951904e+04 4.227524613e+00 6.588308351e+00 3.253760004e-03 9.081272328e-03 1.130268455e-01 5.695408252e+00 7.568711140e+01
8.397595190e+04 4.223572334e+00 6.593301721e+00 3.262813330e-03 9.098523975e-03 1.115102637e-01 5.687224020e+00 7.567891038e+01
8.419238477e+04 4.219617023e+00 6.598277530e+00 3.271933645e-03 9.115887883e-03 1.100139216e-01 5.679034987e+00 7.567070444e+01
8.440881764e+04 4.215658763e+00 6.603235883e+00 3.281121431e-03 9.133364772e-03 1.085375526e-01 5.670841092e+00 7.566249353e+01
8.462525050e+04 4.211697637e+00 6.608176887e+00 3.290377176e-03 9.150955381e-03 1.070808936e-01 5.662642276e+00 7.565427758e+01
8.484168337e+04 4.207733724e+00 6.613100644e+00 3.299701380e-03 9.168660455e-03 1.056436851e-01 5.654438478e+00 7.564605653e+01
8.505811623e+04 4.203767105e+00 6.618007257e+00 3.309094545e-03 9.186480754e-03 1.042256705e-01 5.646229638e+00 7.563783031e+01
8.527454910e+04 4.199797856e+00 6.622896824e+00 3.318557191e-03 9.204417056e-03 1.028265972e-01 5.638015697e+00 7.562959888e+01
8.549098196e+04 4.195826055e+00 6.627769443e+00 3.328089838e-03 9.222470146e-03 1.014462154e-01 5.629796594e+00 7.562136216e+01
8.570741483e+04 4.191851778e+00 6.632625211e+00 3.337693017e-03 9.240640818e-03 1.000842784e-01 5.621572267e+00 7.561312010e+01
8.592384770e+04 4.187875098e+00 6.637464224e+00 3.347367266e-03 9.258929881e-03 9.874054272e-02 5.613342657e+00 7.560487263e+01
8.614028056e+04 4.183896091e+00 6.642286574e+00 3.357113132e-03 9.277338159e-03 9.741476798e-02 5.605107702e+00 7.559661969e+01
8.635671343e+04 4.179914828e+00 6.647092357e+00 3.366931169e-03 9.295866478e-03 9.610671722e-02 5.596867341e+00 7.558836122e+01
8.657314629e+04 4.175931382e+00 6.651881664e+00 3.376821939e-03 9.314515680e-03 9.481615643e-02 5.588621514e+00 7.558009716e+01
8.678957916e+04 4.171945823e+00 6.656654584e+00 3.386786017e-03 9.333286626e-03 9.354285432e-02 5.580370158e+00 7.557182745e+01
8.700601202e+04 4.167958221e+00 6.661411206e+00 3.396823982e-03 9.352180184e-03 9.228658275e-02 5.572113211e+00 7.556355202e+01
8.722244489e+04 4.163968643e+00 6.666151617e+00 3.406936423e-03 9.371197237e-03 9.104711646e-02 5.563850612e+00 7.555527080e+01
8.743887776e+04 4.159977158e+00 6.670875902e+00 3.417123942e-03 9.390338683e-03 8.982423324e-02 5.555582299e+00 7.554698375e+01
8.765531062e+04 4.155983832e+00 6.675584147e+00 3.427387147e-03 9.409605433e-03 8.861771387e-02 5.547308209e+00 7.553869079e+01
8.787174349e+04 4.151988731e+00 6.680276433e+00 3.437726655e-03 9.428998408e-03 8.742734163e-02 5.539028280e+00 7.553039185e+01
8.808817635e+04 4.147991919e+00 6.684952845e+00 3.448143092e-03 9.448518543e-03 8.625290272e-02 5.530742449e+00 7.552208689e+01
8.830460922e+04 4.143993461e+00 6.689613461e+00 3.458637095e-03 9.468166787e-03 8.509418610e-02 5.522450653e+00 7.551377583e+01
8.852104208e+04 4.139993417e+00 6.694258362e+00 3.469209309e-03 9.487944107e-03 8.395098350e-02 5.514152829e+00 7.550545860e+01
8.873747495e+04 4.135991848e+00 6.698887620e+00 3.479860398e-03 9.507851499e-03 8.282308956e-02 5.505848912e+00 7.549713515e+01
8.895390782e+04 4.131988815e+00 6.703501315e+00 3.490591023e-03 9.527889950e-03 8.171030121e-02 5.497538840e+00 7.548880540e+01
8.917034068e+04 4.127984376e+00 6.708099520e+00 3.501401864e-03 9.548060472e-03 8.061241817e-02 5.489222549e+00 7.548046930e+01
8.938677355e+04 4.123978590e+00 6.712682308e+00 3.512293606e-03 9.568364091e-03 7.952924270e-02 5.480899973e+00 7.547212678e+01
8.960320641e+04 4.119971514e+00 6.717249752e+00 3.523266948e-03 9.588801851e-03 7.846057964e-02 5.472571048e+00 7.546377777e+01
8.981963928e+04 4.115963205e+00 6.721801925e+00 3.534322587e-03 9.609374784e-03 7.740623670e-02 5.464235710e+00 7.545542220e+01
9.003607214e+04 4.111953720e+00 6.726338896e+00 3.545461244e-03 9.630083968e-03 7.636602365e-02 5.455893893e+00 7.544706002e+01
9.025250501e+04 4.107943111e+00 6.730860734e+00 3.556683645e-03 9.650930487e-03 7.533975283e-02 5.447545532e+00 7.543869114e+01
9.046893788e+04 4.103931433e+00 6.735367507e+00 3.567990527e-03 9.671915439e-03 7.432723905e-02 5.439190560e+00 7.543031552e+01
9.068537074e+04 4.099918738e+00 6.739859280e+00 3.579382639e-03 9.693039938e-03 7.332829949e-02 5.430828913e+00 7.542193307e+01
9.090180361e+04 4.095905080e+00 6.744336121e+00 3.590860746e-03 9.714305113e-03 7.234275400e-02 5.422460523e+00 7.541354374e+01
9.111823647e+04 4.091890510e+00 6.748798092e+00 3.602425619e-03 9.735712109e-03 7.137042453e-02 5.414085323e+00 7.540514744e+01
9.133466934e+04 4.087875079e+00 6.753245258e+00 3.614078041e-03 9.757262086e-03 7.041113530e-02 5.405703247e+00 7.539674412e+01
9.155110220e+04 4.083858837e+00 6.757677681e+00 3.625818804e-03 9.778956219e-03 6.946471285e-02 5.397314227e+00 7.538833371e+01
9.176753507e+04 4.079841834e+00 6.762095423e+00 3.637648716e-03 9.800795699e-03 6.853098600e-02 5.388918195e+00 7.537991614e+01
9.198396794e+04 4.075824115e+00 6.766498540e+00 3.649568606e-03 9.822781764e-03 6.760978594e-02 5.380515083e+00 7.537149133e+01
9.220040080e+04 4.071805725e+00 6.770887088e+00 3.661579320e-03 9.844915668e-03 6.670094610e-02 5.372104823e+00 7.536305922e+01
9.241683367e+04 4.067786712e+00 6.775261126e+00 3.673681699e-03 9.867198650e-03 6.580430182e-02 5.363687345e+00 7.535461974e+01
9.263326653e+04 4.063767120e+00 6.779620708e+00 3.685876607e-03 9.889631988e-03 6.491969070e-02 5.355262581e+00 7.534617281e+01
9.284969940e+04 4.059746994e+00 6.783965888e+00 3.698164922e-03 9.912216979e-03 6.404695246e-02 5.346830460e+00 7.533771837e+01
9.306613226e+04 4.055726376e+00 6.788296722e+00 3.710547526e-03 9.934954932e-03 6.318592899e-02 5.338390913e+00 7.532925635e+01
9.328256513e+04 4.051705310e+00 6.792613263e+00 3.723025299e-03 9.957847159e-03 6.233646439e-02 5.329943869e+00 7.532078667e+01
9.349899800e+04 4.047683836e+00 6.796915562e+00 3.735599165e-03 9.980895025e-03 6.149840451e-02 5.321489257e+00 7.531230925e+01
9.371543086e+04 4.043661995e+00 6.801203669e+00 3.748270050e-03 1.000409990e-02 6.067159731e-02 5.313027007e+00 7.530382404e+01
9.393186373e+04 4.039639826e+00 6.805477634e+00 3.761038891e-03 1.002746318e-02 5.985589273e-02 5.304557045e+00 7.529533095e+01
9.414829659e+04 4.035617369e+00 6.809737504e+00 3.773906639e-03 1.005098626e-02 5.905114270e-02 5.296079301e+00 7.528682991e+01
9.436472946e+04 4.031594669e+00 6.813983330e+00 3.786874238e-03 1.007467051e-02 5.825720128e-02 5.287593700e+00 7.527832084e+01
9.458116232e+04 4.027571763e+00 6.818215160e+00 3.799942666e-03 1.009851740e-02 5.747392418e-02 5.279100171e+00 7.526980368e+01
9.479759519e+04 4.023548690e+00 6.822433040e+00 3.813112905e-03 1.012252835e-02 5.670116911e-02 5.270598640e+00 7.526127835e+01
9.501402806e+04 4.019525491e+00 6.826637017e+00 3.826385949e-03 1.014670483e-02 5.593879564e-02 5.262089033e+00 7.525274476e+01
9.523046092e+04 4.015502191e+00 6.830827121e+00 3.839762889e-03 1.017104843e-02 5.518666521e-02 5.253571274e+00 7.524420285e+01
9.544689379e+04 4.011478821e+00 6.835003399e+00 3.853244795e-03 1.019556072e-02 5.444464110e-02 5.245045290e+00 7.523565254e+01
9.566332665e+04 4.007455423e+00 6.839165893e+00 3.866832699e-03 1.022024322e-02 5.371258836e-02 5.236511004e+00 7.522709375e+01
9.587975952e+04 4.003432031e+00 6.843314645e+00 3.880527672e-03 1.024509750e-02 5.299037396e-02 5.227968342e+00 7.521852640e+01
9.609619238e+04 3.999408675e+00 6.847449693e+00 3.894330807e-03 1.027012518e-02 5.227786658e-02 5.219417225e+00 7.520995042e+01
9.631262525e+04 3.995385389e+00 6.851571076e+00 3.908243209e-03 1.029532787e-02 5.157493650e-02 5.210857577e+00 7.520136572e+01
9.652905812e+04 3.991362205e+00 6.855678830e+00 3.922266005e-03 1.032070721e-02 5.088145588e-02 5.202289321e+00 7.519277223e+01
9.674549098e+04 3.987339153e+00 6.859772993e+00 3.936400334e-03 1.034626488e-02 5.019729810e-02 5.193712378e+00 7.518416987e+01
9.696192385e+04 3.983316264e+00 6.863853600e+00 3.950647361e-03 1.037200259e-02 4.952233872e-02 5.185126670e+00 7.517555855e+01
9.717835671e+04 3.979293566e+00 6.867920685e+00 3.965008265e-03 1.039792205e-02 4.885645490e-02 5.176532117e+00 7.516693820e+01
9.739478958e+04 3.975271090e+00 6.871974282e+00 3.979484228e-03 1.042402499e-02 4.819952388e-02 5.167928640e+00 7.515830873e+01
9.761122244e+04 3.971248863e+00 6.876014423e+00 3.994076471e-03 1.045031320e-02 4.755142600e-02 5.159316159e+00 7.514967007e+01
9.782765531e+04 3.967226913e+00 6.880041141e+00 4.008786236e-03 1.047678849e-02 4.691204370e-02 5.150694592e+00 7.514102212e+01
9.804408818e+04 3.963205266e+00 6.884054465e+00 4.023614776e-03 1.050345268e-02 4.628126040e-02 5.142063858e+00 7.513236481e+01
9.826052104e+04 3.959183948e+00 6.888054426e+00 4.038563364e-03 1.053030763e-02 4.565896092e-02 5.133423874e+00 7.512369805e+01
9.847695391e+04 3.955162985e+00 6.892041051e+00 4.053633301e-03 1.055735523e-02 4.504503284e-02 5.124774558e+00 7.511502176e+01
9.869338677e+04 3.951142402e+00 6.896014370e+00 4.068825895e-03 1.058459739e-02 4.443936312e-02 5.116115826e+00 7.510633584e+01
9.890981964e+04 3.947122223e+00 6.899974408e+00 4.084142480e-03 1.061203604e-02 4.384184195e-02 5.107447594e+00 7.509764022e+01
9.912625251e+04 3.943102471e+00 6.903921191e+00 4.099584412e-03 1.063967316e-02 4.325236002e-02 5.098769777e+00 7.508893481e+01
9.934268537e+04 3.939083170e+00 6.907854745e+00 4.115153063e-03 1.066751073e-02 4.267080951e-02 5.090082289e+00 7.508021951e+01
9.955911824e+04 3.935064342e+00 6.911775095e+00 4.130849832e-03 1.069555080e-02 4.209708421e-02 5.081385045e+00 7.507149425e+01
9.977555110e+04 3.931046008e+00 6.915682263e+00 4.146676147e-03 1.072379542e-02 4.153107920e-02 5.072677958e+00 7.506275893e+01
9.999198397e+04 3.927028190e+00 6.919576272e+00 4.162633443e-03 1.075224669e-02 4.097269099e-02 5.063960940e+00 7.505401346e+01
1.002084168e+05 3.923010909e+00 6.923457143e+00 4.178723177e-03 1.078090670e-02 4.042181752e-02 5.055233903e+00 7.504525775e+01
1.004248497e+05 3.918994184e+00 6.927324898e+00 4.194946852e-03 1.080977764e-02 3.987835793e-02 5.046496757e+00 7.503649171e+01
1.006412826e+05 3.914978034e+00 6.931179556e+00 4.211305981e-03 1.083886169e-02 3.934221284e-02 5.037749414e+00 7.502771526e+01
1.008577154e+05 3.910962479e+00 6.935021137e+00 4.227802095e-03 1.086816107e-02 3.881328435e-02 5.028991782e+00 7.501892828e+01
1.010741483e+05 3.906947536e+00 6.938849657e+00 4.244436750e-03 1.089767802e-02 3.829147583e-02 5.020223772e+00 7.501013070e+01
1.012905812e+05 3.902933224e+00 6.942665135e+00 4.261211556e-03 1.092741486e-02 3.777669122e-02 5.011445289e+00 7.500132242e+01
1.015070140e+05 3.898919558e+00 6.946467586e+00 4.278128113e-03 1.095737390e-02 3.726883675e-02 5.002656242e+00 7.499250334e+01
1.017234469e+05 3.894906556e+00 6.950257026e+00 4.295188059e-03 1.098755751e-02 3.676781970e-02 4.993856538e+00 7.498367336e+01
1.019398798e+05 3.890894233e+00 6.954033470e+00 4.312393062e-03 1.101796808e-02 3.627354817e-02 4.985046081e+00 7.497483239e+01
1.021563126e+05 3.886882604e+00 6.957796932e+00 4.329744826e-03 1.104860806e-02 3.578593128e-02 4.976224777e+00 7.496598034e+01
1.023727455e+05 3.882871685e+00 6.961547423e+00 4.347245061e-03 1.107947992e-02 3.530488022e-02 4.967392528e+00 7.495711710e+01
1.025891784e+05 3.878861489e+00 6.965284957e+00 4.364895512e-03 1.111058616e-02 3.483030710e-02 4.958549240e+00 7.494824256e+01
1.028056112e+05 3.874852030e+00 6.969009544e+00 4.382697974e-03 1.114192936e-02 3.436212434e-02 4.949694812e+00 7.493935665e+01
1.030220441e+05 3.870843321e+00 6.972721195e+00 4.400654251e-03 1.117351210e-02 3.390024636e-02 4.940829148e+00 7.493045924e+01
1.032384770e+05 3.866835374e+00 6.976419919e+00 4.418766171e-03 1.120533701e-02 3.344458882e-02 4.931952146e+00 7.492155024e+01
1.034549098e+05 3.862828202e+00 6.980105725e+00 4.437035609e-03 1.123740677e-02 3.299506804e-02 4.923063707e+00 7.491262954e+01
1.036713427e+05 3.858821816e+00 6.983778620e+00 4.455464499e-03 1.126972414e-02 3.255160058e-02 4.914163729e+00 7.490369704e+01
1.038877756e+05 3.854816226e+00 6.987438612e+00 4.474054744e-03 1.130229186e-02 3.211410601e-02 4.905252109e+00 7.489475264e+01
1.041042084e+05 3.850811443e+00 6.991085707e+00 4.492808300e-03 1.133511271e-02 3.168250426e-02 4.896328744e+00 7.488579623e+01
1.043206413e+05 3.846807477e+00 6.994719909e+00 4.511727157e-03 1.136818954e-02 3.125671634e-02 4.887393531e+00 7.487682769e+01
1.045370741e+05 3.842804337e+00 6.998341223e+00 4.530813333e-03 1.140152524e-02 3.083666437e-02 4.878446363e+00 7.486784693e+01
1.047535070e+05 3.838802031e+00 7.001949652e+00 4.550068883e-03 1.143512272e-02 3.042227152e-02 4.869487136e+00 7.485885384e+01
1.049699399e+05 3.834800569e+00 7.005545200e+00 4.569495981e-03 1.146898509e-02 3.001346088e-02 4.860515739e+00 7.484984829e+01
1.051863727e+05 3.830799956e+00 7.009127868e+00 4.589096722e-03 1.150311533e-02 2.961015798e-02 4.851532066e+00 7.484083018e+01
1.054028056e+05 3.826800202e+00 7.012697656e+00 4.608873276e-03 1.153751653e-02 2.921228883e-02 4.842536008e+00 7.483179941e+01
1.056192385e+05 3.822801311e+00 7.016254566e+00 4.628827852e-03 1.157219182e-02 2.881978033e-02 4.833527453e+00 7.482275584e+01
1.058356713e+05 3.818803292e+00 7.019798597e+00 4.648962701e-03 1.160714441e-02 2.843256031e-02 4.824506290e+00 7.481369938e+01
1.060521042e+05 3.814806148e+00 7.023329747e+00 4.669280112e-03 1.164237755e-02 2.805055745e-02 4.815472407e+00 7.480462990e+01
1.062685371e+05 3.810809885e+00 7.026848013e+00 4.689782412e-03 1.167789453e-02 2.767370241e-02 4.806425688e+00 7.479554728e+01
1.064849699e+05 3.806814508e+00 7.030353392e+00 4.710471972e-03 1.171369870e-02 2.730192611e-02 4.797366020e+00 7.478645141e+01
1.067014028e+05 3.802820021e+00 7.033845881e+00 4.731351207e-03 1.174979350e-02 2.693515964e-02 4.788293286e+00 7.477734216e+01
1.069178357e+05 3.798826428e+00 7.037325474e+00 4.752422571e-03 1.178618239e-02 2.657333543e-02 4.779207369e+00 7.476821942e+01
1.071342685e+05 3.794833731e+00 7.040792166e+00 4.773688567e-03 1.182286891e-02 2.621638671e-02 4.770108149e+00 7.475908306e+01
1.073507014e+05 3.790841934e+00 7.044245951e+00 4.795151738e-03 1.185985665e-02 2.586424754e-02 4.760995506e+00 7.474993296e+01
1.075671343e+05 3.786851038e+00 7.047686820e+00 4.816814667e-03 1.189714926e-02 2.551685350e-02 4.751869321e+00 7.474076900e+01
1.077835671e+05 3.782861044e+00 7.051114764e+00 4.838679966e-03 1.193475042e-02 2.517414235e-02 4.742729470e+00 7.473159104e+01
1.080000000e+05 3.778871955e+00 7.054529776e+00 4.860750328e-03 1.197266392e-02 2.483604975e-02 4.733575829e+00 7.472239896e+01
