time            Cj              Ck              O1             
0.000000000e+00 1.000000000e+00 0.000000000e+00 1.000000000e+00
4.008016032e+00 1.043876915e+00 1.304173995e-01 1.013212780e+00
8.016032064e+00 1.126278563e+00 2.916068946e-01 1.026600137e+00
1.202404810e+01 1.212484997e+00 4.548121206e-01 1.040164379e+00
1.603206413e+01 1.302514929e+00 6.200001907e-01 1.053907842e+00
2.004008016e+01 1.396412453e+00 7.872574452e-01 1.067832895e+00
2.404809619e+01 1.494223497e+00 9.566712478e-01 1.081941936e+00
2.805611222e+01 1.595995866e+00 1.128329855e+00 1.096237396e+00
3.206412826e+01 1.701779184e+00 1.302322419e+00 1.110721740e+00
3.607214429e+01 1.811624916e+00 1.478739019e+00 1.125397462e+00
4.008016032e+01 1.925586394e+00 1.657670699e+00 1.140267091e+00
4.408817635e+01 2.043718819e+00 1.839209503e+00 1.155333189e+00
4.809619238e+01 2.166079270e+00 2.023448492e+00 1.170598352e+00
5.210420842e+01 2.292726710e+00 2.210481776e+00 1.186065211e+00
5.611222445e+01 2.423722000e+00 2.400404545e+00 1.201736430e+00
6.012024048e+01 2.559127905e+00 2.593313092e+00 1.217614709e+00
6.412825651e+01 2.699009106e+00 2.789304849e+00 1.233702784e+00
6.813627255e+01 2.843432209e+00 2.988478408e+00 1.250003428e+00
7.214428858e+01 2.992465747e+00 3.190933534e+00 1.266519448e+00
7.615230461e+01 3.146180197e+00 3.396771215e+00 1.283253691e+00
8.016032064e+01 3.304647986e+00 3.606093672e+00 1.300209039e+00
8.416833667e+01 3.467943500e+00 3.819004397e+00 1.317388415e+00
8.817635271e+01 3.636143082e+00 4.035608153e+00 1.334794778e+00
9.218436874e+01 3.809325059e+00 4.256011019e+00 1.352431128e+00
9.619238477e+01 3.987569721e+00 4.480320386e+00 1.370300503e+00
1.002004008e+02 4.170959327e+00 4.708644979e+00 1.388405982e+00
1.042084168e+02 4.359578182e+00 4.941094942e+00 1.406750685e+00
1.082164329e+02 4.553512536e+00 5.177781758e+00 1.425337772e+00
1.122244489e+02 4.752850640e+00 5.418818328e+00 1.444170447e+00
1.162324649e+02 4.957682700e+00 5.664318932e+00 1.463251953e+00
1.202404810e+02 5.168101020e+00 5.914399355e+00 1.482585579e+00
1.242484970e+02 5.384199866e+00 6.169176805e+00 1.502174656e+00
1.282565130e+02 5.606075483e+00 6.428769930e+00 1.522022560e+00
1.322645291e+02 5.833826129e+00 6.693298859e+00 1.542132709e+00
1.362725451e+02 6.067552067e+00 6.962885208e+00 1.562508569e+00
1.402805611e+02 6.307355554e+00 7.237652083e+00 1.583153651e+00
1.442885772e+02 6.553340834e+00 7.517724084e+00 1.604071512e+00
1.482965932e+02 6.805614137e+00 7.803227313e+00 1.625265756e+00
1.523046092e+02 7.064283671e+00 8.094289372e+00 1.646740036e+00
1.563126253e+02 7.329459603e+00 8.391039375e+00 1.668498050e+00
1.603206413e+02 7.601254064e+00 8.693607934e+00 1.690543548e+00
1.643286573e+02 7.879781124e+00 9.002127170e+00 1.712880329e+00
1.683366733e+02 8.165156775e+00 9.316730698e+00 1.735512241e+00
1.723446894e+02 8.457498930e+00 9.637553627e+00 1.758443182e+00
1.763527054e+02 8.756927392e+00 9.964732548e+00 1.781677105e+00
1.803607214e+02 9.063563833e+00 1.029840552e+01 1.805218013e+00
1.843687375e+02 9.377531768e+00 1.063871206e+01 1.829069961e+00
1.883767535e+02 9.698956532e+00 1.098579312e+01 1.853237059e+00
1.923847695e+02 1.002796525e+01 1.133979107e+01 1.877723472e+00
1.963927856e+02 1.036468683e+01 1.170084969e+01 1.902533419e+00
2.004008016e+02 1.070925187e+01 1.206911412e+01 1.927671175e+00
2.044088176e+02 1.106179271e+01 1.244473085e+01 1.953141070e+00
2.084168337e+02 1.142244331e+01 1.282784769e+01 1.978947493e+00
2.124248497e+02 1.179133927e+01 1.321861373e+01 2.005094891e+00
2.164328657e+02 1.216861773e+01 1.361717930e+01 2.031587769e+00
2.204408818e+02 1.255441736e+01 1.402369593e+01 2.058430691e+00
2.244488978e+02 1.294887831e+01 1.443831631e+01 2.085628282e+00
2.284569138e+02 1.335214213e+01 1.486119426e+01 2.113185230e+00
2.324649299e+02 1.376435171e+01 1.529248463e+01 2.141106281e+00
2.364729459e+02 1.418565126e+01 1.573234330e+01 2.169396248e+00
2.404809619e+02 1.461618621e+01 1.618092709e+01 2.198060003e+00
2.444889780e+02 1.505610313e+01 1.663839370e+01 2.227102486e+00
2.484969940e+02 1.550554969e+01 1.710490164e+01 2.256528701e+00
2.525050100e+02 1.596467458e+01 1.758061020e+01 2.286343718e+00
2.565130261e+02 1.643362742e+01 1.806567934e+01 2.316552675e+00
2.605210421e+02 1.691255861e+01 1.856026956e+01 2.347160775e+00
2.645290581e+02 1.740161936e+01 1.906454190e+01 2.378173294e+00
2.685370741e+02 1.790096151e+01 1.957865784e+01 2.409595575e+00
2.725450902e+02 1.841073746e+01 2.010277917e+01 2.441433031e+00
2.765531062e+02 1.893110010e+01 2.063706792e+01 2.473691148e+00
2.805611222e+02 1.946220263e+01 2.118168626e+01 2.506375485e+00
2.845691383e+02 2.000419852e+01 2.173679639e+01 2.539491673e+00
2.885771543e+02 2.055724134e+01 2.230256041e+01 2.573045418e+00
2.925851703e+02 2.112148468e+01 2.287914023e+01 2.607042501e+00
2.965931864e+02 2.169708203e+01 2.346669748e+01 2.641488780e+00
3.006012024e+02 2.228418661e+01 2.406539331e+01 2.676390190e+00
3.046092184e+02 2.288295123e+01 2.467538831e+01 2.711752744e+00
3.086172345e+02 2.349352820e+01 2.529684233e+01 2.747582536e+00
3.126252505e+02 2.411606913e+01 2.592991441e+01 2.783885740e+00
3.166332665e+02 2.475072487e+01 2.657476261e+01 2.820668609e+00
3.206412826e+02 2.539764528e+01 2.723154386e+01 2.857937483e+00
3.246492986e+02 2.605697912e+01 2.790041381e+01 2.895698782e+00
3.286573146e+02 2.672887385e+01 2.858152669e+01 2.933959013e+00
3.326653307e+02 2.741347551e+01 2.927503510e+01 2.972724768e+00
3.366733467e+02 2.811092851e+01 2.998108990e+01 3.012002726e+00
3.406813627e+02 2.882137548e+01 3.069984003e+01 3.051799655e+00
3.446893788e+02 2.954495709e+01 3.143143230e+01 3.092122413e+00
3.486973948e+02 3.028181186e+01 3.217601127e+01 3.132977946e+00
3.527054108e+02 3.103207601e+01 3.293371904e+01 3.174373294e+00
3.567134269e+02 3.179588323e+01 3.370469506e+01 3.216315590e+00
3.607214429e+02 3.257336454e+01 3.448907599e+01 3.258812060e+00
3.647294589e+02 3.336464803e+01 3.528699545e+01 3.301870027e+00
3.687374749e+02 3.416985876e+01 3.609858387e+01 3.345496909e+00
3.727454910e+02 3.498911844e+01 3.692396826e+01 3.389700223e+00
3.767535070e+02 3.582254537e+01 3.776327211e+01 3.434487587e+00
3.807615230e+02 3.667025413e+01 3.861661505e+01 3.479866715e+00
3.847695391e+02 3.753235542e+01 3.948411276e+01 3.525845429e+00
3.887775551e+02 3.840895590e+01 4.036587675e+01 3.572431649e+00
3.927855711e+02 3.930015786e+01 4.126201411e+01 3.619633402e+00
3.967935872e+02 4.020605919e+01 4.217262737e+01 3.667458822e+00
4.008016032e+02 4.112675299e+01 4.309781425e+01 3.715916149e+00
4.048096192e+02 4.206232753e+01 4.403766749e+01 3.765013731e+00
4.088176353e+02 4.301286594e+01 4.499227465e+01 3.814760029e+00
4.128256513e+02 4.397844606e+01 4.596171789e+01 3.865163614e+00
4.168336673e+02 4.495914023e+01 4.694607379e+01 3.916233171e+00
4.208416834e+02 4.595501508e+01 4.794541316e+01 3.967977498e+00
4.248496994e+02 4.696613132e+01 4.895980081e+01 4.020405512e+00
4.288577154e+02 4.799254360e+01 4.998929543e+01 4.073526246e+00
4.328657315e+02 4.903430031e+01 5.103394932e+01 4.127348852e+00
4.368737475e+02 5.009144331e+01 5.209380827e+01 4.181882604e+00
4.408817635e+02 5.116400789e+01 5.316891137e+01 4.237136899e+00
4.448897796e+02 5.225202246e+01 5.425929078e+01 4.293121257e+00
4.488977956e+02 5.335550851e+01 5.536497169e+01 4.349845323e+00
4.529058116e+02 5.447448032e+01 5.648597201e+01 4.407318873e+00
4.569138277e+02 5.560894487e+01 5.762230230e+01 4.465551807e+00
4.609218437e+02 5.675890174e+01 5.877396566e+01 4.524554161e+00
4.649298597e+02 5.792434282e+01 5.994095743e+01 4.584336100e+00
4.689378758e+02 5.910525239e+01 6.112326530e+01 4.644907924e+00
4.729458918e+02 6.030160672e+01 6.232086890e+01 4.706280070e+00
4.769539078e+02 6.151337422e+01 6.353373993e+01 4.768463114e+00
4.809619238e+02 6.274051518e+01 6.476184195e+01 4.831467768e+00
4.849699399e+02 6.398298165e+01 6.600513020e+01 4.895304888e+00
4.889779559e+02 6.524071757e+01 6.726355178e+01 4.959985475e+00
4.929859719e+02 6.651365829e+01 6.853704516e+01 5.025520672e+00
4.969939880e+02 6.780173099e+01 6.982554058e+01 5.091921771e+00
5.010020040e+02 6.910485426e+01 7.112895962e+01 5.159200213e+00
5.050100200e+02 7.042293812e+01 7.244721530e+01 5.227367590e+00
5.090180361e+02 7.175588426e+01 7.378021222e+01 5.296435648e+00
5.130260521e+02 7.310358549e+01 7.512784610e+01 5.366416287e+00
5.170340681e+02 7.446592644e+01 7.649000438e+01 5.437321565e+00
5.210420842e+02 7.584278284e+01 7.786656559e+01 5.509163699e+00
5.250501002e+02 7.723402202e+01 7.925739984e+01 5.581955067e+00
5.290581162e+02 7.863950287e+01 8.066236872e+01 5.655708211e+00
5.330661323e+02 8.005907560e+01 8.208132511e+01 5.730435839e+00
5.370741483e+02 8.149258233e+01 8.351411377e+01 5.806150828e+00
5.410821643e+02 8.293985651e+01 8.496057071e+01 5.882866221e+00
5.450901804e+02 8.440072356e+01 8.642052393e+01 5.960595238e+00
5.490981964e+02 8.587500070e+01 8.789379313e+01 6.039351272e+00
5.531062124e+02 8.736249698e+01 8.938018984e+01 6.119147892e+00
5.571142285e+02 8.886301379e+01 9.087951786e+01 6.199998847e+00
5.611222445e+02 9.037634441e+01 9.239157285e+01 6.281918067e+00
5.651302605e+02 9.190227482e+01 9.391614313e+01 6.364919669e+00
5.691382766e+02 9.344058325e+01 9.545300923e+01 6.449017952e+00
5.731462926e+02 9.499104072e+01 9.700194442e+01 6.534227407e+00
5.771543086e+02 9.655341127e+01 9.856271493e+01 6.620562717e+00
5.811623246e+02 9.812745173e+01 1.001350798e+02 6.708038755e+00
5.851703407e+02 9.971291257e+01 1.017187915e+02 6.796670596e+00
5.891783567e+02 1.013095374e+02 1.033135960e+02 6.886473509e+00
5.931863727e+02 1.029170639e+02 1.049192326e+02 6.977462968e+00
5.971943888e+02 1.045352234e+02 1.065354350e+02 7.069654652e+00
6.012024048e+02 1.061637416e+02 1.081619307e+02 7.163064443e+00
6.052104208e+02 1.078023388e+02 1.097984418e+02 7.257708438e+00
6.092184369e+02 1.094507298e+02 1.114446850e+02 7.353602943e+00
6.132264529e+02 1.111086244e+02 1.131003721e+02 7.450764481e+00
6.172344689e+02 1.127757279e+02 1.147652099e+02 7.549209793e+00
6.212424850e+02 1.144517408e+02 1.164389008e+02 7.648955841e+00
6.252505010e+02 1.161363599e+02 1.181211431e+02 7.750019812e+00
6.292585170e+02 1.178292776e+02 1.198116310e+02 7.852419118e+00
6.332665331e+02 1.195301833e+02 1.215100554e+02 7.956171405e+00
6.372745491e+02 1.212387628e+02 1.232161035e+02 8.061294548e+00
6.412825651e+02 1.229546988e+02 1.249294597e+02 8.167806659e+00
6.452905812e+02 1.246776716e+02 1.266498057e+02 8.275726092e+00
6.492985972e+02 1.264073592e+02 1.283768206e+02 8.385071441e+00
6.533066132e+02 1.281434372e+02 1.301101817e+02 8.495861546e+00
6.573146293e+02 1.298855798e+02 1.318495643e+02 8.608115496e+00
6.613226453e+02 1.316334597e+02 1.335946423e+02 8.721852633e+00
6.653306613e+02 1.333867483e+02 1.353450883e+02 8.837092553e+00
6.693386774e+02 1.351451164e+02 1.371005744e+02 8.953855113e+00
6.733466934e+02 1.369082341e+02 1.388607716e+02 9.072160431e+00
6.773547094e+02 1.386757716e+02 1.406253512e+02 9.192028890e+00
6.813627255e+02 1.404473988e+02 1.423939840e+02 9.313481145e+00
6.853707415e+02 1.422227860e+02 1.441663415e+02 9.436538122e+00
6.893787575e+02 1.440016045e+02 1.459420957e+02 9.561221024e+00
6.933867735e+02 1.457835262e+02 1.477209193e+02 9.687551333e+00
6.973947896e+02 1.475682244e+02 1.495024864e+02 9.815550817e+00
7.014028056e+02 1.493553736e+02 1.512864724e+02 9.945241531e+00
7.054108216e+02 1.511446505e+02 1.530725546e+02 1.007664582e+01
7.094188377e+02 1.529357335e+02 1.548604120e+02 1.020978632e+01
7.134268537e+02 1.547283032e+02 1.566497259e+02 1.034468598e+01
7.174348697e+02 1.565220430e+02 1.584401802e+02 1.048136805e+01
7.214428858e+02 1.583166388e+02 1.602314613e+02 1.061985606e+01
7.254509018e+02 1.601117796e+02 1.620232588e+02 1.076017389e+01
7.294589178e+02 1.619071572e+02 1.638152647e+02 1.090234570e+01
7.334669339e+02 1.637024674e+02 1.656071753e+02 1.104639601e+01
7.374749499e+02 1.654974088e+02 1.673986896e+02 1.119234961e+01
7.414829659e+02 1.672916846e+02 1.691895109e+02 1.134023167e+01
7.454909820e+02 1.690850013e+02 1.709793461e+02 1.149006767e+01
7.494989980e+02 1.708770700e+02 1.727679062e+02 1.164188341e+01
7.535070140e+02 1.726676059e+02 1.745549070e+02 1.179570506e+01
7.575150301e+02 1.744563284e+02 1.763400677e+02 1.195155912e+01
7.615230461e+02 1.762429619e+02 1.781231128e+02 1.210947245e+01
7.655310621e+02 1.780272352e+02 1.799037712e+02 1.226947224e+01
7.695390782e+02 1.798088822e+02 1.816817768e+02 1.243158607e+01
7.735470942e+02 1.815876419e+02 1.834568684e+02 1.259584187e+01
7.775551102e+02 1.833632582e+02 1.852287900e+02 1.276226796e+01
7.815631263e+02 1.851354802e+02 1.869972903e+02 1.293089299e+01
7.855711423e+02 1.869040623e+02 1.887621238e+02 1.310174603e+01
7.895791583e+02 1.886687642e+02 1.905230498e+02 1.327485652e+01
7.935871743e+02 1.904293508e+02 1.922798331e+02 1.345025428e+01
7.975951904e+02 1.921855928e+02 1.940322440e+02 1.362796953e+01
8.016032064e+02 1.939372662e+02 1.957800582e+02 1.380803289e+01
8.056112224e+02 1.956841527e+02 1.975230569e+02 1.399047540e+01
8.096192385e+02 1.974260394e+02 1.992610271e+02 1.417532847e+01
8.136272545e+02 1.991627195e+02 2.009937613e+02 1.436262397e+01
8.176352705e+02 2.008939914e+02 2.027210575e+02 1.455239416e+01
8.216432866e+02 2.026196595e+02 2.044427197e+02 1.474467174e+01
8.256513026e+02 2.043395338e+02 2.061585572e+02 1.493948984e+01
8.296593186e+02 2.060534299e+02 2.078683852e+02 1.513688204e+01
8.336673347e+02 2.077611694e+02 2.095720245e+02 1.533688233e+01
8.376753507e+02 2.094625790e+02 2.112693013e+02 1.553952518e+01
8.416833667e+02 2.111574916e+02 2.129600477e+02 1.574484551e+01
8.456913828e+02 2.128457454e+02 2.146441014e+02 1.595287869e+01
8.496993988e+02 2.145271843e+02 2.163213054e+02 1.616366057e+01
8.537074148e+02 2.162016578e+02 2.179915084e+02 1.637722746e+01
8.577154309e+02 2.178690208e+02 2.196545646e+02 1.659361616e+01
8.617234469e+02 2.195291338e+02 2.213103336e+02 1.681286397e+01
8.657314629e+02 2.211818628e+02 2.229586804e+02 1.703500864e+01
8.697394790e+02 2.228270788e+02 2.245994753e+02 1.726008846e+01
8.737474950e+02 2.244646584e+02 2.262325941e+02 1.748814221e+01
8.777555110e+02 2.260944837e+02 2.278579174e+02 1.771920919e+01
8.817635271e+02 2.277164413e+02 2.294753314e+02 1.795332920e+01
8.857715431e+02 2.293304236e+02 2.310847270e+02 1.819054259e+01
8.897795591e+02 2.309363276e+02 2.326860004e+02 1.843089023e+01
8.937875752e+02 2.325340554e+02 2.342790526e+02 1.867441353e+01
8.977955912e+02 2.341235142e+02 2.358637894e+02 1.892115445e+01
9.018036072e+02 2.357046155e+02 2.374401215e+02 1.917115550e+01
9.058116232e+02 2.372772761e+02 2.390079643e+02 1.942445976e+01
9.098196393e+02 2.388414171e+02 2.405672376e+02 1.968111087e+01
9.138276553e+02 2.403969641e+02 2.421178658e+02 1.994115306e+01
9.178356713e+02 2.419438475e+02 2.436597780e+02 2.020463113e+01
9.218436874e+02 2.434820018e+02 2.451929073e+02 2.047159048e+01
9.258517034e+02 2.450113658e+02 2.467171913e+02 2.074207710e+01
9.298597194e+02 2.465318828e+02 2.482325716e+02 2.101613760e+01
9.338677355e+02 2.480434998e+02 2.497389939e+02 2.129381921e+01
9.378757515e+02 2.495461680e+02 2.512364080e+02 2.157516976e+01
9.418837675e+02 2.510398426e+02 2.527247675e+02 2.186023773e+01
9.458917836e+02 2.525244826e+02 2.542040296e+02 2.214907224e+01
9.498997996e+02 2.540000506e+02 2.556741555e+02 2.244172306e+01
9.539078156e+02 2.554665132e+02 2.571351100e+02 2.273824063e+01
9.579158317e+02 2.569238402e+02 2.585868612e+02 2.303867607e+01
9.619238477e+02 2.583720051e+02 2.600293810e+02 2.334308116e+01
9.659318637e+02 2.598109846e+02 2.614626441e+02 2.365150832e+01
9.699398798e+02 2.612407584e+02 2.628866285e+02 2.396401068e+01
9.739478958e+02 2.626613096e+02 2.643013153e+02 2.428064205e+01
9.779559118e+02 2.640726243e+02 2.657066885e+02 2.460145693e+01
9.819639279e+02 2.654746913e+02 2.671027351e+02 2.492651050e+01
9.859719439e+02 2.668675033e+02 2.684894457e+02 2.525585890e+01
9.899799599e+02 2.682510558e+02 2.698668135e+02 2.558955893e+01
9.939879760e+02 2.696253464e+02 2.712348341e+02 2.592766811e+01
9.979959920e+02 2.709903756e+02 2.725935056e+02 2.627024469e+01
1.002004008e+03 2.723461463e+02 2.739428286e+02 2.661734768e+01
1.006012024e+03 2.736926637e+02 2.752828060e+02 2.696903688e+01
1.010020040e+03 2.750299357e+02 2.766134431e+02 2.732537288e+01
1.014028056e+03 2.763579724e+02 2.779347476e+02 2.768641704e+01
1.018036072e+03 2.776767862e+02 2.792467291e+02 2.805223161e+01
1.022044088e+03 2.789863916e+02 2.805493998e+02 2.842287959e+01
1.026052104e+03 2.802868053e+02 2.818427731e+02 2.879842487e+01
1.030060120e+03 2.815780459e+02 2.831268651e+02 2.917893213e+01
1.034068136e+03 2.828601339e+02 2.844016932e+02 2.956446696e+01
1.038076152e+03 2.841330917e+02 2.856672769e+02 2.995509578e+01
1.042084168e+03 2.853969434e+02 2.869236370e+02 3.035088589e+01
1.046092184e+03 2.866517149e+02 2.881707962e+02 3.075190549e+01
1.050100200e+03 2.878974336e+02 2.894087787e+02 3.115822367e+01
1.054108216e+03 2.891341287e+02 2.906376100e+02 3.156991044e+01
1.058116232e+03 2.903618306e+02 2.918573172e+02 3.198703673e+01
1.062124248e+03 2.915805713e+02 2.930679284e+02 3.240967441e+01
1.066132265e+03 2.927903842e+02 2.942694733e+02 3.283789631e+01
1.070140281e+03 2.939913039e+02 2.954619824e+02 3.327177622e+01
1.074148297e+03 2.951833662e+02 2.966454877e+02 3.371138893e+01
1.078156313e+03 2.963666084e+02 2.978200220e+02 3.415681019e+01
1.082164329e+03 2.975410685e+02 2.989856191e+02 3.460811672e+01
1.086172345e+03 2.987067856e+02 3.001423135e+02 3.506538621e+01
1.090180361e+03 2.998638001e+02 3.012901409e+02 3.552869740e+01
1.094188377e+03 3.010121531e+02 3.024291376e+02 3.599813020e+01
1.098196393e+03 3.021518870e+02 3.035593409e+02 3.647376554e+01
1.102204409e+03 3.032830445e+02 3.046807884e+02 3.695568538e+01
1.106212425e+03 3.044056696e+02 3.057935184e+02 3.744397273e+01
1.110220441e+03 3.055198066e+02 3.068975699e+02 3.793871171e+01
1.114228457e+03 3.066255008e+02 3.079929821e+02 3.843998756e+01
1.118236473e+03 3.077227980e+02 3.090797948e+02 3.894788666e+01
1.122244489e+03 3.088117447e+02 3.101580483e+02 3.946249654e+01
1.126252505e+03 3.098923879e+02 3.112277830e+02 3.998390590e+01
1.130260521e+03 3.109647751e+02 3.122890395e+02 4.051220456e+01
1.134268537e+03 3.120289544e+02 3.133418589e+02 4.104748350e+01
1.138276553e+03 3.130849741e+02 3.143862821e+02 4.158983487e+01
1.142284569e+03 3.141328831e+02 3.154223503e+02 4.213935214e+01
1.146292585e+03 3.151727306e+02 3.164501046e+02 4.269613009e+01
1.150300601e+03 3.162045661e+02 3.174695863e+02 4.326026466e+01
1.154308617e+03 3.172284393e+02 3.184808364e+02 4.383185303e+01
1.158316633e+03 3.182444002e+02 3.194838959e+02 4.441099366e+01
1.162324649e+03 3.192524990e+02 3.204788054e+02 4.499778635e+01
1.166332665e+03 3.202527861e+02 3.214656055e+02 4.559233220e+01
1.170340681e+03 3.212453119e+02 3.224443364e+02 4.619473365e+01
1.174348697e+03 3.222301271e+02 3.234150378e+02 4.680509450e+01
1.178356713e+03 3.232072822e+02 3.243777492e+02 4.742351991e+01
1.182364729e+03 3.241768279e+02 3.253325095e+02 4.805011645e+01
1.186372745e+03 3.251388149e+02 3.262793571e+02 4.868499206e+01
1.190380762e+03 3.260932937e+02 3.272183296e+02 4.932825615e+01
1.194388778e+03 3.270403150e+02 3.281494643e+02 4.998001955e+01
1.198396794e+03 3.279799290e+02 3.290727975e+02 5.064039455e+01
1.202404810e+03 3.289121862e+02 3.299883646e+02 5.130949494e+01
1.206412826e+03 3.298371367e+02 3.308962004e+02 5.198743601e+01
1.210420842e+03 3.307548304e+02 3.317963386e+02 5.267433456e+01
1.214428858e+03 3.316653170e+02 3.326888118e+02 5.337030895e+01
1.218436874e+03 3.325686460e+02 3.335736518e+02 5.407547910e+01
1.222444890e+03 3.334648664e+02 3.344508888e+02 5.478996651e+01
1.226452906e+03 3.343540272e+02 3.353205520e+02 5.551389429e+01
1.230460922e+03 3.352361768e+02 3.361826691e+02 5.624738716e+01
1.234468938e+03 3.361113632e+02 3.370372666e+02 5.699057151e+01
1.238476954e+03 3.369796343e+02 3.378843691e+02 5.774357540e+01
1.242484970e+03 3.378410371e+02 3.387239998e+02 5.850652856e+01
1.246492986e+03 3.386956184e+02 3.395561799e+02 5.927956246e+01
1.250501002e+03 3.395434244e+02 3.403809290e+02 6.006281028e+01
1.254509018e+03 3.403845008e+02 3.411982645e+02 6.085640698e+01
1.258517034e+03 3.412188925e+02 3.420082017e+02 6.166048930e+01
1.262525050e+03 3.420466441e+02 3.428107536e+02 6.247519578e+01
1.266533066e+03 3.428677993e+02 3.436059309e+02 6.330066680e+01
1.270541082e+03 3.436824011e+02 3.443937415e+02 6.413704457e+01
1.274549098e+03 3.444904917e+02 3.451741906e+02 6.498447322e+01
1.278557114e+03 3.452921127e+02 3.459472807e+02 6.584309876e+01
1.282565130e+03 3.460873047e+02 3.467130109e+02 6.671306914e+01
1.286573146e+03 3.468761073e+02 3.474713771e+02 6.759453424e+01
1.290581162e+03 3.476585594e+02 3.482223716e+02 6.848764595e+01
1.294589178e+03 3.484346988e+02 3.489659831e+02 6.939255814e+01
1.298597194e+03 3.492045620e+02 3.497021959e+02 7.030942674e+01
1.302605210e+03 3.499681848e+02 3.504309903e+02 7.123840973e+01
1.306613226e+03 3.507256014e+02 3.511523419e+02 7.217966716e+01
1.310621242e+03 3.514768449e+02 3.518662214e+02 7.313336121e+01
1.314629259e+03 3.522219471e+02 3.525725942e+02 7.409965622e+01
1.318637275e+03 3.529609384e+02 3.532714201e+02 7.507871867e+01
1.322645291e+03 3.536938476e+02 3.539626531e+02 7.607071726e+01
1.326653307e+03 3.544207018e+02 3.546462403e+02 7.707582291e+01
1.330661323e+03 3.551415266e+02 3.553221226e+02 7.809420880e+01
1.334669339e+03 3.558563458e+02 3.559902329e+02 7.912605039e+01
1.338677355e+03 3.565651810e+02 3.566504968e+02 8.017152548e+01
1.342685371e+03 3.572680521e+02 3.573028310e+02 8.123081421e+01
1.346693387e+03 3.579649766e+02 3.579471435e+02 8.230409908e+01
1.350701403e+03 3.586559698e+02 3.585833324e+02 8.339156503e+01
1.354709419e+03 3.593410444e+02 3.592112857e+02 8.449339943e+01
1.358717435e+03 3.600202106e+02 3.598308801e+02 8.560979212e+01
1.362725451e+03 3.606934758e+02 3.604419805e+02 8.674093546e+01
1.366733467e+03 3.613608443e+02 3.610444391e+02 8.788702436e+01
1.370741483e+03 3.620223173e+02 3.616380943e+02 8.904825627e+01
1.374749499e+03 3.626778926e+02 3.622227703e+02 9.022483128e+01
1.378757515e+03 3.633275644e+02 3.627982752e+02 9.141695212e+01
1.382765531e+03 3.639713229e+02 3.633644008e+02 9.262482420e+01
1.386773547e+03 3.646091544e+02 3.639209212e+02 9.384865561e+01
1.390781563e+03 3.652410407e+02 3.644675911e+02 9.508865725e+01
1.394789579e+03 3.658669589e+02 3.650041455e+02 9.634504275e+01
1.398797595e+03 3.664868812e+02 3.655302975e+02 9.761802860e+01
1.402805611e+03 3.671007745e+02 3.660457377e+02 9.890783413e+01
1.406813627e+03 3.677086002e+02 3.665501323e+02 1.002146816e+02
1.410821643e+03 3.683103136e+02 3.670431224e+02 1.015387961e+02
1.414829659e+03 3.689058639e+02 3.675243219e+02 1.028804059e+02
1.418837675e+03 3.694951938e+02 3.679933169e+02 1.042397420e+02
1.422845691e+03 3.700782390e+02 3.684496638e+02 1.056170388e+02
1.426853707e+03 3.706549278e+02 3.688928889e+02 1.070125335e+02
1.430861723e+03 3.712251814e+02 3.693224866e+02 1.084264666e+02
1.434869739e+03 3.717889128e+02 3.697379195e+02 1.098590816e+02
1.438877756e+03 3.723460273e+02 3.701386173e+02 1.113106255e+02
1.442885772e+03 3.728964218e+02 3.705239766e+02 1.127813483e+02
1.446893788e+03 3.734399850e+02 3.708933614e+02 1.142715034e+02
1.450901804e+03 3.739765975e+02 3.712461038e+02 1.157813476e+02
1.454909820e+03 3.745061313e+02 3.715815058e+02 1.173111411e+02
1.458917836e+03 3.750284509e+02 3.718988408e+02 1.188611474e+02
1.462925852e+03 3.755434130e+02 3.721973574e+02 1.204316336e+02
1.466933868e+03 3.760508675e+02 3.724762829e+02 1.220228703e+02
1.470941884e+03 3.765506582e+02 3.727348292e+02 1.236351316e+02
1.474949900e+03 3.770426240e+02 3.729721986e+02 1.252686954e+02
1.478957916e+03 3.775266000e+02 3.731875924e+02 1.269238431e+02
1.482965932e+03 3.780024193e+02 3.733802200e+02 1.286008599e+02
1.486973948e+03 3.784699154e+02 3.735493100e+02 1.303000347e+02
1.490981964e+03 3.789289239e+02 3.736941224e+02 1.320216604e+02
1.494989980e+03 3.793792853e+02 3.738139628e+02 1.337660336e+02
1.498997996e+03 3.798208485e+02 3.739081977e+02 1.355334547e+02
1.503006012e+03 3.802534736e+02 3.739762705e+02 1.373242285e+02
1.507014028e+03 3.806770356e+02 3.740177187e+02 1.391386633e+02
1.511022044e+03 3.810914281e+02 3.740321911e+02 1.409770718e+02
1.515030060e+03 3.814965669e+02 3.740194651e+02 1.428397708e+02
1.519038076e+03 3.818923940e+02 3.739794620e+02 1.447270813e+02
1.523046092e+03 3.822788807e+02 3.739122619e+02 1.466393284e+02
1.527054108e+03 3.826560310e+02 3.738181149e+02 1.485768415e+02
1.531062124e+03 3.830238841e+02 3.736974499e+02 1.505399546e+02
1.535070140e+03 3.833825162e+02 3.735508787e+02 1.525290059e+02
1.539078156e+03 3.837320418e+02 3.733791960e+02 1.545443381e+02
1.543086172e+03 3.840726137e+02 3.731833741e+02 1.565862985e+02
1.547094188e+03 3.844044219e+02 3.729645526e+02 1.586552388e+02
1.551102204e+03 3.847276917e+02 3.727240228e+02 1.607515155e+02
1.555110220e+03 3.850426810e+02 3.724632077e+02 1.628754899e+02
1.559118236e+03 3.853496759e+02 3.721836379e+02 1.650275279e+02
1.563126253e+03 3.856489863e+02 3.718869242e+02 1.672080003e+02
1.567134269e+03 3.859409400e+02 3.715747286e+02 1.694172828e+02
1.571142285e+03 3.862258776e+02 3.712487345e+02 1.716557561e+02
1.575150301e+03 3.865041464e+02 3.709106176e+02 1.739238058e+02
1.579158317e+03 3.867760943e+02 3.705620182e+02 1.762218228e+02
1.583166333e+03 3.870420650e+02 3.702045165e+02 1.785502030e+02
1.587174349e+03 3.873023925e+02 3.698396118e+02 1.809093475e+02
1.591182365e+03 3.875573975e+02 3.694687055e+02 1.832996629e+02
1.595190381e+03 3.878073838e+02 3.690930887e+02 1.857215610e+02
1.599198397e+03 3.880526357e+02 3.687139338e+02 1.881754591e+02
1.603206413e+03 3.882934167e+02 3.683322915e+02 1.906617801e+02
1.607214429e+03 3.885299681e+02 3.679490898e+02 1.931809522e+02
1.611222445e+03 3.887625096e+02 3.675651384e+02 1.957334096e+02
1.615230461e+03 3.889912388e+02 3.671811334e+02 1.983195921e+02
1.619238477e+03 3.892163330e+02 3.667976660e+02 2.009399452e+02
1.623246493e+03 3.894379504e+02 3.664152311e+02 2.035949205e+02
1.627254509e+03 3.896562311e+02 3.660342373e+02 2.062849754e+02
1.631262525e+03 3.898712994e+02 3.656550171e+02 2.090105734e+02
1.635270541e+03 3.900832654e+02 3.652778369e+02 2.117721841e+02
1.639278557e+03 3.902922266e+02 3.649029059e+02 2.145702833e+02
1.643286573e+03 3.904982697e+02 3.645303858e+02 2.174053533e+02
1.647294589e+03 3.907014723e+02 3.641603980e+02 2.202778824e+02
1.651302605e+03 3.909019040e+02 3.637930309e+02 2.231883656e+02
1.655310621e+03 3.910996277e+02 3.634283463e+02 2.261373043e+02
1.659318637e+03 3.912947009e+02 3.630663843e+02 2.291252067e+02
1.663326653e+03 3.914871765e+02 3.627071678e+02 2.321525877e+02
1.667334669e+03 3.916771036e+02 3.623507063e+02 2.352199687e+02
1.671342685e+03 3.918645281e+02 3.619969989e+02 2.383278784e+02
1.675350701e+03 3.920494934e+02 3.616460368e+02 2.414768522e+02
1.679358717e+03 3.922320405e+02 3.612978052e+02 2.446674327e+02
1.683366733e+03 3.924122090e+02 3.609522847e+02 2.479001697e+02
1.687374749e+03 3.925900366e+02 3.606094528e+02 2.511756201e+02
1.691382766e+03 3.927655601e+02 3.602692847e+02 2.544943483e+02
1.695390782e+03 3.929388148e+02 3.599317538e+02 2.578569261e+02
1.699398798e+03 3.931098353e+02 3.595968328e+02 2.612639329e+02
1.703406814e+03 3.932786552e+02 3.592644935e+02 2.647159558e+02
1.707414830e+03 3.934453075e+02 3.589347075e+02 2.682135894e+02
1.711422846e+03 3.936098243e+02 3.586074461e+02 2.717574366e+02
1.715430862e+03 3.937722372e+02 3.582826809e+02 2.753481078e+02
1.719438878e+03 3.939325770e+02 3.579603836e+02 2.789862217e+02
1.723446894e+03 3.940908740e+02 3.576405259e+02 2.826724053e+02
1.727454910e+03 3.942471581e+02 3.573230801e+02 2.864072936e+02
1.731462926e+03 3.944014584e+02 3.570080187e+02 2.901915301e+02
1.735470942e+03 3.945538037e+02 3.566953146e+02 2.940257669e+02
1.739478958e+03 3.947042222e+02 3.563849408e+02 2.979106647e+02
1.743486974e+03 3.948527416e+02 3.560768712e+02 3.018468927e+02
1.747494990e+03 3.949993891e+02 3.557710796e+02 3.058351293e+02
1.751503006e+03 3.951441915e+02 3.554675404e+02 3.098760616e+02
1.755511022e+03 3.952871752e+02 3.551662283e+02 3.139703858e+02
1.759519038e+03 3.954283660e+02 3.548671186e+02 3.181188074e+02
1.763527054e+03 3.955677894e+02 3.545701865e+02 3.223220412e+02
1.767535070e+03 3.957054704e+02 3.542754081e+02 3.265808114e+02
1.771543086e+03 3.958414335e+02 3.539827595e+02 3.308958518e+02
1.775551102e+03 3.959757030e+02 3.536922172e+02 3.352679058e+02
1.779559118e+03 3.961083027e+02 3.534037581e+02 3.396977269e+02
1.783567134e+03 3.962392559e+02 3.531173595e+02 3.441860782e+02
1.787575150e+03 3.963685857e+02 3.528329989e+02 3.487337331e+02
1.791583166e+03 3.964963146e+02 3.525506543e+02 3.533414752e+02
1.795591182e+03 3.966224650e+02 3.522703038e+02 3.580100984e+02
1.799599198e+03 3.967470588e+02 3.519919260e+02 3.627404070e+02
1.803607214e+03 3.968701174e+02 3.517154997e+02 3.675332162e+02
1.807615230e+03 3.969916621e+02 3.514410041e+02 3.723893517e+02
1.811623246e+03 3.971117136e+02 3.511684186e+02 3.773096503e+02
1.815631263e+03 3.972302926e+02 3.508977229e+02 3.822949597e+02
1.819639279e+03 3.973474191e+02 3.506288971e+02 3.873461389e+02
1.823647295e+03 3.974631131e+02 3.503619214e+02 3.924640582e+02
1.827655311e+03 3.975773940e+02 3.500967766e+02 3.976495995e+02
1.831663327e+03 3.976902810e+02 3.498334433e+02 4.029036562e+02
1.835671343e+03 3.978017931e+02 3.495719027e+02 4.082271336e+02
1.839679359e+03 3.979119489e+02 3.493121363e+02 4.136209490e+02
1.843687375e+03 3.980207667e+02 3.490541256e+02 4.190860317e+02
1.847695391e+03 3.981282645e+02 3.487978526e+02 4.246233233e+02
1.851703407e+03 3.982344600e+02 3.485432994e+02 4.302337780e+02
1.855711423e+03 3.983393708e+02 3.482904485e+02 4.359183624e+02
1.859719439e+03 3.984430139e+02 3.480392823e+02 4.416780559e+02
1.863727455e+03 3.985454063e+02 3.477897840e+02 4.475138510e+02
1.867735471e+03 3.986465647e+02 3.475419364e+02 4.534267533e+02
1.871743487e+03 3.987465054e+02 3.472957230e+02 4.594177813e+02
1.875751503e+03 3.988452445e+02 3.470511274e+02 4.654879675e+02
1.879759519e+03 3.989427980e+02 3.468081333e+02 4.716383577e+02
1.883767535e+03 3.990391815e+02 3.465667247e+02 4.778700117e+02
1.887775551e+03 3.991344104e+02 3.463268859e+02 4.841840031e+02
1.891783567e+03 3.992284998e+02 3.460886012e+02 4.905814200e+02
1.895791583e+03 3.993214647e+02 3.458518554e+02 4.970633645e+02
1.899799599e+03 3.994133198e+02 3.456166331e+02 5.036309535e+02
1.903807615e+03 3.995040794e+02 3.453829196e+02 5.102853187e+02
1.907815631e+03 3.995937580e+02 3.451507000e+02 5.170276068e+02
1.911823647e+03 3.996823694e+02 3.449199597e+02 5.238589792e+02
1.915831663e+03 3.997699276e+02 3.446906844e+02 5.307806130e+02
1.919839679e+03 3.998564462e+02 3.444628599e+02 5.377937008e+02
1.923847695e+03 3.999419385e+02 3.442364721e+02 5.448994513e+02
1.927855711e+03 4.000264178e+02 3.440115073e+02 5.520990887e+02
1.931863727e+03 4.001098970e+02 3.437879517e+02 5.593938531e+02
1.935871743e+03 4.001923890e+02 3.435657920e+02 5.667850013e+02
1.939879760e+03 4.002739065e+02 3.433450148e+02 5.742738077e+02
1.943887776e+03 4.003544617e+02 3.431256070e+02 5.818615620e+02
1.947895792e+03 4.004340670e+02 3.429075556e+02 5.895495716e+02
1.951903808e+03 4.005127345e+02 3.426908478e+02 5.973391609e+02
1.955911824e+03 4.005904760e+02 3.424754709e+02 6.052316724e+02
1.959919840e+03 4.006673032e+02 3.422614126e+02 6.132284663e+02
1.963927856e+03 4.007432277e+02 3.420486605e+02 6.213309199e+02
1.967935872e+03 4.008182608e+02 3.418372024e+02 6.295404292e+02
1.971943888e+03 4.008924138e+02 3.416270263e+02 6.378584088e+02
1.975951904e+03 4.009656977e+02 3.414181203e+02 6.462862925e+02
1.979959920e+03 4.010381233e+02 3.412104728e+02 6.548255320e+02
1.983967936e+03 4.011097014e+02 3.410040721e+02 6.634775984e+02
1.987975952e+03 4.011804426e+02 3.407989068e+02 6.722439822e+02
1.991983968e+03 4.012503571e+02 3.405949656e+02 6.811261950e+02
1.995991984e+03 4.013194554e+02 3.403922375e+02 6.901257665e+02
2.000000000e+03 4.013877475e+02 3.401907112e+02 6.992442473e+02
