time            shA             shB             shY            
0.000000000e+00 3.000000000e+00 8.000000000e+00 5.000000000e+00
6.012024048e+00 2.393376829e+00 7.142529299e+00 4.963676883e+00
1.202404810e+01 2.005533778e+00 6.529316716e+00 4.878083812e+00
1.803607214e+01 1.755045215e+00 6.094660636e+00 4.768631158e+00
2.404809619e+01 1.591976678e+00 5.790437524e+00 4.650795121e+00
3.006012024e+01 1.485146335e+00 5.581681206e+00 4.533387300e+00
3.607214429e+01 1.414786861e+00 5.442955864e+00 4.421008983e+00
4.208416834e+01 1.368210780e+00 5.355677962e+00 4.315725149e+00
4.809619238e+01 1.337192900e+00 5.306208488e+00 4.218144537e+00
5.410821643e+01 1.316358671e+00 5.284502632e+00 4.128090167e+00
6.012024048e+01 1.302175018e+00 5.283147406e+00 4.045002104e+00
6.613226453e+01 1.292309159e+00 5.296667785e+00 3.968170951e+00
7.214428858e+01 1.285216259e+00 5.321020729e+00 3.896866978e+00
7.815631263e+01 1.279871600e+00 5.353222947e+00 3.830406373e+00
8.416833667e+01 1.275595196e+00 5.391075475e+00 3.768180642e+00
9.018036072e+01 1.271936259e+00 5.432959357e+00 3.709665149e+00
9.619238477e+01 1.268596705e+00 5.477683965e+00 3.654416517e+00
1.022044088e+02 1.265380338e+00 5.524374525e+00 3.602064660e+00
1.082164329e+02 1.262159002e+00 5.572388857e+00 3.552302766e+00
1.142284569e+02 1.258849993e+00 5.621255901e+00 3.504877081e+00
1.202404810e+02 1.255400954e+00 5.670630384e+00 3.459577433e+00
1.262525050e+02 1.251779799e+00 5.720259526e+00 3.416228905e+00
1.322645291e+02 1.247967949e+00 5.769958566e+00 3.374684782e+00
1.382765531e+02 1.243955820e+00 5.819592843e+00 3.334820729e+00
1.442885772e+02 1.239739796e+00 5.869064642e+00 3.296530071e+00
1.503006012e+02 1.235320206e+00 5.918303584e+00 3.259720029e+00
1.563126253e+02 1.230699965e+00 5.967259535e+00 3.224308739e+00
1.623246493e+02 1.225883668e+00 6.015897440e+00 3.190222944e+00
1.683366733e+02 1.220876985e+00 6.064193505e+00 3.157396196e+00
1.743486974e+02 1.215686249e+00 6.112132372e+00 3.125767483e+00
1.803607214e+02 1.210318184e+00 6.159705039e+00 3.095280180e+00
1.863727455e+02 1.204779716e+00 6.206907290e+00 3.065881251e+00
1.923847695e+02 1.199077855e+00 6.253738542e+00 3.037520657e+00
1.983967936e+02 1.193219606e+00 6.300200966e+00 3.010150902e+00
2.044088176e+02 1.187211913e+00 6.346298818e+00 2.983726703e+00
2.104208417e+02 1.181061617e+00 6.392037922e+00 2.958204733e+00
2.164328657e+02 1.174775439e+00 6.437425319e+00 2.933543456e+00
2.224448898e+02 1.168359951e+00 6.482468914e+00 2.909702961e+00
2.284569138e+02 1.161821566e+00 6.527177251e+00 2.886644869e+00
2.344689379e+02 1.155166535e+00 6.571559346e+00 2.864332254e+00
2.404809619e+02 1.148400939e+00 6.615624521e+00 2.842729585e+00
2.464929860e+02 1.141530682e+00 6.659382290e+00 2.821802665e+00
2.525050100e+02 1.134561497e+00 6.702842261e+00 2.801518595e+00
2.585170341e+02 1.127498939e+00 6.746014062e+00 2.781845740e+00
2.645290581e+02 1.120348390e+00 6.788907275e+00 2.762753690e+00
2.705410822e+02 1.113115058e+00 6.831531387e+00 2.744213234e+00
2.765531062e+02 1.105803980e+00 6.873895748e+00 2.726196328e+00
2.825651303e+02 1.098420023e+00 6.916009536e+00 2.708676068e+00
2.885771543e+02 1.090967889e+00 6.957881734e+00 2.691626657e+00
2.945891784e+02 1.083452119e+00 6.999521102e+00 2.675023380e+00
3.006012024e+02 1.075877092e+00 7.040936164e+00 2.658842572e+00
3.066132265e+02 1.068247031e+00 7.082135195e+00 2.643061590e+00
3.126252505e+02 1.060566011e+00 7.123126205e+00 2.627658776e+00
3.186372745e+02 1.052837957e+00 7.163916938e+00 2.612613435e+00
3.246492986e+02 1.045066648e+00 7.204514868e+00 2.597905809e+00
3.306613226e+02 1.037255727e+00 7.244927182e+00 2.583517028e+00
3.366733467e+02 1.029408700e+00 7.285160795e+00 2.569429093e+00
3.426853707e+02 1.021528942e+00 7.325222337e+00 2.555624849e+00
3.486973948e+02 1.013619701e+00 7.365118163e+00 2.542087935e+00
3.547094188e+02 1.005684102e+00 7.404854353e+00 2.528802781e+00
3.607214429e+02 9.977251539e-01 7.444436712e+00 2.515754554e+00
3.667334669e+02 9.897457506e-01 7.483870779e+00 2.502929138e+00
3.727454910e+02 9.817486729e-01 7.523161823e+00 2.490313125e+00
3.787575150e+02 9.737365983e-01 7.562314858e+00 2.477893749e+00
3.847695391e+02 9.657120990e-01 7.601334639e+00 2.465658897e+00
3.907815631e+02 9.576776517e-01 7.640225675e+00 2.453597045e+00
3.967935872e+02 9.496356352e-01 7.678992231e+00 2.441697274e+00
4.028056112e+02 9.415883409e-01 7.717638339e+00 2.429949200e+00
4.088176353e+02 9.335379690e-01 7.756167800e+00 2.418342996e+00
4.148296593e+02 9.254866395e-01 7.794584197e+00 2.406869316e+00
4.208416834e+02 9.174363865e-01 7.832890889e+00 2.395519336e+00
4.268537074e+02 9.093891712e-01 7.871091038e+00 2.384284665e+00
4.328657315e+02 9.013468764e-01 7.909187595e+00 2.373157380e+00
4.388777555e+02 8.933113123e-01 7.947183312e+00 2.362129985e+00
4.448897796e+02 8.852842205e-01 7.985080751e+00 2.351195382e+00
4.509018036e+02 8.772672802e-01 8.022882297e+00 2.340346823e+00
4.569138277e+02 8.692621055e-01 8.060590160e+00 2.329577951e+00
4.629258517e+02 8.612702468e-01 8.098206385e+00 2.318882784e+00
4.689378758e+02 8.532932003e-01 8.135732862e+00 2.308255650e+00
4.749498998e+02 8.453324081e-01 8.173171332e+00 2.297691200e+00
4.809619238e+02 8.373892617e-01 8.210523391e+00 2.287184385e+00
4.869739479e+02 8.294651019e-01 8.247790498e+00 2.276730441e+00
4.929859719e+02 8.215612031e-01 8.284973928e+00 2.266324887e+00
4.989979960e+02 8.136787872e-01 8.322074813e+00 2.255963502e+00
5.050100200e+02 8.058190414e-01 8.359094175e+00 2.245642309e+00
5.110220441e+02 7.979831386e-01 8.396033004e+00 2.235357561e+00
5.170340681e+02 7.901721557e-01 8.432892066e+00 2.225105743e+00
5.230460922e+02 7.823871674e-01 8.469672078e+00 2.214883547e+00
5.290581162e+02 7.746291903e-01 8.506373627e+00 2.204687871e+00
5.350701403e+02 7.668992180e-01 8.542997215e+00 2.194515806e+00
5.410821643e+02 7.591981947e-01 8.579543241e+00 2.184364623e+00
5.470941884e+02 7.515270345e-01 8.616012014e+00 2.174231767e+00
5.531062124e+02 7.438866211e-01 8.652403762e+00 2.164114851e+00
5.591182365e+02 7.362778007e-01 8.688718625e+00 2.154011646e+00
5.651302605e+02 7.287013906e-01 8.724956671e+00 2.143920066e+00
5.711422846e+02 7.211581788e-01 8.761117896e+00 2.133838166e+00
5.771543086e+02 7.136489228e-01 8.797202222e+00 2.123764139e+00
5.831663327e+02 7.061743526e-01 8.833209510e+00 2.113696301e+00
5.891783567e+02 6.987351711e-01 8.869139556e+00 2.103633089e+00
5.951903808e+02 6.913320533e-01 8.904992091e+00 2.093573068e+00
6.012024048e+02 6.839656511e-01 8.940766806e+00 2.083514891e+00
6.072144289e+02 6.766365854e-01 8.976463321e+00 2.073457351e+00
6.132264529e+02 6.693454599e-01 9.012081217e+00 2.063399307e+00
6.192384770e+02 6.620928547e-01 9.047620023e+00 2.053339717e+00
6.252505010e+02 6.548793270e-01 9.083079225e+00 2.043277630e+00
6.312625251e+02 6.477054122e-01 9.118458266e+00 2.033212182e+00
6.372745491e+02 6.405716240e-01 9.153756555e+00 2.023142587e+00
6.432865731e+02 6.334784552e-01 9.188973472e+00 2.013068135e+00
6.492985972e+02 6.264263787e-01 9.224108359e+00 2.002988188e+00
6.553106212e+02 6.194158496e-01 9.259160528e+00 1.992902172e+00
6.613226453e+02 6.124473012e-01 9.294129253e+00 1.982809593e+00
6.673346693e+02 6.055211519e-01 9.329013784e+00 1.972710005e+00
6.733466934e+02 5.986378025e-01 9.363813340e+00 1.962603024e+00
6.793587174e+02 5.917976348e-01 9.398527111e+00 1.952488329e+00
6.853707415e+02 5.850010153e-01 9.433154282e+00 1.942365640e+00
6.913827655e+02 5.782482927e-01 9.467694009e+00 1.932234735e+00
6.973947896e+02 5.715397991e-01 9.502145435e+00 1.922095442e+00
7.034068136e+02 5.648758515e-01 9.536507700e+00 1.911947622e+00
7.094188377e+02 5.582567795e-01 9.570779956e+00 1.901791106e+00
7.154308617e+02 5.516827853e-01 9.604961212e+00 1.891626085e+00
7.214428858e+02 5.451542181e-01 9.639050634e+00 1.881452331e+00
7.274549098e+02 5.386713187e-01 9.673047272e+00 1.871269928e+00
7.334669339e+02 5.322343299e-01 9.706950159e+00 1.861078954e+00
7.394789579e+02 5.258434857e-01 9.740758342e+00 1.850879505e+00
7.454909820e+02 5.194990013e-01 9.774470898e+00 1.840671706e+00
7.515030060e+02 5.132010787e-01 9.808086877e+00 1.830455714e+00
7.575150301e+02 5.069499105e-01 9.841605318e+00 1.820231713e+00
7.635270541e+02 5.007456769e-01 9.875025247e+00 1.809999919e+00
7.695390782e+02 4.945885451e-01 9.908345692e+00 1.799760573e+00
7.755511022e+02 4.884786699e-01 9.941565684e+00 1.789513938e+00
7.815631263e+02 4.824161953e-01 9.974684252e+00 1.779260299e+00
7.875751503e+02 4.764012526e-01 1.000770042e+01 1.768999967e+00
7.935871743e+02 4.704339632e-01 1.004061323e+01 1.758733269e+00
7.995991984e+02 4.645144376e-01 1.007342169e+01 1.748460553e+00
8.056112224e+02 4.586427751e-01 1.010612483e+01 1.738182187e+00
8.116232465e+02 4.528190630e-01 1.013872170e+01 1.727898560e+00
8.176352705e+02 4.470433785e-01 1.017121133e+01 1.717610070e+00
8.236472946e+02 4.413157851e-01 1.020359277e+01 1.707317140e+00
8.296593186e+02 4.356363407e-01 1.023586505e+01 1.697020202e+00
8.356713427e+02 4.300050947e-01 1.026802723e+01 1.686719702e+00
8.416833667e+02 4.244220862e-01 1.030007836e+01 1.676416100e+00
8.476953908e+02 4.188873471e-01 1.033201750e+01 1.666109870e+00
8.537074148e+02 4.134009063e-01 1.036384371e+01 1.655801491e+00
8.597194389e+02 4.079627523e-01 1.039555608e+01 1.645491482e+00
8.657314629e+02 4.025729025e-01 1.042715368e+01 1.635180330e+00
8.717434870e+02 3.972313370e-01 1.045863562e+01 1.624868559e+00
8.777555110e+02 3.919380351e-01 1.049000100e+01 1.614556694e+00
8.837675351e+02 3.866929818e-01 1.052124892e+01 1.604245272e+00
8.897795591e+02 3.814961460e-01 1.055237848e+01 1.593934840e+00
8.957915832e+02 3.763474835e-01 1.058338883e+01 1.583625949e+00
9.018036072e+02 3.712469434e-01 1.061427909e+01 1.573319159e+00
9.078156313e+02 3.661944689e-01 1.064504842e+01 1.563015038e+00
9.138276553e+02 3.611899955e-01 1.067569597e+01 1.552714158e+00
9.198396794e+02 3.562334500e-01 1.070622091e+01 1.542417100e+00
9.258517034e+02 3.513247516e-01 1.073662241e+01 1.532124449e+00
9.318637275e+02 3.464638107e-01 1.076689967e+01 1.521836796e+00
9.378757515e+02 3.416505387e-01 1.079705188e+01 1.511554733e+00
9.438877756e+02 3.368848295e-01 1.082707826e+01 1.501278862e+00
9.498997996e+02 3.321665777e-01 1.085697802e+01 1.491009786e+00
9.559118236e+02 3.274956640e-01 1.088675042e+01 1.480748112e+00
9.619238477e+02 3.228719665e-01 1.091639469e+01 1.470494451e+00
9.679358717e+02 3.182953558e-01 1.094591009e+01 1.460249416e+00
9.739478958e+02 3.137656963e-01 1.097529591e+01 1.450013626e+00
9.799599198e+02 3.092828494e-01 1.100455141e+01 1.439787696e+00
9.859719439e+02 3.048466664e-01 1.103367591e+01 1.429572251e+00
9.919839679e+02 3.004569946e-01 1.106266871e+01 1.419367911e+00
9.979959920e+02 2.961136758e-01 1.109152913e+01 1.409175302e+00
1.004008016e+03 2.918165439e-01 1.112025651e+01 1.398995050e+00
1.010020040e+03 2.875654295e-01 1.114885020e+01 1.388827779e+00
1.016032064e+03 2.833601539e-01 1.117730957e+01 1.378674118e+00
1.022044088e+03 2.792005371e-01 1.120563398e+01 1.368534693e+00
1.028056112e+03 2.750863905e-01 1.123382284e+01 1.358410134e+00
1.034068136e+03 2.710175238e-01 1.126187554e+01 1.348301068e+00
1.040080160e+03 2.669937388e-01 1.128979151e+01 1.338208122e+00
1.046092184e+03 2.630148347e-01 1.131757017e+01 1.328131924e+00
1.052104208e+03 2.590806040e-01 1.134521097e+01 1.318073100e+00
1.058116232e+03 2.551908349e-01 1.137271336e+01 1.308032274e+00
1.064128257e+03 2.513453120e-01 1.140007683e+01 1.298010072e+00
1.070140281e+03 2.475438138e-01 1.142730085e+01 1.288007116e+00
1.076152305e+03 2.437861165e-01 1.145438492e+01 1.278024027e+00
1.082164329e+03 2.400719901e-01 1.148132857e+01 1.268061424e+00
1.088176353e+03 2.364012027e-01 1.150813131e+01 1.258119926e+00
1.094188377e+03 2.327735163e-01 1.153479269e+01 1.248200146e+00
1.100200401e+03 2.291886900e-01 1.156131227e+01 1.238302698e+00
1.106212425e+03 2.256464792e-01 1.158768961e+01 1.228428191e+00
1.112224449e+03 2.221466348e-01 1.161392431e+01 1.218577234e+00
1.118236473e+03 2.186889052e-01 1.164001595e+01 1.208750430e+00
1.124248497e+03 2.152730344e-01 1.166596415e+01 1.198948381e+00
1.130260521e+03 2.118987642e-01 1.169176854e+01 1.189171685e+00
1.136272545e+03 2.085658325e-01 1.171742876e+01 1.179420935e+00
1.142284569e+03 2.052739737e-01 1.174294445e+01 1.169696723e+00
1.148296593e+03 2.020229198e-01 1.176831530e+01 1.159999636e+00
1.154308617e+03 1.988123993e-01 1.179354097e+01 1.150330257e+00
1.160320641e+03 1.956421380e-01 1.181862118e+01 1.140689163e+00
1.166332665e+03 1.925118599e-01 1.184355562e+01 1.131076931e+00
1.172344689e+03 1.894212854e-01 1.186834402e+01 1.121494129e+00
1.178356713e+03 1.863701325e-01 1.189298612e+01 1.111941322e+00
1.184368737e+03 1.833581172e-01 1.191748167e+01 1.102419072e+00
1.190380762e+03 1.803849526e-01 1.194183044e+01 1.092927933e+00
1.196392786e+03 1.774503500e-01 1.196603220e+01 1.083468457e+00
1.202404810e+03 1.745540187e-01 1.199008676e+01 1.074041188e+00
1.208416834e+03 1.716956658e-01 1.201399391e+01 1.064646666e+00
1.214428858e+03 1.688749963e-01 1.203775347e+01 1.055285426e+00
1.220440882e+03 1.660917136e-01 1.206136529e+01 1.045957995e+00
1.226452906e+03 1.633455196e-01 1.208482921e+01 1.036664897e+00
1.232464930e+03 1.606361139e-01 1.210814508e+01 1.027406649e+00
1.238476954e+03 1.579631952e-01 1.213131280e+01 1.018183761e+00
1.244488978e+03 1.553264604e-01 1.215433223e+01 1.008996739e+00
1.250501002e+03 1.527256049e-01 1.217720330e+01 9.998460807e-01
1.256513026e+03 1.501603234e-01 1.219992590e+01 9.907322784e-01
1.262525050e+03 1.476303091e-01 1.222249997e+01 9.816558169e-01
1.268537074e+03 1.451352539e-01 1.224492545e+01 9.726171750e-01
1.274549098e+03 1.426748492e-01 1.226720230e+01 9.636168256e-01
1.280561122e+03 1.402487850e-01 1.228933048e+01 9.546552327e-01
1.286573146e+03 1.378567507e-01 1.231130998e+01 9.457328552e-01
1.292585170e+03 1.354984350e-01 1.233314078e+01 9.368501439e-01
1.298597194e+03 1.331735258e-01 1.235482291e+01 9.280075408e-01
1.304609218e+03 1.308817109e-01 1.237635636e+01 9.192054858e-01
1.310621242e+03 1.286226770e-01 1.239774119e+01 9.104444050e-01
1.316633267e+03 1.263961105e-01 1.241897743e+01 9.017247233e-01
1.322645291e+03 1.242016971e-01 1.244006514e+01 8.930468515e-01
1.328657315e+03 1.220391230e-01 1.246100439e+01 8.844111996e-01
1.334669339e+03 1.199080737e-01 1.248179528e+01 8.758181628e-01
1.340681363e+03 1.178082351e-01 1.250243788e+01 8.672681354e-01
1.346693387e+03 1.157392930e-01 1.252293231e+01 8.587614972e-01
1.352705411e+03 1.137009330e-01 1.254327869e+01 8.502986266e-01
1.358717435e+03 1.116928409e-01 1.256347715e+01 8.418798873e-01
1.364729459e+03 1.097147024e-01 1.258352783e+01 8.335056413e-01
1.370741483e+03 1.077662039e-01 1.260343090e+01 8.251762366e-01
1.376753507e+03 1.058470316e-01 1.262318652e+01 8.168920180e-01
1.382765531e+03 1.039568729e-01 1.264279487e+01 8.086533179e-01
1.388777555e+03 1.020954153e-01 1.266225614e+01 8.004604622e-01
1.394789579e+03 1.002623472e-01 1.268157055e+01 7.923137662e-01
1.400801603e+03 9.845735698e-02 1.270073828e+01 7.842135461e-01
1.406813627e+03 9.668013410e-02 1.271975959e+01 7.761600943e-01
1.412825651e+03 9.493036785e-02 1.273863470e+01 7.681537101e-01
1.418837675e+03 9.320774913e-02 1.275736387e+01 7.601946718e-01
1.424849699e+03 9.151196894e-02 1.277594735e+01 7.522832562e-01
1.430861723e+03 8.984271957e-02 1.279438543e+01 7.444197315e-01
1.436873747e+03 8.819969535e-02 1.281267838e+01 7.366043499e-01
1.442885772e+03 8.658259005e-02 1.283082649e+01 7.288373681e-01
1.448897796e+03 8.499110056e-02 1.284883007e+01 7.211190191e-01
1.454909820e+03 8.342492320e-02 1.286668943e+01 7.134495401e-01
1.460921844e+03 8.188375661e-02 1.288440491e+01 7.058291485e-01
1.466933868e+03 8.036729934e-02 1.290197682e+01 6.982580625e-01
1.472945892e+03 7.887525209e-02 1.291940553e+01 6.907364845e-01
1.478957916e+03 7.740731620e-02 1.293669139e+01 6.832646119e-01
1.484969940e+03 7.596319471e-02 1.295383476e+01 6.758426331e-01
1.490981964e+03 7.454259266e-02 1.297083603e+01 6.684707246e-01
1.496993988e+03 7.314521554e-02 1.298769557e+01 6.611490608e-01
1.503006012e+03 7.177077222e-02 1.300441379e+01 6.538777979e-01
1.509018036e+03 7.041897096e-02 1.302099110e+01 6.466570947e-01
1.515030060e+03 6.908952376e-02 1.303742790e+01 6.394870889e-01
1.521042084e+03 6.778214252e-02 1.305372463e+01 6.323679185e-01
1.527054108e+03 6.649654051e-02 1.306988171e+01 6.252997145e-01
1.533066132e+03 6.523243422e-02 1.308589960e+01 6.182825901e-01
1.539078156e+03 6.398954051e-02 1.310177873e+01 6.113166594e-01
1.545090180e+03 6.276757933e-02 1.311751959e+01 6.044020205e-01
1.551102204e+03 6.156627251e-02 1.313312264e+01 5.975387624e-01
1.557114228e+03 6.038534260e-02 1.314858836e+01 5.907269716e-01
1.563126253e+03 5.922451456e-02 1.316391724e+01 5.839667228e-01
1.569138277e+03 5.808351560e-02 1.317910979e+01 5.772580813e-01
1.575150301e+03 5.696207511e-02 1.319416650e+01 5.706011067e-01
1.581162325e+03 5.585992452e-02 1.320908788e+01 5.639958488e-01
1.587174349e+03 5.477679727e-02 1.322387446e+01 5.574423493e-01
1.593186373e+03 5.371242870e-02 1.323852675e+01 5.509406423e-01
1.599198397e+03 5.266655366e-02 1.325304528e+01 5.444907654e-01
1.605210421e+03 5.163891807e-02 1.326743063e+01 5.380927014e-01
1.611222445e+03 5.062925544e-02 1.328168334e+01 5.317464914e-01
1.617234469e+03 4.963730959e-02 1.329580398e+01 5.254521287e-01
1.623246493e+03 4.866282528e-02 1.330979313e+01 5.192096038e-01
1.629258517e+03 4.770555237e-02 1.332365135e+01 5.130189029e-01
1.635270541e+03 4.676524260e-02 1.333737921e+01 5.068800049e-01
1.641282565e+03 4.584164769e-02 1.335097731e+01 5.007928800e-01
1.647294589e+03 4.493452112e-02 1.336444623e+01 4.947574901e-01
1.653306613e+03 4.404361967e-02 1.337778660e+01 4.887737902e-01
1.659318637e+03 4.316870252e-02 1.339099900e+01 4.828417277e-01
1.665330661e+03 4.230953097e-02 1.340408407e+01 4.769612425e-01
1.671342685e+03 4.146586814e-02 1.341704242e+01 4.711322680e-01
1.677354709e+03 4.063748009e-02 1.342987468e+01 4.653547291e-01
1.683366733e+03 3.982413484e-02 1.344258148e+01 4.596285447e-01
1.689378758e+03 3.902560264e-02 1.345516346e+01 4.539536267e-01
1.695390782e+03 3.824165619e-02 1.346762127e+01 4.483298796e-01
1.701402806e+03 3.747207036e-02 1.347995556e+01 4.427572020e-01
1.707414830e+03 3.671662293e-02 1.349216699e+01 4.372354832e-01
1.713426854e+03 3.597509387e-02 1.350425623e+01 4.317646064e-01
1.719438878e+03 3.524726485e-02 1.351622393e+01 4.263444511e-01
1.725450902e+03 3.453292028e-02 1.352807078e+01 4.209748882e-01
1.731462926e+03 3.383184694e-02 1.353979744e+01 4.156557825e-01
1.737474950e+03 3.314383416e-02 1.355140460e+01 4.103869931e-01
1.743486974e+03 3.246867359e-02 1.356289294e+01 4.051683725e-01
1.749498998e+03 3.180615622e-02 1.357426314e+01 3.999997748e-01
1.755511022e+03 3.115608699e-02 1.358551592e+01 3.948810194e-01
1.761523046e+03 3.051825651e-02 1.359665195e+01 3.898119619e-01
1.767535070e+03 2.989246774e-02 1.360767195e+01 3.847924259e-01
1.773547094e+03 2.927852358e-02 1.361857665e+01 3.798222338e-01
1.779559118e+03 2.867622964e-02 1.362936674e+01 3.749012035e-01
1.785571142e+03 2.808539405e-02 1.364004294e+01 3.700291485e-01
1.791583166e+03 2.750582723e-02 1.365060595e+01 3.652058765e-01
1.797595190e+03 2.693734177e-02 1.366105651e+01 3.604311897e-01
1.803607214e+03 2.637975258e-02 1.367139534e+01 3.557048852e-01
1.809619238e+03 2.583287691e-02 1.368162317e+01 3.510267555e-01
1.815631263e+03 2.529653431e-02 1.369174073e+01 3.463965885e-01
1.821643287e+03 2.477054670e-02 1.370174875e+01 3.418141670e-01
1.827655311e+03 2.425473820e-02 1.371164797e+01 3.372792693e-01
1.833667335e+03 2.374893530e-02 1.372143912e+01 3.327916695e-01
1.839679359e+03 2.325296657e-02 1.373112295e+01 3.283511372e-01
1.845691383e+03 2.276666304e-02 1.374070020e+01 3.239574374e-01
1.851703407e+03 2.228985766e-02 1.375017162e+01 3.196103319e-01
1.857715431e+03 2.182238593e-02 1.375953796e+01 3.153095778e-01
1.863727455e+03 2.136408606e-02 1.376879996e+01 3.110549268e-01
1.869739479e+03 2.091479781e-02 1.377795839e+01 3.068461290e-01
1.875751503e+03 2.047436316e-02 1.378701398e+01 3.026829307e-01
1.881763527e+03 2.004262653e-02 1.379596750e+01 2.985650737e-01
1.887775551e+03 1.961943445e-02 1.380481969e+01 2.944922972e-01
1.893787575e+03 1.920463569e-02 1.381357132e+01 2.904643366e-01
1.899799599e+03 1.879807708e-02 1.382222314e+01 2.864809301e-01
1.905811623e+03 1.839962317e-02 1.383077591e+01 2.825417893e-01
1.911823647e+03 1.800911825e-02 1.383923039e+01 2.786466566e-01
1.917835671e+03 1.762642167e-02 1.384758734e+01 2.747952513e-01
1.923847695e+03 1.725139267e-02 1.385584754e+01 2.709872929e-01
1.929859719e+03 1.688389263e-02 1.386401174e+01 2.672224991e-01
1.935871743e+03 1.652378552e-02 1.387208069e+01 2.635005857e-01
1.941883768e+03 1.617093682e-02 1.388005517e+01 2.598212654e-01
1.947895792e+03 1.582521363e-02 1.388793592e+01 2.561842487e-01
1.953907816e+03 1.548648519e-02 1.389572373e+01 2.525892437e-01
1.959919840e+03 1.515462303e-02 1.390341934e+01 2.490359564e-01
1.965931864e+03 1.482950048e-02 1.391102352e+01 2.455240910e-01
1.971943888e+03 1.451099296e-02 1.391853703e+01 2.420533494e-01
1.977955912e+03 1.419897870e-02 1.392596063e+01 2.386234310e-01
1.983967936e+03 1.389333541e-02 1.393329509e+01 2.352340357e-01
1.989979960e+03 1.359394398e-02 1.394054116e+01 2.318848606e-01
1.995991984e+03 1.330068845e-02 1.394769960e+01 2.285756000e-01
2.002004008e+03 1.301345169e-02 1.395477117e+01 2.253059495e-01
2.008016032e+03 1.273212219e-02 1.396175663e+01 2.220756003e-01
2.014028056e+03 1.245658697e-02 1.396865673e+01 2.188842446e-01
2.020040080e+03 1.218673655e-02 1.397547223e+01 2.157315725e-01
2.026052104e+03 1.192246359e-02 1.398220389e+01 2.126172727e-01
2.032064128e+03 1.166366027e-02 1.398885245e+01 2.095410344e-01
2.038076152e+03 1.141022423e-02 1.399541867e+01 2.065025438e-01
2.044088176e+03 1.116205104e-02 1.400190329e+01 2.035014882e-01
2.050100200e+03 1.091903933e-02 1.400830706e+01 2.005375538e-01
2.056112224e+03 1.068109136e-02 1.401463073e+01 1.976104250e-01
2.062124248e+03 1.044810720e-02 1.402087504e+01 1.947197875e-01
2.068136273e+03 1.021999224e-02 1.402704073e+01 1.918653250e-01
2.074148297e+03 9.996651934e-03 1.403312854e+01 1.890467215e-01
2.080160321e+03 9.777991680e-03 1.403913922e+01 1.862636611e-01
2.086172345e+03 9.563922363e-03 1.404507349e+01 1.835158267e-01
2.092184369e+03 9.354352835e-03 1.405093209e+01 1.808029019e-01
2.098196393e+03 9.149194529e-03 1.405671575e+01 1.781245701e-01
2.104208417e+03 8.948362281e-03 1.406242520e+01 1.754805145e-01
2.110220441e+03 8.751768983e-03 1.406806115e+01 1.728704186e-01
2.116232465e+03 8.559332352e-03 1.407362434e+01 1.702939662e-01
2.122244489e+03 8.370969959e-03 1.407911548e+01 1.677508411e-01
2.128256513e+03 8.186599703e-03 1.408453529e+01 1.652407273e-01
2.134268537e+03 8.006144104e-03 1.408988449e+01 1.627633099e-01
2.140280561e+03 7.829523744e-03 1.409516378e+01 1.603182734e-01
2.146292585e+03 7.656662278e-03 1.410037388e+01 1.579053034e-01
2.152304609e+03 7.487485320e-03 1.410551549e+01 1.555240865e-01
2.158316633e+03 7.321917324e-03 1.411058932e+01 1.531743086e-01
2.164328657e+03 7.159887464e-03 1.411559605e+01 1.508556582e-01
2.170340681e+03 7.001323922e-03 1.412053639e+01 1.485678233e-01
2.176352705e+03 6.846155240e-03 1.412541102e+01 1.463104921e-01
2.182364729e+03 6.694314875e-03 1.413022064e+01 1.440833560e-01
2.188376754e+03 6.545734368e-03 1.413496593e+01 1.418861050e-01
2.194388778e+03 6.400346675e-03 1.413964758e+01 1.397184306e-01
2.200400802e+03 6.258088744e-03 1.414426625e+01 1.375800270e-01
2.206412826e+03 6.118895358e-03 1.414882264e+01 1.354705871e-01
2.212424850e+03 5.982703855e-03 1.415331740e+01 1.333898058e-01
2.218436874e+03 5.849454129e-03 1.415775120e+01 1.313373809e-01
2.224448898e+03 5.719084228e-03 1.416212471e+01 1.293130080e-01
2.230460922e+03 5.591535697e-03 1.416643859e+01 1.273163869e-01
2.236472946e+03 5.466751014e-03 1.417069349e+01 1.253472185e-01
2.242484970e+03 5.344671656e-03 1.417489006e+01 1.234052025e-01
2.248496994e+03 5.225243103e-03 1.417902895e+01 1.214900435e-01
2.254509018e+03 5.108410320e-03 1.418311080e+01 1.196014457e-01
2.260521042e+03 4.994118305e-03 1.418713626e+01 1.177391133e-01
2.266533066e+03 4.882315977e-03 1.419110595e+01 1.159027559e-01
2.272545090e+03 4.772950848e-03 1.419502051e+01 1.140920814e-01
2.278557114e+03 4.665971517e-03 1.419888056e+01 1.123067992e-01
2.284569138e+03 4.561329684e-03 1.420268674e+01 1.105466239e-01
2.290581162e+03 4.458975371e-03 1.420643965e+01 1.088112671e-01
2.296593186e+03 4.358860989e-03 1.421013992e+01 1.071004450e-01
2.302605210e+03 4.260940617e-03 1.421378815e+01 1.054138768e-01
2.308617234e+03 4.165166741e-03 1.421738494e+01 1.037512789e-01
2.314629259e+03 4.071493657e-03 1.422093090e+01 1.021123709e-01
2.320641283e+03 3.979878934e-03 1.422442662e+01 1.004968794e-01
2.326653307e+03 3.890278022e-03 1.422787270e+01 9.890452630e-02
2.332665331e+03 3.802647303e-03 1.423126973e+01 9.733503577e-02
2.338677355e+03 3.716947047e-03 1.423461828e+01 9.578814009e-02
2.344689379e+03 3.633135675e-03 1.423791894e+01 9.426356761e-02
2.350701403e+03 3.551171808e-03 1.424117228e+01 9.276104722e-02
2.356713427e+03 3.471018024e-03 1.424437888e+01 9.128031674e-02
2.362725451e+03 3.392635723e-03 1.424753929e+01 8.982111134e-02
2.368737475e+03 3.315985877e-03 1.425065410e+01 8.838316526e-02
2.374749499e+03 3.241032811e-03 1.425372383e+01 8.696622145e-02
2.380761523e+03 3.167740674e-03 1.425674906e+01 8.557002238e-02
2.386773547e+03 3.096072741e-03 1.425973032e+01 8.419430828e-02
2.392785571e+03 3.025994697e-03 1.426266816e+01 8.283882661e-02
2.398797595e+03 2.957473122e-03 1.426556311e+01 8.150332753e-02
2.404809619e+03 2.890473431e-03 1.426841571e+01 8.018755767e-02
2.410821643e+03 2.824963357e-03 1.427122648e+01 7.889127094e-02
2.416833667e+03 2.760909727e-03 1.427399596e+01 7.761421840e-02
2.422845691e+03 2.698282046e-03 1.427672466e+01 7.635615949e-02
2.428857715e+03 2.637047971e-03 1.427941310e+01 7.511684782e-02
2.434869739e+03 2.577177929e-03 1.428206179e+01 7.389604554e-02
2.440881764e+03 2.518642388e-03 1.428467124e+01 7.269351497e-02
2.446893788e+03 2.461412774e-03 1.428724194e+01 7.150902139e-02
2.452905812e+03 2.405461865e-03 1.428977440e+01 7.034233298e-02
2.458917836e+03 2.350766224e-03 1.429226912e+01 6.919321766e-02
2.464929860e+03 2.297294745e-03 1.429472657e+01 6.806144568e-02
2.470941884e+03 2.245017708e-03 1.429714723e+01 6.694678987e-02
2.476953908e+03 2.193911649e-03 1.429953158e+01 6.584902545e-02
2.482965932e+03 2.143951402e-03 1.430188009e+01 6.476792976e-02
2.488977956e+03 2.095110743e-03 1.430419324e+01 6.370328194e-02
2.494989980e+03 2.047365610e-03 1.430647149e+01 6.265486346e-02
2.501002004e+03 2.000692547e-03 1.430871530e+01 6.162245794e-02
2.507014028e+03 1.955067882e-03 1.431092513e+01 6.060585107e-02
2.513026052e+03 1.910468544e-03 1.431310142e+01 5.960483069e-02
2.519038076e+03 1.866872117e-03 1.431524463e+01 5.861918674e-02
2.525050100e+03 1.824256634e-03 1.431735520e+01 5.764871128e-02
2.531062124e+03 1.782600524e-03 1.431943355e+01 5.669319854e-02
2.537074148e+03 1.741882693e-03 1.432148013e+01 5.575244489e-02
2.543086172e+03 1.702082547e-03 1.432349537e+01 5.482624914e-02
2.549098196e+03 1.663179778e-03 1.432547968e+01 5.391441134e-02
2.555110220e+03 1.625154567e-03 1.432743349e+01 5.301673383e-02
2.561122244e+03 1.587987621e-03 1.432935722e+01 5.213302134e-02
2.567134269e+03 1.551659900e-03 1.433125127e+01 5.126308042e-02
2.573146293e+03 1.516152844e-03 1.433311605e+01 5.040671994e-02
2.579158317e+03 1.481448452e-03 1.433495196e+01 4.956375129e-02
2.585170341e+03 1.447529204e-03 1.433675941e+01 4.873398817e-02
2.591182365e+03 1.414377751e-03 1.433853877e+01 4.791724577e-02
2.597194389e+03 1.381976827e-03 1.434029045e+01 4.711334051e-02
2.603206413e+03 1.350309806e-03 1.434201482e+01 4.632209157e-02
2.609218437e+03 1.319360447e-03 1.434371227e+01 4.554332022e-02
2.615230461e+03 1.289112833e-03 1.434538318e+01 4.477684970e-02
2.621242485e+03 1.259551157e-03 1.434702791e+01 4.402250510e-02
2.627254509e+03 1.230660064e-03 1.434864683e+01 4.328011360e-02
2.633266533e+03 1.202424561e-03 1.435024031e+01 4.254950445e-02
2.639278557e+03 1.174826692e-03 1.435180875e+01 4.183048785e-02
2.645290581e+03 1.147860791e-03 1.435335238e+01 4.112295331e-02
2.651302605e+03 1.121505738e-03 1.435487166e+01 4.042669139e-02
2.657314629e+03 1.095748487e-03 1.435636691e+01 3.974154411e-02
2.663326653e+03 1.070575992e-03 1.435783847e+01 3.906735347e-02
2.669338677e+03 1.045976053e-03 1.435928668e+01 3.840396181e-02
2.675350701e+03 1.021937267e-03 1.436071189e+01 3.775121214e-02
2.681362725e+03 9.984465401e-04 1.436211441e+01 3.710894892e-02
2.687374749e+03 9.754909017e-04 1.436349457e+01 3.647701862e-02
2.693386774e+03 9.530580190e-04 1.436485271e+01 3.585526958e-02
2.699398798e+03 9.311364626e-04 1.436618913e+01 3.524355213e-02
2.705410822e+03 9.097149442e-04 1.436750416e+01 3.464171854e-02
2.711422846e+03 8.887820701e-04 1.436879810e+01 3.404962278e-02
2.717434870e+03 8.683267855e-04 1.437007127e+01 3.346712064e-02
2.723446894e+03 8.483384213e-04 1.437132396e+01 3.289407001e-02
2.729458918e+03 8.288067070e-04 1.437255647e+01 3.233033195e-02
2.735470942e+03 8.097212376e-04 1.437376911e+01 3.177576647e-02
2.741482966e+03 7.910716224e-04 1.437496216e+01 3.123023372e-02
2.747494990e+03 7.728483820e-04 1.437613593e+01 3.069360137e-02
2.753507014e+03 7.550418966e-04 1.437729068e+01 3.016573594e-02
2.759519038e+03 7.376423745e-04 1.437842670e+01 2.964650254e-02
2.765531062e+03 7.206408459e-04 1.437954428e+01 2.913577313e-02
2.771543086e+03 7.040284214e-04 1.438064369e+01 2.863342034e-02
2.777555110e+03 6.877967506e-04 1.438172518e+01 2.813932098e-02
2.783567134e+03 6.719350817e-04 1.438278907e+01 2.765333277e-02
2.789579158e+03 6.564372316e-04 1.438383557e+01 2.717534973e-02
2.795591182e+03 6.412943581e-04 1.438486497e+01 2.670524476e-02
2.801603206e+03 6.264981430e-04 1.438587753e+01 2.624289517e-02
2.807615230e+03 6.120409132e-04 1.438687349e+01 2.578818378e-02
2.813627255e+03 5.979149916e-04 1.438785310e+01 2.534099319e-02
2.819639279e+03 5.841129936e-04 1.438881663e+01 2.490120838e-02
2.825651303e+03 5.706278273e-04 1.438976430e+01 2.446871675e-02
2.831663327e+03 5.574522558e-04 1.439069635e+01 2.404340499e-02
2.837675351e+03 5.445791638e-04 1.439161304e+01 2.362516096e-02
2.843687375e+03 5.320018504e-04 1.439251460e+01 2.321387580e-02
2.849699399e+03 5.197138328e-04 1.439340124e+01 2.280944251e-02
2.855711423e+03 5.077088175e-04 1.439427321e+01 2.241175581e-02
2.861723447e+03 4.959802532e-04 1.439513072e+01 2.202070964e-02
2.867735471e+03 4.845218202e-04 1.439597401e+01 2.163619989e-02
2.873747495e+03 4.733274535e-04 1.439680329e+01 2.125812452e-02
2.879759519e+03 4.623912373e-04 1.439761877e+01 2.088638298e-02
2.885771543e+03 4.517066470e-04 1.439842068e+01 2.052087602e-02
2.891783567e+03 4.412596885e-04 1.439920922e+01 2.016150398e-02
2.897795591e+03 4.310488386e-04 1.439998460e+01 1.980817096e-02
2.903807615e+03 4.210787063e-04 1.440074703e+01 1.946078369e-02
2.909819639e+03 4.113412461e-04 1.440149670e+01 1.911924781e-02
2.915831663e+03 4.018247256e-04 1.440223382e+01 1.878346961e-02
2.921843687e+03 3.925271247e-04 1.440295858e+01 1.845335847e-02
2.927855711e+03 3.834457350e-04 1.440367118e+01 1.812882490e-02
2.933867735e+03 3.745738578e-04 1.440437180e+01 1.780977993e-02
2.939879760e+03 3.659056705e-04 1.440506065e+01 1.749613598e-02
2.945891784e+03 3.574370957e-04 1.440573789e+01 1.718780705e-02
2.951903808e+03 3.491639210e-04 1.440640372e+01 1.688470833e-02
2.957915832e+03 3.410814506e-04 1.440705832e+01 1.658675613e-02
2.963927856e+03 3.331852115e-04 1.440770186e+01 1.629386799e-02
2.969939880e+03 3.254710188e-04 1.440833452e+01 1.600596268e-02
2.975951904e+03 3.179347255e-04 1.440895648e+01 1.572296014e-02
2.981963928e+03 3.105722320e-04 1.440956790e+01 1.544478148e-02
2.987975952e+03 3.033795516e-04 1.441016894e+01 1.517134896e-02
2.993987976e+03 2.963528023e-04 1.441075979e+01 1.490258600e-02
3.000000000e+03 2.894881796e-04 1.441134059e+01 1.463841706e-02
