time            A               B               Y               OA              OB              OY             
0.000000000e+00 3.000000000e+00 8.000000000e+00 5.000000000e+00 3.000000000e+00 8.000000000e+00 5.000000000e+00
1.402805611e+01 2.458454356e+00 7.218790455e+00 4.907179163e+00 2.987333598e+00 8.022492324e+00 4.990174078e+00
2.805611222e+01 2.436221471e+00 7.235060453e+00 4.856699415e+00 2.974585588e+00 8.045080326e+00 4.980334086e+00
4.208416834e+01 2.420989121e+00 7.274541603e+00 4.819745759e+00 2.961757011e+00 8.067765205e+00 4.970477784e+00
5.611222445e+01 2.407038751e+00 7.319271648e+00 4.786328709e+00 2.948848905e+00 8.090548132e+00 4.960602963e+00
7.014028056e+01 2.393096462e+00 7.365109140e+00 4.754162139e+00 2.935862307e+00 8.113430252e+00 4.950707440e+00
8.416833667e+01 2.378887695e+00 7.411111655e+00 4.722709971e+00 2.922798256e+00 8.136412684e+00 4.940789060e+00
9.819639279e+01 2.364360132e+00 7.457071759e+00 4.691830189e+00 2.909657786e+00 8.159496521e+00 4.930845693e+00
1.122244489e+02 2.349510880e+00 7.502950969e+00 4.661469842e+00 2.896441935e+00 8.182682827e+00 4.920875238e+00
1.262525050e+02 2.334347843e+00 7.548749512e+00 4.631596542e+00 2.883151738e+00 8.205972642e+00 4.910875620e+00
1.402805611e+02 2.318881192e+00 7.594476285e+00 4.602183000e+00 2.869788231e+00 8.229366978e+00 4.900844791e+00
1.543086172e+02 2.303121452e+00 7.640141936e+00 4.573203628e+00 2.856352454e+00 8.252866820e+00 4.890780726e+00
1.683366733e+02 2.287079075e+00 7.685757212e+00 4.544633743e+00 2.842845444e+00 8.276473126e+00 4.880681430e+00
1.823647295e+02 2.270764352e+00 7.731332604e+00 4.516449352e+00 2.829268241e+00 8.300186828e+00 4.870544931e+00
1.963927856e+02 2.254187397e+00 7.776878250e+00 4.488627143e+00 2.815621888e+00 8.324008830e+00 4.860369282e+00
2.104208417e+02 2.237358136e+00 7.822403899e+00 4.461144484e+00 2.801907429e+00 8.347940009e+00 4.850152562e+00
2.244488978e+02 2.220286304e+00 7.867918890e+00 4.433979455e+00 2.788125910e+00 8.371981211e+00 4.839892879e+00
2.384769539e+02 2.202981466e+00 7.913432185e+00 4.407110751e+00 2.774278381e+00 8.396133257e+00 4.829588362e+00
2.525050100e+02 2.185453026e+00 7.958952368e+00 4.380517707e+00 2.760365894e+00 8.420396939e+00 4.819237167e+00
2.665330661e+02 2.167710215e+00 8.004487635e+00 4.354180297e+00 2.746389503e+00 8.444773022e+00 4.808837474e+00
2.805611222e+02 2.149762102e+00 8.050045789e+00 4.328079135e+00 2.732350269e+00 8.469262243e+00 4.798387488e+00
2.945891784e+02 2.131617598e+00 8.095634246e+00 4.302195469e+00 2.718249253e+00 8.493865308e+00 4.787885439e+00
3.086172345e+02 2.113285462e+00 8.141260034e+00 4.276511160e+00 2.704087524e+00 8.518582896e+00 4.777329580e+00
3.226452906e+02 2.094774304e+00 8.186929795e+00 4.251008679e+00 2.689866150e+00 8.543415656e+00 4.766718193e+00
3.366733467e+02 2.076092591e+00 8.232649790e+00 4.225671094e+00 2.675586210e+00 8.568364209e+00 4.756049581e+00
3.507014028e+02 2.057248647e+00 8.278425899e+00 4.200482073e+00 2.661248782e+00 8.593429144e+00 4.745322073e+00
3.647294589e+02 2.038250666e+00 8.324263623e+00 4.175425859e+00 2.646854953e+00 8.618611025e+00 4.734534022e+00
3.787575150e+02 2.019106712e+00 8.370168088e+00 4.150487266e+00 2.632405812e+00 8.643910381e+00 4.723683806e+00
3.927855711e+02 1.999824722e+00 8.416144050e+00 4.125651671e+00 2.617902457e+00 8.669327715e+00 4.712769828e+00
4.068136273e+02 1.980412515e+00 8.462195892e+00 4.100905005e+00 2.603345988e+00 8.694863496e+00 4.701790515e+00
4.208416834e+02 1.960877789e+00 8.508327631e+00 4.076233744e+00 2.588737515e+00 8.720518166e+00 4.690744320e+00
4.348697395e+02 1.941228130e+00 8.554542920e+00 4.051624900e+00 2.574078149e+00 8.746292132e+00 4.679629718e+00
4.488977956e+02 1.921471014e+00 8.600845052e+00 4.027066014e+00 2.559369012e+00 8.772185775e+00 4.668445213e+00
4.629258517e+02 1.901613810e+00 8.647236962e+00 4.002545142e+00 2.544611229e+00 8.798199440e+00 4.657189331e+00
4.769539078e+02 1.881663785e+00 8.693721231e+00 3.978050851e+00 2.529805934e+00 8.824333444e+00 4.645860623e+00
4.909819639e+02 1.861628106e+00 8.740300094e+00 3.953572203e+00 2.514954264e+00 8.850588068e+00 4.634457667e+00
5.050100200e+02 1.841513847e+00 8.786975435e+00 3.929098755e+00 2.500057368e+00 8.876963566e+00 4.622979065e+00
5.190380762e+02 1.821327984e+00 8.833748801e+00 3.904620545e+00 2.485116399e+00 8.903460156e+00 4.611423446e+00
5.330661323e+02 1.801077410e+00 8.880621396e+00 3.880128081e+00 2.470132515e+00 8.930078024e+00 4.599789461e+00
5.470941884e+02 1.780768925e+00 8.927594092e+00 3.855612342e+00 2.455106886e+00 8.956817323e+00 4.588075791e+00
5.611222445e+02 1.760409243e+00 8.974667432e+00 3.831064763e+00 2.440040687e+00 8.983678174e+00 4.576281139e+00
5.751503006e+02 1.740005002e+00 9.021841630e+00 3.806477227e+00 2.424935098e+00 9.010660664e+00 4.564404238e+00
5.891783567e+02 1.719562748e+00 9.069116579e+00 3.781842064e+00 2.409791311e+00 9.037764845e+00 4.552443844e+00
6.032064128e+02 1.699088955e+00 9.116491854e+00 3.757152038e+00 2.394610523e+00 9.064990736e+00 4.540398741e+00
6.172344689e+02 1.678590019e+00 9.163966716e+00 3.732400337e+00 2.379393939e+00 9.092338321e+00 4.528267740e+00
6.312625251e+02 1.658072253e+00 9.211540117e+00 3.707580579e+00 2.364142771e+00 9.119807552e+00 4.516049677e+00
6.452905812e+02 1.637541903e+00 9.259210704e+00 3.682686787e+00 2.348858240e+00 9.147398343e+00 4.503743418e+00
6.593186373e+02 1.617005133e+00 9.306976823e+00 3.657713398e+00 2.333541574e+00 9.175110573e+00 4.491347853e+00
6.733466934e+02 1.596468038e+00 9.354836527e+00 3.632655245e+00 2.318194009e+00 9.202944088e+00 4.478861903e+00
6.873747495e+02 1.575936640e+00 9.402787574e+00 3.607507559e+00 2.302816790e+00 9.230898696e+00 4.466284514e+00
7.014028056e+02 1.555416886e+00 9.450827439e+00 3.582265957e+00 2.287411167e+00 9.258974170e+00 4.453614663e+00
7.154308617e+02 1.534914654e+00 9.498953314e+00 3.556926437e+00 2.271978401e+00 9.287170248e+00 4.440851352e+00
7.294589178e+02 1.514435747e+00 9.547162117e+00 3.531485374e+00 2.256519758e+00 9.315486628e+00 4.427993614e+00
7.434869739e+02 1.493985897e+00 9.595450492e+00 3.505939513e+00 2.241036513e+00 9.343922975e+00 4.415040512e+00
7.575150301e+02 1.473570767e+00 9.643814819e+00 3.480285960e+00 2.225529950e+00 9.372478915e+00 4.401991135e+00
7.715430862e+02 1.453195940e+00 9.692251217e+00 3.454522183e+00 2.210001359e+00 9.401154037e+00 4.388844605e+00
7.855711423e+02 1.432866933e+00 9.740755550e+00 3.428645997e+00 2.194452037e+00 9.429947892e+00 4.375600071e+00
7.995991984e+02 1.412589185e+00 9.789323433e+00 3.402655566e+00 2.178883291e+00 9.458859995e+00 4.362256714e+00
8.136272545e+02 1.392368062e+00 9.837950237e+00 3.376549395e+00 2.163296433e+00 9.487889821e+00 4.348813746e+00
8.276553106e+02 1.372208855e+00 9.886631094e+00 3.350326323e+00 2.147692784e+00 9.517036808e+00 4.335270408e+00
8.416833667e+02 1.352116775e+00 9.935360908e+00 3.323985516e+00 2.132073671e+00 9.546300355e+00 4.321625973e+00
8.557114228e+02 1.332096961e+00 9.984134354e+00 3.297526467e+00 2.116440430e+00 9.575679822e+00 4.307879748e+00
8.697394790e+02 1.312154471e+00 1.003294589e+01 3.270948983e+00 2.100794402e+00 9.605174531e+00 4.294031067e+00
8.837675351e+02 1.292294279e+00 1.008178976e+01 3.244253185e+00 2.085136935e+00 9.634783764e+00 4.280079301e+00
8.977955912e+02 1.272521283e+00 1.013066000e+01 3.217439498e+00 2.069469386e+00 9.664506763e+00 4.266023851e+00
9.118236473e+02 1.252840295e+00 1.017955045e+01 3.190508649e+00 2.053793115e+00 9.694342734e+00 4.251864151e+00
9.258517034e+02 1.233256043e+00 1.022845476e+01 3.163461657e+00 2.038109491e+00 9.724290838e+00 4.237599670e+00
9.398797595e+02 1.213773171e+00 1.027736638e+01 3.136299833e+00 2.022419889e+00 9.754350201e+00 4.223229909e+00
9.539078156e+02 1.194396230e+00 1.032627861e+01 3.109024765e+00 2.006725690e+00 9.784519906e+00 4.208754404e+00
9.679358717e+02 1.175129688e+00 1.037518456e+01 3.081638320e+00 1.991028278e+00 9.814798997e+00 4.194172725e+00
9.819639279e+02 1.155977919e+00 1.042407717e+01 3.054142636e+00 1.975329047e+00 9.845186477e+00 4.179484475e+00
9.959919840e+02 1.136945202e+00 1.047294924e+01 3.026540110e+00 1.959629393e+00 9.875681310e+00 4.164689297e+00
1.010020040e+03 1.118035724e+00 1.052179341e+01 2.998833401e+00 1.943930719e+00 9.906282418e+00 4.149786863e+00
1.024048096e+03 1.099253576e+00 1.057060220e+01 2.971025417e+00 1.928234431e+00 9.936988682e+00 4.134776887e+00
1.038076152e+03 1.080602748e+00 1.061936797e+01 2.943119305e+00 1.912541942e+00 9.967798944e+00 4.119659114e+00
1.052104208e+03 1.062087132e+00 1.066808299e+01 2.915118456e+00 1.896854667e+00 9.998712004e+00 4.104433329e+00
1.066132265e+03 1.043710517e+00 1.071673938e+01 2.887026488e+00 1.881174027e+00 1.002972662e+01 4.089099352e+00
1.080160321e+03 1.025476589e+00 1.076532919e+01 2.858847238e+00 1.865501444e+00 1.006084152e+01 4.073657041e+00
1.094188377e+03 1.007388930e+00 1.081384434e+01 2.830584767e+00 1.849838346e+00 1.009205536e+01 4.058106291e+00
1.108216433e+03 9.894510129e-01 1.086227668e+01 2.802243337e+00 1.834186164e+00 1.012336680e+01 4.042447035e+00
1.122244489e+03 9.716662039e-01 1.091061797e+01 2.773827413e+00 1.818546330e+00 1.015477443e+01 4.026679245e+00
1.136272545e+03 9.540377576e-01 1.095885992e+01 2.745341655e+00 1.802920279e+00 1.018627679e+01 4.010802930e+00
1.150300601e+03 9.365688186e-01 1.100699414e+01 2.716790908e+00 1.787309450e+00 1.021787241e+01 3.994818138e+00
1.164328657e+03 9.192624191e-01 1.105501222e+01 2.688180192e+00 1.771715281e+00 1.024955976e+01 3.978724957e+00
1.178356713e+03 9.021214752e-01 1.110290570e+01 2.659514703e+00 1.756139213e+00 1.028133727e+01 3.962523515e+00
1.192384770e+03 8.851487885e-01 1.115066608e+01 2.630799793e+00 1.740582688e+00 1.031320334e+01 3.946213976e+00
1.206412826e+03 8.683470434e-01 1.119828483e+01 2.602040966e+00 1.725047148e+00 1.034515630e+01 3.929796549e+00
1.220440882e+03 8.517188046e-01 1.124575338e+01 2.573243878e+00 1.709534036e+00 1.037719449e+01 3.913271478e+00
1.234468938e+03 8.352665232e-01 1.129306322e+01 2.544414314e+00 1.694044793e+00 1.040931616e+01 3.896639051e+00
1.248496994e+03 8.189925282e-01 1.134020579e+01 2.515558192e+00 1.678580861e+00 1.044151954e+01 3.879899596e+00
1.262525050e+03 8.028990262e-01 1.138717257e+01 2.486681549e+00 1.663143682e+00 1.047380284e+01 3.863053481e+00
1.276553106e+03 7.869881067e-01 1.143395502e+01 2.457790529e+00 1.647734694e+00 1.050616419e+01 3.846101114e+00
1.290581162e+03 7.712617344e-01 1.148054468e+01 2.428891382e+00 1.632355335e+00 1.053860172e+01 3.829042947e+00
1.304609218e+03 7.557217508e-01 1.152693308e+01 2.399990453e+00 1.617007040e+00 1.057111349e+01 3.811879472e+00
1.318637275e+03 7.403698827e-01 1.157311185e+01 2.371094162e+00 1.601691241e+00 1.060369754e+01 3.794611221e+00
1.332665331e+03 7.252077264e-01 1.161907263e+01 2.342209015e+00 1.586409368e+00 1.063635186e+01 3.777238770e+00
1.346693387e+03 7.102367573e-01 1.166480715e+01 2.313341579e+00 1.571162846e+00 1.066907442e+01 3.759762736e+00
1.360721443e+03 6.954583353e-01 1.171030721e+01 2.284498476e+00 1.555953096e+00 1.070186313e+01 3.742183777e+00
1.374749499e+03 6.808736900e-01 1.175556470e+01 2.255686383e+00 1.540781536e+00 1.073471587e+01 3.724502595e+00
1.388777555e+03 6.664839316e-01 1.180057160e+01 2.226912010e+00 1.525649578e+00 1.076763049e+01 3.706719933e+00
1.402805611e+03 6.522900549e-01 1.184531998e+01 2.198182100e+00 1.510558626e+00 1.080060480e+01 3.688836574e+00
1.416833667e+03 6.382929262e-01 1.188980202e+01 2.169503418e+00 1.495510083e+00 1.083363657e+01 3.670853346e+00
1.430861723e+03 6.244932952e-01 1.193401003e+01 2.140882741e+00 1.480505341e+00 1.086672354e+01 3.652771119e+00
1.444889780e+03 6.108917973e-01 1.197793643e+01 2.112326849e+00 1.465545788e+00 1.089986341e+01 3.634590804e+00
1.458917836e+03 5.974889430e-01 1.202157379e+01 2.083842517e+00 1.450632802e+00 1.093305384e+01 3.616313353e+00
1.472945892e+03 5.842851294e-01 1.206491480e+01 2.055436509e+00 1.435767756e+00 1.096629248e+01 3.597939763e+00
1.486973948e+03 5.712806421e-01 1.210795230e+01 2.027115564e+00 1.420952011e+00 1.099957692e+01 3.579471070e+00
1.501002004e+03 5.584756457e-01 1.215067929e+01 1.998886391e+00 1.406186923e+00 1.103290472e+01 3.560908355e+00
1.515030060e+03 5.458701974e-01 1.219308893e+01 1.970755661e+00 1.391473834e+00 1.106627343e+01 3.542252737e+00
1.529058116e+03 5.334642450e-01 1.223517454e+01 1.942730000e+00 1.376814081e+00 1.109968054e+01 3.523505378e+00
1.543086172e+03 5.212576219e-01 1.227692963e+01 1.914815972e+00 1.362208986e+00 1.113312353e+01 3.504667484e+00
1.557114228e+03 5.092500600e-01 1.231834786e+01 1.887020087e+00 1.347659863e+00 1.116659984e+01 3.485740297e+00
1.571142285e+03 4.974411853e-01 1.235942310e+01 1.859348780e+00 1.333168014e+00 1.120010688e+01 3.466725105e+00
1.585170341e+03 4.858305174e-01 1.240014939e+01 1.831808406e+00 1.318734728e+00 1.123364204e+01 3.447623233e+00
1.599198397e+03 4.744174807e-01 1.244052098e+01 1.804405241e+00 1.304361282e+00 1.126720267e+01 3.428436048e+00
1.613226453e+03 4.632013986e-01 1.248053230e+01 1.777145466e+00 1.290048940e+00 1.130078610e+01 3.409164957e+00
1.627254509e+03 4.521814964e-01 1.252017802e+01 1.750035158e+00 1.275798954e+00 1.133438964e+01 3.389811407e+00
1.641282565e+03 4.413569118e-01 1.255945297e+01 1.723080301e+00 1.261612560e+00 1.136801056e+01 3.370376882e+00
1.655310621e+03 4.307266869e-01 1.259835222e+01 1.696286757e+00 1.247490980e+00 1.140164611e+01 3.350862909e+00
1.669338677e+03 4.202897753e-01 1.263687105e+01 1.669660269e+00 1.233435422e+00 1.143529353e+01 3.331271051e+00
1.683366733e+03 4.100450503e-01 1.267500494e+01 1.643206471e+00 1.219447079e+00 1.146895001e+01 3.311602909e+00
1.697394790e+03 3.999912970e-01 1.271274962e+01 1.616930852e+00 1.205527126e+00 1.150261275e+01 3.291860122e+00
1.711422846e+03 3.901272214e-01 1.275010103e+01 1.590838771e+00 1.191676723e+00 1.153627891e+01 3.272044366e+00
1.725450902e+03 3.804514564e-01 1.278705531e+01 1.564935459e+00 1.177897015e+00 1.156994563e+01 3.252157355e+00
1.739478958e+03 3.709625558e-01 1.282360886e+01 1.539225989e+00 1.164189126e+00 1.160361004e+01 3.232200837e+00
1.753507014e+03 3.616590037e-01 1.285975829e+01 1.513715290e+00 1.150554165e+00 1.163726924e+01 3.212176597e+00
1.767535070e+03 3.525392181e-01 1.289550044e+01 1.488408150e+00 1.136993223e+00 1.167092032e+01 3.192086454e+00
1.781563126e+03 3.436015484e-01 1.293083237e+01 1.463309185e+00 1.123507371e+00 1.170456037e+01 3.171932261e+00
1.795591182e+03 3.348442830e-01 1.296575140e+01 1.438422860e+00 1.110097662e+00 1.173818643e+01 3.151715906e+00
1.809619238e+03 3.262656520e-01 1.300025502e+01 1.413753486e+00 1.096765129e+00 1.177179556e+01 3.131439308e+00
1.823647295e+03 3.178638273e-01 1.303434102e+01 1.389305191e+00 1.083510786e+00 1.180538479e+01 3.111104420e+00
1.837675351e+03 3.096369285e-01 1.306800737e+01 1.365081948e+00 1.070335627e+00 1.183895115e+01 3.090713225e+00
1.851703407e+03 3.015830252e-01 1.310125226e+01 1.341087564e+00 1.057240625e+00 1.187249164e+01 3.070267737e+00
1.865731463e+03 2.937001389e-01 1.313407416e+01 1.317325661e+00 1.044226731e+00 1.190600327e+01 3.049770001e+00
1.879759519e+03 2.859862472e-01 1.316647170e+01 1.293799696e+00 1.031294876e+00 1.193948303e+01 3.029222089e+00
1.893787575e+03 2.784392865e-01 1.319844376e+01 1.270512958e+00 1.018445971e+00 1.197292793e+01 3.008626102e+00
1.907815631e+03 2.710571548e-01 1.322998946e+01 1.247468545e+00 1.005680901e+00 1.200633493e+01 2.987984170e+00
1.921843687e+03 2.638377142e-01 1.326110811e+01 1.224669391e+00 9.930005318e-01 1.203970102e+01 2.967298448e+00
1.935871743e+03 2.567787945e-01 1.329179924e+01 1.202118255e+00 9.804057060e-01 1.207302318e+01 2.946571115e+00
1.949899800e+03 2.498781962e-01 1.332206259e+01 1.179817706e+00 9.678972428e-01 1.210629838e+01 2.925804378e+00
1.963927856e+03 2.431336917e-01 1.335189813e+01 1.157770153e+00 9.554759387e-01 1.213952360e+01 2.905000465e+00
1.977955912e+03 2.365430300e-01 1.338130600e+01 1.135977819e+00 9.431425666e-01 1.217269581e+01 2.884161627e+00
1.991983968e+03 2.301039392e-01 1.341028658e+01 1.114442749e+00 9.308978752e-01 1.220581199e+01 2.863290139e+00
2.006012024e+03 2.238141263e-01 1.343884042e+01 1.093166826e+00 9.187425902e-01 1.223886912e+01 2.842388293e+00
2.020040080e+03 2.176712843e-01 1.346696828e+01 1.072151750e+00 9.066774125e-01 1.227186418e+01 2.821458404e+00
2.034068136e+03 2.116730925e-01 1.349467111e+01 1.051399044e+00 8.947030184e-01 1.230479418e+01 2.800502804e+00
2.048096192e+03 2.058172158e-01 1.352195003e+01 1.030910079e+00 8.828200606e-01 1.233765610e+01 2.779523841e+00
2.062124248e+03 2.001013137e-01 1.354880636e+01 1.010686040e+00 8.710291659e-01 1.237044695e+01 2.758523883e+00
2.076152305e+03 1.945230387e-01 1.357524160e+01 9.907279475e-01 8.593309365e-01 1.240316375e+01 2.737505312e+00
2.090180361e+03 1.890800359e-01 1.360125740e+01 9.710366723e-01 8.477259501e-01 1.243580353e+01 2.716470521e+00
2.104208417e+03 1.837699521e-01 1.362685560e+01 9.516129066e-01 8.362147585e-01 1.246836332e+01 2.695421920e+00
2.118236473e+03 1.785904331e-01 1.365203819e+01 9.324571878e-01 8.247978879e-01 1.250084018e+01 2.674361931e+00
2.132264529e+03 1.735391241e-01 1.367680733e+01 9.135699056e-01 8.134758403e-01 1.253323118e+01 2.653292983e+00
2.146292585e+03 1.686136781e-01 1.370116532e+01 8.949512842e-01 8.022490906e-01 1.256553339e+01 2.632217519e+00
2.160320641e+03 1.638117529e-01 1.372511461e+01 8.766014012e-01 7.911180890e-01 1.259774392e+01 2.611137988e+00
2.174348697e+03 1.591310115e-01 1.374865780e+01 8.585201930e-01 7.800832600e-01 1.262985989e+01 2.590056847e+00
2.188376754e+03 1.545691304e-01 1.377179763e+01 8.407074424e-01 7.691450019e-01 1.266187844e+01 2.568976559e+00
2.202404810e+03 1.501237953e-01 1.379453695e+01 8.231627956e-01 7.583036874e-01 1.269379672e+01 2.547899593e+00
2.216432866e+03 1.457927032e-01 1.381687876e+01 8.058857656e-01 7.475596641e-01 1.272561192e+01 2.526828418e+00
2.230460922e+03 1.415735689e-01 1.383882617e+01 7.888757244e-01 7.369132527e-01 1.275732124e+01 2.505765511e+00
2.244488978e+03 1.374641206e-01 1.386038242e+01 7.721319187e-01 7.263647489e-01 1.278892191e+01 2.484713345e+00
2.258517034e+03 1.334621029e-01 1.388155084e+01 7.556534705e-01 7.159144229e-01 1.282041118e+01 2.463674398e+00
2.272545090e+03 1.295652821e-01 1.390233487e+01 7.394393746e-01 7.055625183e-01 1.285178634e+01 2.442651143e+00
2.286573146e+03 1.257714411e-01 1.392273806e+01 7.234885117e-01 6.953092542e-01 1.288304469e+01 2.421646054e+00
2.300601202e+03 1.220783840e-01 1.394276406e+01 7.077996475e-01 6.851548238e-01 1.291418358e+01 2.400661598e+00
2.314629259e+03 1.184839395e-01 1.396241659e+01 6.923714350e-01 6.750993944e-01 1.294520037e+01 2.379700239e+00
2.328657315e+03 1.149859555e-01 1.398169946e+01 6.772024238e-01 6.651431089e-01 1.297609245e+01 2.358764437e+00
2.342685371e+03 1.115823057e-01 1.400061657e+01 6.622910597e-01 6.552860846e-01 1.300685727e+01 2.337856642e+00
2.356713427e+03 1.082708900e-01 1.401917188e+01 6.476356896e-01 6.455284137e-01 1.303749229e+01 2.316979297e+00
2.370741483e+03 1.050496299e-01 1.403736943e+01 6.332345679e-01 6.358701641e-01 1.306799500e+01 2.296134836e+00
2.384769539e+03 1.019164765e-01 1.405521333e+01 6.190858576e-01 6.263113785e-01 1.309836294e+01 2.275325682e+00
2.398797595e+03 9.886940834e-02 1.407270772e+01 6.051876354e-01 6.168520750e-01 1.312859368e+01 2.254554245e+00
2.412825651e+03 9.590642734e-02 1.408985684e+01 5.915378968e-01 6.074922486e-01 1.315868483e+01 2.233822925e+00
2.426853707e+03 9.302556806e-02 1.410666492e+01 5.781345585e-01 5.982318690e-01 1.318863403e+01 2.213134105e+00
2.440881764e+03 9.022489297e-02 1.412313630e+01 5.649754633e-01 5.890708823e-01 1.321843896e+01 2.192490155e+00
2.454909820e+03 8.750249036e-02 1.413927531e+01 5.520583833e-01 5.800092119e-01 1.324809736e+01 2.171893428e+00
2.468937876e+03 8.485648208e-02 1.415508635e+01 5.393810250e-01 5.710467570e-01 1.327760698e+01 2.151346259e+00
2.482965932e+03 8.228501880e-02 1.417057382e+01 5.269410323e-01 5.621833940e-01 1.330696564e+01 2.130850966e+00
2.496993988e+03 7.978627880e-02 1.418574218e+01 5.147359889e-01 5.534189770e-01 1.333617118e+01 2.110409846e+00
2.511022044e+03 7.735847428e-02 1.420059589e+01 5.027634259e-01 5.447533369e-01 1.336522149e+01 2.090025177e+00
2.525050100e+03 7.499984681e-02 1.421513944e+01 4.910208219e-01 5.361862830e-01 1.339411450e+01 2.069699214e+00
2.539078156e+03 7.270866692e-02 1.422937734e+01 4.795056066e-01 5.277176028e-01 1.342284821e+01 2.049434190e+00
2.553106212e+03 7.048323894e-02 1.424331410e+01 4.682151682e-01 5.193470619e-01 1.345142062e+01 2.029232316e+00
2.567134269e+03 6.832189677e-02 1.425695425e+01 4.571468525e-01 5.110744049e-01 1.347982982e+01 2.009095776e+00
2.581162325e+03 6.622300422e-02 1.427030231e+01 4.462979672e-01 5.028993560e-01 1.350807391e+01 1.989026732e+00
2.595190381e+03 6.418495842e-02 1.428336281e+01 4.356657888e-01 4.948216182e-01 1.353615107e+01 1.969027315e+00
2.609218437e+03 6.220618594e-02 1.429614029e+01 4.252475610e-01 4.868408749e-01 1.356405949e+01 1.949099632e+00
2.623246493e+03 6.028514385e-02 1.430863927e+01 4.150404993e-01 4.789567899e-01 1.359179745e+01 1.929245762e+00
2.637274549e+03 5.842032173e-02 1.432086425e+01 4.050417979e-01 4.711690071e-01 1.361936324e+01 1.909467755e+00
2.651302605e+03 5.661023822e-02 1.433281975e+01 3.952486263e-01 4.634771520e-01 1.364675522e+01 1.889767629e+00
2.665330661e+03 5.485344273e-02 1.434451025e+01 3.856581363e-01 4.558808313e-01 1.367397179e+01 1.870147375e+00
2.679358717e+03 5.314851609e-02 1.435594023e+01 3.762674664e-01 4.483796333e-01 1.370101142e+01 1.850608950e+00
2.693386774e+03 5.149406765e-02 1.436711414e+01 3.670737382e-01 4.409731292e-01 1.372787259e+01 1.831154280e+00
2.707414830e+03 4.988873743e-02 1.437803641e+01 3.580740652e-01 4.336608724e-01 1.375455387e+01 1.811785258e+00
2.721442886e+03 4.833119561e-02 1.438871146e+01 3.492655549e-01 4.264423993e-01 1.378105386e+01 1.792503744e+00
2.735470942e+03 4.682014021e-02 1.439914365e+01 3.406453047e-01 4.193172302e-01 1.380737120e+01 1.773311565e+00
2.749498998e+03 4.535429950e-02 1.440933735e+01 3.322104131e-01 4.122848692e-01 1.383350462e+01 1.754210511e+00
2.763527054e+03 4.393243055e-02 1.441929688e+01 3.239579788e-01 4.053448045e-01 1.385945286e+01 1.735202338e+00
2.777555110e+03 4.255331752e-02 1.442902653e+01 3.158850965e-01 3.984965097e-01 1.388521472e+01 1.716288767e+00
2.791583166e+03 4.121577397e-02 1.443853054e+01 3.079888705e-01 3.917394431e-01 1.391078908e+01 1.697471482e+00
2.805611222e+03 3.991864093e-02 1.444781315e+01 3.002664101e-01 3.850730488e-01 1.393617482e+01 1.678752128e+00
2.819639279e+03 3.866078582e-02 1.445687854e+01 2.927148275e-01 3.784967575e-01 1.396137092e+01 1.660132318e+00
2.833667335e+03 3.744110409e-02 1.446573085e+01 2.853312502e-01 3.720099859e-01 1.398637639e+01 1.641613621e+00
2.847695391e+03 3.625851749e-02 1.447437417e+01 2.781128158e-01 3.656121380e-01 1.401119029e+01 1.623197572e+00
2.861723447e+03 3.511197332e-02 1.448281257e+01 2.710566711e-01 3.593026055e-01 1.403581173e+01 1.604885667e+00
2.875751503e+03 3.400044542e-02 1.449105008e+01 2.641599827e-01 3.530807676e-01 1.406023987e+01 1.586679361e+00
2.889779559e+03 3.292293272e-02 1.449909066e+01 2.574199318e-01 3.469459921e-01 1.408447394e+01 1.568580072e+00
2.903807615e+03 3.187845870e-02 1.450693823e+01 2.508337142e-01 3.408976358e-01 1.410851319e+01 1.550589179e+00
2.917835671e+03 3.086607191e-02 1.451459669e+01 2.443985497e-01 3.349350445e-01 1.413235694e+01 1.532708018e+00
2.931863727e+03 2.988484473e-02 1.452206987e+01 2.381116761e-01 3.290575538e-01 1.415600456e+01 1.514937888e+00
2.945891784e+03 2.893387301e-02 1.452936155e+01 2.319703510e-01 3.232644897e-01 1.417945546e+01 1.497280047e+00
2.959919840e+03 2.801227615e-02 1.453647548e+01 2.259718587e-01 3.175551686e-01 1.420270912e+01 1.479735712e+00
2.973947896e+03 2.711919616e-02 1.454341534e+01 2.201135048e-01 3.119288980e-01 1.422576504e+01 1.462306060e+00
2.987975952e+03 2.625379736e-02 1.455018476e+01 2.143926192e-01 3.063849768e-01 1.424862279e+01 1.444992228e+00
3.002004008e+03 2.541526612e-02 1.455678735e+01 2.088065607e-01 3.009226961e-01 1.427128199e+01 1.427795312e+00
3.016032064e+03 2.460281022e-02 1.456322664e+01 2.033527117e-01 2.955413392e-01 1.429374229e+01 1.410716366e+00
3.030060120e+03 2.381565847e-02 1.456950612e+01 1.980284829e-01 2.902401821e-01 1.431600341e+01 1.393756405e+00
3.044088176e+03 2.305306036e-02 1.457562921e+01 1.928313156e-01 2.850184943e-01 1.433806510e+01 1.376916402e+00
3.058116232e+03 2.231428550e-02 1.458159931e+01 1.877586766e-01 2.798755386e-01 1.435992717e+01 1.360197291e+00
3.072144289e+03 2.159862329e-02 1.458741975e+01 1.828080643e-01 2.748105722e-01 1.438158946e+01 1.343599963e+00
3.086172345e+03 2.090538243e-02 1.459309380e+01 1.779770087e-01 2.698228466e-01 1.440305188e+01 1.327125269e+00
3.100200401e+03 2.023389059e-02 1.459862470e+01 1.732630669e-01 2.649116081e-01 1.442431437e+01 1.310774022e+00
3.114228457e+03 1.958349386e-02 1.460401562e+01 1.686638303e-01 2.600760984e-01 1.444537691e+01 1.294546991e+00
3.128256513e+03 1.895355635e-02 1.460926969e+01 1.641769222e-01 2.553155550e-01 1.446623954e+01 1.278444906e+00
3.142284569e+03 1.834346004e-02 1.461438997e+01 1.597999946e-01 2.506292112e-01 1.448690233e+01 1.262468460e+00
3.156312625e+03 1.775260393e-02 1.461937948e+01 1.555307356e-01 2.460162970e-01 1.450736540e+01 1.246618302e+00
3.170340681e+03 1.718040392e-02 1.462424119e+01 1.513668653e-01 2.414760391e-01 1.452762892e+01 1.230895042e+00
3.184368737e+03 1.662629256e-02 1.462897803e+01 1.473061342e-01 2.370076614e-01 1.454769308e+01 1.215299254e+00
3.198396794e+03 1.608971819e-02 1.463359284e+01 1.433463291e-01 2.326103855e-01 1.456755814e+01 1.199831470e+00
3.212424850e+03 1.557014491e-02 1.463808845e+01 1.394852693e-01 2.282834309e-01 1.458722439e+01 1.184492183e+00
3.226452906e+03 1.506705230e-02 1.464246761e+01 1.357208056e-01 2.240260151e-01 1.460669214e+01 1.169281849e+00
3.240480962e+03 1.457993457e-02 1.464673304e+01 1.320508252e-01 2.198373548e-01 1.462596176e+01 1.154200886e+00
3.254509018e+03 1.410830058e-02 1.465088740e+01 1.284732476e-01 2.157166653e-01 1.464503366e+01 1.139249673e+00
3.268537074e+03 1.365167356e-02 1.465493330e+01 1.249860250e-01 2.116631611e-01 1.466390829e+01 1.124428553e+00
3.282565130e+03 1.320959026e-02 1.465887330e+01 1.215871451e-01 2.076760568e-01 1.468258611e+01 1.109737830e+00
3.296593186e+03 1.278160103e-02 1.466270992e+01 1.182746284e-01 2.037545665e-01 1.470106766e+01 1.095177772e+00
3.310621242e+03 1.236726952e-02 1.466644561e+01 1.150465280e-01 1.998979046e-01 1.471935348e+01 1.080748614e+00
3.324649299e+03 1.196617184e-02 1.467008279e+01 1.119009323e-01 1.961052865e-01 1.473744416e+01 1.066450550e+00
3.338677355e+03 1.157789676e-02 1.467362383e+01 1.088359617e-01 1.923759281e-01 1.475534033e+01 1.052283743e+00
3.352705411e+03 1.120204525e-02 1.467707106e+01 1.058497698e-01 1.887090463e-01 1.477304263e+01 1.038248320e+00
3.366733467e+03 1.083822981e-02 1.468042673e+01 1.029405442e-01 1.851038599e-01 1.479055177e+01 1.024344371e+00
3.380761523e+03 1.048607470e-02 1.468369309e+01 1.001065045e-01 1.815595891e-01 1.480786846e+01 1.010571956e+00
3.394789579e+03 1.014521530e-02 1.468687232e+01 9.734590281e-02 1.780754560e-01 1.482499344e+01 9.969310995e-01
3.408817635e+03 9.815297670e-03 1.468996654e+01 9.465702476e-02 1.746506853e-01 1.484192752e+01 9.834217937e-01
3.422845691e+03 9.495978791e-03 1.469297786e+01 9.203818685e-02 1.712845038e-01 1.485867150e+01 9.700439985e-01
3.436873747e+03 9.186925748e-03 1.469590832e+01 8.948773818e-02 1.679761412e-01 1.487522622e+01 9.567976421e-01
3.450901804e+03 8.887815522e-03 1.469875993e+01 8.700405986e-02 1.647248302e-01 1.489159255e+01 9.436826210e-01
3.464929860e+03 8.598335315e-03 1.470153465e+01 8.458556294e-02 1.615298064e-01 1.490777139e+01 9.306988020e-01
3.478957916e+03 8.318181318e-03 1.470423440e+01 8.223069092e-02 1.583903090e-01 1.492376367e+01 9.178460209e-01
3.492985972e+03 8.047058911e-03 1.470686105e+01 7.993791807e-02 1.553055812e-01 1.493957033e+01 9.051240841e-01
3.507014028e+03 7.784682707e-03 1.470941646e+01 7.770574835e-02 1.522748694e-01 1.495519236e+01 8.925327693e-01
3.521042084e+03 7.530776110e-03 1.471190241e+01 7.553271557e-02 1.492974240e-01 1.497063075e+01 8.800718261e-01
3.535070140e+03 7.285070455e-03 1.471432066e+01 7.341738455e-02 1.463725004e-01 1.498588652e+01 8.677409755e-01
3.549098196e+03 7.047305452e-03 1.471667293e+01 7.135834908e-02 1.434993580e-01 1.500096073e+01 8.555399115e-01
3.563126253e+03 6.817229460e-03 1.471896090e+01 6.935423049e-02 1.406772600e-01 1.501585444e+01 8.434683026e-01
3.577154309e+03 6.594597688e-03 1.472118622e+01 6.740368068e-02 1.379054754e-01 1.503056873e+01 8.315257900e-01
3.591182365e+03 6.379173044e-03 1.472335049e+01 6.550537939e-02 1.351832778e-01 1.504510473e+01 8.197119898e-01
3.605210421e+03 6.170726302e-03 1.472545528e+01 6.365803335e-02 1.325099454e-01 1.505946356e+01 8.080264939e-01
3.619238477e+03 5.969034917e-03 1.472750212e+01 6.186037741e-02 1.298847620e-01 1.507364637e+01 7.964688697e-01
3.633266533e+03 5.773883068e-03 1.472949251e+01 6.011117379e-02 1.273070168e-01 1.508765432e+01 7.850386608e-01
3.647294589e+03 5.585061865e-03 1.473142791e+01 5.840921110e-02 1.247760044e-01 1.510148861e+01 7.737353881e-01
3.661322645e+03 5.402369170e-03 1.473330976e+01 5.675330402e-02 1.222910244e-01 1.511515043e+01 7.625585504e-01
3.675350701e+03 5.225608584e-03 1.473513945e+01 5.514229368e-02 1.198513831e-01 1.512864099e+01 7.515076245e-01
3.689378758e+03 5.054589943e-03 1.473691834e+01 5.357504663e-02 1.174563922e-01 1.514196154e+01 7.405820661e-01
3.703406814e+03 4.889129655e-03 1.473864776e+01 5.205045407e-02 1.151053687e-01 1.515511332e+01 7.297813104e-01
3.717434870e+03 4.729049112e-03 1.474032902e+01 5.056743246e-02 1.127976366e-01 1.516809759e+01 7.191047729e-01
3.731462926e+03 4.574175442e-03 1.474196338e+01 4.912492246e-02 1.105325258e-01 1.518091562e+01 7.085518496e-01
3.745490982e+03 4.424341707e-03 1.474355208e+01 4.772188836e-02 1.083093717e-01 1.519356871e+01 6.981219179e-01
3.759519038e+03 4.279385907e-03 1.474509632e+01 4.635731813e-02 1.061275165e-01 1.520605815e+01 6.878143372e-01
3.773547094e+03 4.139150772e-03 1.474659729e+01 4.503022298e-02 1.039863093e-01 1.521838524e+01 6.776284493e-01
3.787575150e+03 4.003484020e-03 1.474805614e+01 4.373963678e-02 1.018851054e-01 1.523055132e+01 6.675635793e-01
3.801603206e+03 3.872238765e-03 1.474947400e+01 4.248461549e-02 9.982326589e-02 1.524255770e+01 6.576190358e-01
3.815631263e+03 3.745272856e-03 1.475085194e+01 4.126423694e-02 9.780015847e-02 1.525440573e+01 6.477941116e-01
3.829659319e+03 3.622447666e-03 1.475219106e+01 4.007760068e-02 9.581515859e-02 1.526609676e+01 6.380880848e-01
3.843687375e+03 3.503629205e-03 1.475349237e+01 3.892382725e-02 9.386764807e-02 1.527763213e+01 6.285002190e-01
3.857715431e+03 3.388688132e-03 1.475475692e+01 3.780205791e-02 9.195701494e-02 1.528901322e+01 6.190297632e-01
3.871743487e+03 3.277499897e-03 1.475598567e+01 3.671145424e-02 9.008265313e-02 1.530024139e+01 6.096759530e-01
3.885771543e+03 3.169942464e-03 1.475717961e+01 3.565119762e-02 8.824396523e-02 1.531131802e+01 6.004380119e-01
3.899799599e+03 3.065898100e-03 1.475833966e+01 3.462048895e-02 8.644036009e-02 1.532224449e+01 5.913151508e-01
3.913827655e+03 2.965252945e-03 1.475946676e+01 3.361854836e-02 8.467125323e-02 1.533302218e+01 5.823065689e-01
3.927855711e+03 2.867897691e-03 1.476056179e+01 3.264461518e-02 8.293606573e-02 1.534365248e+01 5.734114531e-01
3.941883768e+03 2.773725102e-03 1.476162564e+01 3.169794643e-02 8.123422757e-02 1.535413679e+01 5.646289811e-01
3.955911824e+03 2.682631757e-03 1.476265914e+01 3.077781730e-02 7.956517504e-02 1.536447650e+01 5.559583202e-01
3.969939880e+03 2.594517511e-03 1.476366314e+01 2.988352063e-02 7.792835137e-02 1.537467302e+01 5.473986281e-01
3.983967936e+03 2.509286713e-03 1.476463843e+01 2.901436744e-02 7.632320531e-02 1.538472774e+01 5.389490514e-01
3.997995992e+03 2.426845142e-03 1.476558580e+01 2.816968447e-02 7.474919437e-02 1.539464207e+01 5.306087309e-01
4.012024048e+03 2.347102078e-03 1.476650603e+01 2.734881535e-02 7.320578246e-02 1.540441742e+01 5.223767981e-01
4.026052104e+03 2.269969632e-03 1.476739984e+01 2.655111982e-02 7.169244053e-02 1.541405518e+01 5.142523775e-01
4.040080160e+03 2.195363488e-03 1.476826799e+01 2.577597488e-02 7.020864514e-02 1.542355677e+01 5.062345841e-01
4.054108216e+03 2.123201171e-03 1.476911117e+01 2.502277152e-02 6.875388120e-02 1.543292359e+01 4.983225287e-01
4.068136273e+03 2.053402974e-03 1.476993008e+01 2.429091625e-02 6.732764024e-02 1.544215704e+01 4.905153156e-01
4.082164329e+03 1.985891696e-03 1.477072538e+01 2.357983037e-02 6.592942066e-02 1.545125854e+01 4.828120431e-01
4.096192385e+03 1.920593364e-03 1.477149774e+01 2.288895088e-02 6.455872689e-02 1.546022947e+01 4.752118028e-01
4.110220441e+03 1.857435795e-03 1.477224780e+01 2.221772815e-02 6.321507083e-02 1.546907125e+01 4.677136826e-01
4.124248497e+03 1.796348938e-03 1.477297617e+01 2.156562619e-02 6.189797140e-02 1.547778526e+01 4.603167664e-01
4.138276553e+03 1.737265065e-03 1.477368346e+01 2.093212271e-02 6.060695419e-02 1.548637291e+01 4.530201343e-01
4.152304609e+03 1.680119196e-03 1.477437025e+01 2.031670955e-02 5.934155094e-02 1.549483559e+01 4.458228608e-01
4.166332665e+03 1.624848319e-03 1.477503713e+01 1.971889130e-02 5.810130028e-02 1.550317468e+01 4.387240181e-01
4.180360721e+03 1.571390955e-03 1.477568464e+01 1.913818453e-02 5.688574800e-02 1.551139158e+01 4.317226767e-01
4.194388778e+03 1.519687797e-03 1.477631334e+01 1.857411846e-02 5.569444634e-02 1.551948765e+01 4.248179042e-01
4.208416834e+03 1.469681647e-03 1.477692374e+01 1.802623498e-02 5.452695381e-02 1.552746428e+01 4.180087654e-01
4.222444890e+03 1.421317284e-03 1.477751637e+01 1.749408822e-02 5.338283523e-02 1.553532284e+01 4.112943226e-01
4.236472946e+03 1.374540824e-03 1.477809172e+01 1.697724264e-02 5.226166264e-02 1.554306470e+01 4.046736391e-01
4.250501002e+03 1.329300234e-03 1.477865029e+01 1.647527438e-02 5.116301428e-02 1.555069121e+01 3.981457763e-01
4.264529058e+03 1.285545290e-03 1.477919255e+01 1.598777094e-02 5.008647466e-02 1.555820373e+01 3.917097948e-01
4.278557114e+03 1.243227776e-03 1.477971895e+01 1.551433157e-02 4.903163425e-02 1.556560361e+01 3.853647530e-01
4.292585170e+03 1.202300351e-03 1.478022996e+01 1.505456436e-02 4.799809051e-02 1.557289220e+01 3.791097125e-01
4.306613226e+03 1.162717397e-03 1.478072601e+01 1.460808815e-02 4.698544696e-02 1.558007082e+01 3.729437340e-01
4.320641283e+03 1.124434818e-03 1.478120752e+01 1.417453192e-02 4.599331328e-02 1.558714081e+01 3.668658792e-01
4.334669339e+03 1.087410642e-03 1.478167491e+01 1.375353579e-02 4.502130480e-02 1.559410349e+01 3.608752080e-01
4.348697395e+03 1.051603338e-03 1.478212857e+01 1.334474751e-02 4.406904363e-02 1.560096017e+01 3.549707850e-01
4.362725451e+03 1.016973017e-03 1.478256890e+01 1.294782471e-02 4.313615769e-02 1.560771217e+01 3.491516754e-01
4.376753507e+03 9.834810580e-04 1.478299627e+01 1.256243403e-02 4.222228093e-02 1.561436077e+01 3.434169464e-01
4.390781563e+03 9.510904453e-04 1.478341107e+01 1.218825256e-02 4.132705270e-02 1.562090728e+01 3.377656642e-01
4.404809619e+03 9.197649210e-04 1.478381364e+01 1.182496403e-02 4.045011884e-02 1.562735298e+01 3.321969012e-01
4.418837675e+03 8.894695147e-04 1.478420435e+01 1.147226120e-02 3.959113077e-02 1.563369914e+01 3.267097311e-01
4.432865731e+03 8.601703483e-04 1.478458352e+01 1.112984492e-02 3.874974570e-02 1.563994702e+01 3.213032307e-01
4.446893788e+03 8.318350070e-04 1.478495150e+01 1.079742548e-02 3.792562620e-02 1.564609790e+01 3.159764776e-01
4.460921844e+03 8.044317577e-04 1.478530860e+01 1.047471961e-02 3.711844073e-02 1.565215300e+01 3.107285548e-01
4.474949900e+03 7.779298943e-04 1.478565514e+01 1.016145172e-02 3.632786332e-02 1.565811359e+01 3.055585489e-01
4.488977956e+03 7.522997014e-04 1.478599143e+01 9.857353704e-03 3.555357345e-02 1.566398088e+01 3.004655500e-01
4.503006012e+03 7.275129319e-04 1.478631776e+01 9.562165697e-03 3.479525585e-02 1.566975609e+01 2.954486504e-01
4.517034068e+03 7.035420095e-04 1.478663440e+01 9.275634333e-03 3.405260070e-02 1.567544045e+01 2.905069476e-01
4.531062124e+03 6.803600546e-04 1.478694164e+01 8.997512652e-03 3.332530356e-02 1.568103515e+01 2.856395441e-01
4.545090180e+03 6.579411957e-04 1.478723976e+01 8.727560604e-03 3.261306519e-02 1.568654139e+01 2.808455466e-01
4.559118236e+03 6.362593948e-04 1.478752903e+01 8.465544501e-03 3.191559150e-02 1.569196034e+01 2.761240666e-01
4.573146293e+03 6.152914765e-04 1.478780971e+01 8.211237913e-03 3.123259342e-02 1.569729319e+01 2.714742187e-01
4.587174349e+03 5.950131559e-04 1.478808204e+01 7.964420830e-03 3.056378693e-02 1.570254109e+01 2.668951233e-01
4.601202405e+03 5.754040150e-04 1.478834622e+01 7.724877962e-03 2.990889300e-02 1.570770520e+01 2.623859061e-01
4.615230461e+03 5.564380893e-04 1.478860260e+01 7.492401114e-03 2.926763752e-02 1.571278666e+01 2.579456979e-01
4.629258517e+03 5.380995769e-04 1.478885124e+01 7.266787013e-03 2.863975122e-02 1.571778661e+01 2.535736350e-01
4.643286573e+03 5.203623211e-04 1.478909254e+01 7.047838643e-03 2.802496966e-02 1.572270617e+01 2.492688593e-01
4.657314629e+03 5.032102073e-04 1.478932661e+01 6.835364033e-03 2.742303307e-02 1.572754645e+01 2.450305182e-01
4.671342685e+03 4.866230544e-04 1.478955367e+01 6.629176652e-03 2.683368625e-02 1.573230855e+01 2.408577649e-01
4.685370741e+03 4.705826300e-04 1.478977394e+01 6.429094933e-03 2.625667847e-02 1.573699356e+01 2.367497581e-01
4.699398798e+03 4.550697312e-04 1.478998764e+01 6.234942665e-03 2.569176376e-02 1.574160257e+01 2.327056629e-01
4.713426854e+03 4.400680067e-04 1.479019493e+01 6.046548488e-03 2.513870056e-02 1.574613665e+01 2.287246505e-01
4.727454910e+03 4.255604880e-04 1.479039601e+01 5.863745796e-03 2.459725167e-02 1.575059685e+01 2.248058983e-01
4.741482966e+03 4.115308777e-04 1.479059106e+01 5.686373093e-03 2.406718463e-02 1.575498423e+01 2.209485903e-01
4.755511022e+03 3.979634692e-04 1.479078026e+01 5.514272756e-03 2.354827066e-02 1.575929981e+01 2.171519162e-01
4.769539078e+03 3.848430497e-04 1.479096378e+01 5.347291576e-03 2.304028514e-02 1.576354464e+01 2.134150723e-01
4.783567134e+03 3.721548901e-04 1.479114179e+01 5.185280634e-03 2.254300760e-02 1.576771973e+01 2.097372609e-01
4.797595190e+03 3.598849069e-04 1.479131444e+01 5.028096590e-03 2.205622304e-02 1.577182608e+01 2.061176938e-01
4.811623246e+03 3.480190700e-04 1.479148191e+01 4.875596624e-03 2.157971693e-02 1.577586470e+01 2.025555832e-01
4.825651303e+03 3.365439922e-04 1.479164434e+01 4.727643455e-03 2.111328032e-02 1.577983657e+01 1.990501509e-01
4.839679359e+03 3.254469416e-04 1.479180187e+01 4.584105590e-03 2.065670991e-02 1.578374266e+01 1.956006280e-01
4.853707415e+03 3.147154841e-04 1.479195467e+01 4.444854198e-03 2.020980524e-02 1.578758394e+01 1.922062509e-01
4.867735471e+03 3.043376405e-04 1.479210286e+01 4.309764433e-03 1.977236993e-02 1.579136137e+01 1.888662636e-01
4.881763527e+03 2.943018911e-04 1.479224657e+01 4.178715617e-03 1.934421186e-02 1.579507587e+01 1.855799176e-01
4.895791583e+03 2.845968859e-04 1.479238595e+01 4.051588720e-03 1.892514096e-02 1.579872839e+01 1.823464692e-01
4.909819639e+03 2.752118375e-04 1.479252112e+01 3.928269666e-03 1.851497212e-02 1.580231984e+01 1.791651834e-01
4.923847695e+03 2.661361226e-04 1.479265221e+01 3.808646073e-03 1.811352243e-02 1.580585115e+01 1.760353308e-01
4.937875752e+03 2.573595783e-04 1.479277933e+01 3.692609645e-03 1.772061318e-02 1.580932320e+01 1.729561897e-01
4.951903808e+03 2.488722978e-04 1.479290261e+01 3.580054592e-03 1.733606874e-02 1.581273689e+01 1.699270456e-01
4.965931864e+03 2.406647864e-04 1.479302216e+01 3.470878754e-03 1.695971707e-02 1.581609309e+01 1.669471901e-01
4.979959920e+03 2.327278022e-04 1.479313808e+01 3.364982474e-03 1.659138931e-02 1.581939269e+01 1.640159229e-01
4.993987976e+03 2.250524093e-04 1.479325050e+01 3.262268983e-03 1.623091991e-02 1.582263653e+01 1.611325510e-01
5.008016032e+03 2.176300711e-04 1.479335951e+01 3.162645055e-03 1.587814694e-02 1.582582547e+01 1.582963875e-01
5.022044088e+03 2.104523655e-04 1.479346521e+01 3.066018889e-03 1.553291084e-02 1.582896034e+01 1.555067539e-01
5.036072144e+03 2.035112683e-04 1.479356770e+01 2.972302255e-03 1.519505578e-02 1.583204197e+01 1.527629781e-01
5.050100200e+03 1.967990728e-04 1.479366708e+01 2.881409878e-03 1.486442926e-02 1.583507118e+01 1.500643955e-01
5.064128257e+03 1.903080880e-04 1.479376345e+01 2.793257060e-03 1.454088042e-02 1.583804877e+01 1.474103486e-01
5.078156313e+03 1.840311342e-04 1.479385688e+01 2.707763599e-03 1.422426285e-02 1.584097555e+01 1.448001871e-01
5.092184369e+03 1.779611926e-04 1.479394748e+01 2.624851011e-03 1.391443257e-02 1.584385230e+01 1.422332678e-01
5.106212425e+03 1.720913144e-04 1.479403532e+01 2.544441768e-03 1.361124743e-02 1.584667980e+01 1.397089545e-01
5.120240481e+03 1.664150199e-04 1.479412048e+01 2.466462544e-03 1.331456960e-02 1.584945881e+01 1.372266183e-01
5.134268537e+03 1.609258908e-04 1.479420305e+01 2.390840889e-03 1.302426300e-02 1.585219010e+01 1.347856374e-01
5.148296593e+03 1.556177019e-04 1.479428311e+01 2.317506302e-03 1.274019411e-02 1.585487441e+01 1.323853970e-01
5.162324649e+03 1.504845660e-04 1.479436072e+01 2.246391436e-03 1.246223296e-02 1.585751248e+01 1.300252895e-01
5.176352705e+03 1.455207453e-04 1.479443597e+01 2.177430532e-03 1.219025186e-02 1.586010503e+01 1.277047143e-01
5.190380762e+03 1.407206560e-04 1.479450893e+01 2.110559413e-03 1.192412536e-02 1.586265280e+01 1.254230778e-01
5.204408818e+03 1.360789009e-04 1.479457965e+01 2.045715821e-03 1.166373060e-02 1.586515648e+01 1.231797934e-01
5.218436874e+03 1.315902476e-04 1.479464821e+01 1.982839223e-03 1.140894713e-02 1.586761677e+01 1.209742814e-01
5.232464930e+03 1.272495992e-04 1.479471468e+01 1.921870551e-03 1.115965669e-02 1.587003437e+01 1.188059695e-01
5.246492986e+03 1.230522249e-04 1.479477912e+01 1.862754011e-03 1.091574447e-02 1.587240996e+01 1.166742916e-01
5.260521042e+03 1.189933064e-04 1.479484159e+01 1.805433525e-03 1.067709662e-02 1.587474421e+01 1.145786890e-01
5.274549098e+03 1.150682230e-04 1.479490214e+01 1.749854958e-03 1.044360181e-02 1.587703779e+01 1.125186098e-01
5.288577154e+03 1.112725178e-04 1.479496085e+01 1.695965851e-03 1.021515102e-02 1.587929134e+01 1.104935088e-01
5.302605210e+03 1.076020791e-04 1.479501775e+01 1.643716863e-03 9.991638551e-03 1.588150551e+01 1.085028476e-01
5.316633267e+03 1.040526703e-04 1.479507291e+01 1.593058024e-03 9.772959384e-03 1.588368095e+01 1.065460946e-01
5.330661323e+03 1.006202732e-04 1.479512638e+01 1.543941462e-03 9.559011080e-03 1.588581826e+01 1.046227250e-01
5.344689379e+03 9.730103110e-05 1.479517822e+01 1.496320938e-03 9.349693436e-03 1.588791809e+01 1.027322205e-01
5.358717435e+03 9.409126264e-05 1.479522846e+01 1.450151948e-03 9.144908541e-03 1.588998102e+01 1.008740694e-01
5.372745491e+03 9.098733199e-05 1.479527716e+01 1.405390711e-03 8.944560101e-03 1.589200767e+01 9.904776673e-02
5.386773547e+03 8.798575670e-05 1.479532437e+01 1.361994997e-03 8.748553972e-03 1.589399863e+01 9.725281408e-02
5.400801603e+03 8.508316335e-05 1.479537012e+01 1.319923765e-03 8.556797860e-03 1.589595448e+01 9.548871935e-02
5.414829659e+03 8.227629237e-05 1.479541447e+01 1.279137203e-03 8.369201385e-03 1.589787580e+01 9.375499690e-02
5.428857715e+03 7.956200002e-05 1.479545746e+01 1.239596755e-03 8.185676107e-03 1.589976316e+01 9.205116765e-02
5.442885772e+03 7.693724367e-05 1.479549913e+01 1.201264977e-03 8.006135377e-03 1.590161711e+01 9.037675884e-02
5.456913828e+03 7.439906477e-05 1.479553951e+01 1.164105390e-03 7.830494162e-03 1.590343820e+01 8.873130365e-02
5.470941884e+03 7.194461587e-05 1.479557865e+01 1.128082717e-03 7.658669336e-03 1.590522699e+01 8.711434190e-02
5.484969940e+03 6.957113852e-05 1.479561659e+01 1.093162684e-03 7.490579460e-03 1.590698400e+01 8.552541960e-02
5.498997996e+03 6.727595870e-05 1.479565336e+01 1.059311977e-03 7.326144732e-03 1.590870977e+01 8.396408887e-02
5.513026052e+03 6.505648451e-05 1.479568899e+01 1.026498225e-03 7.165286973e-03 1.591040481e+01 8.242990800e-02
5.527054108e+03 6.291025496e-05 1.479572353e+01 9.946903752e-04 7.007929823e-03 1.591206963e+01 8.092244091e-02
5.541082164e+03 6.083486436e-05 1.479575700e+01 9.638580915e-04 6.853998384e-03 1.591370474e+01 7.944125775e-02
5.555110220e+03 5.882794717e-05 1.479578944e+01 9.339716284e-04 6.703419138e-03 1.591531065e+01 7.798593487e-02
5.569138277e+03 5.688722878e-05 1.479582088e+01 9.050022270e-04 6.556120144e-03 1.591688783e+01 7.655605440e-02
5.583166333e+03 5.501050088e-05 1.479585134e+01 8.769219145e-04 6.412030919e-03 1.591843676e+01 7.515120431e-02
5.597194389e+03 5.319567881e-05 1.479588087e+01 8.497039624e-04 6.271082711e-03 1.591995794e+01 7.377097812e-02
5.611222445e+03 5.144078798e-05 1.479590948e+01 8.233227719e-04 6.133208418e-03 1.592145182e+01 7.241497482e-02
5.625250501e+03 4.974378757e-05 1.479593721e+01 7.977524439e-04 5.998341648e-03 1.592291886e+01 7.108279977e-02
5.639278557e+03 4.810275404e-05 1.479596409e+01 7.729682575e-04 5.866417658e-03 1.592435952e+01 6.977406366e-02
5.653306613e+03 4.651582156e-05 1.479599013e+01 7.489461826e-04 5.737373029e-03 1.592577424e+01 6.848838277e-02
5.667334669e+03 4.498120151e-05 1.479601537e+01 7.256630351e-04 5.611145761e-03 1.592716348e+01 6.722537880e-02
5.681362725e+03 4.349725784e-05 1.479603982e+01 7.030970856e-04 5.487675678e-03 1.592852765e+01 6.598467846e-02
5.695390782e+03 4.206225989e-05 1.479606352e+01 6.812260396e-04 5.366903025e-03 1.592986718e+01 6.476591453e-02
5.709418838e+03 4.067458809e-05 1.479608648e+01 6.600287100e-04 5.248769606e-03 1.593118251e+01 6.356872488e-02
5.723446894e+03 3.933267408e-05 1.479610874e+01 6.394845237e-04 5.133218435e-03 1.593247403e+01 6.239275265e-02
5.737474950e+03 3.803499827e-05 1.479613030e+01 6.195734968e-04 5.020193706e-03 1.593374216e+01 6.123764620e-02
5.751503006e+03 3.678015735e-05 1.479615120e+01 6.002768404e-04 4.909641244e-03 1.593498730e+01 6.010305882e-02
5.765531062e+03 3.556670918e-05 1.479617144e+01 5.815755600e-04 4.801507426e-03 1.593620984e+01 5.898864919e-02
5.779559118e+03 3.439328722e-05 1.479619106e+01 5.634514834e-04 4.695739951e-03 1.593741018e+01 5.789408098e-02
5.793587174e+03 3.325856880e-05 1.479621007e+01 5.458869727e-04 4.592287616e-03 1.593858869e+01 5.681902279e-02
5.807615230e+03 3.216127270e-05 1.479622850e+01 5.288648990e-04 4.491100282e-03 1.593974575e+01 5.576314820e-02
5.821643287e+03 3.110018833e-05 1.479624634e+01 5.123689285e-04 4.392129119e-03 1.594088174e+01 5.472613563e-02
5.835671343e+03 3.007411830e-05 1.479626364e+01 4.963829567e-04 4.295326100e-03 1.594199701e+01 5.370766833e-02
5.849699399e+03 2.908190002e-05 1.479628040e+01 4.808913191e-04 4.200644178e-03 1.594309192e+01 5.270743433e-02
5.863727455e+03 2.812241279e-05 1.479629663e+01 4.658788605e-04 4.108037339e-03 1.594416684e+01 5.172512638e-02
5.877755511e+03 2.719456988e-05 1.479631236e+01 4.513308554e-04 4.017460525e-03 1.594522210e+01 5.076044185e-02
5.891783567e+03 2.629736019e-05 1.479632760e+01 4.372333901e-04 3.928869954e-03 1.594625805e+01 4.981308275e-02
5.905811623e+03 2.542978982e-05 1.479634237e+01 4.235728214e-04 3.842222645e-03 1.594727502e+01 4.888275563e-02
5.919839679e+03 2.459085438e-05 1.479635668e+01 4.103355197e-04 3.757476188e-03 1.594827335e+01 4.796917148e-02
5.933867735e+03 2.377960327e-05 1.479637054e+01 3.975084586e-04 3.674589242e-03 1.594925337e+01 4.707204576e-02
5.947895792e+03 2.299511356e-05 1.479638397e+01 3.850789722e-04 3.593521322e-03 1.595021538e+01 4.619109828e-02
5.961923848e+03 2.223648827e-05 1.479639699e+01 3.730347370e-04 3.514232770e-03 1.595115971e+01 4.532605319e-02
5.975951904e+03 2.150285679e-05 1.479640959e+01 3.613637734e-04 3.436684752e-03 1.595208668e+01 4.447663890e-02
5.989979960e+03 2.079352059e-05 1.479642181e+01 3.500557884e-04 3.360840437e-03 1.595299657e+01 4.364258829e-02
6.004008016e+03 2.010759591e-05 1.479643364e+01 3.390988752e-04 3.286662068e-03 1.595388970e+01 4.282363801e-02
6.018036072e+03 1.944430307e-05 1.479644510e+01 3.284821815e-04 3.214113313e-03 1.595476636e+01 4.201952898e-02
6.032064128e+03 1.880288481e-05 1.479645621e+01 3.181951532e-04 3.143158594e-03 1.595562684e+01 4.123000614e-02
6.046092184e+03 1.818260498e-05 1.479646697e+01 3.082275205e-04 3.073763059e-03 1.595647142e+01 4.045481844e-02
6.060120240e+03 1.758274718e-05 1.479647739e+01 2.985692827e-04 3.005892567e-03 1.595730039e+01 3.969371875e-02
6.074148297e+03 1.700268312e-05 1.479648749e+01 2.892113424e-04 2.939514264e-03 1.595811402e+01 3.894646404e-02
6.088176353e+03 1.644181360e-05 1.479649728e+01 2.801449544e-04 2.874596068e-03 1.595891259e+01 3.821281512e-02
6.102204409e+03 1.589944739e-05 1.479650675e+01 2.713605953e-04 2.811105611e-03 1.595969636e+01 3.749253627e-02
6.116232465e+03 1.537496956e-05 1.479651594e+01 2.628495292e-04 2.749011684e-03 1.596046559e+01 3.678539566e-02
6.130260521e+03 1.486778369e-05 1.479652483e+01 2.546032668e-04 2.688283731e-03 1.596122055e+01 3.609116511e-02
6.144288577e+03 1.437731086e-05 1.479653345e+01 2.466135541e-04 2.628891824e-03 1.596196149e+01 3.540962011e-02
6.158316633e+03 1.390298866e-05 1.479654179e+01 2.388723614e-04 2.570806654e-03 1.596268865e+01 3.474053966e-02
6.172344689e+03 1.344435323e-05 1.479654988e+01 2.313727612e-04 2.514000480e-03 1.596340229e+01 3.408370737e-02
6.186372745e+03 1.300085141e-05 1.479655771e+01 2.241069146e-04 2.458444923e-03 1.596410265e+01 3.343890897e-02
6.200400802e+03 1.257197692e-05 1.479656530e+01 2.170675295e-04 2.404112555e-03 1.596478995e+01 3.280593399e-02
6.214428858e+03 1.215724379e-05 1.479657265e+01 2.102475760e-04 2.350976583e-03 1.596546445e+01 3.218457544e-02
6.228456914e+03 1.175618056e-05 1.479657977e+01 2.036402225e-04 2.299010771e-03 1.596612636e+01 3.157462964e-02
6.242484970e+03 1.136832953e-05 1.479658667e+01 1.972388274e-04 2.248189429e-03 1.596677591e+01 3.097589620e-02
6.256513026e+03 1.099326896e-05 1.479659335e+01 1.910371603e-04 2.198487677e-03 1.596741333e+01 3.038817833e-02
6.270541082e+03 1.063060961e-05 1.479659982e+01 1.850293654e-04 2.149881391e-03 1.596803884e+01 2.981128276e-02
6.284569138e+03 1.027991545e-05 1.479660609e+01 1.792091664e-04 2.102346240e-03 1.596865264e+01 2.924501837e-02
6.298597194e+03 9.940790584e-06 1.479661217e+01 1.735707358e-04 2.055858734e-03 1.596925494e+01 2.868919760e-02
6.312625251e+03 9.612851107e-06 1.479661805e+01 1.681084117e-04 2.010395875e-03 1.596984597e+01 2.814363596e-02
6.326653307e+03 9.295724441e-06 1.479662375e+01 1.628166897e-04 1.965935143e-03 1.597042591e+01 2.760815194e-02
6.340681363e+03 8.989048677e-06 1.479662926e+01 1.576902151e-04 1.922454484e-03 1.597099498e+01 2.708256700e-02
6.354709419e+03 8.692506077e-06 1.479663461e+01 1.527242784e-04 1.879932934e-03 1.597155336e+01 2.656670658e-02
6.368737475e+03 8.405751214e-06 1.479663979e+01 1.479137579e-04 1.838349271e-03 1.597210125e+01 2.606039781e-02
6.382765531e+03 8.128453276e-06 1.479664480e+01 1.432537450e-04 1.797682807e-03 1.597263885e+01 2.556347082e-02
6.396793587e+03 7.860295870e-06 1.479664966e+01 1.387395431e-04 1.757913385e-03 1.597316633e+01 2.507575869e-02
6.410821643e+03 7.600971369e-06 1.479665437e+01 1.343665862e-04 1.719021264e-03 1.597368388e+01 2.459709724e-02
6.424849699e+03 7.350180345e-06 1.479665892e+01 1.301304320e-04 1.680987115e-03 1.597419169e+01 2.412732501e-02
6.438877756e+03 7.107653895e-06 1.479666334e+01 1.260268911e-04 1.643792182e-03 1.597468992e+01 2.366628352e-02
6.452905812e+03 6.873177089e-06 1.479666761e+01 1.220521621e-04 1.607418463e-03 1.597517876e+01 2.321381757e-02
6.466933868e+03 6.646447396e-06 1.479667175e+01 1.182019910e-04 1.571847586e-03 1.597565838e+01 2.276977318e-02
6.480961924e+03 6.427212474e-06 1.479667576e+01 1.144724831e-04 1.537061889e-03 1.597612894e+01 2.233399950e-02
6.494989980e+03 6.215228400e-06 1.479667965e+01 1.108598527e-04 1.503044078e-03 1.597659061e+01 2.190634823e-02
6.509018036e+03 6.010259303e-06 1.479668341e+01 1.073604174e-04 1.469777219e-03 1.597704355e+01 2.148667350e-02
6.523046092e+03 5.812076988e-06 1.479668706e+01 1.039705928e-04 1.437244728e-03 1.597748792e+01 2.107483189e-02
6.537074148e+03 5.620401603e-06 1.479669059e+01 1.006872759e-04 1.405430846e-03 1.597792389e+01 2.067068336e-02
6.551102204e+03 5.435011978e-06 1.479669400e+01 9.750710969e-05 1.374319715e-03 1.597835159e+01 2.027408931e-02
6.565130261e+03 5.255700051e-06 1.479669731e+01 9.442677578e-05 1.343895738e-03 1.597877119e+01 1.988491333e-02
6.579158317e+03 5.082246118e-06 1.479670052e+01 9.144314956e-05 1.314143772e-03 1.597918283e+01 1.950302158e-02
6.593186373e+03 4.914433562e-06 1.479670362e+01 8.855319528e-05 1.285048990e-03 1.597958667e+01 1.912828245e-02
6.607214429e+03 4.752048309e-06 1.479670663e+01 8.575396179e-05 1.256596877e-03 1.597998284e+01 1.876056654e-02
6.621242485e+03 4.594946026e-06 1.479670954e+01 8.304262124e-05 1.228773306e-03 1.598037148e+01 1.839974685e-02
6.635270541e+03 4.443277848e-06 1.479671236e+01 8.041660866e-05 1.201564838e-03 1.598075274e+01 1.804569946e-02
6.649298597e+03 4.296705740e-06 1.479671509e+01 7.787311916e-05 1.174957652e-03 1.598112674e+01 1.769830095e-02
6.663326653e+03 4.155109372e-06 1.479671774e+01 7.540955339e-05 1.148938490e-03 1.598149363e+01 1.735743064e-02
6.677354709e+03 4.018382021e-06 1.479672030e+01 7.302338380e-05 1.123494376e-03 1.598185354e+01 1.702296989e-02
6.691382766e+03 3.886430928e-06 1.479672279e+01 7.071215089e-05 1.098612607e-03 1.598220659e+01 1.669480210e-02
6.705410822e+03 3.759177659e-06 1.479672520e+01 6.847345956e-05 1.074280740e-03 1.598255291e+01 1.637281263e-02
6.719438878e+03 3.636046808e-06 1.479672753e+01 6.630522817e-05 1.050486786e-03 1.598289262e+01 1.605688931e-02
6.733466934e+03 3.516660910e-06 1.479672979e+01 6.420534159e-05 1.027218930e-03 1.598322586e+01 1.574692170e-02
6.747494990e+03 3.400907766e-06 1.479673197e+01 6.217161436e-05 1.004465506e-03 1.598355273e+01 1.544280092e-02
6.761523046e+03 3.288449077e-06 1.479673408e+01 6.020202995e-05 9.822151670e-04 1.598387336e+01 1.514442019e-02
6.775551102e+03 3.178903410e-06 1.479673612e+01 5.829464684e-05 9.604568150e-04 1.598418787e+01 1.485167456e-02
6.789579158e+03 3.072449642e-06 1.479673809e+01 5.644746712e-05 9.391796244e-04 1.598449636e+01 1.456446102e-02
6.803607214e+03 2.969428539e-06 1.479674000e+01 5.465851933e-05 9.183730157e-04 1.598479895e+01 1.428267836e-02
6.817635271e+03 2.869670169e-06 1.479674184e+01 5.292599985e-05 8.980266089e-04 1.598509575e+01 1.400622705e-02
6.831663327e+03 2.773378816e-06 1.479674363e+01 5.124808143e-05 8.781302696e-04 1.598538686e+01 1.373500934e-02
6.845691383e+03 2.680737132e-06 1.479674537e+01 4.962297598e-05 8.586740691e-04 1.598567240e+01 1.346892916e-02
6.859719439e+03 2.592106885e-06 1.479674706e+01 4.804891454e-05 8.396483035e-04 1.598595246e+01 1.320789217e-02
6.873747495e+03 2.508019690e-06 1.479674871e+01 4.652414378e-05 8.210434853e-04 1.598622715e+01 1.295180563e-02
6.887775551e+03 2.429111092e-06 1.479675033e+01 4.504692691e-05 8.028503276e-04 1.598649657e+01 1.270057847e-02
6.901803607e+03 2.349228853e-06 1.479675185e+01 4.361676406e-05 7.850597402e-04 1.598676082e+01 1.245412117e-02
6.915831663e+03 2.271608238e-06 1.479675334e+01 4.223231023e-05 7.676628333e-04 1.598701999e+01 1.221234583e-02
6.929859719e+03 2.196806601e-06 1.479675478e+01 4.089135426e-05 7.506509182e-04 1.598727418e+01 1.197516607e-02
6.943887776e+03 2.124252585e-06 1.479675617e+01 3.959272417e-05 7.340155049e-04 1.598752349e+01 1.174249713e-02
6.957915832e+03 2.054225830e-06 1.479675752e+01 3.833524285e-05 7.177482944e-04 1.598776800e+01 1.151425577e-02
6.971943888e+03 1.986440184e-06 1.479675882e+01 3.711751447e-05 7.018411544e-04 1.598800780e+01 1.129036011e-02
6.985971944e+03 1.920880062e-06 1.479676009e+01 3.593823902e-05 6.862861245e-04 1.598824298e+01 1.107072964e-02
7.000000000e+03 1.857497371e-06 1.479676131e+01 3.479623202e-05 6.710754602e-04 1.598847364e+01 1.085528566e-02
