time            Cj              Ck              shCj            shCk           
0.000000000e+00 1.000000000e+01 1.000000000e-05 0.000000000e+00 0.000000000e+00
5.050100200e+01 9.614582948e+00 7.436158650e-03 2.488088978e-10 1.476621369e-03
1.010020040e+02 9.264102177e+00 1.458561647e-02 3.887229605e-09 2.917206950e-03
1.515030060e+02 8.945413334e+00 2.148918681e-02 1.921990748e-08 4.323751679e-03
2.020040080e+02 8.655650665e+00 2.817748348e-02 5.933450650e-08 5.698134522e-03
2.525050100e+02 8.392203241e+00 3.468057351e-02 1.415160298e-07 7.042125363e-03
3.030060120e+02 8.152693083e+00 4.102770325e-02 2.867138516e-07 8.357391467e-03
3.535070140e+02 7.934954944e+00 4.724708021e-02 5.190534570e-07 9.645503573e-03
4.040080160e+02 7.737017743e+00 5.336570780e-02 8.653926384e-07 1.090794162e-02
4.545090180e+02 7.557087572e+00 5.940926566e-02 1.354919449e-06 1.214610010e-02
5.050100200e+02 7.393532075e+00 6.540202308e-02 2.018785927e-06 1.336129317e-02
5.555110220e+02 7.244866150e+00 7.136678383e-02 2.889776390e-06 1.455475934e-02
6.060120240e+02 7.109738872e+00 7.732485684e-02 4.002007550e-06 1.572766598e-02
6.565130261e+02 6.986921530e+00 8.329604645e-02 5.390657029e-06 1.688111355e-02
7.070140281e+02 6.875296686e+00 8.929866015e-02 7.091718568e-06 1.801613948e-02
7.575150301e+02 6.773848219e+00 9.534953213e-02 9.141782541e-06 1.913372197e-02
8.080160321e+02 6.681652221e+00 1.014640569e-01 1.157783841e-05 2.023478342e-02
8.585170341e+02 6.597868688e+00 1.076562315e-01 1.443709761e-05 2.132019376e-02
9.090180361e+02 6.521733950e+00 1.139387049e-01 1.775683576e-05 2.239077353e-02
9.595190381e+02 6.452553784e+00 1.203228342e-01 2.157425212e-05 2.344729675e-02
1.010020040e+03 6.389697123e+00 1.268187425e-01 2.592634493e-05 2.449049371e-02
1.060521042e+03 6.332590342e+00 1.334353815e-01 3.084980131e-05 2.552105352e-02
1.111022044e+03 6.280712048e+00 1.401805938e-01 3.638090051e-05 2.653962650e-02
1.161523046e+03 6.233588337e+00 1.470611779e-01 4.255542915e-05 2.754682648e-02
1.212024048e+03 6.190788477e+00 1.540829507e-01 4.940860748e-05 2.854323294e-02
1.262525050e+03 6.151921000e+00 1.612508128e-01 5.697502632e-05 2.952939301e-02
1.313026052e+03 6.116630109e+00 1.685688092e-01 6.528859218e-05 3.050582335e-02
1.363527054e+03 6.084592455e+00 1.760401910e-01 7.438248175e-05 3.147301195e-02
1.414028056e+03 6.055514161e+00 1.836674740e-01 8.428910300e-05 3.243141981e-02
1.464529058e+03 6.029128154e+00 1.914524957e-01 9.504006399e-05 3.338148246e-02
1.515030060e+03 6.005191710e+00 1.993964700e-01 1.066661472e-04 3.432361151e-02
1.565531062e+03 5.983484248e+00 2.075000396e-01 1.191972898e-04 3.525819598e-02
1.616032064e+03 5.963805297e+00 2.157633259e-01 1.326625692e-04 3.618560366e-02
1.666533066e+03 5.945972675e+00 2.241859757e-01 1.470901924e-04 3.710618230e-02
1.717034068e+03 5.929820811e+00 2.327672070e-01 1.625074899e-04 3.802026080e-02
1.767535070e+03 5.915199234e+00 2.415058503e-01 1.789409138e-04 3.892815027e-02
1.818036072e+03 5.901971195e+00 2.504003888e-01 1.964160376e-04 3.983014509e-02
1.868537074e+03 5.890012417e+00 2.594489953e-01 2.149575606e-04 4.072652384e-02
1.919038076e+03 5.879209952e+00 2.686495675e-01 2.345893136e-04 4.161755022e-02
1.969539078e+03 5.869461147e+00 2.779997599e-01 2.553342675e-04 4.250347392e-02
2.020040080e+03 5.860672709e+00 2.874970143e-01 2.772145438e-04 4.338453140e-02
2.070541082e+03 5.852759849e+00 2.971385880e-01 3.002514265e-04 4.426094666e-02
2.121042084e+03 5.845645501e+00 3.069215793e-01 3.244653759e-04 4.513293194e-02
2.171543086e+03 5.839259625e+00 3.168429518e-01 3.498760435e-04 4.600068840e-02
2.222044088e+03 5.833538554e+00 3.268995563e-01 3.765022878e-04 4.686440676e-02
2.272545090e+03 5.828424426e+00 3.370881512e-01 4.043621915e-04 4.772426784e-02
2.323046092e+03 5.823864640e+00 3.474054209e-01 4.334730789e-04 4.858044319e-02
2.373547094e+03 5.819811387e+00 3.578479930e-01 4.638515346e-04 4.943309557e-02
2.424048096e+03 5.816221206e+00 3.684124534e-01 4.955134218e-04 5.028237945e-02
2.474549098e+03 5.813054589e+00 3.790953606e-01 5.284739021e-04 5.112844150e-02
2.525050100e+03 5.810275617e+00 3.898932586e-01 5.627474541e-04 5.197142098e-02
2.575551102e+03 5.807851637e+00 4.008026879e-01 5.983478941e-04 5.281145021e-02
2.626052104e+03 5.805752959e+00 4.118201962e-01 6.352883951e-04 5.364865490e-02
2.676553106e+03 5.803952591e+00 4.229423476e-01 6.735815068e-04 5.448315457e-02
2.727054108e+03 5.802425986e+00 4.341657308e-01 7.132391751e-04 5.531506286e-02
2.777555110e+03 5.801150823e+00 4.454869665e-01 7.542727623e-04 5.614448787e-02
2.828056112e+03 5.800106802e+00 4.569027137e-01 7.966930659e-04 5.697153244e-02
2.878557114e+03 5.799275462e+00 4.684096757e-01 8.405103383e-04 5.779629447e-02
2.929058116e+03 5.798640008e+00 4.800046049e-01 8.857343054e-04 5.861886719e-02
2.979559118e+03 5.798185162e+00 4.916843071e-01 9.323741860e-04 5.943933938e-02
3.030060120e+03 5.797897027e+00 5.034456453e-01 9.804387095e-04 6.025779565e-02
3.080561122e+03 5.797762957e+00 5.152855426e-01 1.029936134e-03 6.107431664e-02
3.131062124e+03 5.797771441e+00 5.272009851e-01 1.080874266e-03 6.188897925e-02
3.181563126e+03 5.797912002e+00 5.391890240e-01 1.133260474e-03 6.270185683e-02
3.232064128e+03 5.798175108e+00 5.512467772e-01 1.187101709e-03 6.351301939e-02
3.282565130e+03 5.798552075e+00 5.633714305e-01 1.242404519e-03 6.432253374e-02
3.333066132e+03 5.799034997e+00 5.755602390e-01 1.299175065e-03 6.513046370e-02
3.383567134e+03 5.799616676e+00 5.878105275e-01 1.357419141e-03 6.593687024e-02
3.434068136e+03 5.800290548e+00 6.001196911e-01 1.417142181e-03 6.674181162e-02
3.484569138e+03 5.801050637e+00 6.124851948e-01 1.478349282e-03 6.754534355e-02
3.535070140e+03 5.801891493e+00 6.249045742e-01 1.541045216e-03 6.834751933e-02
3.585571142e+03 5.802808146e+00 6.373754347e-01 1.605234439e-03 6.914838993e-02
3.636072144e+03 5.803796065e+00 6.498954509e-01 1.670921113e-03 6.994800418e-02
3.686573146e+03 5.804851114e+00 6.624623666e-01 1.738109113e-03 7.074640881e-02
3.737074148e+03 5.805969520e+00 6.750739933e-01 1.806802042e-03 7.154364860e-02
3.787575150e+03 5.807147836e+00 6.877282098e-01 1.877003243e-03 7.233976649e-02
3.838076152e+03 5.808382913e+00 7.004229608e-01 1.948715810e-03 7.313480361e-02
3.888577154e+03 5.809671874e+00 7.131562563e-01 2.021942602e-03 7.392879946e-02
3.939078156e+03 5.811012088e+00 7.259261700e-01 2.096686252e-03 7.472179191e-02
3.989579158e+03 5.812401147e+00 7.387308382e-01 2.172949177e-03 7.551381732e-02
4.040080160e+03 5.813836847e+00 7.515684585e-01 2.250733592e-03 7.630491064e-02
4.090581162e+03 5.815317169e+00 7.644372885e-01 2.330041513e-03 7.709510541e-02
4.141082164e+03 5.816840261e+00 7.773356445e-01 2.410874777e-03 7.788443391e-02
4.191583166e+03 5.818404425e+00 7.902618999e-01 2.493235039e-03 7.867292715e-02
4.242084168e+03 5.820008102e+00 8.032144838e-01 2.577123791e-03 7.946061498e-02
4.292585170e+03 5.821649858e+00 8.161918798e-01 2.662542366e-03 8.024752612e-02
4.343086172e+03 5.823328376e+00 8.291926242e-01 2.749491945e-03 8.103368822e-02
4.393587174e+03 5.825042441e+00 8.422153050e-01 2.837973569e-03 8.181912793e-02
4.444088176e+03 5.826790934e+00 8.552585601e-01 2.927988141e-03 8.260387092e-02
4.494589178e+03 5.828572824e+00 8.683210758e-01 3.019536440e-03 8.338794193e-02
4.545090180e+03 5.830387155e+00 8.814015859e-01 3.112619122e-03 8.417136483e-02
4.595591182e+03 5.832233047e+00 8.944988696e-01 3.207236728e-03 8.495416264e-02
4.646092184e+03 5.834109682e+00 9.076117507e-01 3.303389693e-03 8.573635760e-02
4.696593186e+03 5.836016302e+00 9.207390958e-01 3.401078351e-03 8.651797116e-02
4.747094188e+03 5.837952202e+00 9.338798134e-01 3.500302937e-03 8.729902407e-02
4.797595190e+03 5.839916727e+00 9.470328520e-01 3.601063600e-03 8.807953635e-02
4.848096192e+03 5.841909268e+00 9.601971992e-01 3.703360400e-03 8.885952737e-02
4.898597194e+03 5.843929257e+00 9.733718803e-01 3.807193320e-03 8.963901587e-02
4.949098196e+03 5.845976159e+00 9.865559573e-01 3.912562267e-03 9.041801998e-02
4.999599198e+03 5.848049477e+00 9.997485271e-01 4.019467077e-03 9.119655724e-02
5.050100200e+03 5.850148740e+00 1.012948721e+00 4.127907525e-03 9.197464465e-02
5.100601202e+03 5.852273509e+00 1.026155702e+00 4.237883316e-03 9.275229865e-02
5.151102204e+03 5.854423371e+00 1.039368668e+00 4.349394105e-03 9.352953521e-02
5.201603206e+03 5.856597931e+00 1.052586843e+00 4.462439491e-03 9.430636979e-02
5.252104208e+03 5.858796821e+00 1.065809484e+00 4.577019022e-03 9.508281738e-02
5.302605210e+03 5.861019691e+00 1.079035876e+00 4.693132199e-03 9.585889253e-02
5.353106212e+03 5.863266209e+00 1.092265331e+00 4.810778483e-03 9.663460935e-02
5.403607214e+03 5.865536057e+00 1.105497187e+00 4.929957294e-03 9.740998157e-02
5.454108216e+03 5.867828935e+00 1.118730808e+00 5.050668011e-03 9.818502249e-02
5.504609218e+03 5.870144554e+00 1.131965584e+00 5.172909986e-03 9.895974505e-02
5.555110220e+03 5.872482637e+00 1.145200926e+00 5.296682535e-03 9.973416183e-02
5.605611222e+03 5.874842921e+00 1.158436270e+00 5.421984945e-03 1.005082850e-01
5.656112224e+03 5.877225151e+00 1.171671074e+00 5.548816480e-03 1.012821266e-01
5.706613226e+03 5.879629081e+00 1.184904817e+00 5.677176380e-03 1.020556981e-01
5.757114228e+03 5.882054477e+00 1.198136997e+00 5.807063858e-03 1.028290107e-01
5.807615230e+03 5.884501111e+00 1.211367135e+00 5.938478114e-03 1.036020755e-01
5.858116232e+03 5.886968761e+00 1.224594766e+00 6.071418329e-03 1.043749031e-01
5.908617234e+03 5.889457213e+00 1.237819448e+00 6.205883666e-03 1.051475040e-01
5.959118236e+03 5.891966260e+00 1.251040754e+00 6.341873275e-03 1.059198882e-01
6.009619238e+03 5.894495699e+00 1.264258274e+00 6.479386295e-03 1.066920657e-01
6.060120240e+03 5.897045334e+00 1.277471616e+00 6.618421856e-03 1.074640461e-01
6.110621242e+03 5.899614974e+00 1.290680401e+00 6.758979075e-03 1.082358389e-01
6.161122244e+03 5.902204429e+00 1.303884267e+00 6.901057063e-03 1.090074532e-01
6.211623246e+03 5.904813518e+00 1.317082866e+00 7.044654928e-03 1.097788980e-01
6.262124248e+03 5.907442059e+00 1.330275863e+00 7.189771768e-03 1.105501821e-01
6.312625251e+03 5.910089879e+00 1.343462938e+00 7.336406681e-03 1.113213140e-01
6.363126253e+03 5.912756803e+00 1.356643783e+00 7.484558761e-03 1.120923021e-01
6.413627255e+03 5.915442661e+00 1.369818101e+00 7.634227101e-03 1.128631546e-01
6.464128257e+03 5.918147287e+00 1.382985610e+00 7.785410792e-03 1.136338795e-01
6.514629259e+03 5.920870518e+00 1.396146036e+00 7.938108929e-03 1.144044845e-01
6.565130261e+03 5.923612190e+00 1.409299117e+00 8.092320605e-03 1.151749775e-01
6.615631263e+03 5.926372145e+00 1.422444604e+00 8.248044915e-03 1.159453657e-01
6.666132265e+03 5.929150225e+00 1.435582256e+00 8.405280960e-03 1.167156567e-01
6.716633267e+03 5.931946274e+00 1.448711841e+00 8.564027843e-03 1.174858576e-01
6.767134269e+03 5.934760140e+00 1.461833137e+00 8.724284670e-03 1.182559754e-01
6.817635271e+03 5.937591671e+00 1.474945932e+00 8.886050553e-03 1.190260170e-01
6.868136273e+03 5.940440717e+00 1.488050022e+00 9.049324611e-03 1.197959891e-01
6.918637275e+03 5.943307129e+00 1.501145211e+00 9.214105968e-03 1.205658986e-01
6.969138277e+03 5.946190759e+00 1.514231310e+00 9.380393756e-03 1.213357517e-01
7.019639279e+03 5.949091463e+00 1.527308140e+00 9.548187112e-03 1.221055550e-01
7.070140281e+03 5.952009097e+00 1.540375528e+00 9.717485181e-03 1.228753146e-01
7.120641283e+03 5.954943517e+00 1.553433308e+00 9.888287117e-03 1.236450368e-01
7.171142285e+03 5.957894583e+00 1.566481321e+00 1.006059208e-02 1.244147276e-01
7.221643287e+03 5.960862153e+00 1.579519415e+00 1.023439924e-02 1.251843929e-01
7.272144289e+03 5.963846089e+00 1.592547443e+00 1.040970778e-02 1.259540385e-01
7.322645291e+03 5.966846251e+00 1.605565265e+00 1.058651688e-02 1.267236702e-01
7.373146293e+03 5.969862502e+00 1.618572746e+00 1.076482575e-02 1.274932936e-01
7.423647295e+03 5.972894706e+00 1.631569758e+00 1.094463359e-02 1.282629143e-01
7.474148297e+03 5.975942726e+00 1.644556177e+00 1.112593963e-02 1.290325376e-01
7.524649299e+03 5.979006429e+00 1.657531884e+00 1.130874308e-02 1.298021691e-01
7.575150301e+03 5.982085679e+00 1.670496765e+00 1.149304319e-02 1.305718138e-01
7.625651303e+03 5.985180345e+00 1.683450711e+00 1.167883921e-02 1.313414772e-01
7.676152305e+03 5.988290293e+00 1.696393619e+00 1.186613040e-02 1.321111641e-01
7.726653307e+03 5.991415393e+00 1.709325386e+00 1.205491603e-02 1.328808798e-01
7.777154309e+03 5.994555513e+00 1.722245918e+00 1.224519539e-02 1.336506292e-01
7.827655311e+03 5.997710524e+00 1.735155123e+00 1.243696775e-02 1.344204171e-01
7.878156313e+03 6.000880297e+00 1.748052911e+00 1.263023244e-02 1.351902484e-01
7.928657315e+03 6.004064703e+00 1.760939199e+00 1.282498876e-02 1.359601278e-01
7.979158317e+03 6.007263615e+00 1.773813905e+00 1.302123604e-02 1.367300601e-01
8.029659319e+03 6.010476905e+00 1.786676952e+00 1.321897362e-02 1.375000499e-01
8.080160321e+03 6.013704446e+00 1.799528264e+00 1.341820085e-02 1.382701017e-01
8.130661323e+03 6.016946112e+00 1.812367772e+00 1.361891709e-02 1.390402200e-01
8.181162325e+03 6.020201778e+00 1.825195405e+00 1.382112170e-02 1.398104093e-01
8.231663327e+03 6.023471319e+00 1.838011099e+00 1.402481409e-02 1.405806740e-01
8.282164329e+03 6.026754610e+00 1.850814791e+00 1.422999363e-02 1.413510184e-01
8.332665331e+03 6.030051529e+00 1.863606420e+00 1.443665973e-02 1.421214469e-01
8.383166333e+03 6.033361951e+00 1.876385929e+00 1.464481181e-02 1.428919636e-01
8.433667335e+03 6.036685755e+00 1.889153263e+00 1.485444931e-02 1.436625727e-01
8.484168337e+03 6.040022818e+00 1.901908368e+00 1.506557165e-02 1.444332784e-01
8.534669339e+03 6.043373019e+00 1.914651193e+00 1.527817829e-02 1.452040848e-01
8.585170341e+03 6.046736238e+00 1.927381691e+00 1.549226869e-02 1.459749959e-01
8.635671343e+03 6.050112354e+00 1.940099814e+00 1.570784232e-02 1.467460158e-01
8.686172345e+03 6.053501247e+00 1.952805518e+00 1.592489867e-02 1.475171483e-01
8.736673347e+03 6.056902798e+00 1.965498759e+00 1.614343724e-02 1.482883975e-01
8.787174349e+03 6.060316888e+00 1.978179498e+00 1.636345752e-02 1.490597672e-01
8.837675351e+03 6.063743398e+00 1.990847694e+00 1.658495903e-02 1.498312612e-01
8.888176353e+03 6.067182210e+00 2.003503310e+00 1.680794130e-02 1.506028834e-01
8.938677355e+03 6.070633207e+00 2.016146309e+00 1.703240387e-02 1.513746375e-01
8.989178357e+03 6.074096272e+00 2.028776658e+00 1.725834629e-02 1.521465273e-01
9.039679359e+03 6.077571288e+00 2.041394324e+00 1.748576811e-02 1.529185564e-01
9.090180361e+03 6.081058139e+00 2.053999273e+00 1.771466891e-02 1.536907286e-01
9.140681363e+03 6.084556710e+00 2.066591476e+00 1.794504825e-02 1.544630475e-01
9.191182365e+03 6.088066885e+00 2.079170904e+00 1.817690574e-02 1.552355167e-01
9.241683367e+03 6.091588551e+00 2.091737529e+00 1.841024097e-02 1.560081397e-01
9.292184369e+03 6.095121592e+00 2.104291324e+00 1.864505356e-02 1.567809202e-01
9.342685371e+03 6.098665895e+00 2.116832263e+00 1.888134311e-02 1.575538616e-01
9.393186373e+03 6.102221347e+00 2.129360322e+00 1.911910926e-02 1.583269675e-01
9.443687375e+03 6.105787836e+00 2.141875476e+00 1.935835165e-02 1.591002412e-01
9.494188377e+03 6.109365249e+00 2.154377705e+00 1.959906993e-02 1.598736863e-01
9.544689379e+03 6.112953474e+00 2.166866984e+00 1.984126375e-02 1.606473062e-01
9.595190381e+03 6.116552400e+00 2.179343295e+00 2.008493278e-02 1.614211042e-01
9.645691383e+03 6.120161914e+00 2.191806616e+00 2.033007671e-02 1.621950837e-01
9.696192385e+03 6.123781907e+00 2.204256930e+00 2.057669521e-02 1.629692482e-01
9.746693387e+03 6.127412268e+00 2.216694216e+00 2.082478798e-02 1.637436008e-01
9.797194389e+03 6.131052887e+00 2.229118458e+00 2.107435472e-02 1.645181449e-01
9.847695391e+03 6.134703655e+00 2.241529639e+00 2.132539515e-02 1.652928838e-01
9.898196393e+03 6.138364461e+00 2.253927743e+00 2.157790900e-02 1.660678207e-01
9.948697395e+03 6.142035199e+00 2.266312753e+00 2.183189598e-02 1.668429589e-01
9.999198397e+03 6.145715759e+00 2.278684655e+00 2.208735584e-02 1.676183017e-01
1.004969940e+04 6.149406035e+00 2.291043435e+00 2.234428833e-02 1.683938521e-01
1.010020040e+04 6.153105918e+00 2.303389078e+00 2.260269321e-02 1.691696135e-01
1.015070140e+04 6.156815301e+00 2.315721572e+00 2.286257023e-02 1.699455889e-01
1.020120240e+04 6.160534079e+00 2.328040903e+00 2.312391917e-02 1.707217816e-01
1.025170341e+04 6.164262145e+00 2.340347059e+00 2.338673982e-02 1.714981947e-01
1.030220441e+04 6.167999394e+00 2.352640029e+00 2.365103196e-02 1.722748312e-01
1.035270541e+04 6.171745721e+00 2.364919800e+00 2.391679539e-02 1.730516943e-01
1.040320641e+04 6.175501020e+00 2.377186363e+00 2.418402991e-02 1.738287871e-01
1.045370741e+04 6.179265187e+00 2.389439705e+00 2.445273534e-02 1.746061127e-01
1.050420842e+04 6.183038117e+00 2.401679819e+00 2.472291149e-02 1.753836741e-01
1.055470942e+04 6.186819708e+00 2.413906692e+00 2.499455821e-02 1.761614743e-01
1.060521042e+04 6.190609854e+00 2.426120316e+00 2.526767531e-02 1.769395165e-01
1.065571142e+04 6.194408454e+00 2.438320682e+00 2.554226264e-02 1.777178037e-01
1.070621242e+04 6.198215404e+00 2.450507782e+00 2.581832006e-02 1.784963387e-01
1.075671343e+04 6.202030602e+00 2.462681605e+00 2.609584742e-02 1.792751247e-01
1.080721443e+04 6.205853946e+00 2.474842145e+00 2.637484459e-02 1.800541647e-01
1.085771543e+04 6.209685335e+00 2.486989393e+00 2.665531144e-02 1.808334615e-01
1.090821643e+04 6.213524668e+00 2.499123341e+00 2.693724784e-02 1.816130182e-01
1.095871743e+04 6.217371844e+00 2.511243982e+00 2.722065369e-02 1.823928378e-01
1.100921844e+04 6.221226763e+00 2.523351308e+00 2.750552888e-02 1.831729231e-01
1.105971944e+04 6.225089324e+00 2.535445313e+00 2.779187330e-02 1.839532772e-01
1.111022044e+04 6.228959429e+00 2.547525990e+00 2.807968686e-02 1.847339028e-01
1.116072144e+04 6.232836979e+00 2.559593332e+00 2.836896948e-02 1.855148030e-01
1.121122244e+04 6.236721874e+00 2.571647333e+00 2.865972107e-02 1.862959807e-01
1.126172345e+04 6.240614017e+00 2.583687986e+00 2.895194156e-02 1.870774387e-01
1.131222445e+04 6.244513310e+00 2.595715286e+00 2.924563088e-02 1.878591799e-01
1.136272545e+04 6.248419656e+00 2.607729226e+00 2.954078898e-02 1.886412072e-01
1.141322645e+04 6.252332959e+00 2.619729801e+00 2.983741579e-02 1.894235235e-01
1.146372745e+04 6.256253120e+00 2.631717005e+00 3.013551127e-02 1.902061317e-01
1.151422846e+04 6.260180044e+00 2.643690833e+00 3.043507537e-02 1.909890346e-01
1.156472946e+04 6.264113635e+00 2.655651279e+00 3.073610806e-02 1.917722350e-01
1.161523046e+04 6.268053795e+00 2.667598338e+00 3.103860931e-02 1.925557358e-01
1.166573146e+04 6.272000431e+00 2.679532005e+00 3.134257909e-02 1.933395398e-01
1.171623246e+04 6.275953446e+00 2.691452274e+00 3.164801738e-02 1.941236499e-01
1.176673347e+04 6.279912745e+00 2.703359142e+00 3.195492417e-02 1.949080688e-01
1.181723447e+04 6.283878235e+00 2.715252602e+00 3.226329946e-02 1.956927994e-01
1.186773547e+04 6.287849822e+00 2.727132651e+00 3.257314323e-02 1.964778446e-01
1.191823647e+04 6.291827412e+00 2.738999283e+00 3.288445550e-02 1.972632070e-01
1.196873747e+04 6.295810911e+00 2.750852495e+00 3.319723628e-02 1.980488894e-01
1.201923848e+04 6.299800229e+00 2.762692280e+00 3.351148557e-02 1.988348948e-01
1.206973948e+04 6.303795270e+00 2.774518635e+00 3.382720341e-02 1.996212258e-01
1.212024048e+04 6.307795945e+00 2.786331556e+00 3.414438981e-02 2.004078852e-01
1.217074148e+04 6.311802161e+00 2.798131037e+00 3.446304480e-02 2.011948759e-01
1.222124248e+04 6.315813828e+00 2.809917076e+00 3.478316843e-02 2.019822005e-01
1.227174349e+04 6.319830855e+00 2.821689667e+00 3.510476074e-02 2.027698619e-01
1.232224449e+04 6.323853151e+00 2.833448807e+00 3.542782177e-02 2.035578627e-01
1.237274549e+04 6.327880629e+00 2.845194491e+00 3.575235157e-02 2.043462058e-01
1.242324649e+04 6.331913199e+00 2.856926717e+00 3.607835020e-02 2.051348939e-01
1.247374749e+04 6.335950772e+00 2.868645479e+00 3.640581773e-02 2.059239298e-01
1.252424850e+04 6.339993258e+00 2.880350773e+00 3.673475421e-02 2.067133161e-01
1.257474950e+04 6.344040568e+00 2.892042597e+00 3.706515973e-02 2.075030556e-01
1.262525050e+04 6.348092615e+00 2.903720945e+00 3.739703436e-02 2.082931511e-01
1.267575150e+04 6.352149310e+00 2.915385815e+00 3.773037818e-02 2.090836052e-01
1.272625251e+04 6.356210564e+00 2.927037201e+00 3.806519128e-02 2.098744208e-01
1.277675351e+04 6.360276290e+00 2.938675101e+00 3.840147375e-02 2.106656004e-01
1.282725451e+04 6.364346401e+00 2.950299510e+00 3.873922568e-02 2.114571469e-01
1.287775551e+04 6.368420809e+00 2.961910424e+00 3.907844719e-02 2.122490629e-01
1.292825651e+04 6.372499429e+00 2.973507840e+00 3.941913836e-02 2.130413511e-01
1.297875752e+04 6.376582175e+00 2.985091754e+00 3.976129932e-02 2.138340143e-01
1.302925852e+04 6.380668964e+00 2.996662161e+00 4.010493017e-02 2.146270552e-01
1.307975952e+04 6.384759709e+00 3.008219059e+00 4.045003104e-02 2.154204764e-01
1.313026052e+04 6.388854328e+00 3.019762444e+00 4.079660205e-02 2.162142807e-01
1.318076152e+04 6.392952738e+00 3.031292312e+00 4.114464333e-02 2.170084706e-01
1.323126253e+04 6.397054854e+00 3.042808660e+00 4.149415501e-02 2.178030491e-01
1.328176353e+04 6.401160593e+00 3.054311485e+00 4.184513723e-02 2.185980186e-01
1.333226453e+04 6.405269870e+00 3.065800782e+00 4.219759012e-02 2.193933819e-01
1.338276553e+04 6.409382602e+00 3.077276548e+00 4.255151384e-02 2.201891417e-01
1.343326653e+04 6.413498708e+00 3.088738779e+00 4.290690854e-02 2.209853006e-01
1.348376754e+04 6.417618105e+00 3.100187471e+00 4.326377437e-02 2.217818614e-01
1.353426854e+04 6.421740713e+00 3.111622622e+00 4.362211148e-02 2.225788267e-01
1.358476954e+04 6.425866450e+00 3.123044227e+00 4.398192004e-02 2.233761991e-01
1.363527054e+04 6.429995235e+00 3.134452283e+00 4.434320022e-02 2.241739814e-01
1.368577154e+04 6.434126989e+00 3.145846787e+00 4.470595218e-02 2.249721761e-01
1.373627255e+04 6.438261630e+00 3.157227734e+00 4.507017611e-02 2.257707860e-01
1.378677355e+04 6.442399080e+00 3.168595123e+00 4.543587218e-02 2.265698138e-01
1.383727455e+04 6.446539258e+00 3.179948948e+00 4.580304057e-02 2.273692620e-01
1.388777555e+04 6.450682086e+00 3.191289207e+00 4.617168148e-02 2.281691333e-01
1.393827655e+04 6.454827484e+00 3.202615896e+00 4.654179508e-02 2.289694305e-01
1.398877756e+04 6.458975375e+00 3.213929011e+00 4.691338159e-02 2.297701560e-01
1.403927856e+04 6.463125680e+00 3.225228549e+00 4.728644118e-02 2.305713127e-01
1.408977956e+04 6.467278322e+00 3.236514507e+00 4.766097408e-02 2.313729031e-01
1.414028056e+04 6.471433225e+00 3.247786881e+00 4.803698048e-02 2.321749298e-01
1.419078156e+04 6.475590310e+00 3.259045668e+00 4.841446060e-02 2.329773956e-01
1.424128257e+04 6.479749502e+00 3.270290864e+00 4.879341465e-02 2.337803030e-01
1.429178357e+04 6.483910725e+00 3.281522467e+00 4.917384284e-02 2.345836547e-01
1.434228457e+04 6.488073902e+00 3.292740472e+00 4.955574540e-02 2.353874534e-01
1.439278557e+04 6.492238959e+00 3.303944876e+00 4.993912256e-02 2.361917016e-01
1.444328657e+04 6.496405820e+00 3.315135676e+00 5.032397454e-02 2.369964021e-01
1.449378758e+04 6.500574411e+00 3.326312868e+00 5.071030158e-02 2.378015573e-01
1.454428858e+04 6.504744657e+00 3.337476450e+00 5.109810392e-02 2.386071700e-01
1.459478958e+04 6.508916484e+00 3.348626418e+00 5.148738178e-02 2.394132429e-01
1.464529058e+04 6.513089819e+00 3.359762768e+00 5.187813543e-02 2.402197784e-01
1.469579158e+04 6.517264589e+00 3.370885497e+00 5.227036510e-02 2.410267793e-01
1.474629259e+04 6.521440721e+00 3.381994603e+00 5.266407105e-02 2.418342481e-01
1.479679359e+04 6.525618141e+00 3.393090081e+00 5.305925352e-02 2.426421876e-01
1.484729459e+04 6.529796779e+00 3.404171928e+00 5.345591279e-02 2.434506002e-01
1.489779559e+04 6.533976562e+00 3.415240142e+00 5.385404911e-02 2.442594887e-01
1.494829659e+04 6.538157420e+00 3.426294719e+00 5.425366274e-02 2.450688556e-01
1.499879760e+04 6.542339280e+00 3.437335655e+00 5.465475396e-02 2.458787036e-01
1.504929860e+04 6.546522073e+00 3.448362949e+00 5.505732304e-02 2.466890353e-01
1.509979960e+04 6.550705727e+00 3.459376596e+00 5.546137025e-02 2.474998532e-01
1.515030060e+04 6.554890174e+00 3.470376594e+00 5.586689587e-02 2.483111600e-01
1.520080160e+04 6.559075344e+00 3.481362940e+00 5.627390018e-02 2.491229584e-01
1.525130261e+04 6.563261166e+00 3.492335630e+00 5.668238348e-02 2.499352509e-01
1.530180361e+04 6.567447573e+00 3.503294661e+00 5.709234604e-02 2.507480400e-01
1.535230461e+04 6.571634496e+00 3.514240030e+00 5.750378817e-02 2.515613286e-01
1.540280561e+04 6.575821866e+00 3.525171735e+00 5.791671015e-02 2.523751190e-01
1.545330661e+04 6.580009615e+00 3.536089772e+00 5.833111229e-02 2.531894140e-01
1.550380762e+04 6.584197677e+00 3.546994139e+00 5.874699489e-02 2.540042162e-01
1.555430862e+04 6.588385985e+00 3.557884832e+00 5.916435825e-02 2.548195280e-01
1.560480962e+04 6.592574470e+00 3.568761849e+00 5.958320269e-02 2.556353523e-01
1.565531062e+04 6.596763067e+00 3.579625187e+00 6.000352852e-02 2.564516914e-01
1.570581162e+04 6.600951710e+00 3.590474842e+00 6.042533605e-02 2.572685481e-01
1.575631263e+04 6.605140333e+00 3.601310812e+00 6.084862560e-02 2.580859249e-01
1.580681363e+04 6.609328871e+00 3.612133095e+00 6.127339749e-02 2.589038245e-01
1.585731463e+04 6.613517259e+00 3.622941687e+00 6.169965205e-02 2.597222494e-01
1.590781563e+04 6.617705432e+00 3.633736586e+00 6.212738961e-02 2.605412022e-01
1.595831663e+04 6.621893326e+00 3.644517790e+00 6.255661050e-02 2.613606855e-01
1.600881764e+04 6.626080877e+00 3.655285296e+00 6.298731504e-02 2.621807019e-01
1.605931864e+04 6.630268022e+00 3.666039100e+00 6.341950359e-02 2.630012539e-01
1.610981964e+04 6.634454697e+00 3.676779201e+00 6.385317649e-02 2.638223443e-01
1.616032064e+04 6.638640840e+00 3.687505597e+00 6.428833406e-02 2.646439755e-01
1.621082164e+04 6.642826387e+00 3.698218284e+00 6.472497667e-02 2.654661501e-01
1.626132265e+04 6.647011278e+00 3.708917260e+00 6.516310467e-02 2.662888708e-01
1.631182365e+04 6.651195450e+00 3.719602523e+00 6.560271839e-02 2.671121401e-01
1.636232465e+04 6.655378841e+00 3.730274070e+00 6.604381822e-02 2.679359606e-01
1.641282565e+04 6.659561390e+00 3.740931900e+00 6.648640449e-02 2.687603348e-01
1.646332665e+04 6.663743038e+00 3.751576010e+00 6.693047758e-02 2.695852655e-01
1.651382766e+04 6.667923722e+00 3.762206397e+00 6.737603784e-02 2.704107550e-01
1.656432866e+04 6.672103384e+00 3.772823060e+00 6.782308566e-02 2.712368061e-01
1.661482966e+04 6.676281963e+00 3.783425996e+00 6.827162139e-02 2.720634212e-01
1.666533066e+04 6.680459400e+00 3.794015204e+00 6.872164542e-02 2.728906030e-01
1.671583166e+04 6.684635636e+00 3.804590681e+00 6.917315812e-02 2.737183541e-01
1.676633267e+04 6.688810612e+00 3.815152425e+00 6.962615987e-02 2.745466769e-01
1.681683367e+04 6.692984270e+00 3.825700434e+00 7.008065105e-02 2.753755742e-01
1.686733467e+04 6.697156553e+00 3.836234707e+00 7.053663206e-02 2.762050484e-01
1.691783567e+04 6.701327401e+00 3.846755241e+00 7.099410327e-02 2.770351021e-01
1.696833667e+04 6.705496759e+00 3.857262035e+00 7.145306508e-02 2.778657380e-01
1.701883768e+04 6.709664569e+00 3.867755088e+00 7.191351789e-02 2.786969585e-01
1.706933868e+04 6.713830775e+00 3.878234397e+00 7.237546209e-02 2.795287662e-01
1.711983968e+04 6.717995320e+00 3.888699961e+00 7.283889809e-02 2.803611638e-01
1.717034068e+04 6.722158149e+00 3.899151778e+00 7.330382628e-02 2.811941537e-01
1.722084168e+04 6.726319205e+00 3.909589848e+00 7.377024707e-02 2.820277386e-01
1.727134269e+04 6.730478435e+00 3.920014168e+00 7.423816088e-02 2.828619209e-01
1.732184369e+04 6.734635782e+00 3.930424737e+00 7.470756811e-02 2.836967033e-01
1.737234469e+04 6.738791193e+00 3.940821554e+00 7.517846917e-02 2.845320883e-01
1.742284569e+04 6.742944613e+00 3.951204617e+00 7.565086449e-02 2.853680786e-01
1.747334669e+04 6.747095988e+00 3.961573926e+00 7.612475449e-02 2.862046765e-01
1.752384770e+04 6.751245265e+00 3.971929479e+00 7.660013958e-02 2.870418848e-01
1.757434870e+04 6.755392390e+00 3.982271275e+00 7.707702020e-02 2.878797059e-01
1.762484970e+04 6.759537311e+00 3.992599313e+00 7.755539677e-02 2.887181425e-01
1.767535070e+04 6.763679975e+00 4.002913592e+00 7.803526972e-02 2.895571970e-01
1.772585170e+04 6.767820330e+00 4.013214111e+00 7.851663948e-02 2.903968720e-01
1.777635271e+04 6.771958324e+00 4.023500870e+00 7.899950650e-02 2.912371701e-01
1.782685371e+04 6.776093905e+00 4.033773867e+00 7.948387121e-02 2.920780939e-01
1.787735471e+04 6.780227022e+00 4.044033102e+00 7.996973406e-02 2.929196459e-01
1.792785571e+04 6.784357625e+00 4.054278574e+00 8.045709548e-02 2.937618286e-01
1.797835671e+04 6.788485662e+00 4.064510282e+00 8.094595592e-02 2.946046446e-01
1.802885772e+04 6.792611084e+00 4.074728226e+00 8.143631584e-02 2.954480964e-01
1.807935872e+04 6.796733840e+00 4.084932406e+00 8.192817569e-02 2.962921866e-01
1.812985972e+04 6.800853882e+00 4.095122822e+00 8.242153592e-02 2.971369178e-01
1.818036072e+04 6.804971161e+00 4.105299472e+00 8.291639698e-02 2.979822924e-01
1.823086172e+04 6.809085627e+00 4.115462357e+00 8.341275935e-02 2.988283131e-01
1.828136273e+04 6.813197232e+00 4.125611477e+00 8.391062348e-02 2.996749823e-01
1.833186373e+04 6.817305928e+00 4.135746832e+00 8.440998983e-02 3.005223027e-01
1.838236473e+04 6.821411667e+00 4.145868422e+00 8.491085888e-02 3.013702767e-01
1.843286573e+04 6.825514402e+00 4.155976247e+00 8.541323110e-02 3.022189069e-01
1.848336673e+04 6.829614086e+00 4.166070306e+00 8.591710695e-02 3.030681959e-01
1.853386774e+04 6.833710671e+00 4.176150601e+00 8.642248692e-02 3.039181462e-01
1.858436874e+04 6.837804111e+00 4.186217132e+00 8.692937148e-02 3.047687602e-01
1.863486974e+04 6.841894359e+00 4.196269898e+00 8.743776111e-02 3.056200407e-01
1.868537074e+04 6.845981371e+00 4.206308902e+00 8.794765630e-02 3.064719900e-01
1.873587174e+04 6.850065100e+00 4.216334142e+00 8.845905753e-02 3.073246108e-01
1.878637275e+04 6.854145501e+00 4.226345620e+00 8.897196529e-02 3.081779056e-01
1.883687375e+04 6.858222528e+00 4.236343335e+00 8.948638007e-02 3.090318768e-01
1.888737475e+04 6.862296138e+00 4.246327290e+00 9.000230236e-02 3.098865271e-01
1.893787575e+04 6.866366286e+00 4.256297485e+00 9.051973266e-02 3.107418590e-01
1.898837675e+04 6.870432928e+00 4.266253920e+00 9.103867147e-02 3.115978749e-01
1.903887776e+04 6.874496019e+00 4.276196596e+00 9.155911928e-02 3.124545775e-01
1.908937876e+04 6.878555517e+00 4.286125515e+00 9.208107660e-02 3.133119693e-01
1.913987976e+04 6.882611378e+00 4.296040676e+00 9.260454393e-02 3.141700527e-01
1.919038076e+04 6.886663559e+00 4.305942083e+00 9.312952179e-02 3.150288304e-01
1.924088176e+04 6.890712020e+00 4.315829736e+00 9.365601067e-02 3.158883048e-01
1.929138277e+04 6.894756717e+00 4.325703637e+00 9.418401110e-02 3.167484785e-01
1.934188377e+04 6.898797609e+00 4.335563787e+00 9.471352359e-02 3.176093540e-01
1.939238477e+04 6.902834655e+00 4.345410188e+00 9.524454865e-02 3.184709338e-01
1.944288577e+04 6.906867815e+00 4.355242841e+00 9.577708680e-02 3.193332205e-01
1.949338677e+04 6.910897046e+00 4.365061750e+00 9.631113857e-02 3.201962165e-01
1.954388778e+04 6.914922309e+00 4.374866915e+00 9.684670448e-02 3.210599245e-01
1.959438878e+04 6.918943564e+00 4.384658338e+00 9.738378505e-02 3.219243468e-01
1.964488978e+04 6.922960770e+00 4.394436022e+00 9.792238082e-02 3.227894860e-01
1.969539078e+04 6.926973889e+00 4.404199968e+00 9.846249232e-02 3.236553447e-01
1.974589178e+04 6.930982880e+00 4.413950179e+00 9.900412007e-02 3.245219254e-01
1.979639279e+04 6.934987706e+00 4.423686657e+00 9.954726461e-02 3.253892306e-01
1.984689379e+04 6.938988326e+00 4.433409405e+00 1.000919265e-01 3.262572627e-01
1.989739479e+04 6.942984704e+00 4.443118425e+00 1.006381062e-01 3.271260243e-01
1.994789579e+04 6.946976800e+00 4.452813719e+00 1.011858044e-01 3.279955180e-01
1.999839679e+04 6.950964576e+00 4.462495289e+00 1.017350215e-01 3.288657462e-01
2.004889780e+04 6.954947996e+00 4.472163139e+00 1.022857581e-01 3.297367115e-01
2.009939880e+04 6.958927022e+00 4.481817271e+00 1.028380148e-01 3.306084163e-01
2.014989980e+04 6.962901616e+00 4.491457687e+00 1.033917921e-01 3.314808632e-01
2.020040080e+04 6.966871743e+00 4.501084391e+00 1.039470905e-01 3.323540547e-01
2.025090180e+04 6.970837366e+00 4.510697386e+00 1.045039106e-01 3.332279932e-01
2.030140281e+04 6.974798449e+00 4.520296676e+00 1.050622531e-01 3.341026814e-01
2.035190381e+04 6.978754958e+00 4.529882263e+00 1.056221183e-01 3.349781216e-01
2.040240481e+04 6.982706857e+00 4.539454150e+00 1.061835069e-01 3.358543164e-01
2.045290581e+04 6.986654110e+00 4.549012343e+00 1.067464195e-01 3.367312684e-01
2.050340681e+04 6.990596685e+00 4.558556843e+00 1.073108566e-01 3.376089799e-01
2.055390782e+04 6.994534546e+00 4.568087655e+00 1.078768188e-01 3.384874536e-01
2.060440882e+04 6.998467659e+00 4.577604783e+00 1.084443066e-01 3.393666919e-01
2.065490982e+04 7.002395990e+00 4.587108230e+00 1.090133207e-01 3.402466973e-01
2.070541082e+04 7.006319506e+00 4.596598001e+00 1.095838616e-01 3.411274722e-01
2.075591182e+04 7.010238173e+00 4.606074099e+00 1.101559299e-01 3.420090193e-01
2.080641283e+04 7.014151960e+00 4.615536529e+00 1.107295261e-01 3.428913411e-01
2.085691383e+04 7.018060832e+00 4.624985295e+00 1.113046508e-01 3.437744399e-01
2.090741483e+04 7.021964759e+00 4.634420401e+00 1.118813047e-01 3.446583183e-01
2.095791583e+04 7.025863707e+00 4.643841852e+00 1.124594883e-01 3.455429787e-01
2.100841683e+04 7.029757644e+00 4.653249651e+00 1.130392022e-01 3.464284238e-01
2.105891784e+04 7.033646539e+00 4.662643803e+00 1.136204469e-01 3.473146559e-01
2.110941884e+04 7.037530360e+00 4.672024313e+00 1.142032232e-01 3.482016776e-01
2.115991984e+04 7.041409076e+00 4.681391186e+00 1.147875315e-01 3.490894914e-01
2.121042084e+04 7.045282656e+00 4.690744425e+00 1.153733724e-01 3.499780997e-01
2.126092184e+04 7.049151070e+00 4.700084036e+00 1.159607466e-01 3.508675050e-01
2.131142285e+04 7.053014289e+00 4.709410024e+00 1.165496547e-01 3.517577099e-01
2.136192385e+04 7.056872282e+00 4.718722395e+00 1.171400972e-01 3.526487167e-01
2.141242485e+04 7.060725020e+00 4.728021154e+00 1.177320748e-01 3.535405280e-01
2.146292585e+04 7.064572475e+00 4.737306306e+00 1.183255880e-01 3.544331463e-01
2.151342685e+04 7.068414618e+00 4.746577857e+00 1.189206375e-01 3.553265741e-01
2.156392786e+04 7.072251418e+00 4.755835812e+00 1.195172239e-01 3.562208138e-01
2.161442886e+04 7.076082850e+00 4.765080177e+00 1.201153477e-01 3.571158679e-01
2.166492986e+04 7.079908883e+00 4.774310958e+00 1.207150097e-01 3.580117389e-01
2.171543086e+04 7.083729490e+00 4.783528161e+00 1.213162104e-01 3.589084292e-01
2.176593186e+04 7.087544644e+00 4.792731791e+00 1.219189503e-01 3.598059414e-01
2.181643287e+04 7.091354317e+00 4.801921855e+00 1.225232303e-01 3.607042780e-01
2.186693387e+04 7.095158482e+00 4.811098358e+00 1.231290507e-01 3.616034413e-01
2.191743487e+04 7.098957113e+00 4.820261307e+00 1.237364124e-01 3.625034339e-01
2.196793587e+04 7.102750182e+00 4.829410707e+00 1.243453159e-01 3.634042582e-01
2.201843687e+04 7.106537664e+00 4.838546567e+00 1.249557617e-01 3.643059168e-01
2.206893788e+04 7.110319532e+00 4.847668891e+00 1.255677507e-01 3.652084121e-01
2.211943888e+04 7.114095762e+00 4.856777686e+00 1.261812833e-01 3.661117465e-01
2.216993988e+04 7.117866327e+00 4.865872961e+00 1.267963603e-01 3.670159225e-01
2.222044088e+04 7.121631203e+00 4.874954720e+00 1.274129821e-01 3.679209427e-01
2.227094188e+04 7.125390364e+00 4.884022971e+00 1.280311496e-01 3.688268094e-01
2.232144289e+04 7.129143786e+00 4.893077722e+00 1.286508632e-01 3.697335251e-01
2.237194389e+04 7.132891446e+00 4.902118978e+00 1.292721238e-01 3.706410923e-01
2.242244489e+04 7.136633317e+00 4.911146748e+00 1.298949317e-01 3.715495134e-01
2.247294589e+04 7.140369377e+00 4.920161039e+00 1.305192879e-01 3.724587910e-01
2.252344689e+04 7.144099603e+00 4.929161857e+00 1.311451927e-01 3.733689275e-01
2.257394790e+04 7.147823970e+00 4.938149211e+00 1.317726470e-01 3.742799253e-01
2.262444890e+04 7.151542455e+00 4.947123108e+00 1.324016514e-01 3.751917868e-01
2.267494990e+04 7.155255037e+00 4.956083556e+00 1.330322064e-01 3.761045147e-01
2.272545090e+04 7.158961692e+00 4.965030562e+00 1.336643128e-01 3.770181112e-01
2.277595190e+04 7.162662398e+00 4.973964135e+00 1.342979712e-01 3.779325789e-01
2.282645291e+04 7.166357133e+00 4.982884282e+00 1.349331823e-01 3.788479202e-01
2.287695391e+04 7.170045875e+00 4.991791012e+00 1.355699466e-01 3.797641376e-01
2.292745491e+04 7.173728603e+00 5.000684332e+00 1.362082649e-01 3.806812335e-01
2.297795591e+04 7.177405295e+00 5.009564252e+00 1.368481378e-01 3.815992104e-01
2.302845691e+04 7.181075931e+00 5.018430778e+00 1.374895660e-01 3.825180707e-01
2.307895792e+04 7.184740489e+00 5.027283920e+00 1.381325502e-01 3.834378169e-01
2.312945892e+04 7.188398950e+00 5.036123687e+00 1.387770909e-01 3.843584514e-01
2.317995992e+04 7.192051292e+00 5.044950087e+00 1.394231888e-01 3.852799767e-01
2.323046092e+04 7.195697495e+00 5.053763128e+00 1.400708447e-01 3.862023951e-01
2.328096192e+04 7.199337541e+00 5.062562820e+00 1.407200592e-01 3.871257092e-01
2.333146293e+04 7.202971409e+00 5.071349172e+00 1.413708329e-01 3.880499215e-01
2.338196393e+04 7.206599080e+00 5.080122192e+00 1.420231665e-01 3.889750342e-01
2.343246493e+04 7.210220535e+00 5.088881889e+00 1.426770607e-01 3.899010499e-01
2.348296593e+04 7.213835755e+00 5.097628274e+00 1.433325162e-01 3.908279711e-01
2.353346693e+04 7.217444722e+00 5.106361355e+00 1.439895336e-01 3.917558000e-01
2.358396794e+04 7.221047417e+00 5.115081142e+00 1.446481136e-01 3.926845393e-01
2.363446894e+04 7.224643822e+00 5.123787644e+00 1.453082569e-01 3.936141913e-01
2.368496994e+04 7.228233920e+00 5.132480871e+00 1.459699642e-01 3.945447585e-01
2.373547094e+04 7.231817692e+00 5.141160832e+00 1.466332360e-01 3.954762432e-01
2.378597194e+04 7.235395121e+00 5.149827538e+00 1.472980732e-01 3.964086480e-01
2.383647295e+04 7.238966190e+00 5.158480998e+00 1.479644764e-01 3.973419752e-01
2.388697395e+04 7.242530882e+00 5.167121223e+00 1.486324463e-01 3.982762273e-01
2.393747495e+04 7.246089180e+00 5.175748221e+00 1.493019836e-01 3.992114067e-01
2.398797595e+04 7.249641068e+00 5.184362005e+00 1.499730888e-01 4.001475159e-01
2.403847695e+04 7.253186530e+00 5.192962583e+00 1.506457628e-01 4.010845572e-01
2.408897796e+04 7.256725549e+00 5.201549966e+00 1.513200063e-01 4.020225331e-01
2.413947896e+04 7.260258110e+00 5.210124165e+00 1.519958198e-01 4.029614460e-01
2.418997996e+04 7.263784197e+00 5.218685191e+00 1.526732042e-01 4.039012983e-01
2.424048096e+04 7.267303796e+00 5.227233053e+00 1.533521600e-01 4.048420925e-01
2.429098196e+04 7.270816890e+00 5.235767763e+00 1.540326880e-01 4.057838310e-01
2.434148297e+04 7.274323465e+00 5.244289332e+00 1.547147889e-01 4.067265161e-01
2.439198397e+04 7.277823506e+00 5.252797770e+00 1.553984634e-01 4.076701504e-01
2.444248497e+04 7.281316999e+00 5.261293089e+00 1.560837121e-01 4.086147361e-01
2.449298597e+04 7.284803930e+00 5.269775299e+00 1.567705358e-01 4.095602758e-01
2.454348697e+04 7.288284285e+00 5.278244413e+00 1.574589352e-01 4.105067719e-01
2.459398798e+04 7.291758049e+00 5.286700440e+00 1.581489109e-01 4.114542267e-01
2.464448898e+04 7.295225210e+00 5.295143394e+00 1.588404637e-01 4.124026427e-01
2.469498998e+04 7.298685753e+00 5.303573284e+00 1.595335943e-01 4.133520222e-01
2.474549098e+04 7.302139667e+00 5.311990123e+00 1.602283033e-01 4.143023677e-01
2.479599198e+04 7.305586937e+00 5.320393923e+00 1.609245916e-01 4.152536817e-01
2.484649299e+04 7.309027551e+00 5.328784694e+00 1.616224597e-01 4.162059664e-01
2.489699399e+04 7.312461497e+00 5.337162450e+00 1.623219084e-01 4.171592243e-01
2.494749499e+04 7.315888762e+00 5.345527202e+00 1.630229383e-01 4.181134578e-01
2.499799599e+04 7.319309335e+00 5.353878961e+00 1.637255503e-01 4.190686694e-01
2.504849699e+04 7.322723202e+00 5.362217741e+00 1.644297451e-01 4.200248613e-01
2.509899800e+04 7.326130354e+00 5.370543553e+00 1.651355232e-01 4.209820360e-01
2.514949900e+04 7.329530777e+00 5.378856410e+00 1.658428855e-01 4.219401959e-01
2.520000000e+04 7.332924462e+00 5.387156323e+00 1.665518326e-01 4.228993434e-01
