time            Cj              Ck              Br             
0.000000000e+00 1.000000000e+01 1.000000000e-05 1.000000000e+01
3.006012024e+01 6.890925809e+00 2.596031637e-02 9.954363511e+00
6.012024048e+01 6.891778305e+00 6.175756311e-02 9.902139204e+00
9.018036072e+01 6.893139333e+00 9.738403295e-02 9.849928518e+00
1.202404810e+02 6.894680936e+00 1.328233347e-01 9.797742524e+00
1.503006012e+02 6.896399532e+00 1.680764704e-01 9.745584062e+00
1.803607214e+02 6.898292157e+00 2.031444413e-01 9.693455946e+00
2.104208417e+02 6.900355765e+00 2.380282223e-01 9.641360981e+00
2.404809619e+02 6.902587419e+00 2.727287719e-01 9.589301964e+00
2.705410822e+02 6.904984174e+00 3.072470289e-01 9.537281678e+00
3.006012024e+02 6.907543113e+00 3.415839124e-01 9.485302899e+00
3.306613226e+02 6.910261342e+00 3.757403251e-01 9.433368390e+00
3.607214429e+02 6.913135997e+00 4.097171492e-01 9.381480900e+00
3.907815631e+02 6.916164235e+00 4.435152489e-01 9.329643168e+00
4.208416834e+02 6.919343238e+00 4.771354721e-01 9.277857917e+00
4.509018036e+02 6.922670215e+00 5.105786505e-01 9.226127858e+00
4.809619238e+02 6.926142394e+00 5.438455991e-01 9.174455689e+00
5.110220441e+02 6.929757033e+00 5.769371173e-01 9.122844088e+00
5.410821643e+02 6.933511410e+00 6.098539883e-01 9.071295724e+00
5.711422846e+02 6.937402830e+00 6.425969811e-01 9.019813247e+00
6.012024048e+02 6.941428621e+00 6.751668489e-01 8.968399290e+00
6.312625251e+02 6.945586138e+00 7.075643317e-01 8.917056469e+00
6.613226453e+02 6.949872757e+00 7.397901550e-01 8.865787385e+00
6.913827655e+02 6.954285880e+00 7.718450312e-01 8.814594618e+00
7.214428858e+02 6.958822932e+00 8.037296604e-01 8.763480731e+00
7.515030060e+02 6.963481365e+00 8.354447286e-01 8.712448269e+00
7.815631263e+02 6.968258652e+00 8.669909093e-01 8.661499757e+00
8.116232465e+02 6.973152292e+00 8.983688655e-01 8.610637700e+00
8.416833667e+02 6.978159807e+00 9.295792481e-01 8.559864584e+00
8.717434870e+02 6.983278744e+00 9.606226970e-01 8.509182872e+00
9.018036072e+02 6.988506673e+00 9.914998407e-01 8.458595008e+00
9.318637275e+02 6.993841190e+00 1.022211299e+00 8.408103412e+00
9.619238477e+02 6.999279913e+00 1.052757681e+00 8.357710485e+00
9.919839679e+02 7.004820484e+00 1.083139585e+00 8.307418605e+00
1.022044088e+03 7.010460571e+00 1.113357602e+00 8.257230125e+00
1.052104208e+03 7.016197862e+00 1.143412311e+00 8.207147378e+00
1.082164329e+03 7.022030074e+00 1.173304283e+00 8.157172672e+00
1.112224449e+03 7.027954944e+00 1.203034084e+00 8.107308293e+00
1.142284569e+03 7.033970234e+00 1.232602267e+00 8.057556500e+00
1.172344689e+03 7.040073729e+00 1.262009380e+00 8.007919532e+00
1.202404810e+03 7.046263238e+00 1.291255963e+00 7.958399600e+00
1.232464930e+03 7.052536595e+00 1.320342549e+00 7.908998890e+00
1.262525050e+03 7.058891656e+00 1.349269665e+00 7.859719563e+00
1.292585170e+03 7.065326300e+00 1.378037829e+00 7.810563756e+00
1.322645291e+03 7.071838432e+00 1.406647555e+00 7.761533579e+00
1.352705411e+03 7.078425977e+00 1.435099349e+00 7.712631116e+00
1.382765531e+03 7.085086886e+00 1.463393715e+00 7.663858422e+00
1.412825651e+03 7.091819133e+00 1.491531149e+00 7.615217529e+00
1.442885772e+03 7.098620714e+00 1.519512141e+00 7.566710440e+00
1.472945892e+03 7.105489648e+00 1.547337176e+00 7.518339133e+00
1.503006012e+03 7.112423980e+00 1.575006738e+00 7.470105555e+00
1.533066132e+03 7.119421774e+00 1.602521303e+00 7.422011628e+00
1.563126253e+03 7.126481120e+00 1.629881345e+00 7.374059245e+00
1.593186373e+03 7.133600130e+00 1.657087331e+00 7.326250275e+00
1.623246493e+03 7.140776938e+00 1.684139728e+00 7.278586553e+00
1.653306613e+03 7.148009703e+00 1.711038998e+00 7.231069888e+00
1.683366733e+03 7.155296603e+00 1.737785600e+00 7.183702061e+00
1.713426854e+03 7.162635842e+00 1.764379987e+00 7.136484826e+00
1.743486974e+03 7.170025646e+00 1.790822614e+00 7.089419907e+00
1.773547094e+03 7.177464261e+00 1.817113932e+00 7.042508997e+00
1.803607214e+03 7.184949959e+00 1.843254387e+00 6.995753761e+00
1.833667335e+03 7.192481031e+00 1.869244425e+00 6.949155839e+00
1.863727455e+03 7.200055792e+00 1.895084489e+00 6.902716838e+00
1.893787575e+03 7.207672579e+00 1.920775022e+00 6.856438335e+00
1.923847695e+03 7.215329750e+00 1.946316465e+00 6.810321879e+00
1.953907816e+03 7.223025687e+00 1.971709254e+00 6.764368990e+00
1.983967936e+03 7.230758792e+00 1.996953828e+00 6.718581161e+00
2.014028056e+03 7.238527488e+00 2.022050623e+00 6.672959850e+00
2.044088176e+03 7.246330222e+00 2.047000075e+00 6.627506488e+00
2.074148297e+03 7.254165461e+00 2.071802617e+00 6.582222477e+00
2.104208417e+03 7.262031693e+00 2.096458683e+00 6.537109192e+00
2.134268537e+03 7.269927430e+00 2.120968707e+00 6.492167973e+00
2.164328657e+03 7.277851201e+00 2.145333121e+00 6.447400134e+00
2.194388778e+03 7.285801560e+00 2.169552359e+00 6.402806957e+00
2.224448898e+03 7.293777079e+00 2.193626852e+00 6.358389699e+00
2.254509018e+03 7.301776353e+00 2.217557033e+00 6.314149582e+00
2.284569138e+03 7.309797997e+00 2.241343335e+00 6.270087802e+00
2.314629259e+03 7.317840646e+00 2.264986191e+00 6.226205524e+00
2.344689379e+03 7.325902957e+00 2.288486033e+00 6.182503885e+00
2.374749499e+03 7.333983605e+00 2.311843296e+00 6.138983993e+00
2.404809619e+03 7.342081288e+00 2.335058413e+00 6.095646923e+00
2.434869739e+03 7.350194723e+00 2.358131821e+00 6.052493725e+00
2.464929860e+03 7.358322646e+00 2.381063954e+00 6.009525419e+00
2.494989980e+03 7.366463814e+00 2.403855249e+00 5.966742996e+00
2.525050100e+03 7.374617003e+00 2.426506144e+00 5.924147415e+00
2.555110220e+03 7.382781011e+00 2.449017078e+00 5.881739610e+00
2.585170341e+03 7.390954652e+00 2.471388489e+00 5.839520486e+00
2.615230461e+03 7.399136762e+00 2.493620819e+00 5.797490919e+00
2.645290581e+03 7.407326194e+00 2.515714511e+00 5.755651754e+00
2.675350701e+03 7.415521823e+00 2.537670008e+00 5.714003810e+00
2.705410822e+03 7.423722539e+00 2.559487754e+00 5.672547879e+00
2.735470942e+03 7.431927256e+00 2.581168196e+00 5.631284724e+00
2.765531062e+03 7.440134901e+00 2.602711782e+00 5.590215078e+00
2.795591182e+03 7.448344425e+00 2.624118962e+00 5.549339649e+00
2.825651303e+03 7.456554792e+00 2.645390186e+00 5.508659117e+00
2.855711423e+03 7.464764989e+00 2.666525907e+00 5.468174134e+00
2.885771543e+03 7.472974017e+00 2.687526581e+00 5.427885325e+00
2.915831663e+03 7.481180899e+00 2.708392663e+00 5.387793287e+00
2.945891784e+03 7.489384673e+00 2.729124611e+00 5.347898593e+00
2.975951904e+03 7.497584395e+00 2.749722884e+00 5.308201786e+00
3.006012024e+03 7.505779138e+00 2.770187946e+00 5.268703385e+00
3.036072144e+03 7.513967996e+00 2.790520259e+00 5.229403880e+00
3.066132265e+03 7.522150075e+00 2.810720289e+00 5.190303740e+00
3.096192385e+03 7.530324500e+00 2.830788503e+00 5.151403403e+00
3.126252505e+03 7.538490416e+00 2.850725371e+00 5.112703284e+00
3.156312625e+03 7.546646980e+00 2.870531364e+00 5.074203771e+00
3.186372745e+03 7.554793368e+00 2.890206956e+00 5.035905229e+00
3.216432866e+03 7.562928772e+00 2.909752622e+00 4.997807997e+00
3.246492986e+03 7.571052401e+00 2.929168838e+00 4.959912389e+00
3.276553106e+03 7.579163479e+00 2.948456086e+00 4.922218695e+00
3.306613226e+03 7.587261246e+00 2.967614845e+00 4.884727179e+00
3.336673347e+03 7.595344959e+00 2.986645600e+00 4.847438085e+00
3.366733467e+03 7.603413889e+00 3.005548836e+00 4.810351629e+00
3.396793587e+03 7.611467323e+00 3.024325039e+00 4.773468005e+00
3.426853707e+03 7.619504565e+00 3.042974701e+00 4.736787385e+00
3.456913828e+03 7.627524931e+00 3.061498311e+00 4.700309918e+00
3.486973948e+03 7.635527755e+00 3.079896364e+00 4.664035728e+00
3.517034068e+03 7.643512384e+00 3.098169354e+00 4.627964917e+00
3.547094188e+03 7.651478181e+00 3.116317780e+00 4.592097566e+00
3.577154309e+03 7.659424521e+00 3.134342141e+00 4.556433734e+00
3.607214429e+03 7.667350797e+00 3.152242937e+00 4.520973458e+00
3.637274549e+03 7.675256413e+00 3.170020672e+00 4.485716753e+00
3.667334669e+03 7.683140789e+00 3.187675852e+00 4.450663613e+00
3.697394790e+03 7.691003358e+00 3.205208983e+00 4.415814011e+00
3.727454910e+03 7.698843567e+00 3.222620575e+00 4.381167899e+00
3.757515030e+03 7.706660877e+00 3.239911136e+00 4.346725211e+00
3.787575150e+03 7.714454760e+00 3.257081180e+00 4.312485858e+00
3.817635271e+03 7.722224704e+00 3.274131222e+00 4.278449733e+00
3.847695391e+03 7.729970210e+00 3.291061777e+00 4.244616707e+00
3.877755511e+03 7.737690790e+00 3.307873364e+00 4.210986635e+00
3.907815631e+03 7.745385970e+00 3.324566500e+00 4.177559351e+00
3.937875752e+03 7.753055289e+00 3.341141707e+00 4.144334671e+00
3.967935872e+03 7.760698296e+00 3.357599509e+00 4.111312392e+00
3.997995992e+03 7.768314556e+00 3.373940429e+00 4.078492293e+00
4.028056112e+03 7.775903643e+00 3.390164994e+00 4.045874135e+00
4.058116232e+03 7.783465145e+00 3.406273729e+00 4.013457662e+00
4.088176353e+03 7.790998661e+00 3.422267164e+00 3.981242600e+00
4.118236473e+03 7.798503800e+00 3.438145829e+00 3.949228658e+00
4.148296593e+03 7.805980186e+00 3.453910256e+00 3.917415529e+00
4.178356713e+03 7.813427450e+00 3.469560978e+00 3.885802889e+00
4.208416834e+03 7.820845239e+00 3.485098529e+00 3.854390396e+00
4.238476954e+03 7.828233208e+00 3.500523444e+00 3.823177696e+00
4.268537074e+03 7.835591022e+00 3.515836260e+00 3.792164415e+00
4.298597194e+03 7.842918360e+00 3.531037516e+00 3.761350166e+00
4.328657315e+03 7.850214908e+00 3.546127750e+00 3.730734547e+00
4.358717435e+03 7.857480366e+00 3.561107502e+00 3.700317141e+00
4.388777555e+03 7.864714441e+00 3.575977314e+00 3.670097514e+00
4.418837675e+03 7.871916852e+00 3.590737728e+00 3.640075222e+00
4.448897796e+03 7.879087326e+00 3.605389287e+00 3.610249803e+00
4.478957916e+03 7.886225604e+00 3.619932535e+00 3.580620783e+00
4.509018036e+03 7.893331432e+00 3.634368018e+00 3.551187676e+00
4.539078156e+03 7.900404568e+00 3.648696280e+00 3.521949979e+00
4.569138277e+03 7.907444779e+00 3.662917869e+00 3.492907179e+00
4.599198397e+03 7.914451840e+00 3.677033333e+00 3.464058750e+00
4.629258517e+03 7.921425537e+00 3.691043218e+00 3.435404152e+00
4.659318637e+03 7.928365665e+00 3.704948075e+00 3.406942835e+00
4.689378758e+03 7.935272025e+00 3.718748451e+00 3.378674235e+00
4.719438878e+03 7.942144430e+00 3.732444898e+00 3.350597777e+00
4.749498998e+03 7.948982698e+00 3.746037964e+00 3.322712876e+00
4.779559118e+03 7.955786660e+00 3.759528202e+00 3.295018934e+00
4.809619238e+03 7.962556151e+00 3.772916161e+00 3.267515343e+00
4.839679359e+03 7.969291016e+00 3.786202394e+00 3.240201484e+00
4.869739479e+03 7.975991109e+00 3.799387453e+00 3.213076729e+00
4.899799599e+03 7.982656288e+00 3.812471889e+00 3.186140437e+00
4.929859719e+03 7.989286423e+00 3.825456255e+00 3.159391960e+00
4.959919840e+03 7.995881390e+00 3.838341103e+00 3.132830638e+00
4.989979960e+03 8.002441072e+00 3.851126986e+00 3.106455804e+00
5.020040080e+03 8.008965359e+00 3.863814456e+00 3.080266780e+00
5.050100200e+03 8.015454149e+00 3.876404066e+00 3.054262880e+00
5.080160321e+03 8.021907347e+00 3.888896369e+00 3.028443409e+00
5.110220441e+03 8.028324865e+00 3.901291917e+00 3.002807663e+00
5.140280561e+03 8.034706620e+00 3.913591263e+00 2.977354930e+00
5.170340681e+03 8.041052540e+00 3.925794959e+00 2.952084491e+00
5.200400802e+03 8.047362554e+00 3.937903556e+00 2.926995620e+00
5.230460922e+03 8.053636601e+00 3.949917608e+00 2.902087580e+00
5.260521042e+03 8.059874626e+00 3.961837665e+00 2.877359630e+00
5.290581162e+03 8.066076579e+00 3.973664278e+00 2.852811019e+00
5.320641283e+03 8.072242417e+00 3.985397998e+00 2.828440992e+00
5.350701403e+03 8.078372103e+00 3.997039376e+00 2.804248786e+00
5.380761523e+03 8.084465605e+00 4.008588961e+00 2.780233633e+00
5.410821643e+03 8.090522898e+00 4.020047303e+00 2.756394756e+00
5.440881764e+03 8.096543961e+00 4.031414950e+00 2.732731372e+00
5.470941884e+03 8.102528780e+00 4.042692451e+00 2.709242697e+00
5.501002004e+03 8.108477345e+00 4.053880353e+00 2.685927936e+00
5.531062124e+03 8.114389652e+00 4.064979203e+00 2.662786291e+00
5.561122244e+03 8.120265703e+00 4.075989547e+00 2.639816959e+00
5.591182365e+03 8.126105503e+00 4.086911930e+00 2.617019130e+00
5.621242485e+03 8.131909065e+00 4.097746897e+00 2.594391992e+00
5.651302605e+03 8.137676403e+00 4.108494991e+00 2.571934727e+00
5.681362725e+03 8.143407539e+00 4.119156755e+00 2.549646512e+00
5.711422846e+03 8.149102498e+00 4.129732732e+00 2.527526520e+00
5.741482966e+03 8.154761311e+00 4.140223460e+00 2.505573921e+00
5.771543086e+03 8.160384010e+00 4.150629482e+00 2.483787880e+00
5.801603206e+03 8.165970636e+00 4.160951335e+00 2.462167559e+00
5.831663327e+03 8.171521231e+00 4.171189556e+00 2.440712117e+00
5.861723447e+03 8.177035842e+00 4.181344683e+00 2.419420707e+00
5.891783567e+03 8.182514521e+00 4.191417251e+00 2.398292481e+00
5.921843687e+03 8.187957323e+00 4.201407794e+00 2.377326588e+00
5.951903808e+03 8.193364306e+00 4.211316846e+00 2.356522175e+00
5.981963928e+03 8.198735534e+00 4.221144937e+00 2.335878384e+00
6.012024048e+03 8.204071072e+00 4.230892598e+00 2.315394355e+00
6.042084168e+03 8.209370992e+00 4.240560359e+00 2.295069228e+00
6.072144289e+03 8.214635367e+00 4.250148746e+00 2.274902137e+00
6.102204409e+03 8.219864273e+00 4.259658288e+00 2.254892218e+00
6.132264529e+03 8.225057791e+00 4.269089507e+00 2.235038603e+00
6.162324649e+03 8.230216004e+00 4.278442928e+00 2.215340421e+00
6.192384770e+03 8.235339001e+00 4.287719073e+00 2.195796802e+00
6.222444890e+03 8.240426869e+00 4.296918462e+00 2.176406872e+00
6.252505010e+03 8.245479703e+00 4.306041614e+00 2.157169759e+00
6.282565130e+03 8.250497598e+00 4.315089046e+00 2.138084588e+00
6.312625251e+03 8.255480653e+00 4.324061275e+00 2.119150482e+00
6.342685371e+03 8.260428969e+00 4.332958814e+00 2.100366563e+00
6.372745491e+03 8.265342650e+00 4.341782175e+00 2.081731955e+00
6.402805611e+03 8.270221803e+00 4.350531870e+00 2.063245779e+00
6.432865731e+03 8.275066538e+00 4.359208407e+00 2.044907156e+00
6.462925852e+03 8.279876966e+00 4.367812294e+00 2.026715208e+00
6.492985972e+03 8.284653202e+00 4.376344036e+00 2.008669053e+00
6.523046092e+03 8.289395362e+00 4.384804137e+00 1.990767814e+00
6.553106212e+03 8.294103565e+00 4.393193099e+00 1.973010611e+00
6.583166333e+03 8.298777932e+00 4.401511423e+00 1.955396564e+00
6.613226453e+03 8.303418586e+00 4.409759605e+00 1.937924793e+00
6.643286573e+03 8.308025653e+00 4.417938144e+00 1.920594420e+00
6.673346693e+03 8.312599260e+00 4.426047533e+00 1.903404567e+00
6.703406814e+03 8.317139535e+00 4.434088264e+00 1.886354355e+00
6.733466934e+03 8.321646610e+00 4.442060829e+00 1.869442909e+00
6.763527054e+03 8.326120618e+00 4.449965716e+00 1.852669350e+00
6.793587174e+03 8.330561694e+00 4.457803412e+00 1.836032803e+00
6.823647295e+03 8.334969973e+00 4.465574402e+00 1.819532394e+00
6.853707415e+03 8.339345594e+00 4.473279168e+00 1.803167250e+00
6.883767535e+03 8.343688697e+00 4.480918190e+00 1.786936498e+00
6.913827655e+03 8.347999422e+00 4.488491949e+00 1.770839267e+00
6.943887776e+03 8.352277912e+00 4.496000919e+00 1.754874686e+00
6.973947896e+03 8.356524311e+00 4.503445576e+00 1.739041888e+00
7.004008016e+03 8.360738764e+00 4.510826392e+00 1.723340007e+00
7.034068136e+03 8.364921417e+00 4.518143836e+00 1.707768176e+00
7.064128257e+03 8.369072420e+00 4.525398378e+00 1.692325533e+00
7.094188377e+03 8.373191920e+00 4.532590484e+00 1.677011216e+00
7.124248497e+03 8.377280069e+00 4.539720616e+00 1.661824364e+00
7.154308617e+03 8.381337017e+00 4.546789238e+00 1.646764120e+00
7.184368737e+03 8.385362916e+00 4.553796807e+00 1.631829628e+00
7.214428858e+03 8.389357921e+00 4.560743782e+00 1.617020035e+00
7.244488978e+03 8.393322185e+00 4.567630618e+00 1.602334488e+00
7.274549098e+03 8.397255864e+00 4.574457767e+00 1.587772138e+00
7.304609218e+03 8.401159114e+00 4.581225681e+00 1.573332138e+00
7.334669339e+03 8.405032092e+00 4.587934807e+00 1.559013643e+00
7.364729459e+03 8.408874956e+00 4.594585591e+00 1.544815812e+00
7.394789579e+03 8.412687863e+00 4.601178479e+00 1.530737803e+00
7.424849699e+03 8.416470975e+00 4.607713911e+00 1.516778779e+00
7.454909820e+03 8.420224449e+00 4.614192326e+00 1.502937907e+00
7.484969940e+03 8.423948447e+00 4.620614162e+00 1.489214355e+00
7.515030060e+03 8.427643130e+00 4.626979854e+00 1.475607292e+00
7.545090180e+03 8.431308659e+00 4.633289834e+00 1.462115892e+00
7.575150301e+03 8.434945197e+00 4.639544532e+00 1.448739331e+00
7.605210421e+03 8.438552906e+00 4.645744377e+00 1.435476790e+00
7.635270541e+03 8.442131949e+00 4.651889793e+00 1.422327450e+00
7.665330661e+03 8.445682490e+00 4.657981205e+00 1.409290497e+00
7.695390782e+03 8.449204692e+00 4.664019032e+00 1.396365117e+00
7.725450902e+03 8.452698719e+00 4.670003695e+00 1.383550503e+00
7.755511022e+03 8.456164737e+00 4.675935608e+00 1.370845850e+00
7.785571142e+03 8.459602909e+00 4.681815186e+00 1.358250355e+00
7.815631263e+03 8.463013400e+00 4.687642841e+00 1.345763218e+00
7.845691383e+03 8.466396377e+00 4.693418982e+00 1.333383644e+00
7.875751503e+03 8.469752003e+00 4.699144015e+00 1.321110840e+00
7.905811623e+03 8.473080444e+00 4.704818346e+00 1.308944018e+00
7.935871743e+03 8.476381867e+00 4.710442376e+00 1.296882390e+00
7.965931864e+03 8.479656436e+00 4.716016506e+00 1.284925175e+00
7.995991984e+03 8.482904317e+00 4.721541133e+00 1.273071594e+00
8.026052104e+03 8.486125676e+00 4.727016651e+00 1.261320870e+00
8.056112224e+03 8.489320679e+00 4.732443455e+00 1.249672232e+00
8.086172345e+03 8.492489492e+00 4.737821934e+00 1.238124912e+00
8.116232465e+03 8.495632279e+00 4.743152476e+00 1.226678144e+00
8.146292585e+03 8.498749207e+00 4.748435468e+00 1.215331167e+00
8.176352705e+03 8.501840442e+00 4.753671292e+00 1.204083223e+00
8.206412826e+03 8.504906148e+00 4.758860330e+00 1.192933558e+00
8.236472946e+03 8.507946491e+00 4.764002959e+00 1.181881423e+00
8.266533066e+03 8.510961636e+00 4.769099558e+00 1.170926069e+00
8.296593186e+03 8.513951747e+00 4.774150499e+00 1.160066755e+00
8.326653307e+03 8.516916991e+00 4.779156154e+00 1.149302740e+00
8.356713427e+03 8.519857530e+00 4.784116892e+00 1.138633289e+00
8.386773547e+03 8.522773530e+00 4.789033081e+00 1.128057672e+00
8.416833667e+03 8.525665154e+00 4.793905084e+00 1.117575159e+00
8.446893788e+03 8.528532566e+00 4.798733265e+00 1.107185026e+00
8.476953908e+03 8.531375929e+00 4.803517982e+00 1.096886553e+00
8.507014028e+03 8.534195407e+00 4.808259595e+00 1.086679024e+00
8.537074148e+03 8.536991161e+00 4.812958457e+00 1.076561727e+00
8.567134269e+03 8.539763355e+00 4.817614921e+00 1.066533952e+00
8.597194389e+03 8.542512150e+00 4.822229339e+00 1.056594995e+00
8.627254509e+03 8.545237709e+00 4.826802059e+00 1.046744155e+00
8.657314629e+03 8.547940192e+00 4.831333426e+00 1.036980735e+00
8.687374749e+03 8.550619759e+00 4.835823784e+00 1.027304042e+00
8.717434870e+03 8.553276572e+00 4.840273475e+00 1.017713387e+00
8.747494990e+03 8.555910790e+00 4.844682837e+00 1.008208085e+00
8.777555110e+03 8.558522573e+00 4.849052207e+00 9.987874539e-01
8.807615230e+03 8.561112079e+00 4.853381920e+00 9.894508169e-01
8.837675351e+03 8.563679467e+00 4.857672309e+00 9.801975010e-01
8.867735471e+03 8.566224895e+00 4.861923702e+00 9.710268369e-01
8.897795591e+03 8.568748520e+00 4.866136428e+00 9.619381593e-01
8.927855711e+03 8.571250499e+00 4.870310811e+00 9.529308072e-01
8.957915832e+03 8.573730990e+00 4.874447176e+00 9.440041219e-01
8.987975952e+03 8.576190146e+00 4.878545842e+00 9.351574506e-01
9.018036072e+03 8.578628124e+00 4.882607129e+00 9.263901442e-01
9.048096192e+03 8.581045079e+00 4.886631353e+00 9.177015572e-01
9.078156313e+03 8.583441164e+00 4.890618828e+00 9.090910483e-01
9.108216433e+03 8.585816532e+00 4.894569866e+00 9.005579801e-01
9.138276553e+03 8.588171338e+00 4.898484777e+00 8.921017182e-01
9.168336673e+03 8.590505733e+00 4.902363868e+00 8.837216339e-01
9.198396794e+03 8.592819868e+00 4.906207446e+00 8.754171016e-01
9.228456914e+03 8.595113896e+00 4.910015812e+00 8.671875000e-01
9.258517034e+03 8.597387965e+00 4.913789268e+00 8.590322116e-01
9.288577154e+03 8.599642226e+00 4.917528113e+00 8.509506228e-01
9.318637275e+03 8.601876829e+00 4.921232642e+00 8.429421234e-01
9.348697395e+03 8.604091921e+00 4.924903152e+00 8.350061083e-01
9.378757515e+03 8.606287650e+00 4.928539933e+00 8.271419760e-01
9.408817635e+03 8.608464163e+00 4.932143276e+00 8.193491288e-01
9.438877756e+03 8.610621607e+00 4.935713469e+00 8.116269733e-01
9.468937876e+03 8.612760128e+00 4.939250798e+00 8.039749190e-01
9.498997996e+03 8.614879870e+00 4.942755548e+00 7.963923800e-01
9.529058116e+03 8.616980978e+00 4.946227999e+00 7.888787749e-01
9.559118236e+03 8.619063596e+00 4.949668433e+00 7.814335258e-01
9.589178357e+03 8.621127865e+00 4.953077125e+00 7.740560586e-01
9.619238477e+03 8.623173930e+00 4.956454352e+00 7.667458036e-01
9.649298597e+03 8.625201930e+00 4.959800387e+00 7.595021946e-01
9.679358717e+03 8.627212007e+00 4.963115501e+00 7.523246679e-01
9.709418838e+03 8.629204301e+00 4.966399963e+00 7.452126659e-01
9.739478958e+03 8.631178952e+00 4.969654041e+00 7.381656342e-01
9.769539078e+03 8.633136096e+00 4.972877999e+00 7.311830222e-01
9.799599198e+03 8.635075873e+00 4.976072100e+00 7.242642831e-01
9.829659319e+03 8.636998419e+00 4.979236606e+00 7.174088741e-01
9.859719439e+03 8.638903871e+00 4.982371777e+00 7.106162559e-01
9.889779559e+03 8.640792365e+00 4.985477869e+00 7.038858922e-01
9.919839679e+03 8.642664035e+00 4.988555138e+00 6.972172521e-01
9.949899800e+03 8.644519015e+00 4.991603837e+00 6.906098080e-01
9.979959920e+03 8.646357438e+00 4.994624217e+00 6.840630359e-01
1.001002004e+04 8.648179438e+00 4.997616529e+00 6.775764159e-01
1.004008016e+04 8.649985145e+00 5.000581018e+00 6.711494316e-01
1.007014028e+04 8.651774691e+00 5.003517930e+00 6.647815697e-01
1.010020040e+04 8.653548206e+00 5.006427510e+00 6.584723212e-01
1.013026052e+04 8.655305820e+00 5.009309998e+00 6.522211811e-01
1.016032064e+04 8.657047661e+00 5.012165634e+00 6.460276479e-01
1.019038076e+04 8.658773857e+00 5.014994657e+00 6.398912238e-01
1.022044088e+04 8.660484536e+00 5.017797302e+00 6.338114148e-01
1.025050100e+04 8.662179823e+00 5.020573803e+00 6.277877303e-01
1.028056112e+04 8.663859845e+00 5.023324392e+00 6.218196828e-01
1.031062124e+04 8.665524726e+00 5.026049301e+00 6.159067894e-01
1.034068136e+04 8.667174590e+00 5.028748757e+00 6.100485705e-01
1.037074148e+04 8.668809561e+00 5.031422987e+00 6.042445501e-01
1.040080160e+04 8.670429761e+00 5.034072217e+00 5.984942558e-01
1.043086172e+04 8.672035312e+00 5.036696669e+00 5.927972188e-01
1.046092184e+04 8.673626335e+00 5.039296564e+00 5.871529736e-01
1.049098196e+04 8.675202950e+00 5.041872123e+00 5.815610580e-01
1.052104208e+04 8.676765276e+00 5.044423563e+00 5.760210140e-01
1.055110220e+04 8.678313433e+00 5.046951100e+00 5.705323868e-01
1.058116232e+04 8.679847537e+00 5.049454948e+00 5.650947252e-01
1.061122244e+04 8.681367707e+00 5.051935320e+00 5.597075814e-01
1.064128257e+04 8.682874057e+00 5.054392427e+00 5.543705110e-01
1.067134269e+04 8.684366705e+00 5.056826478e+00 5.490830728e-01
1.070140281e+04 8.685845765e+00 5.059237680e+00 5.438448291e-01
1.073146293e+04 8.687311351e+00 5.061626239e+00 5.386553461e-01
1.076152305e+04 8.688763576e+00 5.063992358e+00 5.335141929e-01
1.079158317e+04 8.690202552e+00 5.066336241e+00 5.284209422e-01
1.082164329e+04 8.691628391e+00 5.068658087e+00 5.233751699e-01
1.085170341e+04 8.693041205e+00 5.070958097e+00 5.183764555e-01
1.088176353e+04 8.694441103e+00 5.073236466e+00 5.134243809e-01
1.091182365e+04 8.695828195e+00 5.075493392e+00 5.085185324e-01
1.094188377e+04 8.697202590e+00 5.077729068e+00 5.036584991e-01
1.097194389e+04 8.698564395e+00 5.079943686e+00 4.988438734e-01
1.100200401e+04 8.699913718e+00 5.082137438e+00 4.940742511e-01
1.103206413e+04 8.701250664e+00 5.084310512e+00 4.893492309e-01
1.106212425e+04 8.702575341e+00 5.086463097e+00 4.846684150e-01
1.109218437e+04 8.703887852e+00 5.088595378e+00 4.800314082e-01
1.112224449e+04 8.705188302e+00 5.090707541e+00 4.754378193e-01
1.115230461e+04 8.706476794e+00 5.092799768e+00 4.708872598e-01
1.118236473e+04 8.707753431e+00 5.094872241e+00 4.663793443e-01
1.121242485e+04 8.709018315e+00 5.096925140e+00 4.619136907e-01
1.124248497e+04 8.710271547e+00 5.098958643e+00 4.574899199e-01
1.127254509e+04 8.711513227e+00 5.100972927e+00 4.531076558e-01
1.130260521e+04 8.712743456e+00 5.102968169e+00 4.487665252e-01
1.133266533e+04 8.713962331e+00 5.104944540e+00 4.444661584e-01
1.136272545e+04 8.715169953e+00 5.106902215e+00 4.402061885e-01
1.139278557e+04 8.716366417e+00 5.108841364e+00 4.359862514e-01
1.142284569e+04 8.717551822e+00 5.110762158e+00 4.318059862e-01
1.145290581e+04 8.718726262e+00 5.112664763e+00 4.276650351e-01
1.148296593e+04 8.719889834e+00 5.114549347e+00 4.235630427e-01
1.151302605e+04 8.721042632e+00 5.116416075e+00 4.194996571e-01
1.154308617e+04 8.722184750e+00 5.118265110e+00 4.154745290e-01
1.157314629e+04 8.723316281e+00 5.120096616e+00 4.114873121e-01
1.160320641e+04 8.724437318e+00 5.121910754e+00 4.075376630e-01
1.163326653e+04 8.725547953e+00 5.123707683e+00 4.036252410e-01
1.166332665e+04 8.726648277e+00 5.125487561e+00 3.997497084e-01
1.169338677e+04 8.727738381e+00 5.127250546e+00 3.959107301e-01
1.172344689e+04 8.728818353e+00 5.128996792e+00 3.921079740e-01
1.175350701e+04 8.729888284e+00 5.130726455e+00 3.883411107e-01
1.178356713e+04 8.730948262e+00 5.132439688e+00 3.846098137e-01
1.181362725e+04 8.731998374e+00 5.134136641e+00 3.809137588e-01
1.184368737e+04 8.733038707e+00 5.135817465e+00 3.772526251e-01
1.187374749e+04 8.734069349e+00 5.137482310e+00 3.736260940e-01
1.190380762e+04 8.735090383e+00 5.139131322e+00 3.700338498e-01
1.193386774e+04 8.736101897e+00 5.140764648e+00 3.664755792e-01
1.196392786e+04 8.737103973e+00 5.142382434e+00 3.629509718e-01
1.199398798e+04 8.738096696e+00 5.143984823e+00 3.594597199e-01
1.202404810e+04 8.739080149e+00 5.145571958e+00 3.560015180e-01
1.205410822e+04 8.740054414e+00 5.147143980e+00 3.525760636e-01
1.208416834e+04 8.741019573e+00 5.148701030e+00 3.491830567e-01
1.211422846e+04 8.741975706e+00 5.150243246e+00 3.458221996e-01
1.214428858e+04 8.742922895e+00 5.151770765e+00 3.424931975e-01
1.217434870e+04 8.743861219e+00 5.153283726e+00 3.391957579e-01
1.220440882e+04 8.744790758e+00 5.154782262e+00 3.359295907e-01
1.223446894e+04 8.745711589e+00 5.156266507e+00 3.326944086e-01
1.226452906e+04 8.746623791e+00 5.157736596e+00 3.294899265e-01
1.229458918e+04 8.747527442e+00 5.159192659e+00 3.263158619e-01
1.232464930e+04 8.748422617e+00 5.160634827e+00 3.231719348e-01
1.235470942e+04 8.749309393e+00 5.162063229e+00 3.200578672e-01
1.238476954e+04 8.750187845e+00 5.163477994e+00 3.169733841e-01
1.241482966e+04 8.751058048e+00 5.164879249e+00 3.139182123e-01
1.244488978e+04 8.751920077e+00 5.166267119e+00 3.108920813e-01
1.247494990e+04 8.752774004e+00 5.167641731e+00 3.078947231e-01
1.250501002e+04 8.753619903e+00 5.169003207e+00 3.049258715e-01
1.253507014e+04 8.754457847e+00 5.170351670e+00 3.019852632e-01
1.256513026e+04 8.755287906e+00 5.171687242e+00 2.990726366e-01
1.259519038e+04 8.756110153e+00 5.173010044e+00 2.961877329e-01
1.262525050e+04 8.756924658e+00 5.174320194e+00 2.933302952e-01
1.265531062e+04 8.757731491e+00 5.175617811e+00 2.905000689e-01
1.268537074e+04 8.758530721e+00 5.176903013e+00 2.876968021e-01
1.271543086e+04 8.759322418e+00 5.178175915e+00 2.849202443e-01
1.274549098e+04 8.760106649e+00 5.179436633e+00 2.821701478e-01
1.277555110e+04 8.760883483e+00 5.180685282e+00 2.794462668e-01
1.280561122e+04 8.761652987e+00 5.181921973e+00 2.767483578e-01
1.283567134e+04 8.762415227e+00 5.183146821e+00 2.740761791e-01
1.286573146e+04 8.763170269e+00 5.184359934e+00 2.714294918e-01
1.289579158e+04 8.763918180e+00 5.185561425e+00 2.688080585e-01
1.292585170e+04 8.764659023e+00 5.186751401e+00 2.662116441e-01
1.295591182e+04 8.765392863e+00 5.187929971e+00 2.636400157e-01
1.298597194e+04 8.766119765e+00 5.189097243e+00 2.610929421e-01
1.301603206e+04 8.766839792e+00 5.190253322e+00 2.585701945e-01
1.304609218e+04 8.767553006e+00 5.191398314e+00 2.560715459e-01
1.307615230e+04 8.768259469e+00 5.192532323e+00 2.535967716e-01
1.310621242e+04 8.768959244e+00 5.193655452e+00 2.511456487e-01
1.313627255e+04 8.769652392e+00 5.194767804e+00 2.487179561e-01
1.316633267e+04 8.770338973e+00 5.195869481e+00 2.463134751e-01
1.319639279e+04 8.771019048e+00 5.196960583e+00 2.439319885e-01
1.322645291e+04 8.771692676e+00 5.198041209e+00 2.415732812e-01
1.325651303e+04 8.772359917e+00 5.199111459e+00 2.392371401e-01
1.328657315e+04 8.773020829e+00 5.200171430e+00 2.369233542e-01
1.331663327e+04 8.773675470e+00 5.201221220e+00 2.346317140e-01
1.334669339e+04 8.774323898e+00 5.202260923e+00 2.323620119e-01
1.337675351e+04 8.774966171e+00 5.203290637e+00 2.301140424e-01
1.340681363e+04 8.775602344e+00 5.204310455e+00 2.278876016e-01
1.343687375e+04 8.776232474e+00 5.205320470e+00 2.256824875e-01
1.346693387e+04 8.776856617e+00 5.206320776e+00 2.234985001e-01
1.349699399e+04 8.777474829e+00 5.207311463e+00 2.213354412e-01
1.352705411e+04 8.778087163e+00 5.208292624e+00 2.191931141e-01
1.355711423e+04 8.778693674e+00 5.209264347e+00 2.170713239e-01
1.358717435e+04 8.779294416e+00 5.210226723e+00 2.149698776e-01
1.361723447e+04 8.779889442e+00 5.211179840e+00 2.128885840e-01
1.364729459e+04 8.780478805e+00 5.212123786e+00 2.108272533e-01
1.367735471e+04 8.781062558e+00 5.213058647e+00 2.087856979e-01
1.370741483e+04 8.781640753e+00 5.213984510e+00 2.067637317e-01
1.373747495e+04 8.782213440e+00 5.214901460e+00 2.047611700e-01
1.376753507e+04 8.782780672e+00 5.215809581e+00 2.027778301e-01
1.379759519e+04 8.783342498e+00 5.216708957e+00 2.008135308e-01
1.382765531e+04 8.783898969e+00 5.217599671e+00 1.988680926e-01
1.385771543e+04 8.784450134e+00 5.218481806e+00 1.969413375e-01
1.388777555e+04 8.784996044e+00 5.219355442e+00 1.950330896e-01
1.391783567e+04 8.785536746e+00 5.220220661e+00 1.931431739e-01
1.394789579e+04 8.786072290e+00 5.221077543e+00 1.912714175e-01
1.397795591e+04 8.786602722e+00 5.221926165e+00 1.894176488e-01
1.400801603e+04 8.787128092e+00 5.222766608e+00 1.875816979e-01
1.403807615e+04 8.787648445e+00 5.223598949e+00 1.857633964e-01
1.406813627e+04 8.788163830e+00 5.224423265e+00 1.839625773e-01
1.409819639e+04 8.788674291e+00 5.225239632e+00 1.821790757e-01
1.412825651e+04 8.789179875e+00 5.226048126e+00 1.804127274e-01
1.415831663e+04 8.789680627e+00 5.226848822e+00 1.786633703e-01
1.418837675e+04 8.790176593e+00 5.227641794e+00 1.769308434e-01
1.421843687e+04 8.790667818e+00 5.228427115e+00 1.752149873e-01
1.424849699e+04 8.791154345e+00 5.229204859e+00 1.735156441e-01
1.427855711e+04 8.791636219e+00 5.229975097e+00 1.718326575e-01
1.430861723e+04 8.792113482e+00 5.230737902e+00 1.701658725e-01
1.433867735e+04 8.792586179e+00 5.231493343e+00 1.685151354e-01
1.436873747e+04 8.793054352e+00 5.232241492e+00 1.668802940e-01
1.439879760e+04 8.793518043e+00 5.232982417e+00 1.652611975e-01
1.442885772e+04 8.793977295e+00 5.233716188e+00 1.636576965e-01
1.445891784e+04 8.794432148e+00 5.234442873e+00 1.620696428e-01
1.448897796e+04 8.794882645e+00 5.235162539e+00 1.604968902e-01
1.451903808e+04 8.795328825e+00 5.235875254e+00 1.589392930e-01
1.454909820e+04 8.795770731e+00 5.236581084e+00 1.573967073e-01
1.457915832e+04 8.796208401e+00 5.237280094e+00 1.558689906e-01
1.460921844e+04 8.796641875e+00 5.237972350e+00 1.543560013e-01
1.463927856e+04 8.797071194e+00 5.238657916e+00 1.528575994e-01
1.466933868e+04 8.797496395e+00 5.239336857e+00 1.513736463e-01
1.469939880e+04 8.797917518e+00 5.240009235e+00 1.499040047e-01
1.472945892e+04 8.798334602e+00 5.240675113e+00 1.484485382e-01
1.475951904e+04 8.798747683e+00 5.241334553e+00 1.470071119e-01
1.478957916e+04 8.799156800e+00 5.241987618e+00 1.455795922e-01
1.481963928e+04 8.799561991e+00 5.242634367e+00 1.441658465e-01
1.484969940e+04 8.799963291e+00 5.243274862e+00 1.427657436e-01
1.487975952e+04 8.800360739e+00 5.243909162e+00 1.413791538e-01
1.490981964e+04 8.800754369e+00 5.244537326e+00 1.400059482e-01
1.493987976e+04 8.801144219e+00 5.245159414e+00 1.386459992e-01
1.496993988e+04 8.801530323e+00 5.245775483e+00 1.372991803e-01
1.500000000e+04 8.801912718e+00 5.246385591e+00 1.359653664e-01
