time            Cj              Ck              O1              shCj            shCk           
0.000000000e+00 1.000000000e+00 0.000000000e+00 1.000000000e+00 0.000000000e+00 0.000000000e+00
7.214428858e+01 6.575635611e-01 2.175113716e-02 1.008694898e+00 8.293197036e-03 1.436409685e-02
1.442885772e+02 6.631941937e-01 4.566123085e-02 1.017465396e+00 1.624978082e-02 2.802461135e-02
2.164328657e+02 6.664312544e-01 6.924683326e-02 1.026312154e+00 2.322916852e-02 3.984703961e-02
2.885771543e+02 6.676283361e-01 9.234172805e-02 1.035235833e+00 2.928336105e-02 4.996634200e-02
3.607214429e+02 6.671301174e-01 1.148241428e-01 1.044237102e+00 3.448000729e-02 5.853741811e-02
4.328657315e+02 6.652594649e-01 1.366114690e-01 1.053316637e+00 3.889574013e-02 6.572357228e-02
5.050100200e+02 6.623094523e-01 1.576540688e-01 1.062475117e+00 4.261079939e-02 7.168768028e-02
5.771543086e+02 6.585393311e-01 1.779289301e-01 1.071713229e+00 4.570495193e-02 7.658586774e-02
6.492985972e+02 6.541735556e-01 1.974337303e-01 1.081031666e+00 4.825463776e-02 8.056343375e-02
7.214428858e+02 6.494028630e-01 2.161815867e-01 1.090431126e+00 5.033111628e-02 8.375252291e-02
7.935871743e+02 6.443867054e-01 2.341966371e-01 1.099912313e+00 5.199943175e-02 8.627116660e-02
8.657314629e+02 6.392563759e-01 2.515104421e-01 1.109475938e+00 5.331796747e-02 8.822325530e-02
9.378757515e+02 6.341184333e-01 2.681591471e-01 1.119122717e+00 5.433842479e-02 8.969914365e-02
1.010020040e+03 6.290581484e-01 2.841814034e-01 1.128853375e+00 5.510614006e-02 9.077672057e-02
1.082164329e+03 6.241426732e-01 2.996166184e-01 1.138668639e+00 5.566042720e-02 9.152245493e-02
1.154308617e+03 6.194240453e-01 3.145039712e-01 1.148569246e+00 5.603521520e-02 9.199281867e-02
1.226452906e+03 6.149417467e-01 3.288815492e-01 1.158555938e+00 5.625956345e-02 9.223545275e-02
1.298597194e+03 6.107249667e-01 3.427858525e-01 1.168629463e+00 5.635823990e-02 9.229036491e-02
1.370741483e+03 6.067945391e-01 3.562514849e-01 1.178790577e+00 5.635226464e-02 9.219101838e-02
1.442885772e+03 6.031646107e-01 3.693109898e-01 1.189040040e+00 5.625942291e-02 9.196532741e-02
1.515030060e+03 5.998439213e-01 3.819948127e-01 1.199378621e+00 5.609469688e-02 9.163647072e-02
1.587174349e+03 5.968369672e-01 3.943313195e-01 1.209807096e+00 5.587068228e-02 9.122366175e-02
1.659318637e+03 5.941449227e-01 4.063468643e-01 1.220326244e+00 5.559793991e-02 9.074278632e-02
1.731462926e+03 5.917663900e-01 4.180658975e-01 1.230936856e+00 5.528530732e-02 9.020695349e-02
1.803607214e+03 5.896980058e-01 4.295110834e-01 1.241639726e+00 5.494016323e-02 8.962695679e-02
1.875751503e+03 5.879349465e-01 4.407034276e-01 1.252435656e+00 5.456866099e-02 8.901167467e-02
1.947895792e+03 5.864713188e-01 4.516624057e-01 1.263325456e+00 5.417592298e-02 8.836839761e-02
2.020040080e+03 5.853004671e-01 4.624060895e-01 1.274309941e+00 5.376620430e-02 8.770309852e-02
2.092184369e+03 5.844152691e-01 4.729512671e-01 1.285389936e+00 5.334304979e-02 8.702069210e-02
2.164328657e+03 5.838081915e-01 4.833135498e-01 1.296566270e+00 5.290936216e-02 8.632513335e-02
2.236472946e+03 5.834716952e-01 4.935074852e-01 1.307839780e+00 5.246759246e-02 8.561974028e-02
2.308617234e+03 5.833981205e-01 5.035466431e-01 1.319211313e+00 5.201973998e-02 8.490717134e-02
2.380761523e+03 5.835798907e-01 5.134437055e-01 1.330681721e+00 5.156746238e-02 8.418960604e-02
2.452905812e+03 5.840095681e-01 5.232105463e-01 1.342251862e+00 5.111213124e-02 8.346882698e-02
2.525050100e+03 5.846798987e-01 5.328582999e-01 1.353922604e+00 5.065487778e-02 8.274628706e-02
2.597194389e+03 5.855838503e-01 5.423974216e-01 1.365694823e+00 5.019663283e-02 8.202316841e-02
2.669338677e+03 5.867146426e-01 5.518377495e-01 1.377569399e+00 4.973816470e-02 8.130043714e-02
2.741482966e+03 5.880657646e-01 5.611885560e-01 1.389547224e+00 4.928010749e-02 8.057888342e-02
2.813627255e+03 5.896309831e-01 5.704585885e-01 1.401629195e+00 4.882298178e-02 7.985915040e-02
2.885771543e+03 5.914043501e-01 5.796561184e-01 1.413816217e+00 4.836721839e-02 7.914176709e-02
2.957915832e+03 5.933802038e-01 5.887889778e-01 1.426109204e+00 4.791317430e-02 7.842716991e-02
3.030060120e+03 5.955531638e-01 5.978645849e-01 1.438509078e+00 4.746114176e-02 7.771571457e-02
3.102204409e+03 5.979181263e-01 6.068899787e-01 1.451016767e+00 4.701136100e-02 7.700769285e-02
3.174348697e+03 6.004702610e-01 6.158718427e-01 1.463633209e+00 4.656402910e-02 7.630334430e-02
3.246492986e+03 6.032050009e-01 6.248165375e-01 1.476359350e+00 4.611931011e-02 7.560286932e-02
3.318637275e+03 6.061180362e-01 6.337301217e-01 1.489196143e+00 4.567734120e-02 7.490643695e-02
3.390781563e+03 6.092053032e-01 6.426183671e-01 1.502144551e+00 4.523823474e-02 7.421418696e-02
3.462925852e+03 6.124629742e-01 6.514867815e-01 1.515205544e+00 4.480208404e-02 7.352623701e-02
3.535070140e+03 6.158874487e-01 6.603406239e-01 1.528380101e+00 4.436896624e-02 7.284268616e-02
3.607214429e+03 6.194753434e-01 6.691849215e-01 1.541669209e+00 4.393894539e-02 7.216361850e-02
3.679358717e+03 6.232234833e-01 6.780244829e-01 1.555073865e+00 4.351207459e-02 7.148910570e-02
3.751503006e+03 6.271288922e-01 6.868639134e-01 1.568595073e+00 4.308839821e-02 7.081920958e-02
3.823647295e+03 6.311887832e-01 6.957076281e-01 1.582233846e+00 4.266795405e-02 7.015398465e-02
3.895791583e+03 6.354005494e-01 7.045598605e-01 1.595991208e+00 4.225077292e-02 6.949347736e-02
3.967935872e+03 6.397617561e-01 7.134246766e-01 1.609868188e+00 4.183688131e-02 6.883772927e-02
4.040080160e+03 6.442701318e-01 7.223059809e-01 1.623865827e+00 4.142630022e-02 6.818677543e-02
4.112224449e+03 6.489235609e-01 7.312075280e-01 1.637985174e+00 4.101904725e-02 6.754064695e-02
4.184368737e+03 6.537200753e-01 7.401329309e-01 1.652227287e+00 4.061513636e-02 6.689937051e-02
4.256513026e+03 6.586578497e-01 7.490856678e-01 1.666593234e+00 4.021457870e-02 6.626296946e-02
4.328657315e+03 6.637351910e-01 7.580690930e-01 1.681084091e+00 3.981738327e-02 6.563146438e-02
4.400801603e+03 6.689505363e-01 7.670864394e-01 1.695700945e+00 3.942355659e-02 6.500487280e-02
4.472945892e+03 6.743024422e-01 7.761408314e-01 1.710444891e+00 3.903310389e-02 6.438321047e-02
4.545090180e+03 6.797895837e-01 7.852352827e-01 1.725317034e+00 3.864602771e-02 6.376648971e-02
4.617234469e+03 6.854107423e-01 7.943727136e-01 1.740318489e+00 3.826233026e-02 6.315472211e-02
4.689378758e+03 6.911648087e-01 8.035559436e-01 1.755450380e+00 3.788201129e-02 6.254791610e-02
4.761523046e+03 6.970507694e-01 8.127877091e-01 1.770713842e+00 3.750507002e-02 6.194607904e-02
4.833667335e+03 7.030677085e-01 8.220706586e-01 1.786110017e+00 3.713150381e-02 6.134921578e-02
4.905811623e+03 7.092148003e-01 8.314073620e-01 1.801640061e+00 3.676130871e-02 6.075732923e-02
4.977955912e+03 7.154913049e-01 8.408003152e-01 1.817305136e+00 3.639448008e-02 6.017042113e-02
5.050100200e+03 7.218965675e-01 8.502519412e-01 1.833106418e+00 3.603101246e-02 5.958849193e-02
5.122244489e+03 7.284300089e-01 8.597645986e-01 1.849045091e+00 3.567089898e-02 5.901153996e-02
5.194388778e+03 7.350911267e-01 8.693405787e-01 1.865122349e+00 3.531413060e-02 5.843956053e-02
5.266533066e+03 7.418794882e-01 8.789821171e-01 1.881339396e+00 3.496069816e-02 5.787254850e-02
5.338677355e+03 7.487947358e-01 8.886913922e-01 1.897697450e+00 3.461059492e-02 5.731050149e-02
5.410821643e+03 7.558365729e-01 8.984705322e-01 1.914197735e+00 3.426381226e-02 5.675341442e-02
5.482965932e+03 7.630047607e-01 9.083216053e-01 1.930841488e+00 3.392033313e-02 5.620127119e-02
5.555110220e+03 7.702991195e-01 9.182466370e-01 1.947629957e+00 3.358014176e-02 5.565405698e-02
5.627254509e+03 7.777195503e-01 9.282476256e-01 1.964564400e+00 3.324324273e-02 5.511178263e-02
5.699398798e+03 7.852659749e-01 9.383264960e-01 1.981646086e+00 3.290960665e-02 5.457441541e-02
5.771543086e+03 7.929383912e-01 9.484851554e-01 1.998876296e+00 3.257922636e-02 5.404195061e-02
5.843687375e+03 8.007368374e-01 9.587254648e-01 2.016256320e+00 3.225208420e-02 5.351436983e-02
5.915831663e+03 8.086614043e-01 9.690492536e-01 2.033787462e+00 3.192816676e-02 5.299165979e-02
5.987975952e+03 8.167122283e-01 9.794583169e-01 2.051471036e+00 3.160745861e-02 5.247380439e-02
6.060120240e+03 8.248894931e-01 9.899544151e-01 2.069308368e+00 3.128994283e-02 5.196078530e-02
6.132264529e+03 8.331934205e-01 1.000539283e+00 2.087300795e+00 3.097560253e-02 5.145258396e-02
6.204408818e+03 8.416242714e-01 1.011214629e+00 2.105449665e+00 3.066442033e-02 5.094918097e-02
6.276553106e+03 8.501823471e-01 1.021982135e+00 2.123756338e+00 3.035637838e-02 5.045055605e-02
6.348697395e+03 8.588679874e-01 1.032843460e+00 2.142222185e+00 3.005145837e-02 4.995668803e-02
6.420841683e+03 8.676815644e-01 1.043800238e+00 2.160848589e+00 2.974964160e-02 4.946755505e-02
6.492985972e+03 8.766234852e-01 1.054854086e+00 2.179636945e+00 2.945090895e-02 4.898313444e-02
6.565130261e+03 8.856942057e-01 1.066006590e+00 2.198588663e+00 2.915524074e-02 4.850340246e-02
6.637274549e+03 8.948942069e-01 1.077259320e+00 2.217705164e+00 2.886261704e-02 4.802833490e-02
6.709418838e+03 9.042239988e-01 1.088613829e+00 2.236987882e+00 2.857301763e-02 4.755790691e-02
6.781563126e+03 9.136841250e-01 1.100071653e+00 2.256438262e+00 2.828642189e-02 4.709209294e-02
6.853707415e+03 9.232751508e-01 1.111634318e+00 2.276057762e+00 2.800280904e-02 4.663086704e-02
6.925851703e+03 9.329976734e-01 1.123303335e+00 2.295847852e+00 2.772215795e-02 4.617420255e-02
6.997995992e+03 9.428523168e-01 1.135080201e+00 2.315810014e+00 2.744444720e-02 4.572207225e-02
7.070140281e+03 9.528397295e-01 1.146966398e+00 2.335945746e+00 2.716965519e-02 4.527444847e-02
7.142284569e+03 9.629605890e-01 1.158963395e+00 2.356256555e+00 2.689776002e-02 4.483130293e-02
7.214428858e+03 9.732155944e-01 1.171072656e+00 2.376743965e+00 2.662873965e-02 4.439260701e-02
7.286573146e+03 9.836054727e-01 1.183295628e+00 2.397409511e+00 2.636257177e-02 4.395833151e-02
7.358717435e+03 9.941309686e-01 1.195633755e+00 2.418254741e+00 2.609923401e-02 4.352844700e-02
7.430861723e+03 1.004792854e+00 1.208088468e+00 2.439281219e+00 2.583870373e-02 4.310292352e-02
7.503006012e+03 1.015591918e+00 1.220661193e+00 2.460490519e+00 2.558095827e-02 4.268173090e-02
7.575150301e+03 1.026528974e+00 1.233353348e+00 2.481884233e+00 2.532597475e-02 4.226483854e-02
7.647294589e+03 1.037604851e+00 1.246166346e+00 2.503463962e+00 2.507373029e-02 4.185221568e-02
7.719438878e+03 1.048820404e+00 1.259101589e+00 2.525231325e+00 2.482420178e-02 4.144383105e-02
7.791583166e+03 1.060176500e+00 1.272160481e+00 2.547187954e+00 2.457736617e-02 4.103965337e-02
7.863727455e+03 1.071674031e+00 1.285344415e+00 2.569335493e+00 2.433320019e-02 4.063965089e-02
7.935871743e+03 1.083313903e+00 1.298654781e+00 2.591675603e+00 2.409168061e-02 4.024379177e-02
8.008016032e+03 1.095097039e+00 1.312092966e+00 2.614209957e+00 2.385278418e-02 3.985204403e-02
8.080160321e+03 1.107024385e+00 1.325660351e+00 2.636940246e+00 2.361648752e-02 3.946437534e-02
8.152304609e+03 1.119096891e+00 1.339358322e+00 2.659868172e+00 2.338276734e-02 3.908075343e-02
8.224448898e+03 1.131315536e+00 1.353188252e+00 2.682995454e+00 2.315160022e-02 3.870114566e-02
8.296593186e+03 1.143681307e+00 1.367151516e+00 2.706323825e+00 2.292296291e-02 3.832551953e-02
8.368737475e+03 1.156195211e+00 1.381249484e+00 2.729855035e+00 2.269683206e-02 3.795384229e-02
8.440881764e+03 1.168858266e+00 1.395483528e+00 2.753590845e+00 2.247318434e-02 3.758608111e-02
8.513026052e+03 1.181671496e+00 1.409855030e+00 2.777533036e+00 2.225199643e-02 3.722220309e-02
8.585170341e+03 1.194635950e+00 1.424365356e+00 2.801683402e+00 2.203324501e-02 3.686217522e-02
8.657314629e+03 1.207752699e+00 1.439015856e+00 2.826043753e+00 2.181690708e-02 3.650596469e-02
8.729458918e+03 1.221022820e+00 1.453807888e+00 2.850615914e+00 2.160295956e-02 3.615353852e-02
8.801603206e+03 1.234447390e+00 1.468742837e+00 2.875401727e+00 2.139137933e-02 3.580486374e-02
8.873747495e+03 1.248027499e+00 1.483822082e+00 2.900403051e+00 2.118214321e-02 3.545990723e-02
8.945891784e+03 1.261764246e+00 1.499047007e+00 2.925621759e+00 2.097522799e-02 3.511863579e-02
9.018036072e+03 1.275658771e+00 1.514418947e+00 2.951059742e+00 2.077061121e-02 3.478101676e-02
9.090180361e+03 1.289712228e+00 1.529939237e+00 2.976718911e+00 2.056827056e-02 3.444701758e-02
9.162324649e+03 1.303925748e+00 1.545609260e+00 3.002601181e+00 2.036818321e-02 3.411660528e-02
9.234468938e+03 1.318300457e+00 1.561430438e+00 3.028708495e+00 2.017032593e-02 3.378974653e-02
9.306613226e+03 1.332837538e+00 1.577404104e+00 3.055042809e+00 1.997467666e-02 3.346640892e-02
9.378757515e+03 1.347538179e+00 1.593531608e+00 3.081606097e+00 1.978121330e-02 3.314655999e-02
9.450901804e+03 1.362403556e+00 1.609814343e+00 3.108400353e+00 1.958991343e-02 3.283016705e-02
9.523046092e+03 1.377434854e+00 1.626253689e+00 3.135427583e+00 1.940075481e-02 3.251719756e-02
9.595190381e+03 1.392633288e+00 1.642850997e+00 3.162689813e+00 1.921371571e-02 3.220761939e-02
9.667334669e+03 1.408000069e+00 1.659607646e+00 3.190189086e+00 1.902877426e-02 3.190140029e-02
9.739478958e+03 1.423536417e+00 1.676525014e+00 3.217927461e+00 1.884590867e-02 3.159850812e-02
9.811623246e+03 1.439243562e+00 1.693604478e+00 3.245907020e+00 1.866509742e-02 3.129891099e-02
9.883767535e+03 1.455122741e+00 1.710847412e+00 3.274129852e+00 1.848631908e-02 3.100257706e-02
9.955911824e+03 1.471175194e+00 1.728255195e+00 3.302598073e+00 1.830955231e-02 3.070947466e-02
1.002805611e+04 1.487402173e+00 1.745829209e+00 3.331313821e+00 1.813477596e-02 3.041957229e-02
1.010020040e+04 1.503804956e+00 1.763570828e+00 3.360279247e+00 1.796196915e-02 3.013283863e-02
1.017234469e+04 1.520384813e+00 1.781481437e+00 3.389496528e+00 1.779111108e-02 2.984924253e-02
1.024448898e+04 1.537142975e+00 1.799562428e+00 3.418967852e+00 1.762218095e-02 2.956875308e-02
1.031663327e+04 1.554080766e+00 1.817815171e+00 3.448695427e+00 1.745515837e-02 2.929133935e-02
1.038877756e+04 1.571199461e+00 1.836241056e+00 3.478681481e+00 1.729002289e-02 2.901697069e-02
1.046092184e+04 1.588500351e+00 1.854841470e+00 3.508928261e+00 1.712675430e-02 2.874561664e-02
1.053306613e+04 1.605984734e+00 1.873617799e+00 3.539438043e+00 1.696533262e-02 2.847724701e-02
1.060521042e+04 1.623653914e+00 1.892571432e+00 3.570213106e+00 1.680573790e-02 2.821183164e-02
1.067735471e+04 1.641509199e+00 1.911703757e+00 3.601255760e+00 1.664795043e-02 2.794934066e-02
1.074949900e+04 1.659551903e+00 1.931016164e+00 3.632568332e+00 1.649195067e-02 2.768974439e-02
1.082164329e+04 1.677783342e+00 1.950510043e+00 3.664153161e+00 1.633771917e-02 2.743301328e-02
1.089378758e+04 1.696204841e+00 1.970186786e+00 3.696012619e+00 1.618523674e-02 2.717911810e-02
1.096593186e+04 1.714817726e+00 1.990047785e+00 3.728149090e+00 1.603448433e-02 2.692802977e-02
1.103807615e+04 1.733623329e+00 2.010094435e+00 3.760564982e+00 1.588544309e-02 2.667971951e-02
1.111022044e+04 1.752622980e+00 2.030328124e+00 3.793262711e+00 1.573809422e-02 2.643415854e-02
1.118236473e+04 1.771818005e+00 2.050750231e+00 3.826244733e+00 1.559241912e-02 2.619131842e-02
1.125450902e+04 1.791209745e+00 2.071362147e+00 3.859513532e+00 1.544839953e-02 2.595117106e-02
1.132665331e+04 1.810799566e+00 2.092165291e+00 3.893071597e+00 1.530601712e-02 2.571368830e-02
1.139879760e+04 1.830588828e+00 2.113161065e+00 3.926921452e+00 1.516525392e-02 2.547884240e-02
1.147094188e+04 1.850578848e+00 2.134350829e+00 3.961065631e+00 1.502609214e-02 2.524660599e-02
1.154308617e+04 1.870770951e+00 2.155735949e+00 3.995506693e+00 1.488851434e-02 2.501695212e-02
1.161523046e+04 1.891166491e+00 2.177317819e+00 4.030247215e+00 1.475250284e-02 2.478985350e-02
1.168737475e+04 1.911766863e+00 2.199097869e+00 4.065289801e+00 1.461803987e-02 2.456528265e-02
1.175951904e+04 1.932573395e+00 2.221077464e+00 4.100637080e+00 1.448510849e-02 2.434321328e-02
1.183166333e+04 1.953587439e+00 2.243257985e+00 4.136291703e+00 1.435369171e-02 2.412361900e-02
1.190380762e+04 1.974810347e+00 2.265640814e+00 4.172256345e+00 1.422377267e-02 2.390647364e-02
1.197595190e+04 1.996243472e+00 2.288227332e+00 4.208533704e+00 1.409533471e-02 2.369175124e-02
1.204809619e+04 2.017888166e+00 2.311018917e+00 4.245126490e+00 1.396836122e-02 2.347942595e-02
1.212024048e+04 2.039745782e+00 2.334016945e+00 4.282037450e+00 1.384283590e-02 2.326947233e-02
1.219238477e+04 2.061817668e+00 2.357222790e+00 4.319269350e+00 1.371874257e-02 2.306186510e-02
1.226452906e+04 2.084105177e+00 2.380637823e+00 4.356824973e+00 1.359606514e-02 2.285657912e-02
1.233667335e+04 2.106609653e+00 2.404263408e+00 4.394707144e+00 1.347478782e-02 2.265358965e-02
1.240881764e+04 2.129332445e+00 2.428100914e+00 4.432918680e+00 1.335489479e-02 2.245287190e-02
1.248096192e+04 2.152274897e+00 2.452151700e+00 4.471462448e+00 1.323637055e-02 2.225440156e-02
1.255310621e+04 2.175438351e+00 2.476417123e+00 4.510341347e+00 1.311919985e-02 2.205815462e-02
1.262525050e+04 2.198824142e+00 2.500898532e+00 4.549558287e+00 1.300336743e-02 2.186410710e-02
1.269739479e+04 2.222433603e+00 2.525597272e+00 4.589116216e+00 1.288885831e-02 2.167223540e-02
1.276953908e+04 2.246268065e+00 2.550514684e+00 4.629018103e+00 1.277565763e-02 2.148251608e-02
1.284168337e+04 2.270328854e+00 2.575652107e+00 4.669266934e+00 1.266375058e-02 2.129492581e-02
1.291382766e+04 2.294617293e+00 2.601010871e+00 4.709865730e+00 1.255312264e-02 2.110944159e-02
1.298597194e+04 2.319134698e+00 2.626592303e+00 4.750817532e+00 1.244375933e-02 2.092604060e-02
1.305811623e+04 2.343882385e+00 2.652397724e+00 4.792125405e+00 1.233564639e-02 2.074470021e-02
1.313026052e+04 2.368861653e+00 2.678428441e+00 4.833792454e+00 1.222876974e-02 2.056539812e-02
1.320240481e+04 2.394073809e+00 2.704685766e+00 4.875821795e+00 1.212311539e-02 2.038811215e-02
1.327454910e+04 2.419520150e+00 2.731171003e+00 4.918216573e+00 1.201866952e-02 2.021282033e-02
1.334669339e+04 2.445201960e+00 2.757885437e+00 4.960979972e+00 1.191541850e-02 2.003950102e-02
1.341883768e+04 2.471120520e+00 2.784830355e+00 5.004115196e+00 1.181334882e-02 1.986813273e-02
1.349098196e+04 2.497277110e+00 2.812007038e+00 5.047625474e+00 1.171244716e-02 1.969869421e-02
1.356312625e+04 2.523672995e+00 2.839416754e+00 5.091514066e+00 1.161270029e-02 1.953116438e-02
1.363527054e+04 2.550309425e+00 2.867060756e+00 5.135784269e+00 1.151409513e-02 1.936552240e-02
1.370741483e+04 2.577187658e+00 2.894940301e+00 5.180439394e+00 1.141661880e-02 1.920174766e-02
1.377955912e+04 2.604308939e+00 2.923056634e+00 5.225482787e+00 1.132025854e-02 1.903981977e-02
1.385170341e+04 2.631674486e+00 2.951410973e+00 5.270917833e+00 1.122500164e-02 1.887971843e-02
1.392384770e+04 2.659285528e+00 2.980004549e+00 5.316747930e+00 1.113083565e-02 1.872142369e-02
1.399599198e+04 2.687143280e+00 3.008838574e+00 5.362976513e+00 1.103774822e-02 1.856491573e-02
1.406813627e+04 2.715248939e+00 3.037914244e+00 5.409607049e+00 1.094572713e-02 1.841017497e-02
1.414028056e+04 2.743603690e+00 3.067232742e+00 5.456643036e+00 1.085476028e-02 1.825718198e-02
1.421242485e+04 2.772208719e+00 3.096795253e+00 5.504087994e+00 1.076483575e-02 1.810591761e-02
1.428456914e+04 2.801065194e+00 3.126602940e+00 5.551945479e+00 1.067594173e-02 1.795636285e-02
1.435671343e+04 2.830174260e+00 3.156656949e+00 5.600219083e+00 1.058806652e-02 1.780849888e-02
1.442885772e+04 2.859537065e+00 3.186958423e+00 5.648912420e+00 1.050119858e-02 1.766230713e-02
1.450100200e+04 2.889154742e+00 3.217508492e+00 5.698029139e+00 1.041532650e-02 1.751776920e-02
1.457314629e+04 2.919028403e+00 3.248308264e+00 5.747572920e+00 1.033043900e-02 1.737486688e-02
1.464529058e+04 2.949159149e+00 3.279358838e+00 5.797547479e+00 1.024652493e-02 1.723358217e-02
1.471743487e+04 2.979548067e+00 3.310661295e+00 5.847956560e+00 1.016357327e-02 1.709389725e-02
1.478957916e+04 3.010196225e+00 3.342216701e+00 5.898803942e+00 1.008157311e-02 1.695579447e-02
1.486172345e+04 3.041104683e+00 3.374026112e+00 5.950093435e+00 1.000051365e-02 1.681925639e-02
1.493386774e+04 3.072274483e+00 3.406090565e+00 6.001828883e+00 9.920384207e-03 1.668426572e-02
1.500601202e+04 3.103706647e+00 3.438411076e+00 6.054014166e+00 9.841174238e-03 1.655080538e-02
1.507815631e+04 3.135402178e+00 3.470988647e+00 6.106653197e+00 9.762873293e-03 1.641885845e-02
1.515030060e+04 3.167362071e+00 3.503824267e+00 6.159749917e+00 9.685471172e-03 1.628840830e-02
1.522244489e+04 3.199587299e+00 3.536918904e+00 6.213308309e+00 9.608957732e-03 1.615943843e-02
1.529458918e+04 3.232078814e+00 3.570273507e+00 6.267332386e+00 9.533322926e-03 1.603193251e-02
1.536673347e+04 3.264837553e+00 3.603889008e+00 6.321826198e+00 9.458556862e-03 1.590587442e-02
1.543887776e+04 3.297864436e+00 3.637766320e+00 6.376793829e+00 9.384649397e-03 1.578124786e-02
1.551102204e+04 3.331160360e+00 3.671906338e+00 6.432239399e+00 9.311590795e-03 1.565803700e-02
1.558316633e+04 3.364726204e+00 3.706309935e+00 6.488167062e+00 9.239371348e-03 1.553622609e-02
1.565531062e+04 3.398562828e+00 3.740977968e+00 6.544581011e+00 9.167981428e-03 1.541579952e-02
1.572745491e+04 3.432671066e+00 3.775911264e+00 6.601485474e+00 9.097412680e-03 1.529674291e-02
1.579959920e+04 3.467051736e+00 3.811110639e+00 6.658884716e+00 9.027655683e-03 1.517904099e-02
1.587174349e+04 3.501705632e+00 3.846576881e+00 6.716783038e+00 8.958701638e-03 1.506267910e-02
1.594388778e+04 3.536633527e+00 3.882310759e+00 6.775184779e+00 8.890541426e-03 1.494764237e-02
1.601603206e+04 3.571836170e+00 3.918313017e+00 6.834094318e+00 8.823162854e-03 1.483391320e-02
1.608817635e+04 3.607314286e+00 3.954584377e+00 6.893516069e+00 8.756557683e-03 1.472147765e-02
1.616032064e+04 3.643068578e+00 3.991125538e+00 6.953454486e+00 8.690716078e-03 1.461032038e-02
1.623246493e+04 3.679099726e+00 4.027937175e+00 7.013914060e+00 8.625628025e-03 1.450042597e-02
1.630460922e+04 3.715408384e+00 4.065019940e+00 7.074899325e+00 8.561291359e-03 1.439178623e-02
1.637675351e+04 3.751995183e+00 4.102374458e+00 7.136414849e+00 8.497698700e-03 1.428438826e-02
1.644889780e+04 3.788860727e+00 4.140001332e+00 7.198465245e+00 8.434845240e-03 1.417822157e-02
1.652104208e+04 3.826005598e+00 4.177901139e+00 7.261055163e+00 8.372724899e-03 1.407327461e-02
1.659318637e+04 3.863430347e+00 4.216074425e+00 7.324189294e+00 8.311315398e-03 1.396952109e-02
1.666533066e+04 3.901135489e+00 4.254521704e+00 7.387872370e+00 8.250607708e-03 1.386694684e-02
1.673747495e+04 3.939121526e+00 4.293243474e+00 7.452109165e+00 8.190598859e-03 1.376554330e-02
1.680961924e+04 3.977388928e+00 4.332240203e+00 7.516904499e+00 8.131282261e-03 1.366529867e-02
1.688176353e+04 4.015938139e+00 4.371512331e+00 7.582263224e+00 8.072649926e-03 1.356619994e-02
1.695390782e+04 4.054769572e+00 4.411060271e+00 7.648190238e+00 8.014693891e-03 1.346823417e-02
1.702605210e+04 4.093883615e+00 4.450884406e+00 7.714690482e+00 7.957406557e-03 1.337138883e-02
1.709819639e+04 4.133280630e+00 4.490985098e+00 7.781768927e+00 7.900780408e-03 1.327565149e-02
1.717034068e+04 4.172960938e+00 4.531362666e+00 7.849430606e+00 7.844807947e-03 1.318100983e-02
1.724248497e+04 4.212924838e+00 4.572017406e+00 7.917680592e+00 7.789481961e-03 1.308745181e-02
1.731462926e+04 4.253172589e+00 4.612949575e+00 7.986524008e+00 7.734795292e-03 1.299496554e-02
1.738677355e+04 4.293704416e+00 4.654159400e+00 8.055966013e+00 7.680740550e-03 1.290353906e-02
1.745891784e+04 4.334520538e+00 4.695647096e+00 8.126011812e+00 7.627310765e-03 1.281316056e-02
1.753106212e+04 4.375621136e+00 4.737412843e+00 8.196666653e+00 7.574498986e-03 1.272381841e-02
1.760320641e+04 4.417006297e+00 4.779456731e+00 8.267935832e+00 7.522298027e-03 1.263550145e-02
1.767535070e+04 4.458676161e+00 4.821778897e+00 8.339824688e+00 7.470701048e-03 1.254819796e-02
1.774749499e+04 4.500630833e+00 4.864379444e+00 8.412338610e+00 7.419701299e-03 1.246189635e-02
1.781963928e+04 4.542870301e+00 4.907258362e+00 8.485483033e+00 7.369292120e-03 1.237658616e-02
1.789178357e+04 4.585394589e+00 4.950415677e+00 8.559263439e+00 7.319466882e-03 1.229225621e-02
1.796392786e+04 4.628203690e+00 4.993851380e+00 8.633685358e+00 7.270219012e-03 1.220889542e-02
1.803607214e+04 4.671297516e+00 5.037565385e+00 8.708754368e+00 7.221542024e-03 1.212649330e-02
1.810821643e+04 4.714675972e+00 5.081557597e+00 8.784476095e+00 7.173429504e-03 1.204503915e-02
1.818036072e+04 4.758338928e+00 5.125827890e+00 8.860856215e+00 7.125875117e-03 1.196452234e-02
1.825250501e+04 4.802286213e+00 5.170376092e+00 8.937900453e+00 7.078872592e-03 1.188493259e-02
1.832464930e+04 4.846517627e+00 5.215202005e+00 9.015614583e+00 7.032415744e-03 1.180625958e-02
1.839679359e+04 4.891032940e+00 5.260305401e+00 9.094004429e+00 6.986498469e-03 1.172849307e-02
1.846893788e+04 4.935831871e+00 5.305686002e+00 9.173075867e+00 6.941114719e-03 1.165162308e-02
1.854108216e+04 4.980914098e+00 5.351343489e+00 9.252834822e+00 6.896258518e-03 1.157563973e-02
1.861322645e+04 5.026279279e+00 5.397277521e+00 9.333287274e+00 6.851923953e-03 1.150053314e-02
1.868537074e+04 5.071927026e+00 5.443487715e+00 9.414439251e+00 6.808105180e-03 1.142629359e-02
1.875751503e+04 5.117856913e+00 5.489973647e+00 9.496296837e+00 6.764796425e-03 1.135291143e-02
1.882965932e+04 5.164068479e+00 5.536734860e+00 9.578866167e+00 6.721991979e-03 1.128037717e-02
1.890180361e+04 5.210561223e+00 5.583770858e+00 9.662153432e+00 6.679686199e-03 1.120868142e-02
1.897394790e+04 5.257334609e+00 5.631081107e+00 9.746164870e+00 6.637873512e-03 1.113781487e-02
1.904609218e+04 5.304388059e+00 5.678665035e+00 9.830906779e+00 6.596548401e-03 1.106776833e-02
1.911823647e+04 5.351720956e+00 5.726522029e+00 9.916385515e+00 6.555705412e-03 1.099853272e-02
1.919038076e+04 5.399332650e+00 5.774651444e+00 1.000260748e+01 6.515339168e-03 1.093009906e-02
1.926252505e+04 5.447222446e+00 5.823052589e+00 1.008957913e+01 6.475444335e-03 1.086245846e-02
1.933466934e+04 5.495389609e+00 5.871724738e+00 1.017730700e+01 6.436015642e-03 1.079560210e-02
1.940681363e+04 5.543833373e+00 5.920667126e+00 1.026579765e+01 6.397047892e-03 1.072952133e-02
1.947895792e+04 5.592552923e+00 5.969878948e+00 1.035505771e+01 6.358535936e-03 1.066420753e-02
1.955110220e+04 5.641547410e+00 6.019359359e+00 1.044509389e+01 6.320474683e-03 1.059965219e-02
1.962324649e+04 5.690815943e+00 6.069107475e+00 1.053591292e+01 6.282859114e-03 1.053584693e-02
1.969539078e+04 5.740357593e+00 6.119122374e+00 1.062752161e+01 6.245684252e-03 1.047278343e-02
1.976753507e+04 5.790171389e+00 6.169403091e+00 1.071992683e+01 6.208945176e-03 1.041045345e-02
1.983967936e+04 5.840256321e+00 6.219948626e+00 1.081313550e+01 6.172637037e-03 1.034884889e-02
1.991182365e+04 5.890611340e+00 6.270757935e+00 1.090715462e+01 6.136755028e-03 1.028796171e-02
1.998396794e+04 5.941235355e+00 6.321829935e+00 1.100199122e+01 6.101294400e-03 1.022778394e-02
2.005611222e+04 5.992127238e+00 6.373163507e+00 1.109765242e+01 6.066250468e-03 1.016830775e-02
2.012825651e+04 6.043285818e+00 6.424757489e+00 1.119414538e+01 6.031618598e-03 1.010952538e-02
2.020040080e+04 6.094709884e+00 6.476610677e+00 1.129147733e+01 5.997394197e-03 1.005142913e-02
2.027254509e+04 6.146398184e+00 6.528721828e+00 1.138965558e+01 5.963572717e-03 9.994011391e-03
2.034468938e+04 6.198349424e+00 6.581089660e+00 1.148868747e+01 5.930149677e-03 9.937264643e-03
2.041683367e+04 6.250562272e+00 6.633712847e+00 1.158858043e+01 5.897120636e-03 9.881181448e-03
2.048897796e+04 6.303035357e+00 6.686590028e+00 1.168934194e+01 5.864481210e-03 9.825754456e-03
2.056112224e+04 6.355767276e+00 6.739719813e+00 1.179097956e+01 5.832227084e-03 9.770976421e-03
2.063326653e+04 6.408756573e+00 6.793100753e+00 1.189350091e+01 5.800353957e-03 9.716840132e-03
2.070541082e+04 6.462001755e+00 6.846731367e+00 1.199691368e+01 5.768857586e-03 9.663338471e-03
2.077755511e+04 6.515501293e+00 6.900610137e+00 1.210122561e+01 5.737733779e-03 9.610464405e-03
2.084969940e+04 6.569253621e+00 6.954735507e+00 1.220644451e+01 5.706978425e-03 9.558211026e-03
2.092184369e+04 6.623257127e+00 7.009105876e+00 1.231257829e+01 5.676587418e-03 9.506571443e-03
2.099398798e+04 6.677510161e+00 7.063719608e+00 1.241963489e+01 5.646556713e-03 9.455538864e-03
2.106613226e+04 6.732011037e+00 7.118575026e+00 1.252762234e+01 5.616882314e-03 9.405106576e-03
2.113827655e+04 6.786758030e+00 7.173670418e+00 1.263654873e+01 5.587560300e-03 9.355267980e-03
2.121042084e+04 6.841749372e+00 7.229004028e+00 1.274642223e+01 5.558586766e-03 9.306016515e-03
2.128256513e+04 6.896983260e+00 7.284574066e+00 1.285725107e+01 5.529957866e-03 9.257345713e-03
2.135470942e+04 6.952457849e+00 7.340378700e+00 1.296904355e+01 5.501669805e-03 9.209249187e-03
2.142685371e+04 7.008171264e+00 7.396416067e+00 1.308180806e+01 5.473718650e-03 9.161720358e-03
2.149899800e+04 7.064121586e+00 7.452684262e+00 1.319555304e+01 5.446100640e-03 9.114752902e-03
2.157114228e+04 7.120306859e+00 7.509181343e+00 1.331028703e+01 5.418812039e-03 9.068340546e-03
2.164328657e+04 7.176725089e+00 7.565905328e+00 1.342601861e+01 5.391849113e-03 9.022477023e-03
2.171543086e+04 7.233374248e+00 7.622854206e+00 1.354275647e+01 5.365208547e-03 8.977156692e-03
2.178757515e+04 7.290252270e+00 7.680025922e+00 1.366050936e+01 5.338886910e-03 8.932373751e-03
2.185971944e+04 7.347357052e+00 7.737418389e+00 1.377928609e+01 5.312880618e-03 8.888122172e-03
2.193186373e+04 7.404686452e+00 7.795029480e+00 1.389909558e+01 5.287186279e-03 8.844396228e-03
2.200400802e+04 7.462238294e+00 7.852857034e+00 1.401994679e+01 5.261800570e-03 8.801190290e-03
2.207615230e+04 7.520010386e+00 7.910898872e+00 1.414184879e+01 5.236719531e-03 8.758497812e-03
2.214829659e+04 7.578000478e+00 7.969152762e+00 1.426481072e+01 5.211939939e-03 8.716313331e-03
2.222044088e+04 7.636206293e+00 8.027616442e+00 1.438884179e+01 5.187458442e-03 8.674631201e-03
2.229258517e+04 7.694625522e+00 8.086287618e+00 1.451395130e+01 5.163271647e-03 8.633445729e-03
2.236472946e+04 7.753255818e+00 8.145163960e+00 1.464014862e+01 5.139376235e-03 8.592751331e-03
2.243687375e+04 7.812094805e+00 8.204243107e+00 1.476744321e+01 5.115769381e-03 8.552543161e-03
2.250901804e+04 7.871140071e+00 8.263522665e+00 1.489584462e+01 5.092447660e-03 8.512815496e-03
2.258116232e+04 7.930389174e+00 8.323000208e+00 1.502536246e+01 5.069407920e-03 8.473563023e-03
2.265330661e+04 7.989839638e+00 8.382673276e+00 1.515600645e+01 5.046647051e-03 8.434780498e-03
2.272545090e+04 8.049488961e+00 8.442539387e+00 1.528778637e+01 5.024161992e-03 8.396462754e-03
2.279759519e+04 8.109334618e+00 8.502596029e+00 1.542071211e+01 5.001949734e-03 8.358604703e-03
2.286973948e+04 8.169374037e+00 8.562840652e+00 1.555479363e+01 4.980007295e-03 8.321201312e-03
2.294188377e+04 8.229604625e+00 8.623270679e+00 1.569004097e+01 4.958331747e-03 8.284247627e-03
2.301402806e+04 8.290023759e+00 8.683883503e+00 1.582646427e+01 4.936920206e-03 8.247738771e-03
2.308617234e+04 8.350628790e+00 8.744676496e+00 1.596407376e+01 4.915769689e-03 8.211669727e-03
2.315831663e+04 8.411417041e+00 8.805646999e+00 1.610287975e+01 4.894877289e-03 8.176035597e-03
2.323046092e+04 8.472385806e+00 8.866792322e+00 1.624289264e+01 4.874240234e-03 8.140831684e-03
2.330260521e+04 8.533532351e+00 8.928109753e+00 1.638412293e+01 4.853855722e-03 8.106053259e-03
2.337474950e+04 8.594853918e+00 8.989596551e+00 1.652658120e+01 4.833720982e-03 8.071695641e-03
2.344689379e+04 8.656347730e+00 9.051249957e+00 1.667027814e+01 4.813833159e-03 8.037754022e-03
2.351903808e+04 8.718010977e+00 9.113067183e+00 1.681522450e+01 4.794189520e-03 8.004223792e-03
2.359118236e+04 8.779840826e+00 9.175045415e+00 1.696143116e+01 4.774787338e-03 7.971100352e-03
2.366332665e+04 8.841834423e+00 9.237181816e+00 1.710890907e+01 4.755623887e-03 7.938379109e-03
2.373547094e+04 8.903988890e+00 9.299473530e+00 1.725766928e+01 4.736696512e-03 7.906055583e-03
2.380761523e+04 8.966301334e+00 9.361917685e+00 1.740772295e+01 4.718003198e-03 7.874126274e-03
2.387975952e+04 9.028768832e+00 9.424511375e+00 1.755908132e+01 4.699541100e-03 7.842586422e-03
2.395190381e+04 9.091388441e+00 9.487251679e+00 1.771175574e+01 4.681307742e-03 7.811431834e-03
2.402404810e+04 9.154157199e+00 9.550135657e+00 1.786575765e+01 4.663300691e-03 7.780658387e-03
2.409619238e+04 9.217072126e+00 9.613160346e+00 1.802109858e+01 4.645517559e-03 7.750262031e-03
2.416833667e+04 9.280130225e+00 9.676322773e+00 1.817779019e+01 4.627955181e-03 7.720237522e-03
2.424048096e+04 9.343328482e+00 9.739619942e+00 1.833584422e+01 4.610610820e-03 7.690580275e-03
2.431262525e+04 9.406663858e+00 9.803048839e+00 1.849527252e+01 4.593482159e-03 7.661286366e-03
2.438476954e+04 9.470133303e+00 9.866606432e+00 1.865608702e+01 4.576566564e-03 7.632351377e-03
2.445691383e+04 9.533733750e+00 9.930289675e+00 1.881829979e+01 4.559861374e-03 7.603770854e-03
2.452905812e+04 9.597462116e+00 9.994095510e+00 1.898192298e+01 4.543364378e-03 7.575541044e-03
2.460120240e+04 9.661315318e+00 1.005802087e+01 1.914696886e+01 4.527075849e-03 7.547662031e-03
2.467334669e+04 9.725290243e+00 1.012206267e+01 1.931344980e+01 4.510993048e-03 7.520129250e-03
2.474549098e+04 9.789383771e+00 1.018621781e+01 1.948137827e+01 4.495114655e-03 7.492940333e-03
2.481763527e+04 9.853592773e+00 1.025048318e+01 1.965076686e+01 4.479439628e-03 7.466093344e-03
2.488977956e+04 9.917914101e+00 1.031485565e+01 1.982162827e+01 4.463963013e-03 7.439580307e-03
2.496192385e+04 9.982344601e+00 1.037933210e+01 1.999397529e+01 4.448681720e-03 7.413396131e-03
2.503406814e+04 1.004688111e+01 1.044390938e+01 2.016782086e+01 4.433592509e-03 7.387535493e-03
2.510621242e+04 1.011152045e+01 1.050858434e+01 2.034317800e+01 4.418692707e-03 7.361993954e-03
2.517835671e+04 1.017625944e+01 1.057335382e+01 2.052005985e+01 4.403982465e-03 7.336771446e-03
2.525050100e+04 1.024109489e+01 1.063821465e+01 2.069847966e+01 4.389459435e-03 7.311864040e-03
2.532264529e+04 1.030602360e+01 1.070316365e+01 2.087845082e+01 4.375121896e-03 7.287268778e-03
2.539478958e+04 1.037104238e+01 1.076819766e+01 2.105998682e+01 4.360968547e-03 7.262983346e-03
2.546693387e+04 1.043614801e+01 1.083331349e+01 2.124310124e+01 4.346999202e-03 7.239007164e-03
2.553907816e+04 1.050133730e+01 1.089850795e+01 2.142780783e+01 4.333209365e-03 7.215332990e-03
2.561122244e+04 1.056660703e+01 1.096377786e+01 2.161412043e+01 4.319596773e-03 7.191957032e-03
2.568336673e+04 1.063195398e+01 1.102912001e+01 2.180205299e+01 4.306158433e-03 7.168874374e-03
2.575551102e+04 1.069737491e+01 1.109453121e+01 2.199161961e+01 4.292894221e-03 7.146084560e-03
2.582765531e+04 1.076286661e+01 1.116000824e+01 2.218283449e+01 4.279800468e-03 7.123581642e-03
2.589979960e+04 1.082842584e+01 1.122554791e+01 2.237571196e+01 4.266875900e-03 7.101363370e-03
2.597194389e+04 1.089404940e+01 1.129114702e+01 2.257026649e+01 4.254118791e-03 7.079426801e-03
2.604408818e+04 1.095973405e+01 1.135680237e+01 2.276651265e+01 4.241527542e-03 7.057769200e-03
2.611623246e+04 1.102547659e+01 1.142251079e+01 2.296446515e+01 4.229102470e-03 7.036390795e-03
2.618837675e+04 1.109127381e+01 1.148826907e+01 2.316413883e+01 4.216842779e-03 7.015290096e-03
2.626052104e+04 1.115712249e+01 1.155407402e+01 2.336554865e+01 4.204744901e-03 6.994461329e-03
2.633266533e+04 1.122301939e+01 1.161992245e+01 2.356870971e+01 4.192807709e-03 6.973902500e-03
2.640480962e+04 1.128896133e+01 1.168581116e+01 2.377363724e+01 4.181028349e-03 6.953608937e-03
2.647695391e+04 1.135494507e+01 1.175173697e+01 2.398034659e+01 4.169403109e-03 6.933574630e-03
2.654909820e+04 1.142096741e+01 1.181769669e+01 2.418885325e+01 4.157929364e-03 6.913795264e-03
2.662124248e+04 1.148702520e+01 1.188368719e+01 2.439917286e+01 4.146608544e-03 6.894272828e-03
2.669338677e+04 1.155311523e+01 1.194970530e+01 2.461132118e+01 4.135437603e-03 6.875002355e-03
2.676553106e+04 1.161923434e+01 1.201574785e+01 2.482531411e+01 4.124415513e-03 6.855982019e-03
2.683767535e+04 1.168537934e+01 1.208181171e+01 2.504116769e+01 4.113542158e-03 6.837211429e-03
2.690981964e+04 1.175154709e+01 1.214789374e+01 2.525889809e+01 4.102816824e-03 6.818689251e-03
2.698196393e+04 1.181773443e+01 1.221399081e+01 2.547852164e+01 4.092236792e-03 6.800411036e-03
2.705410822e+04 1.188393821e+01 1.228009981e+01 2.570005479e+01 4.081798919e-03 6.782371681e-03
2.712625251e+04 1.195015531e+01 1.234621762e+01 2.592351414e+01 4.071501738e-03 6.764568692e-03
2.719839679e+04 1.201638261e+01 1.241234115e+01 2.614891646e+01 4.061344296e-03 6.747000376e-03
2.727054108e+04 1.208261700e+01 1.247846732e+01 2.637627863e+01 4.051324729e-03 6.729663625e-03
2.734268537e+04 1.214885539e+01 1.254459307e+01 2.660561768e+01 4.041441203e-03 6.712555382e-03
2.741482966e+04 1.221509471e+01 1.261071533e+01 2.683695082e+01 4.031694303e-03 6.695676358e-03
2.748697395e+04 1.228133188e+01 1.267683108e+01 2.707029537e+01 4.022082764e-03 6.679024383e-03
2.755911824e+04 1.234756387e+01 1.274293727e+01 2.730566883e+01 4.012605439e-03 6.662597477e-03
2.763126253e+04 1.241378762e+01 1.280903089e+01 2.754308884e+01 4.003258765e-03 6.646389892e-03
2.770340681e+04 1.248000011e+01 1.287510894e+01 2.778257319e+01 3.994041757e-03 6.630399907e-03
2.777555110e+04 1.254619833e+01 1.294116844e+01 2.802413983e+01 3.984952852e-03 6.614624895e-03
2.784769539e+04 1.261237931e+01 1.300720642e+01 2.826780688e+01 3.975990762e-03 6.599062670e-03
2.791983968e+04 1.267854007e+01 1.307321994e+01 2.851359257e+01 3.967153567e-03 6.583710056e-03
2.799198397e+04 1.274467765e+01 1.313920607e+01 2.876151536e+01 3.958440735e-03 6.568566042e-03
2.806412826e+04 1.281078912e+01 1.320516190e+01 2.901159381e+01 3.949851593e-03 6.553629403e-03
2.813627255e+04 1.287687157e+01 1.327108453e+01 2.926384665e+01 3.941385162e-03 6.538898434e-03
2.820841683e+04 1.294292210e+01 1.333697109e+01 2.951829283e+01 3.933039326e-03 6.524369656e-03
2.828056112e+04 1.300893782e+01 1.340281872e+01 2.977495138e+01 3.924813342e-03 6.510041738e-03
2.835270541e+04 1.307491587e+01 1.346862457e+01 3.003384155e+01 3.916706190e-03 6.495912917e-03
2.842484970e+04 1.314085343e+01 1.353438585e+01 3.029498276e+01 3.908715574e-03 6.481979453e-03
2.849699399e+04 1.320674767e+01 1.360009976e+01 3.055839456e+01 3.900840033e-03 6.468238903e-03
2.856913828e+04 1.327259579e+01 1.366576351e+01 3.082409669e+01 3.893077951e-03 6.454688586e-03
2.864128257e+04 1.333839503e+01 1.373137436e+01 3.109210908e+01 3.885429208e-03 6.441328147e-03
2.871342685e+04 1.340414262e+01 1.379692959e+01 3.136245181e+01 3.877892797e-03 6.428155855e-03
2.878557114e+04 1.346983584e+01 1.386242646e+01 3.163514514e+01 3.870467590e-03 6.415169794e-03
2.885771543e+04 1.353547199e+01 1.392786232e+01 3.191020951e+01 3.863152239e-03 6.402367707e-03
2.892985972e+04 1.360104837e+01 1.399323450e+01 3.218766555e+01 3.855945632e-03 6.389747704e-03
2.900200401e+04 1.366656234e+01 1.405854035e+01 3.246753402e+01 3.848846855e-03 6.377308205e-03
2.907414830e+04 1.373201124e+01 1.412377727e+01 3.274983593e+01 3.841854559e-03 6.365046960e-03
2.914629259e+04 1.379739248e+01 1.418894266e+01 3.303459243e+01 3.834967433e-03 6.352961770e-03
2.921843687e+04 1.386270346e+01 1.425403395e+01 3.332182485e+01 3.828184340e-03 6.341050716e-03
2.929058116e+04 1.392794162e+01 1.431904861e+01 3.361155473e+01 3.821504343e-03 6.329312194e-03
2.936272545e+04 1.399310442e+01 1.438398412e+01 3.390380379e+01 3.814926569e-03 6.317744695e-03
2.943486974e+04 1.405818936e+01 1.444883799e+01 3.419859392e+01 3.808449893e-03 6.306346324e-03
2.950701403e+04 1.412319394e+01 1.451360775e+01 3.449594721e+01 3.802073305e-03 6.295115364e-03
2.957915832e+04 1.418811570e+01 1.457829097e+01 3.479588597e+01 3.795795804e-03 6.284050115e-03
2.965130261e+04 1.425295222e+01 1.464288522e+01 3.509843267e+01 3.789616447e-03 6.273148968e-03
2.972344689e+04 1.431770108e+01 1.470738813e+01 3.540360996e+01 3.783534193e-03 6.262410166e-03
2.979559118e+04 1.438235989e+01 1.477179733e+01 3.571144076e+01 3.777547906e-03 6.251831804e-03
2.986773547e+04 1.444692632e+01 1.483611048e+01 3.602194811e+01 3.771656626e-03 6.241412254e-03
2.993987976e+04 1.451139802e+01 1.490032529e+01 3.633515529e+01 3.765859442e-03 6.231149961e-03
3.001202405e+04 1.457577271e+01 1.496443946e+01 3.665108580e+01 3.760155594e-03 6.221043610e-03
3.008416834e+04 1.464004811e+01 1.502845076e+01 3.696976329e+01 3.754544071e-03 6.211091497e-03
3.015631263e+04 1.470422196e+01 1.509235694e+01 3.729121163e+01 3.749023984e-03 6.201292108e-03
3.022845691e+04 1.476829206e+01 1.515615582e+01 3.761545496e+01 3.743594199e-03 6.191643554e-03
3.030060120e+04 1.483225621e+01 1.521984522e+01 3.794251756e+01 3.738253724e-03 6.182144165e-03
3.037274549e+04 1.489611226e+01 1.528342299e+01 3.827242393e+01 3.733001641e-03 6.172792389e-03
3.044488978e+04 1.495985805e+01 1.534688701e+01 3.860519877e+01 3.727837008e-03 6.163586636e-03
3.051703407e+04 1.502349150e+01 1.541023522e+01 3.894086710e+01 3.722759556e-03 6.154526360e-03
3.058917836e+04 1.508701053e+01 1.547346555e+01 3.927945403e+01 3.717768272e-03 6.145609867e-03
3.066132265e+04 1.515041308e+01 1.553657596e+01 3.962098492e+01 3.712862440e-03 6.136835921e-03
3.073346693e+04 1.521369714e+01 1.559956445e+01 3.996548537e+01 3.708041173e-03 6.128203024e-03
3.080561122e+04 1.527686072e+01 1.566242905e+01 4.031298126e+01 3.703303366e-03 6.119709342e-03
3.087775551e+04 1.533990185e+01 1.572516782e+01 4.066349858e+01 3.698648369e-03 6.111353749e-03
3.094989980e+04 1.540281860e+01 1.578777884e+01 4.101706358e+01 3.694075362e-03 6.103134852e-03
3.102204409e+04 1.546560907e+01 1.585026021e+01 4.137370282e+01 3.689583382e-03 6.095051046e-03
3.109418838e+04 1.552827136e+01 1.591261008e+01 4.173344301e+01 3.685171544e-03 6.087100843e-03
3.116633267e+04 1.559080365e+01 1.597482661e+01 4.209631109e+01 3.680838988e-03 6.079282797e-03
3.123847695e+04 1.565320410e+01 1.603690800e+01 4.246233424e+01 3.676584871e-03 6.071595490e-03
3.131062124e+04 1.571547093e+01 1.609885248e+01 4.283153998e+01 3.672409186e-03 6.064038794e-03
3.138276553e+04 1.577760237e+01 1.616065830e+01 4.320395592e+01 3.668310987e-03 6.056611134e-03
3.145490982e+04 1.583959670e+01 1.622232374e+01 4.357960995e+01 3.664289695e-03 6.049311502e-03
3.152705411e+04 1.590145221e+01 1.628384711e+01 4.395853024e+01 3.660344175e-03 6.042138036e-03
3.159919840e+04 1.596316721e+01 1.634522674e+01 4.434074525e+01 3.656472670e-03 6.035087911e-03
3.167134269e+04 1.602474005e+01 1.640646099e+01 4.472628358e+01 3.652674605e-03 6.028160133e-03
3.174348697e+04 1.608616911e+01 1.646754826e+01 4.511517408e+01 3.648948875e-03 6.021352887e-03
3.181563126e+04 1.614745282e+01 1.652848698e+01 4.550744594e+01 3.645296983e-03 6.014668383e-03
3.188777555e+04 1.620858963e+01 1.658927563e+01 4.590312857e+01 3.641719731e-03 6.008107749e-03
3.195991984e+04 1.626957802e+01 1.664991270e+01 4.630225159e+01 3.638217489e-03 6.001671452e-03
3.203206413e+04 1.633041646e+01 1.671039666e+01 4.670484495e+01 3.634785712e-03 5.995352386e-03
3.210420842e+04 1.639110346e+01 1.677072605e+01 4.711093880e+01 3.631421745e-03 5.989146358e-03
3.217635271e+04 1.645163758e+01 1.683089942e+01 4.752056360e+01 3.628124978e-03 5.983052318e-03
3.224849699e+04 1.651201737e+01 1.689091534e+01 4.793375004e+01 3.624896571e-03 5.977071933e-03
3.232064128e+04 1.657224143e+01 1.695077243e+01 4.835052910e+01 3.621735366e-03 5.971203316e-03
3.239278557e+04 1.663230843e+01 1.701046937e+01 4.877093201e+01 3.618644135e-03 5.965450665e-03
3.246492986e+04 1.669221705e+01 1.707000484e+01 4.919499028e+01 3.615624240e-03 5.959815979e-03
3.253707415e+04 1.675196599e+01 1.712937755e+01 4.962273569e+01 3.612670506e-03 5.954291206e-03
3.260921844e+04 1.681155399e+01 1.718858627e+01 5.005420031e+01 3.609780845e-03 5.948873049e-03
3.268136273e+04 1.687097976e+01 1.724762970e+01 5.048941646e+01 3.606953572e-03 5.943558783e-03
3.275350701e+04 1.693024202e+01 1.730650656e+01 5.092841676e+01 3.604190278e-03 5.938350729e-03
3.282565130e+04 1.698933960e+01 1.736521571e+01 5.137123413e+01 3.601494347e-03 5.933254057e-03
3.289779559e+04 1.704827134e+01 1.742375600e+01 5.181790176e+01 3.598860559e-03 5.928260613e-03
3.296993988e+04 1.710703610e+01 1.748212627e+01 5.226845317e+01 3.596290035e-03 5.923372052e-03
3.304208417e+04 1.716563276e+01 1.754032543e+01 5.272292215e+01 3.593782219e-03 5.918587420e-03
3.311422846e+04 1.722406022e+01 1.759835238e+01 5.318134279e+01 3.591336479e-03 5.913905658e-03
3.318637275e+04 1.728231741e+01 1.765620606e+01 5.364374933e+01 3.588952067e-03 5.909325524e-03
3.325851703e+04 1.734040329e+01 1.771388543e+01 5.411017650e+01 3.586628361e-03 5.904845976e-03
3.333066132e+04 1.739831684e+01 1.777138948e+01 5.458065924e+01 3.584364868e-03 5.900466172e-03
3.340280561e+04 1.745605707e+01 1.782871722e+01 5.505523271e+01 3.582161087e-03 5.896185254e-03
3.347494990e+04 1.751362303e+01 1.788586771e+01 5.553393262e+01 3.580016516e-03 5.892002368e-03
3.354709419e+04 1.757101374e+01 1.794283997e+01 5.601679458e+01 3.577930697e-03 5.887916727e-03
3.361923848e+04 1.762822830e+01 1.799963311e+01 5.650385479e+01 3.575903038e-03 5.883927336e-03
3.369138277e+04 1.768526583e+01 1.805624624e+01 5.699514991e+01 3.573933149e-03 5.880033519e-03
3.376352705e+04 1.774212547e+01 1.811267851e+01 5.749071670e+01 3.572020484e-03 5.876234352e-03
3.383567134e+04 1.779880637e+01 1.816892908e+01 5.799059241e+01 3.570164548e-03 5.872528999e-03
3.390781563e+04 1.785530774e+01 1.822499714e+01 5.849481457e+01 3.568364876e-03 5.868916662e-03
3.397995992e+04 1.791162877e+01 1.828088191e+01 5.900342090e+01 3.566620978e-03 5.865396515e-03
3.405210421e+04 1.796776871e+01 1.833658260e+01 5.951644958e+01 3.564932389e-03 5.861967765e-03
3.412424850e+04 1.802372679e+01 1.839209848e+01 6.003393903e+01 3.563298664e-03 5.858629650e-03
3.419639279e+04 1.807950231e+01 1.844742883e+01 6.055592800e+01 3.561719347e-03 5.855381399e-03
3.426853707e+04 1.813509456e+01 1.850257293e+01 6.108245571e+01 3.560193988e-03 5.852222243e-03
3.434068136e+04 1.819050286e+01 1.855753013e+01 6.161356153e+01 3.558722152e-03 5.849151443e-03
3.441282565e+04 1.824572657e+01 1.861229975e+01 6.214928521e+01 3.557303412e-03 5.846168268e-03
3.448496994e+04 1.830076506e+01 1.866688117e+01 6.268966700e+01 3.555937324e-03 5.843271968e-03
3.455711423e+04 1.835561771e+01 1.872127377e+01 6.323474737e+01 3.554623469e-03 5.840461825e-03
3.462925852e+04 1.841028395e+01 1.877547697e+01 6.378456710e+01 3.553361430e-03 5.837737132e-03
3.470140281e+04 1.846476320e+01 1.882949019e+01 6.433916746e+01 3.552150793e-03 5.835097183e-03
3.477354709e+04 1.851905493e+01 1.888331289e+01 6.489859003e+01 3.550991151e-03 5.832541283e-03
3.484569138e+04 1.857315861e+01 1.893694454e+01 6.546287670e+01 3.549882102e-03 5.830068748e-03
3.491783567e+04 1.862707376e+01 1.899038463e+01 6.603206975e+01 3.548823250e-03 5.827678905e-03
3.498997996e+04 1.868079988e+01 1.904363268e+01 6.660621192e+01 3.547814205e-03 5.825371087e-03
3.506212425e+04 1.873433653e+01 1.909668821e+01 6.718534617e+01 3.546854583e-03 5.823144640e-03
3.513426854e+04 1.878768326e+01 1.914955080e+01 6.776951590e+01 3.545944003e-03 5.820998915e-03
3.520641283e+04 1.884083966e+01 1.920221999e+01 6.835876499e+01 3.545082089e-03 5.818933270e-03
3.527855711e+04 1.889380533e+01 1.925469539e+01 6.895313753e+01 3.544268472e-03 5.816947077e-03
3.535070140e+04 1.894657989e+01 1.930697660e+01 6.955267804e+01 3.543502788e-03 5.815039714e-03
3.542284569e+04 1.899916298e+01 1.935906325e+01 7.015743157e+01 3.542784675e-03 5.813210564e-03
3.549498998e+04 1.905155426e+01 1.941095498e+01 7.076744341e+01 3.542113780e-03 5.811459024e-03
3.556713427e+04 1.910375341e+01 1.946265147e+01 7.138275925e+01 3.541489753e-03 5.809784498e-03
3.563927856e+04 1.915576014e+01 1.951415239e+01 7.200342516e+01 3.540912250e-03 5.808186397e-03
3.571142285e+04 1.920757415e+01 1.956545745e+01 7.262948762e+01 3.540380932e-03 5.806664142e-03
3.578356713e+04 1.925919519e+01 1.961656635e+01 7.326099367e+01 3.539895460e-03 5.805217156e-03
3.585571142e+04 1.931062301e+01 1.966747885e+01 7.389799059e+01 3.539455504e-03 5.803844875e-03
3.592785571e+04 1.936185738e+01 1.971819468e+01 7.454052610e+01 3.539060737e-03 5.802546741e-03
3.600000000e+04 1.941289808e+01 1.976871360e+01 7.518864836e+01 3.538710838e-03 5.801322202e-03
