time            Cj              Ck             
0.000000000e+00 1.000000000e+01 1.000000000e-05
2.164328657e+01 8.577788660e+00 5.361894216e-05
4.328657315e+01 7.632003276e+00 6.029978984e-04
6.492985972e+01 7.003456389e+00 2.511261933e-03
8.657314629e+01 6.585906727e+00 6.618159014e-03
1.082164329e+02 6.308634013e+00 1.356021167e-02
1.298597194e+02 6.124633081e+00 2.372467943e-02
1.515030060e+02 6.002686921e+00 3.727059093e-02
1.731462926e+02 5.922072368e+00 5.417551751e-02
1.947895792e+02 5.869034761e+00 7.428688176e-02
2.164328657e+02 5.834444594e+00 9.736798173e-02
2.380761523e+02 5.812241368e+00 1.231351149e-01
2.597194389e+02 5.798400685e+00 1.512853797e-01
2.813627255e+02 5.790248877e+00 1.815161997e-01
3.030060120e+02 5.786008288e+00 2.135381311e-01
3.246492986e+02 5.784495633e+00 2.470825441e-01
3.462925852e+02 5.784921898e+00 2.819055848e-01
3.679358717e+02 5.786759667e+00 3.177895557e-01
3.895791583e+02 5.789655069e+00 3.545426001e-01
4.112224449e+02 5.793369441e+00 3.919973344e-01
4.328657315e+02 5.797740623e+00 4.300088934e-01
4.545090180e+02 5.802657303e+00 4.684527055e-01
4.761523046e+02 5.808041995e+00 5.072222069e-01
4.977955912e+02 5.813839771e+00 5.462266261e-01
5.194388778e+02 5.820010767e+00 5.853889147e-01
5.410821643e+02 5.826525211e+00 6.246438647e-01
5.627254509e+02 5.833360155e+00 6.639364271e-01
5.843687375e+02 5.840497257e+00 7.032202300e-01
6.060120240e+02 5.847921335e+00 7.424562858e-01
6.276553106e+02 5.855619393e+00 7.816118744e-01
6.492985972e+02 5.863579968e+00 8.206595812e-01
6.709418838e+02 5.871792696e+00 8.595764749e-01
6.925851703e+02 5.880248019e+00 8.983434101e-01
7.142284569e+02 5.888936974e+00 9.369444233e-01
7.358717435e+02 5.897851075e+00 9.753662384e-01
7.575150301e+02 5.906982204e+00 1.013597835e+00
7.791583166e+02 5.916322544e+00 1.051630088e+00
8.008016032e+02 5.925864537e+00 1.089455464e+00
8.224448898e+02 5.935600848e+00 1.127067767e+00
8.440881764e+02 5.945524337e+00 1.164461917e+00
8.657314629e+02 5.955628041e+00 1.201633770e+00
8.873747495e+02 5.965905161e+00 1.238579968e+00
9.090180361e+02 5.976349050e+00 1.275297808e+00
9.306613226e+02 5.986953198e+00 1.311785135e+00
9.523046092e+02 5.997711228e+00 1.348040250e+00
9.739478958e+02 6.008616894e+00 1.384061831e+00
9.955911824e+02 6.019664069e+00 1.419848874e+00
1.017234469e+03 6.030846743e+00 1.455400638e+00
1.038877756e+03 6.042159017e+00 1.490716592e+00
1.060521042e+03 6.053595102e+00 1.525796391e+00
1.082164329e+03 6.065149319e+00 1.560639840e+00
1.103807615e+03 6.076816090e+00 1.595246855e+00
1.125450902e+03 6.088589938e+00 1.629617456e+00
1.147094188e+03 6.100465486e+00 1.663751743e+00
1.168737475e+03 6.112437453e+00 1.697649881e+00
1.190380762e+03 6.124500657e+00 1.731312085e+00
1.212024048e+03 6.136650012e+00 1.764738612e+00
1.233667335e+03 6.148880522e+00 1.797929754e+00
1.255310621e+03 6.161187282e+00 1.830885834e+00
1.276953908e+03 6.173565478e+00 1.863607187e+00
1.298597194e+03 6.186010391e+00 1.896094164e+00
1.320240481e+03 6.198517387e+00 1.928347134e+00
1.341883768e+03 6.211081921e+00 1.960366471e+00
1.363527054e+03 6.223699537e+00 1.992152554e+00
1.385170341e+03 6.236365863e+00 2.023705772e+00
1.406813627e+03 6.249076613e+00 2.055026514e+00
1.428456914e+03 6.261827588e+00 2.086115171e+00
1.450100200e+03 6.274614673e+00 2.116972140e+00
1.471743487e+03 6.287433835e+00 2.147597815e+00
1.493386774e+03 6.300281127e+00 2.177992595e+00
1.515030060e+03 6.313152680e+00 2.208156880e+00
1.536673347e+03 6.326044711e+00 2.238091070e+00
1.558316633e+03 6.338953516e+00 2.267795569e+00
1.579959920e+03 6.351875472e+00 2.297270784e+00
1.601603206e+03 6.364807036e+00 2.326517122e+00
1.623246493e+03 6.377744743e+00 2.355534998e+00
1.644889780e+03 6.390685207e+00 2.384324827e+00
1.666533066e+03 6.403625120e+00 2.412887029e+00
1.688176353e+03 6.416561252e+00 2.441222034e+00
1.709819639e+03 6.429490448e+00 2.469330272e+00
1.731462926e+03 6.442409629e+00 2.497212182e+00
1.753106212e+03 6.455315794e+00 2.524868212e+00
1.774749499e+03 6.468206012e+00 2.552298816e+00
1.796392786e+03 6.481077429e+00 2.579504456e+00
1.818036072e+03 6.493927262e+00 2.606485603e+00
1.839679359e+03 6.506752800e+00 2.633242739e+00
1.861322645e+03 6.519551404e+00 2.659776356e+00
1.882965932e+03 6.532320506e+00 2.686086955e+00
1.904609218e+03 6.545057609e+00 2.712175049e+00
1.926252505e+03 6.557760284e+00 2.738041163e+00
1.947895792e+03 6.570426172e+00 2.763685836e+00
1.969539078e+03 6.583052984e+00 2.789109616e+00
1.991182365e+03 6.595638491e+00 2.814313067e+00
2.012825651e+03 6.608180537e+00 2.839296765e+00
2.034468938e+03 6.620677030e+00 2.864061300e+00
2.056112224e+03 6.633125938e+00 2.888607275e+00
2.077755511e+03 6.645525295e+00 2.912935309e+00
2.099398798e+03 6.657873197e+00 2.937046034e+00
2.121042084e+03 6.670167804e+00 2.960940099e+00
2.142685371e+03 6.682407337e+00 2.984618164e+00
2.164328657e+03 6.694590075e+00 3.008080909e+00
2.185971944e+03 6.706714358e+00 3.031329027e+00
2.207615230e+03 6.718778588e+00 3.054363227e+00
2.229258517e+03 6.730781224e+00 3.077184233e+00
2.250901804e+03 6.742720784e+00 3.099792787e+00
2.272545090e+03 6.754595842e+00 3.122189646e+00
2.294188377e+03 6.766405028e+00 3.144375585e+00
2.315831663e+03 6.778147026e+00 3.166351395e+00
2.337474950e+03 6.789820573e+00 3.188117880e+00
2.359118236e+03 6.801424442e+00 3.209675849e+00
2.380761523e+03 6.812957454e+00 3.231026143e+00
2.402404810e+03 6.824418516e+00 3.252169614e+00
2.424048096e+03 6.835806562e+00 3.273107126e+00
2.445691383e+03 6.847120579e+00 3.293839566e+00
2.467334669e+03 6.858359611e+00 3.314367831e+00
2.488977956e+03 6.869522741e+00 3.334692834e+00
2.510621242e+03 6.880609098e+00 3.354815505e+00
2.532264529e+03 6.891617861e+00 3.374736787e+00
2.553907816e+03 6.902548251e+00 3.394457640e+00
2.575551102e+03 6.913399535e+00 3.413979037e+00
2.597194389e+03 6.924171021e+00 3.433301965e+00
2.618837675e+03 6.934862058e+00 3.452427427e+00
2.640480962e+03 6.945472041e+00 3.471356439e+00
2.662124248e+03 6.956000397e+00 3.490090030e+00
2.683767535e+03 6.966446602e+00 3.508629243e+00
2.705410822e+03 6.976810162e+00 3.526975132e+00
2.727054108e+03 6.987090628e+00 3.545128766e+00
2.748697395e+03 6.997287582e+00 3.563091229e+00
2.770340681e+03 7.007400650e+00 3.580863619e+00
2.791983968e+03 7.017429501e+00 3.598447051e+00
2.813627255e+03 7.027373821e+00 3.615842637e+00
2.835270541e+03 7.037233335e+00 3.633051506e+00
2.856913828e+03 7.047007804e+00 3.650074798e+00
2.878557114e+03 7.056697012e+00 3.666913657e+00
2.900200401e+03 7.066300782e+00 3.683569240e+00
2.921843687e+03 7.075818950e+00 3.700042711e+00
2.943486974e+03 7.085251443e+00 3.716335272e+00
2.965130261e+03 7.094598132e+00 3.732448104e+00
2.986773547e+03 7.103858980e+00 3.748382423e+00
3.008416834e+03 7.113033960e+00 3.764139448e+00
3.030060120e+03 7.122123058e+00 3.779720377e+00
3.051703407e+03 7.131126289e+00 3.795126430e+00
3.073346693e+03 7.140043697e+00 3.810358840e+00
3.094989980e+03 7.148875359e+00 3.825418853e+00
3.116633267e+03 7.157621369e+00 3.840307717e+00
3.138276553e+03 7.166281845e+00 3.855026685e+00
3.159919840e+03 7.174856925e+00 3.869577014e+00
3.181563126e+03 7.183346772e+00 3.883959971e+00
3.203206413e+03 7.191751569e+00 3.898176827e+00
3.224849699e+03 7.200071519e+00 3.912228857e+00
3.246492986e+03 7.208306843e+00 3.926117342e+00
3.268136273e+03 7.216457783e+00 3.939843564e+00
3.289779559e+03 7.224524603e+00 3.953408816e+00
3.311422846e+03 7.232507579e+00 3.966814393e+00
3.333066132e+03 7.240407017e+00 3.980061597e+00
3.354709419e+03 7.248223235e+00 3.993151732e+00
3.376352705e+03 7.255956554e+00 4.006086093e+00
3.397995992e+03 7.263607321e+00 4.018865985e+00
3.419639279e+03 7.271175893e+00 4.031492713e+00
3.441282565e+03 7.278662638e+00 4.043967575e+00
3.462925852e+03 7.286067938e+00 4.056291876e+00
3.484569138e+03 7.293392178e+00 4.068466918e+00
3.506212425e+03 7.300635825e+00 4.080494037e+00
3.527855711e+03 7.307799268e+00 4.092374540e+00
3.549498998e+03 7.314882960e+00 4.104109748e+00
3.571142285e+03 7.321887334e+00 4.115700950e+00
3.592785571e+03 7.328812856e+00 4.127149463e+00
3.614428858e+03 7.335660001e+00 4.138456604e+00
3.636072144e+03 7.342429252e+00 4.149623685e+00
3.657715431e+03 7.349121094e+00 4.160652009e+00
3.679358717e+03 7.355736022e+00 4.171542880e+00
3.701002004e+03 7.362274544e+00 4.182297602e+00
3.722645291e+03 7.368737174e+00 4.192917476e+00
3.744288577e+03 7.375124434e+00 4.203403801e+00
3.765931864e+03 7.381436851e+00 4.213757874e+00
3.787575150e+03 7.387674962e+00 4.223980985e+00
3.809218437e+03 7.393839306e+00 4.234074426e+00
3.830861723e+03 7.399930433e+00 4.244039481e+00
3.852505010e+03 7.405948897e+00 4.253877436e+00
3.874148297e+03 7.411895258e+00 4.263589570e+00
3.895791583e+03 7.417770084e+00 4.273177160e+00
3.917434870e+03 7.423573939e+00 4.282641473e+00
3.939078156e+03 7.429307395e+00 4.291983774e+00
3.960721443e+03 7.434971025e+00 4.301205321e+00
3.982364729e+03 7.440565407e+00 4.310307366e+00
4.004008016e+03 7.446091120e+00 4.319291160e+00
4.025651303e+03 7.451548757e+00 4.328157944e+00
4.047294589e+03 7.456938904e+00 4.336908968e+00
4.068937876e+03 7.462262158e+00 4.345545466e+00
4.090581162e+03 7.467519116e+00 4.354068669e+00
4.112224449e+03 7.472710364e+00 4.362479791e+00
4.133867735e+03 7.477836496e+00 4.370780045e+00
4.155511022e+03 7.482898108e+00 4.378970640e+00
4.177154309e+03 7.487895804e+00 4.387052782e+00
4.198797595e+03 7.492830180e+00 4.395027666e+00
4.220440882e+03 7.497701838e+00 4.402896481e+00
4.242084168e+03 7.502511378e+00 4.410660408e+00
4.263727455e+03 7.507259400e+00 4.418320622e+00
4.285370741e+03 7.511946502e+00 4.425878289e+00
4.307014028e+03 7.516573282e+00 4.433334567e+00
4.328657315e+03 7.521140338e+00 4.440690609e+00
4.350300601e+03 7.525648269e+00 4.447947558e+00
4.371943888e+03 7.530097676e+00 4.455106557e+00
4.393587174e+03 7.534489155e+00 4.462168730e+00
4.415230461e+03 7.538823303e+00 4.469135205e+00
4.436873747e+03 7.543100712e+00 4.476007092e+00
4.458517034e+03 7.547321971e+00 4.482785496e+00
4.480160321e+03 7.551487672e+00 4.489471514e+00
4.501803607e+03 7.555598405e+00 4.496066237e+00
4.523446894e+03 7.559654755e+00 4.502570745e+00
4.545090180e+03 7.563657307e+00 4.508986110e+00
4.566733467e+03 7.567606642e+00 4.515313396e+00
4.588376754e+03 7.571503341e+00 4.521553660e+00
4.610020040e+03 7.575347980e+00 4.527707950e+00
4.631663327e+03 7.579141134e+00 4.533777304e+00
4.653306613e+03 7.582883375e+00 4.539762750e+00
4.674949900e+03 7.586575274e+00 4.545665321e+00
4.696593186e+03 7.590217395e+00 4.551486019e+00
4.718236473e+03 7.593810301e+00 4.557225853e+00
4.739879760e+03 7.597354551e+00 4.562885818e+00
4.761523046e+03 7.600850701e+00 4.568466897e+00
4.783166333e+03 7.604299303e+00 4.573970072e+00
4.804809619e+03 7.607700911e+00 4.579396313e+00
4.826452906e+03 7.611056071e+00 4.584746581e+00
4.848096192e+03 7.614365326e+00 4.590021828e+00
4.869739479e+03 7.617629215e+00 4.595222997e+00
4.891382766e+03 7.620848275e+00 4.600351022e+00
4.913026052e+03 7.624023034e+00 4.605406826e+00
4.934669339e+03 7.627154017e+00 4.610391324e+00
4.956312625e+03 7.630241757e+00 4.615305446e+00
4.977955912e+03 7.633286740e+00 4.620150015e+00
4.999599198e+03 7.636289511e+00 4.624925988e+00
5.021242485e+03 7.639250577e+00 4.629634235e+00
5.042885772e+03 7.642170453e+00 4.634275631e+00
5.064529058e+03 7.645049655e+00 4.638851050e+00
5.086172345e+03 7.647888670e+00 4.643361336e+00
5.107815631e+03 7.650687987e+00 4.647807329e+00
5.129458918e+03 7.653448099e+00 4.652189866e+00
5.151102204e+03 7.656169496e+00 4.656509782e+00
5.172745491e+03 7.658852662e+00 4.660767895e+00
5.194388778e+03 7.661498076e+00 4.664965017e+00
5.216032064e+03 7.664106211e+00 4.669101951e+00
5.237675351e+03 7.666677538e+00 4.673179490e+00
5.259318637e+03 7.669212523e+00 4.677198421e+00
5.280961924e+03 7.671711627e+00 4.681159521e+00
5.302605210e+03 7.674175309e+00 4.685063559e+00
5.324248497e+03 7.676604022e+00 4.688911297e+00
5.345891784e+03 7.678998214e+00 4.692703486e+00
5.367535070e+03 7.681358332e+00 4.696440872e+00
5.389178357e+03 7.683684815e+00 4.700124190e+00
5.410821643e+03 7.685978098e+00 4.703754165e+00
5.432464930e+03 7.688238612e+00 4.707331516e+00
5.454108216e+03 7.690466785e+00 4.710856955e+00
5.475751503e+03 7.692663039e+00 4.714331185e+00
5.497394790e+03 7.694827791e+00 4.717754900e+00
5.519038076e+03 7.696961456e+00 4.721128785e+00
5.540681363e+03 7.699064441e+00 4.724453518e+00
5.562324649e+03 7.701137151e+00 4.727729768e+00
5.583967936e+03 7.703179986e+00 4.730958198e+00
5.605611222e+03 7.705193344e+00 4.734139464e+00
5.627254509e+03 7.707177620e+00 4.737274214e+00
5.648897796e+03 7.709133201e+00 4.740363086e+00
5.670541082e+03 7.711060474e+00 4.743406717e+00
5.692184369e+03 7.712959821e+00 4.746405733e+00
5.713827655e+03 7.714831623e+00 4.749360754e+00
5.735470942e+03 7.716676251e+00 4.752272391e+00
5.757114228e+03 7.718494067e+00 4.755141242e+00
5.778757515e+03 7.720285429e+00 4.757967898e+00
5.800400802e+03 7.722050690e+00 4.760752941e+00
5.822044088e+03 7.723790215e+00 4.763496960e+00
5.843687375e+03 7.725504375e+00 4.766200542e+00
5.865330661e+03 7.727193486e+00 4.768864228e+00
5.886973948e+03 7.728857898e+00 4.771488585e+00
5.908617234e+03 7.730497954e+00 4.774074166e+00
5.930260521e+03 7.732113985e+00 4.776621515e+00
5.951903808e+03 7.733706322e+00 4.779131169e+00
5.973547094e+03 7.735275296e+00 4.781603664e+00
5.995190381e+03 7.736821230e+00 4.784039524e+00
6.016833667e+03 7.738344440e+00 4.786439265e+00
6.038476954e+03 7.739845243e+00 4.788803400e+00
6.060120240e+03 7.741323951e+00 4.791132433e+00
6.081763527e+03 7.742780872e+00 4.793426864e+00
6.103406814e+03 7.744216308e+00 4.795687183e+00
6.125050100e+03 7.745630562e+00 4.797913878e+00
6.146693387e+03 7.747023928e+00 4.800107428e+00
6.168336673e+03 7.748396701e+00 4.802268304e+00
6.189979960e+03 7.749749169e+00 4.804396976e+00
6.211623246e+03 7.751081618e+00 4.806493904e+00
6.233266533e+03 7.752394330e+00 4.808559543e+00
6.254909820e+03 7.753687586e+00 4.810594344e+00
6.276553106e+03 7.754961659e+00 4.812598749e+00
6.298196393e+03 7.756216820e+00 4.814573193e+00
6.319839679e+03 7.757453337e+00 4.816518107e+00
6.341482966e+03 7.758671477e+00 4.818433920e+00
6.363126253e+03 7.759871500e+00 4.820321051e+00
6.384769539e+03 7.761053665e+00 4.822179914e+00
6.406412826e+03 7.762218226e+00 4.824010918e+00
6.428056112e+03 7.763365433e+00 4.825814466e+00
6.449699399e+03 7.764495534e+00 4.827590955e+00
6.471342685e+03 7.765608772e+00 4.829340776e+00
6.492985972e+03 7.766705388e+00 4.831064317e+00
6.514629259e+03 7.767785621e+00 4.832761958e+00
6.536272545e+03 7.768849704e+00 4.834434077e+00
6.557915832e+03 7.769897869e+00 4.836081043e+00
6.579559118e+03 7.770930347e+00 4.837703227e+00
6.601202405e+03 7.771947368e+00 4.839300992e+00
6.622845691e+03 7.772949157e+00 4.840874698e+00
6.644488978e+03 7.773935938e+00 4.842424698e+00
6.666132265e+03 7.774907929e+00 4.843951341e+00
6.687775551e+03 7.775865346e+00 4.845454970e+00
6.709418838e+03 7.776808401e+00 4.846935922e+00
6.731062124e+03 7.777737294e+00 4.848394524e+00
6.752705411e+03 7.778652226e+00 4.849831099e+00
6.774348697e+03 7.779553395e+00 4.851245965e+00
6.795991984e+03 7.780440997e+00 4.852639442e+00
6.817635271e+03 7.781315228e+00 4.854011841e+00
6.839278557e+03 7.782176270e+00 4.855363472e+00
6.860921844e+03 7.783024357e+00 4.856694654e+00
6.882565130e+03 7.783859680e+00 4.858005707e+00
6.904208417e+03 7.784682454e+00 4.859296946e+00
6.925851703e+03 7.785492826e+00 4.860568635e+00
6.947494990e+03 7.786290932e+00 4.861821028e+00
6.969138277e+03 7.787076983e+00 4.863054433e+00
6.990781563e+03 7.787851175e+00 4.864269145e+00
7.012424850e+03 7.788613676e+00 4.865465437e+00
7.034068136e+03 7.789364650e+00 4.866643577e+00
7.055711423e+03 7.790104269e+00 4.867803836e+00
7.077354709e+03 7.790832701e+00 4.868946480e+00
7.098997996e+03 7.791550113e+00 4.870071772e+00
7.120641283e+03 7.792256666e+00 4.871179969e+00
7.142284569e+03 7.792952520e+00 4.872271326e+00
7.163927856e+03 7.793637832e+00 4.873346092e+00
7.185571142e+03 7.794312758e+00 4.874404516e+00
7.207214429e+03 7.794977451e+00 4.875446838e+00
7.228857715e+03 7.795632062e+00 4.876473302e+00
7.250501002e+03 7.796276741e+00 4.877484143e+00
7.272144289e+03 7.796911636e+00 4.878479594e+00
7.293787575e+03 7.797536892e+00 4.879459885e+00
7.315430862e+03 7.798152656e+00 4.880425246e+00
7.337074148e+03 7.798759073e+00 4.881375903e+00
7.358717435e+03 7.799356283e+00 4.882312077e+00
7.380360721e+03 7.799944425e+00 4.883233986e+00
7.402004008e+03 7.800523633e+00 4.884141843e+00
7.423647295e+03 7.801094040e+00 4.885035859e+00
7.445290581e+03 7.801655790e+00 4.885916256e+00
7.466933868e+03 7.802208968e+00 4.886783191e+00
7.488577154e+03 7.802753728e+00 4.887636898e+00
7.510220441e+03 7.803290181e+00 4.888477565e+00
7.531863727e+03 7.803818442e+00 4.889305379e+00
7.553507014e+03 7.804338632e+00 4.890120534e+00
7.575150301e+03 7.804850900e+00 4.890923238e+00
7.596793587e+03 7.805355374e+00 4.891713686e+00
7.618436874e+03 7.805852164e+00 4.892492058e+00
7.640080160e+03 7.806341376e+00 4.893258528e+00
7.661723447e+03 7.806823126e+00 4.894013279e+00
7.683366733e+03 7.807297527e+00 4.894756488e+00
7.705010020e+03 7.807764689e+00 4.895488328e+00
7.726653307e+03 7.808224720e+00 4.896208971e+00
7.748296593e+03 7.808677727e+00 4.896918584e+00
7.769939880e+03 7.809123814e+00 4.897617336e+00
7.791583166e+03 7.809563087e+00 4.898305390e+00
7.813226453e+03 7.809995648e+00 4.898982908e+00
7.834869739e+03 7.810421598e+00 4.899650050e+00
7.856513026e+03 7.810841038e+00 4.900306973e+00
7.878156313e+03 7.811254064e+00 4.900953830e+00
7.899799599e+03 7.811660773e+00 4.901590774e+00
7.921442886e+03 7.812061260e+00 4.902217954e+00
7.943086172e+03 7.812455617e+00 4.902835520e+00
7.964729459e+03 7.812843939e+00 4.903443616e+00
7.986372745e+03 7.813226315e+00 4.904042384e+00
8.008016032e+03 7.813602838e+00 4.904631970e+00
8.029659319e+03 7.813973598e+00 4.905212512e+00
8.051302605e+03 7.814338680e+00 4.905784149e+00
8.072945892e+03 7.814698170e+00 4.906347012e+00
8.094589178e+03 7.815052151e+00 4.906901237e+00
8.116232465e+03 7.815400707e+00 4.907446953e+00
8.137875752e+03 7.815743920e+00 4.907984291e+00
8.159519038e+03 7.816081873e+00 4.908513379e+00
8.181162325e+03 7.816414643e+00 4.909034341e+00
8.202805611e+03 7.816742311e+00 4.909547301e+00
8.224448898e+03 7.817064952e+00 4.910052381e+00
8.246092184e+03 7.817382644e+00 4.910549701e+00
8.267735471e+03 7.817695462e+00 4.911039378e+00
8.289378758e+03 7.818003479e+00 4.911521530e+00
8.311022044e+03 7.818306769e+00 4.911996272e+00
8.332665331e+03 7.818605403e+00 4.912463715e+00
8.354308617e+03 7.818899453e+00 4.912923972e+00
8.375951904e+03 7.819188987e+00 4.913377152e+00
8.397595190e+03 7.819474075e+00 4.913823363e+00
8.419238477e+03 7.819754784e+00 4.914262712e+00
8.440881764e+03 7.820031180e+00 4.914695301e+00
8.462525050e+03 7.820303328e+00 4.915121233e+00
8.484168337e+03 7.820571294e+00 4.915540612e+00
8.505811623e+03 7.820835142e+00 4.915953538e+00
8.527454910e+03 7.821094934e+00 4.916360108e+00
8.549098196e+03 7.821350731e+00 4.916760421e+00
8.570741483e+03 7.821602596e+00 4.917154572e+00
8.592384770e+03 7.821850589e+00 4.917542655e+00
8.614028056e+03 7.822094769e+00 4.917924763e+00
8.635671343e+03 7.822335195e+00 4.918300989e+00
8.657314629e+03 7.822571923e+00 4.918671421e+00
8.678957916e+03 7.822805012e+00 4.919036149e+00
8.700601202e+03 7.823034516e+00 4.919395261e+00
8.722244489e+03 7.823260491e+00 4.919748842e+00
8.743887776e+03 7.823482990e+00 4.920096976e+00
8.765531062e+03 7.823702067e+00 4.920439748e+00
8.787174349e+03 7.823917770e+00 4.920777237e+00
8.808817635e+03 7.824130151e+00 4.921109524e+00
8.830460922e+03 7.824339257e+00 4.921436686e+00
8.852104208e+03 7.824545138e+00 4.921758802e+00
8.873747495e+03 7.824747842e+00 4.922075949e+00
8.895390782e+03 7.824947416e+00 4.922388202e+00
8.917034068e+03 7.825143909e+00 4.922695636e+00
8.938677355e+03 7.825337374e+00 4.922998329e+00
8.960320641e+03 7.825527868e+00 4.923296361e+00
8.981963928e+03 7.825715447e+00 4.923589809e+00
9.003607214e+03 7.825900161e+00 4.923878747e+00
9.025250501e+03 7.826081995e+00 4.924163208e+00
9.046893788e+03 7.826261024e+00 4.924443279e+00
9.068537074e+03 7.826437300e+00 4.924719034e+00
9.090180361e+03 7.826610854e+00 4.924990531e+00
9.111823647e+03 7.826781732e+00 4.925257839e+00
9.133466934e+03 7.826949979e+00 4.925521025e+00
9.155110220e+03 7.827115631e+00 4.925780148e+00
9.176753507e+03 7.827278726e+00 4.926035272e+00
9.198396794e+03 7.827439306e+00 4.926286457e+00
9.220040080e+03 7.827597410e+00 4.926533766e+00
9.241683367e+03 7.827753076e+00 4.926777258e+00
9.263326653e+03 7.827906340e+00 4.927016991e+00
9.284969940e+03 7.828057240e+00 4.927253023e+00
9.306613226e+03 7.828205811e+00 4.927485410e+00
9.328256513e+03 7.828352090e+00 4.927714210e+00
9.349899800e+03 7.828496112e+00 4.927939476e+00
9.371543086e+03 7.828637912e+00 4.928161264e+00
9.393186373e+03 7.828777523e+00 4.928379627e+00
9.414829659e+03 7.828914980e+00 4.928594618e+00
9.436472946e+03 7.829050314e+00 4.928806288e+00
9.458116232e+03 7.829183560e+00 4.929014689e+00
9.479759519e+03 7.829314748e+00 4.929219870e+00
9.501402806e+03 7.829443911e+00 4.929421882e+00
9.523046092e+03 7.829571078e+00 4.929620771e+00
9.544689379e+03 7.829696281e+00 4.929816588e+00
9.566332665e+03 7.829819550e+00 4.930009379e+00
9.587975952e+03 7.829940916e+00 4.930199191e+00
9.609619238e+03 7.830060406e+00 4.930386069e+00
9.631262525e+03 7.830178052e+00 4.930570060e+00
9.652905812e+03 7.830293880e+00 4.930751208e+00
9.674549098e+03 7.830407921e+00 4.930929557e+00
9.696192385e+03 7.830520202e+00 4.931105150e+00
9.717835671e+03 7.830630754e+00 4.931278037e+00
9.739478958e+03 7.830739594e+00 4.931448242e+00
9.761122244e+03 7.830846756e+00 4.931615821e+00
9.782765531e+03 7.830952266e+00 4.931780813e+00
9.804408818e+03 7.831056149e+00 4.931943255e+00
9.826052104e+03 7.831158423e+00 4.932103184e+00
9.847695391e+03 7.831259109e+00 4.932260635e+00
9.869338677e+03 7.831358232e+00 4.932415648e+00
9.890981964e+03 7.831455821e+00 4.932568263e+00
9.912625251e+03 7.831551904e+00 4.932718520e+00
9.934268537e+03 7.831646507e+00 4.932866456e+00
9.955911824e+03 7.831739652e+00 4.933012107e+00
9.977555110e+03 7.831831358e+00 4.933155506e+00
9.999198397e+03 7.831921643e+00 4.933296686e+00
1.002084168e+04 7.832010530e+00 4.933435680e+00
1.004248497e+04 7.832098043e+00 4.933572526e+00
1.006412826e+04 7.832184205e+00 4.933707255e+00
1.008577154e+04 7.832269034e+00 4.933839900e+00
1.010741483e+04 7.832352551e+00 4.933970494e+00
1.012905812e+04 7.832434777e+00 4.934099067e+00
1.015070140e+04 7.832515732e+00 4.934225652e+00
1.017234469e+04 7.832595435e+00 4.934350278e+00
1.019398798e+04 7.832673905e+00 4.934472977e+00
1.021563126e+04 7.832751162e+00 4.934593777e+00
1.023727455e+04 7.832827223e+00 4.934712708e+00
1.025891784e+04 7.832902108e+00 4.934829798e+00
1.028056112e+04 7.832975835e+00 4.934945077e+00
1.030220441e+04 7.833048421e+00 4.935058573e+00
1.032384770e+04 7.833119883e+00 4.935170312e+00
1.034549098e+04 7.833190241e+00 4.935280322e+00
1.036713427e+04 7.833259509e+00 4.935388629e+00
1.038877756e+04 7.833327706e+00 4.935495260e+00
1.041042084e+04 7.833394847e+00 4.935600241e+00
1.043206413e+04 7.833460950e+00 4.935703597e+00
1.045370741e+04 7.833526029e+00 4.935805353e+00
1.047535070e+04 7.833590103e+00 4.935905535e+00
1.049699399e+04 7.833653185e+00 4.936004166e+00
1.051863727e+04 7.833715291e+00 4.936101271e+00
1.054028056e+04 7.833776438e+00 4.936196874e+00
1.056192385e+04 7.833836640e+00 4.936290998e+00
1.058356713e+04 7.833895911e+00 4.936383666e+00
1.060521042e+04 7.833954267e+00 4.936474900e+00
1.062685371e+04 7.834011729e+00 4.936564733e+00
1.064849699e+04 7.834068292e+00 4.936653161e+00
1.067014028e+04 7.834123984e+00 4.936740225e+00
1.069178357e+04 7.834178817e+00 4.936825943e+00
1.071342685e+04 7.834232803e+00 4.936910336e+00
1.073507014e+04 7.834285954e+00 4.936993423e+00
1.075671343e+04 7.834338271e+00 4.937075217e+00
1.077835671e+04 7.834389758e+00 4.937155730e+00
1.080000000e+04 7.834440451e+00 4.937235000e+00
