time            Cj              Ck              shCj            shCk            CancelC         HelperCCk       shHelperCCk    
0.000000000e+00 1.000000000e+00 0.000000000e+00 0.000000000e+00 0.000000000e+00 4.000000000e+01 1.500000000e+02 1.500000000e+02
8.657314629e+01 7.651881796e-01 4.206612219e-02 2.774178853e-02 3.263528379e-02 3.985117402e+01 1.499480591e+02 1.498869076e+02
1.731462926e+02 6.936696180e-01 7.954320819e-02 2.132704283e-01 1.916334634e-01 3.979237861e+01 1.498959976e+02 1.492343402e+02
2.597194389e+02 6.114615548e-01 1.096393749e-01 1.262534203e+00 1.092722838e+00 3.943758583e+01 1.498435205e+02 1.455860426e+02
3.462925852e+02 4.357846272e-01 1.118002531e-01 6.333058322e+00 5.533401973e+00 3.777937607e+01 1.497902782e+02 1.288519833e+02
4.328657315e+02 1.530670243e-01 6.170229865e-02 2.039792192e+01 1.861406640e+01 3.371637512e+01 1.497359462e+02 8.845837434e+01
5.194388778e+02 2.872346819e-02 2.592316409e-02 3.598017100e+01 3.453344834e+01 2.999965651e+01 1.496803030e+02 5.046516879e+01
6.060120240e+02 1.160683715e-02 1.835816258e-02 4.534419449e+01 4.499994684e+01 2.805354425e+01 1.496232897e+02 2.971980586e+01
6.925851703e+02 8.617362157e-03 1.677650490e-02 5.031920470e+01 5.099009463e+01 2.705798942e+01 1.495649967e+02 1.912792441e+01
7.791583166e+02 7.072958826e-03 1.624569338e-02 5.308972727e+01 5.457122368e+01 2.648847246e+01 1.495056057e+02 1.331745259e+01
8.657314629e+02 5.936233654e-03 1.601584814e-02 5.473675063e+01 5.685931323e+01 2.612639439e+01 1.494453416e+02 9.868027861e+00
9.523046092e+02 5.030124478e-03 1.589704745e-02 5.577398128e+01 5.840506694e+01 2.587596195e+01 1.493844388e+02 7.678654398e+00
1.038877756e+03 4.285386989e-03 1.581827373e-02 5.646038113e+01 5.949515696e+01 2.569079937e+01 1.493231217e+02 6.209436139e+00
1.125450902e+03 3.664159287e-03 1.574887894e-02 5.693472816e+01 6.029013962e+01 2.554635783e+01 1.492615929e+02 5.176005475e+00
1.212024048e+03 3.141904093e-03 1.567545413e-02 5.727522922e+01 6.088601615e+01 2.542867485e+01 1.492000278e+02 4.419381219e+00
1.298597194e+03 2.700950422e-03 1.559283693e-02 5.752783656e+01 6.134321591e+01 2.532934687e+01 1.491385734e+02 3.846145920e+00
1.385170341e+03 2.327712004e-03 1.550000424e-02 5.772056827e+01 6.170127227e+01 2.524308066e+01 1.490773482e+02 3.399010627e+00
1.471743487e+03 2.011319619e-03 1.539799356e-02 5.787110868e+01 6.198681895e+01 2.516641366e+01 1.490164451e+02 3.041492004e+00
1.558316633e+03 1.742867299e-03 1.528878350e-02 5.799099443e+01 6.221822948e+01 2.509700522e+01 1.489559336e+02 2.749554445e+00
1.644889780e+03 1.514952469e-03 1.517467442e-02 5.808799165e+01 6.240844180e+01 2.503322565e+01 1.488958634e+02 2.506867758e+00
1.731462926e+03 1.321369373e-03 1.505794735e-02 5.816748414e+01 6.256673910e+01 2.497390911e+01 1.488362669e+02 2.302021836e+00
1.818036072e+03 1.156889104e-03 1.494068448e-02 5.823330626e+01 6.269990138e+01 2.491820029e+01 1.487771626e+02 2.126839057e+00
1.904609218e+03 1.017092763e-03 1.482468514e-02 5.828825625e+01 6.281296501e+01 2.486545696e+01 1.487185575e+02 1.975322349e+00
1.991182365e+03 8.982397708e-04 1.471143843e-02 5.833442129e+01 6.290973198e+01 2.481518661e+01 1.486604495e+02 1.842981831e+00
2.077755511e+03 7.971606349e-04 1.460212782e-02 5.837338836e+01 6.299311659e+01 2.476700376e+01 1.486028296e+02 1.726393018e+00
2.164328657e+03 7.111685247e-04 1.449765450e-02 5.840638512e+01 6.306538480e+01 2.472060179e+01 1.485456832e+02 1.622900164e+00
2.250901804e+03 6.379854653e-04 1.439866890e-02 5.843437565e+01 6.312832216e+01 2.467573263e+01 1.484889921e+02 1.530412755e+00
2.337474950e+03 5.756796390e-04 1.430560547e-02 5.845812737e+01 6.318335315e+01 2.463219291e+01 1.484327352e+02 1.447262965e+00
2.424048096e+03 5.226130428e-04 1.421871736e-02 5.847825850e+01 6.323162708e+01 2.458981380e+01 1.483768898e+02 1.372104076e+00
2.510621242e+03 4.773967631e-04 1.413810889e-02 5.849527249e+01 6.327408091e+01 2.454845367e+01 1.483214322e+02 1.303836852e+00
2.597194389e+03 4.388529688e-04 1.406376493e-02 5.850958342e+01 6.331148598e+01 2.450799256e+01 1.482663386e+02 1.241554992e+00
2.683767535e+03 4.059828750e-04 1.399557672e-02 5.852153487e+01 6.334448281e+01 2.446832808e+01 1.482115850e+02 1.184504682e+00
2.770340681e+03 3.779394319e-04 1.393336407e-02 5.853141428e+01 6.337360762e+01 2.442937218e+01 1.481571484e+02 1.132053751e+00
2.856913828e+03 3.540041698e-04 1.387689416e-02 5.853946391e+01 6.339931270e+01 2.439104869e+01 1.481030063e+02 1.083668080e+00
2.943486974e+03 3.335675698e-04 1.382589719e-02 5.854588940e+01 6.342198214e+01 2.435329139e+01 1.480491371e+02 1.038893296e+00
3.030060120e+03 3.161123769e-04 1.378007925e-02 5.855086641e+01 6.344194430e+01 2.431604239e+01 1.479955205e+02 9.973403614e-01
3.116633267e+03 3.011995325e-04 1.373913266e-02 5.855454590e+01 6.345948148e+01 2.427925095e+01 1.479421375e+02 9.586742845e-01
3.203206413e+03 2.884561381e-04 1.370274420e-02 5.855705836e+01 6.347483787e+01 2.424287248e+01 1.478889701e+02 9.226050089e-01
3.289779559e+03 2.775656269e-04 1.367060161e-02 5.855851700e+01 6.348822542e+01 2.420686717e+01 1.478360015e+02 8.888801170e-01
3.376352705e+03 2.682587475e-04 1.364239848e-02 5.855902079e+01 6.349982947e+01 2.417120017e+01 1.477832164e+02 8.572789280e-01
3.462925852e+03 2.603063974e-04 1.361783791e-02 5.855865667e+01 6.350981278e+01 2.413584078e+01 1.477306004e+02 8.276076562e-01
3.549498998e+03 2.535138427e-04 1.359663525e-02 5.855750106e+01 6.351831852e+01 2.410076130e+01 1.476781405e+02 7.996954151e-01
3.636072144e+03 2.477153820e-04 1.357851983e-02 5.855562142e+01 6.352547324e+01 2.406593681e+01 1.476258245e+02 7.733909339e-01
3.722645291e+03 2.427695628e-04 1.356323614e-02 5.855307797e+01 6.353138962e+01 2.403134558e+01 1.475736414e+02 7.485598221e-01
3.809218437e+03 2.385560555e-04 1.355054445e-02 5.854992406e+01 6.353616777e+01 2.399696772e+01 1.475215811e+02 7.250823075e-01
3.895791583e+03 2.349719577e-04 1.354022096e-02 5.854620768e+01 6.353989748e+01 2.396278573e+01 1.474696345e+02 7.028512319e-01
3.982364729e+03 2.319294504e-04 1.353205768e-02 5.854197177e+01 6.354265919e+01 2.392878380e+01 1.474177932e+02 6.817704646e-01
4.068937876e+03 2.293534390e-04 1.352586200e-02 5.853725500e+01 6.354452532e+01 2.389494763e+01 1.473660496e+02 6.617534699e-01
4.155511022e+03 2.271798745e-04 1.352145650e-02 5.853209224e+01 6.354556110e+01 2.386126444e+01 1.473143969e+02 6.427223282e-01
4.242084168e+03 2.253537910e-04 1.351867788e-02 5.852651507e+01 6.354582563e+01 2.382772267e+01 1.472628289e+02 6.246064789e-01
4.328657315e+03 2.238280807e-04 1.351737635e-02 5.852055218e+01 6.354537255e+01 2.379431191e+01 1.472113398e+02 6.073419361e-01
4.415230461e+03 2.225623580e-04 1.351741489e-02 5.851422966e+01 6.354425059e+01 2.376102275e+01 1.471599247e+02 5.908705631e-01
4.501803607e+03 2.215219613e-04 1.351866843e-02 5.850757131e+01 6.354250419e+01 2.372784666e+01 1.471085790e+02 5.751394147e-01
4.588376754e+03 2.206770597e-04 1.352102292e-02 5.850059887e+01 6.354017394e+01 2.369477594e+01 1.470572985e+02 5.601001341e-01
4.674949900e+03 2.200019859e-04 1.352437466e-02 5.849333230e+01 6.353729703e+01 2.366180358e+01 1.470060795e+02 5.457084886e-01
4.761523046e+03 2.194746685e-04 1.352862942e-02 5.848578988e+01 6.353390754e+01 2.362892323e+01 1.469549187e+02 5.319239600e-01
4.848096192e+03 2.190760771e-04 1.353370179e-02 5.847798845e+01 6.353003679e+01 2.359612912e+01 1.469038130e+02 5.187093441e-01
4.934669339e+03 2.187897700e-04 1.353951434e-02 5.846994350e+01 6.352571364e+01 2.356341599e+01 1.468527598e+02 5.060304087e-01
5.021242485e+03 2.186015366e-04 1.354599702e-02 5.846166937e+01 6.352096470e+01 2.353077906e+01 1.468017566e+02 4.938556078e-01
5.107815631e+03 2.184990943e-04 1.355308652e-02 5.845317928e+01 6.351581456e+01 2.349821395e+01 1.467508012e+02 4.821558301e-01
5.194388778e+03 2.184718163e-04 1.356072564e-02 5.844448551e+01 6.351028597e+01 2.346571667e+01 1.466998917e+02 4.709041688e-01
5.280961924e+03 2.185104916e-04 1.356886280e-02 5.843559943e+01 6.350440002e+01 2.343328357e+01 1.466490263e+02 4.600757142e-01
5.367535070e+03 2.186071229e-04 1.357745145e-02 5.842653159e+01 6.349817628e+01 2.340091132e+01 1.465982034e+02 4.496473676e-01
5.454108216e+03 2.187547618e-04 1.358644967e-02 5.841729184e+01 6.349163294e+01 2.336859685e+01 1.465474217e+02 4.395976805e-01
5.540681363e+03 2.189473662e-04 1.359581970e-02 5.840788932e+01 6.348478694e+01 2.333633734e+01 1.464966797e+02 4.299067116e-01
5.627254509e+03 2.191796804e-04 1.360552757e-02 5.839833258e+01 6.347765406e+01 2.330413021e+01 1.464459765e+02 4.205558975e-01
5.713827655e+03 2.194471267e-04 1.361554270e-02 5.838862960e+01 6.347024902e+01 2.327197309e+01 1.463953109e+02 4.115279363e-01
5.800400802e+03 2.197457111e-04 1.362583761e-02 5.837878781e+01 6.346258558e+01 2.323986379e+01 1.463446821e+02 4.028066797e-01
5.886973948e+03 2.200719476e-04 1.363638759e-02 5.836881422e+01 6.345467662e+01 2.320780027e+01 1.462940892e+02 3.943770389e-01
5.973547094e+03 2.204227897e-04 1.364717046e-02 5.835871535e+01 6.344653417e+01 2.317578068e+01 1.462435315e+02 3.862248994e-01
6.060120240e+03 2.207955649e-04 1.365816629e-02 5.834849735e+01 6.343816954e+01 2.314380329e+01 1.461930083e+02 3.783370435e-01
6.146693387e+03 2.211879630e-04 1.366935715e-02 5.833816596e+01 6.342959331e+01 2.311186650e+01 1.461425191e+02 3.707010806e-01
6.233266533e+03 2.215979051e-04 1.368072701e-02 5.832772661e+01 6.342081545e+01 2.307996883e+01 1.460920632e+02 3.633053839e-01
6.319839679e+03 2.220236118e-04 1.369226144e-02 5.831718439e+01 6.341184532e+01 2.304810891e+01 1.460416403e+02 3.561390307e-01
6.406412826e+03 2.224635315e-04 1.370394748e-02 5.830654409e+01 6.340269172e+01 2.301628544e+01 1.459912498e+02 3.491917489e-01
6.492985972e+03 2.229162475e-04 1.371577354e-02 5.829581024e+01 6.339336295e+01 2.298449725e+01 1.459408914e+02 3.424538727e-01
6.579559118e+03 2.233805597e-04 1.372772920e-02 5.828498710e+01 6.338386683e+01 2.295274323e+01 1.458905647e+02 3.359162967e-01
6.666132265e+03 2.238553964e-04 1.373980512e-02 5.827407869e+01 6.337421075e+01 2.292102233e+01 1.458402695e+02 3.295704363e-01
6.752705411e+03 2.243398164e-04 1.375199292e-02 5.826308882e+01 6.336440166e+01 2.288933360e+01 1.457900054e+02 3.234081899e-01
6.839278557e+03 2.248329873e-04 1.376428510e-02 5.825202108e+01 6.335444617e+01 2.285767613e+01 1.457397722e+02 3.174219072e-01
6.925851703e+03 2.253341808e-04 1.377667493e-02 5.824087888e+01 6.334435048e+01 2.282604907e+01 1.456895696e+02 3.116043577e-01
7.012424850e+03 2.258427477e-04 1.378915636e-02 5.822966544e+01 6.333412052e+01 2.279445164e+01 1.456393974e+02 3.059486997e-01
7.098997996e+03 2.263581134e-04 1.380172398e-02 5.821838380e+01 6.332376185e+01 2.276288308e+01 1.455892555e+02 3.004484563e-01
7.185571142e+03 2.268797871e-04 1.381437293e-02 5.820703687e+01 6.331327978e+01 2.273134269e+01 1.455391437e+02 2.950974934e-01
7.272144289e+03 2.274073162e-04 1.382709886e-02 5.819562740e+01 6.330267932e+01 2.269982983e+01 1.454890618e+02 2.898899934e-01
7.358717435e+03 2.279402844e-04 1.383989788e-02 5.818415799e+01 6.329196526e+01 2.266834387e+01 1.454390096e+02 2.848204382e-01
7.445290581e+03 2.284784058e-04 1.385276647e-02 5.817263111e+01 6.328114209e+01 2.263688421e+01 1.453889871e+02 2.798835902e-01
7.531863727e+03 2.290213577e-04 1.386570149e-02 5.816104912e+01 6.327021412e+01 2.260545029e+01 1.453389941e+02 2.750744720e-01
7.618436874e+03 2.295687560e-04 1.387870021e-02 5.814941429e+01 6.325918550e+01 2.257404168e+01 1.452890305e+02 2.703883523e-01
7.705010020e+03 2.301204649e-04 1.389176004e-02 5.813772873e+01 6.324806008e+01 2.254265780e+01 1.452390962e+02 2.658207315e-01
7.791583166e+03 2.306762962e-04 1.390487871e-02 5.812599446e+01 6.323684155e+01 2.251129818e+01 1.451891911e+02 2.613673249e-01
7.878156313e+03 2.312360303e-04 1.391805422e-02 5.811421342e+01 6.322553346e+01 2.247996240e+01 1.451393151e+02 2.570240532e-01
7.964729459e+03 2.317994670e-04 1.393128477e-02 5.810238748e+01 6.321413919e+01 2.244865005e+01 1.450894682e+02 2.527870289e-01
8.051302605e+03 2.323664460e-04 1.394456875e-02 5.809051838e+01 6.320266196e+01 2.241736075e+01 1.450396502e+02 2.486525450e-01
8.137875752e+03 2.329369075e-04 1.395790468e-02 5.807860780e+01 6.319110480e+01 2.238609407e+01 1.449898612e+02 2.446170650e-01
8.224448898e+03 2.335107081e-04 1.397129125e-02 5.806665736e+01 6.317947066e+01 2.235484968e+01 1.449401009e+02 2.406772130e-01
8.311022044e+03 2.340877172e-04 1.398472731e-02 5.805466858e+01 6.316776233e+01 2.232362725e+01 1.448903695e+02 2.368297635e-01
8.397595190e+03 2.346678668e-04 1.399821182e-02 5.804264293e+01 6.315598249e+01 2.229242643e+01 1.448406667e+02 2.330716369e-01
8.484168337e+03 2.352510784e-04 1.401174383e-02 5.803058181e+01 6.314413370e+01 2.226124692e+01 1.447909927e+02 2.293998850e-01
8.570741483e+03 2.358372761e-04 1.402532252e-02 5.801848656e+01 6.313221838e+01 2.223008843e+01 1.447413472e+02 2.258116918e-01
8.657314629e+03 2.364263992e-04 1.403894714e-02 5.800635847e+01 6.312023890e+01 2.219895066e+01 1.446917303e+02 2.223043590e-01
8.743887776e+03 2.370183937e-04 1.405261703e-02 5.799419876e+01 6.310819748e+01 2.216783336e+01 1.446421419e+02 2.188753060e-01
8.830460922e+03 2.376132111e-04 1.406633159e-02 5.798200862e+01 6.309609628e+01 2.213673625e+01 1.445925820e+02 2.155220583e-01
8.917034068e+03 2.382108111e-04 1.408009029e-02 5.796978917e+01 6.308393735e+01 2.210565910e+01 1.445430505e+02 2.122422463e-01
9.003607214e+03 2.388111568e-04 1.409389267e-02 5.795754150e+01 6.307172267e+01 2.207460166e+01 1.444935474e+02 2.090335972e-01
9.090180361e+03 2.394142161e-04 1.410773831e-02 5.794526663e+01 6.305945413e+01 2.204356371e+01 1.444440727e+02 2.058939312e-01
9.176753507e+03 2.400199619e-04 1.412162683e-02 5.793296558e+01 6.304713354e+01 2.201254503e+01 1.443946262e+02 2.028211553e-01
9.263326653e+03 2.406283727e-04 1.413555792e-02 5.792063930e+01 6.303476265e+01 2.198154541e+01 1.443452081e+02 1.998132619e-01
9.349899800e+03 2.412394275e-04 1.414953127e-02 5.790828870e+01 6.302234314e+01 2.195056465e+01 1.442958182e+02 1.968683203e-01
9.436472946e+03 2.418531049e-04 1.416354665e-02 5.789591467e+01 6.300987662e+01 2.191960256e+01 1.442464564e+02 1.939844786e-01
9.523046092e+03 2.424693895e-04 1.417760382e-02 5.788351806e+01 6.299736462e+01 2.188865895e+01 1.441971229e+02 1.911599533e-01
9.609619238e+03 2.430882809e-04 1.419170260e-02 5.787109968e+01 6.298480865e+01 2.185773364e+01 1.441478175e+02 1.883930328e-01
9.696192385e+03 2.437097727e-04 1.420584280e-02 5.785866031e+01 6.297221012e+01 2.182682645e+01 1.440985402e+02 1.856820678e-01
9.782765531e+03 2.443338305e-04 1.422002431e-02 5.784620073e+01 6.295957043e+01 2.179593723e+01 1.440492909e+02 1.830254739e-01
9.869338677e+03 2.449604355e-04 1.423424700e-02 5.783372164e+01 6.294689090e+01 2.176506584e+01 1.440000697e+02 1.804217231e-01
9.955911824e+03 2.455896465e-04 1.424851075e-02 5.782122376e+01 6.293417280e+01 2.173421208e+01 1.439508766e+02 1.778693465e-01
1.004248497e+04 2.462215017e-04 1.426281544e-02 5.780870773e+01 6.292141732e+01 2.170337578e+01 1.439017113e+02 1.753669266e-01
1.012905812e+04 2.468558890e-04 1.427716106e-02 5.779617424e+01 6.290862570e+01 2.167255685e+01 1.438525741e+02 1.729130996e-01
1.021563126e+04 2.474927474e-04 1.429154759e-02 5.778362391e+01 6.289579911e+01 2.164175521e+01 1.438034647e+02 1.705065486e-01
1.030220441e+04 2.481321590e-04 1.430597495e-02 5.777105733e+01 6.288293861e+01 2.161097067e+01 1.437543833e+02 1.681460056e-01
1.038877756e+04 2.487741938e-04 1.432044306e-02 5.775847509e+01 6.287004525e+01 2.158020305e+01 1.437053297e+02 1.658302460e-01
1.047535070e+04 2.494188355e-04 1.433495194e-02 5.774587773e+01 6.285712005e+01 2.154945224e+01 1.436563039e+02 1.635580889e-01
1.056192385e+04 2.500660666e-04 1.434950158e-02 5.773326582e+01 6.284416401e+01 2.151871814e+01 1.436073060e+02 1.613283942e-01
1.064849699e+04 2.507158851e-04 1.436409198e-02 5.772063987e+01 6.283117809e+01 2.148800063e+01 1.435583358e+02 1.591400607e-01
1.073507014e+04 2.513682377e-04 1.437872319e-02 5.770800039e+01 6.281816323e+01 2.145729963e+01 1.435093933e+02 1.569920256e-01
1.082164329e+04 2.520231218e-04 1.439339522e-02 5.769534788e+01 6.280512034e+01 2.142661505e+01 1.434604786e+02 1.548832611e-01
1.090821643e+04 2.526806526e-04 1.440810806e-02 5.768268278e+01 6.279205022e+01 2.139594670e+01 1.434115916e+02 1.528127747e-01
1.099478958e+04 2.533408526e-04 1.442286173e-02 5.767000557e+01 6.277895371e+01 2.136529448e+01 1.433627322e+02 1.507796063e-01
1.108136273e+04 2.540036462e-04 1.443765632e-02 5.765731667e+01 6.276583164e+01 2.133465832e+01 1.433139005e+02 1.487828280e-01
1.116793587e+04 2.546690464e-04 1.445249185e-02 5.764461653e+01 6.275268478e+01 2.130403815e+01 1.432650963e+02 1.468215416e-01
1.125450902e+04 2.553370731e-04 1.446736839e-02 5.763190555e+01 6.273951389e+01 2.127343384e+01 1.432163198e+02 1.448948790e-01
1.134108216e+04 2.560077063e-04 1.448228599e-02 5.761918414e+01 6.272631971e+01 2.124284534e+01 1.431675708e+02 1.430019989e-01
1.142765531e+04 2.566809808e-04 1.449724471e-02 5.760645267e+01 6.271310292e+01 2.121227253e+01 1.431188493e+02 1.411420881e-01
1.151422846e+04 2.573569172e-04 1.451224461e-02 5.759371152e+01 6.269986422e+01 2.118171532e+01 1.430701553e+02 1.393143579e-01
1.160080160e+04 2.580355021e-04 1.452728578e-02 5.758096105e+01 6.268660426e+01 2.115117364e+01 1.430214888e+02 1.375180456e-01
1.168737475e+04 2.587167500e-04 1.454236827e-02 5.756820162e+01 6.267332370e+01 2.112064741e+01 1.429728497e+02 1.357524112e-01
1.177394790e+04 2.594006867e-04 1.455749217e-02 5.755543355e+01 6.266002313e+01 2.109013654e+01 1.429242380e+02 1.340167385e-01
1.186052104e+04 2.600873319e-04 1.457265756e-02 5.754265717e+01 6.264670316e+01 2.105964094e+01 1.428756538e+02 1.323103326e-01
1.194709419e+04 2.607766824e-04 1.458786452e-02 5.752987282e+01 6.263336438e+01 2.102916055e+01 1.428270969e+02 1.306325203e-01
1.203366733e+04 2.614687306e-04 1.460311316e-02 5.751708079e+01 6.262000736e+01 2.099869530e+01 1.427785673e+02 1.289826482e-01
1.212024048e+04 2.621634934e-04 1.461840355e-02 5.750428138e+01 6.260663265e+01 2.096824513e+01 1.427300650e+02 1.273600830e-01
1.220681363e+04 2.628609976e-04 1.463373580e-02 5.749147489e+01 6.259324076e+01 2.093780995e+01 1.426815900e+02 1.257642099e-01
1.229338677e+04 2.635612509e-04 1.464910999e-02 5.747866159e+01 6.257983222e+01 2.090738970e+01 1.426331423e+02 1.241944326e-01
1.237995992e+04 2.642642569e-04 1.466452623e-02 5.746584176e+01 6.256640754e+01 2.087698431e+01 1.425847218e+02 1.226501720e-01
1.246653307e+04 2.649700303e-04 1.467998463e-02 5.745301567e+01 6.255296719e+01 2.084659372e+01 1.425363285e+02 1.211308660e-01
1.255310621e+04 2.656785823e-04 1.469548528e-02 5.744018356e+01 6.253951164e+01 2.081621787e+01 1.424879624e+02 1.196359688e-01
1.263967936e+04 2.663899238e-04 1.471102831e-02 5.742734570e+01 6.252604137e+01 2.078585670e+01 1.424396234e+02 1.181649501e-01
1.272625251e+04 2.671040691e-04 1.472661381e-02 5.741450232e+01 6.251255680e+01 2.075551014e+01 1.423913116e+02 1.167172949e-01
1.281282565e+04 2.678210304e-04 1.474224190e-02 5.740165365e+01 6.249905837e+01 2.072517814e+01 1.423430268e+02 1.152925027e-01
1.289939880e+04 2.685408181e-04 1.475791270e-02 5.738879993e+01 6.248554651e+01 2.069486064e+01 1.422947691e+02 1.138900875e-01
1.298597194e+04 2.692634470e-04 1.477362631e-02 5.737594138e+01 6.247202161e+01 2.066455758e+01 1.422465385e+02 1.125095759e-01
1.307254509e+04 2.699889315e-04 1.478938286e-02 5.736307822e+01 6.245848409e+01 2.063426892e+01 1.421983348e+02 1.111505078e-01
1.315911824e+04 2.707172803e-04 1.480518247e-02 5.735021064e+01 6.244493431e+01 2.060399459e+01 1.421501582e+02 1.098124372e-01
1.324569138e+04 2.714485079e-04 1.482102527e-02 5.733733887e+01 6.243137266e+01 2.057373455e+01 1.421020085e+02 1.084949284e-01
1.333226453e+04 2.721826272e-04 1.483691137e-02 5.732446309e+01 6.241779950e+01 2.054348875e+01 1.420538858e+02 1.071975575e-01
1.341883768e+04 2.729196520e-04 1.485284090e-02 5.731158349e+01 6.240421518e+01 2.051325713e+01 1.420057900e+02 1.059199138e-01
1.350541082e+04 2.736595956e-04 1.486881399e-02 5.729870028e+01 6.239062006e+01 2.048303964e+01 1.419577211e+02 1.046615965e-01
1.359198397e+04 2.744024715e-04 1.488483077e-02 5.728581362e+01 6.237701446e+01 2.045283625e+01 1.419096790e+02 1.034222147e-01
1.367855711e+04 2.751482933e-04 1.490089138e-02 5.727292370e+01 6.236339872e+01 2.042264689e+01 1.418616637e+02 1.022013888e-01
1.376513026e+04 2.758970750e-04 1.491699593e-02 5.726003068e+01 6.234977315e+01 2.039247154e+01 1.418136753e+02 1.009987498e-01
1.385170341e+04 2.766488305e-04 1.493314458e-02 5.724713474e+01 6.233613805e+01 2.036231013e+01 1.417657136e+02 9.981393663e-02
1.393827655e+04 2.774035741e-04 1.494933745e-02 5.723423604e+01 6.232249374e+01 2.033216264e+01 1.417177788e+02 9.864659840e-02
1.402484970e+04 2.781613197e-04 1.496557468e-02 5.722133474e+01 6.230884051e+01 2.030202901e+01 1.416698706e+02 9.749639415e-02
1.411142285e+04 2.789220817e-04 1.498185642e-02 5.720843099e+01 6.229517864e+01 2.027190920e+01 1.416219891e+02 9.636299018e-02
1.419799599e+04 2.796858747e-04 1.499818280e-02 5.719552495e+01 6.228150840e+01 2.024180317e+01 1.415741343e+02 9.524606158e-02
1.428456914e+04 2.804527131e-04 1.501455396e-02 5.718261676e+01 6.226783008e+01 2.021171088e+01 1.415263062e+02 9.414529279e-02
1.437114228e+04 2.812226117e-04 1.503097006e-02 5.716970656e+01 6.225414393e+01 2.018163230e+01 1.414785047e+02 9.306037480e-02
1.445771543e+04 2.819955852e-04 1.504743123e-02 5.715679449e+01 6.224045022e+01 2.015156737e+01 1.414307298e+02 9.199100649e-02
1.454428858e+04 2.827716487e-04 1.506393762e-02 5.714388070e+01 6.222674919e+01 2.012151607e+01 1.413829814e+02 9.093689527e-02
1.463086172e+04 2.835508173e-04 1.508048939e-02 5.713096531e+01 6.221304110e+01 2.009147836e+01 1.413352597e+02 8.989775485e-02
1.471743487e+04 2.843331062e-04 1.509708667e-02 5.711804844e+01 6.219932617e+01 2.006145420e+01 1.412875644e+02 8.887330558e-02
1.480400802e+04 2.851185309e-04 1.511372963e-02 5.710513024e+01 6.218560464e+01 2.003144354e+01 1.412398956e+02 8.786327459e-02
1.489058116e+04 2.859071065e-04 1.513041841e-02 5.709221082e+01 6.217187674e+01 2.000144637e+01 1.411922533e+02 8.686739766e-02
1.497715431e+04 2.866988486e-04 1.514715317e-02 5.707929029e+01 6.215814270e+01 1.997146264e+01 1.411446375e+02 8.588541437e-02
1.506372745e+04 2.874937731e-04 1.516393407e-02 5.706636878e+01 6.214440272e+01 1.994149231e+01 1.410970480e+02 8.491707109e-02
1.515030060e+04 2.882918956e-04 1.518076126e-02 5.705344640e+01 6.213065701e+01 1.991153536e+01 1.410494850e+02 8.396212044e-02
1.523687375e+04 2.890932324e-04 1.519763490e-02 5.704052326e+01 6.211690580e+01 1.988159175e+01 1.410019483e+02 8.302032224e-02
1.532344689e+04 2.898977995e-04 1.521455515e-02 5.702759947e+01 6.210314926e+01 1.985166144e+01 1.409544380e+02 8.209143984e-02
1.541002004e+04 2.907056133e-04 1.523152217e-02 5.701467513e+01 6.208938761e+01 1.982174441e+01 1.409069540e+02 8.117524269e-02
1.549659319e+04 2.915166899e-04 1.524853611e-02 5.700175035e+01 6.207562103e+01 1.979184063e+01 1.408594963e+02 8.027150608e-02
1.558316633e+04 2.923310456e-04 1.526559716e-02 5.698882523e+01 6.206184971e+01 1.976195005e+01 1.408120648e+02 7.938001085e-02
1.566973948e+04 2.931486969e-04 1.528270547e-02 5.697589987e+01 6.204807383e+01 1.973207266e+01 1.407646596e+02 7.850054172e-02
1.575631263e+04 2.939696604e-04 1.529986121e-02 5.696297435e+01 6.203429358e+01 1.970220842e+01 1.407172806e+02 7.763288864e-02
1.584288577e+04 2.947939533e-04 1.531706455e-02 5.695004878e+01 6.202050911e+01 1.967235730e+01 1.406699277e+02 7.677684702e-02
1.592945892e+04 2.956215926e-04 1.533431565e-02 5.693712325e+01 6.200672062e+01 1.964251927e+01 1.406226011e+02 7.593221644e-02
1.601603206e+04 2.964525956e-04 1.535161468e-02 5.692419785e+01 6.199292825e+01 1.961269431e+01 1.405753006e+02 7.509880060e-02
1.610260521e+04 2.972869796e-04 1.536896181e-02 5.691127266e+01 6.197913218e+01 1.958288238e+01 1.405280262e+02 7.427640764e-02
1.618917836e+04 2.981247614e-04 1.538635723e-02 5.689834776e+01 6.196533256e+01 1.955308346e+01 1.404807778e+02 7.346485096e-02
1.627575150e+04 2.989659586e-04 1.540380110e-02 5.688542325e+01 6.195152955e+01 1.952329751e+01 1.404335556e+02 7.266394686e-02
1.636232465e+04 2.998105887e-04 1.542129361e-02 5.687249920e+01 6.193772330e+01 1.949352451e+01 1.403863594e+02 7.187351594e-02
1.644889780e+04 3.006586695e-04 1.543883492e-02 5.685957569e+01 6.192391395e+01 1.946376444e+01 1.403391891e+02 7.109338276e-02
1.653547094e+04 3.015102189e-04 1.545642522e-02 5.684665280e+01 6.191010166e+01 1.943401727e+01 1.402920449e+02 7.032337663e-02
1.662204409e+04 3.023652548e-04 1.547406468e-02 5.683373060e+01 6.189628656e+01 1.940428297e+01 1.402449266e+02 6.956332908e-02
1.670861723e+04 3.032237952e-04 1.549175348e-02 5.682080917e+01 6.188246880e+01 1.937456152e+01 1.401978343e+02 6.881307563e-02
1.679519038e+04 3.040858582e-04 1.550949181e-02 5.680788859e+01 6.186864850e+01 1.934485288e+01 1.401507679e+02 6.807245515e-02
1.688176353e+04 3.049514629e-04 1.552727984e-02 5.679496891e+01 6.185482581e+01 1.931515705e+01 1.401037273e+02 6.734131132e-02
1.696833667e+04 3.058206279e-04 1.554511778e-02 5.678205022e+01 6.184100084e+01 1.928547398e+01 1.400567126e+02 6.661948969e-02
1.705490982e+04 3.066933718e-04 1.556300579e-02 5.676913257e+01 6.182717374e+01 1.925580365e+01 1.400097238e+02 6.590683909e-02
1.714148297e+04 3.075697139e-04 1.558094408e-02 5.675621604e+01 6.181334461e+01 1.922614605e+01 1.399627607e+02 6.520321152e-02
1.722805611e+04 3.084496726e-04 1.559893282e-02 5.674330068e+01 6.179951359e+01 1.919650114e+01 1.399158235e+02 6.450846271e-02
1.731462926e+04 3.093332662e-04 1.561697221e-02 5.673038657e+01 6.178568078e+01 1.916686891e+01 1.398689119e+02 6.382245151e-02
1.740120240e+04 3.102205142e-04 1.563506243e-02 5.671747376e+01 6.177184632e+01 1.913724932e+01 1.398220262e+02 6.314503863e-02
1.748777555e+04 3.111114357e-04 1.565320369e-02 5.670456231e+01 6.175801031e+01 1.910764237e+01 1.397751661e+02 6.247608796e-02
1.757434870e+04 3.120060501e-04 1.567139617e-02 5.669165229e+01 6.174417287e+01 1.907804802e+01 1.397283317e+02 6.181546625e-02
1.766092184e+04 3.129043783e-04 1.568964007e-02 5.667874375e+01 6.173033409e+01 1.904846625e+01 1.396815230e+02 6.116304390e-02
1.774749499e+04 3.138064395e-04 1.570793559e-02 5.666583674e+01 6.171649410e+01 1.901889704e+01 1.396347398e+02 6.051869253e-02
1.783406814e+04 3.147122539e-04 1.572628292e-02 5.665293133e+01 6.170265298e+01 1.898934036e+01 1.395879823e+02 5.988228676e-02
1.792064128e+04 3.156218418e-04 1.574468226e-02 5.664002756e+01 6.168881086e+01 1.895979620e+01 1.395412504e+02 5.925370361e-02
1.800721443e+04 3.165352227e-04 1.576313382e-02 5.662712549e+01 6.167496782e+01 1.893026453e+01 1.394945440e+02 5.863282330e-02
1.809378758e+04 3.174524170e-04 1.578163779e-02 5.661422518e+01 6.166112397e+01 1.890074534e+01 1.394478632e+02 5.801952768e-02
1.818036072e+04 3.183734453e-04 1.580019438e-02 5.660132666e+01 6.164727939e+01 1.887123859e+01 1.394012079e+02 5.741370092e-02
1.826693387e+04 3.192983281e-04 1.581880379e-02 5.658843000e+01 6.163343419e+01 1.884174428e+01 1.393545780e+02 5.681522945e-02
1.835350701e+04 3.202270864e-04 1.583746623e-02 5.657553523e+01 6.161958846e+01 1.881226237e+01 1.393079736e+02 5.622400223e-02
1.844008016e+04 3.211597411e-04 1.585618190e-02 5.656264241e+01 6.160574229e+01 1.878279285e+01 1.392613946e+02 5.563991048e-02
1.852665331e+04 3.220963133e-04 1.587495102e-02 5.654975159e+01 6.159189576e+01 1.875333570e+01 1.392148410e+02 5.506284692e-02
1.861322645e+04 3.230368240e-04 1.589377379e-02 5.653686280e+01 6.157804897e+01 1.872389090e+01 1.391683129e+02 5.449270653e-02
1.869979960e+04 3.239812948e-04 1.591265043e-02 5.652397610e+01 6.156420199e+01 1.869445842e+01 1.391218100e+02 5.392938631e-02
1.878637275e+04 3.249297476e-04 1.593158115e-02 5.651109153e+01 6.155035491e+01 1.866503826e+01 1.390753325e+02 5.337278603e-02
1.887294589e+04 3.258822040e-04 1.595056615e-02 5.649820912e+01 6.153650782e+01 1.863563038e+01 1.390288803e+02 5.282280613e-02
1.895951904e+04 3.268386859e-04 1.596960566e-02 5.648532893e+01 6.152266079e+01 1.860623477e+01 1.389824534e+02 5.227934927e-02
1.904609218e+04 3.277992155e-04 1.598869990e-02 5.647245099e+01 6.150881390e+01 1.857685141e+01 1.389360517e+02 5.174231990e-02
1.913266533e+04 3.287638150e-04 1.600784907e-02 5.645957535e+01 6.149496723e+01 1.854748028e+01 1.388896753e+02 5.121162424e-02
1.921923848e+04 3.297325059e-04 1.602705340e-02 5.644670203e+01 6.148112085e+01 1.851812137e+01 1.388433240e+02 5.068717142e-02
1.930581162e+04 3.307053110e-04 1.604631312e-02 5.643383109e+01 6.146727484e+01 1.848877464e+01 1.387969980e+02 5.016887057e-02
1.939238477e+04 3.316822529e-04 1.606562844e-02 5.642096255e+01 6.145342927e+01 1.845944009e+01 1.387506971e+02 4.965663303e-02
1.947895792e+04 3.326633543e-04 1.608499959e-02 5.640809646e+01 6.143958421e+01 1.843011770e+01 1.387044213e+02 4.915037170e-02
1.956553106e+04 3.336486379e-04 1.610442679e-02 5.639523285e+01 6.142573973e+01 1.840080745e+01 1.386581706e+02 4.865000104e-02
1.965210421e+04 3.346381287e-04 1.612391026e-02 5.638237176e+01 6.141189590e+01 1.837150931e+01 1.386119450e+02 4.815543829e-02
1.973867735e+04 3.356318494e-04 1.614345024e-02 5.636951322e+01 6.139805279e+01 1.834222328e+01 1.385657445e+02 4.766660050e-02
1.982525050e+04 3.366298237e-04 1.616304696e-02 5.635665726e+01 6.138421046e+01 1.831294933e+01 1.385195690e+02 4.718340676e-02
1.991182365e+04 3.376320758e-04 1.618270064e-02 5.634380393e+01 6.137036897e+01 1.828368744e+01 1.384734185e+02 4.670577756e-02
1.999839679e+04 3.386386297e-04 1.620241151e-02 5.633095324e+01 6.135652839e+01 1.825443761e+01 1.384272930e+02 4.623363478e-02
2.008496994e+04 3.396495061e-04 1.622217982e-02 5.631810524e+01 6.134268879e+01 1.822519980e+01 1.383811924e+02 4.576690265e-02
2.017154309e+04 3.406647304e-04 1.624200580e-02 5.630525995e+01 6.132885022e+01 1.819597401e+01 1.383351168e+02 4.530550544e-02
2.025811623e+04 3.416843264e-04 1.626188968e-02 5.629241741e+01 6.131501274e+01 1.816676022e+01 1.382890660e+02 4.484936917e-02
2.034468938e+04 3.427083179e-04 1.628183170e-02 5.627957764e+01 6.130117641e+01 1.813755841e+01 1.382430402e+02 4.439842111e-02
2.043126253e+04 3.437367287e-04 1.630183211e-02 5.626674068e+01 6.128734129e+01 1.810836857e+01 1.381970392e+02 4.395258978e-02
2.051783567e+04 3.447695911e-04 1.632189114e-02 5.625390655e+01 6.127350743e+01 1.807919067e+01 1.381510630e+02 4.351180566e-02
2.060440882e+04 3.458069274e-04 1.634200903e-02 5.624107528e+01 6.125967489e+01 1.805002470e+01 1.381051117e+02 4.307599947e-02
2.069098196e+04 3.468487642e-04 1.636218602e-02 5.622824690e+01 6.124584373e+01 1.802087063e+01 1.380591851e+02 4.264510341e-02
2.077755511e+04 3.478951283e-04 1.638242237e-02 5.621542143e+01 6.123201399e+01 1.799172846e+01 1.380132833e+02 4.221905082e-02
2.086412826e+04 3.489460474e-04 1.640271832e-02 5.620259891e+01 6.121818572e+01 1.796259816e+01 1.379674062e+02 4.179777613e-02
2.095070140e+04 3.500015348e-04 1.642307411e-02 5.618977936e+01 6.120435899e+01 1.793347973e+01 1.379215539e+02 4.138121552e-02
2.103727455e+04 3.510616206e-04 1.644349001e-02 5.617696280e+01 6.119053384e+01 1.790437315e+01 1.378757262e+02 4.096930544e-02
2.112384770e+04 3.521263296e-04 1.646396626e-02 5.616414926e+01 6.117671032e+01 1.787527841e+01 1.378299231e+02 4.056198364e-02
2.121042084e+04 3.531956858e-04 1.648450311e-02 5.615133877e+01 6.116288849e+01 1.784619549e+01 1.377841448e+02 4.015918887e-02
2.129699399e+04 3.542697128e-04 1.650510082e-02 5.613853136e+01 6.114906839e+01 1.781712438e+01 1.377383910e+02 3.976086089e-02
2.138356713e+04 3.553484521e-04 1.652575965e-02 5.612572703e+01 6.113525006e+01 1.778806505e+01 1.376926618e+02 3.936694102e-02
2.147014028e+04 3.564319259e-04 1.654647984e-02 5.611292582e+01 6.112143355e+01 1.775901748e+01 1.376469571e+02 3.897737087e-02
2.155671343e+04 3.575201617e-04 1.656726167e-02 5.610012774e+01 6.110761890e+01 1.772998167e+01 1.376012770e+02 3.859209316e-02
2.164328657e+04 3.586131889e-04 1.658810540e-02 5.608733282e+01 6.109380616e+01 1.770095759e+01 1.375556214e+02 3.821105155e-02
2.172985972e+04 3.597110376e-04 1.660901127e-02 5.607454109e+01 6.107999536e+01 1.767194522e+01 1.375099903e+02 3.783419058e-02
2.181643287e+04 3.608137265e-04 1.662997957e-02 5.606175255e+01 6.106618657e+01 1.764294457e+01 1.374643837e+02 3.746145619e-02
2.190300601e+04 3.619212868e-04 1.665101056e-02 5.604896724e+01 6.105237981e+01 1.761395560e+01 1.374188015e+02 3.709279464e-02
2.198957916e+04 3.630337480e-04 1.667210450e-02 5.603618518e+01 6.103857512e+01 1.758497832e+01 1.373732437e+02 3.672815316e-02
2.207615230e+04 3.641511384e-04 1.669326167e-02 5.602340638e+01 6.102477256e+01 1.755601269e+01 1.373277103e+02 3.636747983e-02
2.216272545e+04 3.652734863e-04 1.671448233e-02 5.601063086e+01 6.101097215e+01 1.752705871e+01 1.372822012e+02 3.601072355e-02
2.224929860e+04 3.664008192e-04 1.673576676e-02 5.599785865e+01 6.099717394e+01 1.749811635e+01 1.372367165e+02 3.565783437e-02
2.233587174e+04 3.675331653e-04 1.675711523e-02 5.598508976e+01 6.098337796e+01 1.746918562e+01 1.371912562e+02 3.530876279e-02
2.242244489e+04 3.686705529e-04 1.677852801e-02 5.597232421e+01 6.096958426e+01 1.744026650e+01 1.371458201e+02 3.496346010e-02
2.250901804e+04 3.698130098e-04 1.680000539e-02 5.595956202e+01 6.095579287e+01 1.741135896e+01 1.371004082e+02 3.462187838e-02
2.259559118e+04 3.709605638e-04 1.682154764e-02 5.594680322e+01 6.094200384e+01 1.738246301e+01 1.370550206e+02 3.428397046e-02
2.268216433e+04 3.721132550e-04 1.684315505e-02 5.593404780e+01 6.092821718e+01 1.735357860e+01 1.370096573e+02 3.394969029e-02
2.276873747e+04 3.732711113e-04 1.686482790e-02 5.592129580e+01 6.091443293e+01 1.732470574e+01 1.369643181e+02 3.361899212e-02
2.285531062e+04 3.744341610e-04 1.688656647e-02 5.590854722e+01 6.090065114e+01 1.729584441e+01 1.369190031e+02 3.329183088e-02
2.294188377e+04 3.756024351e-04 1.690837105e-02 5.589580209e+01 6.088687183e+01 1.726699460e+01 1.368737122e+02 3.296816228e-02
2.302845691e+04 3.767759650e-04 1.693024193e-02 5.588306043e+01 6.087309503e+01 1.723815628e+01 1.368284455e+02 3.264794265e-02
2.311503006e+04 3.779547825e-04 1.695217940e-02 5.587032223e+01 6.085932079e+01 1.720932944e+01 1.367832028e+02 3.233112901e-02
2.320160321e+04 3.791389165e-04 1.697418375e-02 5.585758753e+01 6.084554913e+01 1.718051408e+01 1.367379842e+02 3.201767937e-02
2.328817635e+04 3.803283970e-04 1.699625527e-02 5.584485634e+01 6.083178008e+01 1.715171018e+01 1.366927897e+02 3.170755234e-02
2.337474950e+04 3.815232575e-04 1.701839426e-02 5.583212867e+01 6.081801368e+01 1.712291773e+01 1.366476192e+02 3.140070663e-02
2.346132265e+04 3.827235298e-04 1.704060102e-02 5.581940454e+01 6.080424995e+01 1.709413670e+01 1.366024727e+02 3.109710183e-02
2.354789579e+04 3.839292460e-04 1.706287585e-02 5.580668396e+01 6.079048893e+01 1.706536710e+01 1.365573501e+02 3.079669812e-02
2.363446894e+04 3.851404383e-04 1.708521903e-02 5.579396694e+01 6.077673064e+01 1.703660890e+01 1.365122515e+02 3.049945624e-02
2.372104208e+04 3.863571397e-04 1.710763089e-02 5.578125351e+01 6.076297512e+01 1.700786208e+01 1.364671768e+02 3.020533769e-02
2.380761523e+04 3.875793843e-04 1.713011173e-02 5.576854367e+01 6.074922239e+01 1.697912665e+01 1.364221261e+02 2.991430503e-02
2.389418838e+04 3.888072046e-04 1.715266184e-02 5.575583743e+01 6.073547248e+01 1.695040257e+01 1.363770992e+02 2.962632040e-02
2.398076152e+04 3.900406340e-04 1.717528154e-02 5.574313481e+01 6.072172541e+01 1.692168984e+01 1.363320961e+02 2.934134688e-02
2.406733467e+04 3.912797062e-04 1.719797115e-02 5.573043583e+01 6.070798121e+01 1.689298845e+01 1.362871169e+02 2.905934807e-02
2.415390782e+04 3.925244554e-04 1.722073096e-02 5.571774048e+01 6.069423992e+01 1.686429838e+01 1.362421615e+02 2.878028811e-02
2.424048096e+04 3.937749158e-04 1.724356131e-02 5.570504880e+01 6.068050155e+01 1.683561961e+01 1.361972298e+02 2.850413162e-02
2.432705411e+04 3.950311212e-04 1.726646249e-02 5.569236078e+01 6.066676613e+01 1.680695214e+01 1.361523219e+02 2.823084452e-02
2.441362725e+04 3.962931067e-04 1.728943484e-02 5.567967644e+01 6.065303369e+01 1.677829596e+01 1.361074378e+02 2.796039212e-02
2.450020040e+04 3.975609074e-04 1.731247867e-02 5.566699580e+01 6.063930425e+01 1.674965104e+01 1.360625773e+02 2.769274064e-02
2.458677355e+04 3.988345585e-04 1.733559431e-02 5.565431885e+01 6.062557783e+01 1.672101737e+01 1.360177406e+02 2.742785678e-02
2.467334669e+04 4.001140955e-04 1.735878207e-02 5.564164562e+01 6.061185446e+01 1.669239494e+01 1.359729274e+02 2.716570770e-02
2.475991984e+04 4.013995541e-04 1.738204230e-02 5.562897612e+01 6.059813416e+01 1.666378375e+01 1.359281380e+02 2.690626101e-02
2.484649299e+04 4.026909707e-04 1.740537530e-02 5.561631034e+01 6.058441696e+01 1.663518376e+01 1.358833721e+02 2.664948517e-02
2.493306613e+04 4.039883817e-04 1.742878142e-02 5.560364832e+01 6.057070287e+01 1.660659498e+01 1.358386298e+02 2.639534873e-02
2.501963928e+04 4.052918237e-04 1.745226099e-02 5.559099004e+01 6.055699193e+01 1.657801739e+01 1.357939110e+02 2.614382060e-02
2.510621242e+04 4.066013336e-04 1.747581434e-02 5.557833554e+01 6.054328414e+01 1.654945098e+01 1.357492158e+02 2.589487026e-02
2.519278557e+04 4.079169486e-04 1.749944181e-02 5.556568481e+01 6.052957954e+01 1.652089572e+01 1.357045442e+02 2.564846756e-02
2.527935872e+04 4.092387063e-04 1.752314374e-02 5.555303786e+01 6.051587813e+01 1.649235162e+01 1.356598960e+02 2.540458279e-02
2.536593186e+04 4.105666444e-04 1.754692047e-02 5.554039470e+01 6.050217996e+01 1.646381865e+01 1.356152712e+02 2.516318684e-02
2.545250501e+04 4.119008011e-04 1.757077234e-02 5.552775535e+01 6.048848502e+01 1.643529681e+01 1.355706699e+02 2.492425101e-02
2.553907816e+04 4.132412147e-04 1.759469970e-02 5.551511981e+01 6.047479335e+01 1.640678608e+01 1.355260920e+02 2.468774667e-02
2.562565130e+04 4.145879239e-04 1.761870290e-02 5.550248809e+01 6.046110497e+01 1.637828645e+01 1.354815375e+02 2.445364577e-02
2.571222445e+04 4.159409678e-04 1.764278229e-02 5.548986020e+01 6.044741988e+01 1.634979790e+01 1.354370064e+02 2.422192062e-02
2.579879760e+04 4.173003856e-04 1.766693821e-02 5.547723614e+01 6.043373812e+01 1.632132042e+01 1.353924986e+02 2.399254389e-02
2.588537074e+04 4.186662169e-04 1.769117103e-02 5.546461593e+01 6.042005970e+01 1.629285401e+01 1.353480141e+02 2.376548873e-02
2.597194389e+04 4.200385015e-04 1.771548109e-02 5.545199957e+01 6.040638464e+01 1.626439864e+01 1.353035529e+02 2.354072899e-02
2.605851703e+04 4.214172797e-04 1.773986877e-02 5.543938708e+01 6.039271295e+01 1.623595431e+01 1.352591150e+02 2.331823819e-02
2.614509018e+04 4.228025919e-04 1.776433442e-02 5.542677845e+01 6.037904465e+01 1.620752100e+01 1.352147003e+02 2.309799050e-02
2.623166333e+04 4.241944791e-04 1.778887840e-02 5.541417369e+01 6.036537977e+01 1.617909870e+01 1.351703089e+02 2.287996041e-02
2.631823647e+04 4.255929822e-04 1.781350109e-02 5.540157283e+01 6.035171832e+01 1.615068740e+01 1.351259406e+02 2.266412275e-02
2.640480962e+04 4.269981429e-04 1.783820284e-02 5.538897585e+01 6.033806031e+01 1.612228708e+01 1.350815956e+02 2.245045267e-02
2.649138277e+04 4.284100028e-04 1.786298403e-02 5.537638276e+01 6.032440576e+01 1.609389774e+01 1.350372736e+02 2.223892565e-02
2.657795591e+04 4.298286047e-04 1.788784504e-02 5.536379359e+01 6.031075469e+01 1.606551935e+01 1.349929748e+02 2.202951812e-02
2.666452906e+04 4.312539910e-04 1.791278623e-02 5.535120832e+01 6.029710711e+01 1.603715191e+01 1.349486991e+02 2.182220608e-02
2.675110220e+04 4.326862043e-04 1.793780799e-02 5.533862697e+01 6.028346304e+01 1.600879541e+01 1.349044465e+02 2.161696591e-02
2.683767535e+04 4.341252879e-04 1.796291070e-02 5.532604954e+01 6.026982249e+01 1.598044983e+01 1.348602169e+02 2.141377439e-02
2.692424850e+04 4.355712853e-04 1.798809473e-02 5.531347605e+01 6.025618549e+01 1.595211515e+01 1.348160103e+02 2.121260861e-02
2.701082164e+04 4.370242404e-04 1.801336048e-02 5.530090649e+01 6.024255203e+01 1.592379138e+01 1.347718267e+02 2.101344595e-02
2.709739479e+04 4.384841976e-04 1.803870834e-02 5.528834087e+01 6.022892215e+01 1.589547849e+01 1.347276662e+02 2.081626408e-02
2.718396794e+04 4.399512010e-04 1.806413868e-02 5.527577920e+01 6.021529584e+01 1.586717648e+01 1.346835285e+02 2.062104118e-02
2.727054108e+04 4.414252951e-04 1.808965192e-02 5.526322148e+01 6.020167314e+01 1.583888532e+01 1.346394138e+02 2.042775598e-02
2.735711423e+04 4.429065255e-04 1.811524844e-02 5.525066772e+01 6.018805404e+01 1.581060502e+01 1.345953220e+02 2.023638669e-02
2.744368737e+04 4.443949376e-04 1.814092863e-02 5.523811792e+01 6.017443857e+01 1.578233555e+01 1.345512531e+02 2.004691218e-02
2.753026052e+04 4.458905775e-04 1.816669291e-02 5.522557210e+01 6.016082673e+01 1.575407691e+01 1.345072071e+02 1.985931155e-02
2.761683367e+04 4.473934913e-04 1.819254167e-02 5.521303025e+01 6.014721854e+01 1.572582908e+01 1.344631839e+02 1.967356420e-02
2.770340681e+04 4.489037256e-04 1.821847533e-02 5.520049238e+01 6.013361402e+01 1.569759205e+01 1.344191834e+02 1.948964976e-02
2.778997996e+04 4.504213275e-04 1.824449428e-02 5.518795849e+01 6.012001317e+01 1.566936581e+01 1.343752058e+02 1.930754812e-02
2.787655311e+04 4.519463469e-04 1.827059894e-02 5.517542859e+01 6.010641601e+01 1.564115034e+01 1.343312510e+02 1.912724000e-02
2.796312625e+04 4.534788305e-04 1.829678973e-02 5.516290268e+01 6.009282255e+01 1.561294564e+01 1.342873188e+02 1.894870557e-02
2.804969940e+04 4.550188268e-04 1.832306706e-02 5.515038078e+01 6.007923280e+01 1.558475169e+01 1.342434094e+02 1.877192550e-02
2.813627255e+04 4.565663847e-04 1.834943135e-02 5.513786287e+01 6.006564677e+01 1.555656848e+01 1.341995227e+02 1.859688072e-02
2.822284569e+04 4.581215533e-04 1.837588303e-02 5.512534897e+01 6.005206447e+01 1.552839599e+01 1.341556586e+02 1.842355241e-02
2.830941884e+04 4.596843826e-04 1.840242251e-02 5.511283908e+01 6.003848592e+01 1.550023422e+01 1.341118172e+02 1.825192197e-02
2.839599198e+04 4.612549226e-04 1.842905023e-02 5.510033321e+01 6.002491112e+01 1.547208315e+01 1.340679984e+02 1.808197103e-02
2.848256513e+04 4.628332219e-04 1.845576662e-02 5.508783135e+01 6.001134009e+01 1.544394277e+01 1.340242022e+02 1.791368164e-02
2.856913828e+04 4.644193291e-04 1.848257210e-02 5.507533352e+01 5.999777284e+01 1.541581307e+01 1.339804285e+02 1.774703606e-02
2.865571142e+04 4.660132971e-04 1.850946713e-02 5.506283971e+01 5.998420938e+01 1.538769405e+01 1.339366774e+02 1.758201648e-02
2.874228457e+04 4.676151768e-04 1.853645213e-02 5.505034994e+01 5.997064972e+01 1.535958568e+01 1.338929488e+02 1.741860545e-02
2.882885772e+04 4.692250200e-04 1.856352755e-02 5.503786419e+01 5.995709387e+01 1.533148795e+01 1.338492427e+02 1.725678575e-02
2.891543086e+04 4.708428783e-04 1.859069384e-02 5.502538249e+01 5.994354183e+01 1.530340086e+01 1.338055591e+02 1.709654035e-02
2.900200401e+04 4.724688041e-04 1.861795144e-02 5.501290482e+01 5.992999363e+01 1.527532440e+01 1.337618979e+02 1.693785244e-02
2.908857715e+04 4.741028501e-04 1.864530081e-02 5.500043120e+01 5.991644927e+01 1.524725855e+01 1.337182591e+02 1.678070542e-02
2.917515030e+04 4.757450770e-04 1.867274239e-02 5.498796162e+01 5.990290874e+01 1.521920329e+01 1.336746428e+02 1.662508325e-02
2.926172345e+04 4.773955347e-04 1.870027665e-02 5.497549610e+01 5.988937208e+01 1.519115861e+01 1.336310488e+02 1.647096953e-02
2.934829659e+04 4.790542779e-04 1.872790405e-02 5.496303462e+01 5.987583928e+01 1.516312451e+01 1.335874772e+02 1.631834827e-02
2.943486974e+04 4.807213620e-04 1.875562505e-02 5.495057720e+01 5.986231035e+01 1.513510096e+01 1.335439279e+02 1.616720367e-02
2.952144289e+04 4.823968428e-04 1.878344012e-02 5.493812383e+01 5.984878531e+01 1.510708797e+01 1.335004009e+02 1.601752014e-02
2.960801603e+04 4.840807768e-04 1.881134973e-02 5.492567453e+01 5.983526415e+01 1.507908551e+01 1.334568961e+02 1.586928224e-02
2.969458918e+04 4.857732209e-04 1.883935435e-02 5.491322929e+01 5.982174689e+01 1.505109358e+01 1.334134136e+02 1.572247472e-02
2.978116232e+04 4.874742298e-04 1.886745446e-02 5.490078811e+01 5.980823354e+01 1.502311216e+01 1.333699534e+02 1.557708274e-02
2.986773547e+04 4.891838606e-04 1.889565053e-02 5.488835100e+01 5.979472410e+01 1.499514124e+01 1.333265153e+02 1.543309149e-02
2.995430862e+04 4.909021723e-04 1.892394306e-02 5.487591795e+01 5.978121858e+01 1.496718082e+01 1.332830995e+02 1.529048617e-02
3.004088176e+04 4.926292235e-04 1.895233252e-02 5.486348898e+01 5.976771700e+01 1.493923087e+01 1.332397058e+02 1.514925231e-02
3.012745491e+04 4.943650731e-04 1.898081942e-02 5.485106409e+01 5.975421935e+01 1.491129139e+01 1.331963342e+02 1.500937555e-02
3.021402806e+04 4.961097802e-04 1.900940423e-02 5.483864326e+01 5.974072564e+01 1.488336236e+01 1.331529847e+02 1.487084173e-02
3.030060120e+04 4.978634049e-04 1.903808746e-02 5.482622652e+01 5.972723588e+01 1.485544378e+01 1.331096573e+02 1.473363685e-02
3.038717435e+04 4.996260071e-04 1.906686961e-02 5.481381385e+01 5.971375009e+01 1.482753563e+01 1.330663520e+02 1.459774711e-02
3.047374749e+04 5.013976462e-04 1.909575117e-02 5.480140527e+01 5.970026826e+01 1.479963790e+01 1.330230687e+02 1.446315911e-02
3.056032064e+04 5.031783842e-04 1.912473266e-02 5.478900077e+01 5.968679040e+01 1.477175058e+01 1.329798074e+02 1.432985919e-02
3.064689379e+04 5.049682826e-04 1.915381459e-02 5.477660035e+01 5.967331652e+01 1.474387366e+01 1.329365681e+02 1.419783400e-02
3.073346693e+04 5.067674034e-04 1.918299747e-02 5.476420402e+01 5.965984663e+01 1.471600712e+01 1.328933508e+02 1.406707039e-02
3.082004008e+04 5.085758090e-04 1.921228181e-02 5.475181177e+01 5.964638073e+01 1.468815097e+01 1.328501554e+02 1.393755531e-02
3.090661323e+04 5.103935624e-04 1.924166813e-02 5.473942362e+01 5.963291883e+01 1.466030518e+01 1.328069819e+02 1.380927588e-02
3.099318637e+04 5.122207269e-04 1.927115697e-02 5.472703955e+01 5.961946094e+01 1.463246974e+01 1.327638303e+02 1.368221938e-02
3.107975952e+04 5.140573723e-04 1.930074885e-02 5.471465958e+01 5.960600705e+01 1.460464464e+01 1.327207006e+02 1.355637340e-02
3.116633267e+04 5.159035635e-04 1.933044430e-02 5.470228370e+01 5.959255718e+01 1.457682987e+01 1.326775927e+02 1.343172550e-02
3.125290581e+04 5.177593646e-04 1.936024386e-02 5.468991190e+01 5.957911132e+01 1.454902541e+01 1.326345067e+02 1.330826336e-02
3.133947896e+04 5.196248424e-04 1.939014807e-02 5.467754421e+01 5.956566950e+01 1.452123125e+01 1.325914424e+02 1.318597483e-02
3.142605210e+04 5.215000643e-04 1.942015747e-02 5.466518061e+01 5.955223170e+01 1.449344739e+01 1.325483999e+02 1.306484793e-02
3.151262525e+04 5.233850983e-04 1.945027261e-02 5.465282110e+01 5.953879794e+01 1.446567380e+01 1.325053791e+02 1.294487079e-02
3.159919840e+04 5.252800131e-04 1.948049404e-02 5.464046568e+01 5.952536821e+01 1.443791047e+01 1.324623801e+02 1.282603167e-02
3.168577154e+04 5.271848761e-04 1.951082231e-02 5.462811437e+01 5.951194253e+01 1.441015741e+01 1.324194027e+02 1.270831905e-02
3.177234469e+04 5.290997515e-04 1.954125799e-02 5.461576715e+01 5.949852091e+01 1.438241459e+01 1.323764470e+02 1.259172159e-02
3.185891784e+04 5.310247127e-04 1.957180162e-02 5.460342403e+01 5.948510334e+01 1.435468201e+01 1.323335130e+02 1.247622789e-02
3.194549098e+04 5.329598300e-04 1.960245379e-02 5.459108501e+01 5.947168984e+01 1.432695965e+01 1.322906006e+02 1.236182675e-02
3.203206413e+04 5.349051742e-04 1.963321507e-02 5.457875009e+01 5.945828039e+01 1.429924751e+01 1.322477098e+02 1.224850711e-02
3.211863727e+04 5.368608166e-04 1.966408601e-02 5.456641927e+01 5.944487502e+01 1.427154556e+01 1.322048405e+02 1.213625804e-02
3.220521042e+04 5.388268291e-04 1.969506721e-02 5.455409255e+01 5.943147373e+01 1.424385381e+01 1.321619928e+02 1.202506871e-02
3.229178357e+04 5.408032840e-04 1.972615925e-02 5.454176993e+01 5.941807651e+01 1.421617224e+01 1.321191667e+02 1.191492843e-02
3.237835671e+04 5.427902573e-04 1.975736272e-02 5.452945141e+01 5.940468338e+01 1.418850082e+01 1.320763620e+02 1.180582677e-02
3.246492986e+04 5.447878220e-04 1.978867820e-02 5.451713699e+01 5.939129433e+01 1.416083957e+01 1.320335788e+02 1.169775323e-02
3.255150301e+04 5.467960522e-04 1.982010629e-02 5.450482667e+01 5.937790937e+01 1.413318846e+01 1.319908171e+02 1.159069746e-02
3.263807615e+04 5.488150234e-04 1.985164759e-02 5.449252045e+01 5.936452851e+01 1.410554747e+01 1.319480767e+02 1.148464925e-02
3.272464930e+04 5.508448113e-04 1.988330270e-02 5.448021833e+01 5.935115174e+01 1.407791662e+01 1.319053578e+02 1.137959850e-02
3.281122244e+04 5.528854925e-04 1.991507224e-02 5.446792031e+01 5.933777908e+01 1.405029587e+01 1.318626603e+02 1.127553521e-02
3.289779559e+04 5.549371443e-04 1.994695681e-02 5.445562639e+01 5.932441052e+01 1.402268522e+01 1.318199841e+02 1.117244951e-02
3.298436874e+04 5.569998463e-04 1.997895703e-02 5.444333658e+01 5.931104607e+01 1.399508465e+01 1.317773293e+02 1.107033166e-02
3.307094188e+04 5.590736799e-04 2.001107353e-02 5.443105086e+01 5.929768573e+01 1.396749416e+01 1.317346957e+02 1.096917211e-02
3.315751503e+04 5.611587230e-04 2.004330693e-02 5.441876924e+01 5.928432951e+01 1.393991372e+01 1.316920834e+02 1.086896122e-02
3.324408818e+04 5.632550562e-04 2.007565787e-02 5.440649172e+01 5.927097740e+01 1.391234334e+01 1.316494924e+02 1.076968957e-02
3.333066132e+04 5.653627611e-04 2.010812697e-02 5.439421829e+01 5.925762940e+01 1.388478299e+01 1.316069226e+02 1.067134781e-02
3.341723447e+04 5.674819200e-04 2.014071488e-02 5.438194897e+01 5.924428553e+01 1.385723267e+01 1.315643741e+02 1.057392670e-02
3.350380762e+04 5.696126161e-04 2.017342224e-02 5.436968374e+01 5.923094579e+01 1.382969236e+01 1.315218467e+02 1.047741711e-02
3.359038076e+04 5.717549332e-04 2.020624971e-02 5.435742261e+01 5.921761017e+01 1.380216205e+01 1.314793404e+02 1.038180999e-02
3.367695391e+04 5.739089489e-04 2.023919793e-02 5.434516557e+01 5.920427868e+01 1.377464174e+01 1.314368553e+02 1.028709654e-02
3.376352705e+04 5.760747518e-04 2.027226757e-02 5.433291263e+01 5.919095132e+01 1.374713140e+01 1.313943913e+02 1.019326787e-02
3.385010020e+04 5.782524273e-04 2.030545929e-02 5.432066378e+01 5.917762811e+01 1.371963104e+01 1.313519484e+02 1.010031522e-02
3.393667335e+04 5.804420617e-04 2.033877375e-02 5.430841903e+01 5.916430902e+01 1.369214064e+01 1.313095266e+02 1.000822996e-02
3.402324649e+04 5.826437416e-04 2.037221164e-02 5.429617837e+01 5.915099408e+01 1.366466018e+01 1.312671257e+02 9.917003535e-03
3.410981964e+04 5.848575547e-04 2.040577363e-02 5.428394180e+01 5.913768329e+01 1.363718966e+01 1.312247459e+02 9.826627483e-03
3.419639279e+04 5.870835891e-04 2.043946040e-02 5.427170933e+01 5.912437663e+01 1.360972906e+01 1.311823871e+02 9.737093436e-03
3.428296593e+04 5.893219359e-04 2.047327264e-02 5.425948094e+01 5.911107413e+01 1.358227838e+01 1.311400492e+02 9.648393178e-03
3.436953908e+04 5.915726862e-04 2.050721105e-02 5.424725665e+01 5.909777577e+01 1.355483759e+01 1.310977323e+02 9.560518562e-03
3.445611222e+04 5.938359296e-04 2.054127633e-02 5.423503644e+01 5.908448156e+01 1.352740670e+01 1.310554363e+02 9.473461451e-03
3.454268537e+04 5.961117580e-04 2.057546917e-02 5.422282031e+01 5.907119150e+01 1.349998568e+01 1.310131611e+02 9.387213840e-03
3.462925852e+04 5.984002640e-04 2.060979029e-02 5.421060828e+01 5.905790559e+01 1.347257453e+01 1.309709069e+02 9.301767809e-03
3.471583166e+04 6.007015413e-04 2.064424041e-02 5.419840033e+01 5.904462385e+01 1.344517323e+01 1.309286734e+02 9.217115521e-03
3.480240481e+04 6.030156841e-04 2.067882024e-02 5.418619646e+01 5.903134625e+01 1.341778178e+01 1.308864608e+02 9.133249221e-03
3.488897796e+04 6.053427879e-04 2.071353051e-02 5.417399667e+01 5.901807282e+01 1.339040016e+01 1.308442689e+02 9.050161242e-03
3.497555110e+04 6.076829528e-04 2.074837196e-02 5.416180096e+01 5.900480354e+01 1.336302836e+01 1.308020979e+02 8.967844092e-03
3.506212425e+04 6.100362741e-04 2.078334531e-02 5.414960933e+01 5.899153843e+01 1.333566637e+01 1.307599475e+02 8.886290209e-03
3.514869739e+04 6.124028500e-04 2.081845131e-02 5.413742178e+01 5.897827747e+01 1.330831417e+01 1.307178179e+02 8.805492170e-03
3.523527054e+04 6.147827801e-04 2.085369072e-02 5.412523831e+01 5.896502067e+01 1.328097175e+01 1.306757089e+02 8.725442630e-03
3.532184369e+04 6.171761648e-04 2.088906428e-02 5.411305891e+01 5.895176804e+01 1.325363910e+01 1.306336207e+02 8.646134320e-03
3.540841683e+04 6.195831055e-04 2.092457275e-02 5.410088358e+01 5.893851956e+01 1.322631621e+01 1.305915530e+02 8.567560049e-03
3.549498998e+04 6.220037047e-04 2.096021689e-02 5.408871232e+01 5.892527525e+01 1.319900307e+01 1.305495060e+02 8.489712697e-03
3.558156313e+04 6.244380617e-04 2.099599749e-02 5.407654513e+01 5.891203511e+01 1.317169967e+01 1.305074795e+02 8.412585278e-03
3.566813627e+04 6.268862799e-04 2.103191531e-02 5.406438201e+01 5.889879913e+01 1.314440599e+01 1.304654737e+02 8.336170835e-03
3.575470942e+04 6.293484657e-04 2.106797114e-02 5.405222295e+01 5.888556732e+01 1.311712204e+01 1.304234883e+02 8.260462454e-03
3.584128257e+04 6.318247244e-04 2.110416577e-02 5.404006796e+01 5.887233968e+01 1.308984778e+01 1.303815235e+02 8.185453319e-03
3.592785571e+04 6.343151625e-04 2.114049999e-02 5.402791703e+01 5.885911621e+01 1.306258322e+01 1.303395791e+02 8.111136683e-03
3.601442886e+04 6.368198874e-04 2.117697461e-02 5.401577016e+01 5.884589690e+01 1.303532834e+01 1.302976552e+02 8.037505867e-03
3.610100200e+04 6.393390074e-04 2.121359042e-02 5.400362736e+01 5.883268177e+01 1.300808313e+01 1.302557518e+02 7.964554264e-03
3.618757515e+04 6.418726329e-04 2.125034825e-02 5.399148860e+01 5.881947081e+01 1.298084758e+01 1.302138688e+02 7.892275347e-03
3.627414830e+04 6.444208792e-04 2.128724891e-02 5.397935391e+01 5.880626401e+01 1.295362167e+01 1.301720061e+02 7.820662708e-03
3.636072144e+04 6.469838552e-04 2.132429324e-02 5.396722326e+01 5.879306138e+01 1.292640539e+01 1.301301638e+02 7.749709906e-03
3.644729459e+04 6.495616740e-04 2.136148205e-02 5.395509666e+01 5.877986292e+01 1.289919873e+01 1.300883419e+02 7.679410610e-03
3.653386774e+04 6.521544499e-04 2.139881620e-02 5.394297412e+01 5.876666863e+01 1.287200168e+01 1.300465402e+02 7.609758549e-03
3.662044088e+04 6.547622982e-04 2.143629653e-02 5.393085562e+01 5.875347850e+01 1.284481423e+01 1.300047589e+02 7.540747522e-03
3.670701403e+04 6.573853355e-04 2.147392389e-02 5.391874116e+01 5.874029255e+01 1.281763637e+01 1.299629978e+02 7.472371387e-03
3.679358717e+04 6.600236793e-04 2.151169913e-02 5.390663074e+01 5.872711076e+01 1.279046807e+01 1.299212569e+02 7.404624065e-03
3.688016032e+04 6.626774473e-04 2.154962314e-02 5.389452437e+01 5.871393315e+01 1.276330935e+01 1.298795363e+02 7.337499597e-03
3.696673347e+04 6.653467595e-04 2.158769677e-02 5.388242203e+01 5.870075970e+01 1.273616017e+01 1.298378358e+02 7.270992021e-03
3.705330661e+04 6.680317370e-04 2.162592091e-02 5.387032373e+01 5.868759042e+01 1.270902053e+01 1.297961555e+02 7.205095439e-03
3.713987976e+04 6.707325019e-04 2.166429644e-02 5.385822946e+01 5.867442530e+01 1.268189042e+01 1.297544953e+02 7.139804021e-03
3.722645291e+04 6.734491775e-04 2.170282426e-02 5.384613922e+01 5.866126436e+01 1.265476983e+01 1.297128553e+02 7.075112002e-03
3.731302605e+04 6.761818882e-04 2.174150527e-02 5.383405300e+01 5.864810758e+01 1.262765874e+01 1.296712353e+02 7.011013670e-03
3.739959920e+04 6.789307596e-04 2.178034038e-02 5.382197081e+01 5.863495496e+01 1.260055714e+01 1.296296354e+02 6.947503372e-03
3.748617234e+04 6.816959190e-04 2.181933050e-02 5.380989265e+01 5.862180652e+01 1.257346502e+01 1.295880555e+02 6.884575533e-03
3.757274549e+04 6.844774956e-04 2.185847655e-02 5.379781850e+01 5.860866223e+01 1.254638237e+01 1.295464956e+02 6.822224652e-03
3.765931864e+04 6.872756179e-04 2.189777947e-02 5.378574838e+01 5.859552211e+01 1.251930918e+01 1.295049557e+02 6.760445224e-03
3.774589178e+04 6.900904169e-04 2.193724019e-02 5.377368226e+01 5.858238615e+01 1.249224543e+01 1.294634358e+02 6.699231829e-03
3.783246493e+04 6.929220246e-04 2.197685966e-02 5.376162016e+01 5.856925436e+01 1.246519111e+01 1.294219357e+02 6.638579098e-03
3.791903808e+04 6.957705743e-04 2.201663883e-02 5.374956207e+01 5.855612672e+01 1.243814621e+01 1.293804556e+02 6.578481718e-03
3.800561122e+04 6.986362006e-04 2.205657866e-02 5.373750799e+01 5.854300325e+01 1.241111073e+01 1.293389954e+02 6.518934429e-03
3.809218437e+04 7.015190397e-04 2.209668011e-02 5.372545791e+01 5.852988393e+01 1.238408464e+01 1.292975550e+02 6.459932023e-03
3.817875752e+04 7.044192293e-04 2.213694417e-02 5.371341183e+01 5.851676877e+01 1.235706793e+01 1.292561344e+02 6.401469396e-03
3.826533066e+04 7.073369079e-04 2.217737182e-02 5.370136975e+01 5.850365777e+01 1.233006060e+01 1.292147337e+02 6.343541426e-03
3.835190381e+04 7.102722157e-04 2.221796404e-02 5.368933167e+01 5.849055092e+01 1.230306263e+01 1.291733527e+02 6.286143060e-03
3.843847695e+04 7.132252942e-04 2.225872184e-02 5.367729758e+01 5.847744823e+01 1.227607401e+01 1.291319915e+02 6.229269302e-03
3.852505010e+04 7.161962862e-04 2.229964622e-02 5.366526748e+01 5.846434969e+01 1.224909473e+01 1.290906500e+02 6.172915205e-03
3.861162325e+04 7.191853362e-04 2.234073821e-02 5.365324137e+01 5.845125530e+01 1.222212477e+01 1.290493282e+02 6.117075869e-03
3.869819639e+04 7.221925898e-04 2.238199882e-02 5.364121924e+01 5.843816506e+01 1.219516412e+01 1.290080260e+02 6.061746443e-03
3.878476954e+04 7.252181948e-04 2.242342909e-02 5.362920109e+01 5.842507897e+01 1.216821278e+01 1.289667435e+02 6.006922148e-03
3.887134269e+04 7.282623005e-04 2.246503006e-02 5.361718692e+01 5.841199702e+01 1.214127073e+01 1.289254806e+02 5.952598249e-03
3.895791583e+04 7.313250568e-04 2.250680278e-02 5.360517672e+01 5.839891922e+01 1.211433795e+01 1.288842374e+02 5.898770027e-03
3.904448898e+04 7.344066154e-04 2.254874831e-02 5.359317050e+01 5.838584557e+01 1.208741444e+01 1.288430137e+02 5.845432824e-03
3.913106212e+04 7.375071298e-04 2.259086772e-02 5.358116824e+01 5.837277605e+01 1.206050018e+01 1.288018095e+02 5.792582032e-03
3.921763527e+04 7.406267548e-04 2.263316207e-02 5.356916995e+01 5.835971068e+01 1.203359516e+01 1.287606248e+02 5.740213086e-03
3.930420842e+04 7.437656470e-04 2.267563247e-02 5.355717563e+01 5.834664944e+01 1.200669937e+01 1.287194596e+02 5.688321464e-03
3.939078156e+04 7.469239644e-04 2.271827999e-02 5.354518526e+01 5.833359234e+01 1.197981280e+01 1.286783139e+02 5.636902694e-03
3.947735471e+04 7.501018705e-04 2.276110577e-02 5.353319885e+01 5.832053938e+01 1.195293543e+01 1.286371877e+02 5.585952452e-03
3.956392786e+04 7.532995241e-04 2.280411090e-02 5.352121639e+01 5.830749055e+01 1.192606725e+01 1.285960808e+02 5.535466277e-03
3.965050100e+04 7.565170882e-04 2.284729650e-02 5.350923788e+01 5.829444584e+01 1.189920825e+01 1.285549933e+02 5.485439828e-03
3.973707415e+04 7.597547277e-04 2.289066370e-02 5.349726332e+01 5.828140527e+01 1.187235843e+01 1.285139252e+02 5.435868808e-03
3.982364729e+04 7.630126090e-04 2.293421365e-02 5.348529269e+01 5.826836882e+01 1.184551775e+01 1.284728764e+02 5.386748959e-03
3.991022044e+04 7.662909003e-04 2.297794749e-02 5.347332601e+01 5.825533650e+01 1.181868622e+01 1.284318469e+02 5.338076066e-03
3.999679359e+04 7.695897713e-04 2.302186639e-02 5.346136327e+01 5.824230830e+01 1.179186383e+01 1.283908367e+02 5.289845953e-03
4.008336673e+04 7.729093937e-04 2.306597152e-02 5.344940445e+01 5.822928422e+01 1.176505055e+01 1.283498457e+02 5.242054485e-03
4.016993988e+04 7.762499407e-04 2.311026404e-02 5.343744957e+01 5.821626426e+01 1.173824637e+01 1.283088740e+02 5.194697563e-03
4.025651303e+04 7.796115875e-04 2.315474517e-02 5.342549861e+01 5.820324841e+01 1.171145130e+01 1.282679215e+02 5.147771132e-03
4.034308617e+04 7.829945110e-04 2.319941608e-02 5.341355157e+01 5.819023668e+01 1.168466530e+01 1.282269881e+02 5.101271169e-03
4.042965932e+04 7.863988931e-04 2.324427801e-02 5.340160845e+01 5.817722905e+01 1.165788837e+01 1.281860739e+02 5.055193793e-03
4.051623246e+04 7.898249181e-04 2.328933218e-02 5.338966924e+01 5.816422554e+01 1.163112051e+01 1.281451787e+02 5.009535167e-03
4.060280561e+04 7.932727647e-04 2.333457982e-02 5.337773395e+01 5.815122612e+01 1.160436168e+01 1.281043027e+02 4.964291275e-03
4.068937876e+04 7.967426176e-04 2.338002216e-02 5.336580256e+01 5.813823082e+01 1.157761189e+01 1.280634458e+02 4.919458261e-03
4.077595190e+04 8.002346634e-04 2.342566046e-02 5.335387508e+01 5.812523961e+01 1.155087112e+01 1.280226078e+02 4.875032305e-03
4.086252505e+04 8.037490907e-04 2.347149598e-02 5.334195150e+01 5.811225250e+01 1.152413935e+01 1.279817889e+02 4.831009623e-03
4.094909820e+04 8.072860900e-04 2.351752999e-02 5.333003181e+01 5.809926948e+01 1.149741658e+01 1.279409890e+02 4.787386465e-03
4.103567134e+04 8.108458537e-04 2.356376378e-02 5.331811601e+01 5.808629056e+01 1.147070280e+01 1.279002080e+02 4.744159119e-03
4.112224449e+04 8.144285765e-04 2.361019864e-02 5.330620411e+01 5.807331573e+01 1.144399798e+01 1.278594460e+02 4.701323904e-03
4.120881764e+04 8.180344546e-04 2.365683587e-02 5.329429609e+01 5.806034498e+01 1.141730212e+01 1.278187028e+02 4.658877175e-03
4.129539078e+04 8.216636866e-04 2.370367681e-02 5.328239195e+01 5.804737832e+01 1.139061520e+01 1.277779786e+02 4.616815320e-03
4.138196393e+04 8.253164731e-04 2.375072276e-02 5.327049168e+01 5.803441574e+01 1.136393722e+01 1.277372731e+02 4.575134760e-03
4.146853707e+04 8.289930286e-04 2.379797513e-02 5.325859529e+01 5.802145723e+01 1.133726816e+01 1.276965865e+02 4.533832219e-03
4.155511022e+04 8.326935537e-04 2.384543525e-02 5.324670277e+01 5.800850280e+01 1.131060800e+01 1.276559187e+02 4.492904090e-03
4.164168337e+04 8.364182536e-04 2.389310447e-02 5.323481411e+01 5.799555244e+01 1.128395674e+01 1.276152697e+02 4.452346852e-03
4.172825651e+04 8.401673383e-04 2.394098418e-02 5.322292932e+01 5.798260616e+01 1.125731436e+01 1.275746393e+02 4.412157076e-03
4.181482966e+04 8.439410199e-04 2.398907575e-02 5.321104838e+01 5.796966393e+01 1.123068085e+01 1.275340277e+02 4.372331363e-03
4.190140281e+04 8.477395128e-04 2.403738060e-02 5.319917130e+01 5.795672577e+01 1.120405620e+01 1.274934348e+02 4.332866348e-03
4.198797595e+04 8.515630337e-04 2.408590013e-02 5.318729806e+01 5.794379167e+01 1.117744039e+01 1.274528605e+02 4.293758695e-03
4.207454910e+04 8.554118016e-04 2.413463578e-02 5.317542867e+01 5.793086163e+01 1.115083340e+01 1.274123049e+02 4.255005101e-03
4.216112224e+04 8.592860378e-04 2.418358899e-02 5.316356312e+01 5.791793563e+01 1.112423524e+01 1.273717678e+02 4.216602291e-03
4.224769539e+04 8.631859659e-04 2.423276120e-02 5.315170140e+01 5.790501369e+01 1.109764588e+01 1.273312494e+02 4.178547022e-03
4.233426854e+04 8.671118120e-04 2.428215388e-02 5.313984352e+01 5.789209579e+01 1.107106532e+01 1.272907494e+02 4.140836079e-03
4.242084168e+04 8.710638076e-04 2.433176852e-02 5.312798947e+01 5.787918194e+01 1.104449353e+01 1.272502680e+02 4.103466328e-03
4.250741483e+04 8.750421985e-04 2.438160667e-02 5.311613924e+01 5.786627212e+01 1.101793051e+01 1.272098051e+02 4.066434834e-03
4.259398798e+04 8.790472073e-04 2.443166978e-02 5.310429283e+01 5.785336635e+01 1.099137625e+01 1.271693606e+02 4.029738308e-03
4.268056112e+04 8.830790708e-04 2.448195939e-02 5.309245024e+01 5.784046460e+01 1.096483072e+01 1.271289345e+02 3.993373669e-03
4.276713427e+04 8.871380285e-04 2.453247703e-02 5.308061145e+01 5.782756688e+01 1.093829392e+01 1.270885269e+02 3.957337863e-03
4.285370741e+04 8.912243228e-04 2.458322424e-02 5.306877648e+01 5.781467319e+01 1.091176584e+01 1.270481376e+02 3.921627866e-03
4.294028056e+04 8.953381982e-04 2.463420258e-02 5.305694530e+01 5.780178351e+01 1.088524646e+01 1.270077667e+02 3.886240682e-03
4.302685371e+04 8.994799024e-04 2.468541363e-02 5.304511792e+01 5.778889786e+01 1.085873576e+01 1.269674141e+02 3.851173342e-03
4.311342685e+04 9.036496855e-04 2.473685899e-02 5.303329434e+01 5.777601622e+01 1.083223374e+01 1.269270797e+02 3.816422905e-03
4.320000000e+04 9.078478005e-04 2.478854025e-02 5.302147455e+01 5.776313859e+01 1.080574039e+01 1.268867637e+02 3.781986458e-03
