time            Cj              Ck              Br              shCj            shCk            shBr           
0.000000000e+00 1.000000000e+01 1.000000000e-05 1.000000000e+01 0.000000000e+00 0.000000000e+00 1.000000000e+01
4.008016032e+01 7.998987247e+00 2.266236823e-02 9.943040112e+00 5.756039602e-04 1.887122826e-02 9.999059071e+00
8.016032064e+01 7.888227543e+00 5.578084639e-02 9.862700185e+00 2.659916873e-03 3.754030138e-02 9.996028194e+00
1.202404810e+02 7.874206430e+00 1.037334683e-01 9.781872423e+00 6.285739671e-03 5.639611891e-02 9.990736524e+00
1.603206413e+02 7.870316084e+00 1.634559587e-01 9.701309064e+00 1.146947180e-02 7.556416435e-02 9.982999915e+00
2.004008016e+02 7.869834629e+00 2.310893867e-01 9.620884384e+00 1.823656437e-02 9.517058679e-02 9.972621350e+00
2.404809619e+02 7.871191862e+00 3.035920036e-01 9.540501861e+00 2.662139611e-02 1.153430465e-01 9.959390482e+00
2.805611222e+02 7.873737357e+00 3.788894918e-01 9.460108773e+00 3.666715490e-02 1.362111765e-01 9.943083248e+00
3.206412826e+02 7.877166669e+00 4.556621302e-01 9.379679998e+00 4.842570293e-02 1.579069915e-01 9.923461586e+00
3.607214429e+02 7.881328397e+00 5.331028594e-01 9.299206782e+00 6.195741410e-02 1.805652256e-01 9.900273275e+00
4.008016032e+02 7.886141558e+00 6.107303232e-01 9.218689913e+00 7.733096898e-02 2.043236190e-01 9.873251945e+00
4.408817635e+02 7.891558490e+00 6.882623801e-01 9.138135680e+00 9.462309524e-02 2.293230897e-01 9.842117271e+00
4.809619238e+02 7.897547775e+00 7.655358985e-01 9.057553518e+00 1.139182341e-01 2.557078396e-01 9.806575419e+00
5.210420842e+02 7.904086162e+00 8.424577717e-01 8.976954645e+00 1.353081197e-01 2.836252914e-01 9.766319754e+00
5.611222445e+02 7.911154644e+00 9.189756606e-01 8.896351277e+00 1.588912444e-01 3.132259935e-01 9.721031893e+00
6.012024048e+02 7.918736502e+00 9.950607831e-01 8.815756175e+00 1.847722006e-01 3.446632473e-01 9.670383121e+00
6.412825651e+02 7.926816306e+00 1.070697881e+00 8.735182390e+00 2.130608677e-01 3.780926873e-01 9.614036242e+00
6.813627255e+02 7.935379393e+00 1.145879428e+00 8.654643106e+00 2.438714319e-01 4.136715578e-01 9.551647907e+00
7.214428858e+02 7.944411583e+00 1.220602278e+00 8.574151554e+00 2.773212094e-01 4.515578978e-01 9.482871474e+00
7.615230461e+02 7.953899035e+00 1.294865753e+00 8.493720961e+00 3.135292620e-01 4.919094015e-01 9.407360437e+00
8.016032064e+02 7.963828155e+00 1.368670533e+00 8.413364511e+00 3.526147839e-01 5.348820813e-01 9.324772466e+00
8.416833667e+02 7.974185561e+00 1.442018036e+00 8.333095324e+00 3.946952484e-01 5.806286784e-01 9.234774086e+00
8.817635271e+02 7.984958049e+00 1.514910059e+00 8.252926445e+00 4.398843068e-01 6.292967633e-01 9.137045996e+00
9.218436874e+02 7.996132585e+00 1.587348576e+00 8.172870826e+00 4.882894384e-01 6.810266765e-01 9.031289023e+00
9.619238477e+02 8.007696294e+00 1.659335620e+00 8.092941320e+00 5.400093694e-01 7.359490297e-01 8.917230678e+00
1.002004008e+03 8.019636462e+00 1.730873223e+00 8.013150669e+00 5.951312684e-01 7.941821964e-01 8.794632232e+00
1.042084168e+03 8.031940528e+00 1.801963379e+00 7.933511502e+00 6.537277651e-01 8.558293878e-01 8.663296230e+00
1.082164329e+03 8.044596089e+00 1.872608030e+00 7.854036323e+00 7.158538352e-01 9.209757159e-01 8.523074278e+00
1.122244489e+03 8.057590897e+00 1.942809053e+00 7.774737504e+00 7.815436124e-01 9.896850674e-01 8.373874964e+00
1.162324649e+03 8.070912861e+00 2.012568261e+00 7.695627284e+00 8.508072153e-01 1.061997002e+00 8.215671645e+00
1.202404810e+03 8.084550048e+00 2.081887400e+00 7.616717756e+00 9.236276829e-01 1.137923714e+00 8.048509877e+00
1.242484970e+03 8.098490683e+00 2.150768155e+00 7.538020864e+00 9.999581142e-01 1.217447134e+00 7.872514211e+00
1.282565130e+03 8.112723153e+00 2.219212147e+00 7.459548399e+00 1.079719137e+00 1.300516353e+00 7.687894046e+00
1.322645291e+03 8.127236003e+00 2.287220940e+00 7.381311991e+00 1.162796900e+00 1.387045534e+00 7.494948014e+00
1.362725451e+03 8.142017941e+00 2.354796047e+00 7.303323102e+00 1.249041569e+00 1.476912227e+00 7.294067050e+00
1.402805611e+03 8.157057837e+00 2.421938926e+00 7.225593026e+00 1.338266560e+00 1.569956478e+00 7.085735433e+00
1.442885772e+03 8.172344726e+00 2.488650991e+00 7.148132879e+00 1.430248578e+00 1.665980641e+00 6.870529733e+00
1.482965932e+03 8.187867806e+00 2.554933615e+00 7.070953596e+00 1.524728550e+00 1.764750087e+00 6.649115487e+00
1.523046092e+03 8.203616440e+00 2.620788128e+00 6.994065927e+00 1.621413488e+00 1.865994831e+00 6.422241487e+00
1.563126253e+03 8.219580157e+00 2.686215827e+00 6.917480430e+00 1.719979269e+00 1.969412068e+00 6.190731799e+00
1.603206413e+03 8.235748653e+00 2.751217975e+00 6.841207473e+00 1.820074396e+00 2.074669698e+00 5.955475398e+00
1.643286573e+03 8.252111791e+00 2.815795810e+00 6.765257221e+00 1.921324557e+00 2.181410666e+00 5.717413915e+00
1.683366733e+03 8.268659600e+00 2.879950540e+00 6.689639639e+00 2.023337931e+00 2.289258078e+00 5.477527671e+00
1.723446894e+03 8.285382280e+00 2.943683355e+00 6.614364488e+00 2.125711060e+00 2.397820935e+00 5.236820486e+00
1.763527054e+03 8.302270197e+00 3.006995424e+00 6.539441317e+00 2.228035113e+00 2.506700284e+00 4.996303746e+00
1.803607214e+03 8.319313886e+00 3.069887901e+00 6.464879465e+00 2.329902332e+00 2.615495630e+00 4.756980234e+00
1.843687375e+03 8.336504052e+00 3.132361928e+00 6.390688057e+00 2.430912456e+00 2.723811364e+00 4.519828301e+00
1.883767535e+03 8.353831568e+00 3.194418636e+00 6.316875997e+00 2.530678870e+00 2.831262984e+00 4.285786884e+00
1.923847695e+03 8.371287477e+00 3.256059150e+00 6.243451972e+00 2.628834302e+00 2.937482909e+00 4.055741907e+00
1.963927856e+03 8.388862991e+00 3.317284590e+00 6.170424446e+00 2.725035999e+00 3.042125810e+00 3.830514312e+00
2.004008016e+03 8.406549492e+00 3.378096075e+00 6.097801659e+00 2.818969862e+00 3.144872984e+00 3.610850247e+00
2.044088176e+03 8.424338530e+00 3.438494725e+00 6.025591623e+00 2.910354117e+00 3.245436215e+00 3.397413468e+00
2.084168337e+03 8.442221825e+00 3.498481662e+00 5.953802124e+00 2.998941697e+00 3.343560429e+00 3.190779978e+00
2.124248497e+03 8.460191264e+00 3.558058014e+00 5.882440719e+00 3.084521922e+00 3.439025636e+00 2.991435060e+00
2.164328657e+03 8.478238904e+00 3.617224917e+00 5.811514735e+00 3.166921162e+00 3.531647840e+00 2.799772525e+00
2.204408818e+03 8.496356969e+00 3.675983517e+00 5.741031267e+00 3.246002695e+00 3.621279153e+00 2.616095940e+00
2.244488978e+03 8.514537852e+00 3.734334973e+00 5.670997179e+00 3.321665794e+00 3.707807111e+00 2.440621665e+00
2.284569138e+03 8.532774110e+00 3.792280454e+00 5.601419101e+00 3.393844147e+00 3.791153296e+00 2.273483393e+00
2.324649299e+03 8.551058469e+00 3.849821149e+00 5.532303431e+00 3.462503695e+00 3.871271372e+00 2.114738016e+00
2.364729459e+03 8.569383821e+00 3.906958260e+00 5.463656336e+00 3.527640157e+00 3.948144738e+00 1.964372106e+00
2.404809619e+03 8.587743219e+00 3.963693012e+00 5.395483748e+00 3.589276177e+00 4.021783843e+00 1.822309224e+00
2.444889780e+03 8.606129884e+00 4.020026648e+00 5.327791366e+00 3.647458266e+00 4.092223183e+00 1.688417619e+00
2.484969940e+03 8.624537199e+00 4.075960434e+00 5.260584659e+00 3.702253799e+00 4.159518434e+00 1.562517590e+00
2.525050100e+03 8.642958708e+00 4.131495656e+00 5.193868863e+00 3.753747937e+00 4.223743365e+00 1.444389182e+00
2.565130261e+03 8.661388117e+00 4.186633630e+00 5.127648982e+00 3.802040536e+00 4.284986847e+00 1.333779414e+00
2.605210421e+03 8.679819293e+00 4.241375692e+00 5.061929793e+00 3.847243429e+00 4.343350115e+00 1.230409067e+00
2.645290581e+03 8.698246260e+00 4.295723208e+00 4.996715842e+00 3.889477672e+00 4.398944053e+00 1.133978985e+00
2.685370741e+03 8.716663202e+00 4.349677571e+00 4.932011449e+00 3.928871147e+00 4.451886759e+00 1.044175834e+00
2.725450902e+03 8.735064457e+00 4.403240201e+00 4.867820707e+00 3.965556404e+00 4.502301446e+00 9.606772141e-01
2.765531062e+03 8.753444519e+00 4.456412550e+00 4.804147485e+00 3.999668585e+00 4.550314277e+00 8.831561797e-01
2.805611222e+03 8.771798037e+00 4.509196096e+00 4.740995429e+00 4.031343874e+00 4.596052861e+00 8.112851448e-01
2.845691383e+03 8.790119812e+00 4.561592352e+00 4.678367965e+00 4.060717946e+00 4.639644660e+00 7.447392137e-01
2.885771543e+03 8.808404793e+00 4.613602859e+00 4.616268299e+00 4.087924689e+00 4.681215685e+00 6.831989592e-01
2.925851703e+03 8.826648083e+00 4.665229191e+00 4.554699422e+00 4.113095299e+00 4.720889606e+00 6.263526998e-01
2.965931864e+03 8.844844928e+00 4.716472954e+00 4.493664109e+00 4.136357354e+00 4.758786770e+00 5.738983180e-01
3.006012024e+03 8.862990725e+00 4.767335786e+00 4.433164925e+00 4.157834190e+00 4.795023599e+00 5.255446647e-01
3.046092184e+03 8.881081010e+00 4.817819358e+00 4.373204222e+00 4.177644411e+00 4.829712059e+00 4.810126059e-01
3.086172345e+03 8.899111467e+00 4.867925374e+00 4.313784149e+00 4.195901498e+00 4.862959271e+00 4.400357596e-01
3.126252505e+03 8.917077917e+00 4.917655570e+00 4.254906650e+00 4.212713629e+00 4.894867301e+00 4.023609487e-01
3.166332665e+03 8.934976323e+00 4.967011717e+00 4.196573465e+00 4.228183498e+00 4.925533015e+00 3.677484268e-01
3.206412826e+03 8.952802783e+00 5.015995617e+00 4.138786139e+00 4.242408170e+00 4.955047866e+00 3.359719411e-01
3.246492986e+03 8.970553533e+00 5.064609105e+00 4.081546021e+00 4.255479288e+00 4.983498129e+00 3.068185435e-01
3.286573146e+03 8.988224940e+00 5.112854052e+00 4.024854265e+00 4.267482990e+00 5.010964802e+00 2.800884589e-01
3.326653307e+03 9.005813504e+00 5.160732357e+00 3.968711838e+00 4.278500097e+00 5.037523787e+00 2.555946351e-01
3.366733467e+03 9.023315856e+00 5.208245955e+00 3.913119522e+00 4.288606249e+00 5.063246020e+00 2.331623701e-01
3.406813627e+03 9.040728754e+00 5.255396812e+00 3.858077915e+00 4.297872087e+00 5.088197647e+00 2.126288242e-01
3.446893788e+03 9.058049080e+00 5.302186926e+00 3.803587434e+00 4.306363468e+00 5.112440233e+00 1.938424804e-01
3.486973948e+03 9.075273843e+00 5.348618325e+00 3.749648324e+00 4.314141684e+00 5.136030974e+00 1.766625893e-01
3.527054108e+03 9.092400170e+00 5.394693071e+00 3.696260653e+00 4.321263673e+00 5.159022909e+00 1.609586352e-01
3.567134269e+03 9.109425313e+00 5.440413254e+00 3.643424325e+00 4.327782260e+00 5.181465149e+00 1.466097482e-01
3.607214429e+03 9.126346636e+00 5.485780995e+00 3.591139075e+00 4.333746393e+00 5.203403107e+00 1.335041312e-01
3.647294589e+03 9.143161622e+00 5.530798444e+00 3.539404476e+00 4.339201366e+00 5.224878722e+00 1.215385072e-01
3.687374749e+03 9.159867867e+00 5.575467782e+00 3.488219946e+00 4.344189046e+00 5.245930675e+00 1.106175773e-01
3.727454910e+03 9.176463078e+00 5.619791216e+00 3.437584744e+00 4.348748092e+00 5.266594605e+00 1.006534932e-01
3.767535070e+03 9.192945071e+00 5.663770981e+00 3.387497983e+00 4.352914167e+00 5.286903314e+00 9.156534854e-02
3.807615230e+03 9.209311771e+00 5.707409340e+00 3.337958624e+00 4.356720142e+00 5.306886966e+00 8.327869343e-02
3.847695391e+03 9.225561206e+00 5.750708582e+00 3.288965487e+00 4.360196290e+00 5.326573277e+00 7.572507610e-02
3.887775551e+03 9.241691508e+00 5.793671022e+00 3.240517252e+00 4.363370468e+00 5.345987688e+00 6.884160281e-02
3.927855711e+03 9.257700910e+00 5.836298998e+00 3.192612463e+00 4.366268295e+00 5.365153539e+00 6.257053279e-02
3.967935872e+03 9.273587743e+00 5.878594874e+00 3.145249529e+00 4.368913311e+00 5.384092225e+00 5.685888822e-02
4.008016032e+03 9.289350435e+00 5.920561037e+00 3.098426734e+00 4.371327138e+00 5.402823345e+00 5.165808912e-02
4.048096192e+03 9.304987509e+00 5.962199896e+00 3.052142234e+00 4.373529622e+00 5.421364844e+00 4.692361328e-02
4.088176353e+03 9.320497580e+00 6.003513881e+00 3.006394066e+00 4.375538969e+00 5.439733143e+00 4.261467968e-02
4.128256513e+03 9.335879354e+00 6.044505444e+00 2.961180146e+00 4.377371874e+00 5.457943260e+00 3.869394987e-02
4.168336673e+03 9.351131624e+00 6.085177056e+00 2.916498279e+00 4.379043639e+00 5.476008923e+00 3.512725582e-02
4.208416834e+03 9.366253270e+00 6.125531208e+00 2.872346158e+00 4.380568280e+00 5.493942676e+00 3.188334456e-02
4.248496994e+03 9.381243256e+00 6.165570409e+00 2.828721369e+00 4.381958634e+00 5.511755973e+00 2.893364027e-02
4.288577154e+03 9.396100628e+00 6.205297183e+00 2.785621397e+00 4.383226449e+00 5.529459273e+00 2.625202507e-02
4.328657315e+03 9.410824513e+00 6.244714075e+00 2.743043624e+00 4.384382476e+00 5.547062119e+00 2.381463697e-02
4.368737475e+03 9.425414114e+00 6.283823642e+00 2.700985339e+00 4.385436549e+00 5.564573218e+00 2.159968157e-02
4.408817635e+03 9.439868712e+00 6.322628455e+00 2.659443736e+00 4.386397660e+00 5.582000508e+00 1.958725975e-02
4.448897796e+03 9.454187660e+00 6.361131102e+00 2.618415921e+00 4.387274027e+00 5.599351227e+00 1.775921011e-02
4.488977956e+03 9.468370385e+00 6.399334181e+00 2.577898914e+00 4.388073161e+00 5.616631969e+00 1.609896127e-02
4.529058116e+03 9.482416383e+00 6.437240303e+00 2.537889653e+00 4.388801922e+00 5.633848744e+00 1.459139712e-02
4.569138277e+03 9.496325218e+00 6.474852090e+00 2.498384997e+00 4.389466576e+00 5.651007024e+00 1.322273303e-02
4.609218437e+03 9.510096521e+00 6.512172174e+00 2.459381728e+00 4.390072843e+00 5.668111792e+00 1.198040201e-02
4.649298597e+03 9.523729987e+00 6.549203195e+00 2.420876559e+00 4.390625946e+00 5.685167583e+00 1.085294901e-02
4.689378758e+03 9.537225373e+00 6.585947804e+00 2.382866131e+00 4.391130648e+00 5.702178526e+00 9.829937097e-03
4.729458918e+03 9.550582496e+00 6.622408656e+00 2.345347019e+00 4.391591296e+00 5.719148375e+00 8.901858327e-03
4.769539078e+03 9.563801235e+00 6.658588416e+00 2.308315736e+00 4.392011855e+00 5.736080546e+00 8.060053260e-03
4.809619238e+03 9.576881522e+00 6.694489752e+00 2.271768737e+00 4.392395939e+00 5.752978147e+00 7.296636998e-03
4.849699399e+03 9.589823347e+00 6.730115338e+00 2.235702416e+00 4.392746844e+00 5.769844000e+00 6.604431898e-03
4.889779559e+03 9.602626751e+00 6.765467851e+00 2.200113117e+00 4.393067574e+00 5.786680673e+00 5.976904259e-03
4.929859719e+03 9.615291829e+00 6.800549973e+00 2.164997132e+00 4.393360865e+00 5.803490499e+00 5.408109445e-03
4.969939880e+03 9.627818726e+00 6.835364385e+00 2.130350706e+00 4.393629211e+00 5.820275598e+00 4.892639293e-03
5.010020040e+03 9.640207633e+00 6.869913772e+00 2.096170036e+00 4.393874883e+00 5.837037895e+00 4.425574881e-03
5.050100200e+03 9.652458790e+00 6.904200820e+00 2.062451280e+00 4.394099948e+00 5.853779138e+00 4.002443649e-03
5.090180361e+03 9.664572482e+00 6.938228212e+00 2.029190555e+00 4.394306290e+00 5.870500917e+00 3.619178196e-03
5.130260521e+03 9.676549036e+00 6.971998634e+00 1.996383941e+00 4.394495623e+00 5.887204672e+00 3.272080174e-03
5.170340681e+03 9.688388822e+00 7.005514765e+00 1.964027483e+00 4.394669507e+00 5.903891713e+00 2.957789596e-03
5.210420842e+03 9.700092250e+00 7.038779287e+00 1.932117196e+00 4.394829361e+00 5.920563227e+00 2.673253630e-03
5.250501002e+03 9.711659770e+00 7.071794874e+00 1.900649064e+00 4.394976477e+00 5.937220292e+00 2.415697930e-03
5.290581162e+03 9.723091868e+00 7.104564199e+00 1.869619045e+00 4.395112028e+00 5.953863885e+00 2.182603164e-03
5.330661323e+03 9.734389066e+00 7.137089930e+00 1.839023072e+00 4.395237082e+00 5.970494894e+00 1.971681603e-03
5.370741483e+03 9.745551923e+00 7.169374728e+00 1.808857056e+00 4.395352610e+00 5.987114122e+00 1.780857066e-03
5.410821643e+03 9.756581027e+00 7.201421249e+00 1.779116888e+00 4.395459495e+00 6.003722299e+00 1.608241962e-03
5.450901804e+03 9.767477002e+00 7.233232143e+00 1.749798442e+00 4.395558538e+00 6.020320085e+00 1.452124606e-03
5.490981964e+03 9.778240500e+00 7.264810050e+00 1.720897574e+00 4.395650470e+00 6.036908082e+00 1.310952226e-03
5.531062124e+03 9.788872203e+00 7.296157604e+00 1.692410131e+00 4.395735955e+00 6.053486837e+00 1.183313409e-03
5.571142285e+03 9.799372819e+00 7.327277430e+00 1.664331944e+00 4.395815588e+00 6.070056830e+00 1.067930244e-03
5.611222445e+03 9.809743087e+00 7.358172144e+00 1.636658836e+00 4.395889918e+00 6.086618511e+00 9.636434012e-04
5.651302605e+03 9.819983767e+00 7.388844351e+00 1.609386624e+00 4.395959442e+00 6.103172287e+00 8.694007720e-04
5.691382766e+03 9.830095644e+00 7.419296647e+00 1.582511118e+00 4.396024612e+00 6.119718531e+00 7.842496789e-04
5.731462926e+03 9.840079530e+00 7.449531615e+00 1.556028124e+00 4.396085837e+00 6.136257570e+00 7.073263276e-04
5.771543086e+03 9.849936253e+00 7.479551828e+00 1.529933447e+00 4.396143484e+00 6.152789696e+00 6.378458202e-04
5.811623246e+03 9.859666666e+00 7.509359846e+00 1.504222889e+00 4.396197892e+00 6.169315187e+00 5.750998414e-04
5.851703407e+03 9.869271640e+00 7.538958218e+00 1.478892257e+00 4.396249364e+00 6.185834289e+00 5.184427086e-04
5.891783567e+03 9.878752065e+00 7.568349479e+00 1.453937358e+00 4.396298180e+00 6.202347225e+00 4.672932659e-04
5.931863727e+03 9.888108849e+00 7.597536149e+00 1.429354006e+00 4.396344590e+00 6.218854198e+00 4.211224234e-04
5.971943888e+03 9.897342916e+00 7.626520737e+00 1.405138017e+00 4.396388822e+00 6.235355387e+00 3.794530263e-04
6.012024048e+03 9.906455206e+00 7.655305735e+00 1.381285219e+00 4.396431082e+00 6.251850960e+00 3.418523046e-04
6.052104208e+03 9.915446674e+00 7.683893621e+00 1.357791446e+00 4.396471557e+00 6.268341066e+00 3.079282374e-04
6.092184369e+03 9.924318288e+00 7.712286859e+00 1.334652542e+00 4.396510417e+00 6.284825839e+00 2.773270711e-04
6.132264529e+03 9.933071029e+00 7.740487895e+00 1.311864363e+00 4.396547816e+00 6.301305402e+00 2.497270660e-04
6.172344689e+03 9.941705892e+00 7.768499162e+00 1.289422780e+00 4.396583891e+00 6.317779867e+00 2.248392185e-04
6.212424850e+03 9.950223879e+00 7.796323073e+00 1.267323673e+00 4.396618770e+00 6.334249332e+00 2.023992477e-04
6.252505010e+03 9.958626006e+00 7.823962028e+00 1.245562943e+00 4.396652567e+00 6.350713889e+00 1.821710716e-04
6.292585170e+03 9.966913298e+00 7.851418408e+00 1.224136501e+00 4.396685386e+00 6.367173621e+00 1.639378968e-04
6.332665331e+03 9.975086787e+00 7.878694576e+00 1.203040281e+00 4.396717319e+00 6.383628601e+00 1.475069887e-04
6.372745491e+03 9.983147513e+00 7.905792879e+00 1.182270231e+00 4.396748451e+00 6.400078896e+00 1.327011506e-04
6.412825651e+03 9.991096527e+00 7.932715646e+00 1.161822322e+00 4.396778860e+00 6.416524567e+00 1.193628518e-04
6.452905812e+03 9.998934881e+00 7.959465187e+00 1.141692541e+00 4.396808616e+00 6.432965670e+00 1.073475694e-04
6.492985972e+03 1.000666364e+01 7.986043793e+00 1.121876900e+00 4.396837780e+00 6.449402254e+00 9.652675484e-05
6.533066132e+03 1.001428386e+01 8.012453740e+00 1.102371431e+00 4.396866408e+00 6.465834363e+00 8.678257635e-05
6.573146293e+03 1.002179662e+01 8.038697280e+00 1.083172190e+00 4.396894553e+00 6.482262040e+00 7.801009648e-05
6.613226453e+03 1.002920300e+01 8.064776649e+00 1.064275255e+00 4.396922260e+00 6.498685321e+00 7.011309850e-05
6.653306613e+03 1.003650406e+01 8.090694064e+00 1.045676730e+00 4.396949572e+00 6.515104238e+00 6.300598448e-05
6.693386774e+03 1.004370089e+01 8.116451722e+00 1.027372743e+00 4.396976525e+00 6.531518820e+00 5.661009164e-05
6.733466934e+03 1.005079458e+01 8.142051800e+00 1.009359449e+00 4.397003156e+00 6.547929100e+00 5.085575071e-05
6.773547094e+03 1.005778620e+01 8.167496455e+00 9.916330283e-01 4.397029497e+00 6.564335105e+00 4.567884692e-05
6.813627255e+03 1.006467685e+01 8.192787825e+00 9.741896889e-01 4.397055573e+00 6.580736850e+00 4.102260250e-05
6.853707415e+03 1.007146760e+01 8.217928027e+00 9.570256664e-01 4.397081407e+00 6.597134350e+00 3.683490345e-05
6.893787575e+03 1.007815954e+01 8.242919160e+00 9.401372240e-01 4.397107026e+00 6.613527632e+00 3.306956139e-05
6.933867735e+03 1.008475377e+01 8.267763301e+00 9.235206543e-01 4.397132450e+00 6.629916718e+00 2.968428974e-05
6.973947896e+03 1.009125135e+01 8.292462506e+00 9.071722786e-01 4.397157697e+00 6.646301618e+00 2.664145377e-05
7.014028056e+03 1.009765339e+01 8.317018812e+00 8.910884480e-01 4.397182785e+00 6.662682349e+00 2.390669007e-05
7.054108216e+03 1.010396095e+01 8.341434236e+00 8.752655436e-01 4.397207728e+00 6.679058919e+00 2.144938892e-05
7.094188377e+03 1.011017512e+01 8.365710772e+00 8.596999769e-01 4.397232538e+00 6.695431335e+00 1.924161206e-05
7.134268537e+03 1.011629698e+01 8.389850396e+00 8.443881904e-01 4.397257228e+00 6.711799614e+00 1.725843791e-05
7.174348697e+03 1.012232760e+01 8.413855063e+00 8.293266574e-01 4.397281813e+00 6.728163772e+00 1.547717075e-05
7.214428858e+03 1.012826805e+01 8.437726705e+00 8.145118829e-01 4.397306300e+00 6.744523813e+00 1.387757156e-05
7.254509018e+03 1.013411940e+01 8.461467237e+00 7.999404036e-01 4.397330698e+00 6.760879743e+00 1.244129685e-05
7.294589178e+03 1.013988271e+01 8.485078550e+00 7.856087882e-01 4.397355016e+00 6.777231568e+00 1.115190018e-05
7.334669339e+03 1.014555904e+01 8.508562516e+00 7.715136377e-01 4.397379258e+00 6.793579294e+00 9.994555151e-06
7.374749499e+03 1.015114945e+01 8.531920986e+00 7.576515852e-01 4.397403434e+00 6.809922931e+00 8.955985626e-06
7.414829659e+03 1.015665499e+01 8.555155790e+00 7.440192971e-01 4.397427550e+00 6.826262486e+00 8.024108227e-06
7.454909820e+03 1.016207670e+01 8.578268738e+00 7.306134723e-01 4.397451612e+00 6.842597964e+00 7.187944159e-06
7.494989980e+03 1.016741563e+01 8.601261619e+00 7.174308428e-01 4.397475622e+00 6.858929367e+00 6.437752264e-06
7.535070140e+03 1.017267281e+01 8.624136201e+00 7.044681734e-01 4.397499587e+00 6.875256701e+00 5.764905255e-06
7.575150301e+03 1.017784926e+01 8.646894232e+00 6.917222628e-01 4.397523509e+00 6.891579971e+00 5.161197910e-06
7.615230461e+03 1.018294601e+01 8.669537439e+00 6.791899421e-01 4.397547393e+00 6.907899181e+00 4.619846300e-06
7.655310621e+03 1.018796407e+01 8.692067530e+00 6.668680760e-01 4.397571241e+00 6.924214333e+00 4.134661798e-06
7.695390782e+03 1.019290447e+01 8.714486190e+00 6.547535634e-01 4.397595057e+00 6.940525433e+00 3.699476725e-06
7.735470942e+03 1.019776819e+01 8.736795085e+00 6.428433354e-01 4.397618843e+00 6.956832482e+00 3.309857448e-06
7.775551102e+03 1.020255624e+01 8.758995863e+00 6.311343581e-01 4.397642601e+00 6.973135485e+00 2.960503806e-06
7.815631263e+03 1.020726961e+01 8.781090147e+00 6.196236301e-01 4.397666334e+00 6.989434444e+00 2.647674688e-06
7.855711423e+03 1.021190928e+01 8.803079544e+00 6.083081836e-01 4.397690042e+00 7.005729362e+00 2.367631505e-06
7.895791583e+03 1.021647622e+01 8.824965639e+00 5.971850848e-01 4.397713729e+00 7.022020242e+00 2.116703986e-06
7.935871743e+03 1.022097141e+01 8.846749999e+00 5.862514331e-01 4.397737396e+00 7.038307086e+00 1.892167723e-06
7.975951904e+03 1.022539581e+01 8.868434167e+00 5.755043613e-01 4.397761043e+00 7.054589897e+00 1.691390672e-06
8.016032064e+03 1.022975036e+01 8.890019673e+00 5.649410350e-01 4.397784672e+00 7.070868676e+00 1.512081859e-06
8.056112224e+03 1.023403601e+01 8.911508021e+00 5.545586544e-01 4.397808284e+00 7.087143426e+00 1.351801671e-06
8.096192385e+03 1.023825371e+01 8.932900699e+00 5.443544525e-01 4.397831880e+00 7.103414150e+00 1.208290003e-06
8.136272545e+03 1.024240437e+01 8.954199174e+00 5.343256938e-01 4.397855462e+00 7.119680849e+00 1.080552543e-06
8.176352705e+03 1.024648892e+01 8.975404896e+00 5.244696779e-01 4.397879029e+00 7.135943526e+00 9.663395952e-07
8.216432866e+03 1.025050828e+01 8.996519294e+00 5.147837371e-01 4.397902583e+00 7.152202183e+00 8.637731340e-07
8.256513026e+03 1.025446335e+01 9.017543779e+00 5.052652343e-01 4.397926125e+00 7.168456820e+00 7.723624319e-07
8.296593186e+03 1.025835502e+01 9.038479743e+00 4.959115671e-01 4.397949654e+00 7.184707441e+00 6.905105612e-07
8.336673347e+03 1.026218418e+01 9.059328558e+00 4.867201652e-01 4.397973172e+00 7.200954046e+00 6.170213318e-07
8.376753507e+03 1.026595171e+01 9.080091580e+00 4.776884896e-01 4.397996679e+00 7.217196639e+00 5.511578194e-07
8.416833667e+03 1.026965849e+01 9.100770143e+00 4.688140340e-01 4.398020175e+00 7.233435220e+00 4.921493833e-07
8.456913828e+03 1.027330537e+01 9.121365565e+00 4.600943243e-01 4.398043661e+00 7.249669794e+00 4.392795786e-07
8.496993988e+03 1.027689322e+01 9.141879146e+00 4.515269175e-01 4.398067137e+00 7.265900359e+00 3.919192896e-07
8.537074148e+03 1.028042287e+01 9.162312170e+00 4.431094026e-01 4.398090603e+00 7.282126917e+00 3.495102213e-07
8.577154309e+03 1.028389516e+01 9.182665900e+00 4.348394000e-01 4.398114060e+00 7.298349469e+00 3.116290866e-07
8.617234469e+03 1.028731093e+01 9.202941582e+00 4.267145611e-01 4.398137508e+00 7.314568017e+00 2.778432567e-07
8.657314629e+03 1.029067099e+01 9.223140445e+00 4.187325681e-01 4.398160947e+00 7.330782564e+00 2.476960891e-07
8.697394790e+03 1.029397615e+01 9.243263698e+00 4.108911345e-01 4.398184377e+00 7.346993111e+00 2.208239638e-07
8.737474950e+03 1.029722721e+01 9.263312537e+00 4.031880041e-01 4.398207799e+00 7.363199661e+00 1.968640586e-07
8.777555110e+03 1.030042497e+01 9.283288138e+00 3.956209505e-01 4.398231212e+00 7.379402214e+00 1.755791528e-07
8.817635271e+03 1.030357021e+01 9.303191661e+00 3.881877780e-01 4.398254616e+00 7.395600772e+00 1.565955726e-07
8.857715431e+03 1.030666371e+01 9.323024250e+00 3.808863207e-01 4.398278013e+00 7.411795338e+00 1.395891579e-07
8.897795591e+03 1.030970624e+01 9.342787032e+00 3.737144418e-01 4.398301401e+00 7.427985910e+00 1.244891360e-07
8.937875752e+03 1.031269855e+01 9.362481119e+00 3.666700342e-01 4.398324782e+00 7.444172491e+00 1.110042902e-07
8.977955912e+03 1.031564140e+01 9.382107606e+00 3.597510203e-01 4.398348155e+00 7.460355081e+00 9.893759136e-08
9.018036072e+03 1.031853553e+01 9.401667569e+00 3.529553503e-01 4.398371520e+00 7.476533683e+00 8.815837076e-08
9.058116232e+03 1.032138166e+01 9.421162069e+00 3.462810039e-01 4.398394877e+00 7.492708301e+00 7.851982835e-08
9.098196393e+03 1.032418052e+01 9.440592153e+00 3.397259891e-01 4.398418227e+00 7.508878936e+00 6.990219140e-08
9.138276553e+03 1.032693283e+01 9.459958853e+00 3.332883416e-01 4.398441569e+00 7.525045588e+00 6.220112902e-08
9.178356713e+03 1.032963930e+01 9.479263186e+00 3.269661249e-01 4.398464904e+00 7.541208258e+00 5.531468741e-08
9.218436874e+03 1.033230062e+01 9.498506152e+00 3.207574306e-01 4.398488231e+00 7.557366947e+00 4.917557174e-08
9.258517034e+03 1.033491749e+01 9.517688736e+00 3.146603773e-01 4.398511551e+00 7.573521655e+00 4.372170905e-08
9.298597194e+03 1.033749058e+01 9.536811908e+00 3.086731104e-01 4.398534864e+00 7.589672386e+00 3.886764421e-08
9.338677355e+03 1.034002057e+01 9.555876624e+00 3.027938024e-01 4.398558169e+00 7.605819142e+00 3.455364280e-08
9.378757515e+03 1.034250812e+01 9.574883826e+00 2.970206524e-01 4.398581467e+00 7.621961924e+00 3.072254352e-08
9.418837675e+03 1.034495389e+01 9.593834440e+00 2.913518854e-01 4.398604758e+00 7.638100734e+00 2.732038167e-08
9.458917836e+03 1.034735853e+01 9.612729378e+00 2.857857524e-01 4.398628042e+00 7.654235571e+00 2.431563333e-08
9.498997996e+03 1.034972267e+01 9.631569540e+00 2.803205303e-01 4.398651318e+00 7.670366439e+00 2.164641154e-08
9.539078156e+03 1.035204696e+01 9.650355810e+00 2.749545213e-01 4.398674587e+00 7.686493338e+00 1.925857917e-08
9.579158317e+03 1.035433200e+01 9.669089058e+00 2.696860527e-01 4.398697849e+00 7.702616270e+00 1.714020024e-08
9.619238477e+03 1.035657843e+01 9.687770143e+00 2.645134768e-01 4.398721104e+00 7.718735236e+00 1.525972567e-08
9.659318637e+03 1.035878684e+01 9.706399909e+00 2.594351702e-01 4.398744351e+00 7.734850238e+00 1.357758201e-08
9.699398798e+03 1.036095783e+01 9.724979186e+00 2.544495342e-01 4.398767592e+00 7.750961277e+00 1.206754234e-08
9.739478958e+03 1.036309201e+01 9.743508792e+00 2.495549939e-01 4.398790826e+00 7.767068355e+00 1.072216950e-08
9.779559118e+03 1.036518994e+01 9.761989531e+00 2.447499981e-01 4.398814052e+00 7.783171472e+00 9.519461536e-09
9.819639279e+03 1.036725221e+01 9.780422197e+00 2.400330194e-01 4.398837271e+00 7.799270632e+00 8.447795461e-09
9.859719439e+03 1.036927938e+01 9.798807569e+00 2.354025534e-01 4.398860484e+00 7.815365834e+00 7.485825876e-09
9.899799599e+03 1.037127202e+01 9.817146413e+00 2.308571186e-01 4.398883689e+00 7.831457081e+00 6.622370269e-09
9.939879760e+03 1.037323068e+01 9.835439486e+00 2.263952563e-01 4.398906887e+00 7.847544373e+00 5.853845241e-09
9.979959920e+03 1.037515589e+01 9.853687528e+00 2.220155302e-01 4.398930078e+00 7.863627713e+00 5.175226283e-09
1.002004008e+04 1.037704821e+01 9.871891273e+00 2.177165261e-01 4.398953262e+00 7.879707102e+00 4.582058791e-09
1.006012024e+04 1.037890817e+01 9.890051438e+00 2.134968517e-01 4.398976440e+00 7.895782541e+00 4.050452371e-09
1.010020040e+04 1.038073627e+01 9.908168731e+00 2.093551363e-01 4.398999610e+00 7.911854031e+00 3.582920861e-09
1.014028056e+04 1.038253305e+01 9.926243848e+00 2.052900303e-01 4.399022773e+00 7.927921574e+00 3.172445407e-09
1.018036072e+04 1.038429901e+01 9.944277475e+00 2.013002056e-01 4.399045929e+00 7.943985172e+00 2.811427403e-09
1.022044088e+04 1.038603465e+01 9.962270284e+00 1.973843544e-01 4.399069078e+00 7.960044825e+00 2.496424110e-09
1.026052104e+04 1.038774046e+01 9.980222939e+00 1.935411900e-01 4.399092220e+00 7.976100536e+00 2.225658594e-09
1.030060120e+04 1.038941693e+01 9.998136091e+00 1.897694455e-01 4.399115355e+00 7.992152306e+00 1.988645822e-09
1.034068136e+04 1.039106455e+01 1.001601038e+01 1.860678741e-01 4.399138483e+00 8.008200135e+00 1.777425972e-09
1.038076152e+04 1.039268379e+01 1.003384644e+01 1.824352486e-01 4.399161605e+00 8.024244027e+00 1.582818482e-09
1.042084168e+04 1.039427511e+01 1.005164489e+01 1.788703619e-01 4.399184719e+00 8.040283981e+00 1.417556307e-09
1.046092184e+04 1.039583897e+01 1.006940634e+01 1.753720258e-01 4.399207826e+00 8.056320000e+00 1.272542841e-09
1.050100200e+04 1.039737583e+01 1.008713138e+01 1.719390706e-01 4.399230926e+00 8.072352084e+00 1.141569702e-09
1.054108216e+04 1.039888614e+01 1.010482062e+01 1.685703459e-01 4.399254020e+00 8.088380236e+00 1.020772825e-09
1.058116232e+04 1.040037033e+01 1.012247462e+01 1.652647194e-01 4.399277106e+00 8.104404456e+00 9.082105448e-10
1.062124248e+04 1.040182884e+01 1.014009397e+01 1.620210779e-01 4.399300186e+00 8.120424747e+00 8.083862908e-10
1.066132265e+04 1.040326209e+01 1.015767921e+01 1.588383252e-01 4.399323258e+00 8.136441109e+00 7.170701162e-10
1.070140281e+04 1.040467051e+01 1.017523090e+01 1.557153829e-01 4.399346324e+00 8.152453543e+00 6.341544154e-10
1.074148297e+04 1.040605451e+01 1.019274959e+01 1.526511903e-01 4.399369382e+00 8.168462053e+00 5.601761450e-10
1.078156313e+04 1.040741451e+01 1.021023581e+01 1.496447045e-01 4.399392434e+00 8.184466638e+00 4.925528304e-10
1.082164329e+04 1.040875090e+01 1.022769007e+01 1.466948991e-01 4.399415479e+00 8.200467300e+00 4.302919019e-10
1.086172345e+04 1.041006408e+01 1.024511290e+01 1.438007642e-01 4.399438517e+00 8.216464041e+00 3.749654052e-10
1.090180361e+04 1.041135443e+01 1.026250480e+01 1.409613068e-01 4.399461548e+00 8.232456861e+00 3.270115787e-10
1.094188377e+04 1.041262236e+01 1.027986627e+01 1.381755498e-01 4.399484572e+00 8.248445764e+00 2.869514177e-10
1.098196393e+04 1.041386823e+01 1.029719781e+01 1.354425334e-01 4.399507589e+00 8.264430749e+00 2.509424667e-10
1.102204409e+04 1.041509242e+01 1.031449988e+01 1.327613125e-01 4.399530599e+00 8.280411818e+00 2.203177527e-10
1.106212425e+04 1.041629530e+01 1.033177296e+01 1.301309575e-01 4.399553602e+00 8.296388973e+00 1.943055197e-10
1.110220441e+04 1.041747722e+01 1.034901752e+01 1.275505547e-01 4.399576599e+00 8.312362215e+00 1.718353965e-10
1.114228457e+04 1.041863855e+01 1.036623402e+01 1.250192055e-01 4.399599588e+00 8.328331546e+00 1.528494276e-10
1.118236473e+04 1.041977963e+01 1.038342289e+01 1.225360268e-01 4.399622571e+00 8.344296966e+00 1.382963766e-10
1.122244489e+04 1.042090082e+01 1.040058460e+01 1.201001492e-01 4.399645546e+00 8.360258478e+00 1.260487324e-10
1.126252505e+04 1.042200245e+01 1.041771956e+01 1.177107182e-01 4.399668515e+00 8.376216082e+00 1.149597494e-10
1.130260521e+04 1.042308485e+01 1.043482820e+01 1.153668935e-01 4.399691477e+00 8.392169781e+00 1.036395125e-10
1.134268537e+04 1.042414836e+01 1.045191095e+01 1.130678498e-01 4.399714432e+00 8.408119575e+00 9.444637573e-11
1.138276553e+04 1.042519330e+01 1.046896821e+01 1.108127749e-01 4.399737380e+00 8.424065466e+00 8.652371653e-11
1.142284569e+04 1.042621999e+01 1.048600038e+01 1.086008701e-01 4.399760322e+00 8.440007455e+00 7.891779597e-11
1.146292585e+04 1.042722875e+01 1.050300788e+01 1.064313503e-01 4.399783256e+00 8.455945545e+00 7.136530053e-11
1.150300601e+04 1.042821989e+01 1.051999108e+01 1.043034439e-01 4.399806184e+00 8.471879735e+00 6.374466394e-11
1.154308617e+04 1.042919370e+01 1.053695036e+01 1.022163931e-01 4.399829104e+00 8.487810028e+00 5.633887705e-11
1.158316633e+04 1.043015049e+01 1.055388611e+01 1.001694516e-01 4.399852018e+00 8.503736425e+00 4.914335949e-11
1.162324649e+04 1.043109056e+01 1.057079870e+01 9.816188648e-02 4.399874925e+00 8.519658927e+00 4.245154608e-11
1.166332665e+04 1.043201419e+01 1.058768849e+01 9.619297691e-02 4.399897825e+00 8.535577536e+00 3.671477393e-11
1.170340681e+04 1.043292168e+01 1.060455583e+01 9.426201516e-02 4.399920718e+00 8.551492253e+00 3.135870056e-11
1.174348697e+04 1.043381330e+01 1.062140108e+01 9.236830544e-02 4.399943605e+00 8.567403080e+00 2.597966082e-11
1.178356713e+04 1.043468933e+01 1.063822458e+01 9.051116322e-02 4.399966484e+00 8.583310017e+00 2.128489036e-11
1.182364729e+04 1.043555004e+01 1.065502667e+01 8.868991598e-02 4.399989357e+00 8.599213067e+00 1.745749255e-11
1.186372745e+04 1.043639570e+01 1.067180769e+01 8.690390265e-02 4.400012223e+00 8.615112231e+00 1.469739227e-11
1.190380762e+04 1.043722658e+01 1.068856795e+01 8.515247485e-02 4.400035082e+00 8.631007510e+00 1.228614760e-11
1.194388778e+04 1.043804293e+01 1.070530779e+01 8.343499381e-02 4.400057934e+00 8.646898906e+00 1.049229285e-11
1.198396794e+04 1.043884501e+01 1.072202751e+01 8.175083223e-02 4.400080779e+00 8.662786419e+00 9.193087441e-12
1.202404810e+04 1.043963308e+01 1.073872742e+01 8.009937362e-02 4.400103618e+00 8.678670052e+00 8.169301233e-12
1.206412826e+04 1.044040736e+01 1.075540784e+01 7.848001248e-02 4.400126449e+00 8.694549806e+00 7.411105888e-12
1.210420842e+04 1.044116812e+01 1.077206905e+01 7.689215438e-02 4.400149274e+00 8.710425681e+00 7.301856288e-12
1.214428858e+04 1.044191560e+01 1.078871136e+01 7.533521408e-02 4.400172092e+00 8.726297681e+00 7.340785553e-12
1.218436874e+04 1.044265001e+01 1.080533504e+01 7.380861693e-02 4.400194903e+00 8.742165805e+00 7.321815488e-12
1.222444890e+04 1.044337160e+01 1.082194039e+01 7.231179821e-02 4.400217708e+00 8.758030055e+00 6.994490593e-12
1.226452906e+04 1.044408060e+01 1.083852768e+01 7.084420394e-02 4.400240505e+00 8.773890434e+00 6.767791274e-12
1.230460922e+04 1.044477723e+01 1.085509718e+01 6.940528920e-02 4.400263296e+00 8.789746941e+00 6.596762670e-12
1.234468938e+04 1.044546170e+01 1.087164916e+01 6.799451836e-02 4.400286080e+00 8.805599579e+00 6.299528474e-12
1.238476954e+04 1.044613424e+01 1.088818388e+01 6.661136532e-02 4.400308857e+00 8.821448349e+00 5.873459150e-12
1.242484970e+04 1.044679506e+01 1.090470161e+01 6.525531332e-02 4.400331627e+00 8.837293252e+00 5.333040327e-12
1.246492986e+04 1.044744436e+01 1.092120259e+01 6.392585570e-02 4.400354391e+00 8.853134290e+00 4.621168012e-12
1.250501002e+04 1.044808236e+01 1.093768708e+01 6.262249329e-02 4.400377148e+00 8.868971464e+00 3.842809630e-12
1.254509018e+04 1.044870925e+01 1.095415532e+01 6.134473621e-02 4.400399898e+00 8.884804775e+00 3.087183730e-12
1.258517034e+04 1.044932524e+01 1.097060754e+01 6.009210319e-02 4.400422641e+00 8.900634225e+00 2.478765810e-12
1.262525050e+04 1.044993052e+01 1.098704399e+01 5.886412194e-02 4.400445377e+00 8.916459815e+00 1.918083538e-12
1.266533066e+04 1.045052528e+01 1.100346490e+01 5.766032867e-02 4.400468107e+00 8.932281547e+00 1.264396694e-12
1.270541082e+04 1.045110971e+01 1.101987049e+01 5.648026704e-02 4.400490830e+00 8.948099422e+00 7.106648663e-13
1.274549098e+04 1.045168401e+01 1.103626099e+01 5.532348915e-02 4.400513546e+00 8.963913442e+00 2.985030631e-13
1.278557114e+04 1.045224834e+01 1.105263661e+01 5.418955496e-02 4.400536255e+00 8.979723607e+00 6.905651811e-14
1.282565130e+04 1.045280290e+01 1.106899757e+01 5.307803337e-02 4.400558957e+00 8.995529919e+00 -8.973045107e-14
1.286573146e+04 1.045334786e+01 1.108534408e+01 5.198849978e-02 4.400581653e+00 9.011332380e+00 -1.496694311e-13
1.290581162e+04 1.045388339e+01 1.110167636e+01 5.092053741e-02 4.400604342e+00 9.027130990e+00 -1.326981118e-13
1.294589178e+04 1.045440966e+01 1.111799459e+01 4.987373696e-02 4.400627024e+00 9.042925752e+00 -8.949643495e-14
1.298597194e+04 1.045492685e+01 1.113429899e+01 4.884769668e-02 4.400649700e+00 9.058716667e+00 -3.149242035e-14
1.302605210e+04 1.045543511e+01 1.115058974e+01 4.784202263e-02 4.400672368e+00 9.074503735e+00 1.585192673e-13
1.306613226e+04 1.045593461e+01 1.116686704e+01 4.685632689e-02 4.400695030e+00 9.090286959e+00 3.571197155e-13
1.310621242e+04 1.045642551e+01 1.118313108e+01 4.589022888e-02 4.400717686e+00 9.106066340e+00 5.219170269e-13
1.314629259e+04 1.045690796e+01 1.119938205e+01 4.494335482e-02 4.400740334e+00 9.121841879e+00 6.018282166e-13
1.318637275e+04 1.045738213e+01 1.121562012e+01 4.401533831e-02 4.400762976e+00 9.137613578e+00 6.687604903e-13
1.322645291e+04 1.045784815e+01 1.123184547e+01 4.310581923e-02 4.400785611e+00 9.153381438e+00 7.338426886e-13
1.326653307e+04 1.045830619e+01 1.124805828e+01 4.221444362e-02 4.400808239e+00 9.169145460e+00 7.558283284e-13
1.330661323e+04 1.045875638e+01 1.126425873e+01 4.134086412e-02 4.400830860e+00 9.184905645e+00 7.388155409e-13
1.334669339e+04 1.045919888e+01 1.128044697e+01 4.048473963e-02 4.400853475e+00 9.200661996e+00 6.920142131e-13
1.338677355e+04 1.045963382e+01 1.129662318e+01 3.964573621e-02 4.400876083e+00 9.216414513e+00 5.867184150e-13
1.342685371e+04 1.046006133e+01 1.131278752e+01 3.882352475e-02 4.400898684e+00 9.232163198e+00 4.575685033e-13
1.346693387e+04 1.046048157e+01 1.132894014e+01 3.801778253e-02 4.400921279e+00 9.247908052e+00 3.263825820e-13
1.350701403e+04 1.046089466e+01 1.134508121e+01 3.722819266e-02 4.400943867e+00 9.263649077e+00 2.229148860e-13
1.354709419e+04 1.046130073e+01 1.136121087e+01 3.645444436e-02 4.400966448e+00 9.279386273e+00 1.337316425e-13
1.358717435e+04 1.046169991e+01 1.137732929e+01 3.569623275e-02 4.400989022e+00 9.295119643e+00 1.853693435e-14
1.362725451e+04 1.046209234e+01 1.139343660e+01 3.495325782e-02 4.401011590e+00 9.310849187e+00 -7.379492326e-14
1.366733467e+04 1.046247813e+01 1.140953295e+01 3.422522531e-02 4.401034151e+00 9.326574908e+00 -1.324467218e-13
1.370741483e+04 1.046285741e+01 1.142561848e+01 3.351184630e-02 4.401056705e+00 9.342296806e+00 -1.468248427e-13
1.374749499e+04 1.046323029e+01 1.144169334e+01 3.281283810e-02 4.401079253e+00 9.358014883e+00 -1.485306124e-13
1.378757515e+04 1.046359691e+01 1.145775766e+01 3.212792224e-02 4.401101794e+00 9.373729140e+00 -1.312801411e-13
1.382765531e+04 1.046395737e+01 1.147381157e+01 3.145682543e-02 4.401124328e+00 9.389439578e+00 -9.734206092e-14
1.386773547e+04 1.046431179e+01 1.148985522e+01 3.079927950e-02 4.401146856e+00 9.405146199e+00 -5.834248844e-14
1.390781563e+04 1.046466028e+01 1.150588871e+01 3.015502115e-02 4.401169376e+00 9.420849005e+00 -3.085061735e-14
1.394789579e+04 1.046500296e+01 1.152191219e+01 2.952379285e-02 4.401191891e+00 9.436547996e+00 2.056424530e-14
1.398797595e+04 1.046533992e+01 1.153792578e+01 2.890534118e-02 4.401214398e+00 9.452243174e+00 9.235813598e-14
1.402805611e+04 1.046567128e+01 1.155392960e+01 2.829941705e-02 4.401236899e+00 9.467934541e+00 1.602312543e-13
1.406813627e+04 1.046599715e+01 1.156992377e+01 2.770577621e-02 4.401259393e+00 9.483622097e+00 2.140701430e-13
1.410821643e+04 1.046631761e+01 1.158590841e+01 2.712417887e-02 4.401281880e+00 9.499305844e+00 2.418830314e-13
1.414829659e+04 1.046663279e+01 1.160188364e+01 2.655439040e-02 4.401304361e+00 9.514985784e+00 2.599377794e-13
1.418837675e+04 1.046694277e+01 1.161784956e+01 2.599618040e-02 4.401326835e+00 9.530661917e+00 2.811383782e-13
1.422845691e+04 1.046724765e+01 1.163380629e+01 2.544932196e-02 4.401349302e+00 9.546334245e+00 2.894986897e-13
1.426853707e+04 1.046754753e+01 1.164975394e+01 2.491359279e-02 4.401371763e+00 9.562002770e+00 2.859973074e-13
1.430861723e+04 1.046784251e+01 1.166569261e+01 2.438877464e-02 4.401394217e+00 9.577667493e+00 2.732155829e-13
1.434869739e+04 1.046813266e+01 1.168162241e+01 2.387465380e-02 4.401416665e+00 9.593328416e+00 2.498507365e-13
1.438877756e+04 1.046841810e+01 1.169754345e+01 2.337102088e-02 4.401439105e+00 9.608985538e+00 2.118228363e-13
1.442885772e+04 1.046869890e+01 1.171345581e+01 2.287766938e-02 4.401461540e+00 9.624638863e+00 1.683899279e-13
1.446893788e+04 1.046897515e+01 1.172935962e+01 2.239439704e-02 4.401483967e+00 9.640288391e+00 1.251239109e-13
1.450901804e+04 1.046924694e+01 1.174525495e+01 2.192100539e-02 4.401506388e+00 9.655934123e+00 8.923263019e-14
1.454909820e+04 1.046951436e+01 1.176114190e+01 2.145729987e-02 4.401528802e+00 9.671576062e+00 6.126414647e-14
1.458917836e+04 1.046977748e+01 1.177702058e+01 2.100309023e-02 4.401551210e+00 9.687214208e+00 2.146163488e-14
1.462925852e+04 1.047003638e+01 1.179289107e+01 2.055818862e-02 4.401573611e+00 9.702848562e+00 -1.348451497e-14
1.466933868e+04 1.047029116e+01 1.180875345e+01 2.012241118e-02 4.401596005e+00 9.718479127e+00 -4.132789537e-14
1.470941884e+04 1.047054187e+01 1.182460783e+01 1.969557742e-02 4.401618392e+00 9.734105903e+00 -5.995459770e-14
1.474949900e+04 1.047078862e+01 1.184045428e+01 1.927751037e-02 4.401640773e+00 9.749728892e+00 -6.831978073e-14
1.478957916e+04 1.047103146e+01 1.185629290e+01 1.886803726e-02 4.401663148e+00 9.765348095e+00 -7.281444722e-14
1.482965932e+04 1.047127047e+01 1.187212375e+01 1.846698728e-02 4.401685516e+00 9.780963514e+00 -7.076344997e-14
1.486973948e+04 1.047150573e+01 1.188794694e+01 1.807419332e-02 4.401707877e+00 9.796575149e+00 -6.401903184e-14
1.490981964e+04 1.047173730e+01 1.190376252e+01 1.768949139e-02 4.401730231e+00 9.812183003e+00 -5.541397275e-14
1.494989980e+04 1.047196527e+01 1.191957060e+01 1.731272055e-02 4.401752579e+00 9.827787076e+00 -4.886618981e-14
1.498997996e+04 1.047218969e+01 1.193537123e+01 1.694372399e-02 4.401774921e+00 9.843387369e+00 -3.132512382e-14
1.503006012e+04 1.047241063e+01 1.195116450e+01 1.658234649e-02 4.401797255e+00 9.858983886e+00 -1.242356515e-14
1.507014028e+04 1.047262817e+01 1.196695048e+01 1.622843624e-02 4.401819583e+00 9.874576625e+00 5.574985749e-15
1.511022044e+04 1.047284236e+01 1.198272925e+01 1.588184429e-02 4.401841905e+00 9.890165590e+00 2.010178963e-14
1.515030060e+04 1.047305327e+01 1.199850087e+01 1.554242447e-02 4.401864220e+00 9.905750781e+00 2.817001702e-14
1.519038076e+04 1.047326096e+01 1.201426542e+01 1.521003423e-02 4.401886528e+00 9.921332199e+00 3.757425374e-14
1.523046092e+04 1.047346550e+01 1.203002296e+01 1.488453286e-02 4.401908830e+00 9.936909846e+00 4.530862699e-14
1.527054108e+04 1.047366695e+01 1.204577356e+01 1.456578245e-02 4.401931125e+00 9.952483724e+00 4.985826043e-14
1.531062124e+04 1.047386536e+01 1.206151729e+01 1.425364775e-02 4.401953413e+00 9.968053833e+00 5.141017002e-14
1.535070140e+04 1.047406079e+01 1.207725421e+01 1.394799610e-02 4.401975695e+00 9.983620176e+00 5.055320922e-14
1.539078156e+04 1.047425331e+01 1.209298439e+01 1.364869795e-02 4.401997971e+00 9.999182752e+00 4.604564418e-14
1.543086172e+04 1.047444296e+01 1.210870788e+01 1.335562582e-02 4.402020239e+00 1.001474156e+01 3.845023593e-14
1.547094188e+04 1.047462981e+01 1.212442476e+01 1.306865446e-02 4.402042502e+00 1.003029661e+01 2.947370254e-14
1.551102204e+04 1.047481390e+01 1.214013507e+01 1.278766118e-02 4.402064757e+00 1.004584790e+01 2.058441138e-14
1.555110220e+04 1.047499530e+01 1.215583887e+01 1.251252559e-02 4.402087006e+00 1.006139543e+01 1.368959433e-14
1.559118236e+04 1.047517404e+01 1.217153624e+01 1.224313003e-02 4.402109249e+00 1.007693920e+01 6.458060228e-15
1.563126253e+04 1.047535019e+01 1.218722721e+01 1.197935904e-02 4.402131485e+00 1.009247921e+01 -2.775398330e-15
1.567134269e+04 1.047552380e+01 1.220291185e+01 1.172109895e-02 4.402153714e+00 1.010801546e+01 -1.090630898e-14
1.571142285e+04 1.047569490e+01 1.221859021e+01 1.146823847e-02 4.402175937e+00 1.012354796e+01 -1.726763366e-14
1.575150301e+04 1.047586356e+01 1.223426235e+01 1.122066843e-02 4.402198153e+00 1.013907671e+01 -2.119298019e-14
1.579158317e+04 1.047602982e+01 1.224992831e+01 1.097828204e-02 4.402220363e+00 1.015460170e+01 -2.302410545e-14
1.583166333e+04 1.047619373e+01 1.226558815e+01 1.074097474e-02 4.402242566e+00 1.017012294e+01 -2.398536761e-14
1.587174349e+04 1.047635533e+01 1.228124192e+01 1.050864342e-02 4.402264763e+00 1.018564044e+01 -2.338246771e-14
1.591182365e+04 1.047651466e+01 1.229688966e+01 1.028118719e-02 4.402286953e+00 1.020115418e+01 -2.165336915e-14
1.595190381e+04 1.047667178e+01 1.231253143e+01 1.005850709e-02 4.402309136e+00 1.021666418e+01 -1.948166483e-14
1.599198397e+04 1.047682672e+01 1.232816727e+01 9.840506239e-03 4.402331313e+00 1.023217043e+01 -1.695270553e-14
1.603206413e+04 1.047697953e+01 1.234379723e+01 9.627089995e-03 4.402353484e+00 1.024767294e+01 -1.212162613e-14
1.607214429e+04 1.047713025e+01 1.235942136e+01 9.418164868e-03 4.402375648e+00 1.026317170e+01 -6.967178234e-15
1.611222445e+04 1.047727891e+01 1.237503969e+01 9.213639441e-03 4.402397805e+00 1.027866673e+01 -2.087464068e-15
1.615230461e+04 1.047742557e+01 1.239065228e+01 9.013424058e-03 4.402419956e+00 1.029415801e+01 1.792881892e-15
1.619238477e+04 1.047757026e+01 1.240625916e+01 8.817430870e-03 4.402442100e+00 1.030964555e+01 4.293477406e-15
1.623246493e+04 1.047771301e+01 1.242186038e+01 8.625574412e-03 4.402464238e+00 1.032512936e+01 8.638449412e-15
1.627254509e+04 1.047785387e+01 1.243745597e+01 8.437769842e-03 4.402486369e+00 1.034060943e+01 1.251563555e-14
1.631262525e+04 1.047799287e+01 1.245304599e+01 8.253934356e-03 4.402508494e+00 1.035608576e+01 1.578859964e-14
1.635270541e+04 1.047813005e+01 1.246863047e+01 8.073986745e-03 4.402530612e+00 1.037155836e+01 1.835967390e-14
1.639278557e+04 1.047826545e+01 1.248420944e+01 7.897847356e-03 4.402552724e+00 1.038702723e+01 2.017757470e-14
1.643286573e+04 1.047839909e+01 1.249978296e+01 7.725438287e-03 4.402574829e+00 1.040249237e+01 2.117486910e-14
1.647294589e+04 1.047853102e+01 1.251535104e+01 7.556683778e-03 4.402596928e+00 1.041795378e+01 2.114447615e-14
1.651302605e+04 1.047866127e+01 1.253091373e+01 7.391508394e-03 4.402619020e+00 1.043341146e+01 2.028970353e-14
1.655310621e+04 1.047878988e+01 1.254647107e+01 7.229838628e-03 4.402641106e+00 1.044886541e+01 1.873302369e-14
1.659318637e+04 1.047891686e+01 1.256202308e+01 7.071602389e-03 4.402663185e+00 1.046431564e+01 1.666648676e-14
1.663326653e+04 1.047904227e+01 1.257756981e+01 6.916728970e-03 4.402685258e+00 1.047976214e+01 1.435827414e-14
1.667334669e+04 1.047916612e+01 1.259311129e+01 6.765149385e-03 4.402707324e+00 1.049520492e+01 1.175227416e-14
1.671342685e+04 1.047928845e+01 1.260864756e+01 6.616796367e-03 4.402729384e+00 1.051064398e+01 8.438963532e-15
1.675350701e+04 1.047940929e+01 1.262417864e+01 6.471602983e-03 4.402751438e+00 1.052607932e+01 5.146347785e-15
1.679358717e+04 1.047952866e+01 1.263970456e+01 6.329504033e-03 4.402773484e+00 1.054151093e+01 2.173714507e-15
1.683366733e+04 1.047964661e+01 1.265522537e+01 6.190435581e-03 4.402795525e+00 1.055693883e+01 -1.275009760e-16
1.687374749e+04 1.047976314e+01 1.267074109e+01 6.054334925e-03 4.402817559e+00 1.057236302e+01 -1.351177507e-15
1.691382766e+04 1.047987830e+01 1.268625175e+01 5.921141036e-03 4.402839586e+00 1.058778349e+01 -2.129910518e-15
1.695390782e+04 1.047999211e+01 1.270175738e+01 5.790794140e-03 4.402861607e+00 1.060320024e+01 -3.223103351e-15
1.699398798e+04 1.048010459e+01 1.271725801e+01 5.663234964e-03 4.402883621e+00 1.061861329e+01 -3.824500578e-15
1.703406814e+04 1.048021578e+01 1.273275366e+01 5.538405732e-03 4.402905629e+00 1.063402262e+01 -3.960256444e-15
1.707414830e+04 1.048032570e+01 1.274824437e+01 5.416249798e-03 4.402927631e+00 1.064942824e+01 -3.701183270e-15
1.711422846e+04 1.048043437e+01 1.276373015e+01 5.296711619e-03 4.402949626e+00 1.066483015e+01 -3.168073860e-15
1.715430862e+04 1.048054182e+01 1.277921105e+01 5.179737183e-03 4.402971614e+00 1.068022836e+01 -2.200648780e-15
1.719438878e+04 1.048064808e+01 1.279468708e+01 5.065273351e-03 4.402993597e+00 1.069562286e+01 -8.304377434e-16
1.723446894e+04 1.048075316e+01 1.281015827e+01 4.953267711e-03 4.403015572e+00 1.071101365e+01 6.280882809e-16
1.727454910e+04 1.048085710e+01 1.282562464e+01 4.843669085e-03 4.403037542e+00 1.072640074e+01 1.964551974e-15
1.731462926e+04 1.048095991e+01 1.284108621e+01 4.736427299e-03 4.403059504e+00 1.074178413e+01 2.918787418e-15
1.735470942e+04 1.048106162e+01 1.285654302e+01 4.631493159e-03 4.403081461e+00 1.075716382e+01 3.177382636e-15
1.739478958e+04 1.048116225e+01 1.287199508e+01 4.528818938e-03 4.403103411e+00 1.077253981e+01 3.690007712e-15
1.743486974e+04 1.048126181e+01 1.288744243e+01 4.428357447e-03 4.403125354e+00 1.078791210e+01 4.332240396e-15
1.747494990e+04 1.048136034e+01 1.290288508e+01 4.330062324e-03 4.403147292e+00 1.080328070e+01 4.713480228e-15
1.751503006e+04 1.048145785e+01 1.291832306e+01 4.233888250e-03 4.403169222e+00 1.081864560e+01 4.798616133e-15
1.755511022e+04 1.048155436e+01 1.293375639e+01 4.139790799e-03 4.403191146e+00 1.083400680e+01 4.567276604e-15
1.759519038e+04 1.048164989e+01 1.294918510e+01 4.047726412e-03 4.403213064e+00 1.084936432e+01 4.016256351e-15
1.763527054e+04 1.048174447e+01 1.296460919e+01 3.957653007e-03 4.403234976e+00 1.086471814e+01 3.278417914e-15
1.767535070e+04 1.048183810e+01 1.298002869e+01 3.869528667e-03 4.403256881e+00 1.088006827e+01 2.387364854e-15
1.771543086e+04 1.048193082e+01 1.299544363e+01 3.783312404e-03 4.403278779e+00 1.089541471e+01 1.424688546e-15
1.775551102e+04 1.048202263e+01 1.301085402e+01 3.698964118e-03 4.403300671e+00 1.091075746e+01 5.192004543e-16
1.779559118e+04 1.048211356e+01 1.302625989e+01 3.616444501e-03 4.403322557e+00 1.092609653e+01 -1.647161234e-16
1.783567134e+04 1.048220362e+01 1.304166124e+01 3.535715014e-03 4.403344436e+00 1.094143191e+01 -4.242501457e-16
1.787575150e+04 1.048229283e+01 1.305705811e+01 3.456738570e-03 4.403366309e+00 1.095676361e+01 -1.178904138e-15
1.791583166e+04 1.048238122e+01 1.307245050e+01 3.379477937e-03 4.403388175e+00 1.097209163e+01 -1.852062702e-15
1.795591182e+04 1.048246879e+01 1.308783843e+01 3.303896926e-03 4.403410035e+00 1.098741597e+01 -2.369226005e-15
1.799599198e+04 1.048255556e+01 1.310322193e+01 3.229960081e-03 4.403431889e+00 1.100273662e+01 -2.680891353e-15
1.803607214e+04 1.048264156e+01 1.311860100e+01 3.157632651e-03 4.403453736e+00 1.101805360e+01 -2.738150493e-15
1.807615230e+04 1.048272679e+01 1.313397566e+01 3.086880610e-03 4.403475578e+00 1.103336690e+01 -2.517466669e-15
1.811623246e+04 1.048281127e+01 1.314934595e+01 3.017671140e-03 4.403497412e+00 1.104867652e+01 -2.305815944e-15
1.815631263e+04 1.048289501e+01 1.316471186e+01 2.949971325e-03 4.403519240e+00 1.106398247e+01 -1.966922526e-15
1.819639279e+04 1.048297803e+01 1.318007342e+01 2.883749199e-03 4.403541062e+00 1.107928475e+01 -1.548768936e-15
1.823647295e+04 1.048306034e+01 1.319543065e+01 2.818973435e-03 4.403562878e+00 1.109458336e+01 -1.118674811e-15
1.827655311e+04 1.048314197e+01 1.321078356e+01 2.755613328e-03 4.403584687e+00 1.110987829e+01 -7.651372086e-16
1.831663327e+04 1.048322291e+01 1.322613217e+01 2.693638870e-03 4.403606489e+00 1.112516955e+01 -5.026771096e-16
1.835671343e+04 1.048330318e+01 1.324147648e+01 2.633020994e-03 4.403628285e+00 1.114045715e+01 1.759101957e-17
1.839679359e+04 1.048338281e+01 1.325681651e+01 2.573730656e-03 4.403650075e+00 1.115574108e+01 5.040152487e-16
1.843687375e+04 1.048346180e+01 1.327215228e+01 2.515739623e-03 4.403671859e+00 1.117102134e+01 9.126085708e-16
1.847695391e+04 1.048354017e+01 1.328748380e+01 2.459020227e-03 4.403693636e+00 1.118629794e+01 1.194092052e-15
1.851703407e+04 1.048361792e+01 1.330281109e+01 2.403545354e-03 4.403715407e+00 1.120157088e+01 1.293850225e-15
1.855711423e+04 1.048369508e+01 1.331813415e+01 2.349288557e-03 4.403737171e+00 1.121684016e+01 1.252495476e-15
1.859719439e+04 1.048377164e+01 1.333345301e+01 2.296224117e-03 4.403758929e+00 1.123210577e+01 1.264058996e-15
1.863727455e+04 1.048384763e+01 1.334876767e+01 2.244326412e-03 4.403780681e+00 1.124736773e+01 1.195642895e-15
1.867735471e+04 1.048392306e+01 1.336407815e+01 2.193570518e-03 4.403802426e+00 1.126262602e+01 1.066285762e-15
1.871743487e+04 1.048399794e+01 1.337938446e+01 2.143932012e-03 4.403824165e+00 1.127788067e+01 9.055097769e-16
1.875751503e+04 1.048407227e+01 1.339468661e+01 2.095386962e-03 4.403845898e+00 1.129313165e+01 7.544146982e-16
1.879759519e+04 1.048414607e+01 1.340998461e+01 2.047912082e-03 4.403867625e+00 1.130837899e+01 5.683338453e-16
1.883767535e+04 1.048421936e+01 1.342527848e+01 2.001484624e-03 4.403889345e+00 1.132362267e+01 2.726915822e-16
1.887775551e+04 1.048429213e+01 1.344056823e+01 1.956081998e-03 4.403911058e+00 1.133886269e+01 -2.232247618e-17
1.891783567e+04 1.048436441e+01 1.345585386e+01 1.911682214e-03 4.403932766e+00 1.135409907e+01 -2.854286134e-16
1.895791583e+04 1.048443620e+01 1.347113540e+01 1.868263729e-03 4.403954467e+00 1.136933180e+01 -4.794516113e-16
1.899799599e+04 1.048450751e+01 1.348641285e+01 1.825805431e-03 4.403976161e+00 1.138456089e+01 -5.610115668e-16
1.903807615e+04 1.048457835e+01 1.350168622e+01 1.784286834e-03 4.403997850e+00 1.139978632e+01 -6.198887793e-16
1.907815631e+04 1.048464873e+01 1.351695553e+01 1.743687821e-03 4.404019532e+00 1.141500811e+01 -7.089052936e-16
1.911823647e+04 1.048471866e+01 1.353222077e+01 1.703988492e-03 4.404041207e+00 1.143022626e+01 -7.520609476e-16
1.915831663e+04 1.048478815e+01 1.354748197e+01 1.665169459e-03 4.404062877e+00 1.144544077e+01 -7.516566858e-16
1.919839679e+04 1.048485720e+01 1.356273913e+01 1.627211731e-03 4.404084540e+00 1.146065163e+01 -7.143488567e-16
1.923847695e+04 1.048492584e+01 1.357799227e+01 1.590096697e-03 4.404106197e+00 1.147585886e+01 -6.516848600e-16
1.927855711e+04 1.048499406e+01 1.359324138e+01 1.553806349e-03 4.404127847e+00 1.149106244e+01 -5.412890005e-16
1.931863727e+04 1.048506187e+01 1.360848649e+01 1.518322894e-03 4.404149491e+00 1.150626239e+01 -3.922232114e-16
1.935871743e+04 1.048512929e+01 1.362372760e+01 1.483628820e-03 4.404171129e+00 1.152145871e+01 -2.322718099e-16
1.939879760e+04 1.048519631e+01 1.363896472e+01 1.449707044e-03 4.404192761e+00 1.153665139e+01 -8.112319758e-17
1.943887776e+04 1.048526295e+01 1.365419786e+01 1.416540834e-03 4.404214386e+00 1.155184043e+01 3.669618602e-17
1.947895792e+04 1.048532922e+01 1.366942702e+01 1.384113794e-03 4.404236005e+00 1.156702585e+01 9.147524148e-17
1.951903808e+04 1.048539513e+01 1.368465223e+01 1.352410105e-03 4.404257618e+00 1.158220763e+01 1.859923405e-16
1.955911824e+04 1.048546067e+01 1.369987347e+01 1.321414035e-03 4.404279224e+00 1.159738578e+01 2.856976772e-16
1.959919840e+04 1.048552586e+01 1.371509077e+01 1.291110184e-03 4.404300824e+00 1.161256031e+01 3.617268051e-16
1.963927856e+04 1.048559071e+01 1.373030413e+01 1.261483508e-03 4.404322418e+00 1.162773121e+01 4.092956234e-16
1.967935872e+04 1.048565522e+01 1.374551356e+01 1.232519272e-03 4.404344006e+00 1.164289848e+01 4.246163233e-16
1.971943888e+04 1.048571940e+01 1.376071907e+01 1.204203040e-03 4.404365587e+00 1.165806213e+01 4.050939872e-16
1.975951904e+04 1.048578326e+01 1.377592066e+01 1.176521082e-03 4.404387162e+00 1.167322215e+01 3.714077079e-16
1.979959920e+04 1.048584679e+01 1.379111834e+01 1.149459392e-03 4.404408731e+00 1.168837855e+01 3.164342173e-16
1.983967936e+04 1.048591002e+01 1.380631212e+01 1.123004426e-03 4.404430293e+00 1.170353134e+01 2.445264956e-16
1.987975952e+04 1.048597294e+01 1.382150201e+01 1.097142938e-03 4.404451849e+00 1.171868050e+01 1.638115318e-16
1.991983968e+04 1.048603556e+01 1.383668801e+01 1.071861951e-03 4.404473399e+00 1.173382605e+01 8.510848303e-17
1.995991984e+04 1.048609790e+01 1.385187013e+01 1.047148749e-03 4.404494943e+00 1.174896797e+01 2.215398404e-17
2.000000000e+04 1.048615994e+01 1.386704838e+01 1.022990869e-03 4.404516481e+00 1.176410629e+01 -8.172543643e-18
