time            Cj              Ck              Br              shCj            shCk            shBr           
0.000000000e+00 1.000000000e+01 1.000000000e-05 1.000000000e+01 0.000000000e+00 0.000000000e+00 1.000000000e+01
4.008016032e+01 6.942673345e+00 1.895116362e-02 9.958911683e+00 2.953770414e-04 1.426147462e-02 9.999417787e+00
8.016032064e+01 6.901090406e+00 4.412273647e-02 9.905114469e+00 1.059555845e-03 2.399760006e-02 9.997854791e+00
1.202404810e+02 6.885538166e+00 7.789061954e-02 9.851267760e+00 1.986842419e-03 3.080954777e-02 9.995568912e+00
1.603206413e+02 6.872010403e+00 1.184060697e-01 9.797567050e+00 2.906282731e-03 3.557206919e-02 9.992751662e+00
2.004008016e+02 6.858780458e+00 1.634346806e-01 9.743962082e+00 3.734587940e-03 3.889360090e-02 9.989545713e+00
2.404809619e+02 6.845449771e+00 2.112147789e-01 9.690421580e+00 4.438924755e-03 4.119886987e-02 9.986057296e+00
2.805611222e+02 6.831963238e+00 2.605395881e-01 9.636929714e+00 5.014285384e-03 4.278606618e-02 9.982365396e+00
3.206412826e+02 6.818381437e+00 3.106373391e-01 9.583479692e+00 5.469857585e-03 4.386532310e-02 9.978528613e+00
3.607214429e+02 6.804793344e+00 3.610339342e-01 9.530069743e+00 5.821021535e-03 4.458503360e-02 9.974590304e+00
4.008016032e+02 6.791283659e+00 4.114458372e-01 9.476700772e+00 6.084830085e-03 4.505014117e-02 9.970582460e+00
4.408817635e+02 6.777922546e+00 4.617069568e-01 9.423375021e+00 6.277621474e-03 4.533494626e-02 9.966528613e+00
4.809619238e+02 6.764764258e+00 5.117219383e-01 9.370095354e+00 6.413907200e-03 4.549210179e-02 9.962446025e+00
5.210420842e+02 6.751848913e+00 5.614373479e-01 9.316864870e+00 6.505987124e-03 4.555895840e-02 9.958347315e+00
5.611222445e+02 6.739205096e+00 6.108243434e-01 9.263686717e+00 6.563961236e-03 4.556203352e-02 9.954241674e+00
6.012024048e+02 6.726852386e+00 6.598683833e-01 9.210564007e+00 6.595934135e-03 4.552017194e-02 9.950135774e+00
6.412825651e+02 6.714803509e+00 7.085631721e-01 9.157499779e+00 6.608296094e-03 4.544678276e-02 9.946034427e+00
6.813627255e+02 6.703066065e+00 7.569071500e-01 9.104496999e+00 6.606018205e-03 4.535139566e-02 9.941941090e+00
7.214428858e+02 6.691643857e+00 8.049014255e-01 9.051558558e+00 6.592922026e-03 4.524081913e-02 9.937858219e+00
7.615230461e+02 6.680537916e+00 8.525485984e-01 8.998687284e+00 6.571919540e-03 4.511990391e-02 9.933787546e+00
8.016032064e+02 6.669747261e+00 8.998520752e-01 8.945885956e+00 6.545213844e-03 4.499208392e-02 9.929730271e+00
8.416833667e+02 6.659269461e+00 9.468156727e-01 8.893157302e+00 6.514457305e-03 4.485983824e-02 9.925687208e+00
8.817635271e+02 6.649101058e+00 9.934433991e-01 8.840504019e+00 6.480883426e-03 4.472491803e-02 9.921658889e+00
9.218436874e+02 6.639237866e+00 1.039739327e+00 8.787928767e+00 6.445406420e-03 4.458857340e-02 9.917645643e+00
9.619238477e+02 6.629675200e+00 1.085707521e+00 8.735434183e+00 6.408699586e-03 4.445169113e-02 9.913647651e+00
1.002004008e+03 6.620408048e+00 1.131351993e+00 8.683022877e+00 6.371261007e-03 4.431490838e-02 9.909664990e+00
1.042084168e+03 6.611431186e+00 1.176676693e+00 8.630697438e+00 6.333455261e-03 4.417867766e-02 9.905697663e+00
1.082164329e+03 6.602739241e+00 1.221685493e+00 8.578460434e+00 6.295543645e-03 4.404331145e-02 9.901745613e+00
1.122244489e+03 6.594326776e+00 1.266382185e+00 8.526314413e+00 6.257714817e-03 4.390902950e-02 9.897808746e+00
1.162324649e+03 6.586188329e+00 1.310770476e+00 8.474261906e+00 6.220105305e-03 4.377598741e-02 9.893886942e+00
1.202404810e+03 6.578318447e+00 1.354853991e+00 8.422305423e+00 6.182812953e-03 4.364429360e-02 9.889980062e+00
1.242484970e+03 6.570711705e+00 1.398636275e+00 8.370447456e+00 6.145906042e-03 4.351402034e-02 9.886087953e+00
1.282565130e+03 6.563362713e+00 1.442120795e+00 8.318690479e+00 6.109430927e-03 4.338521360e-02 9.882210454e+00
1.322645291e+03 6.556266140e+00 1.485310943e+00 8.267036946e+00 6.073418649e-03 4.325790187e-02 9.878347395e+00
1.362725451e+03 6.549416712e+00 1.528210035e+00 8.215489293e+00 6.037888401e-03 4.313210010e-02 9.874498607e+00
1.402805611e+03 6.542809230e+00 1.570821314e+00 8.164049935e+00 6.002854641e-03 4.300781936e-02 9.870663915e+00
1.442885772e+03 6.536438557e+00 1.613147955e+00 8.112721268e+00 5.968323403e-03 4.288506004e-02 9.866843147e+00
1.482965932e+03 6.530299637e+00 1.655193062e+00 8.061505668e+00 5.934299738e-03 4.276382256e-02 9.863036130e+00
1.523046092e+03 6.524387479e+00 1.696959675e+00 8.010405488e+00 5.900783255e-03 4.264410010e-02 9.859242689e+00
1.563126253e+03 6.518697164e+00 1.738450768e+00 7.959423064e+00 5.867771497e-03 4.252588409e-02 9.855462653e+00
1.603206413e+03 6.513223849e+00 1.779669255e+00 7.908560706e+00 5.835260903e-03 4.240916432e-02 9.851695850e+00
1.643286573e+03 6.507962761e+00 1.820617986e+00 7.857820704e+00 5.803246360e-03 4.229392945e-02 9.847942110e+00
1.683366733e+03 6.502909199e+00 1.861299752e+00 7.807205327e+00 5.771722457e-03 4.218016774e-02 9.844201265e+00
1.723446894e+03 6.498058535e+00 1.901717285e+00 7.756716820e+00 5.740683803e-03 4.206786779e-02 9.840473147e+00
1.763527054e+03 6.493406211e+00 1.941873263e+00 7.706357403e+00 5.710123467e-03 4.195701602e-02 9.836757593e+00
1.803607214e+03 6.488947739e+00 1.981770307e+00 7.656129275e+00 5.680036778e-03 4.184760210e-02 9.833054439e+00
1.843687375e+03 6.484678701e+00 2.021410983e+00 7.606034611e+00 5.650417846e-03 4.173961401e-02 9.829363523e+00
1.883767535e+03 6.480594743e+00 2.060797808e+00 7.556075559e+00 5.621259739e-03 4.163303825e-02 9.825684687e+00
1.923847695e+03 6.476691583e+00 2.099933245e+00 7.506254246e+00 5.592557792e-03 4.152786419e-02 9.822017772e+00
1.963927856e+03 6.472964999e+00 2.138819710e+00 7.456572772e+00 5.564304631e-03 4.142407807e-02 9.818362622e+00
2.004008016e+03 6.469410837e+00 2.177459569e+00 7.407033211e+00 5.536494550e-03 4.132166780e-02 9.814719082e+00
2.044088176e+03 6.466025005e+00 2.215855141e+00 7.357637612e+00 5.509121348e-03 4.122062096e-02 9.811087000e+00
2.084168337e+03 6.462803475e+00 2.254008699e+00 7.308387999e+00 5.482178797e-03 4.112092520e-02 9.807466223e+00
2.124248497e+03 6.459742281e+00 2.291922472e+00 7.259286368e+00 5.455660675e-03 4.102256802e-02 9.803856602e+00
2.164328657e+03 6.456837518e+00 2.329598643e+00 7.210334690e+00 5.429561428e-03 4.092553784e-02 9.800257990e+00
2.204408818e+03 6.454085342e+00 2.367039357e+00 7.161534908e+00 5.403875275e-03 4.082982291e-02 9.796670239e+00
2.244488978e+03 6.451481968e+00 2.404246713e+00 7.112888937e+00 5.378596594e-03 4.073541150e-02 9.793093206e+00
2.284569138e+03 6.449023672e+00 2.441222773e+00 7.064398668e+00 5.353720021e-03 4.064229224e-02 9.789526746e+00
2.324649299e+03 6.446706785e+00 2.477969559e+00 7.016065960e+00 5.329240274e-03 4.055045389e-02 9.785970719e+00
2.364729459e+03 6.444527695e+00 2.514489052e+00 6.967892647e+00 5.305151621e-03 4.045988464e-02 9.782424985e+00
2.404809619e+03 6.442482849e+00 2.550783201e+00 6.919880534e+00 5.281449160e-03 4.037057362e-02 9.778889404e+00
2.444889780e+03 6.440568748e+00 2.586853915e+00 6.872031398e+00 5.258127850e-03 4.028250980e-02 9.775363840e+00
2.484969940e+03 6.438781947e+00 2.622703069e+00 6.824346987e+00 5.235182500e-03 4.019568224e-02 9.771848157e+00
2.525050100e+03 6.437119056e+00 2.658332505e+00 6.776829019e+00 5.212608253e-03 4.011008011e-02 9.768342221e+00
2.565130261e+03 6.435576738e+00 2.693744029e+00 6.729479186e+00 5.190400242e-03 4.002569268e-02 9.764845899e+00
2.605210421e+03 6.434151709e+00 2.728939417e+00 6.682299148e+00 5.168553539e-03 3.994250916e-02 9.761359061e+00
2.645290581e+03 6.432840735e+00 2.763920412e+00 6.635290537e+00 5.147063359e-03 3.986051892e-02 9.757881575e+00
2.685370741e+03 6.431640635e+00 2.798688728e+00 6.588454956e+00 5.125924916e-03 3.977971137e-02 9.754413314e+00
2.725450902e+03 6.430548279e+00 2.833246047e+00 6.541793977e+00 5.105133653e-03 3.970007627e-02 9.750954151e+00
2.765531062e+03 6.429560586e+00 2.867594023e+00 6.495309144e+00 5.084684956e-03 3.962160330e-02 9.747503959e+00
2.805611222e+03 6.428674523e+00 2.901734283e+00 6.449001971e+00 5.064574247e-03 3.954428222e-02 9.744062614e+00
2.845691383e+03 6.427887108e+00 2.935668424e+00 6.402873940e+00 5.044797240e-03 3.946810312e-02 9.740629993e+00
2.885771543e+03 6.427195408e+00 2.969398014e+00 6.356926504e+00 5.025349750e-03 3.939305623e-02 9.737205973e+00
2.925851703e+03 6.426596535e+00 3.002924601e+00 6.311161088e+00 5.006227593e-03 3.931913187e-02 9.733790436e+00
2.965931864e+03 6.426087648e+00 3.036249705e+00 6.265579085e+00 4.987426479e-03 3.924632006e-02 9.730383260e+00
3.006012024e+03 6.425665949e+00 3.069374828e+00 6.220181856e+00 4.968941916e-03 3.917461045e-02 9.726984328e+00
3.046092184e+03 6.425328688e+00 3.102301442e+00 6.174970735e+00 4.950769830e-03 3.910399335e-02 9.723593524e+00
3.086172345e+03 6.425073163e+00 3.135030998e+00 6.129947024e+00 4.932906390e-03 3.903445959e-02 9.720210731e+00
3.126252505e+03 6.424896721e+00 3.167564906e+00 6.085111995e+00 4.915348984e-03 3.896600243e-02 9.716835836e+00
3.166332665e+03 6.424796749e+00 3.199904569e+00 6.040466888e+00 4.898094060e-03 3.889861315e-02 9.713468724e+00
3.206412826e+03 6.424770677e+00 3.232051366e+00 5.996012914e+00 4.881138503e-03 3.883228388e-02 9.710109284e+00
3.246492986e+03 6.424815949e+00 3.264006700e+00 5.951751255e+00 4.864473266e-03 3.876699414e-02 9.706757405e+00
3.286573146e+03 6.424930102e+00 3.295771880e+00 5.907683059e+00 4.848099588e-03 3.870274603e-02 9.703412977e+00
3.326653307e+03 6.425110681e+00 3.327348240e+00 5.863809448e+00 4.832012219e-03 3.863952668e-02 9.700075891e+00
3.366733467e+03 6.425355288e+00 3.358737078e+00 5.820131509e+00 4.816208349e-03 3.857732918e-02 9.696746040e+00
3.406813627e+03 6.425661557e+00 3.389939683e+00 5.776650302e+00 4.800684196e-03 3.851614403e-02 9.693423318e+00
3.446893788e+03 6.426027165e+00 3.420957324e+00 5.733366856e+00 4.785436372e-03 3.845596267e-02 9.690107618e+00
3.486973948e+03 6.426449828e+00 3.451791249e+00 5.690282168e+00 4.770461544e-03 3.839677665e-02 9.686798838e+00
3.527054108e+03 6.426927302e+00 3.482442693e+00 5.647397206e+00 4.755756446e-03 3.833857770e-02 9.683496872e+00
3.567134269e+03 6.427457383e+00 3.512912874e+00 5.604712910e+00 4.741317829e-03 3.828135748e-02 9.680201619e+00
3.607214429e+03 6.428037902e+00 3.543202993e+00 5.562230186e+00 4.727142529e-03 3.822510783e-02 9.676912979e+00
3.647294589e+03 6.428666732e+00 3.573314236e+00 5.519949912e+00 4.713227426e-03 3.816982068e-02 9.673630850e+00
3.687374749e+03 6.429341779e+00 3.603247775e+00 5.477872936e+00 4.699569450e-03 3.811548800e-02 9.670355134e+00
3.727454910e+03 6.430060990e+00 3.633004767e+00 5.436000077e+00 4.686165576e-03 3.806210187e-02 9.667085731e+00
3.767535070e+03 6.430822346e+00 3.662586354e+00 5.394332123e+00 4.673012829e-03 3.800965444e-02 9.663822546e+00
3.807615230e+03 6.431623864e+00 3.691993666e+00 5.352869833e+00 4.660108285e-03 3.795813793e-02 9.660565482e+00
3.847695391e+03 6.432463596e+00 3.721227820e+00 5.311613937e+00 4.647449070e-03 3.790754468e-02 9.657314443e+00
3.887775551e+03 6.433339631e+00 3.750289918e+00 5.270565135e+00 4.635032358e-03 3.785786710e-02 9.654069335e+00
3.927855711e+03 6.434250094e+00 3.779181050e+00 5.229724098e+00 4.622855372e-03 3.780909768e-02 9.650830065e+00
3.967935872e+03 6.435193140e+00 3.807902296e+00 5.189091468e+00 4.610915380e-03 3.776122900e-02 9.647596540e+00
4.008016032e+03 6.436166961e+00 3.836454722e+00 5.148667859e+00 4.599209701e-03 3.771425373e-02 9.644368669e+00
4.048096192e+03 6.437169781e+00 3.864839383e+00 5.108453855e+00 4.587735694e-03 3.766816462e-02 9.641146360e+00
4.088176353e+03 6.438199859e+00 3.893057325e+00 5.068450013e+00 4.576490760e-03 3.762295447e-02 9.637929524e+00
4.128256513e+03 6.439255482e+00 3.921109583e+00 5.028656860e+00 4.565472347e-03 3.757861620e-02 9.634718072e+00
4.168336673e+03 6.440334972e+00 3.948997180e+00 4.989074896e+00 4.554677944e-03 3.753514276e-02 9.631511915e+00
4.208416834e+03 6.441436685e+00 3.976721129e+00 4.949704593e+00 4.544105079e-03 3.749252721e-02 9.628310967e+00
4.248496994e+03 6.442559003e+00 4.004282436e+00 4.910546394e+00 4.533751320e-03 3.745076266e-02 9.625115141e+00
4.288577154e+03 6.443700343e+00 4.031682094e+00 4.871600717e+00 4.523614283e-03 3.740984232e-02 9.621924352e+00
4.328657315e+03 6.444859153e+00 4.058921089e+00 4.832867951e+00 4.513691616e-03 3.736975947e-02 9.618738513e+00
4.368737475e+03 6.446033910e+00 4.086000397e+00 4.794348456e+00 4.503981007e-03 3.733050744e-02 9.615557542e+00
4.408817635e+03 6.447223119e+00 4.112920986e+00 4.756042570e+00 4.494480189e-03 3.729207968e-02 9.612381356e+00
4.448897796e+03 6.448425319e+00 4.139683815e+00 4.717950598e+00 4.485186927e-03 3.725446968e-02 9.609209871e+00
4.488977956e+03 6.449639074e+00 4.166289835e+00 4.680072824e+00 4.476099027e-03 3.721767101e-02 9.606043006e+00
4.529058116e+03 6.450862978e+00 4.192739989e+00 4.642409504e+00 4.467214328e-03 3.718167730e-02 9.602880681e+00
4.569138277e+03 6.452095653e+00 4.219035214e+00 4.604960866e+00 4.458530710e-03 3.714648228e-02 9.599722815e+00
4.609218437e+03 6.453335752e+00 4.245176437e+00 4.567727114e+00 4.450046086e-03 3.711207974e-02 9.596569329e+00
4.649298597e+03 6.454581950e+00 4.271164579e+00 4.530708427e+00 4.441758403e-03 3.707846352e-02 9.593420143e+00
4.689378758e+03 6.455832954e+00 4.297000556e+00 4.493904958e+00 4.433665644e-03 3.704562756e-02 9.590275181e+00
4.729458918e+03 6.457087496e+00 4.322685274e+00 4.457316835e+00 4.425765826e-03 3.701356585e-02 9.587134365e+00
4.769539078e+03 6.458344334e+00 4.348219635e+00 4.420944161e+00 4.418056999e-03 3.698227243e-02 9.583997618e+00
4.809619238e+03 6.459602252e+00 4.373604532e+00 4.384787015e+00 4.410537241e-03 3.695174144e-02 9.580864865e+00
4.849699399e+03 6.460860063e+00 4.398840853e+00 4.348845452e+00 4.403204667e-03 3.692196706e-02 9.577736030e+00
4.889779559e+03 6.462116601e+00 4.423929482e+00 4.313119501e+00 4.396057420e-03 3.689294355e-02 9.574611040e+00
4.929859719e+03 6.463370729e+00 4.448871294e+00 4.277609171e+00 4.389093686e-03 3.686466524e-02 9.571489820e+00
4.969939880e+03 6.464621331e+00 4.473667161e+00 4.242314445e+00 4.382311676e-03 3.683712654e-02 9.568372297e+00
5.010020040e+03 6.465867320e+00 4.498317948e+00 4.207235283e+00 4.375709631e-03 3.681032191e-02 9.565258398e+00
5.050100200e+03 6.467107630e+00 4.522824514e+00 4.172371622e+00 4.369285819e-03 3.678424587e-02 9.562148053e+00
5.090180361e+03 6.468341219e+00 4.547187712e+00 4.137723378e+00 4.363038507e-03 3.675889289e-02 9.559041190e+00
5.130260521e+03 6.469567071e+00 4.571408390e+00 4.103290444e+00 4.356966021e-03 3.673425761e-02 9.555937738e+00
5.170340681e+03 6.470784190e+00 4.595487393e+00 4.069072689e+00 4.351066698e-03 3.671033470e-02 9.552837627e+00
5.210420842e+03 6.471991605e+00 4.619425563e+00 4.035069963e+00 4.345338974e-03 3.668711907e-02 9.549740789e+00
5.250501002e+03 6.473188366e+00 4.643223739e+00 4.001282095e+00 4.339781317e-03 3.666460572e-02 9.546647154e+00
5.290581162e+03 6.474373546e+00 4.666882753e+00 3.967708889e+00 4.334392186e-03 3.664278958e-02 9.543556654e+00
5.330661323e+03 6.475546240e+00 4.690403434e+00 3.934350132e+00 4.329170090e-03 3.662166574e-02 9.540469222e+00
5.370741483e+03 6.476705567e+00 4.713786585e+00 3.901205589e+00 4.324113281e-03 3.660122851e-02 9.537384791e+00
5.410821643e+03 6.477850663e+00 4.737033017e+00 3.868275005e+00 4.319220204e-03 3.658147274e-02 9.534303295e+00
5.450901804e+03 6.478980688e+00 4.760143534e+00 3.835558104e+00 4.314489258e-03 3.656239314e-02 9.531224668e+00
5.490981964e+03 6.480094821e+00 4.783118964e+00 3.803054592e+00 4.309919094e-03 3.654398512e-02 9.528148844e+00
5.531062124e+03 6.481192263e+00 4.805960123e+00 3.770764155e+00 4.305508409e-03 3.652624423e-02 9.525075760e+00
5.571142285e+03 6.482272232e+00 4.828667839e+00 3.738686461e+00 4.301256707e-03 3.650916830e-02 9.522005351e+00
5.611222445e+03 6.483333966e+00 4.851242933e+00 3.706821156e+00 4.297163219e-03 3.649275435e-02 9.518937553e+00
5.651302605e+03 6.484376731e+00 4.873686061e+00 3.675167871e+00 4.293223575e-03 3.647698920e-02 9.515872303e+00
5.691382766e+03 6.485399801e+00 4.895998108e+00 3.643726218e+00 4.289438515e-03 3.646187406e-02 9.512809540e+00
5.731462926e+03 6.486402479e+00 4.918179842e+00 3.612495790e+00 4.285806363e-03 3.644740335e-02 9.509749200e+00
5.771543086e+03 6.487384079e+00 4.940232048e+00 3.581476163e+00 4.282325891e-03 3.643357279e-02 9.506691223e+00
5.811623246e+03 6.488343937e+00 4.962155506e+00 3.550666894e+00 4.278995840e-03 3.642037794e-02 9.503635548e+00
5.851703407e+03 6.489281407e+00 4.983950990e+00 3.520067526e+00 4.275814985e-03 3.640781445e-02 9.500582114e+00
5.891783567e+03 6.490195862e+00 5.005619273e+00 3.489677582e+00 4.272782132e-03 3.639587806e-02 9.497530862e+00
5.931863727e+03 6.491086684e+00 5.027161126e+00 3.459496577e+00 4.269896093e-03 3.638456454e-02 9.494481731e+00
5.971943888e+03 6.491953281e+00 5.048577314e+00 3.429524004e+00 4.267155713e-03 3.637386973e-02 9.491434662e+00
6.012024048e+03 6.492795073e+00 5.069868601e+00 3.399759341e+00 4.264559857e-03 3.636378952e-02 9.488389598e+00
6.052104208e+03 6.493611502e+00 5.091035747e+00 3.370202049e+00 4.262107412e-03 3.635431986e-02 9.485346481e+00
6.092184369e+03 6.494402015e+00 5.112079510e+00 3.340851582e+00 4.259797276e-03 3.634545672e-02 9.482305252e+00
6.132264529e+03 6.495166086e+00 5.133000643e+00 3.311707373e+00 4.257628372e-03 3.633719613e-02 9.479265854e+00
6.172344689e+03 6.495903211e+00 5.153799893e+00 3.282768834e+00 4.255599655e-03 3.632953419e-02 9.476228231e+00
6.212424850e+03 6.496612889e+00 5.174478014e+00 3.254035369e+00 4.253710080e-03 3.632246703e-02 9.473192326e+00
6.252505010e+03 6.497294647e+00 5.195035749e+00 3.225506363e+00 4.251958639e-03 3.631599084e-02 9.470158084e+00
6.292585170e+03 6.497948020e+00 5.215473831e+00 3.197181194e+00 4.250344337e-03 3.631010188e-02 9.467125450e+00
6.332665331e+03 6.498572558e+00 5.235793004e+00 3.169059223e+00 4.248866191e-03 3.630479642e-02 9.464094369e+00
6.372745491e+03 6.499167819e+00 5.255994019e+00 3.141139802e+00 4.247523220e-03 3.630007069e-02 9.461064786e+00
6.412825651e+03 6.499733386e+00 5.276077595e+00 3.113422268e+00 4.246314494e-03 3.629592115e-02 9.458036647e+00
6.452905812e+03 6.500268864e+00 5.296044435e+00 3.085905946e+00 4.245239112e-03 3.629234431e-02 9.455009898e+00
6.492985972e+03 6.500773847e+00 5.315895300e+00 3.058590150e+00 4.244296131e-03 3.628933650e-02 9.451984486e+00
6.533066132e+03 6.501247941e+00 5.335630948e+00 3.031474179e+00 4.243484623e-03 3.628689409e-02 9.448960359e+00
6.573146293e+03 6.501690792e+00 5.355252079e+00 3.004557323e+00 4.242803733e-03 3.628501372e-02 9.445937463e+00
6.613226453e+03 6.502102066e+00 5.374759367e+00 2.977838859e+00 4.242252662e-03 3.628369221e-02 9.442915747e+00
6.653306613e+03 6.502481423e+00 5.394153531e+00 2.951318054e+00 4.241830569e-03 3.628292622e-02 9.439895159e+00
6.693386774e+03 6.502828515e+00 5.413435341e+00 2.924994165e+00 4.241536561e-03 3.628271217e-02 9.436875648e+00
6.733466934e+03 6.503143036e+00 5.432605488e+00 2.898866436e+00 4.241369861e-03 3.628304690e-02 9.433857162e+00
6.773547094e+03 6.503424692e+00 5.451664666e+00 2.872934103e+00 4.241329685e-03 3.628392723e-02 9.430839651e+00
6.813627255e+03 6.503673190e+00 5.470613592e+00 2.847196392e+00 4.241415247e-03 3.628534995e-02 9.427823066e+00
6.853707415e+03 6.503888254e+00 5.489452969e+00 2.821652518e+00 4.241625786e-03 3.628731193e-02 9.424807355e+00
6.893787575e+03 6.504069619e+00 5.508183496e+00 2.796301689e+00 4.241960559e-03 3.628981008e-02 9.421792470e+00
6.933867735e+03 6.504217032e+00 5.526805872e+00 2.771143101e+00 4.242418837e-03 3.629284135e-02 9.418778362e+00
6.973947896e+03 6.504330251e+00 5.545320793e+00 2.746175943e+00 4.242999904e-03 3.629640274e-02 9.415764981e+00
7.014028056e+03 6.504409045e+00 5.563728951e+00 2.721399395e+00 4.243703060e-03 3.630049127e-02 9.412752279e+00
7.054108216e+03 6.504453195e+00 5.582031037e+00 2.696812629e+00 4.244527621e-03 3.630510403e-02 9.409740208e+00
7.094188377e+03 6.504462491e+00 5.600227738e+00 2.672414809e+00 4.245472914e-03 3.631023813e-02 9.406728721e+00
7.134268537e+03 6.504436735e+00 5.618319740e+00 2.648205089e+00 4.246538282e-03 3.631589073e-02 9.403717769e+00
7.174348697e+03 6.504375738e+00 5.636307725e+00 2.624182620e+00 4.247723085e-03 3.632205901e-02 9.400707306e+00
7.214428858e+03 6.504279322e+00 5.654192374e+00 2.600346542e+00 4.249026691e-03 3.632874023e-02 9.397697285e+00
7.254509018e+03 6.504147320e+00 5.671974362e+00 2.576695990e+00 4.250448487e-03 3.633593166e-02 9.394687659e+00
7.294589178e+03 6.503979573e+00 5.689654366e+00 2.553230089e+00 4.251987874e-03 3.634363061e-02 9.391678382e+00
7.334669339e+03 6.503775932e+00 5.707233055e+00 2.529947962e+00 4.253644261e-03 3.635183445e-02 9.388669408e+00
7.374749499e+03 6.503536257e+00 5.724711101e+00 2.506848724e+00 4.255417075e-03 3.636054056e-02 9.385660691e+00
7.414829659e+03 6.503260421e+00 5.742089169e+00 2.483931479e+00 4.257305757e-03 3.636974638e-02 9.382652187e+00
7.454909820e+03 6.502948301e+00 5.759367923e+00 2.461195330e+00 4.259309759e-03 3.637944938e-02 9.379643850e+00
7.494989980e+03 6.502599784e+00 5.776548024e+00 2.438639379e+00 4.261428543e-03 3.638964707e-02 9.376635636e+00
7.535070140e+03 6.502214769e+00 5.793630132e+00 2.416262711e+00 4.263661589e-03 3.640033700e-02 9.373627499e+00
7.575150301e+03 6.501793162e+00 5.810614901e+00 2.394064412e+00 4.266008390e-03 3.641151675e-02 9.370619397e+00
7.615230461e+03 6.501334872e+00 5.827502985e+00 2.372043569e+00 4.268468443e-03 3.642318394e-02 9.367611284e+00
7.655310621e+03 6.500839824e+00 5.844295034e+00 2.350199254e+00 4.271041266e-03 3.643533624e-02 9.364603117e+00
7.695390782e+03 6.500307948e+00 5.860991696e+00 2.328530537e+00 4.273726387e-03 3.644797132e-02 9.361594854e+00
7.735470942e+03 6.499739179e+00 5.877593616e+00 2.307036491e+00 4.276523344e-03 3.646108693e-02 9.358586450e+00
7.775551102e+03 6.499133463e+00 5.894101435e+00 2.285716177e+00 4.279431689e-03 3.647468084e-02 9.355577863e+00
7.815631263e+03 6.498490754e+00 5.910515795e+00 2.264568653e+00 4.282450986e-03 3.648875084e-02 9.352569051e+00
7.855711423e+03 6.497811011e+00 5.926837330e+00 2.243592976e+00 4.285580809e-03 3.650329477e-02 9.349559971e+00
7.895791583e+03 6.497094199e+00 5.943066676e+00 2.222788201e+00 4.288820743e-03 3.651831051e-02 9.346550581e+00
7.935871743e+03 6.496340295e+00 5.959204464e+00 2.202153375e+00 4.292170390e-03 3.653379597e-02 9.343540838e+00
7.975951904e+03 6.495549281e+00 5.975251321e+00 2.181687543e+00 4.295629358e-03 3.654974909e-02 9.340530703e+00
8.016032064e+03 6.494721140e+00 5.991207873e+00 2.161389752e+00 4.299197266e-03 3.656616785e-02 9.337520132e+00
8.056112224e+03 6.493855869e+00 6.007074744e+00 2.141259041e+00 4.302873748e-03 3.658305026e-02 9.334509086e+00
8.096192385e+03 6.492953471e+00 6.022852553e+00 2.121294445e+00 4.306658448e-03 3.660039437e-02 9.331497522e+00
8.136272545e+03 6.492013949e+00 6.038541917e+00 2.101495004e+00 4.310551018e-03 3.661819827e-02 9.328485401e+00
8.176352705e+03 6.491037317e+00 6.054143451e+00 2.081859752e+00 4.314551123e-03 3.663646005e-02 9.325472682e+00
8.216432866e+03 6.490023598e+00 6.069657766e+00 2.062387716e+00 4.318658440e-03 3.665517789e-02 9.322459325e+00
8.256513026e+03 6.488972814e+00 6.085085471e+00 2.043077929e+00 4.322872656e-03 3.667434995e-02 9.319445289e+00
8.296593186e+03 6.487884995e+00 6.100427170e+00 2.023929420e+00 4.327193465e-03 3.669397444e-02 9.316430535e+00
8.336673347e+03 6.486760180e+00 6.115683468e+00 2.004941213e+00 4.331620577e-03 3.671404963e-02 9.313415024e+00
8.376753507e+03 6.485598410e+00 6.130854965e+00 1.986112335e+00 4.336153710e-03 3.673457378e-02 9.310398715e+00
8.416833667e+03 6.484399733e+00 6.145942256e+00 1.967441810e+00 4.340792592e-03 3.675554521e-02 9.307381570e+00
8.456913828e+03 6.483164201e+00 6.160945937e+00 1.948928661e+00 4.345536960e-03 3.677696226e-02 9.304363550e+00
8.496993988e+03 6.481891870e+00 6.175866598e+00 1.930571912e+00 4.350386563e-03 3.679882331e-02 9.301344615e+00
8.537074148e+03 6.480582803e+00 6.190704828e+00 1.912370586e+00 4.355341158e-03 3.682112676e-02 9.298324727e+00
8.577154309e+03 6.479237069e+00 6.205461212e+00 1.894323702e+00 4.360400518e-03 3.684387107e-02 9.295303849e+00
8.617234469e+03 6.477854738e+00 6.220136333e+00 1.876430285e+00 4.365564417e-03 3.686705469e-02 9.292281940e+00
8.657314629e+03 6.476435885e+00 6.234730769e+00 1.858689355e+00 4.370832644e-03 3.689067613e-02 9.289258964e+00
8.697394790e+03 6.474980592e+00 6.249245098e+00 1.841099934e+00 4.376204999e-03 3.691473392e-02 9.286234883e+00
8.737474950e+03 6.473488946e+00 6.263679893e+00 1.823661042e+00 4.381681289e-03 3.693922664e-02 9.283209658e+00
8.777555110e+03 6.471961034e+00 6.278035724e+00 1.806371702e+00 4.387261333e-03 3.696415287e-02 9.280183253e+00
8.817635271e+03 6.470396951e+00 6.292313159e+00 1.789230936e+00 4.392944957e-03 3.698951125e-02 9.277155630e+00
8.857715431e+03 6.468796794e+00 6.306512763e+00 1.772237766e+00 4.398731999e-03 3.701530043e-02 9.274126751e+00
8.897795591e+03 6.467160665e+00 6.320635096e+00 1.755391215e+00 4.404622305e-03 3.704151910e-02 9.271096579e+00
8.937875752e+03 6.465488671e+00 6.334680718e+00 1.738690307e+00 4.410615731e-03 3.706816597e-02 9.268065079e+00
8.977955912e+03 6.463780919e+00 6.348650183e+00 1.722134065e+00 4.416712142e-03 3.709523981e-02 9.265032212e+00
9.018036072e+03 6.462037523e+00 6.362544044e+00 1.705721517e+00 4.422911412e-03 3.712273936e-02 9.261997943e+00
9.058116232e+03 6.460258599e+00 6.376362851e+00 1.689451689e+00 4.429213424e-03 3.715066346e-02 9.258962235e+00
9.098196393e+03 6.458444267e+00 6.390107150e+00 1.673323609e+00 4.435618072e-03 3.717901092e-02 9.255925051e+00
9.138276553e+03 6.456594650e+00 6.403777483e+00 1.657336307e+00 4.442125256e-03 3.720778062e-02 9.252886356e+00
9.178356713e+03 6.454709873e+00 6.417374392e+00 1.641488813e+00 4.448734888e-03 3.723697146e-02 9.249846114e+00
9.218436874e+03 6.452790067e+00 6.430898413e+00 1.625780162e+00 4.455446887e-03 3.726658234e-02 9.246804288e+00
9.258517034e+03 6.450835363e+00 6.444350080e+00 1.610209387e+00 4.462261181e-03 3.729661222e-02 9.243760843e+00
9.298597194e+03 6.448845896e+00 6.457729925e+00 1.594775524e+00 4.469177709e-03 3.732706010e-02 9.240715744e+00
9.338677355e+03 6.446821805e+00 6.471038474e+00 1.579477612e+00 4.476196418e-03 3.735792496e-02 9.237668954e+00
9.378757515e+03 6.444763230e+00 6.484276254e+00 1.564314692e+00 4.483317263e-03 3.738920587e-02 9.234620439e+00
9.418837675e+03 6.442670314e+00 6.497443785e+00 1.549285805e+00 4.490540208e-03 3.742090187e-02 9.231570163e+00
9.458917836e+03 6.440543203e+00 6.510541587e+00 1.534389997e+00 4.497865228e-03 3.745301208e-02 9.228518092e+00
9.498997996e+03 6.438382045e+00 6.523570174e+00 1.519626315e+00 4.505292304e-03 3.748553560e-02 9.225464190e+00
9.539078156e+03 6.436186992e+00 6.536530060e+00 1.504993808e+00 4.512821427e-03 3.751847160e-02 9.222408423e+00
9.579158317e+03 6.433958196e+00 6.549421753e+00 1.490491527e+00 4.520452597e-03 3.755181924e-02 9.219350755e+00
9.619238477e+03 6.431695813e+00 6.562245759e+00 1.476118528e+00 4.528185821e-03 3.758557775e-02 9.216291152e+00
9.659318637e+03 6.429400000e+00 6.575002583e+00 1.461873868e+00 4.536021117e-03 3.761974635e-02 9.213229580e+00
9.699398798e+03 6.427070917e+00 6.587692723e+00 1.447756606e+00 4.543958511e-03 3.765432431e-02 9.210166005e+00
9.739478958e+03 6.424708725e+00 6.600316677e+00 1.433765806e+00 4.551998035e-03 3.768931091e-02 9.207100391e+00
9.779559118e+03 6.422313588e+00 6.612874938e+00 1.419900532e+00 4.560139733e-03 3.772470547e-02 9.204032705e+00
9.819639279e+03 6.419885671e+00 6.625367997e+00 1.406159855e+00 4.568383655e-03 3.776050735e-02 9.200962912e+00
9.859719439e+03 6.417425141e+00 6.637796341e+00 1.392542845e+00 4.576729862e-03 3.779671590e-02 9.197890979e+00
9.899799599e+03 6.414932167e+00 6.650160455e+00 1.379048578e+00 4.585178421e-03 3.783333054e-02 9.194816872e+00
9.939879760e+03 6.412406920e+00 6.662460820e+00 1.365676132e+00 4.593729409e-03 3.787035068e-02 9.191740556e+00
9.979959920e+03 6.409849572e+00 6.674697914e+00 1.352424587e+00 4.602382911e-03 3.790777578e-02 9.188661999e+00
1.002004008e+04 6.407260296e+00 6.686872213e+00 1.339293030e+00 4.611139021e-03 3.794560532e-02 9.185581166e+00
1.006012024e+04 6.404639267e+00 6.698984187e+00 1.326280548e+00 4.619997840e-03 3.798383880e-02 9.182498024e+00
1.010020040e+04 6.401986662e+00 6.711034307e+00 1.313386233e+00 4.628959478e-03 3.802247576e-02 9.179412539e+00
1.014028056e+04 6.399302658e+00 6.723023037e+00 1.300609180e+00 4.638024056e-03 3.806151577e-02 9.176324678e+00
1.018036072e+04 6.396587435e+00 6.734950840e+00 1.287948488e+00 4.647191700e-03 3.810095840e-02 9.173234408e+00
1.022044088e+04 6.393841172e+00 6.746818175e+00 1.275403260e+00 4.656462546e-03 3.814080328e-02 9.170141695e+00
1.026052104e+04 6.391064052e+00 6.758625500e+00 1.262972601e+00 4.665836737e-03 3.818105003e-02 9.167046506e+00
1.030060120e+04 6.388256256e+00 6.770373267e+00 1.250655623e+00 4.675314426e-03 3.822169834e-02 9.163948808e+00
1.034068136e+04 6.385417967e+00 6.782061926e+00 1.238451437e+00 4.684895775e-03 3.826274788e-02 9.160848568e+00
1.038076152e+04 6.382549371e+00 6.793691924e+00 1.226359163e+00 4.694580951e-03 3.830419839e-02 9.157745754e+00
1.042084168e+04 6.379650652e+00 6.805263706e+00 1.214377921e+00 4.704370133e-03 3.834604960e-02 9.154640331e+00
1.046092184e+04 6.376721996e+00 6.816777711e+00 1.202506838e+00 4.714263506e-03 3.838830130e-02 9.151532267e+00
1.050100200e+04 6.373763591e+00 6.828234379e+00 1.190745042e+00 4.724261266e-03 3.843095327e-02 9.148421529e+00
1.054108216e+04 6.370775624e+00 6.839634143e+00 1.179091667e+00 4.734363617e-03 3.847400534e-02 9.145308085e+00
1.058116232e+04 6.367758285e+00 6.850977436e+00 1.167545851e+00 4.744570769e-03 3.851745737e-02 9.142191902e+00
1.062124248e+04 6.364711762e+00 6.862264685e+00 1.156106736e+00 4.754882942e-03 3.856130922e-02 9.139072947e+00
1.066132265e+04 6.361636244e+00 6.873496316e+00 1.144773467e+00 4.765300365e-03 3.860556081e-02 9.135951187e+00
1.070140281e+04 6.358531923e+00 6.884672751e+00 1.133545194e+00 4.775823273e-03 3.865021206e-02 9.132826591e+00
1.074148297e+04 6.355398989e+00 6.895794411e+00 1.122421072e+00 4.786451912e-03 3.869526292e-02 9.129699124e+00
1.078156313e+04 6.352237634e+00 6.906861711e+00 1.111400260e+00 4.797186536e-03 3.874071337e-02 9.126568756e+00
1.082164329e+04 6.349048048e+00 6.917875064e+00 1.100481920e+00 4.808027405e-03 3.878656343e-02 9.123435453e+00
1.086172345e+04 6.345830425e+00 6.928834880e+00 1.089665219e+00 4.818974792e-03 3.883281312e-02 9.120299182e+00
1.090180361e+04 6.342584957e+00 6.939741568e+00 1.078949330e+00 4.830028974e-03 3.887946250e-02 9.117159913e+00
1.094188377e+04 6.339311836e+00 6.950595530e+00 1.068333428e+00 4.841190239e-03 3.892651165e-02 9.114017611e+00
1.098196393e+04 6.336011256e+00 6.961397168e+00 1.057816693e+00 4.852458882e-03 3.897396069e-02 9.110872245e+00
1.102204409e+04 6.332683410e+00 6.972146881e+00 1.047398311e+00 4.863835209e-03 3.902180975e-02 9.107723783e+00
1.106212425e+04 6.329328492e+00 6.982845063e+00 1.037077470e+00 4.875319533e-03 3.907005899e-02 9.104572192e+00
1.110220441e+04 6.325946695e+00 6.993492106e+00 1.026853365e+00 4.886912176e-03 3.911870860e-02 9.101417439e+00
1.114228457e+04 6.322538213e+00 7.004088400e+00 1.016725193e+00 4.898613469e-03 3.916775879e-02 9.098259494e+00
1.118236473e+04 6.319103240e+00 7.014634330e+00 1.006692158e+00 4.910423750e-03 3.921720981e-02 9.095098323e+00
1.122244489e+04 6.315641970e+00 7.025130281e+00 9.967534674e-01 4.922343368e-03 3.926706191e-02 9.091933893e+00
1.126252505e+04 6.312154596e+00 7.035576631e+00 9.869083321e-01 4.934372680e-03 3.931731539e-02 9.088766174e+00
1.130260521e+04 6.308641314e+00 7.045973759e+00 9.771559691e-01 4.946512052e-03 3.936797057e-02 9.085595133e+00
1.134268537e+04 6.305102315e+00 7.056322039e+00 9.674955998e-01 4.958761857e-03 3.941902779e-02 9.082420737e+00
1.138276553e+04 6.301537795e+00 7.066621842e+00 9.579264498e-01 4.971122479e-03 3.947048741e-02 9.079242954e+00
1.142284569e+04 6.297947947e+00 7.076873537e+00 9.484477490e-01 4.983594310e-03 3.952234984e-02 9.076061753e+00
1.146292585e+04 6.294332965e+00 7.087077489e+00 9.390587326e-01 4.996177750e-03 3.957461549e-02 9.072877100e+00
1.150300601e+04 6.290693041e+00 7.097234061e+00 9.297586404e-01 5.008873210e-03 3.962728481e-02 9.069688965e+00
1.154308617e+04 6.287028369e+00 7.107343613e+00 9.205467166e-01 5.021681109e-03 3.968035827e-02 9.066497313e+00
1.158316633e+04 6.283339142e+00 7.117406502e+00 9.114222102e-01 5.034601873e-03 3.973383637e-02 9.063302114e+00
1.162324649e+04 6.279625553e+00 7.127423081e+00 9.023843744e-01 5.047635941e-03 3.978771964e-02 9.060103335e+00
1.166332665e+04 6.275887793e+00 7.137393702e+00 8.934324679e-01 5.060783759e-03 3.984200863e-02 9.056900944e+00
1.170340681e+04 6.272126056e+00 7.147318713e+00 8.845657536e-01 5.074045781e-03 3.989670391e-02 9.053694909e+00
1.174348697e+04 6.268340532e+00 7.157198461e+00 8.757834993e-01 5.087422471e-03 3.995180608e-02 9.050485197e+00
1.178356713e+04 6.264531413e+00 7.167033286e+00 8.670849770e-01 5.100914305e-03 4.000731579e-02 9.047271776e+00
1.182364729e+04 6.260698891e+00 7.176823530e+00 8.584694638e-01 5.114521766e-03 4.006323367e-02 9.044054613e+00
1.186372745e+04 6.256843155e+00 7.186569529e+00 8.499362418e-01 5.128245346e-03 4.011956043e-02 9.040833678e+00
1.190380762e+04 6.252964396e+00 7.196271618e+00 8.414845973e-01 5.142085546e-03 4.017629676e-02 9.037608936e+00
1.194388778e+04 6.249062803e+00 7.205930127e+00 8.331138215e-01 5.156042879e-03 4.023344340e-02 9.034380356e+00
1.198396794e+04 6.245138566e+00 7.215545387e+00 8.248232101e-01 5.170117867e-03 4.029100112e-02 9.031147905e+00
1.202404810e+04 6.241191874e+00 7.225117722e+00 8.166120638e-01 5.184311038e-03 4.034897070e-02 9.027911551e+00
1.206412826e+04 6.237222914e+00 7.234647456e+00 8.084796880e-01 5.198622935e-03 4.040735296e-02 9.024671261e+00
1.210420842e+04 6.233231875e+00 7.244134909e+00 8.004253926e-01 5.213054107e-03 4.046614874e-02 9.021427004e+00
1.214428858e+04 6.229218944e+00 7.253580400e+00 7.924484922e-01 5.227605114e-03 4.052535891e-02 9.018178745e+00
1.218436874e+04 6.225184307e+00 7.262984243e+00 7.845483062e-01 5.242276526e-03 4.058498437e-02 9.014926454e+00
1.222444890e+04 6.221128150e+00 7.272346750e+00 7.767241586e-01 5.257068923e-03 4.064502604e-02 9.011670096e+00
1.226452906e+04 6.217050658e+00 7.281668232e+00 7.689753782e-01 5.271982894e-03 4.070548487e-02 9.008409640e+00
1.230460922e+04 6.212952017e+00 7.290948995e+00 7.613012987e-01 5.287019039e-03 4.076636183e-02 9.005145053e+00
1.234468938e+04 6.208832410e+00 7.300189343e+00 7.537012576e-01 5.302177970e-03 4.082765795e-02 9.001876302e+00
1.238476954e+04 6.204692022e+00 7.309389579e+00 7.461745980e-01 5.317460305e-03 4.088937424e-02 8.998603354e+00
1.242484970e+04 6.200531034e+00 7.318550001e+00 7.387206672e-01 5.332866675e-03 4.095151177e-02 8.995326176e+00
1.246492986e+04 6.196349629e+00 7.327670906e+00 7.313388175e-01 5.348397721e-03 4.101407162e-02 8.992044735e+00
1.250501002e+04 6.192147989e+00 7.336752588e+00 7.240284054e-01 5.364054095e-03 4.107705492e-02 8.988758999e+00
1.254509018e+04 6.187926293e+00 7.345795338e+00 7.167887920e-01 5.379836459e-03 4.114046281e-02 8.985468934e+00
1.258517034e+04 6.183684723e+00 7.354799445e+00 7.096193435e-01 5.395745487e-03 4.120429645e-02 8.982174507e+00
1.262525050e+04 6.179423457e+00 7.363765194e+00 7.025194305e-01 5.411781860e-03 4.126855705e-02 8.978875685e+00
1.266533066e+04 6.175142674e+00 7.372692870e+00 6.954884281e-01 5.427946274e-03 4.133324583e-02 8.975572434e+00
1.270541082e+04 6.170842552e+00 7.381582753e+00 6.885257158e-01 5.444239435e-03 4.139836406e-02 8.972264722e+00
1.274549098e+04 6.166523268e+00 7.390435122e+00 6.816306781e-01 5.460662057e-03 4.146391302e-02 8.968952516e+00
1.278557114e+04 6.162184997e+00 7.399250253e+00 6.748027037e-01 5.477214870e-03 4.152989402e-02 8.965635780e+00
1.282565130e+04 6.157827915e+00 7.408028420e+00 6.680411863e-01 5.493898610e-03 4.159630840e-02 8.962314483e+00
1.286573146e+04 6.153452197e+00 7.416769893e+00 6.613455237e-01 5.510714029e-03 4.166315754e-02 8.958988589e+00
1.290581162e+04 6.149058017e+00 7.425474942e+00 6.547151181e-01 5.527661888e-03 4.173044285e-02 8.955658067e+00
1.294589178e+04 6.144645547e+00 7.434143831e+00 6.481493768e-01 5.544742959e-03 4.179816573e-02 8.952322881e+00
1.298597194e+04 6.140214960e+00 7.442776826e+00 6.416477111e-01 5.561958027e-03 4.186632767e-02 8.948982998e+00
1.302605210e+04 6.135766427e+00 7.451374187e+00 6.352095371e-01 5.579307887e-03 4.193493014e-02 8.945638384e+00
1.306613226e+04 6.131300118e+00 7.459936172e+00 6.288342750e-01 5.596793348e-03 4.200397467e-02 8.942289005e+00
1.310621242e+04 6.126816203e+00 7.468463039e+00 6.225213496e-01 5.614415230e-03 4.207346281e-02 8.938934827e+00
1.314629259e+04 6.122314851e+00 7.476955042e+00 6.162701903e-01 5.632174365e-03 4.214339613e-02 8.935575815e+00
1.318637275e+04 6.117796229e+00 7.485412432e+00 6.100802308e-01 5.650071596e-03 4.221377624e-02 8.932211935e+00
1.322645291e+04 6.113260504e+00 7.493835459e+00 6.039509092e-01 5.668107781e-03 4.228460479e-02 8.928843153e+00
1.326653307e+04 6.108707842e+00 7.502224368e+00 5.978816680e-01 5.686283787e-03 4.235588344e-02 8.925469434e+00
1.330661323e+04 6.104138409e+00 7.510579407e+00 5.918719536e-01 5.704600498e-03 4.242761390e-02 8.922090744e+00
1.334669339e+04 6.099552368e+00 7.518900815e+00 5.859212175e-01 5.723058807e-03 4.249979790e-02 8.918707047e+00
1.338677355e+04 6.094949883e+00 7.527188835e+00 5.800289151e-01 5.741659621e-03 4.257243720e-02 8.915318308e+00
1.342685371e+04 6.090331117e+00 7.535443702e+00 5.741945062e-01 5.760403859e-03 4.264553360e-02 8.911924494e+00
1.346693387e+04 6.085696230e+00 7.543665654e+00 5.684174549e-01 5.779292454e-03 4.271908892e-02 8.908525568e+00
1.350701403e+04 6.081045383e+00 7.551854923e+00 5.626972293e-01 5.798326355e-03 4.279310503e-02 8.905121495e+00
1.354709419e+04 6.076378737e+00 7.560011739e+00 5.570333021e-01 5.817506518e-03 4.286758382e-02 8.901712240e+00
1.358717435e+04 6.071696449e+00 7.568136333e+00 5.514251502e-01 5.836833919e-03 4.294252721e-02 8.898297768e+00
1.362725451e+04 6.066998678e+00 7.576228930e+00 5.458722545e-01 5.856309542e-03 4.301793716e-02 8.894878043e+00
1.366733467e+04 6.062285579e+00 7.584289755e+00 5.403741003e-01 5.875934388e-03 4.309381565e-02 8.891453029e+00
1.370741483e+04 6.057557310e+00 7.592319029e+00 5.349301766e-01 5.895709474e-03 4.317016471e-02 8.888022690e+00
1.374749499e+04 6.052814024e+00 7.600316974e+00 5.295399773e-01 5.915635825e-03 4.324698639e-02 8.884586990e+00
1.378757515e+04 6.048055876e+00 7.608283806e+00 5.242029998e-01 5.935714486e-03 4.332428279e-02 8.881145894e+00
1.382765531e+04 6.043283019e+00 7.616219742e+00 5.189187460e-01 5.955946511e-03 4.340205603e-02 8.877699364e+00
1.386773547e+04 6.038495604e+00 7.624124995e+00 5.136867216e-01 5.976332975e-03 4.348030825e-02 8.874247365e+00
1.390781563e+04 6.033693783e+00 7.631999776e+00 5.085064365e-01 5.996874963e-03 4.355904167e-02 8.870789859e+00
1.394789579e+04 6.028877706e+00 7.639844295e+00 5.033774045e-01 6.017573577e-03 4.363825849e-02 8.867326811e+00
1.398797595e+04 6.024047522e+00 7.647658759e+00 4.982991437e-01 6.038429932e-03 4.371796099e-02 8.863858182e+00
1.402805611e+04 6.019203380e+00 7.655443373e+00 4.932711760e-01 6.059445159e-03 4.379815146e-02 8.860383937e+00
1.406813627e+04 6.014345425e+00 7.663198340e+00 4.882930273e-01 6.080620407e-03 4.387883223e-02 8.856904038e+00
1.410821643e+04 6.009473805e+00 7.670923861e+00 4.833642274e-01 6.101956838e-03 4.396000567e-02 8.853418447e+00
1.414829659e+04 6.004588664e+00 7.678620136e+00 4.784843102e-01 6.123455630e-03 4.404167419e-02 8.849927127e+00
1.418837675e+04 5.999690147e+00 7.686287362e+00 4.736528133e-01 6.145117977e-03 4.412384022e-02 8.846430041e+00
1.422845691e+04 5.994778397e+00 7.693925732e+00 4.688692783e-01 6.166945090e-03 4.420650624e-02 8.842927151e+00
1.426853707e+04 5.989853556e+00 7.701535442e+00 4.641332508e-01 6.188938194e-03 4.428967477e-02 8.839418418e+00
1.430861723e+04 5.984915766e+00 7.709116680e+00 4.594442799e-01 6.211098536e-03 4.437334835e-02 8.835903804e+00
1.434869739e+04 5.979965166e+00 7.716669637e+00 4.548019187e-01 6.233427374e-03 4.445752959e-02 8.832383271e+00
1.438877756e+04 5.975001897e+00 7.724194499e+00 4.502057243e-01 6.255925985e-03 4.454222110e-02 8.828856781e+00
1.442885772e+04 5.970026096e+00 7.731691453e+00 4.456552573e-01 6.278595663e-03 4.462742555e-02 8.825324294e+00
1.446893788e+04 5.965037901e+00 7.739160680e+00 4.411500821e-01 6.301437720e-03 4.471314565e-02 8.821785772e+00
1.450901804e+04 5.960037449e+00 7.746602362e+00 4.366897669e-01 6.324453486e-03 4.479938414e-02 8.818241176e+00
1.454909820e+04 5.955024874e+00 7.754016679e+00 4.322738835e-01 6.347644308e-03 4.488614380e-02 8.814690466e+00
1.458917836e+04 5.950000310e+00 7.761403808e+00 4.279020074e-01 6.371011551e-03 4.497342747e-02 8.811133604e+00
1.462925852e+04 5.944963892e+00 7.768763925e+00 4.235737180e-01 6.394556597e-03 4.506123799e-02 8.807570548e+00
1.466933868e+04 5.939915752e+00 7.776097204e+00 4.192885981e-01 6.418280849e-03 4.514957828e-02 8.804001259e+00
1.470941884e+04 5.934856021e+00 7.783403817e+00 4.150462340e-01 6.442185729e-03 4.523845129e-02 8.800425698e+00
1.474949900e+04 5.929784830e+00 7.790683933e+00 4.108462158e-01 6.466272676e-03 4.532786000e-02 8.796843824e+00
1.478957916e+04 5.924702308e+00 7.797937722e+00 4.066881371e-01 6.490543147e-03 4.541780744e-02 8.793255596e+00
1.482965932e+04 5.919608584e+00 7.805165349e+00 4.025715952e-01 6.514998622e-03 4.550829668e-02 8.789660974e+00
1.486973948e+04 5.914503785e+00 7.812366979e+00 3.984961906e-01 6.539640598e-03 4.559933084e-02 8.786059916e+00
1.490981964e+04 5.909388037e+00 7.819542776e+00 3.944615275e-01 6.564470596e-03 4.569091307e-02 8.782452382e+00
1.494989980e+04 5.904261467e+00 7.826692900e+00 3.904672135e-01 6.589490152e-03 4.578304658e-02 8.778838331e+00
1.498997996e+04 5.899124199e+00 7.833817510e+00 3.865128598e-01 6.614700825e-03 4.587573461e-02 8.775217719e+00
1.503006012e+04 5.893976357e+00 7.840916765e+00 3.825980808e-01 6.640104194e-03 4.596898045e-02 8.771590507e+00
1.507014028e+04 5.888818062e+00 7.847990821e+00 3.787224945e-01 6.665701860e-03 4.606278743e-02 8.767956650e+00
1.511022044e+04 5.883649438e+00 7.855039830e+00 3.748857221e-01 6.691495447e-03 4.615715894e-02 8.764316109e+00
1.515030060e+04 5.878470604e+00 7.862063947e+00 3.710873883e-01 6.717486599e-03 4.625209841e-02 8.760668838e+00
1.519038076e+04 5.873281681e+00 7.869063322e+00 3.673271210e-01 6.743676980e-03 4.634760930e-02 8.757014797e+00
1.523046092e+04 5.868082787e+00 7.876038103e+00 3.636045516e-01 6.770068278e-03 4.644369514e-02 8.753353942e+00
1.527054108e+04 5.862874040e+00 7.882988439e+00 3.599193147e-01 6.796662203e-03 4.654035950e-02 8.749686229e+00
1.531062124e+04 5.857655557e+00 7.889914475e+00 3.562710479e-01 6.823460492e-03 4.663760599e-02 8.746011615e+00
1.535070140e+04 5.852427453e+00 7.896816354e+00 3.526593926e-01 6.850464901e-03 4.673543827e-02 8.742330056e+00
1.539078156e+04 5.847189845e+00 7.903694221e+00 3.490839928e-01 6.877677209e-03 4.683386007e-02 8.738641508e+00
1.543086172e+04 5.841942845e+00 7.910548215e+00 3.455444962e-01 6.905099219e-03 4.693287514e-02 8.734945926e+00
1.547094188e+04 5.836686568e+00 7.917378476e+00 3.420405533e-01 6.932732758e-03 4.703248729e-02 8.731243267e+00
1.551102204e+04 5.831421124e+00 7.924185141e+00 3.385718180e-01 6.960579681e-03 4.713270040e-02 8.727533485e+00
1.555110220e+04 5.826146626e+00 7.930968347e+00 3.351379473e-01 6.988641868e-03 4.723351838e-02 8.723816535e+00
1.559118236e+04 5.820863183e+00 7.937728227e+00 3.317386010e-01 7.016921220e-03 4.733494519e-02 8.720092371e+00
1.563126253e+04 5.815570906e+00 7.944464915e+00 3.283734423e-01 7.045419664e-03 4.743698487e-02 8.716360948e+00
1.567134269e+04 5.810269901e+00 7.951178543e+00 3.250421375e-01 7.074139153e-03 4.753964147e-02 8.712622219e+00
1.571142285e+04 5.804960277e+00 7.957869240e+00 3.217443556e-01 7.103081667e-03 4.764291912e-02 8.708876139e+00
1.575150301e+04 5.799642140e+00 7.964537133e+00 3.184797689e-01 7.132249216e-03 4.774682202e-02 8.705122661e+00
1.579158317e+04 5.794315595e+00 7.971182351e+00 3.152480525e-01 7.161643838e-03 4.785135441e-02 8.701361737e+00
1.583166333e+04 5.788980749e+00 7.977805018e+00 3.120488848e-01 7.191267591e-03 4.795652057e-02 8.697593320e+00
1.587174349e+04 5.783637703e+00 7.984405258e+00 3.088819466e-01 7.221122565e-03 4.806232485e-02 8.693817364e+00
1.591182365e+04 5.778286561e+00 7.990983193e+00 3.057469220e-01 7.251210876e-03 4.816877167e-02 8.690033819e+00
1.595190381e+04 5.772927425e+00 7.997538945e+00 3.026434980e-01 7.281534671e-03 4.827586547e-02 8.686242639e+00
1.599198397e+04 5.767560397e+00 8.004072631e+00 2.995713644e-01 7.312096130e-03 4.838361081e-02 8.682443773e+00
1.603206413e+04 5.762185575e+00 8.010584371e+00 2.965302138e-01 7.342897460e-03 4.849201225e-02 8.678637174e+00
1.607214429e+04 5.756803059e+00 8.017074280e+00 2.935197416e-01 7.373940894e-03 4.860107445e-02 8.674822793e+00
1.611222445e+04 5.751412948e+00 8.023542474e+00 2.905396462e-01 7.405228696e-03 4.871080210e-02 8.671000578e+00
1.615230461e+04 5.746015338e+00 8.029989066e+00 2.875896285e-01 7.436763163e-03 4.882119997e-02 8.667170482e+00
1.619238477e+04 5.740610328e+00 8.036414167e+00 2.846693925e-01 7.468546621e-03 4.893227289e-02 8.663332454e+00
1.623246493e+04 5.735198011e+00 8.042817890e+00 2.817786447e-01 7.500581442e-03 4.904402577e-02 8.659486442e+00
1.627254509e+04 5.729778483e+00 8.049200343e+00 2.789170945e-01 7.532870012e-03 4.915646354e-02 8.655632396e+00
1.631262525e+04 5.724351837e+00 8.055561633e+00 2.760844538e-01 7.565414755e-03 4.926959124e-02 8.651770265e+00
1.635270541e+04 5.718918168e+00 8.061901869e+00 2.732804373e-01 7.598218131e-03 4.938341396e-02 8.647899998e+00
1.639278557e+04 5.713477566e+00 8.068221154e+00 2.705047623e-01 7.631282630e-03 4.949793683e-02 8.644021541e+00
1.643286573e+04 5.708030122e+00 8.074519593e+00 2.677571488e-01 7.664610780e-03 4.961316508e-02 8.640134843e+00
1.647294589e+04 5.702575929e+00 8.080797287e+00 2.650373194e-01 7.698205151e-03 4.972910403e-02 8.636239850e+00
1.651302605e+04 5.697115074e+00 8.087054339e+00 2.623449993e-01 7.732068334e-03 4.984575901e-02 8.632336511e+00
1.655310621e+04 5.691647646e+00 8.093290847e+00 2.596799162e-01 7.766202961e-03 4.996313546e-02 8.628424770e+00
1.659318637e+04 5.686173733e+00 8.099506910e+00 2.570418004e-01 7.800611703e-03 5.008123887e-02 8.624504575e+00
1.663326653e+04 5.680693423e+00 8.105702626e+00 2.544303847e-01 7.835297264e-03 5.020007482e-02 8.620575870e+00
1.667334669e+04 5.675206800e+00 8.111878090e+00 2.518454046e-01 7.870262393e-03 5.031964895e-02 8.616638601e+00
1.671342685e+04 5.669713952e+00 8.118033397e+00 2.492865978e-01 7.905509882e-03 5.043996701e-02 8.612692713e+00
1.675350701e+04 5.664214961e+00 8.124168640e+00 2.467537046e-01 7.941042547e-03 5.056103477e-02 8.608738149e+00
1.679358717e+04 5.658709911e+00 8.130283912e+00 2.442464679e-01 7.976863248e-03 5.068285811e-02 8.604774855e+00
1.683366733e+04 5.653198886e+00 8.136379303e+00 2.417646326e-01 8.012974888e-03 5.080544297e-02 8.600802773e+00
1.687374749e+04 5.647681966e+00 8.142454903e+00 2.393079465e-01 8.049380408e-03 5.092879538e-02 8.596821847e+00
1.691382766e+04 5.642159234e+00 8.148510798e+00 2.368761595e-01 8.086082797e-03 5.105292145e-02 8.592832018e+00
1.695390782e+04 5.636630768e+00 8.154547077e+00 2.344690240e-01 8.123085082e-03 5.117782739e-02 8.588833230e+00
1.699398798e+04 5.631096649e+00 8.160563824e+00 2.320862946e-01 8.160390329e-03 5.130351943e-02 8.584825424e+00
1.703406814e+04 5.625556956e+00 8.166561124e+00 2.297277284e-01 8.198001650e-03 5.143000395e-02 8.580808541e+00
1.707414830e+04 5.620011764e+00 8.172539059e+00 2.273930847e-01 8.235922198e-03 5.155728737e-02 8.576782522e+00
1.711422846e+04 5.614461153e+00 8.178497712e+00 2.250821250e-01 8.274155173e-03 5.168537621e-02 8.572747308e+00
1.715430862e+04 5.608905198e+00 8.184437167e+00 2.227946133e-01 8.312703855e-03 5.181427711e-02 8.568702837e+00
1.719438878e+04 5.603343974e+00 8.190357501e+00 2.205303159e-01 8.351571524e-03 5.194399676e-02 8.564649050e+00
1.723446894e+04 5.597777557e+00 8.196258794e+00 2.182890009e-01 8.390761522e-03 5.207454193e-02 8.560585885e+00
1.727454910e+04 5.592206020e+00 8.202141124e+00 2.160704389e-01 8.430277242e-03 5.220591952e-02 8.556513281e+00
1.731462926e+04 5.586629436e+00 8.208004566e+00 2.138744028e-01 8.470122123e-03 5.233813648e-02 8.552431175e+00
1.735470942e+04 5.581047877e+00 8.213849197e+00 2.117006674e-01 8.510299654e-03 5.247119987e-02 8.548339505e+00
1.739478958e+04 5.575461414e+00 8.219675085e+00 2.095490100e-01 8.550813364e-03 5.260511683e-02 8.544238207e+00
1.743486974e+04 5.569870118e+00 8.225482305e+00 2.074192098e-01 8.591666846e-03 5.273989463e-02 8.540127218e+00
1.747494990e+04 5.564274059e+00 8.231270929e+00 2.053110480e-01 8.632863739e-03 5.287554059e-02 8.536006474e+00
1.751503006e+04 5.558673305e+00 8.237041027e+00 2.032243082e-01 8.674407733e-03 5.301206215e-02 8.531875909e+00
1.755511022e+04 5.553067926e+00 8.242792667e+00 2.011587758e-01 8.716302570e-03 5.314946686e-02 8.527735458e+00
1.759519038e+04 5.547457989e+00 8.248525918e+00 1.991142385e-01 8.758552075e-03 5.328776237e-02 8.523585055e+00
1.763527054e+04 5.541843560e+00 8.254240849e+00 1.970904861e-01 8.801160131e-03 5.342695650e-02 8.519424634e+00
1.767535070e+04 5.536224706e+00 8.259937524e+00 1.950873100e-01 8.844130637e-03 5.356705706e-02 8.515254127e+00
1.771543086e+04 5.530601492e+00 8.265616008e+00 1.931045041e-01 8.887467569e-03 5.370807201e-02 8.511073467e+00
1.775551102e+04 5.524973982e+00 8.271276365e+00 1.911418639e-01 8.931174962e-03 5.385000943e-02 8.506882586e+00
1.779559118e+04 5.519342240e+00 8.276918658e+00 1.891991871e-01 8.975256912e-03 5.399287749e-02 8.502681415e+00
1.783567134e+04 5.513706330e+00 8.282542947e+00 1.872762735e-01 9.019717583e-03 5.413668451e-02 8.498469883e+00
1.787575150e+04 5.508066313e+00 8.288149294e+00 1.853729244e-01 9.064561196e-03 5.428143889e-02 8.494247922e+00
1.791583166e+04 5.502422252e+00 8.293737757e+00 1.834889435e-01 9.109792028e-03 5.442714915e-02 8.490015460e+00
1.795591182e+04 5.496774206e+00 8.299308396e+00 1.816241361e-01 9.155414428e-03 5.457382393e-02 8.485772426e+00
1.799599198e+04 5.491122236e+00 8.304861267e+00 1.797783093e-01 9.201432804e-03 5.472147197e-02 8.481518748e+00
1.803607214e+04 5.485466402e+00 8.310396428e+00 1.779512724e-01 9.247851634e-03 5.487010217e-02 8.477254353e+00
1.807615230e+04 5.479806762e+00 8.315913930e+00 1.761428366e-01 9.294675481e-03 5.501972353e-02 8.472979168e+00
1.811623246e+04 5.474143374e+00 8.321413829e+00 1.743528145e-01 9.341908946e-03 5.517034517e-02 8.468693118e+00
1.815631263e+04 5.468476295e+00 8.326896179e+00 1.725810208e-01 9.389556712e-03 5.532197632e-02 8.464396130e+00
1.819639279e+04 5.462805582e+00 8.332361030e+00 1.708272720e-01 9.437623530e-03 5.547462637e-02 8.460088128e+00
1.823647295e+04 5.457131290e+00 8.337808435e+00 1.690913862e-01 9.486114224e-03 5.562830480e-02 8.455769035e+00
1.827655311e+04 5.451453475e+00 8.343238441e+00 1.673731835e-01 9.535033687e-03 5.578302124e-02 8.451438776e+00
1.831663327e+04 5.445772191e+00 8.348651100e+00 1.656724857e-01 9.584386896e-03 5.593878546e-02 8.447097271e+00
1.835671343e+04 5.440087491e+00 8.354046457e+00 1.639891166e-01 9.634178988e-03 5.609560754e-02 8.442744444e+00
1.839679359e+04 5.434399430e+00 8.359424561e+00 1.623229012e-01 9.684415039e-03 5.625349741e-02 8.438380215e+00
1.843687375e+04 5.428708058e+00 8.364785457e+00 1.606736665e-01 9.735100260e-03 5.641246527e-02 8.434004504e+00
1.847695391e+04 5.423013427e+00 8.370129190e+00 1.590412410e-01 9.786239940e-03 5.657252145e-02 8.429617231e+00
1.851703407e+04 5.417315589e+00 8.375455803e+00 1.574254552e-01 9.837839449e-03 5.673367643e-02 8.425218314e+00
1.855711423e+04 5.411614594e+00 8.380765340e+00 1.558261410e-01 9.889904240e-03 5.689594083e-02 8.420807673e+00
1.859719439e+04 5.405910490e+00 8.386057841e+00 1.542431320e-01 9.942439868e-03 5.705932545e-02 8.416385222e+00
1.863727455e+04 5.400203328e+00 8.391333348e+00 1.526762639e-01 9.995452041e-03 5.722384132e-02 8.411950880e+00
1.867735471e+04 5.394493155e+00 8.396591902e+00 1.511253733e-01 1.004894643e-02 5.738949947e-02 8.407504561e+00
1.871743487e+04 5.388780019e+00 8.401833539e+00 1.495902988e-01 1.010292884e-02 5.755631116e-02 8.403046180e+00
1.875751503e+04 5.383063967e+00 8.407058300e+00 1.480708803e-01 1.015740518e-02 5.772428778e-02 8.398575651e+00
1.879759519e+04 5.377345045e+00 8.412266220e+00 1.465669595e-01 1.021238144e-02 5.789344090e-02 8.394092887e+00
1.883767535e+04 5.371623298e+00 8.417457335e+00 1.450783796e-01 1.026786370e-02 5.806378228e-02 8.389597800e+00
1.887775551e+04 5.365898772e+00 8.422631681e+00 1.436049855e-01 1.032385820e-02 5.823532385e-02 8.385090302e+00
1.891783567e+04 5.360171510e+00 8.427789290e+00 1.421466237e-01 1.038037127e-02 5.840807781e-02 8.380570301e+00
1.895791583e+04 5.354441556e+00 8.432930197e+00 1.407031418e-01 1.043740928e-02 5.858205635e-02 8.376037709e+00
1.899799599e+04 5.348708953e+00 8.438054433e+00 1.392743891e-01 1.049497871e-02 5.875727191e-02 8.371492433e+00
1.903807615e+04 5.342973743e+00 8.443162029e+00 1.378602165e-01 1.055308616e-02 5.893373712e-02 8.366934381e+00
1.907815631e+04 5.337235969e+00 8.448253016e+00 1.364604762e-01 1.061173835e-02 5.911146479e-02 8.362363459e+00
1.911823647e+04 5.331495670e+00 8.453327422e+00 1.350750219e-01 1.067094208e-02 5.929046790e-02 8.357779574e+00
1.915831663e+04 5.325752887e+00 8.458385277e+00 1.337037088e-01 1.073070433e-02 5.947075971e-02 8.353182630e+00
1.919839679e+04 5.320007660e+00 8.463426606e+00 1.323463939e-01 1.079103220e-02 5.965235369e-02 8.348572530e+00
1.923847695e+04 5.314260027e+00 8.468451437e+00 1.310029350e-01 1.085193279e-02 5.983526336e-02 8.343949177e+00
1.927855711e+04 5.308510028e+00 8.473459795e+00 1.296731916e-01 1.091341339e-02 6.001950250e-02 8.339312473e+00
1.931863727e+04 5.302757701e+00 8.478451705e+00 1.283570244e-01 1.097548140e-02 6.020508512e-02 8.334662319e+00
1.935871743e+04 5.297003081e+00 8.483427190e+00 1.270542957e-01 1.103814433e-02 6.039202541e-02 8.329998613e+00
1.939879760e+04 5.291246206e+00 8.488386272e+00 1.257648691e-01 1.110140982e-02 6.058033777e-02 8.325321255e+00
1.943887776e+04 5.285487112e+00 8.493328974e+00 1.244886096e-01 1.116528573e-02 6.077003697e-02 8.320630142e+00
1.947895792e+04 5.279725833e+00 8.498255315e+00 1.232253838e-01 1.122978001e-02 6.096113792e-02 8.315925170e+00
1.951903808e+04 5.273962405e+00 8.503165316e+00 1.219750589e-01 1.129490063e-02 6.115365562e-02 8.311206234e+00
1.955911824e+04 5.268196862e+00 8.508058996e+00 1.207375041e-01 1.136065579e-02 6.134760541e-02 8.306473228e+00
1.959919840e+04 5.262429237e+00 8.512936372e+00 1.195125895e-01 1.142705380e-02 6.154300283e-02 8.301726045e+00
1.963927856e+04 5.256659562e+00 8.517797462e+00 1.183001867e-01 1.149410309e-02 6.173986366e-02 8.296964577e+00
1.967935872e+04 5.250887871e+00 8.522642282e+00 1.171001684e-01 1.156181228e-02 6.193820391e-02 8.292188714e+00
1.971943888e+04 5.245114194e+00 8.527470847e+00 1.159124090e-01 1.163019026e-02 6.213804011e-02 8.287398346e+00
1.975951904e+04 5.239338563e+00 8.532283170e+00 1.147367838e-01 1.169924594e-02 6.233938878e-02 8.282593360e+00
1.979959920e+04 5.233561007e+00 8.537079266e+00 1.135731694e-01 1.176898832e-02 6.254226665e-02 8.277773643e+00
1.983967936e+04 5.227781557e+00 8.541859146e+00 1.124214435e-01 1.183942661e-02 6.274669075e-02 8.272939082e+00
1.987975952e+04 5.222000242e+00 8.546622823e+00 1.112814852e-01 1.191057018e-02 6.295267842e-02 8.268089559e+00
1.991983968e+04 5.216217091e+00 8.551370306e+00 1.101531746e-01 1.198242855e-02 6.316024723e-02 8.263224959e+00
1.995991984e+04 5.210432130e+00 8.556101606e+00 1.090363932e-01 1.205501141e-02 6.336941503e-02 8.258345163e+00
2.000000000e+04 5.204645389e+00 8.560816731e+00 1.079310235e-01 1.212832862e-02 6.358019993e-02 8.253450051e+00
