time            shCj            shCk            shBr           
0.000000000e+00 4.000000000e+00 1.000000000e-05 4.000000000e+00
2.404809619e+02 3.687470687e+00 7.518266821e-02 3.913754495e+00
4.809619238e+02 3.690378707e+00 1.552111064e-01 3.824367429e+00
7.214428858e+02 3.694902193e+00 2.333672196e-01 3.735285281e+00
9.619238477e+02 3.700919329e+00 3.096922378e-01 3.646594501e+00
1.202404810e+03 3.708313013e+00 3.842243446e-01 3.558379642e+00
1.442885772e+03 3.716970884e+00 4.569989639e-01 3.470723025e+00
1.683366733e+03 3.726785173e+00 5.280491334e-01 3.383704497e+00
1.923847695e+03 3.737652731e+00 5.974057540e-01 3.297401148e+00
2.164328657e+03 3.749474962e+00 6.650978721e-01 3.211887073e+00
2.404809619e+03 3.762157771e+00 7.311529362e-01 3.127233173e+00
2.645290581e+03 3.775611507e+00 7.955970479e-01 3.043506944e+00
2.885771543e+03 3.789750904e+00 8.584551640e-01 2.960772333e+00
3.126252505e+03 3.804495020e+00 9.197512905e-01 2.879089604e+00
3.366733467e+03 3.819767155e+00 9.795086725e-01 2.798515227e+00
3.607214429e+03 3.835494783e+00 1.037749962e+00 2.719101783e+00
3.847695391e+03 3.851609460e+00 1.094497362e+00 2.640897911e+00
4.088176353e+03 3.868046737e+00 1.149772752e+00 2.563948276e+00
4.328657315e+03 3.884746066e+00 1.203597802e+00 2.488293555e+00
4.569138277e+03 3.901650697e+00 1.255994068e+00 2.413970452e+00
4.809619238e+03 3.918707570e+00 1.306983080e+00 2.341011726e+00
5.050100200e+03 3.935867209e+00 1.356586414e+00 2.269446235e+00
5.290581162e+03 3.953083602e+00 1.404825746e+00 2.199299012e+00
5.531062124e+03 3.970314088e+00 1.451722895e+00 2.130591345e+00
5.771543086e+03 3.987519228e+00 1.497299859e+00 2.063340884e+00
6.012024048e+03 4.004662686e+00 1.541578838e+00 1.997561746e+00
6.252505010e+03 4.021711104e+00 1.584582253e+00 1.933264639e+00
6.492985972e+03 4.038633970e+00 1.626332748e+00 1.870456996e+00
6.733466934e+03 4.055403489e+00 1.666853187e+00 1.809143117e+00
6.973947896e+03 4.071994473e+00 1.706166668e+00 1.749324315e+00
7.214428858e+03 4.088384190e+00 1.744296494e+00 1.690999063e+00
7.454909820e+03 4.104552241e+00 1.781266142e+00 1.634163163e+00
7.695390782e+03 4.120480441e+00 1.817099258e+00 1.578809893e+00
7.935871743e+03 4.136152698e+00 1.851819643e+00 1.524930171e+00
8.176352705e+03 4.151554901e+00 1.885451228e+00 1.472512718e+00
8.416833667e+03 4.166674780e+00 1.918018025e+00 1.421544213e+00
8.657314629e+03 4.181501786e+00 1.949544079e+00 1.372009450e+00
8.897795591e+03 4.196026989e+00 1.980053471e+00 1.323891495e+00
9.138276553e+03 4.210243023e+00 2.009570335e+00 1.277171833e+00
9.378757515e+03 4.224143859e+00 2.038118678e+00 1.231830520e+00
9.619238477e+03 4.237724814e+00 2.065722487e+00 1.187846321e+00
9.859719439e+03 4.250982430e+00 2.092405671e+00 1.145196850e+00
1.010020040e+04 4.263914318e+00 2.118191952e+00 1.103858701e+00
1.034068136e+04 4.276519138e+00 2.143104915e+00 1.063807579e+00
1.058116232e+04 4.288796525e+00 2.167168002e+00 1.025018413e+00
1.082164329e+04 4.300746893e+00 2.190404343e+00 9.874654805e-01
1.106212425e+04 4.312371517e+00 2.212836907e+00 9.511225079e-01
1.130260521e+04 4.323672351e+00 2.234488373e+00 9.159627700e-01
1.154308617e+04 4.334651980e+00 2.255381108e+00 8.819591972e-01
1.178356713e+04 4.345313594e+00 2.275537198e+00 8.490844605e-01
1.202404810e+04 4.355660879e+00 2.294978404e+00 8.173110553e-01
1.226452906e+04 4.365697978e+00 2.313726108e+00 7.866113801e-01
1.250501002e+04 4.375429461e+00 2.331801344e+00 7.569578116e-01
1.274549098e+04 4.384860241e+00 2.349224814e+00 7.283227669e-01
1.298597194e+04 4.393995527e+00 2.366016752e+00 7.006787694e-01
1.322645291e+04 4.402840820e+00 2.382197050e+00 6.739985043e-01
1.346693387e+04 4.411401840e+00 2.397785197e+00 6.482548666e-01
1.370741483e+04 4.419684482e+00 2.412800215e+00 6.234210122e-01
1.394789579e+04 4.427694814e+00 2.427260751e+00 5.994703991e-01
1.418837675e+04 4.435439022e+00 2.441185007e+00 5.763768221e-01
1.442885772e+04 4.442923387e+00 2.454590758e+00 5.541144501e-01
1.466933868e+04 4.450154260e+00 2.467495344e+00 5.326578540e-01
1.490981964e+04 4.457138038e+00 2.479915674e+00 5.119820308e-01
1.515030060e+04 4.463881141e+00 2.491868221e+00 4.920624286e-01
1.539078156e+04 4.470389992e+00 2.503369024e+00 4.728749663e-01
1.563126253e+04 4.476671001e+00 2.514433695e+00 4.543960507e-01
1.587174349e+04 4.482730541e+00 2.525077409e+00 4.366025908e-01
1.611222445e+04 4.488574948e+00 2.535314920e+00 4.194720040e-01
1.635270541e+04 4.494210495e+00 2.545160565e+00 4.029822296e-01
1.659318637e+04 4.499643386e+00 2.554628254e+00 3.871117346e-01
1.683366733e+04 4.504879747e+00 2.563731494e+00 3.718395183e-01
1.707414830e+04 4.509925610e+00 2.572483381e+00 3.571451143e-01
1.731462926e+04 4.514786914e+00 2.580896617e+00 3.430085925e-01
1.755511022e+04 4.519469494e+00 2.588983505e+00 3.294105571e-01
1.779559118e+04 4.523979078e+00 2.596755965e+00 3.163321468e-01
1.803607214e+04 4.528321274e+00 2.604225540e+00 3.037550294e-01
1.827655311e+04 4.532501580e+00 2.611403399e+00 2.916614005e-01
1.851703407e+04 4.536525367e+00 2.618300350e+00 2.800339765e-01
1.875751503e+04 4.540397881e+00 2.624926842e+00 2.688559876e-01
1.899799599e+04 4.544124247e+00 2.631292988e+00 2.581111718e-01
1.923847695e+04 4.547709460e+00 2.637408555e+00 2.477837709e-01
1.947895792e+04 4.551158383e+00 2.643282963e+00 2.378585153e-01
1.971943888e+04 4.554475757e+00 2.648925341e+00 2.283206174e-01
1.995991984e+04 4.557666191e+00 2.654344490e+00 2.191557689e-01
2.020040080e+04 4.560734168e+00 2.659548902e+00 2.103501234e-01
2.044088176e+04 4.563684038e+00 2.664546772e+00 2.018902873e-01
2.068136273e+04 4.566520030e+00 2.669346014e+00 1.937633139e-01
2.092184369e+04 4.569246246e+00 2.673954259e+00 1.859566934e-01
2.116232465e+04 4.571866663e+00 2.678378860e+00 1.784583360e-01
2.140280561e+04 4.574385137e+00 2.682626912e+00 1.712565630e-01
2.164328657e+04 4.576805403e+00 2.686705248e+00 1.643401055e-01
2.188376754e+04 4.579131079e+00 2.690620458e+00 1.576980820e-01
2.212424850e+04 4.581365666e+00 2.694378893e+00 1.513199908e-01
2.236472946e+04 4.583512553e+00 2.697986667e+00 1.451957040e-01
2.260521042e+04 4.585575013e+00 2.701449664e+00 1.393154547e-01
2.284569138e+04 4.587556216e+00 2.704773558e+00 1.336698225e-01
2.308617234e+04 4.589459222e+00 2.707963812e+00 1.282497242e-01
2.332665331e+04 4.591286987e+00 2.711025676e+00 1.230464132e-01
2.356713427e+04 4.593042367e+00 2.713964210e+00 1.180514563e-01
2.380761523e+04 4.594728120e+00 2.716784283e+00 1.132567274e-01
2.404809619e+04 4.596346905e+00 2.719490576e+00 1.086544065e-01
2.428857715e+04 4.597901289e+00 2.722087593e+00 1.042369605e-01
2.452905812e+04 4.599393748e+00 2.724579667e+00 9.999713566e-02
2.476953908e+04 4.600826670e+00 2.726970969e+00 9.592794641e-02
2.501002004e+04 4.602202360e+00 2.729265508e+00 9.202266776e-02
2.525050100e+04 4.603523035e+00 2.731467140e+00 8.827483101e-02
2.549098196e+04 4.604790836e+00 2.733579570e+00 8.467820974e-02
2.573146293e+04 4.606007821e+00 2.735606361e+00 8.122681839e-02
2.597194389e+04 4.607175977e+00 2.737550936e+00 7.791489770e-02
2.621242485e+04 4.608297212e+00 2.739416585e+00 7.473690963e-02
2.645290581e+04 4.609373368e+00 2.741206471e+00 7.168752662e-02
2.669338677e+04 4.610406217e+00 2.742923632e+00 6.876162599e-02
2.693386774e+04 4.611397464e+00 2.744570991e+00 6.595428242e-02
2.717434870e+04 4.612348751e+00 2.746151352e+00 6.326076035e-02
2.741482966e+04 4.613261656e+00 2.747667412e+00 6.067650854e-02
2.765531062e+04 4.614137699e+00 2.749121760e+00 5.819715249e-02
2.789579158e+04 4.614978343e+00 2.750516884e+00 5.581848840e-02
2.813627255e+04 4.615784992e+00 2.751855173e+00 5.353647694e-02
2.837675351e+04 4.616558999e+00 2.753138919e+00 5.134723633e-02
2.861723447e+04 4.617301664e+00 2.754370329e+00 4.924703778e-02
2.885771543e+04 4.618014236e+00 2.755551517e+00 4.723229796e-02
2.909819639e+04 4.618697917e+00 2.756684515e+00 4.529957668e-02
2.933867735e+04 4.619353863e+00 2.757771272e+00 4.344556593e-02
2.957915832e+04 4.619983183e+00 2.758813664e+00 4.166709133e-02
2.981963928e+04 4.620586945e+00 2.759813489e+00 3.996110321e-02
3.006012024e+04 4.621166174e+00 2.760772476e+00 3.832467047e-02
3.030060120e+04 4.621721854e+00 2.761692278e+00 3.675498360e-02
3.054108216e+04 4.622254934e+00 2.762574489e+00 3.524933903e-02
3.078156313e+04 4.622766323e+00 2.763420635e+00 3.380514505e-02
3.102204409e+04 4.623256893e+00 2.764232182e+00 3.241991193e-02
3.126252505e+04 4.623727484e+00 2.765010539e+00 3.109124816e-02
3.150300601e+04 4.624178903e+00 2.765757054e+00 2.981686107e-02
3.174348697e+04 4.624611922e+00 2.766473024e+00 2.859454577e-02
3.198396794e+04 4.625027286e+00 2.767159692e+00 2.742218916e-02
3.222444890e+04 4.625425708e+00 2.767818253e+00 2.629776088e-02
3.246492986e+04 4.625807875e+00 2.768449852e+00 2.521931172e-02
3.270541082e+04 4.626174444e+00 2.769055587e+00 2.418497347e-02
3.294589178e+04 4.626526046e+00 2.769636514e+00 2.319294925e-02
3.318637275e+04 4.626863290e+00 2.770193645e+00 2.224151830e-02
3.342685371e+04 4.627186757e+00 2.770727951e+00 2.132902667e-02
3.366733467e+04 4.627497007e+00 2.771240364e+00 2.045388746e-02
3.390781563e+04 4.627794576e+00 2.771731777e+00 1.961457969e-02
3.414829659e+04 4.628079980e+00 2.772203049e+00 1.880964087e-02
3.438877756e+04 4.628353713e+00 2.772655002e+00 1.803767091e-02
3.462925852e+04 4.628616249e+00 2.773088426e+00 1.729732372e-02
3.486973948e+04 4.628868045e+00 2.773504079e+00 1.658730855e-02
3.511022044e+04 4.629109538e+00 2.773902686e+00 1.590638805e-02
3.535070140e+04 4.629341147e+00 2.774284946e+00 1.525337271e-02
3.559118236e+04 4.629563274e+00 2.774651526e+00 1.462712419e-02
3.583166333e+04 4.629776307e+00 2.775003069e+00 1.402654772e-02
3.607214429e+04 4.629980616e+00 2.775340190e+00 1.345059408e-02
3.631262525e+04 4.630176557e+00 2.775663479e+00 1.289825735e-02
3.655310621e+04 4.630364472e+00 2.775973502e+00 1.236857074e-02
3.679358717e+04 4.630544687e+00 2.776270803e+00 1.186060910e-02
3.703406814e+04 4.630717518e+00 2.776555903e+00 1.137348276e-02
3.727454910e+04 4.630883265e+00 2.776829301e+00 1.090633934e-02
3.751503006e+04 4.631042219e+00 2.777091477e+00 1.045836142e-02
3.775551102e+04 4.631194656e+00 2.777342891e+00 1.002876372e-02
3.799599198e+04 4.631340844e+00 2.777583983e+00 9.616795058e-03
3.823647295e+04 4.631481037e+00 2.777815177e+00 9.221732545e-03
3.847695391e+04 4.631615481e+00 2.778036879e+00 8.842883521e-03
3.871743487e+04 4.631744410e+00 2.778249477e+00 8.479585009e-03
3.895791583e+04 4.631868051e+00 2.778453345e+00 8.131198603e-03
3.919839679e+04 4.631986620e+00 2.778648842e+00 7.797113581e-03
3.943887776e+04 4.632100325e+00 2.778836309e+00 7.476744420e-03
3.967935872e+04 4.632209364e+00 2.779016077e+00 7.169527748e-03
3.991983968e+04 4.632313929e+00 2.779188462e+00 6.874925413e-03
4.016032064e+04 4.632414202e+00 2.779353766e+00 6.592419966e-03
4.040080160e+04 4.632510361e+00 2.779512280e+00 6.321514690e-03
4.064128257e+04 4.632602572e+00 2.779664283e+00 6.061735109e-03
4.088176353e+04 4.632690999e+00 2.779810041e+00 5.812624159e-03
4.112224449e+04 4.632775795e+00 2.779949812e+00 5.573744036e-03
4.136272545e+04 4.632857110e+00 2.780083840e+00 5.344675918e-03
4.160320641e+04 4.632935087e+00 2.780212361e+00 5.125016491e-03
4.184368737e+04 4.633009862e+00 2.780335603e+00 4.914380030e-03
4.208416834e+04 4.633081567e+00 2.780453780e+00 4.712396863e-03
4.232464930e+04 4.633150327e+00 2.780567101e+00 4.518710990e-03
4.256513026e+04 4.633216263e+00 2.780675766e+00 4.332981996e-03
4.280561122e+04 4.633279491e+00 2.780779965e+00 4.154884201e-03
4.304609218e+04 4.633340123e+00 2.780879883e+00 3.984103327e-03
4.328657315e+04 4.633398264e+00 2.780975695e+00 3.820338909e-03
4.352705411e+04 4.633454017e+00 2.781067569e+00 3.663303955e-03
4.376753507e+04 4.633507480e+00 2.781155667e+00 3.512721215e-03
4.400801603e+04 4.633558746e+00 2.781240146e+00 3.368325563e-03
4.424849699e+04 4.633607907e+00 2.781321151e+00 3.229864001e-03
4.448897796e+04 4.633655048e+00 2.781398828e+00 3.097092068e-03
4.472945892e+04 4.633700252e+00 2.781473313e+00 2.969775875e-03
4.496993988e+04 4.633743599e+00 2.781544735e+00 2.847692324e-03
4.521042084e+04 4.633785165e+00 2.781613223e+00 2.730625867e-03
4.545090180e+04 4.633825023e+00 2.781678895e+00 2.618370159e-03
4.569138277e+04 4.633863244e+00 2.781741868e+00 2.510728517e-03
4.593186373e+04 4.633899893e+00 2.781802252e+00 2.407510826e-03
4.617234469e+04 4.633935037e+00 2.781860155e+00 2.308535041e-03
4.641282565e+04 4.633968737e+00 2.781915676e+00 2.213628105e-03
4.665330661e+04 4.634001052e+00 2.781968916e+00 2.122622147e-03
4.689378758e+04 4.634032039e+00 2.782019968e+00 2.035356484e-03
4.713426854e+04 4.634061752e+00 2.782068921e+00 1.951677902e-03
4.737474950e+04 4.634090244e+00 2.782115861e+00 1.871439434e-03
4.761523046e+04 4.634117564e+00 2.782160870e+00 1.794498993e-03
4.785571142e+04 4.634143761e+00 2.782204028e+00 1.720720673e-03
4.809619238e+04 4.634168882e+00 2.782245413e+00 1.649975863e-03
4.833667335e+04 4.634192972e+00 2.782285100e+00 1.582139073e-03
4.857715431e+04 4.634216075e+00 2.782323159e+00 1.517090432e-03
4.881763527e+04 4.634238227e+00 2.782359654e+00 1.454715846e-03
4.905811623e+04 4.634259467e+00 2.782394644e+00 1.394905614e-03
4.929859719e+04 4.634279831e+00 2.782428190e+00 1.337553871e-03
4.953907816e+04 4.634299353e+00 2.782460349e+00 1.282559343e-03
4.977955912e+04 4.634318075e+00 2.782491191e+00 1.229825681e-03
5.002004008e+04 4.634336032e+00 2.782520773e+00 1.179259749e-03
5.026052104e+04 4.634353256e+00 2.782549146e+00 1.130772470e-03
5.050100200e+04 4.634369766e+00 2.782576344e+00 1.084278568e-03
5.074148297e+04 4.634385598e+00 2.782602423e+00 1.039696182e-03
5.098196393e+04 4.634400779e+00 2.782627431e+00 9.969469071e-04
5.122244489e+04 4.634415336e+00 2.782651410e+00 9.559553404e-04
5.146292585e+04 4.634429294e+00 2.782674403e+00 9.166490868e-04
5.170340681e+04 4.634442679e+00 2.782696451e+00 8.789594982e-04
5.194388778e+04 4.634455513e+00 2.782717593e+00 8.428187316e-04
5.218436874e+04 4.634467820e+00 2.782737865e+00 8.081631098e-04
5.242484970e+04 4.634479621e+00 2.782757305e+00 7.749321370e-04
5.266533066e+04 4.634490937e+00 2.782775945e+00 7.430671181e-04
5.290581162e+04 4.634501788e+00 2.782793818e+00 7.125125512e-04
5.314629259e+04 4.634512193e+00 2.782810957e+00 6.832144048e-04
5.338677355e+04 4.634522169e+00 2.782827391e+00 6.551210988e-04
5.362725451e+04 4.634531736e+00 2.782843149e+00 6.281830407e-04
5.386773547e+04 4.634540909e+00 2.782858259e+00 6.023523683e-04
5.410821643e+04 4.634549705e+00 2.782872748e+00 5.775837541e-04
5.434869739e+04 4.634558139e+00 2.782886641e+00 5.538335932e-04
5.458917836e+04 4.634566227e+00 2.782899963e+00 5.310594708e-04
5.482965932e+04 4.634573982e+00 2.782912737e+00 5.092218537e-04
5.507014028e+04 4.634581419e+00 2.782924986e+00 4.882821863e-04
5.531062124e+04 4.634588550e+00 2.782936732e+00 4.682030412e-04
5.555110220e+04 4.634595387e+00 2.782947994e+00 4.489498566e-04
5.579158317e+04 4.634601943e+00 2.782958794e+00 4.304882428e-04
5.603206413e+04 4.634608230e+00 2.782969149e+00 4.127855239e-04
5.627254509e+04 4.634614258e+00 2.782979078e+00 3.958112050e-04
5.651302605e+04 4.634620039e+00 2.782988600e+00 3.795345362e-04
5.675350701e+04 4.634625582e+00 2.782997729e+00 3.639271647e-04
5.699398798e+04 4.634630896e+00 2.783006484e+00 3.489619498e-04
5.723446894e+04 4.634635993e+00 2.783014878e+00 3.346114583e-04
5.747494990e+04 4.634640879e+00 2.783022927e+00 3.208510939e-04
5.771543086e+04 4.634645565e+00 2.783030646e+00 3.076567935e-04
5.795591182e+04 4.634650058e+00 2.783038046e+00 2.950054421e-04
5.819639279e+04 4.634654366e+00 2.783045142e+00 2.828746267e-04
5.843687375e+04 4.634658497e+00 2.783051946e+00 2.712429715e-04
5.867735471e+04 4.634662458e+00 2.783058470e+00 2.600897084e-04
5.891783567e+04 4.634666256e+00 2.783064726e+00 2.493952195e-04
5.915831663e+04 4.634669898e+00 2.783070724e+00 2.391413528e-04
5.939879760e+04 4.634673390e+00 2.783076476e+00 2.293092328e-04
5.963927856e+04 4.634676738e+00 2.783081991e+00 2.198810465e-04
5.987975952e+04 4.634679949e+00 2.783087279e+00 2.108404186e-04
6.012024048e+04 4.634683027e+00 2.783092350e+00 2.021719907e-04
6.036072144e+04 4.634685979e+00 2.783097212e+00 1.938597907e-04
6.060120240e+04 4.634688810e+00 2.783101875e+00 1.858889316e-04
6.084168337e+04 4.634691524e+00 2.783106346e+00 1.782456150e-04
6.108216433e+04 4.634694127e+00 2.783110633e+00 1.709165279e-04
6.132264529e+04 4.634696623e+00 2.783114744e+00 1.638886049e-04
6.156312625e+04 4.634699016e+00 2.783118686e+00 1.571495078e-04
6.180360721e+04 4.634701311e+00 2.783122466e+00 1.506873628e-04
6.204408818e+04 4.634703512e+00 2.783126091e+00 1.444908396e-04
6.228456914e+04 4.634705622e+00 2.783129567e+00 1.385490943e-04
6.252505010e+04 4.634707646e+00 2.783132899e+00 1.328517245e-04
6.276553106e+04 4.634709586e+00 2.783136095e+00 1.273886194e-04
6.300601202e+04 4.634711446e+00 2.783139159e+00 1.221502440e-04
6.324649299e+04 4.634713230e+00 2.783142097e+00 1.171273874e-04
6.348697395e+04 4.634714940e+00 2.783144915e+00 1.123111814e-04
6.372745491e+04 4.634716581e+00 2.783147616e+00 1.076930839e-04
6.396793587e+04 4.634718153e+00 2.783150206e+00 1.032648547e-04
6.420841683e+04 4.634719661e+00 2.783152690e+00 9.901883066e-05
6.444889780e+04 4.634721107e+00 2.783155071e+00 9.494833614e-05
6.468937876e+04 4.634722493e+00 2.783157354e+00 9.104551095e-05
6.492985972e+04 4.634723822e+00 2.783159543e+00 8.730335198e-05
6.517034068e+04 4.634725096e+00 2.783161642e+00 8.371507684e-05
6.541082164e+04 4.634726318e+00 2.783163655e+00 8.027410198e-05
6.565130261e+04 4.634727490e+00 2.783165585e+00 7.697402078e-05
6.589178357e+04 4.634728614e+00 2.783167436e+00 7.381023226e-05
6.613226453e+04 4.634729691e+00 2.783169210e+00 7.077751001e-05
6.637274549e+04 4.634730724e+00 2.783170911e+00 6.786957763e-05
6.661322645e+04 4.634731714e+00 2.783172542e+00 6.508114748e-05
6.685370741e+04 4.634732664e+00 2.783174106e+00 6.240709233e-05
6.709418838e+04 4.634733574e+00 2.783175607e+00 5.984242936e-05
6.733466934e+04 4.634734448e+00 2.783177046e+00 5.738230409e-05
6.757515030e+04 4.634735286e+00 2.783178425e+00 5.502455774e-05
6.781563126e+04 4.634736088e+00 2.783179747e+00 5.276382205e-05
6.805611222e+04 4.634736858e+00 2.783181015e+00 5.059591822e-05
6.829659319e+04 4.634737597e+00 2.783182231e+00 4.851694462e-05
6.853707415e+04 4.634738305e+00 2.783183398e+00 4.652313387e-05
6.877755511e+04 4.634738984e+00 2.783184516e+00 4.461084210e-05
6.901803607e+04 4.634739635e+00 2.783185589e+00 4.277685525e-05
6.925851703e+04 4.634740260e+00 2.783186617e+00 4.101877315e-05
6.949899800e+04 4.634740858e+00 2.783187604e+00 3.933288326e-05
6.973947896e+04 4.634741433e+00 2.783188549e+00 3.771620792e-05
6.997995992e+04 4.634741983e+00 2.783189456e+00 3.616588163e-05
7.022044088e+04 4.634742511e+00 2.783190326e+00 3.467914295e-05
7.046092184e+04 4.634743017e+00 2.783191160e+00 3.325332647e-05
7.070140281e+04 4.634743503e+00 2.783191960e+00 3.188620609e-05
7.094188377e+04 4.634743969e+00 2.783192726e+00 3.057546013e-05
7.118236473e+04 4.634744415e+00 2.783193462e+00 2.931861114e-05
7.142284569e+04 4.634744843e+00 2.783194167e+00 2.811342906e-05
7.166332665e+04 4.634745253e+00 2.783194843e+00 2.695775905e-05
7.190380762e+04 4.634745647e+00 2.783195491e+00 2.584951470e-05
7.214428858e+04 4.634746024e+00 2.783196113e+00 2.478667123e-05
7.238476954e+04 4.634746386e+00 2.783196708e+00 2.376805977e-05
7.262525050e+04 4.634746733e+00 2.783197280e+00 2.279146914e-05
7.286573146e+04 4.634747066e+00 2.783197827e+00 2.185511323e-05
7.310621242e+04 4.634747384e+00 2.783198353e+00 2.095729329e-05
7.334669339e+04 4.634747690e+00 2.783198856e+00 2.009635749e-05
7.358717435e+04 4.634747983e+00 2.783199339e+00 1.927069522e-05
7.382765531e+04 4.634748265e+00 2.783199802e+00 1.847873133e-05
7.406813627e+04 4.634748534e+00 2.783200246e+00 1.771954750e-05
7.430861723e+04 4.634748793e+00 2.783200672e+00 1.699203531e-05
7.454909820e+04 4.634749040e+00 2.783201080e+00 1.629448355e-05
7.478957916e+04 4.634749278e+00 2.783201471e+00 1.562561291e-05
7.503006012e+04 4.634749506e+00 2.783201847e+00 1.498417946e-05
7.527054108e+04 4.634749724e+00 2.783202206e+00 1.436897061e-05
7.551102204e+04 4.634749934e+00 2.783202552e+00 1.377880099e-05
7.575150301e+04 4.634750135e+00 2.783202883e+00 1.321264321e-05
7.599198397e+04 4.634750327e+00 2.783203200e+00 1.267031757e-05
7.623246493e+04 4.634750512e+00 2.783203504e+00 1.215026863e-05
7.647294589e+04 4.634750689e+00 2.783203796e+00 1.165155711e-05
7.671342685e+04 4.634750859e+00 2.783204076e+00 1.117327532e-05
7.695390782e+04 4.634751022e+00 2.783204344e+00 1.071454459e-05
7.719438878e+04 4.634751178e+00 2.783204601e+00 1.027451261e-05
7.743486974e+04 4.634751328e+00 2.783204848e+00 9.852350868e-06
7.767535070e+04 4.634751472e+00 2.783205085e+00 9.447672213e-06
7.791583166e+04 4.634751610e+00 2.783205312e+00 9.059691805e-06
7.815631263e+04 4.634751742e+00 2.783205530e+00 8.687617416e-06
7.839679359e+04 4.634751869e+00 2.783205738e+00 8.330790070e-06
7.863727455e+04 4.634751990e+00 2.783205939e+00 7.988574882e-06
7.887775551e+04 4.634752107e+00 2.783206131e+00 7.660359201e-06
7.911823647e+04 4.634752219e+00 2.783206315e+00 7.345550762e-06
7.935871743e+04 4.634752326e+00 2.783206491e+00 7.043649209e-06
7.959919840e+04 4.634752429e+00 2.783206661e+00 6.754245783e-06
7.983967936e+04 4.634752527e+00 2.783206823e+00 6.476730051e-06
8.008016032e+04 4.634752622e+00 2.783206979e+00 6.210612552e-06
8.032064128e+04 4.634752712e+00 2.783207128e+00 5.955420400e-06
8.056112224e+04 4.634752799e+00 2.783207271e+00 5.710695752e-06
8.080160321e+04 4.634752883e+00 2.783207408e+00 5.475994275e-06
8.104208417e+04 4.634752962e+00 2.783207540e+00 5.250883607e-06
8.128256513e+04 4.634753039e+00 2.783207666e+00 5.035159693e-06
8.152304609e+04 4.634753113e+00 2.783207787e+00 4.828329764e-06
8.176352705e+04 4.634753183e+00 2.783207903e+00 4.630014442e-06
8.200400802e+04 4.634753251e+00 2.783208014e+00 4.439853944e-06
8.224448898e+04 4.634753315e+00 2.783208121e+00 4.257498044e-06
8.248496994e+04 4.634753377e+00 2.783208223e+00 4.082604833e-06
8.272545090e+04 4.634753437e+00 2.783208322e+00 3.914839482e-06
8.296593186e+04 4.634753494e+00 2.783208416e+00 3.754101483e-06
8.320641283e+04 4.634753549e+00 2.783208506e+00 3.600169961e-06
8.344689379e+04 4.634753601e+00 2.783208592e+00 3.452613992e-06
8.368737475e+04 4.634753651e+00 2.783208675e+00 3.311159477e-06
8.392785571e+04 4.634753700e+00 2.783208754e+00 3.175538034e-06
8.416833667e+04 4.634753746e+00 2.783208830e+00 3.045485992e-06
8.440881764e+04 4.634753790e+00 2.783208903e+00 2.920743370e-06
8.464929860e+04 4.634753833e+00 2.783208973e+00 2.801052866e-06
8.488977956e+04 4.634753873e+00 2.783209040e+00 2.686158840e-06
8.513026052e+04 4.634753913e+00 2.783209105e+00 2.575819656e-06
8.537074148e+04 4.634753950e+00 2.783209166e+00 2.470495342e-06
8.561122244e+04 4.634753986e+00 2.783209226e+00 2.369523793e-06
8.585170341e+04 4.634754020e+00 2.783209282e+00 2.272714215e-06
8.609218437e+04 4.634754053e+00 2.783209336e+00 2.179880024e-06
8.633266533e+04 4.634754085e+00 2.783209389e+00 2.090838181e-06
8.657314629e+04 4.634754115e+00 2.783209438e+00 2.005408550e-06
8.681362725e+04 4.634754144e+00 2.783209486e+00 1.923413236e-06
8.705410822e+04 4.634754172e+00 2.783209533e+00 1.844675937e-06
8.729458918e+04 4.634754199e+00 2.783209577e+00 1.769021288e-06
8.753507014e+04 4.634754225e+00 2.783209619e+00 1.696529788e-06
8.777555110e+04 4.634754249e+00 2.783209660e+00 1.627207171e-06
8.801603206e+04 4.634754273e+00 2.783209699e+00 1.560717169e-06
8.825651303e+04 4.634754296e+00 2.783209736e+00 1.496937767e-06
8.849699399e+04 4.634754317e+00 2.783209772e+00 1.435750706e-06
8.873747495e+04 4.634754338e+00 2.783209806e+00 1.377041099e-06
8.897795591e+04 4.634754358e+00 2.783209839e+00 1.320697072e-06
8.921843687e+04 4.634754377e+00 2.783209871e+00 1.266609385e-06
8.945891784e+04 4.634754396e+00 2.783209901e+00 1.214671061e-06
8.969939880e+04 4.634754414e+00 2.783209930e+00 1.164777019e-06
8.993987976e+04 4.634754431e+00 2.783209958e+00 1.117056895e-06
9.018036072e+04 4.634754447e+00 2.783209985e+00 1.071287341e-06
9.042084168e+04 4.634754462e+00 2.783210011e+00 1.027382561e-06
9.066132265e+04 4.634754477e+00 2.783210035e+00 9.852662827e-07
9.090180361e+04 4.634754492e+00 2.783210059e+00 9.448649041e-07
9.114228457e+04 4.634754506e+00 2.783210082e+00 9.061072345e-07
9.138276553e+04 4.634754519e+00 2.783210103e+00 8.689242454e-07
9.162324649e+04 4.634754531e+00 2.783210124e+00 8.332488181e-07
9.186372745e+04 4.634754544e+00 2.783210144e+00 7.990154916e-07
9.210420842e+04 4.634754555e+00 2.783210163e+00 7.661933884e-07
9.234468938e+04 4.634754566e+00 2.783210182e+00 7.347537865e-07
9.258517034e+04 4.634754577e+00 2.783210199e+00 7.046079372e-07
9.282565130e+04 4.634754587e+00 2.783210216e+00 6.757027617e-07
9.306613226e+04 4.634754597e+00 2.783210233e+00 6.479864782e-07
9.330661323e+04 4.634754607e+00 2.783210248e+00 6.214083911e-07
9.354709419e+04 4.634754616e+00 2.783210263e+00 5.959186815e-07
9.378757515e+04 4.634754624e+00 2.783210277e+00 5.714681967e-07
9.402805611e+04 4.634754633e+00 2.783210291e+00 5.480082403e-07
9.426853707e+04 4.634754641e+00 2.783210304e+00 5.254903619e-07
9.450901804e+04 4.634754648e+00 2.783210317e+00 5.039671872e-07
9.474949900e+04 4.634754656e+00 2.783210329e+00 4.833457787e-07
9.498997996e+04 4.634754663e+00 2.783210340e+00 4.635794620e-07
9.523046092e+04 4.634754669e+00 2.783210351e+00 4.446302139e-07
9.547094188e+04 4.634754676e+00 2.783210362e+00 4.264604268e-07
9.571142285e+04 4.634754682e+00 2.783210372e+00 4.090327544e-07
9.595190381e+04 4.634754688e+00 2.783210382e+00 3.923099562e-07
9.619238477e+04 4.634754694e+00 2.783210391e+00 3.762547439e-07
9.643286573e+04 4.634754699e+00 2.783210400e+00 3.608296261e-07
9.667334669e+04 4.634754704e+00 2.783210409e+00 3.460828869e-07
9.691382766e+04 4.634754709e+00 2.783210417e+00 3.320805093e-07
9.715430862e+04 4.634754714e+00 2.783210425e+00 3.186762475e-07
9.739478958e+04 4.634754719e+00 2.783210433e+00 3.058428565e-07
9.763527054e+04 4.634754723e+00 2.783210440e+00 2.935531383e-07
9.787575150e+04 4.634754727e+00 2.783210447e+00 2.817798220e-07
9.811623246e+04 4.634754731e+00 2.783210453e+00 2.704954458e-07
9.835671343e+04 4.634754735e+00 2.783210460e+00 2.596722373e-07
9.859719439e+04 4.634754739e+00 2.783210466e+00 2.492819950e-07
9.883767535e+04 4.634754742e+00 2.783210472e+00 2.392959695e-07
9.907815631e+04 4.634754746e+00 2.783210477e+00 2.296847442e-07
9.931863727e+04 4.634754749e+00 2.783210483e+00 2.204181166e-07
9.955911824e+04 4.634754752e+00 2.783210488e+00 2.114649795e-07
9.979959920e+04 4.634754755e+00 2.783210493e+00 2.028758922e-07
1.000400802e+05 4.634754758e+00 2.783210498e+00 1.948562578e-07
1.002805611e+05 4.634754761e+00 2.783210502e+00 1.871740466e-07
1.005210421e+05 4.634754763e+00 2.783210506e+00 1.798122634e-07
1.007615230e+05 4.634754766e+00 2.783210511e+00 1.727539572e-07
1.010020040e+05 4.634754768e+00 2.783210514e+00 1.659821571e-07
1.012424850e+05 4.634754771e+00 2.783210518e+00 1.594798071e-07
1.014829659e+05 4.634754773e+00 2.783210522e+00 1.532297013e-07
1.017234469e+05 4.634754775e+00 2.783210525e+00 1.472144194e-07
1.019639279e+05 4.634754777e+00 2.783210529e+00 1.414162616e-07
1.022044088e+05 4.634754779e+00 2.783210532e+00 1.358171843e-07
1.024448898e+05 4.634754781e+00 2.783210535e+00 1.303987346e-07
1.026853707e+05 4.634754783e+00 2.783210538e+00 1.251419863e-07
1.029258517e+05 4.634754785e+00 2.783210541e+00 1.200527563e-07
1.031663327e+05 4.634754786e+00 2.783210544e+00 1.153287631e-07
1.034068136e+05 4.634754788e+00 2.783210547e+00 1.107900390e-07
1.036472946e+05 4.634754790e+00 2.783210549e+00 1.064280369e-07
1.038877756e+05 4.634754791e+00 2.783210552e+00 1.022344730e-07
1.041282565e+05 4.634754792e+00 2.783210554e+00 9.820129951e-08
1.043687375e+05 4.634754794e+00 2.783210556e+00 9.432067719e-08
1.046092184e+05 4.634754795e+00 2.783210559e+00 9.058494803e-08
1.048496994e+05 4.634754796e+00 2.783210561e+00 8.698660779e-08
1.050901804e+05 4.634754798e+00 2.783210563e+00 8.351827864e-08
1.053306613e+05 4.634754799e+00 2.783210565e+00 8.017268174e-08
1.055711423e+05 4.634754800e+00 2.783210567e+00 7.694260988e-08
1.058116232e+05 4.634754801e+00 2.783210568e+00 7.382090006e-08
1.060521042e+05 4.634754802e+00 2.783210570e+00 7.080040612e-08
1.062925852e+05 4.634754803e+00 2.783210572e+00 6.794218139e-08
1.065330661e+05 4.634754804e+00 2.783210573e+00 6.519440429e-08
1.067735471e+05 4.634754805e+00 2.783210575e+00 6.255185691e-08
1.070140281e+05 4.634754806e+00 2.783210576e+00 6.001092074e-08
1.072545090e+05 4.634754807e+00 2.783210578e+00 5.756815218e-08
1.074949900e+05 4.634754808e+00 2.783210579e+00 5.522026518e-08
1.077354709e+05 4.634754808e+00 2.783210581e+00 5.296411398e-08
1.079759519e+05 4.634754809e+00 2.783210582e+00 5.079667582e-08
1.082164329e+05 4.634754810e+00 2.783210583e+00 4.871503358e-08
1.084569138e+05 4.634754811e+00 2.783210584e+00 4.671635850e-08
1.086973948e+05 4.634754811e+00 2.783210585e+00 4.479789291e-08
1.089378758e+05 4.634754812e+00 2.783210586e+00 4.295693285e-08
1.091783567e+05 4.634754813e+00 2.783210587e+00 4.119081082e-08
1.094188377e+05 4.634754813e+00 2.783210588e+00 3.949952508e-08
1.096593186e+05 4.634754814e+00 2.783210589e+00 3.787920840e-08
1.098997996e+05 4.634754814e+00 2.783210590e+00 3.632692855e-08
1.101402806e+05 4.634754815e+00 2.783210591e+00 3.484016061e-08
1.103807615e+05 4.634754815e+00 2.783210592e+00 3.341634304e-08
1.106212425e+05 4.634754816e+00 2.783210593e+00 3.205286090e-08
1.108617234e+05 4.634754816e+00 2.783210594e+00 3.074702898e-08
1.111022044e+05 4.634754817e+00 2.783210594e+00 2.949607494e-08
1.113426854e+05 4.634754817e+00 2.783210595e+00 2.829712249e-08
1.115831663e+05 4.634754818e+00 2.783210596e+00 2.714717456e-08
1.118236473e+05 4.634754818e+00 2.783210596e+00 2.604309640e-08
1.120641283e+05 4.634754818e+00 2.783210597e+00 2.498159882e-08
1.123046092e+05 4.634754819e+00 2.783210598e+00 2.395922128e-08
1.125450902e+05 4.634754819e+00 2.783210598e+00 2.299869570e-08
1.127855711e+05 4.634754819e+00 2.783210599e+00 2.209103205e-08
1.130260521e+05 4.634754820e+00 2.783210599e+00 2.122465413e-08
1.132665331e+05 4.634754820e+00 2.783210600e+00 2.039728501e-08
1.135070140e+05 4.634754820e+00 2.783210600e+00 1.960655506e-08
1.137474950e+05 4.634754821e+00 2.783210601e+00 1.884999077e-08
1.139879760e+05 4.634754821e+00 2.783210601e+00 1.812500356e-08
1.142284569e+05 4.634754821e+00 2.783210601e+00 1.742887849e-08
1.144689379e+05 4.634754821e+00 2.783210602e+00 1.675876310e-08
1.147094188e+05 4.634754822e+00 2.783210602e+00 1.611165613e-08
1.149498998e+05 4.634754822e+00 2.783210602e+00 1.548439637e-08
1.151903808e+05 4.634754822e+00 2.783210603e+00 1.487365138e-08
1.154308617e+05 4.634754822e+00 2.783210603e+00 1.427590628e-08
1.156713427e+05 4.634754822e+00 2.783210604e+00 1.375534520e-08
1.159118236e+05 4.634754823e+00 2.783210604e+00 1.331061468e-08
1.161523046e+05 4.634754823e+00 2.783210604e+00 1.289408108e-08
1.163927856e+05 4.634754823e+00 2.783210604e+00 1.250405497e-08
1.166332665e+05 4.634754823e+00 2.783210604e+00 1.213875102e-08
1.168737475e+05 4.634754823e+00 2.783210605e+00 1.179628002e-08
1.171142285e+05 4.634754823e+00 2.783210605e+00 1.147464103e-08
1.173547094e+05 4.634754823e+00 2.783210605e+00 1.117171340e-08
1.175951904e+05 4.634754823e+00 2.783210605e+00 1.088524888e-08
1.178356713e+05 4.634754824e+00 2.783210605e+00 1.061286372e-08
1.180761523e+05 4.634754824e+00 2.783210606e+00 1.035203072e-08
1.183166333e+05 4.634754824e+00 2.783210606e+00 1.010007130e-08
1.185571142e+05 4.634754824e+00 2.783210606e+00 9.854147657e-09
1.187975952e+05 4.634754824e+00 2.783210606e+00 9.611254756e-09
1.190380762e+05 4.634754824e+00 2.783210606e+00 9.368212469e-09
1.192785571e+05 4.634754824e+00 2.783210606e+00 9.121657638e-09
1.195190381e+05 4.634754824e+00 2.783210606e+00 8.868036161e-09
1.197595190e+05 4.634754824e+00 2.783210607e+00 8.603595072e-09
1.200000000e+05 4.634754824e+00 2.783210607e+00 8.324374624e-09
