time            shCj            shCk           
0.000000000e+00 1.000000000e+00 1.000000000e+00
2.404809619e+00 8.985296285e-01 8.919944446e-01
4.809619238e+00 8.716836990e-01 8.489617592e-01
7.214428858e+00 8.650073812e-01 8.261466543e-01
9.619238477e+00 8.716603022e-01 8.200536498e-01
1.202404810e+01 8.877907751e-01 8.270582411e-01
1.442885772e+01 9.108236094e-01 8.438977495e-01
1.683366733e+01 9.390385699e-01 8.680486655e-01
1.923847695e+01 9.712960943e-01 8.976946515e-01
2.164328657e+01 1.006849338e+00 9.315802531e-01
2.404809619e+01 1.045216370e+00 9.688615712e-01
2.645290581e+01 1.086093726e+00 1.008985101e+00
2.885771543e+01 1.129298506e+00 1.051598418e+00
3.126252505e+01 1.174729188e+00 1.096486552e+00
3.366733467e+01 1.222339527e+00 1.143528130e+00
3.607214429e+01 1.272120988e+00 1.192665420e+00
3.847695391e+01 1.324090992e+00 1.243884045e+00
4.088176353e+01 1.378284980e+00 1.297199239e+00
4.328657315e+01 1.434751095e+00 1.352646610e+00
4.569138277e+01 1.493546617e+00 1.410275964e+00
4.809619238e+01 1.554735532e+00 1.470147114e+00
5.050100200e+01 1.618386880e+00 1.532327055e+00
5.290581162e+01 1.684573650e+00 1.596888090e+00
5.531062124e+01 1.753371930e+00 1.663906460e+00
5.771543086e+01 1.824860381e+00 1.733461474e+00
6.012024048e+01 1.899119822e+00 1.805634894e+00
6.252505010e+01 1.976232892e+00 1.880510454e+00
6.492985972e+01 2.056283797e+00 1.958173521e+00
6.733466934e+01 2.139358090e+00 2.038710830e+00
6.973947896e+01 2.225542462e+00 2.122210251e+00
7.214428858e+01 2.314924548e+00 2.208760588e+00
7.454909820e+01 2.407592736e+00 2.298451390e+00
7.695390782e+01 2.503635967e+00 2.391372764e+00
7.935871743e+01 2.603143532e+00 2.487615188e+00
8.176352705e+01 2.706204861e+00 2.587269316e+00
8.416833667e+01 2.812909292e+00 2.690425772e+00
8.657314629e+01 2.923345840e+00 2.797174935e+00
8.897795591e+01 3.037602938e+00 2.907606715e+00
9.138276553e+01 3.155768179e+00 3.021810307e+00
9.378757515e+01 3.277928033e+00 3.139873937e+00
9.619238477e+01 3.404167553e+00 3.261884597e+00
9.859719439e+01 3.534570079e+00 3.387927762e+00
1.010020040e+02 3.669216901e+00 3.518087088e+00
1.034068136e+02 3.808186948e+00 3.652444118e+00
1.058116232e+02 3.951556431e+00 3.791077949e+00
1.082164329e+02 4.099398497e+00 3.934064904e+00
1.106212425e+02 4.251782872e+00 4.081478205e+00
1.130260521e+02 4.408775474e+00 4.233387596e+00
1.154308617e+02 4.570438056e+00 4.389859011e+00
1.178356713e+02 4.736827825e+00 4.550954205e+00
1.202404810e+02 4.907997060e+00 4.716730389e+00
1.226452906e+02 5.083992716e+00 4.887239850e+00
1.250501002e+02 5.264856062e+00 5.062529595e+00
1.274549098e+02 5.450622316e+00 5.242640999e+00
1.298597194e+02 5.641320268e+00 5.427609434e+00
1.322645291e+02 5.836971918e+00 5.617463906e+00
1.346693387e+02 6.037592141e+00 5.812226731e+00
1.370741483e+02 6.243188362e+00 6.011913199e+00
1.394789579e+02 6.453760265e+00 6.216531283e+00
1.418837675e+02 6.669299529e+00 6.426081361e+00
1.442885772e+02 6.889789492e+00 6.640555876e+00
1.466933868e+02 7.115204966e+00 6.859939137e+00
1.490981964e+02 7.345512105e+00 7.084207157e+00
1.515030060e+02 7.580668112e+00 7.313327348e+00
1.539078156e+02 7.820621219e+00 7.547258479e+00
1.563126253e+02 8.065310619e+00 7.785950561e+00
1.587174349e+02 8.314666224e+00 8.029344607e+00
1.611222445e+02 8.568608854e+00 8.277372758e+00
1.635270541e+02 8.827050315e+00 8.529958322e+00
1.659318637e+02 9.089893146e+00 8.787015515e+00
1.683366733e+02 9.357031354e+00 9.048450090e+00
1.707414830e+02 9.628349812e+00 9.314158769e+00
1.731462926e+02 9.903725013e+00 9.584029900e+00
1.755511022e+02 1.018302548e+01 9.857943801e+00
1.779559118e+02 1.046611100e+01 1.013577205e+01
1.803607214e+02 1.075283539e+01 1.041737999e+01
1.827655311e+02 1.104304325e+01 1.070262371e+01
1.851703407e+02 1.133657371e+01 1.099135354e+01
1.875751503e+02 1.163325913e+01 1.128341275e+01
1.899799599e+02 1.193292637e+01 1.157863880e+01
1.923847695e+02 1.223539661e+01 1.187686309e+01
1.947895792e+02 1.254048647e+01 1.217791205e+01
1.971943888e+02 1.284800878e+01 1.248160787e+01
1.995991984e+02 1.315777187e+01 1.278776773e+01
2.020040080e+02 1.346958216e+01 1.309620636e+01
2.044088176e+02 1.378324266e+01 1.340673455e+01
2.068136273e+02 1.409855545e+01 1.371916151e+01
2.092184369e+02 1.441532087e+01 1.403329412e+01
2.116232465e+02 1.473333906e+01 1.434893842e+01
2.140280561e+02 1.505241023e+01 1.466589984e+01
2.164328657e+02 1.537233487e+01 1.498398343e+01
2.188376754e+02 1.569291547e+01 1.530299553e+01
2.212424850e+02 1.601395504e+01 1.562274235e+01
2.236472946e+02 1.633526045e+01 1.594303322e+01
2.260521042e+02 1.665664001e+01 1.626367827e+01
2.284569138e+02 1.697790592e+01 1.658449083e+01
2.308617234e+02 1.729887435e+01 1.690528749e+01
2.332665331e+02 1.761936520e+01 1.722588794e+01
2.356713427e+02 1.793920319e+01 1.754611606e+01
2.380761523e+02 1.825821776e+01 1.786579982e+01
2.404809619e+02 1.857624378e+01 1.818477201e+01
2.428857715e+02 1.889312132e+01 1.850287008e+01
2.452905812e+02 1.920869616e+01 1.881993659e+01
2.476953908e+02 1.952282057e+01 1.913582014e+01
2.501002004e+02 1.983535283e+01 1.945037481e+01
2.525050100e+02 2.014615721e+01 1.976346024e+01
2.549098196e+02 2.045510447e+01 2.007494214e+01
2.573146293e+02 2.076207180e+01 2.038469223e+01
2.597194389e+02 2.106694292e+01 2.069258844e+01
2.621242485e+02 2.136960806e+01 2.099851488e+01
2.645290581e+02 2.166996402e+01 2.130236193e+01
2.669338677e+02 2.196791407e+01 2.160402620e+01
2.693386774e+02 2.226336795e+01 2.190341056e+01
2.717434870e+02 2.255624175e+01 2.220042402e+01
2.741482966e+02 2.284645785e+01 2.249498172e+01
2.765531062e+02 2.313394474e+01 2.278700481e+01
2.789579158e+02 2.341863698e+01 2.307642038e+01
2.813627255e+02 2.370047499e+01 2.336316133e+01
2.837675351e+02 2.397940489e+01 2.364716620e+01
2.861723447e+02 2.425537838e+01 2.392837910e+01
2.885771543e+02 2.452835252e+01 2.420674949e+01
2.909819639e+02 2.479828956e+01 2.448223207e+01
2.933867735e+02 2.506515676e+01 2.475478654e+01
2.957915832e+02 2.532892616e+01 2.502437752e+01
2.981963928e+02 2.558957444e+01 2.529097427e+01
3.006012024e+02 2.584708266e+01 2.555455057e+01
3.030060120e+02 2.610143607e+01 2.581508452e+01
3.054108216e+02 2.635262396e+01 2.607255834e+01
3.078156313e+02 2.660063939e+01 2.632695816e+01
3.102204409e+02 2.684547903e+01 2.657827389e+01
3.126252505e+02 2.708714296e+01 2.682649898e+01
3.150300601e+02 2.732563445e+01 2.707163025e+01
3.174348697e+02 2.756095982e+01 2.731366773e+01
3.198396794e+02 2.779312822e+01 2.755261443e+01
3.222444890e+02 2.802215145e+01 2.778847622e+01
3.246492986e+02 2.824804379e+01 2.802126162e+01
3.270541082e+02 2.847082183e+01 2.825098165e+01
3.294589178e+02 2.869050433e+01 2.847764966e+01
3.318637275e+02 2.890711202e+01 2.870128119e+01
3.342685371e+02 2.912066746e+01 2.892189377e+01
3.366733467e+02 2.933119494e+01 2.913950685e+01
3.390781563e+02 2.953872025e+01 2.935414160e+01
3.414829659e+02 2.974327064e+01 2.956582077e+01
3.438877756e+02 2.994487462e+01 2.977456861e+01
3.462925852e+02 3.014356189e+01 2.998041071e+01
3.486973948e+02 3.033936318e+01 3.018337387e+01
3.511022044e+02 3.053231017e+01 3.038348603e+01
3.535070140e+02 3.072243538e+01 3.058077612e+01
3.559118236e+02 3.090977207e+01 3.077527398e+01
3.583166333e+02 3.109435413e+01 3.096701025e+01
3.607214429e+02 3.127621603e+01 3.115601631e+01
3.631262525e+02 3.145539269e+01 3.134232415e+01
3.655310621e+02 3.163191945e+01 3.152596631e+01
3.679358717e+02 3.180583196e+01 3.170697580e+01
3.703406814e+02 3.197716614e+01 3.188538603e+01
3.727454910e+02 3.214595808e+01 3.206123076e+01
3.751503006e+02 3.231224402e+01 3.223454396e+01
3.775551102e+02 3.247606028e+01 3.240535988e+01
3.799599198e+02 3.263744318e+01 3.257371285e+01
3.823647295e+02 3.279642904e+01 3.273963734e+01
3.847695391e+02 3.295305412e+01 3.290316787e+01
3.871743487e+02 3.310735456e+01 3.306433894e+01
3.895791583e+02 3.325936634e+01 3.322318501e+01
3.919839679e+02 3.340912529e+01 3.337974049e+01
3.943887776e+02 3.355666701e+01 3.353403966e+01
3.967935872e+02 3.370202686e+01 3.368611665e+01
3.991983968e+02 3.384523993e+01 3.383600541e+01
4.016032064e+02 3.398634103e+01 3.398373971e+01
4.040080160e+02 3.412536465e+01 3.412935305e+01
4.064128257e+02 3.426234495e+01 3.427287871e+01
4.088176353e+02 3.439731573e+01 3.441434967e+01
4.112224449e+02 3.453031040e+01 3.455379861e+01
4.136272545e+02 3.466136206e+01 3.469125795e+01
4.160320641e+02 3.479050333e+01 3.482675971e+01
4.184368737e+02 3.491776647e+01 3.496033559e+01
4.208416834e+02 3.504318336e+01 3.509201700e+01
4.232464930e+02 3.516678533e+01 3.522183483e+01
4.256513026e+02 3.528860348e+01 3.534981981e+01
4.280561122e+02 3.540866824e+01 3.547600203e+01
4.304609218e+02 3.552700980e+01 3.560041142e+01
4.328657315e+02 3.564365761e+01 3.572307719e+01
4.352705411e+02 3.575864111e+01 3.584402860e+01
4.376753507e+02 3.587198905e+01 3.596329426e+01
4.400801603e+02 3.598372975e+01 3.608090235e+01
4.424849699e+02 3.609389106e+01 3.619688068e+01
4.448897796e+02 3.620250041e+01 3.631125663e+01
4.472945892e+02 3.630958474e+01 3.642405715e+01
4.496993988e+02 3.641517070e+01 3.653530891e+01
4.521042084e+02 3.651928419e+01 3.664503785e+01
4.545090180e+02 3.662195094e+01 3.675326980e+01
4.569138277e+02 3.672319623e+01 3.686003017e+01
4.593186373e+02 3.682304457e+01 3.696534356e+01
4.617234469e+02 3.692152048e+01 3.706923468e+01
4.641282565e+02 3.701864783e+01 3.717172756e+01
4.665330661e+02 3.711444996e+01 3.727284575e+01
4.689378758e+02 3.720895006e+01 3.737261263e+01
4.713426854e+02 3.730217068e+01 3.747105101e+01
4.737474950e+02 3.739413407e+01 3.756818339e+01
4.761523046e+02 3.748486212e+01 3.766403190e+01
4.785571142e+02 3.757437614e+01 3.775861815e+01
4.809619238e+02 3.766269708e+01 3.785196337e+01
4.833667335e+02 3.774984570e+01 3.794408862e+01
4.857715431e+02 3.783584212e+01 3.803501435e+01
4.881763527e+02 3.792070627e+01 3.812476080e+01
4.905811623e+02 3.800445768e+01 3.821334783e+01
4.929859719e+02 3.808711538e+01 3.830079481e+01
4.953907816e+02 3.816869817e+01 3.838712091e+01
4.977955912e+02 3.824922445e+01 3.847234486e+01
5.002004008e+02 3.832871226e+01 3.855648509e+01
5.026052104e+02 3.840717934e+01 3.863955969e+01
5.050100200e+02 3.848464307e+01 3.872158643e+01
5.074148297e+02 3.856112053e+01 3.880258273e+01
5.098196393e+02 3.863662838e+01 3.888256568e+01
5.122244489e+02 3.871118300e+01 3.896155203e+01
5.146292585e+02 3.878480047e+01 3.903955824e+01
5.170340681e+02 3.885749657e+01 3.911660048e+01
5.194388778e+02 3.892928677e+01 3.919269463e+01
5.218436874e+02 3.900018624e+01 3.926785624e+01
5.242484970e+02 3.907020986e+01 3.934210061e+01
5.266533066e+02 3.913937222e+01 3.941544270e+01
5.290581162e+02 3.920768763e+01 3.948789724e+01
5.314629259e+02 3.927517013e+01 3.955947865e+01
5.338677355e+02 3.934183347e+01 3.963020109e+01
5.362725451e+02 3.940769115e+01 3.970007847e+01
5.386773547e+02 3.947275641e+01 3.976912443e+01
5.410821643e+02 3.953704224e+01 3.983735233e+01
5.434869739e+02 3.960056137e+01 3.990477532e+01
5.458917836e+02 3.966332630e+01 3.997140629e+01
5.482965932e+02 3.972534927e+01 4.003725789e+01
5.507014028e+02 3.978664230e+01 4.010234251e+01
5.531062124e+02 3.984721719e+01 4.016667235e+01
5.555110220e+02 3.990708547e+01 4.023025934e+01
5.579158317e+02 3.996625850e+01 4.029311521e+01
5.603206413e+02 4.002474740e+01 4.035525148e+01
5.627254509e+02 4.008256307e+01 4.041667943e+01
5.651302605e+02 4.013971621e+01 4.047741015e+01
5.675350701e+02 4.019621733e+01 4.053745451e+01
5.699398798e+02 4.025207672e+01 4.059682319e+01
5.723446894e+02 4.030730448e+01 4.065552667e+01
5.747494990e+02 4.036191053e+01 4.071357522e+01
5.771543086e+02 4.041590460e+01 4.077097894e+01
5.795591182e+02 4.046929622e+01 4.082774774e+01
5.819639279e+02 4.052209475e+01 4.088389133e+01
5.843687375e+02 4.057430938e+01 4.093941928e+01
5.867735471e+02 4.062594913e+01 4.099434093e+01
5.891783567e+02 4.067702283e+01 4.104866549e+01
5.915831663e+02 4.072753916e+01 4.110240198e+01
5.939879760e+02 4.077750665e+01 4.115555928e+01
5.963927856e+02 4.082693364e+01 4.120814607e+01
5.987975952e+02 4.087582834e+01 4.126017090e+01
6.012024048e+02 4.092419881e+01 4.131164216e+01
6.036072144e+02 4.097205294e+01 4.136256809e+01
6.060120240e+02 4.101939849e+01 4.141295676e+01
6.084168337e+02 4.106624308e+01 4.146281612e+01
6.108216433e+02 4.111259417e+01 4.151215396e+01
6.132264529e+02 4.115845911e+01 4.156097795e+01
6.156312625e+02 4.120384509e+01 4.160929559e+01
6.180360721e+02 4.124875919e+01 4.165711427e+01
6.204408818e+02 4.129320835e+01 4.170444125e+01
6.228456914e+02 4.133719938e+01 4.175128364e+01
6.252505010e+02 4.138073898e+01 4.179764844e+01
6.276553106e+02 4.142383373e+01 4.184354253e+01
6.300601202e+02 4.146649006e+01 4.188897264e+01
6.324649299e+02 4.150871433e+01 4.193394542e+01
6.348697395e+02 4.155051275e+01 4.197846736e+01
6.372745491e+02 4.159189144e+01 4.202254488e+01
6.396793587e+02 4.163285640e+01 4.206618425e+01
6.420841683e+02 4.167341352e+01 4.210939166e+01
6.444889780e+02 4.171356861e+01 4.215217316e+01
6.468937876e+02 4.175332735e+01 4.219453473e+01
6.492985972e+02 4.179269532e+01 4.223648222e+01
6.517034068e+02 4.183167803e+01 4.227802139e+01
6.541082164e+02 4.187028086e+01 4.231915790e+01
6.565130261e+02 4.190850912e+01 4.235989730e+01
6.589178357e+02 4.194636801e+01 4.240024506e+01
6.613226453e+02 4.198386266e+01 4.244020655e+01
6.637274549e+02 4.202099808e+01 4.247978706e+01
6.661322645e+02 4.205777923e+01 4.251899176e+01
6.685370741e+02 4.209421095e+01 4.255782577e+01
6.709418838e+02 4.213029803e+01 4.259629409e+01
6.733466934e+02 4.216604515e+01 4.263440165e+01
6.757515030e+02 4.220145692e+01 4.267215330e+01
6.781563126e+02 4.223653787e+01 4.270955381e+01
6.805611222e+02 4.227129247e+01 4.274660785e+01
6.829659319e+02 4.230572508e+01 4.278332004e+01
6.853707415e+02 4.233984002e+01 4.281969490e+01
6.877755511e+02 4.237364152e+01 4.285573689e+01
6.901803607e+02 4.240713373e+01 4.289145039e+01
6.925851703e+02 4.244032076e+01 4.292683970e+01
6.949899800e+02 4.247320662e+01 4.296190907e+01
6.973947896e+02 4.250579528e+01 4.299666265e+01
6.997995992e+02 4.253809061e+01 4.303110455e+01
7.022044088e+02 4.257009646e+01 4.306523879e+01
7.046092184e+02 4.260181658e+01 4.309906935e+01
7.070140281e+02 4.263325467e+01 4.313260013e+01
7.094188377e+02 4.266441437e+01 4.316583495e+01
7.118236473e+02 4.269529927e+01 4.319877760e+01
7.142284569e+02 4.272591288e+01 4.323143179e+01
7.166332665e+02 4.275625868e+01 4.326380118e+01
7.190380762e+02 4.278634006e+01 4.329588936e+01
7.214428858e+02 4.281616040e+01 4.332769987e+01
7.238476954e+02 4.284572297e+01 4.335923620e+01
7.262525050e+02 4.287503103e+01 4.339050176e+01
7.286573146e+02 4.290408778e+01 4.342149994e+01
7.310621242e+02 4.293289636e+01 4.345223404e+01
7.334669339e+02 4.296145986e+01 4.348270735e+01
7.358717435e+02 4.298978133e+01 4.351292307e+01
7.382765531e+02 4.301786376e+01 4.354288437e+01
7.406813627e+02 4.304571010e+01 4.357259436e+01
7.430861723e+02 4.307332325e+01 4.360205612e+01
7.454909820e+02 4.310070607e+01 4.363127266e+01
7.478957916e+02 4.312786138e+01 4.366024695e+01
7.503006012e+02 4.315479193e+01 4.368898193e+01
7.527054108e+02 4.318150046e+01 4.371748046e+01
7.551102204e+02 4.320798965e+01 4.374574540e+01
7.575150301e+02 4.323426214e+01 4.377377953e+01
7.599198397e+02 4.326032053e+01 4.380158561e+01
7.623246493e+02 4.328616738e+01 4.382916634e+01
7.647294589e+02 4.331180521e+01 4.385652440e+01
7.671342685e+02 4.333723651e+01 4.388366241e+01
7.695390782e+02 4.336246372e+01 4.391058296e+01
7.719438878e+02 4.338748925e+01 4.393728859e+01
7.743486974e+02 4.341231546e+01 4.396378183e+01
7.767535070e+02 4.343694470e+01 4.399006514e+01
7.791583166e+02 4.346137927e+01 4.401614096e+01
7.815631263e+02 4.348562142e+01 4.404201169e+01
7.839679359e+02 4.350967340e+01 4.406767970e+01
7.863727455e+02 4.353353741e+01 4.409314731e+01
7.887775551e+02 4.355721560e+01 4.411841683e+01
7.911823647e+02 4.358071012e+01 4.414349051e+01
7.935871743e+02 4.360402306e+01 4.416837058e+01
7.959919840e+02 4.362715650e+01 4.419305924e+01
7.983967936e+02 4.365011247e+01 4.421755865e+01
8.008016032e+02 4.367289300e+01 4.424187094e+01
8.032064128e+02 4.369550005e+01 4.426599823e+01
8.056112224e+02 4.371793559e+01 4.428994257e+01
8.080160321e+02 4.374020154e+01 4.431370601e+01
8.104208417e+02 4.376229979e+01 4.433729056e+01
8.128256513e+02 4.378423221e+01 4.436069820e+01
8.152304609e+02 4.380600065e+01 4.438393090e+01
8.176352705e+02 4.382760693e+01 4.440699058e+01
8.200400802e+02 4.384905282e+01 4.442987913e+01
8.224448898e+02 4.387034011e+01 4.445259843e+01
8.248496994e+02 4.389147051e+01 4.447515033e+01
8.272545090e+02 4.391244576e+01 4.449753665e+01
8.296593186e+02 4.393326754e+01 4.451975918e+01
8.320641283e+02 4.395393752e+01 4.454181970e+01
8.344689379e+02 4.397445734e+01 4.456371995e+01
8.368737475e+02 4.399482863e+01 4.458546164e+01
8.392785571e+02 4.401505297e+01 4.460704649e+01
8.416833667e+02 4.403513195e+01 4.462847615e+01
8.440881764e+02 4.405506711e+01 4.464975229e+01
8.464929860e+02 4.407485999e+01 4.467087653e+01
8.488977956e+02 4.409451211e+01 4.469185047e+01
8.513026052e+02 4.411402494e+01 4.471267570e+01
8.537074148e+02 4.413339997e+01 4.473335378e+01
8.561122244e+02 4.415263863e+01 4.475388625e+01
8.585170341e+02 4.417174237e+01 4.477427464e+01
8.609218437e+02 4.419071258e+01 4.479452044e+01
8.633266533e+02 4.420955066e+01 4.481462513e+01
8.657314629e+02 4.422825798e+01 4.483459017e+01
8.681362725e+02 4.424683590e+01 4.485441699e+01
8.705410822e+02 4.426528575e+01 4.487410703e+01
8.729458918e+02 4.428360885e+01 4.489366168e+01
8.753507014e+02 4.430180649e+01 4.491308232e+01
8.777555110e+02 4.431987997e+01 4.493237032e+01
8.801603206e+02 4.433783055e+01 4.495152704e+01
8.825651303e+02 4.435565948e+01 4.497055379e+01
8.849699399e+02 4.437336798e+01 4.498945189e+01
8.873747495e+02 4.439095728e+01 4.500822263e+01
8.897795591e+02 4.440842857e+01 4.502686728e+01
8.921843687e+02 4.442578303e+01 4.504538711e+01
8.945891784e+02 4.444302185e+01 4.506378337e+01
8.969939880e+02 4.446014616e+01 4.508205728e+01
8.993987976e+02 4.447715711e+01 4.510021005e+01
9.018036072e+02 4.449405583e+01 4.511824289e+01
9.042084168e+02 4.451084342e+01 4.513615696e+01
9.066132265e+02 4.452752098e+01 4.515395345e+01
9.090180361e+02 4.454408959e+01 4.517163350e+01
9.114228457e+02 4.456055031e+01 4.518919825e+01
9.138276553e+02 4.457690420e+01 4.520664881e+01
9.162324649e+02 4.459315229e+01 4.522398630e+01
9.186372745e+02 4.460929562e+01 4.524121180e+01
9.210420842e+02 4.462533520e+01 4.525832641e+01
9.234468938e+02 4.464127203e+01 4.527533119e+01
9.258517034e+02 4.465710710e+01 4.529222718e+01
9.282565130e+02 4.467284138e+01 4.530901544e+01
9.306613226e+02 4.468847584e+01 4.532569698e+01
9.330661323e+02 4.470401143e+01 4.534227283e+01
9.354709419e+02 4.471944909e+01 4.535874399e+01
9.378757515e+02 4.473478975e+01 4.537511144e+01
9.402805611e+02 4.475003433e+01 4.539137616e+01
9.426853707e+02 4.476518372e+01 4.540753911e+01
9.450901804e+02 4.478023882e+01 4.542360125e+01
9.474949900e+02 4.479520052e+01 4.543956353e+01
9.498997996e+02 4.481006969e+01 4.545542686e+01
9.523046092e+02 4.482484718e+01 4.547119217e+01
9.547094188e+02 4.483953386e+01 4.548686037e+01
9.571142285e+02 4.485413056e+01 4.550243236e+01
9.595190381e+02 4.486863812e+01 4.551790902e+01
9.619238477e+02 4.488305735e+01 4.553329122e+01
9.643286573e+02 4.489738906e+01 4.554857984e+01
9.667334669e+02 4.491163406e+01 4.556377572e+01
9.691382766e+02 4.492579314e+01 4.557887971e+01
9.715430862e+02 4.493986707e+01 4.559389264e+01
9.739478958e+02 4.495385663e+01 4.560881534e+01
9.763527054e+02 4.496776258e+01 4.562364862e+01
9.787575150e+02 4.498158568e+01 4.563839329e+01
9.811623246e+02 4.499532668e+01 4.565305014e+01
9.835671343e+02 4.500898630e+01 4.566761996e+01
9.859719439e+02 4.502256528e+01 4.568210353e+01
9.883767535e+02 4.503606434e+01 4.569650160e+01
9.907815631e+02 4.504948419e+01 4.571081495e+01
9.931863727e+02 4.506282552e+01 4.572504433e+01
9.955911824e+02 4.507608905e+01 4.573919046e+01
9.979959920e+02 4.508927544e+01 4.575325410e+01
1.000400802e+03 4.510238538e+01 4.576723595e+01
1.002805611e+03 4.511541954e+01 4.578113674e+01
1.005210421e+03 4.512837858e+01 4.579495717e+01
1.007615230e+03 4.514126316e+01 4.580869794e+01
1.010020040e+03 4.515407392e+01 4.582235975e+01
1.012424850e+03 4.516681151e+01 4.583594328e+01
1.014829659e+03 4.517947656e+01 4.584944921e+01
1.017234469e+03 4.519206969e+01 4.586287819e+01
1.019639279e+03 4.520459153e+01 4.587623090e+01
1.022044088e+03 4.521704267e+01 4.588950799e+01
1.024448898e+03 4.522942374e+01 4.590271010e+01
1.026853707e+03 4.524173533e+01 4.591583788e+01
1.029258517e+03 4.525397802e+01 4.592889194e+01
1.031663327e+03 4.526615240e+01 4.594187293e+01
1.034068136e+03 4.527825906e+01 4.595478145e+01
1.036472946e+03 4.529029856e+01 4.596761812e+01
1.038877756e+03 4.530227147e+01 4.598038353e+01
1.041282565e+03 4.531417834e+01 4.599307830e+01
1.043687375e+03 4.532601973e+01 4.600570300e+01
1.046092184e+03 4.533779619e+01 4.601825823e+01
1.048496994e+03 4.534950825e+01 4.603074455e+01
1.050901804e+03 4.536115646e+01 4.604316255e+01
1.053306613e+03 4.537274133e+01 4.605551278e+01
1.055711423e+03 4.538426341e+01 4.606779582e+01
1.058116232e+03 4.539572319e+01 4.608001220e+01
1.060521042e+03 4.540712119e+01 4.609216247e+01
1.062925852e+03 4.541845792e+01 4.610424718e+01
1.065330661e+03 4.542973388e+01 4.611626687e+01
1.067735471e+03 4.544094957e+01 4.612822206e+01
1.070140281e+03 4.545210547e+01 4.614011327e+01
1.072545090e+03 4.546320207e+01 4.615194103e+01
1.074949900e+03 4.547423986e+01 4.616370585e+01
1.077354709e+03 4.548521930e+01 4.617540823e+01
1.079759519e+03 4.549614086e+01 4.618704868e+01
1.082164329e+03 4.550700501e+01 4.619862769e+01
1.084569138e+03 4.551781220e+01 4.621014576e+01
1.086973948e+03 4.552856290e+01 4.622160336e+01
1.089378758e+03 4.553925754e+01 4.623300098e+01
1.091783567e+03 4.554989659e+01 4.624433911e+01
1.094188377e+03 4.556048047e+01 4.625561820e+01
1.096593186e+03 4.557100963e+01 4.626683872e+01
1.098997996e+03 4.558148449e+01 4.627800115e+01
1.101402806e+03 4.559190548e+01 4.628910592e+01
1.103807615e+03 4.560227303e+01 4.630015350e+01
1.106212425e+03 4.561258755e+01 4.631114434e+01
1.108617234e+03 4.562284946e+01 4.632207886e+01
1.111022044e+03 4.563305916e+01 4.633295752e+01
1.113426854e+03 4.564321706e+01 4.634378074e+01
1.115831663e+03 4.565332356e+01 4.635454896e+01
1.118236473e+03 4.566337905e+01 4.636526259e+01
1.120641283e+03 4.567338394e+01 4.637592206e+01
1.123046092e+03 4.568333861e+01 4.638652779e+01
1.125450902e+03 4.569324344e+01 4.639708018e+01
1.127855711e+03 4.570309883e+01 4.640757966e+01
1.130260521e+03 4.571290513e+01 4.641802660e+01
1.132665331e+03 4.572266273e+01 4.642842143e+01
1.135070140e+03 4.573237200e+01 4.643876453e+01
1.137474950e+03 4.574203330e+01 4.644905629e+01
1.139879760e+03 4.575164699e+01 4.645929711e+01
1.142284569e+03 4.576121343e+01 4.646948736e+01
1.144689379e+03 4.577073298e+01 4.647962742e+01
1.147094188e+03 4.578020599e+01 4.648971768e+01
1.149498998e+03 4.578963281e+01 4.649975850e+01
1.151903808e+03 4.579901378e+01 4.650975025e+01
1.154308617e+03 4.580834924e+01 4.651969330e+01
1.156713427e+03 4.581763953e+01 4.652958801e+01
1.159118236e+03 4.582688498e+01 4.653943474e+01
1.161523046e+03 4.583608593e+01 4.654923383e+01
1.163927856e+03 4.584524271e+01 4.655898565e+01
1.166332665e+03 4.585435563e+01 4.656869054e+01
1.168737475e+03 4.586342502e+01 4.657834885e+01
1.171142285e+03 4.587245121e+01 4.658796090e+01
1.173547094e+03 4.588143449e+01 4.659752706e+01
1.175951904e+03 4.589037519e+01 4.660704763e+01
1.178356713e+03 4.589927362e+01 4.661652297e+01
1.180761523e+03 4.590813008e+01 4.662595339e+01
1.183166333e+03 4.591694487e+01 4.663533922e+01
1.185571142e+03 4.592571830e+01 4.664468078e+01
1.187975952e+03 4.593445066e+01 4.665397839e+01
1.190380762e+03 4.594314225e+01 4.666323237e+01
1.192785571e+03 4.595179336e+01 4.667244303e+01
1.195190381e+03 4.596040427e+01 4.668161067e+01
1.197595190e+03 4.596897529e+01 4.669073561e+01
1.200000000e+03 4.597750668e+01 4.669981815e+01
