time            Cj              Ck              shCj            shCk            CancelC        
0.000000000e+00 1.000000000e+00 0.000000000e+00 0.000000000e+00 0.000000000e+00 4.000000000e+01
8.657314629e+01 7.654924464e-01 2.104790730e-02 5.181648221e-07 2.671322060e-02 3.986036804e+01
1.731462926e+02 6.988651775e-01 4.009109206e-02 7.448822802e-06 5.079106677e-02 3.986263621e+01
2.597194389e+02 6.483097447e-01 5.784426784e-02 3.423387094e-05 7.279020429e-02 3.986178660e+01
3.462925852e+02 6.098609061e-01 7.484064352e-02 9.862287046e-05 9.304018897e-02 3.985847667e+01
4.328657315e+02 5.805453542e-01 9.149494845e-02 2.200318323e-04 1.117822594e-01 3.985317453e+01
5.194388778e+02 5.581363139e-01 1.081090030e-01 4.177346296e-04 1.291970316e-01 3.984621563e+01
6.060120240e+02 5.409682413e-01 1.248863441e-01 7.096536594e-04 1.454228971e-01 3.983784166e+01
6.925851703e+02 5.277970477e-01 1.419500479e-01 1.111585640e-03 1.605684842e-01 3.982822757e+01
7.791583166e+02 5.176949097e-01 1.593605138e-01 1.636747288e-03 1.747212199e-01 3.981750047e+01
8.657314629e+02 5.099711540e-01 1.771315490e-01 2.295554815e-03 1.879532813e-01 3.980575284e+01
9.523046092e+02 5.041127779e-01 1.952440666e-01 3.095573350e-03 2.003257672e-01 3.979305202e+01
1.038877756e+03 4.997396798e-01 2.136572449e-01 4.041586266e-03 2.118916414e-01 3.977944691e+01
1.125450902e+03 4.965709886e-01 2.323172950e-01 5.135747777e-03 2.226978134e-01 3.976497283e+01
1.212024048e+03 4.943997509e-01 2.511641149e-01 6.377790106e-03 2.327866076e-01 3.974965508e+01
1.298597194e+03 4.930738902e-01 2.701361664e-01 7.765263331e-03 2.421967995e-01 3.973351157e+01
1.385170341e+03 4.924818982e-01 2.891739038e-01 9.293791718e-03 2.509643421e-01 3.971655470e+01
1.471743487e+03 4.925421126e-01 3.082220555e-01 1.095733439e-02 2.591228736e-01 3.969879282e+01
1.558316633e+03 4.931946706e-01 3.272310260e-01 1.274844142e-02 2.667040680e-01 3.968023135e+01
1.644889780e+03 4.943955280e-01 3.461576298e-01 1.465849932e-02 2.737378786e-01 3.966087356e+01
1.731462926e+03 4.961119923e-01 3.649653475e-01 1.667796159e-02 2.802527046e-01 3.964072123e+01
1.818036072e+03 4.983194281e-01 3.836242390e-01 1.879656191e-02 2.862755088e-01 3.961977512e+01
1.904609218e+03 5.009988524e-01 4.021106237e-01 2.100350815e-02 2.918318998e-01 3.959803537e+01
1.991182365e+03 5.041351662e-01 4.204066233e-01 2.328765725e-02 2.969461947e-01 3.957550176e+01
2.077755511e+03 5.077158878e-01 4.384996209e-01 2.563767100e-02 3.016414682e-01 3.955217395e+01
2.164328657e+03 5.117302683e-01 4.563816830e-01 2.804215260e-02 3.059395958e-01 3.952805164e+01
2.250901804e+03 5.161686825e-01 4.740489821e-01 3.048976581e-02 3.098612907e-01 3.950313474e+01
2.337474950e+03 5.210221791e-01 4.915012428e-01 3.296933782e-02 3.134261470e-01 3.947742342e+01
2.424048096e+03 5.262822597e-01 5.087412158e-01 3.546994610e-02 3.166526725e-01 3.945091826e+01
2.510621242e+03 5.319406708e-01 5.257742029e-01 3.798099177e-02 3.195583349e-01 3.942362024e+01
2.597194389e+03 5.379893494e-01 5.426076230e-01 4.049225990e-02 3.221595989e-01 3.939553082e+01
2.683767535e+03 5.444203742e-01 5.592506300e-01 4.299396844e-02 3.244719713e-01 3.936665199e+01
2.770340681e+03 5.512259705e-01 5.757137770e-01 4.547680670e-02 3.265100439e-01 3.933698625e+01
2.856913828e+03 5.583985375e-01 5.920087247e-01 4.793196490e-02 3.282875374e-01 3.930653666e+01
2.943486974e+03 5.659306776e-01 6.081479926e-01 5.035115542e-02 3.298173466e-01 3.927530681e+01
3.030060120e+03 5.738152480e-01 6.241447464e-01 5.272662705e-02 3.311115842e-01 3.924330088e+01
3.116633267e+03 5.820454009e-01 6.400126212e-01 5.505117295e-02 3.321816246e-01 3.921052357e+01
3.203206413e+03 5.906146302e-01 6.557655702e-01 5.731813386e-02 3.330381470e-01 3.917698015e+01
3.289779559e+03 5.995168131e-01 6.714177432e-01 5.952139601e-02 3.336911774e-01 3.914267641e+01
3.376352705e+03 6.087462466e-01 6.869833891e-01 6.165538496e-02 3.341501288e-01 3.910761868e+01
3.462925852e+03 6.182976796e-01 7.024767763e-01 6.371505648e-02 3.344238411e-01 3.907181379e+01
3.549498998e+03 6.281663396e-01 7.179121288e-01 6.569588464e-02 3.345206180e-01 3.903526908e+01
3.636072144e+03 6.383479546e-01 7.333035748e-01 6.759384805e-02 3.344482638e-01 3.899799237e+01
3.722645291e+03 6.488387702e-01 7.486651097e-01 6.940541380e-02 3.342141177e-01 3.895999194e+01
3.809218437e+03 6.596355615e-01 7.640105690e-01 7.112751982e-02 3.338250864e-01 3.892127652e+01
3.895791583e+03 6.707356413e-01 7.793536107e-01 7.275755603e-02 3.332876755e-01 3.888185526e+01
3.982364729e+03 6.821368634e-01 7.947077020e-01 7.429334521e-02 3.326080189e-01 3.884173771e+01
4.068937876e+03 6.938376256e-01 8.100861128e-01 7.573312260e-02 3.317919065e-01 3.880093385e+01
4.155511022e+03 7.058368666e-01 8.255019130e-01 7.707551589e-02 3.308448108e-01 3.875945397e+01
4.242084168e+03 7.181340599e-01 8.409679681e-01 7.831952633e-02 3.297719132e-01 3.871730876e+01
4.328657315e+03 7.307292162e-01 8.564969559e-01 7.946450404e-02 3.285781234e-01 3.867450920e+01
4.415230461e+03 7.436228652e-01 8.721013596e-01 8.051013264e-02 3.272681063e-01 3.863106661e+01
4.501803607e+03 7.568160534e-01 8.877934821e-01 8.145640653e-02 3.258463001e-01 3.858699257e+01
4.588376754e+03 7.703103324e-01 9.035854572e-01 8.230361133e-02 3.243169356e-01 3.854229895e+01
4.674949900e+03 7.841077479e-01 9.194892558e-01 8.305230551e-02 3.226840552e-01 3.849699787e+01
4.761523046e+03 7.982108288e-01 9.355166989e-01 8.370330149e-02 3.209515293e-01 3.845110168e+01
4.848096192e+03 8.126225757e-01 9.516794683e-01 8.425764765e-02 3.191230723e-01 3.840462292e+01
4.934669339e+03 8.273464494e-01 9.679891184e-01 8.471661017e-02 3.172022589e-01 3.835757435e+01
5.021242485e+03 8.423863577e-01 9.844570875e-01 8.508165762e-02 3.151925356e-01 3.830996890e+01
5.107815631e+03 8.577466458e-01 1.001094710e+00 8.535444257e-02 3.130972360e-01 3.826181966e+01
5.194388778e+03 8.734320834e-01 1.017913232e+00 8.553678711e-02 3.109195904e-01 3.821313985e+01
5.280961924e+03 8.894478474e-01 1.034923810e+00 8.563067111e-02 3.086627384e-01 3.816394281e+01
5.367535070e+03 9.057995178e-01 1.052137534e+00 8.563821253e-02 3.063297396e-01 3.811424201e+01
5.454108216e+03 9.224930746e-01 1.069565448e+00 8.556165286e-02 3.039235768e-01 3.806405100e+01
5.540681363e+03 9.395348637e-01 1.087218532e+00 8.540335341e-02 3.014471742e-01 3.801338339e+01
5.627254509e+03 9.569315970e-01 1.105107726e+00 8.516577734e-02 2.989034021e-01 3.796225286e+01
5.713827655e+03 9.746903472e-01 1.123243942e+00 8.485147661e-02 2.962950795e-01 3.791067312e+01
5.800400802e+03 9.928185357e-01 1.141638078e+00 8.446308034e-02 2.936249841e-01 3.785865792e+01
5.886973948e+03 1.011323932e+00 1.160301028e+00 8.400328147e-02 2.908958538e-01 3.780622103e+01
5.973547094e+03 1.030214615e+00 1.179243666e+00 8.347483978e-02 2.881104017e-01 3.775337620e+01
6.060120240e+03 1.049498989e+00 1.198476875e+00 8.288056054e-02 2.852713138e-01 3.770013715e+01
6.146693387e+03 1.069185761e+00 1.218011544e+00 8.222329000e-02 2.823812527e-01 3.764651758e+01
6.233266533e+03 1.089283951e+00 1.237858596e+00 8.150590035e-02 2.794428584e-01 3.759253116e+01
6.319839679e+03 1.109802877e+00 1.258028982e+00 8.073128424e-02 2.764587539e-01 3.753819149e+01
6.406412826e+03 1.130752124e+00 1.278533668e+00 7.990235827e-02 2.734315538e-01 3.748351208e+01
6.492985972e+03 1.152141557e+00 1.299383660e+00 7.902204312e-02 2.703638589e-01 3.742850637e+01
6.579559118e+03 1.173981304e+00 1.320590000e+00 7.809326243e-02 2.672582596e-01 3.737318766e+01
6.666132265e+03 1.196281771e+00 1.342163797e+00 7.711892550e-02 2.641173304e-01 3.731756918e+01
6.752705411e+03 1.219053612e+00 1.364116209e+00 7.610193092e-02 2.609436385e-01 3.726166402e+01
6.839278557e+03 1.242307723e+00 1.386458440e+00 7.504516487e-02 2.577397449e-01 3.720548512e+01
6.925851703e+03 1.266055237e+00 1.409201755e+00 7.395148828e-02 2.545081994e-01 3.714904526e+01
7.012424850e+03 1.290307514e+00 1.432357473e+00 7.282373438e-02 2.512515438e-01 3.709235704e+01
7.098997996e+03 1.315076156e+00 1.455937005e+00 7.166469395e-02 2.479723005e-01 3.703543292e+01
7.185571142e+03 1.340372973e+00 1.479951812e+00 7.047712370e-02 2.446729841e-01 3.697828512e+01
7.272144289e+03 1.366209983e+00 1.504413428e+00 6.926373772e-02 2.413560954e-01 3.692092569e+01
7.358717435e+03 1.392599415e+00 1.529333467e+00 6.802720070e-02 2.380241175e-01 3.686336643e+01
7.445290581e+03 1.419553696e+00 1.554723616e+00 6.677012583e-02 2.346795164e-01 3.680561893e+01
7.531863727e+03 1.447085442e+00 1.580595640e+00 6.549506956e-02 2.313247359e-01 3.674769453e+01
7.618436874e+03 1.475207457e+00 1.606961383e+00 6.420453012e-02 2.279621974e-01 3.668960433e+01
7.705010020e+03 1.503932720e+00 1.633832769e+00 6.290094237e-02 2.245942965e-01 3.663135913e+01
7.791583166e+03 1.533274388e+00 1.661221804e+00 6.158667646e-02 2.212234002e-01 3.657296949e+01
7.878156313e+03 1.563245779e+00 1.689140576e+00 6.026403257e-02 2.178518448e-01 3.651444566e+01
7.964729459e+03 1.593860374e+00 1.717601258e+00 5.893524156e-02 2.144819312e-01 3.645579760e+01
8.051302605e+03 1.625131806e+00 1.746616105e+00 5.760245855e-02 2.111159247e-01 3.639703497e+01
8.137875752e+03 1.657073856e+00 1.776197455e+00 5.626776587e-02 2.077560486e-01 3.633816710e+01
8.224448898e+03 1.689700446e+00 1.806357734e+00 5.493316547e-02 2.044044843e-01 3.627920299e+01
8.311022044e+03 1.723025632e+00 1.837109446e+00 5.360058293e-02 2.010633657e-01 3.622015133e+01
8.397595190e+03 1.757063600e+00 1.868465186e+00 5.227186042e-02 1.977347778e-01 3.616102044e+01
8.484168337e+03 1.791828658e+00 1.900437626e+00 5.094876100e-02 1.944207532e-01 3.610181831e+01
8.570741483e+03 1.827335230e+00 1.933039527e+00 4.963296203e-02 1.911232691e-01 3.604255256e+01
8.657314629e+03 1.863597852e+00 1.966283730e+00 4.832606017e-02 1.878442453e-01 3.598323045e+01
8.743887776e+03 1.900631160e+00 2.000183160e+00 4.702956494e-02 1.845855404e-01 3.592385887e+01
8.830460922e+03 1.938449895e+00 2.034750823e+00 4.574490437e-02 1.813489511e-01 3.586444434e+01
8.917034068e+03 1.977068884e+00 2.069999806e+00 4.447341918e-02 1.781362075e-01 3.580499300e+01
9.003607214e+03 2.016503046e+00 2.105943278e+00 4.321636809e-02 1.749489737e-01 3.574551061e+01
9.090180361e+03 2.056767376e+00 2.142594487e+00 4.197492392e-02 1.717888430e-01 3.568600255e+01
9.176753507e+03 2.097876947e+00 2.179966758e+00 4.075017755e-02 1.686573388e-01 3.562647379e+01
9.263326653e+03 2.139846900e+00 2.218073494e+00 3.954313621e-02 1.655559109e-01 3.556692895e+01
9.349899800e+03 2.182692440e+00 2.256928176e+00 3.835472620e-02 1.624859355e-01 3.550737223e+01
9.436472946e+03 2.226428828e+00 2.296544358e+00 3.718579310e-02 1.594487137e-01 3.544780746e+01
9.523046092e+03 2.271071378e+00 2.336935668e+00 3.603710351e-02 1.564454705e-01 3.538823809e+01
9.609619238e+03 2.316635452e+00 2.378115805e+00 3.490934693e-02 1.534773546e-01 3.532866717e+01
9.696192385e+03 2.363136450e+00 2.420098540e+00 3.380313663e-02 1.505454371e-01 3.526909737e+01
9.782765531e+03 2.410589808e+00 2.462897712e+00 3.271901293e-02 1.476507132e-01 3.520953100e+01
9.869338677e+03 2.459010991e+00 2.506527226e+00 3.165744382e-02 1.447940999e-01 3.514996998e+01
9.955911824e+03 2.508415490e+00 2.551001054e+00 3.061882883e-02 1.419764390e-01 3.509041589e+01
1.004248497e+04 2.558818812e+00 2.596333227e+00 2.960349855e-02 1.391984936e-01 3.503086991e+01
1.012905812e+04 2.610236476e+00 2.642537839e+00 2.861172127e-02 1.364609549e-01 3.497133290e+01
1.021563126e+04 2.662684010e+00 2.689629040e+00 2.764370026e-02 1.337644351e-01 3.491180535e+01
1.030220441e+04 2.716176940e+00 2.737621035e+00 2.669958204e-02 1.311094777e-01 3.485228743e+01
1.038877756e+04 2.770730789e+00 2.786528081e+00 2.577945411e-02 1.284965502e-01 3.479277898e+01
1.047535070e+04 2.826361070e+00 2.836364485e+00 2.488335163e-02 1.259260529e-01 3.473327951e+01
1.056192385e+04 2.883083281e+00 2.887144600e+00 2.401125958e-02 1.233983197e-01 3.467378824e+01
1.064849699e+04 2.940912895e+00 2.938882821e+00 2.316311306e-02 1.209136140e-01 3.461430408e+01
1.073507014e+04 2.999865350e+00 2.991593573e+00 2.233880104e-02 1.184721342e-01 3.455482564e+01
1.082164329e+04 3.059956053e+00 3.045291321e+00 2.153817012e-02 1.160740150e-01 3.449535127e+01
1.090821643e+04 3.121200373e+00 3.099990563e+00 2.076102936e-02 1.137193366e-01 3.443587907e+01
1.099478958e+04 3.183613629e+00 3.155705819e+00 2.000714930e-02 1.114081160e-01 3.437640688e+01
1.108136273e+04 3.247211080e+00 3.212451628e+00 1.927626735e-02 1.091403188e-01 3.431693229e+01
1.116793587e+04 3.312007925e+00 3.270242541e+00 1.856809021e-02 1.069158585e-01 3.425745269e+01
1.125450902e+04 3.378019290e+00 3.329093122e+00 1.788229533e-02 1.047345955e-01 3.419796524e+01
1.134108216e+04 3.445260222e+00 3.389017931e+00 1.721853183e-02 1.025963391e-01 3.413846691e+01
1.142765531e+04 3.513745685e+00 3.450031530e+00 1.657642738e-02 1.005008546e-01 3.407895449e+01
1.151422846e+04 3.583490546e+00 3.512148468e+00 1.595558939e-02 9.844786871e-02 3.401942461e+01
1.160080160e+04 3.654509575e+00 3.575383281e+00 1.535560638e-02 9.643706338e-02 3.395987372e+01
1.168737475e+04 3.726817423e+00 3.639750475e+00 1.477605101e-02 9.446808667e-02 3.390029814e+01
1.177394790e+04 3.800428625e+00 3.705264525e+00 1.421648324e-02 9.254055194e-02 3.384069409e+01
1.186052104e+04 3.875357587e+00 3.771939870e+00 1.367645080e-02 9.065403950e-02 3.378105764e+01
1.194709419e+04 3.951618574e+00 3.839790895e+00 1.315549040e-02 8.880809872e-02 3.372138478e+01
1.203366733e+04 4.029225703e+00 3.908831932e+00 1.265313322e-02 8.700225345e-02 3.366167142e+01
1.212024048e+04 4.108192928e+00 3.979077239e+00 1.216890219e-02 8.523600073e-02 3.360191339e+01
1.220681363e+04 4.188534036e+00 4.050541005e+00 1.170231800e-02 8.350881582e-02 3.354210645e+01
1.229338677e+04 4.270262629e+00 4.123237327e+00 1.125289690e-02 8.182015396e-02 3.348224634e+01
1.237995992e+04 4.353392120e+00 4.197180211e+00 1.082015595e-02 8.016945218e-02 3.342232876e+01
1.246653307e+04 4.437935719e+00 4.272383556e+00 1.040361209e-02 7.855613137e-02 3.336234940e+01
1.255310621e+04 4.523906413e+00 4.348861134e+00 1.000278198e-02 7.697959683e-02 3.330230391e+01
1.263967936e+04 4.611316970e+00 4.426626602e+00 9.617188518e-03 7.543924426e-02 3.324218800e+01
1.272625251e+04 4.700179910e+00 4.505693467e+00 9.246355770e-03 7.393445760e-02 3.318199736e+01
1.281282565e+04 4.790507501e+00 4.586075085e+00 8.889814208e-03 7.246461344e-02 3.312172772e+01
1.289939880e+04 4.882311749e+00 4.667784654e+00 8.547100978e-03 7.102908222e-02 3.306137486e+01
1.298597194e+04 4.975604366e+00 4.750835180e+00 8.217754503e-03 6.962722486e-02 3.300093460e+01
1.307254509e+04 5.070396783e+00 4.835239491e+00 7.901325364e-03 6.825840293e-02 3.294040284e+01
1.315911824e+04 5.166700113e+00 4.921010207e+00 7.597369576e-03 6.692197269e-02 3.287977554e+01
1.324569138e+04 5.264525149e+00 5.008159729e+00 7.305451226e-03 6.561728850e-02 3.281904875e+01
1.333226453e+04 5.363882351e+00 5.096700235e+00 7.025144729e-03 6.434370675e-02 3.275821862e+01
1.341883768e+04 5.464781820e+00 5.186643651e+00 6.756033734e-03 6.310058547e-02 3.269728140e+01
1.350541082e+04 5.567233300e+00 5.278001654e+00 6.497712866e-03 6.188728572e-02 3.263623343e+01
1.359198397e+04 5.671246149e+00 5.370785644e+00 6.249785850e-03 6.070317099e-02 3.257507122e+01
1.367855711e+04 5.776829322e+00 5.465006733e+00 6.011864322e-03 5.954760623e-02 3.251379137e+01
1.376513026e+04 5.883991375e+00 5.560675738e+00 5.783574101e-03 5.841996578e-02 3.245239063e+01
1.385170341e+04 5.992740418e+00 5.657803148e+00 5.564547082e-03 5.731962537e-02 3.239086589e+01
1.393827655e+04 6.103084126e+00 5.756399127e+00 5.354427415e-03 5.624596906e-02 3.232921420e+01
1.402484970e+04 6.215029716e+00 5.856473494e+00 5.152869569e-03 5.519838760e-02 3.226743274e+01
1.411142285e+04 6.328583930e+00 5.958035706e+00 4.959538169e-03 5.417627743e-02 3.220551890e+01
1.419799599e+04 6.443753021e+00 6.061094844e+00 4.774108506e-03 5.317904468e-02 3.214347021e+01
1.428456914e+04 6.560542733e+00 6.165659598e+00 4.596267330e-03 5.220610441e-02 3.208128439e+01
1.437114228e+04 6.678958293e+00 6.271738251e+00 4.425712463e-03 5.125688139e-02 3.201895932e+01
1.445771543e+04 6.799004391e+00 6.379338666e+00 4.262152265e-03 5.033081016e-02 3.195649310e+01
1.454428858e+04 6.920685170e+00 6.488468272e+00 4.105301808e-03 4.942733123e-02 3.189388401e+01
1.463086172e+04 7.044004206e+00 6.599134045e+00 3.954889732e-03 4.854589919e-02 3.183113051e+01
1.471743487e+04 7.168964487e+00 6.711342491e+00 3.810652248e-03 4.768597546e-02 3.176823127e+01
1.480400802e+04 7.295568403e+00 6.825099629e+00 3.672333806e-03 4.684702937e-02 3.170518515e+01
1.489058116e+04 7.423817730e+00 6.940410982e+00 3.539688958e-03 4.602854247e-02 3.164199122e+01
1.497715431e+04 7.553713645e+00 7.057281578e+00 3.412482543e-03 4.523000635e-02 3.157864878e+01
1.506372745e+04 7.685256663e+00 7.175715905e+00 3.290486652e-03 4.445092181e-02 3.151515731e+01
1.515030060e+04 7.818446659e+00 7.295717919e+00 3.173483446e-03 4.369080162e-02 3.145151653e+01
1.523687375e+04 7.953282852e+00 7.417291025e+00 3.061266067e-03 4.294917282e-02 3.138772635e+01
1.532344689e+04 8.089763775e+00 7.540438060e+00 2.953635150e-03 4.222557169e-02 3.132378693e+01
1.541002004e+04 8.227887278e+00 7.665161278e+00 2.850396094e-03 4.151954071e-02 3.125969861e+01
1.549659319e+04 8.367650508e+00 7.791462343e+00 2.751363631e-03 4.083063527e-02 3.119546196e+01
1.558316633e+04 8.509049901e+00 7.919342311e+00 2.656360129e-03 4.015842136e-02 3.113107777e+01
1.566973948e+04 8.652081194e+00 8.048801634e+00 2.565213290e-03 3.950247097e-02 3.106654705e+01
1.575631263e+04 8.796739371e+00 8.179840120e+00 2.477757662e-03 3.886236753e-02 3.100187103e+01
1.584288577e+04 8.943018691e+00 8.312456950e+00 2.393836276e-03 3.823770588e-02 3.093705114e+01
1.592945892e+04 9.090912667e+00 8.446650650e+00 2.313299308e-03 3.762809132e-02 3.087208905e+01
1.601603206e+04 9.240414049e+00 8.582419082e+00 2.236001857e-03 3.703313721e-02 3.080698662e+01
1.610260521e+04 9.391514855e+00 8.719759458e+00 2.161806171e-03 3.645246817e-02 3.074174594e+01
1.618917836e+04 9.544206310e+00 8.858668292e+00 2.090580882e-03 3.588571878e-02 3.067636932e+01
1.627575150e+04 9.698478881e+00 8.999141423e+00 2.022199574e-03 3.533253200e-02 3.061085926e+01
1.636232465e+04 9.854322271e+00 9.141174000e+00 1.956539909e-03 3.479255802e-02 3.054521847e+01
1.644889780e+04 1.001172538e+01 9.284760460e+00 1.893486116e-03 3.426545828e-02 3.047944988e+01
1.653547094e+04 1.017067638e+01 9.429894552e+00 1.832927551e-03 3.375090228e-02 3.041355661e+01
1.662204409e+04 1.033116259e+01 9.576569299e+00 1.774757621e-03 3.324856771e-02 3.034754197e+01
1.670861723e+04 1.049317061e+01 9.724777009e+00 1.718874271e-03 3.275814047e-02 3.028140948e+01
1.679519038e+04 1.065668624e+01 9.874509288e+00 1.665179836e-03 3.227931421e-02 3.021516284e+01
1.688176353e+04 1.082169449e+01 1.002575699e+01 1.613580475e-03 3.181179046e-02 3.014880594e+01
1.696833667e+04 1.098817962e+01 1.017851028e+01 1.563987944e-03 3.135528039e-02 3.008234285e+01
1.705490982e+04 1.115612509e+01 1.033275857e+01 1.516317922e-03 3.090950292e-02 3.001577783e+01
1.714148297e+04 1.132551360e+01 1.048849056e+01 1.470489312e-03 3.047418384e-02 2.994911529e+01
1.722805611e+04 1.149632712e+01 1.064569422e+01 1.426421774e-03 3.004905234e-02 2.988235983e+01
1.731462926e+04 1.166854681e+01 1.080435679e+01 1.384040331e-03 2.963384755e-02 2.981551619e+01
1.740120240e+04 1.184215312e+01 1.096446479e+01 1.343275482e-03 2.922831836e-02 2.974858929e+01
1.748777555e+04 1.201712576e+01 1.112600404e+01 1.304063384e-03 2.883222383e-02 2.968158421e+01
1.757434870e+04 1.219344371e+01 1.128895963e+01 1.266341471e-03 2.844532751e-02 2.961450615e+01
1.766092184e+04 1.237108520e+01 1.145331593e+01 1.230039038e-03 2.806738459e-02 2.954736044e+01
1.774749499e+04 1.255002778e+01 1.161905660e+01 1.195089443e-03 2.769815840e-02 2.948015256e+01
1.783406814e+04 1.273024831e+01 1.178616464e+01 1.161443536e-03 2.733743799e-02 2.941288812e+01
1.792064128e+04 1.291172298e+01 1.195462234e+01 1.129054170e-03 2.698501764e-02 2.934557287e+01
1.800721443e+04 1.309442730e+01 1.212441131e+01 1.097867219e-03 2.664068496e-02 2.927821264e+01
1.809378758e+04 1.327833611e+01 1.229551248e+01 1.067833462e-03 2.630423677e-02 2.921081339e+01
1.818036072e+04 1.346342364e+01 1.246790613e+01 1.038900605e-03 2.597546848e-02 2.914338117e+01
1.826693387e+04 1.364966350e+01 1.264157188e+01 1.011023141e-03 2.565418705e-02 2.907592211e+01
1.835350701e+04 1.383702869e+01 1.281648872e+01 9.841570126e-04 2.534020389e-02 2.900844244e+01
1.844008016e+04 1.402549165e+01 1.299263501e+01 9.582639746e-04 2.503334056e-02 2.894094849e+01
1.852665331e+04 1.421502425e+01 1.316998850e+01 9.333044336e-04 2.473341938e-02 2.887344664e+01
1.861322645e+04 1.440559782e+01 1.334852635e+01 9.092416885e-04 2.444026892e-02 2.880594334e+01
1.869979960e+04 1.459718318e+01 1.352822513e+01 8.860379886e-04 2.415371883e-02 2.873844509e+01
1.878637275e+04 1.478975064e+01 1.370906084e+01 8.636584655e-04 2.387360499e-02 2.867095846e+01
1.887294589e+04 1.498327005e+01 1.389100894e+01 8.420689320e-04 2.359976659e-02 2.860349005e+01
1.895951904e+04 1.517771081e+01 1.407404437e+01 8.212383026e-04 2.333204925e-02 2.853604649e+01
1.904609218e+04 1.537304189e+01 1.425814153e+01 8.011354625e-04 2.307030086e-02 2.846863445e+01
1.913266533e+04 1.556923186e+01 1.444327436e+01 7.817325015e-04 2.281437586e-02 2.840126063e+01
1.921923848e+04 1.576624892e+01 1.462941629e+01 7.630022549e-04 2.256413188e-02 2.833393174e+01
1.930581162e+04 1.596406092e+01 1.481654032e+01 7.449194074e-04 2.231943123e-02 2.826665448e+01
1.939238477e+04 1.616263537e+01 1.500461901e+01 7.274565784e-04 2.208013570e-02 2.819943558e+01
1.947895792e+04 1.636193949e+01 1.519362450e+01 7.105890912e-04 2.184611275e-02 2.813228175e+01
1.956553106e+04 1.656194025e+01 1.538352856e+01 6.942981439e-04 2.161723961e-02 2.806519969e+01
1.965210421e+04 1.676260434e+01 1.557430258e+01 6.785605328e-04 2.139338993e-02 2.799819608e+01
1.973867735e+04 1.696389822e+01 1.576591756e+01 6.633402503e-04 2.117442299e-02 2.793127753e+01
1.982525050e+04 1.716578820e+01 1.595834426e+01 6.486124784e-04 2.096021464e-02 2.786445069e+01
1.991182365e+04 1.736824044e+01 1.615155310e+01 6.344145850e-04 2.075072154e-02 2.779772221e+01
1.999839679e+04 1.757122089e+01 1.634551420e+01 6.206708511e-04 2.054575891e-02 2.773109854e+01
2.008496994e+04 1.777469543e+01 1.654019745e+01 6.073793874e-04 2.034523746e-02 2.766458622e+01
2.017154309e+04 1.797862938e+01 1.673557205e+01 5.945224891e-04 2.014904921e-02 2.759819174e+01
2.025811623e+04 1.818298957e+01 1.693160845e+01 5.820844205e-04 1.995709328e-02 2.753192129e+01
2.034468938e+04 1.838774108e+01 1.712827535e+01 5.700493894e-04 1.976926582e-02 2.746578128e+01
2.043126253e+04 1.859284959e+01 1.732554185e+01 5.584024845e-04 1.958546927e-02 2.739977794e+01
2.051783567e+04 1.879828090e+01 1.752337696e+01 5.471292899e-04 1.940560783e-02 2.733391743e+01
2.060440882e+04 1.900400080e+01 1.772174958e+01 5.362159455e-04 1.922958785e-02 2.726820580e+01
2.069098196e+04 1.920997513e+01 1.792062848e+01 5.256490781e-04 1.905731782e-02 2.720264905e+01
2.077755511e+04 1.941616983e+01 1.811998235e+01 5.154159862e-04 1.888870909e-02 2.713725306e+01
2.086412826e+04 1.962255097e+01 1.831977987e+01 5.055044797e-04 1.872367526e-02 2.707202363e+01
2.095070140e+04 1.982908480e+01 1.851998969e+01 4.959028232e-04 1.856213196e-02 2.700696647e+01
2.103727455e+04 2.003573772e+01 1.872058050e+01 4.865997553e-04 1.840399693e-02 2.694208715e+01
2.112384770e+04 2.024247636e+01 1.892152100e+01 4.775844690e-04 1.824919001e-02 2.687739117e+01
2.121042084e+04 2.044926753e+01 1.912277996e+01 4.688466085e-04 1.809763310e-02 2.681288388e+01
2.129699399e+04 2.065607831e+01 1.932432622e+01 4.603762244e-04 1.794925009e-02 2.674857056e+01
2.138356713e+04 2.086287601e+01 1.952612867e+01 4.521638011e-04 1.780396690e-02 2.668445634e+01
2.147014028e+04 2.106962827e+01 1.972815638e+01 4.442001676e-04 1.766171121e-02 2.662054625e+01
2.155671343e+04 2.127630299e+01 1.993037853e+01 4.364765415e-04 1.752241261e-02 2.655684518e+01
2.164328657e+04 2.148286843e+01 2.013276446e+01 4.289844864e-04 1.738600244e-02 2.649335791e+01
2.172985972e+04 2.168929321e+01 2.033528371e+01 4.217158718e-04 1.725241367e-02 2.643008909e+01
2.181643287e+04 2.189554626e+01 2.053790600e+01 4.146629294e-04 1.712158109e-02 2.636704323e+01
2.190300601e+04 2.210159697e+01 2.074060130e+01 4.078181464e-04 1.699344097e-02 2.630422473e+01
2.198957916e+04 2.230741503e+01 2.094333977e+01 4.011743589e-04 1.686793135e-02 2.624163784e+01
2.207615230e+04 2.251297061e+01 2.114609184e+01 3.947246882e-04 1.674499182e-02 2.617928668e+01
2.216272545e+04 2.271823429e+01 2.134882824e+01 3.884625083e-04 1.662456345e-02 2.611717523e+01
2.224929860e+04 2.292317710e+01 2.155151996e+01 3.823814217e-04 1.650658868e-02 2.605530736e+01
2.233587174e+04 2.312777056e+01 2.175413835e+01 3.764752429e-04 1.639101129e-02 2.599368679e+01
2.242244489e+04 2.333198666e+01 2.195665506e+01 3.707380370e-04 1.627777648e-02 2.593231711e+01
2.250901804e+04 2.353579781e+01 2.215904205e+01 3.651641615e-04 1.616683101e-02 2.587120174e+01
2.259559118e+04 2.373917699e+01 2.236127166e+01 3.597481163e-04 1.605812272e-02 2.581034400e+01
2.268216433e+04 2.394209762e+01 2.256331657e+01 3.544847285e-04 1.595160113e-02 2.574974705e+01
2.276873747e+04 2.414453367e+01 2.276514984e+01 3.493690006e-04 1.584721693e-02 2.568941391e+01
2.285531062e+04 2.434645961e+01 2.296674493e+01 3.443960418e-04 1.574492176e-02 2.562934750e+01
2.294188377e+04 2.454785049e+01 2.316807570e+01 3.395611839e-04 1.564466862e-02 2.556955061e+01
2.302845691e+04 2.474868185e+01 2.336911641e+01 3.348598914e-04 1.554641148e-02 2.551002586e+01
2.311503006e+04 2.494892979e+01 2.356984175e+01 3.302877281e-04 1.545010524e-02 2.545077574e+01
2.320160321e+04 2.514857099e+01 2.377022685e+01 3.258404407e-04 1.535570597e-02 2.539180262e+01
2.328817635e+04 2.534758263e+01 2.397024726e+01 3.215141415e-04 1.526317145e-02 2.533310870e+01
2.337474950e+04 2.554594251e+01 2.416987899e+01 3.173049595e-04 1.517246009e-02 2.527469605e+01
2.346132265e+04 2.574362899e+01 2.436909854e+01 3.132092079e-04 1.508353148e-02 2.521656671e+01
2.354789579e+04 2.594062099e+01 2.456788283e+01 3.092234198e-04 1.499634643e-02 2.515872252e+01
2.363446894e+04 2.613689799e+01 2.476620928e+01 3.053440840e-04 1.491086617e-02 2.510116519e+01
2.372104208e+04 2.633244003e+01 2.496405574e+01 3.015677254e-04 1.482705259e-02 2.504389628e+01
2.380761523e+04 2.652722775e+01 2.516140057e+01 2.978910823e-04 1.474486879e-02 2.498691725e+01
2.389418838e+04 2.672124237e+01 2.535822263e+01 2.943111194e-04 1.466427911e-02 2.493022952e+01
2.398076152e+04 2.691446568e+01 2.555450124e+01 2.908247546e-04 1.458524825e-02 2.487383429e+01
2.406733467e+04 2.710688001e+01 2.575021622e+01 2.874291491e-04 1.450774218e-02 2.481773265e+01
2.415390782e+04 2.729846828e+01 2.594534786e+01 2.841215506e-04 1.443172767e-02 2.476192558e+01
2.424048096e+04 2.748921400e+01 2.613987699e+01 2.808992758e-04 1.435717216e-02 2.470641399e+01
2.432705411e+04 2.767910125e+01 2.633378493e+01 2.777597713e-04 1.428404402e-02 2.465119868e+01
2.441362725e+04 2.786811466e+01 2.652705349e+01 2.747005517e-04 1.421231230e-02 2.459628032e+01
2.450020040e+04 2.805623939e+01 2.671966493e+01 2.717191421e-04 1.414194653e-02 2.454165940e+01
2.458677355e+04 2.824346119e+01 2.691160207e+01 2.688131902e-04 1.407291710e-02 2.448733639e+01
2.467334669e+04 2.842976638e+01 2.710284823e+01 2.659805226e-04 1.400519545e-02 2.443331169e+01
2.475991984e+04 2.861514182e+01 2.729338721e+01 2.632189557e-04 1.393875342e-02 2.437958557e+01
2.484649299e+04 2.879957488e+01 2.748320327e+01 2.605263388e-04 1.387356333e-02 2.432615814e+01
2.493306613e+04 2.898305347e+01 2.767228119e+01 2.579006191e-04 1.380959828e-02 2.427302945e+01
2.501963928e+04 2.916556605e+01 2.786060625e+01 2.553398513e-04 1.374683211e-02 2.422019947e+01
2.510621242e+04 2.934710165e+01 2.804816423e+01 2.528421936e-04 1.368523946e-02 2.416766812e+01
2.519278557e+04 2.952764975e+01 2.823494139e+01 2.504058346e-04 1.362479540e-02 2.411543522e+01
2.527935872e+04 2.970720036e+01 2.842092443e+01 2.480289937e-04 1.356547553e-02 2.406350042e+01
2.536593186e+04 2.988574399e+01 2.860610055e+01 2.457099953e-04 1.350725616e-02 2.401186336e+01
2.545250501e+04 3.006327167e+01 2.879045746e+01 2.434471610e-04 1.345011398e-02 2.396052361e+01
2.553907816e+04 3.023977491e+01 2.897398329e+01 2.412388744e-04 1.339402624e-02 2.390948062e+01
2.562565130e+04 3.041524569e+01 2.915666665e+01 2.390835965e-04 1.333897079e-02 2.385873380e+01
2.571222445e+04 3.058967648e+01 2.933849663e+01 2.369798331e-04 1.328492601e-02 2.380828247e+01
2.579879760e+04 3.076306020e+01 2.951946274e+01 2.349261363e-04 1.323187075e-02 2.375812588e+01
2.588537074e+04 3.093539023e+01 2.969955496e+01 2.329211391e-04 1.317978449e-02 2.370826323e+01
2.597194389e+04 3.110666042e+01 2.987876371e+01 2.309635076e-04 1.312864714e-02 2.365869363e+01
2.605851703e+04 3.127686502e+01 3.005707984e+01 2.290518890e-04 1.307843889e-02 2.360941614e+01
2.614509018e+04 3.144599876e+01 3.023449463e+01 2.271850611e-04 1.302914065e-02 2.356042977e+01
2.623166333e+04 3.161405676e+01 3.041099981e+01 2.253618221e-04 1.298073373e-02 2.351173344e+01
2.631823647e+04 3.178103456e+01 3.058658748e+01 2.235809403e-04 1.293319966e-02 2.346332605e+01
2.640480962e+04 3.194692811e+01 3.076125019e+01 2.218412835e-04 1.288652057e-02 2.341520643e+01
2.649138277e+04 3.211173375e+01 3.093498088e+01 2.201417288e-04 1.284067894e-02 2.336737335e+01
2.657795591e+04 3.227544822e+01 3.110777289e+01 2.184812169e-04 1.279565773e-02 2.331982555e+01
2.666452906e+04 3.243806861e+01 3.127961996e+01 2.168587025e-04 1.275144026e-02 2.327256171e+01
2.675110220e+04 3.259959241e+01 3.145051618e+01 2.152731672e-04 1.270801017e-02 2.322558046e+01
2.683767535e+04 3.276001745e+01 3.162045606e+01 2.137236398e-04 1.266535156e-02 2.317888041e+01
2.692424850e+04 3.291934192e+01 3.178943445e+01 2.122091819e-04 1.262344890e-02 2.313246010e+01
2.701082164e+04 3.307756434e+01 3.195744656e+01 2.107288774e-04 1.258228699e-02 2.308631805e+01
2.709739479e+04 3.323468358e+01 3.212448798e+01 2.092818386e-04 1.254185097e-02 2.304045274e+01
2.718396794e+04 3.339069882e+01 3.229055460e+01 2.078671984e-04 1.250212632e-02 2.299486261e+01
2.727054108e+04 3.354560956e+01 3.245564271e+01 2.064841260e-04 1.246309886e-02 2.294954606e+01
2.735711423e+04 3.369941561e+01 3.261974889e+01 2.051318119e-04 1.242475474e-02 2.290450149e+01
2.744368737e+04 3.385211706e+01 3.278287004e+01 2.038094725e-04 1.238708041e-02 2.285972722e+01
2.753026052e+04 3.400371431e+01 3.294500341e+01 2.025163443e-04 1.235006264e-02 2.281522160e+01
2.761683367e+04 3.415420804e+01 3.310614653e+01 2.012516864e-04 1.231368846e-02 2.277098290e+01
2.770340681e+04 3.430359917e+01 3.326629725e+01 2.000147882e-04 1.227794527e-02 2.272700939e+01
2.778997996e+04 3.445188893e+01 3.342545371e+01 1.988049509e-04 1.224282069e-02 2.268329933e+01
2.787655311e+04 3.459907876e+01 3.358361433e+01 1.976214988e-04 1.220830263e-02 2.263985093e+01
2.796312625e+04 3.474517038e+01 3.374077781e+01 1.964637820e-04 1.217437930e-02 2.259666240e+01
2.804969940e+04 3.489016572e+01 3.389694313e+01 1.953311661e-04 1.214103916e-02 2.255373192e+01
2.813627255e+04 3.503406698e+01 3.405210954e+01 1.942230356e-04 1.210827092e-02 2.251105767e+01
2.822284569e+04 3.517687653e+01 3.420627654e+01 1.931387907e-04 1.207606356e-02 2.246863779e+01
2.830941884e+04 3.531859701e+01 3.435944387e+01 1.920778486e-04 1.204440628e-02 2.242647042e+01
2.839599198e+04 3.545923122e+01 3.451161154e+01 1.910396444e-04 1.201328852e-02 2.238455368e+01
2.848256513e+04 3.559878218e+01 3.466277977e+01 1.900236329e-04 1.198270000e-02 2.234288570e+01
2.856913828e+04 3.573725311e+01 3.481294904e+01 1.890292894e-04 1.195263064e-02 2.230146456e+01
2.865571142e+04 3.587464741e+01 3.496212002e+01 1.880560978e-04 1.192307061e-02 2.226028837e+01
2.874228457e+04 3.601096865e+01 3.511029362e+01 1.871035569e-04 1.189401025e-02 2.221935521e+01
2.882885772e+04 3.614622057e+01 3.525747097e+01 1.861711672e-04 1.186544011e-02 2.217866315e+01
2.891543086e+04 3.628040709e+01 3.540365336e+01 1.852584541e-04 1.183735096e-02 2.213821026e+01
2.900200401e+04 3.641353227e+01 3.554884231e+01 1.843649521e-04 1.180973375e-02 2.209799462e+01
2.908857715e+04 3.654560033e+01 3.569303955e+01 1.834902422e-04 1.178257979e-02 2.205801427e+01
2.917515030e+04 3.667661565e+01 3.583624694e+01 1.826338879e-04 1.175588043e-02 2.201826729e+01
2.926172345e+04 3.680658270e+01 3.597846655e+01 1.817954789e-04 1.172962728e-02 2.197875172e+01
2.934829659e+04 3.693550614e+01 3.611970064e+01 1.809745607e-04 1.170381193e-02 2.193946562e+01
2.943486974e+04 3.706339072e+01 3.625995160e+01 1.801707280e-04 1.167842629e-02 2.190040705e+01
2.952144289e+04 3.719024132e+01 3.639922199e+01 1.793835711e-04 1.165346239e-02 2.186157405e+01
2.960801603e+04 3.731606294e+01 3.653751455e+01 1.786127704e-04 1.162891271e-02 2.182296469e+01
2.969458918e+04 3.744086068e+01 3.667483214e+01 1.778580033e-04 1.160476983e-02 2.178457702e+01
2.978116232e+04 3.756463975e+01 3.681117777e+01 1.771189412e-04 1.158102648e-02 2.174640910e+01
2.986773547e+04 3.768740545e+01 3.694655460e+01 1.763951753e-04 1.155767519e-02 2.170845900e+01
2.995430862e+04 3.780916319e+01 3.708096591e+01 1.756862228e-04 1.153470837e-02 2.167072477e+01
3.004088176e+04 3.792991845e+01 3.721441511e+01 1.749917180e-04 1.151211896e-02 2.163320450e+01
3.012745491e+04 3.804967680e+01 3.734690573e+01 1.743113979e-04 1.148990039e-02 2.159589626e+01
3.021402806e+04 3.816844390e+01 3.747844144e+01 1.736453877e-04 1.146804755e-02 2.155879812e+01
3.030060120e+04 3.828622547e+01 3.760902599e+01 1.729933684e-04 1.144655390e-02 2.152190819e+01
3.038717435e+04 3.840302729e+01 3.773866326e+01 1.723552673e-04 1.142541385e-02 2.148522456e+01
3.047374749e+04 3.851885524e+01 3.786735722e+01 1.717300342e-04 1.140461850e-02 2.144874532e+01
3.056032064e+04 3.863371523e+01 3.799511195e+01 1.711171660e-04 1.138416097e-02 2.141246859e+01
3.064689379e+04 3.874761323e+01 3.812193161e+01 1.705161285e-04 1.136403437e-02 2.137639249e+01
3.073346693e+04 3.886055527e+01 3.824782046e+01 1.699265748e-04 1.134423257e-02 2.134051514e+01
3.082004008e+04 3.897254743e+01 3.837278286e+01 1.693495903e-04 1.132475460e-02 2.130483468e+01
3.090661323e+04 3.908359583e+01 3.849682322e+01 1.687846399e-04 1.130559386e-02 2.126934927e+01
3.099318637e+04 3.919370664e+01 3.861994604e+01 1.682319623e-04 1.128674659e-02 2.123405705e+01
3.107975952e+04 3.930288605e+01 3.874215591e+01 1.676905219e-04 1.126820460e-02 2.119895619e+01
3.116633267e+04 3.941114031e+01 3.886345748e+01 1.671598379e-04 1.124996177e-02 2.116404486e+01
3.125290581e+04 3.951847568e+01 3.898385544e+01 1.666397692e-04 1.123201327e-02 2.112932127e+01
3.133947896e+04 3.962489845e+01 3.910335458e+01 1.661299772e-04 1.121435363e-02 2.109478359e+01
3.142605210e+04 3.973041495e+01 3.922195974e+01 1.656310206e-04 1.119698065e-02 2.106043006e+01
3.151262525e+04 3.983503152e+01 3.933967581e+01 1.651424279e-04 1.117988858e-02 2.102625888e+01
3.159919840e+04 3.993875452e+01 3.945650772e+01 1.646641348e-04 1.116307317e-02 2.099226830e+01
3.168577154e+04 4.004159033e+01 3.957246047e+01 1.641956307e-04 1.114652870e-02 2.095845655e+01
3.177234469e+04 4.014354535e+01 3.968753910e+01 1.637364554e-04 1.113024968e-02 2.092482190e+01
3.185891784e+04 4.024462597e+01 3.980174868e+01 1.632863618e-04 1.111423147e-02 2.089136262e+01
3.194549098e+04 4.034483859e+01 3.991509433e+01 1.628449954e-04 1.109846911e-02 2.085807698e+01
3.203206413e+04 4.044418965e+01 4.002758123e+01 1.624128519e-04 1.108296071e-02 2.082496329e+01
3.211863727e+04 4.054268556e+01 4.013921454e+01 1.619895471e-04 1.106770136e-02 2.079201986e+01
3.220521042e+04 4.064033274e+01 4.024999950e+01 1.615750731e-04 1.105268752e-02 2.075924501e+01
3.229178357e+04 4.073713762e+01 4.035994136e+01 1.611691617e-04 1.103791484e-02 2.072663708e+01
3.237835671e+04 4.083310661e+01 4.046904540e+01 1.607715198e-04 1.102337891e-02 2.069419442e+01
3.246492986e+04 4.092824613e+01 4.057731692e+01 1.603821442e-04 1.100907643e-02 2.066191538e+01
3.255150301e+04 4.102256257e+01 4.068476123e+01 1.600009028e-04 1.099500370e-02 2.062979835e+01
3.263807615e+04 4.111606235e+01 4.079138368e+01 1.596275804e-04 1.098115679e-02 2.059784172e+01
3.272464930e+04 4.120875185e+01 4.089718964e+01 1.592620246e-04 1.096753207e-02 2.056604389e+01
3.281122244e+04 4.130063744e+01 4.100218447e+01 1.589040377e-04 1.095412577e-02 2.053440328e+01
3.289779559e+04 4.139172550e+01 4.110637356e+01 1.585534806e-04 1.094093443e-02 2.050291832e+01
3.298436874e+04 4.148202236e+01 4.120976231e+01 1.582102295e-04 1.092795467e-02 2.047158746e+01
3.307094188e+04 4.157153435e+01 4.131235613e+01 1.578740468e-04 1.091518277e-02 2.044040916e+01
3.315751503e+04 4.166026779e+01 4.141416042e+01 1.575447255e-04 1.090261517e-02 2.040938189e+01
3.324408818e+04 4.174822897e+01 4.151518060e+01 1.572222438e-04 1.089024904e-02 2.037850413e+01
3.333066132e+04 4.183542417e+01 4.161542211e+01 1.569066466e-04 1.087808181e-02 2.034777440e+01
3.341723447e+04 4.192185963e+01 4.171489035e+01 1.565977837e-04 1.086611028e-02 2.031719120e+01
3.350380762e+04 4.200754158e+01 4.181359075e+01 1.562956360e-04 1.085433176e-02 2.028675308e+01
3.359038076e+04 4.209247622e+01 4.191152872e+01 1.559999490e-04 1.084274279e-02 2.025645857e+01
3.367695391e+04 4.217666974e+01 4.200870970e+01 1.557104246e-04 1.083133981e-02 2.022630622e+01
3.376352705e+04 4.226012827e+01 4.210513908e+01 1.554270255e-04 1.082012020e-02 2.019629462e+01
3.385010020e+04 4.234285794e+01 4.220082227e+01 1.551495714e-04 1.080908090e-02 2.016642234e+01
3.393667335e+04 4.242486484e+01 4.229576468e+01 1.548781026e-04 1.079821968e-02 2.013668799e+01
3.402324649e+04 4.250615506e+01 4.238997169e+01 1.546126857e-04 1.078753444e-02 2.010709019e+01
3.410981964e+04 4.258673461e+01 4.248344869e+01 1.543531895e-04 1.077702241e-02 2.007762755e+01
3.419639279e+04 4.266660950e+01 4.257620103e+01 1.540996115e-04 1.076668134e-02 2.004829873e+01
3.428296593e+04 4.274578570e+01 4.266823409e+01 1.538515928e-04 1.075650775e-02 2.001910237e+01
3.436953908e+04 4.282426916e+01 4.275955320e+01 1.536087587e-04 1.074649815e-02 1.999003714e+01
3.445611222e+04 4.290206578e+01 4.285016369e+01 1.533710046e-04 1.073665003e-02 1.996110173e+01
3.454268537e+04 4.297918144e+01 4.294007087e+01 1.531380252e-04 1.072696022e-02 1.993229483e+01
3.462925852e+04 4.305562196e+01 4.302928004e+01 1.529101330e-04 1.071742777e-02 1.990361515e+01
3.471583166e+04 4.313139318e+01 4.311779649e+01 1.526876051e-04 1.070805166e-02 1.987506141e+01
3.480240481e+04 4.320650084e+01 4.320562547e+01 1.524702923e-04 1.069882937e-02 1.984663236e+01
3.488897796e+04 4.328095069e+01 4.329277222e+01 1.522583611e-04 1.068975956e-02 1.981832675e+01
3.497555110e+04 4.335474842e+01 4.337924197e+01 1.520513938e-04 1.068083882e-02 1.979014333e+01
3.506212425e+04 4.342789969e+01 4.346503992e+01 1.518490898e-04 1.067206424e-02 1.976208088e+01
3.514869739e+04 4.350041013e+01 4.355017124e+01 1.516515511e-04 1.066343434e-02 1.973413819e+01
3.523527054e+04 4.357228531e+01 4.363464109e+01 1.514586272e-04 1.065494676e-02 1.970631405e+01
3.532184369e+04 4.364353079e+01 4.371845461e+01 1.512703209e-04 1.064659975e-02 1.967860729e+01
3.540841683e+04 4.371415209e+01 4.380161691e+01 1.510865699e-04 1.063839135e-02 1.965101674e+01
3.549498998e+04 4.378415467e+01 4.388413307e+01 1.509071908e-04 1.063031919e-02 1.962354123e+01
3.558156313e+04 4.385354396e+01 4.396600816e+01 1.507320428e-04 1.062238108e-02 1.959617962e+01
3.566813627e+04 4.392232536e+01 4.404724722e+01 1.505611717e-04 1.061457556e-02 1.956893077e+01
3.575470942e+04 4.399050423e+01 4.412785525e+01 1.503945683e-04 1.060690094e-02 1.954179355e+01
3.584128257e+04 4.405808588e+01 4.420783724e+01 1.502321410e-04 1.059935533e-02 1.951476687e+01
3.592785571e+04 4.412507559e+01 4.428719815e+01 1.500738743e-04 1.059193708e-02 1.948784961e+01
3.601442886e+04 4.419147860e+01 4.436594291e+01 1.499195617e-04 1.058464395e-02 1.946104071e+01
3.610100200e+04 4.425730011e+01 4.444407642e+01 1.497690743e-04 1.057747395e-02 1.943433907e+01
3.618757515e+04 4.432254527e+01 4.452160355e+01 1.496223628e-04 1.057042544e-02 1.940774364e+01
3.627414830e+04 4.438721920e+01 4.459852916e+01 1.494793125e-04 1.056349654e-02 1.938125337e+01
3.636072144e+04 4.445132698e+01 4.467485807e+01 1.493401008e-04 1.055668644e-02 1.935486722e+01
3.644729459e+04 4.451487365e+01 4.475059506e+01 1.492047967e-04 1.054999399e-02 1.932858416e+01
3.653386774e+04 4.457786422e+01 4.482574489e+01 1.490733980e-04 1.054341778e-02 1.930240319e+01
3.662044088e+04 4.464030363e+01 4.490031229e+01 1.489460131e-04 1.053695684e-02 1.927632329e+01
3.670701403e+04 4.470219682e+01 4.497430197e+01 1.488221789e-04 1.053060819e-02 1.925034347e+01
3.679358717e+04 4.476354865e+01 4.504771860e+01 1.487017084e-04 1.052436987e-02 1.922446275e+01
3.688016032e+04 4.482436396e+01 4.512056681e+01 1.485845431e-04 1.051824036e-02 1.919868016e+01
3.696673347e+04 4.488464757e+01 4.519285121e+01 1.484704404e-04 1.051221754e-02 1.917299474e+01
3.705330661e+04 4.494440421e+01 4.526457639e+01 1.483596864e-04 1.050630117e-02 1.914740553e+01
3.713987976e+04 4.500363863e+01 4.533574689e+01 1.482522470e-04 1.050048991e-02 1.912191161e+01
3.722645291e+04 4.506235550e+01 4.540636724e+01 1.481479721e-04 1.049478201e-02 1.909651205e+01
3.731302605e+04 4.512055945e+01 4.547644191e+01 1.480468449e-04 1.048917623e-02 1.907120592e+01
3.739959920e+04 4.517825509e+01 4.554597537e+01 1.479487851e-04 1.048367111e-02 1.904599233e+01
3.748617234e+04 4.523544699e+01 4.561497204e+01 1.478537815e-04 1.047826548e-02 1.902087037e+01
3.757274549e+04 4.529213967e+01 4.568343631e+01 1.477618554e-04 1.047295828e-02 1.899583915e+01
3.765931864e+04 4.534833760e+01 4.575137254e+01 1.476730323e-04 1.046774847e-02 1.897089781e+01
3.774589178e+04 4.540404524e+01 4.581878507e+01 1.475874446e-04 1.046263546e-02 1.894604548e+01
3.783246493e+04 4.545926700e+01 4.588567819e+01 1.475052029e-04 1.045761854e-02 1.892128130e+01
3.791903808e+04 4.551400724e+01 4.595205618e+01 1.474264459e-04 1.045269716e-02 1.889660443e+01
3.800561122e+04 4.556827029e+01 4.601792326e+01 1.473513671e-04 1.044787096e-02 1.887201403e+01
3.809218437e+04 4.562206045e+01 4.608328364e+01 1.472789783e-04 1.044313543e-02 1.884750928e+01
3.817875752e+04 4.567538196e+01 4.614814149e+01 1.472089744e-04 1.043848849e-02 1.882308934e+01
3.826533066e+04 4.572823903e+01 4.621250094e+01 1.471409904e-04 1.043392785e-02 1.879875341e+01
3.835190381e+04 4.578063585e+01 4.627636612e+01 1.470743733e-04 1.042945024e-02 1.877450069e+01
3.843847695e+04 4.583257656e+01 4.633974109e+01 1.470106459e-04 1.042506009e-02 1.875033040e+01
3.852505010e+04 4.588406526e+01 4.640262991e+01 1.469496147e-04 1.042075577e-02 1.872624175e+01
3.861162325e+04 4.593510603e+01 4.646503659e+01 1.468919893e-04 1.041653887e-02 1.870223398e+01
3.869819639e+04 4.598570288e+01 4.652696511e+01 1.468366976e-04 1.041240468e-02 1.867830632e+01
3.878476954e+04 4.603585981e+01 4.658841943e+01 1.467844245e-04 1.040835473e-02 1.865445802e+01
3.887134269e+04 4.608558078e+01 4.664940346e+01 1.467353402e-04 1.040438875e-02 1.863068832e+01
3.895791583e+04 4.613486970e+01 4.670992109e+01 1.466888188e-04 1.040050365e-02 1.860699650e+01
3.904448898e+04 4.618373046e+01 4.676997619e+01 1.466446215e-04 1.039669775e-02 1.858338183e+01
3.913106212e+04 4.623216691e+01 4.682957258e+01 1.466021530e-04 1.039296809e-02 1.855984357e+01
3.921763527e+04 4.628018286e+01 4.688871405e+01 1.465622057e-04 1.038931666e-02 1.853638103e+01
3.930420842e+04 4.632778209e+01 4.694740437e+01 1.465245019e-04 1.038574165e-02 1.851299349e+01
3.939078156e+04 4.637496833e+01 4.700564728e+01 1.464889933e-04 1.038224210e-02 1.848968027e+01
3.947735471e+04 4.642174530e+01 4.706344648e+01 1.464557071e-04 1.037881732e-02 1.846644066e+01
3.956392786e+04 4.646811667e+01 4.712080564e+01 1.464248294e-04 1.037546718e-02 1.844327401e+01
3.965050100e+04 4.651408608e+01 4.717772840e+01 1.463966598e-04 1.037219198e-02 1.842017962e+01
3.973707415e+04 4.655965713e+01 4.723421839e+01 1.463707677e-04 1.036898946e-02 1.839715685e+01
3.982364729e+04 4.660483340e+01 4.729027918e+01 1.463470974e-04 1.036585867e-02 1.837420502e+01
3.991022044e+04 4.664961841e+01 4.734591433e+01 1.463255851e-04 1.036279866e-02 1.835132350e+01
3.999679359e+04 4.669401568e+01 4.740112735e+01 1.463062707e-04 1.035980887e-02 1.832851163e+01
4.008336673e+04 4.673802868e+01 4.745592175e+01 1.462890395e-04 1.035688818e-02 1.830576879e+01
4.016993988e+04 4.678166084e+01 4.751030098e+01 1.462736841e-04 1.035403516e-02 1.828309435e+01
4.025651303e+04 4.682491557e+01 4.756426849e+01 1.462603486e-04 1.035124965e-02 1.826048768e+01
4.034308617e+04 4.686779625e+01 4.761782767e+01 1.462491122e-04 1.034853124e-02 1.823794818e+01
4.042965932e+04 4.691030621e+01 4.767098190e+01 1.462400113e-04 1.034587941e-02 1.821547523e+01
4.051623246e+04 4.695244876e+01 4.772373453e+01 1.462329521e-04 1.034329317e-02 1.819306825e+01
4.060280561e+04 4.699422719e+01 4.777608889e+01 1.462278977e-04 1.034077175e-02 1.817072663e+01
4.068937876e+04 4.703564473e+01 4.782804825e+01 1.462249195e-04 1.033831476e-02 1.814844980e+01
4.077595190e+04 4.707670461e+01 4.787961589e+01 1.462239174e-04 1.033592124e-02 1.812623717e+01
4.086252505e+04 4.711741001e+01 4.793079503e+01 1.462247955e-04 1.033359022e-02 1.810408817e+01
4.094909820e+04 4.715776409e+01 4.798158888e+01 1.462274912e-04 1.033132090e-02 1.808200223e+01
4.103567134e+04 4.719776997e+01 4.803200062e+01 1.462319238e-04 1.032911238e-02 1.805997880e+01
4.112224449e+04 4.723743074e+01 4.808203340e+01 1.462384198e-04 1.032696523e-02 1.803801732e+01
4.120881764e+04 4.727674947e+01 4.813169034e+01 1.462468760e-04 1.032487851e-02 1.801611725e+01
4.129539078e+04 4.731572920e+01 4.818097454e+01 1.462573677e-04 1.032285192e-02 1.799427805e+01
4.138196393e+04 4.735437294e+01 4.822988906e+01 1.462696723e-04 1.032088412e-02 1.797249917e+01
4.146853707e+04 4.739268365e+01 4.827843696e+01 1.462835015e-04 1.031897354e-02 1.795078010e+01
4.155511022e+04 4.743066430e+01 4.832662123e+01 1.462987881e-04 1.031711939e-02 1.792912031e+01
4.164168337e+04 4.746831779e+01 4.837444487e+01 1.463153399e-04 1.031532046e-02 1.790751928e+01
4.172825651e+04 4.750564703e+01 4.842191085e+01 1.463341279e-04 1.031357966e-02 1.788597651e+01
4.181482966e+04 4.754265487e+01 4.846902209e+01 1.463550120e-04 1.031189597e-02 1.786449149e+01
4.190140281e+04 4.757934417e+01 4.851578151e+01 1.463783555e-04 1.031027015e-02 1.784306372e+01
4.198797595e+04 4.761571772e+01 4.856219200e+01 1.464038467e-04 1.030870061e-02 1.782169270e+01
4.207454910e+04 4.765177830e+01 4.860825640e+01 1.464304025e-04 1.030718303e-02 1.780037796e+01
4.216112224e+04 4.768752868e+01 4.865397755e+01 1.464576278e-04 1.030571552e-02 1.777911900e+01
4.224769539e+04 4.772297158e+01 4.869935826e+01 1.464858008e-04 1.030429858e-02 1.775791534e+01
4.233426854e+04 4.775810971e+01 4.874440131e+01 1.465158863e-04 1.030293515e-02 1.773676653e+01
4.242084168e+04 4.779294575e+01 4.878910946e+01 1.465478037e-04 1.030162447e-02 1.771567209e+01
4.250741483e+04 4.782748234e+01 4.883348544e+01 1.465814356e-04 1.030036567e-02 1.769463155e+01
4.259398798e+04 4.786172210e+01 4.887753197e+01 1.466165921e-04 1.029915761e-02 1.767364448e+01
4.268056112e+04 4.789566765e+01 4.892125172e+01 1.466536613e-04 1.029800122e-02 1.765271040e+01
4.276713427e+04 4.792932156e+01 4.896464736e+01 1.466925990e-04 1.029689591e-02 1.763182889e+01
4.285370741e+04 4.796268637e+01 4.900772152e+01 1.467333210e-04 1.029584093e-02 1.761099949e+01
4.294028056e+04 4.799576462e+01 4.905047681e+01 1.467757830e-04 1.029483571e-02 1.759022178e+01
4.302685371e+04 4.802855879e+01 4.909291583e+01 1.468197232e-04 1.029387890e-02 1.756949531e+01
4.311342685e+04 4.806107137e+01 4.913504114e+01 1.468647669e-04 1.029296877e-02 1.754881967e+01
4.320000000e+04 4.809330482e+01 4.917685528e+01 1.469104102e-04 1.029210312e-02 1.752819443e+01
