time            Cj              Br              shCj            shBr           
0.000000000e+00 4.000000000e+00 4.000000000e+00 3.000000000e-01 4.000000000e+00
2.004008016e+02 3.420467367e+00 3.967997265e+00 7.474253935e-02 3.997623220e+00
4.008016032e+02 3.396533801e+00 3.933835607e+00 3.830753988e-02 3.996493621e+00
6.012024048e+02 3.407064231e+00 3.900061025e+00 2.526630302e-02 3.995853084e+00
8.016032064e+02 3.429777183e+00 3.866436214e+00 2.051280020e-02 3.995388780e+00
1.002004008e+03 3.456830406e+00 3.832880806e+00 1.872848551e-02 3.994989299e+00
1.202404810e+03 3.485412280e+00 3.799369553e+00 1.800769849e-02 3.994614719e+00
1.402805611e+03 3.514511630e+00 3.765896766e+00 1.766674344e-02 3.994250756e+00
1.603206413e+03 3.543764704e+00 3.732463677e+00 1.746151717e-02 3.993892312e+00
1.803607214e+03 3.573039673e+00 3.699073935e+00 1.730544118e-02 3.993537557e+00
2.004008016e+03 3.602287285e+00 3.665732013e+00 1.716802952e-02 3.993185819e+00
2.204408818e+03 3.631487473e+00 3.632442646e+00 1.703861660e-02 3.992836834e+00
2.404809619e+03 3.660630407e+00 3.599210628e+00 1.691347337e-02 3.992490478e+00
2.605210421e+03 3.689709852e+00 3.566040749e+00 1.679128939e-02 3.992146678e+00
2.805611222e+03 3.718720842e+00 3.532937762e+00 1.667159036e-02 3.991805378e+00
3.006012024e+03 3.747658876e+00 3.499906376e+00 1.655418687e-02 3.991466527e+00
3.206412826e+03 3.776519642e+00 3.466951252e+00 1.643898718e-02 3.991130081e+00
3.406813627e+03 3.805298931e+00 3.434076997e+00 1.632593651e-02 3.990795993e+00
3.607214429e+03 3.833992599e+00 3.401288162e+00 1.621498811e-02 3.990464220e+00
3.807615230e+03 3.862596560e+00 3.368589240e+00 1.610610027e-02 3.990134719e+00
4.008016032e+03 3.891106789e+00 3.335984666e+00 1.599923410e-02 3.989807447e+00
4.208416834e+03 3.919519318e+00 3.303478809e+00 1.589435223e-02 3.989482364e+00
4.408817635e+03 3.947830240e+00 3.271075978e+00 1.579141778e-02 3.989159428e+00
4.609218437e+03 3.976035709e+00 3.238780412e+00 1.569039420e-02 3.988838599e+00
4.809619238e+03 4.004131943e+00 3.206596283e+00 1.559124581e-02 3.988519839e+00
5.010020040e+03 4.032115224e+00 3.174527694e+00 1.549393782e-02 3.988203108e+00
5.210420842e+03 4.059981901e+00 3.142578675e+00 1.539843604e-02 3.987888370e+00
5.410821643e+03 4.087728390e+00 3.110753185e+00 1.530470703e-02 3.987575587e+00
5.611222445e+03 4.115351177e+00 3.079055104e+00 1.521271808e-02 3.987264724e+00
5.811623246e+03 4.142846818e+00 3.047488239e+00 1.512243702e-02 3.986955743e+00
6.012024048e+03 4.170211942e+00 3.016056319e+00 1.503383234e-02 3.986648611e+00
6.212424850e+03 4.197443249e+00 2.984762994e+00 1.494687313e-02 3.986343293e+00
6.412825651e+03 4.224537512e+00 2.953611832e+00 1.486152911e-02 3.986039756e+00
6.613226453e+03 4.251491583e+00 2.922606321e+00 1.477777054e-02 3.985737966e+00
6.813627255e+03 4.278302384e+00 2.891749869e+00 1.469556830e-02 3.985437891e+00
7.014028056e+03 4.304966917e+00 2.861045798e+00 1.461489396e-02 3.985139500e+00
7.214428858e+03 4.331482262e+00 2.830497347e+00 1.453571936e-02 3.984842760e+00
7.414829659e+03 4.357845575e+00 2.800107669e+00 1.445801717e-02 3.984547642e+00
7.615230461e+03 4.384054088e+00 2.769879835e+00 1.438176076e-02 3.984254115e+00
7.815631263e+03 4.410105118e+00 2.739816826e+00 1.430692363e-02 3.983962149e+00
8.016032064e+03 4.435996057e+00 2.709921540e+00 1.423347936e-02 3.983671716e+00
8.216432866e+03 4.461724378e+00 2.680196785e+00 1.416140335e-02 3.983382788e+00
8.416833667e+03 4.487287634e+00 2.650645284e+00 1.409067067e-02 3.983095336e+00
8.617234469e+03 4.512683457e+00 2.621269672e+00 1.402125680e-02 3.982809332e+00
8.817635271e+03 4.537909563e+00 2.592072496e+00 1.395313766e-02 3.982524750e+00
9.018036072e+03 4.562963744e+00 2.563056216e+00 1.388629015e-02 3.982241564e+00
9.218436874e+03 4.587843874e+00 2.534223203e+00 1.382069122e-02 3.981959747e+00
9.418837675e+03 4.612547909e+00 2.505575743e+00 1.375631830e-02 3.981679275e+00
9.619238477e+03 4.637073885e+00 2.477116029e+00 1.369314936e-02 3.981400121e+00
9.819639279e+03 4.661419915e+00 2.448846174e+00 1.363116276e-02 3.981122262e+00
1.002004008e+04 4.685584196e+00 2.420768197e+00 1.357033726e-02 3.980845672e+00
1.022044088e+04 4.709565002e+00 2.392884034e+00 1.351065204e-02 3.980570330e+00
1.042084168e+04 4.733360686e+00 2.365195535e+00 1.345208670e-02 3.980296211e+00
1.062124248e+04 4.756969682e+00 2.337704461e+00 1.339462121e-02 3.980023292e+00
1.082164329e+04 4.780390499e+00 2.310412491e+00 1.333823593e-02 3.979751551e+00
1.102204409e+04 4.803621728e+00 2.283321216e+00 1.328291162e-02 3.979480966e+00
1.122244489e+04 4.826662032e+00 2.256432145e+00 1.322862939e-02 3.979211516e+00
1.142284569e+04 4.849510156e+00 2.229746703e+00 1.317537068e-02 3.978943178e+00
1.162324649e+04 4.872164917e+00 2.203266231e+00 1.312311740e-02 3.978675933e+00
1.182364729e+04 4.894625208e+00 2.176991989e+00 1.307185174e-02 3.978409760e+00
1.202404810e+04 4.916889998e+00 2.150925156e+00 1.302155598e-02 3.978144638e+00
1.222444890e+04 4.938958326e+00 2.125066830e+00 1.297221328e-02 3.977880548e+00
1.242484970e+04 4.960829308e+00 2.099418029e+00 1.292380700e-02 3.977617471e+00
1.262525050e+04 4.982502128e+00 2.073979695e+00 1.287632024e-02 3.977355387e+00
1.282565130e+04 5.003976046e+00 2.048752691e+00 1.282973661e-02 3.977094277e+00
1.302605210e+04 5.025250386e+00 2.023737801e+00 1.278404068e-02 3.976834124e+00
1.322645291e+04 5.046324545e+00 1.998935739e+00 1.273921703e-02 3.976574909e+00
1.342685371e+04 5.067197986e+00 1.974347140e+00 1.269525012e-02 3.976316614e+00
1.362725451e+04 5.087870241e+00 1.949972569e+00 1.265212498e-02 3.976059222e+00
1.382765531e+04 5.108340905e+00 1.925812518e+00 1.260982690e-02 3.975802716e+00
1.402805611e+04 5.128609641e+00 1.901867407e+00 1.256834137e-02 3.975547078e+00
1.422845691e+04 5.148676173e+00 1.878137589e+00 1.252765439e-02 3.975292294e+00
1.442885772e+04 5.168540289e+00 1.854623346e+00 1.248775211e-02 3.975038345e+00
1.462925852e+04 5.188201837e+00 1.831324895e+00 1.244862086e-02 3.974785216e+00
1.482965932e+04 5.207660728e+00 1.808242387e+00 1.241024732e-02 3.974532892e+00
1.503006012e+04 5.226916929e+00 1.785375907e+00 1.237261833e-02 3.974281357e+00
1.523046092e+04 5.245970467e+00 1.762725479e+00 1.233572101e-02 3.974030596e+00
1.543086172e+04 5.264821423e+00 1.740291064e+00 1.229954277e-02 3.973780594e+00
1.563126253e+04 5.283469937e+00 1.718072562e+00 1.226407122e-02 3.973531337e+00
1.583166333e+04 5.301916199e+00 1.696069815e+00 1.222929421e-02 3.973282809e+00
1.603206413e+04 5.320160457e+00 1.674282606e+00 1.219519982e-02 3.973034997e+00
1.623246493e+04 5.338203005e+00 1.652710663e+00 1.216177633e-02 3.972787887e+00
1.643286573e+04 5.356044192e+00 1.631353659e+00 1.212901228e-02 3.972541466e+00
1.663326653e+04 5.373684414e+00 1.610211210e+00 1.209689640e-02 3.972295720e+00
1.683366733e+04 5.391124116e+00 1.589282884e+00 1.206541762e-02 3.972050635e+00
1.703406814e+04 5.408363788e+00 1.568568196e+00 1.203456509e-02 3.971806199e+00
1.723446894e+04 5.425403967e+00 1.548066611e+00 1.200432815e-02 3.971562399e+00
1.743486974e+04 5.442245233e+00 1.527777546e+00 1.197469635e-02 3.971319223e+00
1.763527054e+04 5.458888210e+00 1.507700372e+00 1.194565942e-02 3.971076659e+00
1.783567134e+04 5.475333564e+00 1.487834413e+00 1.191720729e-02 3.970834693e+00
1.803607214e+04 5.491581999e+00 1.468178951e+00 1.188933009e-02 3.970593315e+00
1.823647295e+04 5.507634261e+00 1.448733223e+00 1.186201811e-02 3.970352512e+00
1.843687375e+04 5.523491133e+00 1.429496426e+00 1.183526183e-02 3.970112274e+00
1.863727455e+04 5.539153433e+00 1.410467715e+00 1.180905187e-02 3.969872588e+00
1.883767535e+04 5.554622018e+00 1.391646208e+00 1.178337909e-02 3.969633444e+00
1.903807615e+04 5.569897776e+00 1.373030986e+00 1.175823447e-02 3.969394832e+00
1.923847695e+04 5.584981630e+00 1.354621090e+00 1.173360915e-02 3.969156739e+00
1.943887776e+04 5.599874534e+00 1.336415531e+00 1.170949446e-02 3.968919156e+00
1.963927856e+04 5.614577474e+00 1.318413283e+00 1.168588189e-02 3.968682072e+00
1.983967936e+04 5.629091464e+00 1.300613288e+00 1.166276308e-02 3.968445477e+00
2.004008016e+04 5.643417549e+00 1.283014458e+00 1.164012977e-02 3.968209361e+00
2.024048096e+04 5.657556799e+00 1.265615674e+00 1.161797392e-02 3.967973715e+00
2.044088176e+04 5.671510311e+00 1.248415788e+00 1.159628759e-02 3.967738528e+00
2.064128257e+04 5.685279207e+00 1.231413626e+00 1.157506303e-02 3.967503791e+00
2.084168337e+04 5.698864633e+00 1.214607986e+00 1.155429260e-02 3.967269494e+00
2.104208417e+04 5.712267760e+00 1.197997641e+00 1.153396882e-02 3.967035629e+00
2.124248497e+04 5.725489778e+00 1.181581341e+00 1.151408431e-02 3.966802186e+00
2.144288577e+04 5.738531900e+00 1.165357812e+00 1.149463183e-02 3.966569157e+00
2.164328657e+04 5.751395358e+00 1.149325758e+00 1.147560431e-02 3.966336532e+00
2.184368737e+04 5.764081403e+00 1.133483864e+00 1.145699479e-02 3.966104304e+00
2.204408818e+04 5.776591303e+00 1.117830792e+00 1.143879642e-02 3.965872463e+00
2.224448898e+04 5.788926346e+00 1.102365188e+00 1.142100247e-02 3.965641001e+00
2.244488978e+04 5.801087834e+00 1.087085679e+00 1.140360633e-02 3.965409910e+00
2.264529058e+04 5.813077082e+00 1.071990877e+00 1.138660148e-02 3.965179182e+00
2.284569138e+04 5.824895424e+00 1.057079377e+00 1.136998157e-02 3.964948810e+00
2.304609218e+04 5.836544203e+00 1.042349759e+00 1.135374043e-02 3.964718784e+00
2.324649299e+04 5.848024778e+00 1.027800591e+00 1.133787193e-02 3.964489098e+00
2.344689379e+04 5.859338516e+00 1.013430425e+00 1.132237008e-02 3.964259744e+00
2.364729459e+04 5.870486798e+00 9.992378043e-01 1.130722879e-02 3.964030715e+00
2.384769539e+04 5.881471012e+00 9.852212598e-01 1.129244224e-02 3.963802003e+00
2.404809619e+04 5.892292557e+00 9.713793131e-01 1.127800466e-02 3.963573601e+00
2.424849699e+04 5.902952841e+00 9.577104744e-01 1.126391064e-02 3.963345503e+00
2.444889780e+04 5.913453278e+00 9.442132477e-01 1.125015461e-02 3.963117700e+00
2.464929860e+04 5.923795289e+00 9.308861288e-01 1.123673124e-02 3.962890187e+00
2.484969940e+04 5.933980302e+00 9.177276049e-01 1.122363509e-02 3.962662956e+00
2.505010020e+04 5.944009750e+00 9.047361591e-01 1.121086097e-02 3.962436001e+00
2.525050100e+04 5.953885071e+00 8.919102685e-01 1.119840375e-02 3.962209315e+00
2.545090180e+04 5.963607706e+00 8.792484046e-01 1.118625836e-02 3.961982892e+00
2.565130261e+04 5.973179102e+00 8.667490357e-01 1.117441984e-02 3.961756727e+00
2.585170341e+04 5.982600707e+00 8.544106272e-01 1.116288326e-02 3.961530811e+00
2.605210421e+04 5.991873970e+00 8.422316408e-01 1.115164389e-02 3.961305140e+00
2.625250501e+04 6.001000344e+00 8.302105366e-01 1.114069708e-02 3.961079707e+00
2.645290581e+04 6.009981282e+00 8.183457740e-01 1.113003821e-02 3.960854507e+00
2.665330661e+04 6.018818237e+00 8.066358107e-01 1.111966275e-02 3.960629533e+00
2.685370741e+04 6.027512664e+00 7.950791044e-01 1.110956621e-02 3.960404780e+00
2.705410822e+04 6.036066015e+00 7.836741139e-01 1.109974425e-02 3.960180242e+00
2.725450902e+04 6.044479742e+00 7.724192983e-01 1.109019257e-02 3.959955914e+00
2.745490982e+04 6.052755294e+00 7.613131177e-01 1.108090691e-02 3.959731790e+00
2.765531062e+04 6.060894121e+00 7.503540355e-01 1.107188311e-02 3.959507865e+00
2.785571142e+04 6.068897667e+00 7.395405167e-01 1.106311709e-02 3.959284134e+00
2.805611222e+04 6.076767377e+00 7.288710289e-01 1.105460486e-02 3.959060591e+00
2.825651303e+04 6.084504688e+00 7.183440441e-01 1.104634247e-02 3.958837231e+00
2.845691383e+04 6.092111035e+00 7.079580380e-01 1.103832605e-02 3.958614050e+00
2.865731463e+04 6.099587852e+00 6.977114894e-01 1.103055181e-02 3.958391041e+00
2.885771543e+04 6.106936564e+00 6.876028835e-01 1.102301600e-02 3.958168201e+00
2.905811623e+04 6.114158592e+00 6.776307100e-01 1.101571497e-02 3.957945525e+00
2.925851703e+04 6.121255354e+00 6.677934631e-01 1.100864508e-02 3.957723007e+00
2.945891784e+04 6.128228260e+00 6.580896444e-01 1.100180277e-02 3.957500643e+00
2.965931864e+04 6.135078715e+00 6.485177613e-01 1.099518456e-02 3.957278429e+00
2.985971944e+04 6.141808117e+00 6.390763267e-01 1.098878703e-02 3.957056360e+00
3.006012024e+04 6.148417858e+00 6.297638618e-01 1.098260681e-02 3.956834431e+00
3.026052104e+04 6.154909323e+00 6.205788948e-01 1.097664059e-02 3.956612639e+00
3.046092184e+04 6.161283891e+00 6.115199602e-01 1.097088512e-02 3.956390978e+00
3.066132265e+04 6.167542930e+00 6.025856015e-01 1.096533719e-02 3.956169445e+00
3.086172345e+04 6.173687805e+00 5.937743704e-01 1.095999367e-02 3.955948035e+00
3.106212425e+04 6.179719869e+00 5.850848257e-01 1.095485147e-02 3.955726745e+00
3.126252505e+04 6.185640470e+00 5.765155358e-01 1.094990754e-02 3.955505570e+00
3.146292585e+04 6.191450946e+00 5.680650778e-01 1.094515889e-02 3.955284506e+00
3.166332665e+04 6.197152627e+00 5.597320372e-01 1.094060259e-02 3.955063549e+00
3.186372745e+04 6.202746833e+00 5.515150093e-01 1.093623576e-02 3.954842696e+00
3.206412826e+04 6.208234877e+00 5.434125990e-01 1.093205554e-02 3.954621943e+00
3.226452906e+04 6.213618061e+00 5.354234203e-01 1.092805917e-02 3.954401285e+00
3.246492986e+04 6.218897680e+00 5.275460969e-01 1.092424391e-02 3.954180720e+00
3.266533066e+04 6.224075018e+00 5.197792634e-01 1.092060707e-02 3.953960243e+00
3.286573146e+04 6.229151348e+00 5.121215637e-01 1.091714600e-02 3.953739851e+00
3.306613226e+04 6.234127937e+00 5.045716519e-01 1.091385808e-02 3.953519540e+00
3.326653307e+04 6.239006039e+00 4.971281933e-01 1.091074075e-02 3.953299307e+00
3.346693387e+04 6.243786899e+00 4.897898631e-01 1.090779149e-02 3.953079149e+00
3.366733467e+04 6.248471752e+00 4.825553471e-01 1.090500785e-02 3.952859061e+00
3.386773547e+04 6.253061824e+00 4.754233424e-01 1.090238738e-02 3.952639042e+00
3.406813627e+04 6.257558328e+00 4.683925569e-01 1.089992769e-02 3.952419087e+00
3.426853707e+04 6.261962470e+00 4.614617087e-01 1.089762643e-02 3.952199193e+00
3.446893788e+04 6.266275442e+00 4.546295280e-01 1.089548129e-02 3.951979357e+00
3.466933868e+04 6.270498428e+00 4.478947557e-01 1.089349000e-02 3.951759576e+00
3.486973948e+04 6.274632602e+00 4.412561436e-01 1.089165033e-02 3.951539847e+00
3.507014028e+04 6.278679124e+00 4.347124553e-01 1.088996009e-02 3.951320167e+00
3.527054108e+04 6.282639146e+00 4.282624657e-01 1.088841713e-02 3.951100533e+00
3.547094188e+04 6.286513810e+00 4.219049605e-01 1.088701929e-02 3.950880941e+00
3.567134269e+04 6.290304244e+00 4.156387374e-01 1.088576448e-02 3.950661389e+00
3.587174349e+04 6.294011568e+00 4.094626057e-01 1.088465065e-02 3.950441875e+00
3.607214429e+04 6.297636890e+00 4.033753854e-01 1.088367580e-02 3.950222394e+00
3.627254509e+04 6.301181308e+00 3.973759089e-01 1.088283793e-02 3.950002945e+00
3.647294589e+04 6.304645907e+00 3.914630198e-01 1.088213510e-02 3.949783525e+00
3.667334669e+04 6.308031765e+00 3.856355729e-01 1.088156539e-02 3.949564130e+00
3.687374749e+04 6.311339945e+00 3.798924352e-01 1.088112692e-02 3.949344759e+00
3.707414830e+04 6.314571501e+00 3.742324850e-01 1.088081782e-02 3.949125408e+00
3.727454910e+04 6.317727476e+00 3.686546119e-01 1.088063628e-02 3.948906076e+00
3.747494990e+04 6.320808902e+00 3.631577175e-01 1.088058050e-02 3.948686759e+00
3.767535070e+04 6.323816801e+00 3.577407147e-01 1.088064869e-02 3.948467455e+00
3.787575150e+04 6.326752182e+00 3.524025281e-01 1.088083914e-02 3.948248162e+00
3.807615230e+04 6.329616046e+00 3.471420935e-01 1.088115014e-02 3.948028876e+00
3.827655311e+04 6.332409380e+00 3.419583586e-01 1.088158000e-02 3.947809597e+00
3.847695391e+04 6.335133164e+00 3.368502823e-01 1.088212708e-02 3.947590320e+00
3.867735471e+04 6.337788363e+00 3.318168351e-01 1.088278975e-02 3.947371045e+00
3.887775551e+04 6.340375934e+00 3.268569987e-01 1.088356643e-02 3.947151768e+00
3.907815631e+04 6.342896823e+00 3.219697664e-01 1.088445554e-02 3.946932487e+00
3.927855711e+04 6.345351965e+00 3.171541427e-01 1.088545553e-02 3.946713200e+00
3.947895792e+04 6.347742284e+00 3.124091433e-01 1.088656489e-02 3.946493906e+00
3.967935872e+04 6.350068694e+00 3.077337953e-01 1.088778213e-02 3.946274601e+00
3.987975952e+04 6.352332099e+00 3.031271367e-01 1.088910577e-02 3.946055283e+00
4.008016032e+04 6.354533391e+00 2.985882170e-01 1.089053438e-02 3.945835951e+00
4.028056112e+04 6.356673453e+00 2.941160968e-01 1.089206652e-02 3.945616602e+00
4.048096192e+04 6.358753157e+00 2.897098470e-01 1.089370080e-02 3.945397235e+00
4.068136273e+04 6.360773365e+00 2.853685503e-01 1.089543586e-02 3.945177846e+00
4.088176353e+04 6.362734927e+00 2.810913001e-01 1.089727034e-02 3.944958435e+00
4.108216433e+04 6.364638686e+00 2.768772002e-01 1.089920291e-02 3.944738999e+00
4.128256513e+04 6.366485473e+00 2.727253655e-01 1.090123226e-02 3.944519536e+00
4.148296593e+04 6.368276109e+00 2.686349215e-01 1.090335711e-02 3.944300045e+00
4.168336673e+04 6.370011405e+00 2.646050046e-01 1.090557619e-02 3.944080522e+00
4.188376754e+04 6.371692163e+00 2.606347612e-01 1.090788827e-02 3.943860968e+00
4.208416834e+04 6.373319173e+00 2.567233486e-01 1.091029211e-02 3.943641379e+00
4.228456914e+04 6.374893218e+00 2.528699344e-01 1.091278652e-02 3.943421754e+00
4.248496994e+04 6.376415069e+00 2.490736964e-01 1.091537032e-02 3.943202091e+00
4.268537074e+04 6.377885488e+00 2.453338227e-01 1.091804233e-02 3.942982388e+00
4.288577154e+04 6.379305230e+00 2.416495117e-01 1.092080142e-02 3.942762644e+00
4.308617234e+04 6.380675035e+00 2.380199718e-01 1.092364645e-02 3.942542856e+00
4.328657315e+04 6.381995640e+00 2.344444212e-01 1.092657633e-02 3.942323024e+00
4.348697395e+04 6.383267767e+00 2.309220883e-01 1.092958996e-02 3.942103144e+00
4.368737475e+04 6.384492133e+00 2.274522114e-01 1.093268627e-02 3.941883217e+00
4.388777555e+04 6.385669443e+00 2.240340380e-01 1.093586421e-02 3.941663240e+00
4.408817635e+04 6.386800395e+00 2.206668259e-01 1.093912275e-02 3.941443211e+00
4.428857715e+04 6.387885677e+00 2.173498423e-01 1.094246086e-02 3.941223128e+00
4.448897796e+04 6.388925966e+00 2.140823637e-01 1.094587756e-02 3.941002992e+00
4.468937876e+04 6.389921935e+00 2.108636761e-01 1.094937183e-02 3.940782798e+00
4.488977956e+04 6.390874244e+00 2.076930750e-01 1.095294270e-02 3.940562547e+00
4.509018036e+04 6.391783545e+00 2.045698649e-01 1.095658920e-02 3.940342237e+00
4.529058116e+04 6.392650483e+00 2.014933596e-01 1.096031040e-02 3.940121866e+00
4.549098196e+04 6.393475694e+00 1.984628819e-01 1.096410546e-02 3.939901432e+00
4.569138277e+04 6.394259806e+00 1.954777635e-01 1.096797347e-02 3.939680935e+00
4.589178357e+04 6.395003437e+00 1.925373451e-01 1.097191359e-02 3.939460372e+00
4.609218437e+04 6.395707199e+00 1.896409762e-01 1.097592490e-02 3.939239743e+00
4.629258517e+04 6.396371691e+00 1.867880147e-01 1.098000626e-02 3.939019045e+00
4.649298597e+04 6.396997507e+00 1.839778275e-01 1.098415683e-02 3.938798278e+00
4.669338677e+04 6.397585234e+00 1.812097898e-01 1.098837563e-02 3.938577440e+00
4.689378758e+04 6.398135450e+00 1.784832854e-01 1.099266202e-02 3.938356530e+00
4.709418838e+04 6.398648730e+00 1.757977062e-01 1.099701578e-02 3.938135547e+00
4.729458918e+04 6.399125636e+00 1.731524526e-01 1.100143607e-02 3.937914488e+00
4.749498998e+04 6.399566726e+00 1.705469330e-01 1.100592244e-02 3.937693354e+00
4.769539078e+04 6.399972544e+00 1.679805640e-01 1.101047365e-02 3.937472142e+00
4.789579158e+04 6.400343627e+00 1.654527702e-01 1.101508829e-02 3.937250851e+00
4.809619238e+04 6.400680509e+00 1.629629839e-01 1.101976573e-02 3.937029480e+00
4.829659319e+04 6.400983714e+00 1.605106455e-01 1.102450484e-02 3.936808028e+00
4.849699399e+04 6.401253761e+00 1.580952028e-01 1.102930548e-02 3.936586493e+00
4.869739479e+04 6.401491159e+00 1.557161114e-01 1.103416707e-02 3.936364875e+00
4.889779559e+04 6.401696412e+00 1.533728344e-01 1.103908870e-02 3.936143172e+00
4.909819639e+04 6.401870014e+00 1.510648424e-01 1.104406977e-02 3.935921382e+00
4.929859719e+04 6.402012462e+00 1.487916134e-01 1.104910992e-02 3.935699506e+00
4.949899800e+04 6.402124237e+00 1.465526327e-01 1.105420872e-02 3.935477541e+00
4.969939880e+04 6.402205818e+00 1.443473927e-01 1.105936590e-02 3.935255486e+00
4.989979960e+04 6.402257679e+00 1.421753929e-01 1.106458127e-02 3.935033341e+00
5.010020040e+04 6.402280270e+00 1.400361400e-01 1.106985233e-02 3.934811104e+00
5.030060120e+04 6.402274051e+00 1.379291476e-01 1.107517844e-02 3.934588774e+00
5.050100200e+04 6.402239465e+00 1.358539360e-01 1.108055795e-02 3.934366349e+00
5.070140281e+04 6.402176962e+00 1.338100325e-01 1.108599184e-02 3.934143830e+00
5.090180361e+04 6.402086980e+00 1.317969710e-01 1.109147976e-02 3.933921215e+00
5.110220441e+04 6.401969949e+00 1.298142919e-01 1.109702129e-02 3.933698502e+00
5.130260521e+04 6.401826295e+00 1.278615423e-01 1.110261597e-02 3.933475691e+00
5.150300601e+04 6.401656439e+00 1.259382758e-01 1.110826343e-02 3.933252781e+00
5.170340681e+04 6.401460795e+00 1.240440520e-01 1.111396398e-02 3.933029771e+00
5.190380762e+04 6.401239770e+00 1.221784373e-01 1.111971671e-02 3.932806659e+00
5.210420842e+04 6.400993757e+00 1.203410040e-01 1.112551870e-02 3.932583445e+00
5.230460922e+04 6.400723151e+00 1.185313306e-01 1.113136896e-02 3.932360127e+00
5.250501002e+04 6.400428337e+00 1.167490016e-01 1.113726603e-02 3.932136705e+00
5.270541082e+04 6.400109710e+00 1.149936076e-01 1.114321319e-02 3.931913178e+00
5.290581162e+04 6.399767644e+00 1.132647450e-01 1.114920899e-02 3.931689545e+00
5.310621242e+04 6.399402514e+00 1.115620160e-01 1.115525410e-02 3.931465804e+00
5.330661323e+04 6.399014687e+00 1.098850287e-01 1.116134643e-02 3.931241955e+00
5.350701403e+04 6.398604526e+00 1.082333968e-01 1.116748694e-02 3.931017998e+00
5.370741483e+04 6.398172392e+00 1.066067395e-01 1.117367578e-02 3.930793930e+00
5.390781563e+04 6.397718631e+00 1.050046817e-01 1.117991076e-02 3.930569751e+00
5.410821643e+04 6.397243587e+00 1.034268536e-01 1.118619057e-02 3.930345461e+00
5.430861723e+04 6.396747599e+00 1.018728909e-01 1.119251359e-02 3.930121058e+00
5.450901804e+04 6.396231004e+00 1.003424345e-01 1.119888045e-02 3.929896541e+00
5.470941884e+04 6.395694139e+00 9.883513062e-02 1.120529220e-02 3.929671910e+00
5.490981964e+04 6.395137328e+00 9.735063068e-02 1.121174806e-02 3.929447164e+00
5.511022044e+04 6.394560894e+00 9.588859112e-02 1.121824802e-02 3.929222301e+00
5.531062124e+04 6.393965155e+00 9.444867347e-02 1.122479163e-02 3.928997322e+00
5.551102204e+04 6.393350425e+00 9.303054418e-02 1.123137970e-02 3.928772224e+00
5.571142285e+04 6.392717014e+00 9.163387461e-02 1.123801211e-02 3.928547008e+00
5.591182365e+04 6.392065217e+00 9.025834100e-02 1.124468478e-02 3.928321673e+00
5.611222445e+04 6.391395332e+00 8.890362428e-02 1.125139705e-02 3.928096217e+00
5.631262525e+04 6.390707651e+00 8.756941010e-02 1.125814643e-02 3.927870640e+00
5.651302605e+04 6.390002473e+00 8.625538883e-02 1.126493834e-02 3.927644942e+00
5.671342685e+04 6.389280079e+00 8.496125531e-02 1.127177103e-02 3.927419120e+00
5.691382766e+04 6.388540754e+00 8.368670892e-02 1.127864580e-02 3.927193175e+00
5.711422846e+04 6.387784772e+00 8.243145353e-02 1.128556046e-02 3.926967106e+00
5.731462926e+04 6.387012410e+00 8.119519733e-02 1.129251530e-02 3.926740912e+00
5.751503006e+04 6.386223937e+00 7.997765287e-02 1.129951083e-02 3.926514592e+00
5.771543086e+04 6.385419617e+00 7.877853696e-02 1.130654578e-02 3.926288145e+00
5.791583166e+04 6.384599709e+00 7.759757062e-02 1.131361846e-02 3.926061572e+00
5.811623246e+04 6.383764469e+00 7.643447899e-02 1.132072748e-02 3.925834870e+00
5.831663327e+04 6.382914149e+00 7.528899132e-02 1.132787239e-02 3.925608039e+00
5.851703407e+04 6.382048999e+00 7.416084095e-02 1.133505501e-02 3.925381079e+00
5.871743487e+04 6.381169264e+00 7.304976512e-02 1.134227406e-02 3.925153989e+00
5.891783567e+04 6.380275183e+00 7.195550502e-02 1.134952972e-02 3.924926767e+00
5.911823647e+04 6.379367004e+00 7.087780569e-02 1.135682242e-02 3.924699414e+00
5.931863727e+04 6.378444961e+00 6.981641599e-02 1.136415316e-02 3.924471929e+00
5.951903808e+04 6.377509291e+00 6.877108850e-02 1.137152314e-02 3.924244311e+00
5.971943888e+04 6.376560210e+00 6.774157955e-02 1.137892766e-02 3.924016559e+00
5.991983968e+04 6.375597947e+00 6.672764907e-02 1.138636717e-02 3.923788672e+00
6.012024048e+04 6.374622719e+00 6.572906055e-02 1.139383969e-02 3.923560651e+00
6.032064128e+04 6.373634747e+00 6.474558118e-02 1.140134740e-02 3.923332493e+00
6.052104208e+04 6.372634243e+00 6.377698152e-02 1.140888966e-02 3.923104199e+00
6.072144289e+04 6.371621415e+00 6.282303559e-02 1.141646586e-02 3.922875769e+00
6.092184369e+04 6.370596475e+00 6.188352083e-02 1.142407625e-02 3.922647200e+00
6.112224449e+04 6.369559630e+00 6.095821803e-02 1.143172133e-02 3.922418493e+00
6.132264529e+04 6.368511084e+00 6.004691125e-02 1.143940191e-02 3.922189646e+00
6.152304609e+04 6.367451035e+00 5.914938780e-02 1.144711739e-02 3.921960660e+00
6.172344689e+04 6.366379674e+00 5.826543822e-02 1.145486501e-02 3.921731534e+00
6.192384770e+04 6.365297195e+00 5.739485616e-02 1.146264460e-02 3.921502267e+00
6.212424850e+04 6.364203787e+00 5.653743840e-02 1.147045529e-02 3.921272858e+00
6.232464930e+04 6.363099638e+00 5.569298485e-02 1.147829952e-02 3.921043306e+00
6.252505010e+04 6.361984929e+00 5.486129836e-02 1.148617609e-02 3.920813612e+00
6.272545090e+04 6.360859841e+00 5.404218478e-02 1.149408526e-02 3.920583774e+00
6.292585170e+04 6.359724556e+00 5.323545292e-02 1.150202594e-02 3.920353793e+00
6.312625251e+04 6.358579249e+00 5.244091443e-02 1.150999855e-02 3.920123666e+00
6.332665331e+04 6.357424096e+00 5.165838383e-02 1.151800314e-02 3.919893394e+00
6.352705411e+04 6.356259264e+00 5.088767848e-02 1.152603903e-02 3.919662977e+00
6.372745491e+04 6.355084920e+00 5.012861847e-02 1.153410595e-02 3.919432412e+00
6.392785571e+04 6.353901230e+00 4.938102658e-02 1.154220351e-02 3.919201701e+00
6.412825651e+04 6.352708356e+00 4.864472835e-02 1.155033184e-02 3.918970842e+00
6.432865731e+04 6.351506460e+00 4.791955193e-02 1.155849104e-02 3.918739834e+00
6.452905812e+04 6.350295698e+00 4.720532805e-02 1.156668088e-02 3.918508678e+00
6.472945892e+04 6.349076226e+00 4.650189003e-02 1.157490115e-02 3.918277372e+00
6.492985972e+04 6.347848196e+00 4.580907375e-02 1.158315137e-02 3.918045917e+00
6.513026052e+04 6.346611761e+00 4.512671751e-02 1.159143141e-02 3.917814310e+00
6.533066132e+04 6.345367067e+00 4.445466213e-02 1.159974109e-02 3.917582553e+00
6.553106212e+04 6.344114260e+00 4.379275085e-02 1.160808053e-02 3.917350644e+00
6.573146293e+04 6.342853485e+00 4.314082923e-02 1.161644941e-02 3.917118582e+00
6.593186373e+04 6.341584882e+00 4.249874521e-02 1.162484760e-02 3.916886368e+00
6.613226453e+04 6.340308592e+00 4.186634905e-02 1.163327488e-02 3.916654000e+00
6.633266533e+04 6.339024752e+00 4.124349334e-02 1.164173105e-02 3.916421479e+00
6.653306613e+04 6.337733498e+00 4.063003279e-02 1.165021592e-02 3.916188802e+00
6.673346693e+04 6.336434963e+00 4.002582439e-02 1.165872932e-02 3.915955971e+00
6.693386774e+04 6.335129276e+00 3.943072732e-02 1.166727122e-02 3.915722984e+00
6.713426854e+04 6.333816565e+00 3.884460290e-02 1.167584162e-02 3.915489842e+00
6.733466934e+04 6.332496956e+00 3.826731453e-02 1.168444040e-02 3.915256542e+00
6.753507014e+04 6.331170571e+00 3.769872768e-02 1.169306756e-02 3.915023086e+00
6.773547094e+04 6.329837553e+00 3.713870989e-02 1.170172335e-02 3.914789471e+00
6.793587174e+04 6.328498005e+00 3.658713079e-02 1.171040583e-02 3.914555699e+00
6.813627255e+04 6.327152046e+00 3.604386192e-02 1.171911663e-02 3.914321767e+00
6.833667335e+04 6.325799800e+00 3.550877688e-02 1.172785516e-02 3.914087677e+00
6.853707415e+04 6.324441379e+00 3.498175120e-02 1.173662117e-02 3.913853426e+00
6.873747495e+04 6.323076897e+00 3.446266230e-02 1.174541454e-02 3.913619016e+00
6.893787575e+04 6.321706468e+00 3.395138930e-02 1.175423518e-02 3.913384444e+00
6.913827655e+04 6.320330201e+00 3.344781325e-02 1.176308305e-02 3.913149711e+00
6.933867735e+04 6.318948203e+00 3.295181865e-02 1.177195802e-02 3.912914816e+00
6.953907816e+04 6.317560584e+00 3.246328794e-02 1.178086000e-02 3.912679759e+00
6.973947896e+04 6.316167447e+00 3.198210975e-02 1.178978888e-02 3.912444539e+00
6.993987976e+04 6.314768898e+00 3.150816944e-02 1.179874454e-02 3.912209156e+00
7.014028056e+04 6.313365037e+00 3.104135938e-02 1.180772689e-02 3.911973609e+00
7.034068136e+04 6.311955966e+00 3.058156838e-02 1.181673582e-02 3.911737898e+00
7.054108216e+04 6.310541782e+00 3.012869229e-02 1.182577125e-02 3.911502021e+00
7.074148297e+04 6.309122586e+00 2.968262309e-02 1.183483307e-02 3.911265979e+00
7.094188377e+04 6.307698474e+00 2.924325608e-02 1.184392121e-02 3.911029772e+00
7.114228457e+04 6.306269538e+00 2.881049168e-02 1.185303558e-02 3.910793398e+00
7.134268537e+04 6.304835871e+00 2.838423015e-02 1.186217609e-02 3.910556857e+00
7.154308617e+04 6.303397563e+00 2.796437251e-02 1.187134266e-02 3.910320149e+00
7.174348697e+04 6.301954706e+00 2.755082133e-02 1.188053522e-02 3.910083274e+00
7.194388778e+04 6.300507388e+00 2.714348108e-02 1.188975367e-02 3.909846230e+00
7.214428858e+04 6.299055695e+00 2.674225681e-02 1.189899796e-02 3.909609017e+00
7.234468938e+04 6.297599715e+00 2.634705563e-02 1.190826799e-02 3.909371635e+00
7.254509018e+04 6.296139531e+00 2.595778589e-02 1.191756370e-02 3.909134083e+00
7.274549098e+04 6.294675226e+00 2.557435873e-02 1.192688502e-02 3.908896361e+00
7.294589178e+04 6.293206883e+00 2.519668401e-02 1.193623188e-02 3.908658468e+00
7.314629259e+04 6.291734583e+00 2.482467333e-02 1.194560420e-02 3.908420405e+00
7.334669339e+04 6.290258406e+00 2.445824068e-02 1.195500194e-02 3.908182169e+00
7.354709419e+04 6.288778430e+00 2.409730173e-02 1.196442501e-02 3.907943762e+00
7.374749499e+04 6.287294730e+00 2.374177403e-02 1.197387337e-02 3.907705182e+00
7.394789579e+04 6.285807384e+00 2.339157378e-02 1.198334695e-02 3.907466429e+00
7.414829659e+04 6.284316465e+00 2.304662142e-02 1.199284570e-02 3.907227502e+00
7.434869739e+04 6.282822045e+00 2.270683837e-02 1.200236955e-02 3.906988402e+00
7.454909820e+04 6.281324199e+00 2.237214434e-02 1.201191846e-02 3.906749127e+00
7.474949900e+04 6.279822996e+00 2.204246322e-02 1.202149238e-02 3.906509677e+00
7.494989980e+04 6.278318505e+00 2.171771926e-02 1.203109124e-02 3.906270052e+00
7.515030060e+04 6.276810798e+00 2.139783669e-02 1.204071501e-02 3.906030251e+00
7.535070140e+04 6.275299940e+00 2.108274209e-02 1.205036363e-02 3.905790274e+00
7.555110220e+04 6.273786000e+00 2.077236281e-02 1.206003707e-02 3.905550120e+00
7.575150301e+04 6.272269042e+00 2.046662701e-02 1.206973526e-02 3.905309789e+00
7.595190381e+04 6.270749132e+00 2.016546436e-02 1.207945818e-02 3.905069281e+00
7.615230461e+04 6.269226332e+00 1.986880553e-02 1.208920578e-02 3.904828594e+00
7.635270541e+04 6.267700707e+00 1.957658218e-02 1.209897802e-02 3.904587729e+00
7.655310621e+04 6.266172317e+00 1.928872679e-02 1.210877486e-02 3.904346685e+00
7.675350701e+04 6.264641223e+00 1.900517340e-02 1.211859627e-02 3.904105461e+00
7.695390782e+04 6.263107484e+00 1.872585700e-02 1.212844221e-02 3.903864057e+00
7.715430862e+04 6.261571160e+00 1.845071311e-02 1.213831264e-02 3.903622473e+00
7.735470942e+04 6.260032309e+00 1.817967830e-02 1.214820754e-02 3.903380709e+00
7.755511022e+04 6.258490987e+00 1.791269074e-02 1.215812687e-02 3.903138763e+00
7.775551102e+04 6.256947250e+00 1.764968937e-02 1.216807061e-02 3.902896635e+00
7.795591182e+04 6.255401154e+00 1.739061317e-02 1.217803872e-02 3.902654325e+00
7.815631263e+04 6.253852753e+00 1.713540290e-02 1.218803118e-02 3.902411833e+00
7.835671343e+04 6.252302100e+00 1.688400035e-02 1.219804797e-02 3.902169157e+00
7.855711423e+04 6.250749248e+00 1.663634808e-02 1.220808905e-02 3.901926299e+00
7.875751503e+04 6.249194249e+00 1.639238847e-02 1.221815441e-02 3.901683256e+00
7.895791583e+04 6.247637153e+00 1.615206619e-02 1.222824403e-02 3.901440029e+00
7.915831663e+04 6.246078010e+00 1.591532636e-02 1.223835790e-02 3.901196617e+00
7.935871743e+04 6.244516870e+00 1.568211471e-02 1.224849598e-02 3.900953019e+00
7.955911824e+04 6.242953783e+00 1.545237713e-02 1.225865825e-02 3.900709237e+00
7.975951904e+04 6.241388795e+00 1.522606170e-02 1.226884470e-02 3.900465267e+00
7.995991984e+04 6.239821954e+00 1.500311685e-02 1.227905532e-02 3.900221112e+00
8.016032064e+04 6.238253306e+00 1.478349192e-02 1.228929009e-02 3.899976769e+00
8.036072144e+04 6.236682896e+00 1.456713579e-02 1.229954900e-02 3.899732239e+00
8.056112224e+04 6.235110770e+00 1.435399925e-02 1.230983205e-02 3.899487521e+00
8.076152305e+04 6.233536970e+00 1.414403408e-02 1.232013921e-02 3.899242615e+00
8.096192385e+04 6.231961541e+00 1.393719263e-02 1.233047049e-02 3.898997519e+00
8.116232465e+04 6.230384525e+00 1.373342768e-02 1.234082588e-02 3.898752235e+00
8.136272545e+04 6.228805965e+00 1.353269169e-02 1.235120536e-02 3.898506761e+00
8.156312625e+04 6.227225902e+00 1.333493976e-02 1.236160893e-02 3.898261097e+00
8.176352705e+04 6.225644377e+00 1.314012702e-02 1.237203658e-02 3.898015242e+00
8.196392786e+04 6.224061429e+00 1.294820939e-02 1.238248831e-02 3.897769197e+00
8.216432866e+04 6.222477098e+00 1.275914236e-02 1.239296413e-02 3.897522960e+00
8.236472946e+04 6.220891424e+00 1.257288295e-02 1.240346402e-02 3.897276531e+00
8.256513026e+04 6.219304444e+00 1.238938925e-02 1.241398799e-02 3.897029910e+00
8.276553106e+04 6.217716196e+00 1.220861976e-02 1.242453604e-02 3.896783096e+00
8.296593186e+04 6.216126715e+00 1.203053355e-02 1.243510817e-02 3.896536089e+00
8.316633267e+04 6.214536041e+00 1.185508881e-02 1.244570438e-02 3.896288888e+00
8.336673347e+04 6.212944208e+00 1.168224674e-02 1.245632469e-02 3.896041493e+00
8.356713427e+04 6.211351251e+00 1.151196823e-02 1.246696908e-02 3.895793904e+00
8.376753507e+04 6.209757204e+00 1.134421484e-02 1.247763757e-02 3.895546120e+00
8.396793587e+04 6.208162103e+00 1.117894798e-02 1.248833017e-02 3.895298140e+00
8.416833667e+04 6.206565980e+00 1.101613015e-02 1.249904687e-02 3.895049965e+00
8.436873747e+04 6.204968869e+00 1.085572482e-02 1.250978770e-02 3.894801594e+00
8.456913828e+04 6.203370802e+00 1.069769574e-02 1.252055267e-02 3.894553026e+00
8.476953908e+04 6.201771811e+00 1.054200721e-02 1.253134177e-02 3.894304260e+00
8.496993988e+04 6.200171928e+00 1.038862403e-02 1.254215503e-02 3.894055298e+00
8.517034068e+04 6.198571183e+00 1.023751144e-02 1.255299245e-02 3.893806137e+00
8.537074148e+04 6.196969607e+00 1.008863530e-02 1.256385405e-02 3.893556778e+00
8.557114228e+04 6.195367230e+00 9.941961924e-03 1.257473985e-02 3.893307220e+00
8.577154309e+04 6.193764081e+00 9.797458040e-03 1.258564986e-02 3.893057463e+00
8.597194389e+04 6.192160191e+00 9.655090982e-03 1.259658409e-02 3.892807506e+00
8.617234469e+04 6.190555586e+00 9.514829350e-03 1.260754257e-02 3.892557349e+00
8.637274549e+04 6.188950295e+00 9.376640976e-03 1.261852530e-02 3.892306991e+00
8.657314629e+04 6.187344346e+00 9.240494604e-03 1.262953232e-02 3.892056432e+00
8.677354709e+04 6.185737766e+00 9.106359409e-03 1.264056363e-02 3.891805672e+00
8.697394790e+04 6.184130583e+00 8.974204988e-03 1.265161926e-02 3.891554710e+00
8.717434870e+04 6.182522822e+00 8.844002377e-03 1.266269923e-02 3.891303545e+00
8.737474950e+04 6.180914509e+00 8.715721904e-03 1.267380357e-02 3.891052178e+00
8.757515030e+04 6.179305669e+00 8.589334622e-03 1.268493229e-02 3.890800608e+00
8.777555110e+04 6.177696329e+00 8.464812086e-03 1.269608542e-02 3.890548833e+00
8.797595190e+04 6.176086512e+00 8.342126277e-03 1.270726298e-02 3.890296855e+00
8.817635271e+04 6.174476242e+00 8.221249783e-03 1.271846501e-02 3.890044672e+00
8.837675351e+04 6.172865544e+00 8.102155525e-03 1.272969152e-02 3.889792284e+00
8.857715431e+04 6.171254441e+00 7.984816745e-03 1.274094254e-02 3.889539691e+00
8.877755511e+04 6.169642956e+00 7.869207169e-03 1.275221811e-02 3.889286892e+00
8.897795591e+04 6.168031112e+00 7.755300929e-03 1.276351824e-02 3.889033887e+00
8.917835671e+04 6.166418931e+00 7.643072504e-03 1.277484297e-02 3.888780674e+00
8.937875752e+04 6.164806435e+00 7.532496712e-03 1.278619233e-02 3.888527255e+00
8.957915832e+04 6.163193646e+00 7.423548890e-03 1.279756635e-02 3.888273628e+00
8.977955912e+04 6.161580584e+00 7.316204693e-03 1.280896506e-02 3.888019793e+00
8.997995992e+04 6.159967272e+00 7.210440145e-03 1.282038850e-02 3.887765749e+00
9.018036072e+04 6.158353729e+00 7.106231626e-03 1.283183669e-02 3.887511496e+00
9.038076152e+04 6.156739975e+00 7.003555834e-03 1.284330968e-02 3.887257034e+00
9.058116232e+04 6.155126031e+00 6.902389880e-03 1.285480749e-02 3.887002363e+00
9.078156313e+04 6.153511916e+00 6.802711189e-03 1.286633016e-02 3.886747480e+00
9.098196393e+04 6.151897649e+00 6.704497519e-03 1.287787772e-02 3.886492387e+00
9.118236473e+04 6.150283250e+00 6.607726957e-03 1.288945023e-02 3.886237083e+00
9.138276553e+04 6.148668737e+00 6.512377909e-03 1.290104770e-02 3.885981567e+00
9.158316633e+04 6.147054128e+00 6.418429097e-03 1.291267018e-02 3.885725839e+00
9.178356713e+04 6.145439441e+00 6.325859829e-03 1.292431771e-02 3.885469899e+00
9.198396794e+04 6.143824694e+00 6.234649591e-03 1.293599033e-02 3.885213745e+00
9.218436874e+04 6.142209905e+00 6.144777916e-03 1.294768807e-02 3.884957378e+00
9.238476954e+04 6.140595090e+00 6.056224796e-03 1.295941099e-02 3.884700798e+00
9.258517034e+04 6.138980266e+00 5.968970516e-03 1.297115912e-02 3.884444002e+00
9.278557114e+04 6.137365451e+00 5.882995645e-03 1.298293250e-02 3.884186992e+00
9.298597194e+04 6.135750659e+00 5.798281032e-03 1.299473117e-02 3.883929767e+00
9.318637275e+04 6.134135909e+00 5.714807796e-03 1.300655519e-02 3.883672326e+00
9.338677355e+04 6.132521214e+00 5.632558180e-03 1.301840459e-02 3.883414669e+00
9.358717435e+04 6.130906590e+00 5.551513461e-03 1.303027941e-02 3.883156795e+00
9.378757515e+04 6.129292053e+00 5.471655657e-03 1.304217972e-02 3.882898705e+00
9.398797595e+04 6.127677619e+00 5.392967058e-03 1.305410554e-02 3.882640396e+00
9.418837675e+04 6.126063300e+00 5.315430216e-03 1.306605693e-02 3.882381870e+00
9.438877756e+04 6.124449113e+00 5.239027935e-03 1.307803394e-02 3.882123125e+00
9.458917836e+04 6.122835071e+00 5.163743272e-03 1.309003660e-02 3.881864161e+00
9.478957916e+04 6.121221188e+00 5.089559749e-03 1.310206498e-02 3.881604978e+00
9.498997996e+04 6.119607478e+00 5.016461239e-03 1.311411913e-02 3.881345576e+00
9.519038076e+04 6.117993954e+00 4.944431349e-03 1.312619908e-02 3.881085952e+00
9.539078156e+04 6.116380630e+00 4.873454180e-03 1.313830490e-02 3.880826109e+00
9.559118236e+04 6.114767519e+00 4.803514067e-03 1.315043663e-02 3.880566043e+00
9.579158317e+04 6.113154634e+00 4.734595581e-03 1.316259432e-02 3.880305757e+00
9.599198397e+04 6.111541987e+00 4.666683518e-03 1.317477803e-02 3.880045248e+00
9.619238477e+04 6.109929591e+00 4.599762899e-03 1.318698782e-02 3.879784516e+00
9.639278557e+04 6.108317458e+00 4.533819234e-03 1.319922373e-02 3.879523562e+00
9.659318637e+04 6.106705599e+00 4.468837931e-03 1.321148582e-02 3.879262384e+00
9.679358717e+04 6.105094027e+00 4.404804659e-03 1.322377414e-02 3.879000982e+00
9.699398798e+04 6.103482753e+00 4.341705345e-03 1.323608876e-02 3.878739355e+00
9.719438878e+04 6.101871789e+00 4.279526122e-03 1.324842972e-02 3.878477504e+00
9.739478958e+04 6.100261146e+00 4.218253330e-03 1.326079708e-02 3.878215427e+00
9.759519038e+04 6.098650835e+00 4.157873506e-03 1.327319091e-02 3.877953124e+00
9.779559118e+04 6.097040866e+00 4.098373443e-03 1.328561125e-02 3.877690595e+00
9.799599198e+04 6.095431250e+00 4.039740265e-03 1.329805817e-02 3.877427839e+00
9.819639279e+04 6.093821998e+00 3.981960997e-03 1.331053173e-02 3.877164856e+00
9.839679359e+04 6.092213120e+00 3.925022981e-03 1.332303198e-02 3.876901645e+00
9.859719439e+04 6.090604626e+00 3.868913744e-03 1.333555899e-02 3.876638205e+00
9.879759519e+04 6.088996525e+00 3.813620997e-03 1.334811282e-02 3.876374537e+00
9.899799599e+04 6.087388828e+00 3.759132628e-03 1.336069352e-02 3.876110640e+00
9.919839679e+04 6.085781545e+00 3.705436701e-03 1.337330116e-02 3.875846513e+00
9.939879760e+04 6.084174683e+00 3.652521782e-03 1.338593581e-02 3.875582156e+00
9.959919840e+04 6.082568253e+00 3.600376295e-03 1.339859753e-02 3.875317569e+00
9.979959920e+04 6.080962264e+00 3.548988721e-03 1.341128637e-02 3.875052750e+00
1.000000000e+05 6.079356725e+00 3.498347838e-03 1.342400241e-02 3.874787699e+00
