time            Cj              Br              shCj            shBr           
0.000000000e+00 4.000000000e+00 4.000000000e+00 3.000000000e-01 4.000000000e+00
3.406813627e+02 3.382267273e+00 3.980802442e+00 4.529684785e-02 3.996781787e+00
6.813627255e+02 3.368147596e+00 3.959281877e+00 2.295540688e-02 3.995680733e+00
1.022044088e+03 3.381053163e+00 3.937896158e+00 1.895681930e-02 3.994968099e+00
1.362725451e+03 3.398661631e+00 3.916539725e+00 1.818277943e-02 3.994326390e+00
1.703406814e+03 3.417081924e+00 3.895194968e+00 1.797856139e-02 3.993699637e+00
2.044088176e+03 3.435626154e+00 3.873859917e+00 1.787521477e-02 3.993077949e+00
2.384769539e+03 3.454172509e+00 3.852535346e+00 1.779031512e-02 3.992459562e+00
2.725450902e+03 3.472698756e+00 3.831222499e+00 1.770947019e-02 3.991844141e+00
3.066132265e+03 3.491200037e+00 3.809922698e+00 1.763016947e-02 3.991231594e+00
3.406813627e+03 3.509674534e+00 3.788637276e+00 1.755197680e-02 3.990621878e+00
3.747494990e+03 3.528120937e+00 3.767367557e+00 1.747479951e-02 3.990014953e+00
4.088176353e+03 3.546538052e+00 3.746114865e+00 1.739861906e-02 3.989410784e+00
4.428857715e+03 3.564924692e+00 3.724880512e+00 1.732341783e-02 3.988809335e+00
4.769539078e+03 3.583279687e+00 3.703665806e+00 1.724918269e-02 3.988210571e+00
5.110220441e+03 3.601601876e+00 3.682472047e+00 1.717590497e-02 3.987614458e+00
5.450901804e+03 3.619890106e+00 3.661300526e+00 1.710357232e-02 3.987020962e+00
5.791583166e+03 3.638143230e+00 3.640152527e+00 1.703217288e-02 3.986430048e+00
6.132264529e+03 3.656360110e+00 3.619029327e+00 1.696169478e-02 3.985841684e+00
6.472945892e+03 3.674539619e+00 3.597932192e+00 1.689212794e-02 3.985255836e+00
6.813627255e+03 3.692680639e+00 3.576862380e+00 1.682346183e-02 3.984672472e+00
7.154308617e+03 3.710782059e+00 3.555821141e+00 1.675568503e-02 3.984091560e+00
7.494989980e+03 3.728842781e+00 3.534809715e+00 1.668878722e-02 3.983513069e+00
7.835671343e+03 3.746861713e+00 3.513829332e+00 1.662275806e-02 3.982936966e+00
8.176352705e+03 3.764837776e+00 3.492881213e+00 1.655758721e-02 3.982363221e+00
8.517034068e+03 3.782769900e+00 3.471966567e+00 1.649326450e-02 3.981791804e+00
8.857715431e+03 3.800657024e+00 3.451086594e+00 1.642977995e-02 3.981222684e+00
9.198396794e+03 3.818498102e+00 3.430242485e+00 1.636712370e-02 3.980655831e+00
9.539078156e+03 3.836292093e+00 3.409435417e+00 1.630528601e-02 3.980091216e+00
9.879759519e+03 3.854037972e+00 3.388666558e+00 1.624425732e-02 3.979528810e+00
1.022044088e+04 3.871734722e+00 3.367937065e+00 1.618402804e-02 3.978968584e+00
1.056112224e+04 3.889381338e+00 3.347248082e+00 1.612458912e-02 3.978410509e+00
1.090180361e+04 3.906976829e+00 3.326600743e+00 1.606593064e-02 3.977854558e+00
1.124248497e+04 3.924520210e+00 3.305996168e+00 1.600804517e-02 3.977300702e+00
1.158316633e+04 3.942010515e+00 3.285435467e+00 1.595092075e-02 3.976748915e+00
1.192384770e+04 3.959446778e+00 3.264919738e+00 1.589455980e-02 3.976199170e+00
1.226452906e+04 3.976828065e+00 3.244450064e+00 1.583889712e-02 3.975651438e+00
1.260521042e+04 3.994153446e+00 3.224027519e+00 1.578403865e-02 3.975105695e+00
1.294589178e+04 4.011421987e+00 3.203653160e+00 1.572988086e-02 3.974561914e+00
1.328657315e+04 4.028632785e+00 3.183328035e+00 1.567644156e-02 3.974020069e+00
1.362725451e+04 4.045784943e+00 3.163053177e+00 1.562371352e-02 3.973480134e+00
1.396793587e+04 4.062877580e+00 3.142829605e+00 1.557168888e-02 3.972942085e+00
1.430861723e+04 4.079909825e+00 3.122658327e+00 1.552035957e-02 3.972405896e+00
1.464929860e+04 4.096880822e+00 3.102540336e+00 1.546971760e-02 3.971871543e+00
1.498997996e+04 4.113789726e+00 3.082476613e+00 1.541975514e-02 3.971339002e+00
1.533066132e+04 4.130635707e+00 3.062468122e+00 1.537046445e-02 3.970808248e+00
1.567134269e+04 4.147417947e+00 3.042515815e+00 1.532183790e-02 3.970279257e+00
1.601202405e+04 4.164135644e+00 3.022620631e+00 1.527386796e-02 3.969752007e+00
1.635270541e+04 4.180788005e+00 3.002783493e+00 1.522654720e-02 3.969226474e+00
1.669338677e+04 4.197374256e+00 2.983005312e+00 1.517986828e-02 3.968702634e+00
1.703406814e+04 4.213893631e+00 2.963286982e+00 1.513382397e-02 3.968180466e+00
1.737474950e+04 4.230345382e+00 2.943629384e+00 1.508840713e-02 3.967659947e+00
1.771543086e+04 4.246728772e+00 2.924033386e+00 1.504361072e-02 3.967141055e+00
1.805611222e+04 4.263043081e+00 2.904499839e+00 1.499942778e-02 3.966623767e+00
1.839679359e+04 4.279287598e+00 2.885029582e+00 1.495585145e-02 3.966108062e+00
1.873747495e+04 4.295461631e+00 2.865623435e+00 1.491287497e-02 3.965593920e+00
1.907815631e+04 4.311564499e+00 2.846282209e+00 1.487049165e-02 3.965081317e+00
1.941883768e+04 4.327595535e+00 2.827006696e+00 1.482869491e-02 3.964570235e+00
1.975951904e+04 4.343554088e+00 2.807797675e+00 1.478747824e-02 3.964060651e+00
2.010020040e+04 4.359439517e+00 2.788655909e+00 1.474683523e-02 3.963552546e+00
2.044088176e+04 4.375251201e+00 2.769582148e+00 1.470675953e-02 3.963045899e+00
2.078156313e+04 4.390988527e+00 2.750577125e+00 1.466724490e-02 3.962540691e+00
2.112224449e+04 4.406650901e+00 2.731641559e+00 1.462828517e-02 3.962036901e+00
2.146292585e+04 4.422237739e+00 2.712776154e+00 1.458987426e-02 3.961534510e+00
2.180360721e+04 4.437748474e+00 2.693981600e+00 1.455200616e-02 3.961033499e+00
2.214428858e+04 4.453182551e+00 2.675258570e+00 1.451467493e-02 3.960533848e+00
2.248496994e+04 4.468539431e+00 2.656607724e+00 1.447787473e-02 3.960035539e+00
2.282565130e+04 4.483818588e+00 2.638029705e+00 1.444159979e-02 3.959538553e+00
2.316633267e+04 4.499019511e+00 2.619525143e+00 1.440584441e-02 3.959042872e+00
2.350701403e+04 4.514141700e+00 2.601094652e+00 1.437060297e-02 3.958548477e+00
2.384769539e+04 4.529184672e+00 2.582738831e+00 1.433586990e-02 3.958055350e+00
2.418837675e+04 4.544147957e+00 2.564458265e+00 1.430163975e-02 3.957563473e+00
2.452905812e+04 4.559031100e+00 2.546253523e+00 1.426790710e-02 3.957072829e+00
2.486973948e+04 4.573833657e+00 2.528125159e+00 1.423466662e-02 3.956583400e+00
2.521042084e+04 4.588555200e+00 2.510073715e+00 1.420191305e-02 3.956095170e+00
2.555110220e+04 4.603195316e+00 2.492099714e+00 1.416964118e-02 3.955608120e+00
2.589178357e+04 4.617753602e+00 2.474203666e+00 1.413784590e-02 3.955122234e+00
2.623246493e+04 4.632229671e+00 2.456386069e+00 1.410652213e-02 3.954637495e+00
2.657314629e+04 4.646623150e+00 2.438647402e+00 1.407566488e-02 3.954153887e+00
2.691382766e+04 4.660933679e+00 2.420988133e+00 1.404526923e-02 3.953671393e+00
2.725450902e+04 4.675160911e+00 2.403408712e+00 1.401533031e-02 3.953189998e+00
2.759519038e+04 4.689304512e+00 2.385909579e+00 1.398584331e-02 3.952709685e+00
2.793587174e+04 4.703364163e+00 2.368491155e+00 1.395680349e-02 3.952230438e+00
2.827655311e+04 4.717339556e+00 2.351153850e+00 1.392820617e-02 3.951752241e+00
2.861723447e+04 4.731230399e+00 2.333898059e+00 1.390004675e-02 3.951275080e+00
2.895791583e+04 4.745036410e+00 2.316724162e+00 1.387232065e-02 3.950798939e+00
2.929859719e+04 4.758757323e+00 2.299632526e+00 1.384502337e-02 3.950323803e+00
2.963927856e+04 4.772392882e+00 2.282623503e+00 1.381815049e-02 3.949849656e+00
2.997995992e+04 4.785942845e+00 2.265697433e+00 1.379169762e-02 3.949376484e+00
3.032064128e+04 4.799406985e+00 2.248854640e+00 1.376566042e-02 3.948904272e+00
3.066132265e+04 4.812785083e+00 2.232095435e+00 1.374003463e-02 3.948433006e+00
3.100200401e+04 4.826076936e+00 2.215420116e+00 1.371481604e-02 3.947962672e+00
3.134268537e+04 4.839282353e+00 2.198828969e+00 1.369000048e-02 3.947493254e+00
3.168336673e+04 4.852401153e+00 2.182322262e+00 1.366558384e-02 3.947024739e+00
3.202404810e+04 4.865433171e+00 2.165900256e+00 1.364156209e-02 3.946557114e+00
3.236472946e+04 4.878378251e+00 2.149563193e+00 1.361793120e-02 3.946090363e+00
3.270541082e+04 4.891236250e+00 2.133311305e+00 1.359468724e-02 3.945624475e+00
3.304609218e+04 4.904007036e+00 2.117144812e+00 1.357182631e-02 3.945159434e+00
3.338677355e+04 4.916690490e+00 2.101063918e+00 1.354934455e-02 3.944695229e+00
3.372745491e+04 4.929286505e+00 2.085068818e+00 1.352723818e-02 3.944231845e+00
3.406813627e+04 4.941794984e+00 2.069159693e+00 1.350550343e-02 3.943769269e+00
3.440881764e+04 4.954215842e+00 2.053336709e+00 1.348413662e-02 3.943307489e+00
3.474949900e+04 4.966549006e+00 2.037600024e+00 1.346313408e-02 3.942846492e+00
3.509018036e+04 4.978794412e+00 2.021949781e+00 1.344249222e-02 3.942386265e+00
3.543086172e+04 4.990952009e+00 2.006386112e+00 1.342220746e-02 3.941926795e+00
3.577154309e+04 5.003021756e+00 1.990909137e+00 1.340227631e-02 3.941468071e+00
3.611222445e+04 5.015003624e+00 1.975518964e+00 1.338269528e-02 3.941010079e+00
3.645290581e+04 5.026897593e+00 1.960215690e+00 1.336346096e-02 3.940552808e+00
3.679358717e+04 5.038703654e+00 1.944999400e+00 1.334456997e-02 3.940096246e+00
3.713426854e+04 5.050421808e+00 1.929870168e+00 1.332601897e-02 3.939640380e+00
3.747494990e+04 5.062052067e+00 1.914828056e+00 1.330780467e-02 3.939185199e+00
3.781563126e+04 5.073594454e+00 1.899873116e+00 1.328992381e-02 3.938730691e+00
3.815631263e+04 5.085048998e+00 1.885005388e+00 1.327237319e-02 3.938276845e+00
3.849699399e+04 5.096415743e+00 1.870224902e+00 1.325514965e-02 3.937823649e+00
3.883767535e+04 5.107694738e+00 1.855531677e+00 1.323825005e-02 3.937371092e+00
3.917835671e+04 5.118886045e+00 1.840925723e+00 1.322167131e-02 3.936919162e+00
3.951903808e+04 5.129989734e+00 1.826407036e+00 1.320541038e-02 3.936467848e+00
3.985971944e+04 5.141005884e+00 1.811975607e+00 1.318946425e-02 3.936017140e+00
4.020040080e+04 5.151934583e+00 1.797631411e+00 1.317382996e-02 3.935567027e+00
4.054108216e+04 5.162775928e+00 1.783374418e+00 1.315850457e-02 3.935117497e+00
4.088176353e+04 5.173530027e+00 1.769204587e+00 1.314348520e-02 3.934668540e+00
4.122244489e+04 5.184196992e+00 1.755121865e+00 1.312876898e-02 3.934220145e+00
4.156312625e+04 5.194776949e+00 1.741126193e+00 1.311435310e-02 3.933772302e+00
4.190380762e+04 5.205270028e+00 1.727217499e+00 1.310023478e-02 3.933325001e+00
4.224448898e+04 5.215676371e+00 1.713395706e+00 1.308641126e-02 3.932878231e+00
4.258517034e+04 5.225996124e+00 1.699660725e+00 1.307287985e-02 3.932431982e+00
4.292585170e+04 5.236229444e+00 1.686012459e+00 1.305963785e-02 3.931986244e+00
4.326653307e+04 5.246376495e+00 1.672450802e+00 1.304668263e-02 3.931541007e+00
4.360721443e+04 5.256437448e+00 1.658975640e+00 1.303401158e-02 3.931096260e+00
4.394789579e+04 5.266412484e+00 1.645586850e+00 1.302162213e-02 3.930651995e+00
4.428857715e+04 5.276301788e+00 1.632284302e+00 1.300951173e-02 3.930208202e+00
4.462925852e+04 5.286105555e+00 1.619067855e+00 1.299767787e-02 3.929764870e+00
4.496993988e+04 5.295823984e+00 1.605937364e+00 1.298611810e-02 3.929321990e+00
4.531062124e+04 5.305457284e+00 1.592892672e+00 1.297482994e-02 3.928879554e+00
4.565130261e+04 5.315005672e+00 1.579933618e+00 1.296381100e-02 3.928437551e+00
4.599198397e+04 5.324469371e+00 1.567060031e+00 1.295305888e-02 3.927995972e+00
4.633266533e+04 5.333848605e+00 1.554271734e+00 1.294257126e-02 3.927554808e+00
4.667334669e+04 5.343143605e+00 1.541568541e+00 1.293234581e-02 3.927114049e+00
4.701402806e+04 5.352354615e+00 1.528950262e+00 1.292238023e-02 3.926673688e+00
4.735470942e+04 5.361481885e+00 1.516416697e+00 1.291267224e-02 3.926233715e+00
4.769539078e+04 5.370525668e+00 1.503967640e+00 1.290321963e-02 3.925794120e+00
4.803607214e+04 5.379486225e+00 1.491602880e+00 1.289402019e-02 3.925354896e+00
4.837675351e+04 5.388363821e+00 1.479322196e+00 1.288507175e-02 3.924916034e+00
4.871743487e+04 5.397158720e+00 1.467125365e+00 1.287637219e-02 3.924477524e+00
4.905811623e+04 5.405871196e+00 1.455012154e+00 1.286791940e-02 3.924039359e+00
4.939879760e+04 5.414501536e+00 1.442982326e+00 1.285971124e-02 3.923601530e+00
4.973947896e+04 5.423050027e+00 1.431035638e+00 1.285174563e-02 3.923164028e+00
5.008016032e+04 5.431516960e+00 1.419171839e+00 1.284402057e-02 3.922726846e+00
5.042084168e+04 5.439902632e+00 1.407390675e+00 1.283653404e-02 3.922289974e+00
5.076152305e+04 5.448207344e+00 1.395691885e+00 1.282928408e-02 3.921853405e+00
5.110220441e+04 5.456431398e+00 1.384075204e+00 1.282226874e-02 3.921417131e+00
5.144288577e+04 5.464575108e+00 1.372540358e+00 1.281548607e-02 3.920981144e+00
5.178356713e+04 5.472638790e+00 1.361087073e+00 1.280893414e-02 3.920545435e+00
5.212424850e+04 5.480622763e+00 1.349715067e+00 1.280261107e-02 3.920109996e+00
5.246492986e+04 5.488527354e+00 1.338424053e+00 1.279651501e-02 3.919674821e+00
5.280561122e+04 5.496352891e+00 1.327213739e+00 1.279064413e-02 3.919239901e+00
5.314629259e+04 5.504099700e+00 1.316083830e+00 1.278499664e-02 3.918805228e+00
5.348697395e+04 5.511768116e+00 1.305034026e+00 1.277957076e-02 3.918370795e+00
5.382765531e+04 5.519358483e+00 1.294064022e+00 1.277436469e-02 3.917936594e+00
5.416833667e+04 5.526871147e+00 1.283173508e+00 1.276937670e-02 3.917502618e+00
5.450901804e+04 5.534306450e+00 1.272362172e+00 1.276460509e-02 3.917068859e+00
5.484969940e+04 5.541664742e+00 1.261629697e+00 1.276004815e-02 3.916635310e+00
5.519038076e+04 5.548946379e+00 1.250975760e+00 1.275570422e-02 3.916201963e+00
5.553106212e+04 5.556151715e+00 1.240400038e+00 1.275157165e-02 3.915768812e+00
5.587174349e+04 5.563281112e+00 1.229902202e+00 1.274764881e-02 3.915335849e+00
5.621242485e+04 5.570334931e+00 1.219481919e+00 1.274393408e-02 3.914903066e+00
5.655310621e+04 5.577313539e+00 1.209138855e+00 1.274042590e-02 3.914470458e+00
5.689378758e+04 5.584217303e+00 1.198872669e+00 1.273712270e-02 3.914038016e+00
5.723446894e+04 5.591046594e+00 1.188683021e+00 1.273402296e-02 3.913605734e+00
5.757515030e+04 5.597801785e+00 1.178569565e+00 1.273112513e-02 3.913173605e+00
5.791583166e+04 5.604483254e+00 1.168531953e+00 1.272842770e-02 3.912741622e+00
5.825651303e+04 5.611091378e+00 1.158569834e+00 1.272592916e-02 3.912309778e+00
5.859719439e+04 5.617626537e+00 1.148682854e+00 1.272362811e-02 3.911878066e+00
5.893787575e+04 5.624089112e+00 1.138870657e+00 1.272152314e-02 3.911446480e+00
5.927855711e+04 5.630479489e+00 1.129132884e+00 1.271961281e-02 3.911015014e+00
5.961923848e+04 5.636798059e+00 1.119469172e+00 1.271789561e-02 3.910583659e+00
5.995991984e+04 5.643045210e+00 1.109879159e+00 1.271637011e-02 3.910152411e+00
6.030060120e+04 5.649221327e+00 1.100362478e+00 1.271503511e-02 3.909721262e+00
6.064128257e+04 5.655326794e+00 1.090918761e+00 1.271388936e-02 3.909290206e+00
6.098196393e+04 5.661362006e+00 1.081547638e+00 1.271293153e-02 3.908859236e+00
6.132264529e+04 5.667327383e+00 1.072248736e+00 1.271216006e-02 3.908428347e+00
6.166332665e+04 5.673223319e+00 1.063021681e+00 1.271157335e-02 3.907997531e+00
6.200400802e+04 5.679050187e+00 1.053866089e+00 1.271117090e-02 3.907566783e+00
6.234468938e+04 5.684808423e+00 1.044781569e+00 1.271095097e-02 3.907136095e+00
6.268537074e+04 5.690498384e+00 1.035767778e+00 1.271091250e-02 3.906705463e+00
6.302605210e+04 5.696120465e+00 1.026824344e+00 1.271105426e-02 3.906274881e+00
6.336673347e+04 5.701675088e+00 1.017950860e+00 1.271137503e-02 3.905844341e+00
6.370741483e+04 5.707162670e+00 1.009146939e+00 1.271187345e-02 3.905413839e+00
6.404809619e+04 5.712583598e+00 1.000412199e+00 1.271254864e-02 3.904983367e+00
6.438877756e+04 5.717938286e+00 9.917462565e-01 1.271339919e-02 3.904552920e+00
6.472945892e+04 5.723227136e+00 9.831487241e-01 1.271442409e-02 3.904122492e+00
6.507014028e+04 5.728450554e+00 9.746192131e-01 1.271562219e-02 3.903692077e+00
6.541082164e+04 5.733608946e+00 9.661573350e-01 1.271699238e-02 3.903261670e+00
6.575150301e+04 5.738702719e+00 9.577626997e-01 1.271853356e-02 3.902831264e+00
6.609218437e+04 5.743732280e+00 9.494349172e-01 1.272024466e-02 3.902400853e+00
6.643286573e+04 5.748698038e+00 9.411735955e-01 1.272212462e-02 3.901970433e+00
6.677354709e+04 5.753600400e+00 9.329783434e-01 1.272417238e-02 3.901539997e+00
6.711422846e+04 5.758439774e+00 9.248487678e-01 1.272638694e-02 3.901109540e+00
6.745490982e+04 5.763216568e+00 9.167844763e-01 1.272876725e-02 3.900679056e+00
6.779559118e+04 5.767931191e+00 9.087850745e-01 1.273131235e-02 3.900248539e+00
6.813627255e+04 5.772584051e+00 9.008501697e-01 1.273402123e-02 3.899817985e+00
6.847695391e+04 5.777175556e+00 8.929793676e-01 1.273689289e-02 3.899387387e+00
6.881763527e+04 5.781706115e+00 8.851722744e-01 1.273992638e-02 3.898956739e+00
6.915831663e+04 5.786176135e+00 8.774284962e-01 1.274312078e-02 3.898526038e+00
6.949899800e+04 5.790586024e+00 8.697476367e-01 1.274647517e-02 3.898095276e+00
6.983967936e+04 5.794936192e+00 8.621293002e-01 1.274998864e-02 3.897664450e+00
7.018036072e+04 5.799227042e+00 8.545730956e-01 1.275366024e-02 3.897233553e+00
7.052104208e+04 5.803458984e+00 8.470786258e-01 1.275748913e-02 3.896802580e+00
7.086172345e+04 5.807632423e+00 8.396454951e-01 1.276147442e-02 3.896371526e+00
7.120240481e+04 5.811747765e+00 8.322733110e-01 1.276561524e-02 3.895940386e+00
7.154308617e+04 5.815805414e+00 8.249616800e-01 1.276991074e-02 3.895509154e+00
7.188376754e+04 5.819805777e+00 8.177102069e-01 1.277436008e-02 3.895077826e+00
7.222444890e+04 5.823749257e+00 8.105184984e-01 1.277896244e-02 3.894646396e+00
7.256513026e+04 5.827636256e+00 8.033861636e-01 1.278371702e-02 3.894214859e+00
7.290581162e+04 5.831467178e+00 7.963128086e-01 1.278862300e-02 3.893783211e+00
7.324649299e+04 5.835242424e+00 7.892980412e-01 1.279367961e-02 3.893351445e+00
7.358717435e+04 5.838962395e+00 7.823414717e-01 1.279888607e-02 3.892919557e+00
7.392785571e+04 5.842627491e+00 7.754427089e-01 1.280424163e-02 3.892487543e+00
7.426853707e+04 5.846238111e+00 7.686013620e-01 1.280974554e-02 3.892055396e+00
7.460921844e+04 5.849794655e+00 7.618170410e-01 1.281539707e-02 3.891623112e+00
7.494989980e+04 5.853297516e+00 7.550893598e-01 1.282119548e-02 3.891190687e+00
7.529058116e+04 5.856747093e+00 7.484179289e-01 1.282714006e-02 3.890758115e+00
7.563126253e+04 5.860143782e+00 7.418023609e-01 1.283323012e-02 3.890325391e+00
7.597194389e+04 5.863487976e+00 7.352422692e-01 1.283946496e-02 3.889892511e+00
7.631262525e+04 5.866780066e+00 7.287372708e-01 1.284584391e-02 3.889459470e+00
7.665330661e+04 5.870020445e+00 7.222869797e-01 1.285236630e-02 3.889026263e+00
7.699398798e+04 5.873209504e+00 7.158910121e-01 1.285903148e-02 3.888592885e+00
7.733466934e+04 5.876347633e+00 7.095489860e-01 1.286583880e-02 3.888159332e+00
7.767535070e+04 5.879435216e+00 7.032605214e-01 1.287278763e-02 3.887725599e+00
7.801603206e+04 5.882472644e+00 6.970252370e-01 1.287987734e-02 3.887291681e+00
7.835671343e+04 5.885460300e+00 6.908427530e-01 1.288710732e-02 3.886857573e+00
7.869739479e+04 5.888398568e+00 6.847126924e-01 1.289447697e-02 3.886423271e+00
7.903807615e+04 5.891287830e+00 6.786346792e-01 1.290198571e-02 3.885988771e+00
7.937875752e+04 5.894128468e+00 6.726083367e-01 1.290963295e-02 3.885554067e+00
7.971943888e+04 5.896920862e+00 6.666332903e-01 1.291741814e-02 3.885119155e+00
8.006012024e+04 5.899665389e+00 6.607091683e-01 1.292534070e-02 3.884684031e+00
8.040080160e+04 5.902362425e+00 6.548355988e-01 1.293340009e-02 3.884248690e+00
8.074148297e+04 5.905012347e+00 6.490122107e-01 1.294159576e-02 3.883813127e+00
8.108216433e+04 5.907615527e+00 6.432386350e-01 1.294992720e-02 3.883377338e+00
8.142284569e+04 5.910172339e+00 6.375145036e-01 1.295839389e-02 3.882941319e+00
8.176352705e+04 5.912683152e+00 6.318394508e-01 1.296699531e-02 3.882505065e+00
8.210420842e+04 5.915148335e+00 6.262131116e-01 1.297573098e-02 3.882068572e+00
8.244488978e+04 5.917568255e+00 6.206351227e-01 1.298460040e-02 3.881631835e+00
8.278557114e+04 5.919943278e+00 6.151051228e-01 1.299360310e-02 3.881194850e+00
8.312625251e+04 5.922273766e+00 6.096227518e-01 1.300273861e-02 3.880757612e+00
8.346693387e+04 5.924560083e+00 6.041876489e-01 1.301200646e-02 3.880320118e+00
8.380761523e+04 5.926802589e+00 5.987994582e-01 1.302140621e-02 3.879882362e+00
8.414829659e+04 5.929001642e+00 5.934578243e-01 1.303093740e-02 3.879444341e+00
8.448897796e+04 5.931157599e+00 5.881623934e-01 1.304059962e-02 3.879006050e+00
8.482965932e+04 5.933270815e+00 5.829128136e-01 1.305039243e-02 3.878567485e+00
8.517034068e+04 5.935341644e+00 5.777087317e-01 1.306031544e-02 3.878128641e+00
8.551102204e+04 5.937370437e+00 5.725497997e-01 1.307036824e-02 3.877689515e+00
8.585170341e+04 5.939357544e+00 5.674356701e-01 1.308055044e-02 3.877250102e+00
8.619238477e+04 5.941303312e+00 5.623659973e-01 1.309086165e-02 3.876810398e+00
8.653306613e+04 5.943208088e+00 5.573404369e-01 1.310130149e-02 3.876370399e+00
8.687374749e+04 5.945072217e+00 5.523586455e-01 1.311186960e-02 3.875930100e+00
8.721442886e+04 5.946896040e+00 5.474202825e-01 1.312256562e-02 3.875489497e+00
8.755511022e+04 5.948679899e+00 5.425250089e-01 1.313338919e-02 3.875048587e+00
8.789579158e+04 5.950424133e+00 5.376724870e-01 1.314433998e-02 3.874607364e+00
8.823647295e+04 5.952129077e+00 5.328623811e-01 1.315541765e-02 3.874165825e+00
8.857715431e+04 5.953795068e+00 5.280943572e-01 1.316662188e-02 3.873723966e+00
8.891783567e+04 5.955422438e+00 5.233680830e-01 1.317795235e-02 3.873281783e+00
8.925851703e+04 5.957011519e+00 5.186832281e-01 1.318940875e-02 3.872839271e+00
8.959919840e+04 5.958562639e+00 5.140394638e-01 1.320099078e-02 3.872396427e+00
8.993987976e+04 5.960076127e+00 5.094364630e-01 1.321269816e-02 3.871953246e+00
9.028056112e+04 5.961552308e+00 5.048739007e-01 1.322453061e-02 3.871509724e+00
9.062124248e+04 5.962991505e+00 5.003514536e-01 1.323648784e-02 3.871065857e+00
9.096192385e+04 5.964394040e+00 4.958688003e-01 1.324856961e-02 3.870621642e+00
9.130260521e+04 5.965760233e+00 4.914256214e-01 1.326077563e-02 3.870177074e+00
9.164328657e+04 5.967090401e+00 4.870215992e-01 1.327310567e-02 3.869732149e+00
9.198396794e+04 5.968384859e+00 4.826564178e-01 1.328555948e-02 3.869286863e+00
9.232464930e+04 5.969643922e+00 4.783297634e-01 1.329813682e-02 3.868841212e+00
9.266533066e+04 5.970867902e+00 4.740413225e-01 1.331083748e-02 3.868395192e+00
9.300601202e+04 5.972057109e+00 4.697907845e-01 1.332366124e-02 3.867948799e+00
9.334669339e+04 5.973211851e+00 4.655778418e-01 1.333660789e-02 3.867502030e+00
9.368737475e+04 5.974332432e+00 4.614021878e-01 1.334967722e-02 3.867054879e+00
9.402805611e+04 5.975419158e+00 4.572635179e-01 1.336286904e-02 3.866607344e+00
9.436873747e+04 5.976472330e+00 4.531615295e-01 1.337618317e-02 3.866159421e+00
9.470941884e+04 5.977492247e+00 4.490959217e-01 1.338961941e-02 3.865711104e+00
9.505010020e+04 5.978479208e+00 4.450663959e-01 1.340317761e-02 3.865262391e+00
9.539078156e+04 5.979433510e+00 4.410726522e-01 1.341685759e-02 3.864813278e+00
9.573146293e+04 5.980355447e+00 4.371143965e-01 1.343065921e-02 3.864363760e+00
9.607214429e+04 5.981245310e+00 4.331913355e-01 1.344458231e-02 3.863913834e+00
9.641282565e+04 5.982103390e+00 4.293031776e-01 1.345862675e-02 3.863463496e+00
9.675350701e+04 5.982929974e+00 4.254496332e-01 1.347279239e-02 3.863012742e+00
9.709418838e+04 5.983725349e+00 4.216304143e-01 1.348707912e-02 3.862561567e+00
9.743486974e+04 5.984489800e+00 4.178452345e-01 1.350148681e-02 3.862109969e+00
9.777555110e+04 5.985223609e+00 4.140938092e-01 1.351601535e-02 3.861657943e+00
9.811623246e+04 5.985927057e+00 4.103758566e-01 1.353066463e-02 3.861205485e+00
9.845691383e+04 5.986600421e+00 4.066910960e-01 1.354543457e-02 3.860752592e+00
9.879759519e+04 5.987243978e+00 4.030392491e-01 1.356032507e-02 3.860299260e+00
9.913827655e+04 5.987858003e+00 3.994200391e-01 1.357533604e-02 3.859845484e+00
9.947895792e+04 5.988442769e+00 3.958331910e-01 1.359046742e-02 3.859391262e+00
9.981963928e+04 5.988998546e+00 3.922784319e-01 1.360571913e-02 3.858936588e+00
1.001603206e+05 5.989525603e+00 3.887554906e-01 1.362109111e-02 3.858481460e+00
1.005010020e+05 5.990024206e+00 3.852640980e-01 1.363658331e-02 3.858025874e+00
1.008416834e+05 5.990494620e+00 3.818039866e-01 1.365219568e-02 3.857569825e+00
1.011823647e+05 5.990937109e+00 3.783748911e-01 1.366792818e-02 3.857113309e+00
1.015230461e+05 5.991351934e+00 3.749765477e-01 1.368378077e-02 3.856656324e+00
1.018637275e+05 5.991739352e+00 3.716086944e-01 1.369975344e-02 3.856198865e+00
1.022044088e+05 5.992099623e+00 3.682710713e-01 1.371584615e-02 3.855740928e+00
1.025450902e+05 5.992433000e+00 3.649634203e-01 1.373205890e-02 3.855282510e+00
1.028857715e+05 5.992739737e+00 3.616854853e-01 1.374839168e-02 3.854823606e+00
1.032264529e+05 5.993020085e+00 3.584370118e-01 1.376484448e-02 3.854364214e+00
1.035671343e+05 5.993274295e+00 3.552177474e-01 1.378141732e-02 3.853904328e+00
1.039078156e+05 5.993502612e+00 3.520274410e-01 1.379811022e-02 3.853443946e+00
1.042484970e+05 5.993705285e+00 3.488658432e-01 1.381492319e-02 3.852983063e+00
1.045891784e+05 5.993882556e+00 3.457327073e-01 1.383185628e-02 3.852521676e+00
1.049298597e+05 5.994034668e+00 3.426277879e-01 1.384890951e-02 3.852059781e+00
1.052705411e+05 5.994161860e+00 3.395508415e-01 1.386608293e-02 3.851597374e+00
1.056112224e+05 5.994264371e+00 3.365016266e-01 1.388337658e-02 3.851134451e+00
1.059519038e+05 5.994342437e+00 3.334799030e-01 1.390079053e-02 3.850671009e+00
1.062925852e+05 5.994396293e+00 3.304854320e-01 1.391832484e-02 3.850207043e+00
1.066332665e+05 5.994426172e+00 3.275179775e-01 1.393597960e-02 3.849742551e+00
1.069739479e+05 5.994432305e+00 3.245773050e-01 1.395375487e-02 3.849277527e+00
1.073146293e+05 5.994414922e+00 3.216631814e-01 1.397165074e-02 3.848811969e+00
1.076553106e+05 5.994374249e+00 3.187753758e-01 1.398966731e-02 3.848345872e+00
1.079959920e+05 5.994310511e+00 3.159136587e-01 1.400780469e-02 3.847879232e+00
1.083366733e+05 5.994223934e+00 3.130778024e-01 1.402606295e-02 3.847412047e+00
1.086773547e+05 5.994114738e+00 3.102675806e-01 1.404444220e-02 3.846944312e+00
1.090180361e+05 5.993983145e+00 3.074827696e-01 1.406294258e-02 3.846476023e+00
1.093587174e+05 5.993829372e+00 3.047231467e-01 1.408156420e-02 3.846007176e+00
1.096993988e+05 5.993653636e+00 3.019884912e-01 1.410030720e-02 3.845537769e+00
1.100400802e+05 5.993456152e+00 2.992785841e-01 1.411917171e-02 3.845067796e+00
1.103807615e+05 5.993237133e+00 2.965932081e-01 1.413815787e-02 3.844597254e+00
1.107214429e+05 5.992996791e+00 2.939321473e-01 1.415726583e-02 3.844126139e+00
1.110621242e+05 5.992735335e+00 2.912951877e-01 1.417649573e-02 3.843654447e+00
1.114028056e+05 5.992452974e+00 2.886821170e-01 1.419584775e-02 3.843182176e+00
1.117434870e+05 5.992149913e+00 2.860927247e-01 1.421532205e-02 3.842709320e+00
1.120841683e+05 5.991826358e+00 2.835268017e-01 1.423491879e-02 3.842235876e+00
1.124248497e+05 5.991482511e+00 2.809841408e-01 1.425463815e-02 3.841761840e+00
1.127655311e+05 5.991118573e+00 2.784645363e-01 1.427448032e-02 3.841287208e+00
1.131062124e+05 5.990734744e+00 2.759677840e-01 1.429444552e-02 3.840811976e+00
1.134468938e+05 5.990331222e+00 2.734936812e-01 1.431453398e-02 3.840336142e+00
1.137875752e+05 5.989908203e+00 2.710420274e-01 1.433474590e-02 3.839859700e+00
1.141282565e+05 5.989465882e+00 2.686126232e-01 1.435508149e-02 3.839382647e+00
1.144689379e+05 5.989004452e+00 2.662052712e-01 1.437554098e-02 3.838904978e+00
1.148096192e+05 5.988524104e+00 2.638197752e-01 1.439612461e-02 3.838426691e+00
1.151503006e+05 5.988025028e+00 2.614559410e-01 1.441683261e-02 3.837947782e+00
1.154909820e+05 5.987507412e+00 2.591135755e-01 1.443766526e-02 3.837468246e+00
1.158316633e+05 5.986971442e+00 2.567924871e-01 1.445862280e-02 3.836988079e+00
1.161723447e+05 5.986417303e+00 2.544924863e-01 1.447970552e-02 3.836507278e+00
1.165130261e+05 5.985845179e+00 2.522133849e-01 1.450091369e-02 3.836025838e+00
1.168537074e+05 5.985255252e+00 2.499549962e-01 1.452224759e-02 3.835543757e+00
1.171943888e+05 5.984647701e+00 2.477171351e-01 1.454370753e-02 3.835061029e+00
1.175350701e+05 5.984022704e+00 2.454996180e-01 1.456529381e-02 3.834577652e+00
1.178757515e+05 5.983380441e+00 2.433022626e-01 1.458700668e-02 3.834093621e+00
1.182164329e+05 5.982721084e+00 2.411248882e-01 1.460884633e-02 3.833608932e+00
1.185571142e+05 5.982044810e+00 2.389673159e-01 1.463081315e-02 3.833123581e+00
1.188977956e+05 5.981351789e+00 2.368293679e-01 1.465290744e-02 3.832637564e+00
1.192384770e+05 5.980642194e+00 2.347108680e-01 1.467512952e-02 3.832150878e+00
1.195791583e+05 5.979916193e+00 2.326116416e-01 1.469747970e-02 3.831663518e+00
1.199198397e+05 5.979173954e+00 2.305315154e-01 1.471995828e-02 3.831175481e+00
1.202605210e+05 5.978415644e+00 2.284703176e-01 1.474256559e-02 3.830686762e+00
1.206012024e+05 5.977641429e+00 2.264278777e-01 1.476530198e-02 3.830197358e+00
1.209418838e+05 5.976851472e+00 2.244040268e-01 1.478816776e-02 3.829707264e+00
1.212825651e+05 5.976045935e+00 2.223985973e-01 1.481116327e-02 3.829216477e+00
1.216232465e+05 5.975224979e+00 2.204114232e-01 1.483428883e-02 3.828724992e+00
1.219639279e+05 5.974388763e+00 2.184423397e-01 1.485754479e-02 3.828232805e+00
1.223046092e+05 5.973537445e+00 2.164911835e-01 1.488093148e-02 3.827739914e+00
1.226452906e+05 5.972671182e+00 2.145577926e-01 1.490444938e-02 3.827246312e+00
1.229859719e+05 5.971790128e+00 2.126420063e-01 1.492809937e-02 3.826751997e+00
1.233266533e+05 5.970894438e+00 2.107436655e-01 1.495188151e-02 3.826256964e+00
1.236673347e+05 5.969984263e+00 2.088626123e-01 1.497579621e-02 3.825761210e+00
1.240080160e+05 5.969059755e+00 2.069986902e-01 1.499984393e-02 3.825264729e+00
1.243486974e+05 5.968121063e+00 2.051517440e-01 1.502402512e-02 3.824767519e+00
1.246893788e+05 5.967168337e+00 2.033216198e-01 1.504834025e-02 3.824269575e+00
1.250300601e+05 5.966201721e+00 2.015081651e-01 1.507278979e-02 3.823770892e+00
1.253707415e+05 5.965221363e+00 1.997112286e-01 1.509737425e-02 3.823271468e+00
1.257114228e+05 5.964227406e+00 1.979306604e-01 1.512209395e-02 3.822771297e+00
1.260521042e+05 5.963219993e+00 1.961663119e-01 1.514694924e-02 3.822270375e+00
1.263927856e+05 5.962199265e+00 1.944180357e-01 1.517194078e-02 3.821768698e+00
1.267334669e+05 5.961165364e+00 1.926856857e-01 1.519706906e-02 3.821266263e+00
1.270741483e+05 5.960118427e+00 1.909691170e-01 1.522233460e-02 3.820763064e+00
1.274148297e+05 5.959058593e+00 1.892681862e-01 1.524773790e-02 3.820259098e+00
1.277555110e+05 5.957985998e+00 1.875827508e-01 1.527327949e-02 3.819754361e+00
1.280961924e+05 5.956900777e+00 1.859126698e-01 1.529895991e-02 3.819248848e+00
1.284368737e+05 5.955803064e+00 1.842578033e-01 1.532477969e-02 3.818742555e+00
1.287775551e+05 5.954692993e+00 1.826180125e-01 1.535073895e-02 3.818235477e+00
1.291182365e+05 5.953570693e+00 1.809931601e-01 1.537683828e-02 3.817727611e+00
1.294589178e+05 5.952436297e+00 1.793831097e-01 1.540307829e-02 3.817218952e+00
1.297995992e+05 5.951289932e+00 1.777877264e-01 1.542945950e-02 3.816709496e+00
1.301402806e+05 5.950131727e+00 1.762068761e-01 1.545598239e-02 3.816199238e+00
1.304809619e+05 5.948961807e+00 1.746404263e-01 1.548264748e-02 3.815688175e+00
1.308216433e+05 5.947780299e+00 1.730882453e-01 1.550945526e-02 3.815176302e+00
1.311623246e+05 5.946587327e+00 1.715502027e-01 1.553640623e-02 3.814663614e+00
1.315030060e+05 5.945383014e+00 1.700261692e-01 1.556350089e-02 3.814150107e+00
1.318436874e+05 5.944167481e+00 1.685160171e-01 1.559074029e-02 3.813635777e+00
1.321843687e+05 5.942940849e+00 1.670196192e-01 1.561812472e-02 3.813120619e+00
1.325250501e+05 5.941703239e+00 1.655368496e-01 1.564565476e-02 3.812604629e+00
1.328657315e+05 5.940454767e+00 1.640675836e-01 1.567333102e-02 3.812087803e+00
1.332064128e+05 5.939195553e+00 1.626116976e-01 1.570115411e-02 3.811570135e+00
1.335470942e+05 5.937925711e+00 1.611690691e-01 1.572912468e-02 3.811051623e+00
1.338877756e+05 5.936645358e+00 1.597395766e-01 1.575724350e-02 3.810532260e+00
1.342284569e+05 5.935354608e+00 1.583230994e-01 1.578551177e-02 3.810012043e+00
1.345691383e+05 5.934053574e+00 1.569195184e-01 1.581393006e-02 3.809490966e+00
1.349098196e+05 5.932742368e+00 1.555287153e-01 1.584249928e-02 3.808969027e+00
1.352505010e+05 5.931421102e+00 1.541505728e-01 1.587122037e-02 3.808446219e+00
1.355911824e+05 5.930089885e+00 1.527849746e-01 1.590009432e-02 3.807922538e+00
1.359318637e+05 5.928748826e+00 1.514318059e-01 1.592912154e-02 3.807397980e+00
1.362725451e+05 5.927398034e+00 1.500909526e-01 1.595830308e-02 3.806872540e+00
1.366132265e+05 5.926037616e+00 1.487623015e-01 1.598764001e-02 3.806346214e+00
1.369539078e+05 5.924667677e+00 1.474457406e-01 1.601713330e-02 3.805818995e+00
1.372945892e+05 5.923288323e+00 1.461411588e-01 1.604678398e-02 3.805290881e+00
1.376352705e+05 5.921899657e+00 1.448484460e-01 1.607659044e-02 3.804761866e+00
1.379759519e+05 5.920501763e+00 1.435674936e-01 1.610653808e-02 3.804231946e+00
1.383166333e+05 5.919094755e+00 1.422981931e-01 1.613664922e-02 3.803701115e+00
1.386573146e+05 5.917678745e+00 1.410404348e-01 1.616692116e-02 3.803169369e+00
1.389979960e+05 5.916253823e+00 1.397941181e-01 1.619735290e-02 3.802636704e+00
1.393386774e+05 5.914820088e+00 1.385591356e-01 1.622794469e-02 3.802103114e+00
1.396793587e+05 5.913377640e+00 1.373353819e-01 1.625869728e-02 3.801568595e+00
1.400200401e+05 5.911926573e+00 1.361227543e-01 1.628961149e-02 3.801033141e+00
1.403607214e+05 5.910466985e+00 1.349211501e-01 1.632068815e-02 3.800496748e+00
1.407014028e+05 5.908998969e+00 1.337304678e-01 1.635192807e-02 3.799959411e+00
1.410420842e+05 5.907522620e+00 1.325506072e-01 1.638333209e-02 3.799421125e+00
1.413827655e+05 5.906038031e+00 1.313814683e-01 1.641490105e-02 3.798881885e+00
1.417234469e+05 5.904545294e+00 1.302229524e-01 1.644663580e-02 3.798341686e+00
1.420641283e+05 5.903044495e+00 1.290749652e-01 1.647853726e-02 3.797800523e+00
1.424048096e+05 5.901535730e+00 1.279374065e-01 1.651060626e-02 3.797258391e+00
1.427454910e+05 5.900019087e+00 1.268101792e-01 1.654284369e-02 3.796715285e+00
1.430861723e+05 5.898494657e+00 1.256931876e-01 1.657525043e-02 3.796171200e+00
1.434268537e+05 5.896962526e+00 1.245863371e-01 1.660782740e-02 3.795626130e+00
1.437675351e+05 5.895422780e+00 1.234895351e-01 1.664057554e-02 3.795080071e+00
1.441082164e+05 5.893875506e+00 1.224026886e-01 1.667349577e-02 3.794533018e+00
1.444488978e+05 5.892320788e+00 1.213257065e-01 1.670658905e-02 3.793984965e+00
1.447895792e+05 5.890758709e+00 1.202584984e-01 1.673985635e-02 3.793435907e+00
1.451302605e+05 5.889189354e+00 1.192009735e-01 1.677329861e-02 3.792885839e+00
1.454709419e+05 5.887612805e+00 1.181530409e-01 1.680691678e-02 3.792334756e+00
1.458116232e+05 5.886029143e+00 1.171146142e-01 1.684071187e-02 3.791782652e+00
1.461523046e+05 5.884438448e+00 1.160856064e-01 1.687468489e-02 3.791229522e+00
1.464929860e+05 5.882840798e+00 1.150659314e-01 1.690883685e-02 3.790675360e+00
1.468336673e+05 5.881236275e+00 1.140555013e-01 1.694316876e-02 3.790120162e+00
1.471743487e+05 5.879624956e+00 1.130542303e-01 1.697768164e-02 3.789563921e+00
1.475150301e+05 5.878006920e+00 1.120620353e-01 1.701237654e-02 3.789006633e+00
1.478557114e+05 5.876382240e+00 1.110788328e-01 1.704725452e-02 3.788448292e+00
1.481963928e+05 5.874750994e+00 1.101045403e-01 1.708231665e-02 3.787888892e+00
1.485370741e+05 5.873113258e+00 1.091390740e-01 1.711756400e-02 3.787328428e+00
1.488777555e+05 5.871469106e+00 1.081823528e-01 1.715299767e-02 3.786766895e+00
1.492184369e+05 5.869818610e+00 1.072342964e-01 1.718861877e-02 3.786204286e+00
1.495591182e+05 5.868161844e+00 1.062948248e-01 1.722442839e-02 3.785640596e+00
1.498997996e+05 5.866498880e+00 1.053638589e-01 1.726042767e-02 3.785075820e+00
1.502404810e+05 5.864829790e+00 1.044413195e-01 1.729661778e-02 3.784509952e+00
1.505811623e+05 5.863154643e+00 1.035271290e-01 1.733299985e-02 3.783942985e+00
1.509218437e+05 5.861473511e+00 1.026212106e-01 1.736957507e-02 3.783374915e+00
1.512625251e+05 5.859786461e+00 1.017234877e-01 1.740634459e-02 3.782805736e+00
1.516032064e+05 5.858093562e+00 1.008338849e-01 1.744330963e-02 3.782235441e+00
1.519438878e+05 5.856394882e+00 9.995232658e-02 1.748047140e-02 3.781664026e+00
1.522845691e+05 5.854690488e+00 9.907873890e-02 1.751783110e-02 3.781091483e+00
1.526252505e+05 5.852980447e+00 9.821304832e-02 1.755538998e-02 3.780517807e+00
1.529659319e+05 5.851264823e+00 9.735518204e-02 1.759314929e-02 3.779942992e+00
1.533066132e+05 5.849543681e+00 9.650506767e-02 1.763111028e-02 3.779367033e+00
1.536472946e+05 5.847817086e+00 9.566263324e-02 1.766927423e-02 3.778789922e+00
1.539879760e+05 5.846085102e+00 9.482780826e-02 1.770764244e-02 3.778211655e+00
1.543286573e+05 5.844347790e+00 9.400052261e-02 1.774621620e-02 3.777632225e+00
1.546693387e+05 5.842605213e+00 9.318070684e-02 1.778499683e-02 3.777051625e+00
1.550100200e+05 5.840857433e+00 9.236829134e-02 1.782398568e-02 3.776469850e+00
1.553507014e+05 5.839104511e+00 9.156320764e-02 1.786318412e-02 3.775886893e+00
1.556913828e+05 5.837346507e+00 9.076538855e-02 1.790259348e-02 3.775302749e+00
1.560320641e+05 5.835583479e+00 8.997476715e-02 1.794221515e-02 3.774717410e+00
1.563727455e+05 5.833815487e+00 8.919127722e-02 1.798205051e-02 3.774130871e+00
1.567134269e+05 5.832042588e+00 8.841485316e-02 1.802210098e-02 3.773543125e+00
1.570541082e+05 5.830264843e+00 8.764542827e-02 1.806236800e-02 3.772954166e+00
1.573947896e+05 5.828482306e+00 8.688293867e-02 1.810285301e-02 3.772363987e+00
1.577354709e+05 5.826695034e+00 8.612732064e-02 1.814355745e-02 3.771772581e+00
1.580761523e+05 5.824903083e+00 8.537851093e-02 1.818448279e-02 3.771179943e+00
1.584168337e+05 5.823106507e+00 8.463644693e-02 1.822563052e-02 3.770586066e+00
1.587575150e+05 5.821305361e+00 8.390106641e-02 1.826700215e-02 3.769990943e+00
1.590981964e+05 5.819499701e+00 8.317230617e-02 1.830859925e-02 3.769394567e+00
1.594388778e+05 5.817689579e+00 8.245010622e-02 1.835042334e-02 3.768796931e+00
1.597795591e+05 5.815875047e+00 8.173440614e-02 1.839247597e-02 3.768198030e+00
1.601202405e+05 5.814056157e+00 8.102514612e-02 1.843475870e-02 3.767597856e+00
1.604609218e+05 5.812232961e+00 8.032226697e-02 1.847727314e-02 3.766996402e+00
1.608016032e+05 5.810405510e+00 7.962570936e-02 1.852002090e-02 3.766393661e+00
1.611422846e+05 5.808573856e+00 7.893541425e-02 1.856300362e-02 3.765789627e+00
1.614829659e+05 5.806738047e+00 7.825132463e-02 1.860622294e-02 3.765184292e+00
1.618236473e+05 5.804898134e+00 7.757338339e-02 1.864968052e-02 3.764577650e+00
1.621643287e+05 5.803054163e+00 7.690153398e-02 1.869337802e-02 3.763969693e+00
1.625050100e+05 5.801206185e+00 7.623572043e-02 1.873731716e-02 3.763360414e+00
1.628456914e+05 5.799354246e+00 7.557588618e-02 1.878149970e-02 3.762749807e+00
1.631863727e+05 5.797498394e+00 7.492197613e-02 1.882592739e-02 3.762137863e+00
1.635270541e+05 5.795638675e+00 7.427393613e-02 1.887060197e-02 3.761524576e+00
1.638677355e+05 5.793775135e+00 7.363171217e-02 1.891552521e-02 3.760909938e+00
1.642084168e+05 5.791907820e+00 7.299525080e-02 1.896069891e-02 3.760293941e+00
1.645490982e+05 5.790036774e+00 7.236449913e-02 1.900612490e-02 3.759676580e+00
1.648897796e+05 5.788162043e+00 7.173940313e-02 1.905180503e-02 3.759057845e+00
1.652304609e+05 5.786283672e+00 7.111991154e-02 1.909774115e-02 3.758437730e+00
1.655711423e+05 5.784401702e+00 7.050597286e-02 1.914393513e-02 3.757816226e+00
1.659118236e+05 5.782516177e+00 6.989753604e-02 1.919038887e-02 3.757193327e+00
1.662525050e+05 5.780627140e+00 6.929455057e-02 1.923710428e-02 3.756569024e+00
1.665931864e+05 5.778734632e+00 6.869696615e-02 1.928408334e-02 3.755943310e+00
1.669338677e+05 5.776838694e+00 6.810473204e-02 1.933132813e-02 3.755316177e+00
1.672745491e+05 5.774939367e+00 6.751779974e-02 1.937884059e-02 3.754687616e+00
1.676152305e+05 5.773036692e+00 6.693612055e-02 1.942662272e-02 3.754057621e+00
1.679559118e+05 5.771130708e+00 6.635964623e-02 1.947467658e-02 3.753426184e+00
1.682965932e+05 5.769221454e+00 6.578832905e-02 1.952300422e-02 3.752793295e+00
1.686372745e+05 5.767308972e+00 6.522212105e-02 1.957160769e-02 3.752158947e+00
1.689779559e+05 5.765393302e+00 6.466097482e-02 1.962048904e-02 3.751523133e+00
1.693186373e+05 5.763474480e+00 6.410484432e-02 1.966965043e-02 3.750885842e+00
1.696593186e+05 5.761552545e+00 6.355368354e-02 1.971909398e-02 3.750247069e+00
1.700000000e+05 5.759627534e+00 6.300744688e-02 1.976882185e-02 3.749606803e+00
