time            Cj              Ck              shCj            shCk           
0.000000000e+00 1.000000000e+00 0.000000000e+00 0.000000000e+00 0.000000000e+00
8.657314629e+01 7.653088705e-01 4.207129379e-02 1.881006501e-02 2.744213635e-02
1.731462926e+02 6.962318003e-01 7.977856206e-02 1.082102135e-01 1.047721008e-01
2.597194389e+02 6.335603002e-01 1.129153621e-01 4.406292148e-01 3.896457850e-01
3.462925852e+02 5.509726225e-01 1.360983487e-01 1.631783538e+00 1.415135789e+00
4.328657315e+02 3.987743778e-01 1.313260520e-01 5.453276976e+00 4.757962045e+00
5.194388778e+02 1.805604845e-01 8.384895363e-02 1.452025808e+01 1.301517014e+01
6.060120240e+02 4.755739309e-02 3.841675030e-02 2.716895878e+01 2.533749862e+01
6.925851703e+02 1.646913308e-02 2.312873723e-02 3.774050563e+01 3.644431447e+01
7.791583166e+02 1.074886330e-02 1.935854401e-02 4.461365316e+01 4.415621946e+01
8.657314629e+02 8.495837216e-03 1.806520827e-02 4.886999044e+01 4.920756378e+01
9.523046092e+02 7.014622880e-03 1.745483311e-02 5.156718246e+01 5.258322399e+01
1.038877756e+03 5.890381451e-03 1.710543289e-02 5.334083382e+01 5.492568465e+01
1.125450902e+03 4.990451239e-03 1.686960534e-02 5.454955773e+01 5.661153225e+01
1.212024048e+03 4.251210724e-03 1.668398330e-02 5.539991163e+01 5.786287921e+01
1.298597194e+03 3.635477867e-03 1.651900844e-02 5.601531476e+01 5.881550678e+01
1.385170341e+03 3.118553795e-03 1.636078494e-02 5.647216933e+01 5.955596889e+01
1.471743487e+03 2.682544181e-03 1.620325219e-02 5.681923805e+01 6.014166697e+01
1.558316633e+03 2.313720667e-03 1.604440242e-02 5.708846374e+01 6.061199191e+01
1.644889780e+03 2.001155354e-03 1.588430835e-02 5.730125428e+01 6.099474393e+01
1.731462926e+03 1.735942744e-03 1.572404415e-02 5.747225952e+01 6.130999060e+01
1.818036072e+03 1.510716664e-03 1.556508231e-02 5.761170399e+01 6.157248383e+01
1.904609218e+03 1.319326361e-03 1.540895728e-02 5.772686025e+01 6.179323289e+01
1.991182365e+03 1.156605161e-03 1.525708475e-02 5.782299701e+01 6.198056150e+01
2.077755511e+03 1.018196667e-03 1.511067334e-02 5.790399938e+01 6.214083680e+01
2.164328657e+03 9.004189561e-04 1.497069094e-02 5.797278118e+01 6.227898225e+01
2.250901804e+03 8.001555019e-04 1.483786301e-02 5.803156318e+01 6.239884448e+01
2.337474950e+03 7.147661253e-04 1.471268920e-02 5.808206335e+01 6.250345852e+01
2.424048096e+03 6.420127980e-04 1.459546837e-02 5.812562962e+01 6.259524231e+01
2.510621242e+03 5.799979949e-04 1.448632813e-02 5.816333300e+01 6.267613979e+01
2.597194389e+03 5.271118524e-04 1.438525234e-02 5.819603539e+01 6.274772866e+01
2.683767535e+03 4.819894009e-04 1.429211206e-02 5.822443672e+01 6.281129922e+01
2.770340681e+03 4.434723166e-04 1.420668746e-02 5.824911212e+01 6.286791635e+01
2.856913828e+03 4.105777857e-04 1.412869143e-02 5.827053807e+01 6.291846541e+01
2.943486974e+03 3.824717281e-04 1.405778817e-02 5.828911269e+01 6.296368807e+01
3.030060120e+03 3.584460927e-04 1.399360908e-02 5.830517122e+01 6.300420996e+01
3.116633267e+03 3.378997253e-04 1.393576581e-02 5.831899795e+01 6.304056229e+01
3.203206413e+03 3.203219864e-04 1.388386089e-02 5.833083554e+01 6.307319894e+01
3.289779559e+03 3.052790346e-04 1.383749613e-02 5.834089239e+01 6.310250994e+01
3.376352705e+03 2.924020675e-04 1.379627921e-02 5.834934851e+01 6.312883234e+01
3.462925852e+03 2.813774402e-04 1.375982859e-02 5.835636021e+01 6.315245887e+01
3.549498998e+03 2.719382854e-04 1.372777724e-02 5.836206387e+01 6.317364499e+01
3.636072144e+03 2.638573913e-04 1.369977512e-02 5.836657906e+01 6.319261471e+01
3.722645291e+03 2.569412019e-04 1.367549094e-02 5.837001106e+01 6.320956521e+01
3.809218437e+03 2.510247222e-04 1.365461310e-02 5.837245296e+01 6.322467085e+01
3.895791583e+03 2.459668698e-04 1.363684989e-02 5.837398729e+01 6.323808631e+01
3.982364729e+03 2.416482167e-04 1.362193049e-02 5.837468787e+01 6.324994944e+01
4.068937876e+03 2.379654280e-04 1.360960273e-02 5.837462026e+01 6.326038326e+01
4.155511022e+03 2.348308273e-04 1.359963416e-02 5.837384356e+01 6.326949822e+01
4.242084168e+03 2.321692943e-04 1.359181067e-02 5.837241083e+01 6.327739353e+01
4.328657315e+03 2.299164287e-04 1.358593552e-02 5.837036995e+01 6.328415870e+01
4.415230461e+03 2.280170554e-04 1.358182856e-02 5.836776423e+01 6.328987464e+01
4.501803607e+03 2.264237749e-04 1.357932505e-02 5.836463298e+01 6.329461471e+01
4.588376754e+03 2.250958837e-04 1.357827469e-02 5.836101191e+01 6.329844559e+01
4.674949900e+03 2.239983954e-04 1.357854065e-02 5.835693361e+01 6.330142798e+01
4.761523046e+03 2.231011640e-04 1.357999851e-02 5.835242782e+01 6.330361735e+01
4.848096192e+03 2.223781899e-04 1.358253524e-02 5.834752180e+01 6.330506444e+01
4.934669339e+03 2.218070846e-04 1.358604842e-02 5.834224053e+01 6.330581574e+01
5.021242485e+03 2.213685163e-04 1.359044530e-02 5.833660699e+01 6.330591396e+01
5.107815631e+03 2.210457594e-04 1.359564195e-02 5.833064232e+01 6.330539841e+01
5.194388778e+03 2.208243298e-04 1.360156248e-02 5.832436604e+01 6.330430532e+01
5.280961924e+03 2.206916842e-04 1.360813841e-02 5.831779619e+01 6.330266816e+01
5.367535070e+03 2.206369529e-04 1.361530790e-02 5.831094946e+01 6.330051786e+01
5.454108216e+03 2.206507001e-04 1.362301522e-02 5.830384131e+01 6.329788310e+01
5.540681363e+03 2.207247212e-04 1.363121014e-02 5.829648612e+01 6.329479045e+01
5.627254509e+03 2.208518761e-04 1.363984741e-02 5.828889723e+01 6.329126462e+01
5.713827655e+03 2.210259474e-04 1.364888632e-02 5.828108707e+01 6.328732859e+01
5.800400802e+03 2.212415159e-04 1.365829021e-02 5.827306724e+01 6.328300376e+01
5.886973948e+03 2.214938523e-04 1.366802614e-02 5.826484854e+01 6.327831010e+01
5.973547094e+03 2.217788250e-04 1.367806447e-02 5.825644107e+01 6.327326624e+01
6.060120240e+03 2.220928216e-04 1.368837857e-02 5.824785430e+01 6.326788962e+01
6.146693387e+03 2.224326796e-04 1.369894452e-02 5.823909708e+01 6.326219655e+01
6.233266533e+03 2.227956259e-04 1.370974080e-02 5.823017769e+01 6.325620230e+01
6.319839679e+03 2.231792304e-04 1.372074811e-02 5.822110395e+01 6.324992123e+01
6.406412826e+03 2.235813613e-04 1.373194912e-02 5.821188315e+01 6.324336677e+01
6.492985972e+03 2.240001447e-04 1.374332824e-02 5.820252218e+01 6.323655160e+01
6.579559118e+03 2.244339357e-04 1.375487151e-02 5.819302752e+01 6.322948759e+01
6.666132265e+03 2.248812847e-04 1.376656638e-02 5.818340527e+01 6.322218596e+01
6.752705411e+03 2.253409133e-04 1.377840158e-02 5.817366118e+01 6.321465728e+01
6.839278557e+03 2.258116987e-04 1.379036700e-02 5.816380068e+01 6.320691148e+01
6.925851703e+03 2.262926477e-04 1.380245356e-02 5.815382889e+01 6.319895799e+01
7.012424850e+03 2.267828851e-04 1.381465312e-02 5.814375067e+01 6.319080568e+01
7.098997996e+03 2.272816380e-04 1.382695837e-02 5.813357059e+01 6.318246295e+01
7.185571142e+03 2.277882236e-04 1.383936273e-02 5.812329299e+01 6.317393775e+01
7.272144289e+03 2.283020379e-04 1.385186032e-02 5.811292199e+01 6.316523761e+01
7.358717435e+03 2.288225471e-04 1.386444584e-02 5.810246147e+01 6.315636966e+01
7.445290581e+03 2.293492776e-04 1.387711455e-02 5.809191514e+01 6.314734066e+01
7.531863727e+03 2.298818108e-04 1.388986218e-02 5.808128650e+01 6.313815704e+01
7.618436874e+03 2.304197751e-04 1.390268489e-02 5.807057888e+01 6.312882488e+01
7.705010020e+03 2.309628420e-04 1.391557924e-02 5.805979546e+01 6.311934998e+01
7.791583166e+03 2.315107194e-04 1.392854214e-02 5.804893924e+01 6.310973786e+01
7.878156313e+03 2.320631490e-04 1.394157082e-02 5.803801310e+01 6.309999374e+01
7.964729459e+03 2.326199040e-04 1.395466278e-02 5.802701975e+01 6.309012261e+01
8.051302605e+03 2.331807765e-04 1.396781577e-02 5.801596181e+01 6.308012923e+01
8.137875752e+03 2.337455883e-04 1.398102779e-02 5.800484174e+01 6.307001813e+01
8.224448898e+03 2.343141934e-04 1.399429706e-02 5.799366191e+01 6.305979361e+01
8.311022044e+03 2.348864353e-04 1.400762191e-02 5.798242458e+01 6.304945980e+01
8.397595190e+03 2.354621657e-04 1.402100083e-02 5.797113192e+01 6.303902067e+01
8.484168337e+03 2.360412927e-04 1.403443254e-02 5.795978597e+01 6.302847996e+01
8.570741483e+03 2.366237252e-04 1.404791589e-02 5.794838870e+01 6.301784123e+01
8.657314629e+03 2.372093919e-04 1.406144986e-02 5.793694198e+01 6.300710791e+01
8.743887776e+03 2.377982131e-04 1.407503349e-02 5.792544760e+01 6.299628328e+01
8.830460922e+03 2.383900617e-04 1.408866578e-02 5.791390732e+01 6.298537056e+01
8.917034068e+03 2.389849093e-04 1.410234602e-02 5.790232278e+01 6.297437272e+01
9.003607214e+03 2.395827613e-04 1.411607370e-02 5.789069552e+01 6.296329257e+01
9.090180361e+03 2.401834906e-04 1.412984798e-02 5.787902709e+01 6.295213297e+01
9.176753507e+03 2.407870937e-04 1.414366841e-02 5.786731894e+01 6.294089652e+01
9.263326653e+03 2.413935347e-04 1.415753448e-02 5.785557245e+01 6.292958577e+01
9.349899800e+03 2.420027450e-04 1.417144565e-02 5.784378897e+01 6.291820321e+01
9.436472946e+03 2.426147401e-04 1.418540165e-02 5.783196978e+01 6.290675111e+01
9.523046092e+03 2.432295064e-04 1.419940213e-02 5.782011608e+01 6.289523171e+01
9.609619238e+03 2.438469777e-04 1.421344668e-02 5.780822910e+01 6.288364724e+01
9.696192385e+03 2.444671648e-04 1.422753507e-02 5.779630995e+01 6.287199973e+01
9.782765531e+03 2.450900508e-04 1.424166706e-02 5.778435974e+01 6.286029118e+01
9.869338677e+03 2.457156215e-04 1.425584241e-02 5.777237950e+01 6.284852352e+01
9.955911824e+03 2.463438644e-04 1.427006094e-02 5.776037026e+01 6.283669859e+01
1.004248497e+04 2.469747750e-04 1.428432247e-02 5.774833299e+01 6.282481817e+01
1.012905812e+04 2.476083427e-04 1.429862685e-02 5.773626862e+01 6.281288398e+01
1.021563126e+04 2.482445638e-04 1.431297397e-02 5.772417807e+01 6.280089766e+01
1.030220441e+04 2.488834377e-04 1.432736370e-02 5.771206220e+01 6.278886081e+01
1.038877756e+04 2.495249617e-04 1.434179597e-02 5.769992184e+01 6.277677495e+01
1.047535070e+04 2.501691341e-04 1.435627068e-02 5.768775782e+01 6.276464157e+01
1.056192385e+04 2.508159556e-04 1.437078778e-02 5.767557091e+01 6.275246208e+01
1.064849699e+04 2.514654273e-04 1.438534722e-02 5.766336186e+01 6.274023788e+01
1.073507014e+04 2.521175509e-04 1.439994895e-02 5.765113139e+01 6.272797027e+01
1.082164329e+04 2.527723300e-04 1.441459296e-02 5.763888022e+01 6.271566055e+01
1.090821643e+04 2.534297681e-04 1.442927921e-02 5.762660902e+01 6.270330995e+01
1.099478958e+04 2.540898698e-04 1.444400772e-02 5.761431843e+01 6.269091966e+01
1.108136273e+04 2.547526403e-04 1.445877847e-02 5.760200910e+01 6.267849084e+01
1.116793587e+04 2.554180850e-04 1.447359147e-02 5.758968164e+01 6.266602462e+01
1.125450902e+04 2.560862102e-04 1.448844674e-02 5.757733662e+01 6.265352205e+01
1.134108216e+04 2.567570223e-04 1.450334431e-02 5.756497464e+01 6.264098420e+01
1.142765531e+04 2.574305291e-04 1.451828420e-02 5.755259623e+01 6.262841207e+01
1.151422846e+04 2.581067381e-04 1.453326645e-02 5.754020193e+01 6.261580664e+01
1.160080160e+04 2.587856571e-04 1.454829111e-02 5.752779226e+01 6.260316885e+01
1.168737475e+04 2.594672937e-04 1.456335821e-02 5.751536772e+01 6.259049963e+01
1.177394790e+04 2.601516562e-04 1.457846781e-02 5.750292880e+01 6.257779984e+01
1.186052104e+04 2.608387553e-04 1.459361996e-02 5.749047596e+01 6.256507037e+01
1.194709419e+04 2.615286005e-04 1.460881473e-02 5.747800965e+01 6.255231203e+01
1.203366733e+04 2.622212012e-04 1.462405219e-02 5.746553033e+01 6.253952563e+01
1.212024048e+04 2.629165654e-04 1.463933240e-02 5.745303841e+01 6.252671196e+01
1.220681363e+04 2.636147023e-04 1.465465544e-02 5.744053431e+01 6.251387178e+01
1.229338677e+04 2.643156251e-04 1.467002138e-02 5.742801843e+01 6.250100581e+01
1.237995992e+04 2.650193455e-04 1.468543030e-02 5.741549116e+01 6.248811478e+01
1.246653307e+04 2.657258748e-04 1.470088228e-02 5.740295288e+01 6.247519937e+01
1.255310621e+04 2.664352205e-04 1.471637743e-02 5.739040395e+01 6.246226026e+01
1.263967936e+04 2.671473949e-04 1.473191583e-02 5.737784473e+01 6.244929809e+01
1.272625251e+04 2.678624087e-04 1.474749758e-02 5.736527556e+01 6.243631349e+01
1.281282565e+04 2.685802746e-04 1.476312275e-02 5.735269679e+01 6.242330709e+01
1.289939880e+04 2.693010035e-04 1.477879146e-02 5.734010872e+01 6.241027949e+01
1.298597194e+04 2.700246077e-04 1.479450379e-02 5.732751169e+01 6.239723126e+01
1.307254509e+04 2.707511012e-04 1.481025986e-02 5.731490600e+01 6.238416296e+01
1.315911824e+04 2.714804972e-04 1.482605979e-02 5.730229194e+01 6.237107514e+01
1.324569138e+04 2.722128082e-04 1.484190367e-02 5.728966980e+01 6.235796833e+01
1.333226453e+04 2.729480439e-04 1.485779161e-02 5.727703987e+01 6.234484305e+01
1.341883768e+04 2.736862169e-04 1.487372374e-02 5.726440242e+01 6.233169980e+01
1.350541082e+04 2.744273403e-04 1.488970016e-02 5.725175772e+01 6.231853908e+01
1.359198397e+04 2.751714293e-04 1.490572099e-02 5.723910603e+01 6.230536136e+01
1.367855711e+04 2.759184965e-04 1.492178636e-02 5.722644759e+01 6.229216710e+01
1.376513026e+04 2.766685556e-04 1.493789638e-02 5.721378265e+01 6.227895675e+01
1.385170341e+04 2.774216200e-04 1.495405118e-02 5.720111146e+01 6.226573075e+01
1.393827655e+04 2.781777044e-04 1.497025088e-02 5.718843423e+01 6.225248952e+01
1.402484970e+04 2.789368220e-04 1.498649562e-02 5.717575121e+01 6.223923349e+01
1.411142285e+04 2.796989859e-04 1.500278552e-02 5.716306261e+01 6.222596306e+01
1.419799599e+04 2.804642102e-04 1.501912071e-02 5.715036863e+01 6.221267862e+01
1.428456914e+04 2.812325088e-04 1.503550133e-02 5.713766950e+01 6.219938056e+01
1.437114228e+04 2.820038989e-04 1.505192752e-02 5.712496541e+01 6.218606925e+01
1.445771543e+04 2.827783945e-04 1.506839940e-02 5.711225657e+01 6.217274505e+01
1.454428858e+04 2.835560114e-04 1.508491712e-02 5.709954316e+01 6.215940832e+01
1.463086172e+04 2.843367616e-04 1.510148082e-02 5.708682537e+01 6.214605941e+01
1.471743487e+04 2.851206588e-04 1.511809065e-02 5.707410339e+01 6.213269866e+01
1.480400802e+04 2.859077169e-04 1.513474673e-02 5.706137739e+01 6.211932638e+01
1.489058116e+04 2.866979523e-04 1.515144922e-02 5.704864755e+01 6.210594292e+01
1.497715431e+04 2.874913867e-04 1.516819827e-02 5.703591403e+01 6.209254857e+01
1.506372745e+04 2.882880358e-04 1.518499404e-02 5.702317701e+01 6.207914364e+01
1.515030060e+04 2.890879186e-04 1.520183666e-02 5.701043664e+01 6.206572843e+01
1.523687375e+04 2.898910356e-04 1.521872629e-02 5.699769308e+01 6.205230323e+01
1.532344689e+04 2.906974044e-04 1.523566306e-02 5.698494649e+01 6.203886833e+01
1.541002004e+04 2.915070349e-04 1.525264713e-02 5.697219702e+01 6.202542402e+01
1.549659319e+04 2.923199536e-04 1.526967867e-02 5.695944480e+01 6.201197055e+01
1.558316633e+04 2.931361881e-04 1.528675785e-02 5.694668999e+01 6.199850818e+01
1.566973948e+04 2.939557572e-04 1.530388486e-02 5.693393271e+01 6.198503716e+01
1.575631263e+04 2.947786805e-04 1.532105984e-02 5.692117311e+01 6.197155775e+01
1.584288577e+04 2.956049508e-04 1.533828292e-02 5.690841131e+01 6.195807020e+01
1.592945892e+04 2.964345907e-04 1.535555426e-02 5.689564746e+01 6.194457477e+01
1.601603206e+04 2.972676094e-04 1.537287402e-02 5.688288168e+01 6.193107168e+01
1.610260521e+04 2.981040376e-04 1.539024240e-02 5.687011409e+01 6.191756115e+01
1.618917836e+04 2.989438889e-04 1.540765954e-02 5.685734481e+01 6.190404341e+01
1.627575150e+04 2.997871795e-04 1.542512563e-02 5.684457396e+01 6.189051868e+01
1.636232465e+04 3.006339282e-04 1.544264084e-02 5.683180165e+01 6.187698718e+01
1.644889780e+04 3.014841551e-04 1.546020534e-02 5.681902800e+01 6.186344910e+01
1.653547094e+04 3.023378816e-04 1.547781932e-02 5.680625310e+01 6.184990466e+01
1.662204409e+04 3.031951289e-04 1.549548296e-02 5.679347708e+01 6.183635404e+01
1.670861723e+04 3.040558995e-04 1.551319639e-02 5.678070004e+01 6.182279746e+01
1.679519038e+04 3.049202193e-04 1.553095983e-02 5.676792207e+01 6.180923510e+01
1.688176353e+04 3.057881057e-04 1.554877343e-02 5.675514329e+01 6.179566715e+01
1.696833667e+04 3.066595758e-04 1.556663739e-02 5.674236378e+01 6.178209380e+01
1.705490982e+04 3.075346524e-04 1.558455189e-02 5.672958365e+01 6.176851521e+01
1.714148297e+04 3.084133519e-04 1.560251711e-02 5.671680299e+01 6.175493157e+01
1.722805611e+04 3.092956928e-04 1.562053323e-02 5.670402188e+01 6.174134304e+01
1.731462926e+04 3.101816936e-04 1.563860045e-02 5.669124043e+01 6.172774980e+01
1.740120240e+04 3.110713750e-04 1.565671896e-02 5.667845871e+01 6.171415200e+01
1.748777555e+04 3.119647562e-04 1.567488893e-02 5.666567681e+01 6.170054982e+01
1.757434870e+04 3.128618567e-04 1.569311057e-02 5.665289482e+01 6.168694340e+01
1.766092184e+04 3.137626967e-04 1.571138407e-02 5.664011282e+01 6.167333289e+01
1.774749499e+04 3.146672951e-04 1.572970961e-02 5.662733088e+01 6.165971846e+01
1.783406814e+04 3.155756715e-04 1.574808740e-02 5.661454909e+01 6.164610024e+01
1.792064128e+04 3.164878465e-04 1.576651763e-02 5.660176753e+01 6.163247838e+01
1.800721443e+04 3.174038402e-04 1.578500050e-02 5.658898627e+01 6.161885303e+01
1.809378758e+04 3.183236730e-04 1.580353621e-02 5.657620538e+01 6.160522432e+01
1.818036072e+04 3.192473655e-04 1.582212495e-02 5.656342493e+01 6.159159238e+01
1.826693387e+04 3.201749381e-04 1.584076694e-02 5.655064500e+01 6.157795735e+01
1.835350701e+04 3.211064118e-04 1.585946237e-02 5.653786566e+01 6.156431937e+01
1.844008016e+04 3.220418074e-04 1.587821145e-02 5.652508696e+01 6.155067854e+01
1.852665331e+04 3.229811462e-04 1.589701439e-02 5.651230899e+01 6.153703501e+01
1.861322645e+04 3.239244494e-04 1.591587139e-02 5.649953180e+01 6.152338890e+01
1.869979960e+04 3.248717385e-04 1.593478267e-02 5.648675546e+01 6.150974032e+01
1.878637275e+04 3.258230349e-04 1.595374843e-02 5.647398003e+01 6.149608939e+01
1.887294589e+04 3.267783607e-04 1.597276888e-02 5.646120556e+01 6.148243622e+01
1.895951904e+04 3.277377377e-04 1.599184425e-02 5.644843213e+01 6.146878094e+01
1.904609218e+04 3.287011880e-04 1.601097474e-02 5.643565979e+01 6.145512364e+01
1.913266533e+04 3.296687339e-04 1.603016057e-02 5.642288859e+01 6.144146445e+01
1.921923848e+04 3.306403978e-04 1.604940196e-02 5.641011860e+01 6.142780346e+01
1.930581162e+04 3.316162020e-04 1.606869913e-02 5.639734986e+01 6.141414078e+01
1.939238477e+04 3.325961693e-04 1.608805230e-02 5.638458244e+01 6.140047651e+01
1.947895792e+04 3.335803227e-04 1.610746169e-02 5.637181638e+01 6.138681076e+01
1.956553106e+04 3.345686851e-04 1.612692753e-02 5.635905173e+01 6.137314361e+01
1.965210421e+04 3.355612799e-04 1.614645004e-02 5.634628855e+01 6.135947517e+01
1.973867735e+04 3.365581305e-04 1.616602944e-02 5.633352689e+01 6.134580554e+01
1.982525050e+04 3.375592604e-04 1.618566597e-02 5.632076679e+01 6.133213480e+01
1.991182365e+04 3.385646934e-04 1.620535985e-02 5.630800831e+01 6.131846305e+01
1.999839679e+04 3.395744535e-04 1.622511132e-02 5.629525149e+01 6.130479037e+01
2.008496994e+04 3.405885648e-04 1.624492060e-02 5.628249637e+01 6.129111686e+01
2.017154309e+04 3.416070519e-04 1.626478795e-02 5.626974301e+01 6.127744260e+01
2.025811623e+04 3.426299391e-04 1.628471358e-02 5.625699143e+01 6.126376767e+01
2.034468938e+04 3.436572513e-04 1.630469775e-02 5.624424170e+01 6.125009215e+01
2.043126253e+04 3.446890133e-04 1.632474069e-02 5.623149385e+01 6.123641614e+01
2.051783567e+04 3.457252481e-04 1.634484262e-02 5.621874791e+01 6.122273970e+01
2.060440882e+04 3.467659813e-04 1.636500379e-02 5.620600395e+01 6.120906292e+01
2.069098196e+04 3.478112378e-04 1.638522445e-02 5.619326199e+01 6.119538588e+01
2.077755511e+04 3.488610423e-04 1.640550482e-02 5.618052207e+01 6.118170865e+01
2.086412826e+04 3.499154211e-04 1.642584516e-02 5.616778424e+01 6.116803131e+01
2.095070140e+04 3.509744050e-04 1.644624575e-02 5.615504852e+01 6.115435392e+01
2.103727455e+04 3.520380186e-04 1.646670683e-02 5.614231496e+01 6.114067655e+01
2.112384770e+04 3.531062894e-04 1.648722865e-02 5.612958359e+01 6.112699928e+01
2.121042084e+04 3.541792455e-04 1.650781149e-02 5.611685444e+01 6.111332217e+01
2.129699399e+04 3.552569120e-04 1.652845557e-02 5.610412755e+01 6.109964529e+01
2.138356713e+04 3.563393097e-04 1.654916113e-02 5.609140296e+01 6.108596871e+01
2.147014028e+04 3.574264687e-04 1.656992845e-02 5.607868070e+01 6.107229250e+01
2.155671343e+04 3.585184149e-04 1.659075776e-02 5.606596081e+01 6.105861673e+01
2.164328657e+04 3.596151743e-04 1.661164933e-02 5.605324332e+01 6.104494145e+01
2.172985972e+04 3.607167768e-04 1.663260343e-02 5.604052825e+01 6.103126673e+01
2.181643287e+04 3.618232525e-04 1.665362034e-02 5.602781565e+01 6.101759263e+01
2.190300601e+04 3.629346270e-04 1.667470030e-02 5.601510553e+01 6.100391920e+01
2.198957916e+04 3.640509287e-04 1.669584359e-02 5.600239794e+01 6.099024650e+01
2.207615230e+04 3.651721861e-04 1.671705047e-02 5.598969289e+01 6.097657461e+01
2.216272545e+04 3.662984299e-04 1.673832122e-02 5.597699043e+01 6.096290355e+01
2.224929860e+04 3.674296901e-04 1.675965614e-02 5.596429057e+01 6.094923341e+01
2.233587174e+04 3.685659965e-04 1.678105548e-02 5.595159334e+01 6.093556421e+01
2.242244489e+04 3.697073804e-04 1.680251954e-02 5.593889877e+01 6.092189603e+01
2.250901804e+04 3.708538732e-04 1.682404860e-02 5.592620688e+01 6.090822890e+01
2.259559118e+04 3.720054921e-04 1.684564288e-02 5.591351771e+01 6.089456290e+01
2.268216433e+04 3.731622726e-04 1.686730269e-02 5.590083129e+01 6.088089807e+01
2.276873747e+04 3.743242451e-04 1.688902832e-02 5.588814763e+01 6.086723446e+01
2.285531062e+04 3.754914394e-04 1.691082005e-02 5.587546676e+01 6.085357212e+01
2.294188377e+04 3.766638853e-04 1.693267815e-02 5.586278871e+01 6.083991109e+01
2.302845691e+04 3.778416124e-04 1.695460292e-02 5.585011350e+01 6.082625144e+01
2.311503006e+04 3.790246610e-04 1.697659468e-02 5.583744115e+01 6.081259319e+01
2.320160321e+04 3.802130577e-04 1.699865370e-02 5.582477169e+01 6.079893639e+01
2.328817635e+04 3.814068346e-04 1.702078028e-02 5.581210513e+01 6.078528110e+01
2.337474950e+04 3.826060242e-04 1.704297472e-02 5.579944151e+01 6.077162735e+01
2.346132265e+04 3.838106595e-04 1.706523731e-02 5.578678083e+01 6.075797519e+01
2.354789579e+04 3.850207731e-04 1.708756836e-02 5.577412313e+01 6.074432466e+01
2.363446894e+04 3.862363924e-04 1.710996815e-02 5.576146842e+01 6.073067580e+01
2.372104208e+04 3.874575534e-04 1.713243700e-02 5.574881673e+01 6.071702866e+01
2.380761523e+04 3.886842888e-04 1.715497521e-02 5.573616808e+01 6.070338328e+01
2.389418838e+04 3.899166318e-04 1.717758308e-02 5.572352248e+01 6.068973970e+01
2.398076152e+04 3.911546157e-04 1.720026092e-02 5.571087996e+01 6.067609796e+01
2.406733467e+04 3.923982743e-04 1.722300906e-02 5.569824053e+01 6.066245809e+01
2.415390782e+04 3.936476443e-04 1.724582780e-02 5.568560421e+01 6.064882013e+01
2.424048096e+04 3.949027584e-04 1.726871745e-02 5.567297103e+01 6.063518413e+01
2.432705411e+04 3.961636515e-04 1.729167834e-02 5.566034100e+01 6.062155011e+01
2.441362725e+04 3.974303586e-04 1.731471079e-02 5.564771413e+01 6.060791811e+01
2.450020040e+04 3.987029149e-04 1.733781511e-02 5.563509045e+01 6.059428818e+01
2.458677355e+04 3.999813558e-04 1.736099163e-02 5.562246997e+01 6.058066034e+01
2.467334669e+04 4.012657169e-04 1.738424068e-02 5.560985270e+01 6.056703463e+01
2.475991984e+04 4.025560343e-04 1.740756257e-02 5.559723868e+01 6.055341108e+01
2.484649299e+04 4.038523444e-04 1.743095765e-02 5.558462790e+01 6.053978973e+01
2.493306613e+04 4.051546840e-04 1.745442623e-02 5.557202040e+01 6.052617061e+01
2.501963928e+04 4.064630898e-04 1.747796867e-02 5.555941617e+01 6.051255375e+01
2.510621242e+04 4.077775989e-04 1.750158529e-02 5.554681524e+01 6.049893918e+01
2.519278557e+04 4.090982488e-04 1.752527642e-02 5.553421763e+01 6.048532694e+01
2.527935872e+04 4.104250772e-04 1.754904242e-02 5.552162335e+01 6.047171706e+01
2.536593186e+04 4.117581221e-04 1.757288362e-02 5.550903240e+01 6.045810956e+01
2.545250501e+04 4.130974219e-04 1.759680037e-02 5.549644482e+01 6.044450447e+01
2.553907816e+04 4.144430151e-04 1.762079302e-02 5.548386060e+01 6.043090183e+01
2.562565130e+04 4.157949407e-04 1.764486191e-02 5.547127977e+01 6.041730166e+01
2.571222445e+04 4.171532383e-04 1.766900739e-02 5.545870234e+01 6.040370400e+01
2.579879760e+04 4.185179470e-04 1.769322982e-02 5.544612832e+01 6.039010886e+01
2.588537074e+04 4.198891069e-04 1.771752956e-02 5.543355772e+01 6.037651628e+01
2.597194389e+04 4.212667581e-04 1.774190696e-02 5.542099056e+01 6.036292628e+01
2.605851703e+04 4.226509409e-04 1.776636239e-02 5.540842684e+01 6.034933890e+01
2.614509018e+04 4.240416963e-04 1.779089620e-02 5.539586659e+01 6.033575414e+01
2.623166333e+04 4.254390653e-04 1.781550877e-02 5.538330981e+01 6.032217206e+01
2.631823647e+04 4.268430891e-04 1.784020045e-02 5.537075652e+01 6.030859265e+01
2.640480962e+04 4.282538095e-04 1.786497162e-02 5.535820672e+01 6.029501596e+01
2.649138277e+04 4.296712686e-04 1.788982265e-02 5.534566043e+01 6.028144201e+01
2.657795591e+04 4.310955088e-04 1.791475392e-02 5.533311766e+01 6.026787082e+01
2.666452906e+04 4.325265727e-04 1.793976579e-02 5.532057842e+01 6.025430241e+01
2.675110220e+04 4.339645033e-04 1.796485866e-02 5.530804272e+01 6.024073681e+01
2.683767535e+04 4.354093449e-04 1.799003290e-02 5.529551057e+01 6.022717404e+01
2.692424850e+04 4.368611417e-04 1.801528890e-02 5.528298198e+01 6.021361412e+01
2.701082164e+04 4.383199376e-04 1.804062706e-02 5.527045696e+01 6.020005707e+01
2.709739479e+04 4.397857772e-04 1.806604775e-02 5.525793552e+01 6.018650292e+01
2.718396794e+04 4.412587055e-04 1.809155137e-02 5.524541767e+01 6.017295168e+01
2.727054108e+04 4.427387681e-04 1.811713833e-02 5.523290342e+01 6.015940339e+01
2.735711423e+04 4.442260107e-04 1.814280901e-02 5.522039278e+01 6.014585805e+01
2.744368737e+04 4.457204776e-04 1.816856380e-02 5.520788575e+01 6.013231569e+01
2.753026052e+04 4.472222141e-04 1.819440312e-02 5.519538236e+01 6.011877633e+01
2.761683367e+04 4.487312679e-04 1.822032736e-02 5.518288260e+01 6.010523999e+01
2.770340681e+04 4.502476857e-04 1.824633693e-02 5.517038649e+01 6.009170670e+01
2.778997996e+04 4.517715145e-04 1.827243225e-02 5.515789402e+01 6.007817646e+01
2.787655311e+04 4.533028017e-04 1.829861371e-02 5.514540523e+01 6.006464930e+01
2.796312625e+04 4.548415949e-04 1.832488174e-02 5.513292010e+01 6.005112523e+01
2.804969940e+04 4.563879456e-04 1.835123677e-02 5.512043865e+01 6.003760428e+01
2.813627255e+04 4.579419036e-04 1.837767922e-02 5.510796088e+01 6.002408646e+01
2.822284569e+04 4.595035169e-04 1.840420952e-02 5.509548681e+01 6.001057179e+01
2.830941884e+04 4.610728355e-04 1.843082808e-02 5.508301643e+01 5.999706028e+01
2.839599198e+04 4.626499100e-04 1.845753535e-02 5.507054976e+01 5.998355196e+01
2.848256513e+04 4.642347914e-04 1.848433175e-02 5.505808681e+01 5.997004683e+01
2.856913828e+04 4.658275312e-04 1.851121772e-02 5.504562757e+01 5.995654492e+01
2.865571142e+04 4.674281791e-04 1.853819370e-02 5.503317206e+01 5.994304624e+01
2.874228457e+04 4.690367869e-04 1.856526013e-02 5.502072029e+01 5.992955081e+01
2.882885772e+04 4.706534078e-04 1.859241745e-02 5.500827226e+01 5.991605864e+01
2.891543086e+04 4.722780947e-04 1.861966612e-02 5.499582797e+01 5.990256975e+01
2.900200401e+04 4.739109008e-04 1.864700658e-02 5.498338744e+01 5.988908416e+01
2.908857715e+04 4.755518797e-04 1.867443929e-02 5.497095067e+01 5.987560187e+01
2.917515030e+04 4.772010856e-04 1.870196471e-02 5.495851766e+01 5.986212291e+01
2.926172345e+04 4.788585718e-04 1.872958328e-02 5.494608842e+01 5.984864728e+01
2.934829659e+04 4.805243930e-04 1.875729548e-02 5.493366296e+01 5.983517501e+01
2.943486974e+04 4.821986047e-04 1.878510177e-02 5.492124128e+01 5.982170610e+01
2.952144289e+04 4.838812623e-04 1.881300261e-02 5.490882339e+01 5.980824058e+01
2.960801603e+04 4.855724219e-04 1.884099848e-02 5.489640930e+01 5.979477844e+01
2.969458918e+04 4.872721396e-04 1.886908984e-02 5.488399900e+01 5.978131972e+01
2.978116232e+04 4.889804721e-04 1.889727719e-02 5.487159251e+01 5.976786442e+01
2.986773547e+04 4.906974816e-04 1.892556101e-02 5.485918983e+01 5.975441255e+01
2.995430862e+04 4.924232265e-04 1.895394180e-02 5.484679096e+01 5.974096412e+01
3.004088176e+04 4.941577642e-04 1.898242003e-02 5.483439591e+01 5.972751915e+01
3.012745491e+04 4.959011545e-04 1.901099621e-02 5.482200468e+01 5.971407764e+01
3.021402806e+04 4.976534577e-04 1.903967083e-02 5.480961727e+01 5.970063962e+01
3.030060120e+04 4.994147348e-04 1.906844438e-02 5.479723369e+01 5.968720508e+01
3.038717435e+04 5.011850473e-04 1.909731739e-02 5.478485395e+01 5.967377405e+01
3.047374749e+04 5.029644517e-04 1.912629033e-02 5.477247805e+01 5.966034653e+01
3.056032064e+04 5.047530106e-04 1.915536372e-02 5.476010599e+01 5.964692254e+01
3.064689379e+04 5.065507875e-04 1.918453807e-02 5.474773778e+01 5.963350209e+01
3.073346693e+04 5.083578452e-04 1.921381391e-02 5.473537342e+01 5.962008519e+01
3.082004008e+04 5.101742467e-04 1.924319174e-02 5.472301291e+01 5.960667184e+01
3.090661323e+04 5.120000556e-04 1.927267210e-02 5.471065627e+01 5.959326206e+01
3.099318637e+04 5.138353358e-04 1.930225550e-02 5.469830348e+01 5.957985587e+01
3.107975952e+04 5.156801551e-04 1.933194250e-02 5.468595457e+01 5.956645326e+01
3.116633267e+04 5.175345782e-04 1.936173362e-02 5.467360952e+01 5.955305425e+01
3.125290581e+04 5.193986706e-04 1.939162939e-02 5.466126834e+01 5.953965885e+01
3.133947896e+04 5.212724990e-04 1.942163036e-02 5.464893103e+01 5.952626706e+01
3.142605210e+04 5.231561306e-04 1.945173708e-02 5.463659761e+01 5.951287891e+01
3.151262525e+04 5.250496334e-04 1.948195009e-02 5.462426806e+01 5.949949439e+01
3.159919840e+04 5.269530756e-04 1.951226995e-02 5.461194240e+01 5.948611351e+01
3.168577154e+04 5.288665265e-04 1.954269721e-02 5.459962063e+01 5.947273629e+01
3.177234469e+04 5.307900556e-04 1.957323245e-02 5.458730275e+01 5.945936273e+01
3.185891784e+04 5.327237333e-04 1.960387621e-02 5.457498875e+01 5.944599284e+01
3.194549098e+04 5.346676302e-04 1.963462909e-02 5.456267866e+01 5.943262664e+01
3.203206413e+04 5.366218179e-04 1.966549163e-02 5.455037245e+01 5.941926412e+01
3.211863727e+04 5.385863684e-04 1.969646443e-02 5.453807015e+01 5.940590529e+01
3.220521042e+04 5.405613545e-04 1.972754807e-02 5.452577175e+01 5.939255017e+01
3.229178357e+04 5.425468522e-04 1.975874314e-02 5.451347725e+01 5.937919876e+01
3.237835671e+04 5.445429350e-04 1.979005024e-02 5.450118666e+01 5.936585107e+01
3.246492986e+04 5.465496779e-04 1.982146995e-02 5.448889997e+01 5.935250710e+01
3.255150301e+04 5.485671566e-04 1.985300288e-02 5.447661719e+01 5.933916686e+01
3.263807615e+04 5.505954479e-04 1.988464964e-02 5.446433832e+01 5.932583036e+01
3.272464930e+04 5.526346293e-04 1.991641084e-02 5.445206336e+01 5.931249760e+01
3.281122244e+04 5.546847789e-04 1.994828708e-02 5.443979231e+01 5.929916859e+01
3.289779559e+04 5.567459676e-04 1.998027897e-02 5.442752518e+01 5.928584335e+01
3.298436874e+04 5.588182769e-04 2.001238712e-02 5.441526197e+01 5.927252187e+01
3.307094188e+04 5.609017866e-04 2.004461217e-02 5.440300267e+01 5.925920417e+01
3.315751503e+04 5.629965762e-04 2.007695474e-02 5.439074730e+01 5.924589025e+01
3.324408818e+04 5.651027260e-04 2.010941546e-02 5.437849585e+01 5.923258011e+01
3.333066132e+04 5.672203165e-04 2.014199498e-02 5.436624832e+01 5.921927377e+01
3.341723447e+04 5.693494291e-04 2.017469392e-02 5.435400472e+01 5.920597123e+01
3.350380762e+04 5.714901563e-04 2.020751298e-02 5.434176504e+01 5.919267249e+01
3.359038076e+04 5.736425776e-04 2.024045280e-02 5.432952929e+01 5.917937756e+01
3.367695391e+04 5.758067771e-04 2.027351402e-02 5.431729746e+01 5.916608644e+01
3.376352705e+04 5.779828407e-04 2.030669731e-02 5.430506956e+01 5.915279914e+01
3.385010020e+04 5.801708551e-04 2.034000335e-02 5.429284558e+01 5.913951567e+01
3.393667335e+04 5.823709078e-04 2.037343280e-02 5.428062554e+01 5.912623602e+01
3.402324649e+04 5.845830873e-04 2.040698635e-02 5.426840942e+01 5.911296020e+01
3.410981964e+04 5.868074783e-04 2.044066467e-02 5.425619723e+01 5.909968823e+01
3.419639279e+04 5.890441728e-04 2.047446846e-02 5.424398898e+01 5.908642009e+01
3.428296593e+04 5.912932613e-04 2.050839840e-02 5.423178465e+01 5.907315581e+01
3.436953908e+04 5.935548350e-04 2.054245520e-02 5.421958425e+01 5.905989538e+01
3.445611222e+04 5.958289861e-04 2.057663957e-02 5.420738779e+01 5.904663881e+01
3.454268537e+04 5.981158076e-04 2.061095221e-02 5.419519525e+01 5.903338609e+01
3.462925852e+04 6.004153932e-04 2.064539385e-02 5.418300665e+01 5.902013725e+01
3.471583166e+04 6.027278344e-04 2.067996517e-02 5.417082198e+01 5.900689227e+01
3.480240481e+04 6.050532279e-04 2.071466692e-02 5.415864124e+01 5.899365117e+01
3.488897796e+04 6.073916696e-04 2.074949983e-02 5.414646443e+01 5.898041394e+01
3.497555110e+04 6.097432562e-04 2.078446463e-02 5.413429156e+01 5.896718060e+01
3.506212425e+04 6.121080852e-04 2.081956206e-02 5.412212262e+01 5.895395115e+01
3.514869739e+04 6.144862549e-04 2.085479286e-02 5.410995761e+01 5.894072559e+01
3.523527054e+04 6.168778644e-04 2.089015778e-02 5.409779654e+01 5.892750393e+01
3.532184369e+04 6.192830219e-04 2.092565761e-02 5.408563939e+01 5.891428615e+01
3.540841683e+04 6.217018248e-04 2.096129311e-02 5.407348618e+01 5.890107228e+01
3.549498998e+04 6.241343761e-04 2.099706503e-02 5.406133689e+01 5.888786231e+01
3.558156313e+04 6.265807797e-04 2.103297417e-02 5.404919154e+01 5.887465624e+01
3.566813627e+04 6.290411408e-04 2.106902129e-02 5.403705011e+01 5.886145408e+01
3.575470942e+04 6.315155654e-04 2.110520719e-02 5.402491262e+01 5.884825583e+01
3.584128257e+04 6.340041606e-04 2.114153267e-02 5.401277905e+01 5.883506149e+01
3.592785571e+04 6.365070300e-04 2.117799852e-02 5.400064941e+01 5.882187108e+01
3.601442886e+04 6.390242849e-04 2.121460554e-02 5.398852370e+01 5.880868458e+01
3.610100200e+04 6.415560350e-04 2.125135455e-02 5.397640191e+01 5.879550200e+01
3.618757515e+04 6.441023909e-04 2.128824637e-02 5.396428405e+01 5.878232335e+01
3.627414830e+04 6.466634645e-04 2.132528183e-02 5.395217012e+01 5.876914863e+01
3.636072144e+04 6.492393685e-04 2.136246176e-02 5.394006010e+01 5.875597784e+01
3.644729459e+04 6.518302168e-04 2.139978699e-02 5.392795402e+01 5.874281097e+01
3.653386774e+04 6.544361263e-04 2.143725838e-02 5.391585185e+01 5.872964804e+01
3.662044088e+04 6.570572120e-04 2.147487677e-02 5.390375360e+01 5.871648905e+01
3.670701403e+04 6.596935915e-04 2.151264303e-02 5.389165928e+01 5.870333399e+01
3.679358717e+04 6.623453831e-04 2.155055801e-02 5.387956887e+01 5.869018288e+01
3.688016032e+04 6.650127065e-04 2.158862260e-02 5.386748238e+01 5.867703570e+01
3.696673347e+04 6.676956825e-04 2.162683766e-02 5.385539981e+01 5.866389246e+01
3.705330661e+04 6.703944330e-04 2.166520410e-02 5.384332115e+01 5.865075317e+01
3.713987976e+04 6.731090815e-04 2.170372278e-02 5.383124640e+01 5.863761783e+01
3.722645291e+04 6.758397522e-04 2.174239463e-02 5.381917557e+01 5.862448643e+01
3.731302605e+04 6.785865706e-04 2.178122054e-02 5.380710865e+01 5.861135898e+01
3.739959920e+04 6.813496635e-04 2.182020143e-02 5.379504563e+01 5.859823548e+01
3.748617234e+04 6.841291589e-04 2.185933822e-02 5.378298653e+01 5.858511593e+01
3.757274549e+04 6.869251861e-04 2.189863183e-02 5.377093133e+01 5.857200034e+01
3.765931864e+04 6.897378758e-04 2.193808321e-02 5.375888003e+01 5.855888869e+01
3.774589178e+04 6.925673604e-04 2.197769331e-02 5.374683264e+01 5.854578100e+01
3.783246493e+04 6.954137728e-04 2.201746306e-02 5.373478915e+01 5.853267727e+01
3.791903808e+04 6.982772474e-04 2.205739344e-02 5.372274956e+01 5.851957749e+01
3.800561122e+04 7.011579201e-04 2.209748540e-02 5.371071387e+01 5.850648166e+01
3.809218437e+04 7.040559281e-04 2.213773993e-02 5.369868207e+01 5.849338980e+01
3.817875752e+04 7.069714099e-04 2.217815801e-02 5.368665416e+01 5.848030189e+01
3.826533066e+04 7.099045057e-04 2.221874062e-02 5.367463015e+01 5.846721794e+01
3.835190381e+04 7.128553584e-04 2.225948877e-02 5.366261003e+01 5.845413795e+01
3.843847695e+04 7.158241095e-04 2.230040347e-02 5.365059380e+01 5.844106191e+01
3.852505010e+04 7.188109035e-04 2.234148573e-02 5.363858145e+01 5.842798984e+01
3.861162325e+04 7.218158860e-04 2.238273658e-02 5.362657299e+01 5.841492173e+01
3.869819639e+04 7.248392042e-04 2.242415704e-02 5.361456840e+01 5.840185757e+01
3.878476954e+04 7.278810067e-04 2.246574816e-02 5.360256770e+01 5.838879738e+01
3.887134269e+04 7.309414436e-04 2.250751099e-02 5.359057088e+01 5.837574114e+01
3.895791583e+04 7.340206665e-04 2.254944658e-02 5.357857793e+01 5.836268887e+01
3.904448898e+04 7.371188285e-04 2.259155601e-02 5.356658886e+01 5.834964055e+01
3.913106212e+04 7.402360853e-04 2.263384035e-02 5.355460365e+01 5.833659620e+01
3.921763527e+04 7.433725942e-04 2.267630067e-02 5.354262231e+01 5.832355580e+01
3.930420842e+04 7.465285120e-04 2.271893809e-02 5.353064484e+01 5.831051936e+01
3.939078156e+04 7.497039983e-04 2.276175369e-02 5.351867124e+01 5.829748688e+01
3.947735471e+04 7.528992143e-04 2.280474858e-02 5.350670149e+01 5.828445836e+01
3.956392786e+04 7.561143228e-04 2.284792390e-02 5.349473560e+01 5.827143380e+01
3.965050100e+04 7.593494881e-04 2.289128077e-02 5.348277357e+01 5.825841319e+01
3.973707415e+04 7.626048765e-04 2.293482032e-02 5.347081540e+01 5.824539655e+01
3.982364729e+04 7.658806556e-04 2.297854371e-02 5.345886107e+01 5.823238385e+01
3.991022044e+04 7.691769949e-04 2.302245209e-02 5.344691059e+01 5.821937512e+01
3.999679359e+04 7.724940690e-04 2.306654665e-02 5.343496396e+01 5.820637033e+01
4.008336673e+04 7.758320520e-04 2.311082858e-02 5.342302117e+01 5.819336950e+01
4.016993988e+04 7.791911168e-04 2.315529904e-02 5.341108222e+01 5.818037263e+01
4.025651303e+04 7.825714406e-04 2.319995924e-02 5.339914711e+01 5.816737970e+01
4.034308617e+04 7.859732021e-04 2.324481039e-02 5.338721583e+01 5.815439073e+01
4.042965932e+04 7.893965818e-04 2.328985371e-02 5.337528838e+01 5.814140570e+01
4.051623246e+04 7.928417625e-04 2.333509042e-02 5.336336477e+01 5.812842462e+01
4.060280561e+04 7.963089284e-04 2.338052178e-02 5.335144498e+01 5.811544750e+01
4.068937876e+04 7.997982658e-04 2.342614902e-02 5.333952901e+01 5.810247431e+01
4.077595190e+04 8.033099629e-04 2.347197342e-02 5.332761686e+01 5.808950507e+01
4.086252505e+04 8.068442153e-04 2.351799626e-02 5.331570852e+01 5.807653978e+01
4.094909820e+04 8.104012136e-04 2.356421882e-02 5.330380401e+01 5.806357843e+01
4.103567134e+04 8.139811514e-04 2.361064239e-02 5.329190330e+01 5.805062101e+01
4.112224449e+04 8.175842256e-04 2.365726829e-02 5.328000640e+01 5.803766754e+01
4.120881764e+04 8.212106348e-04 2.370409783e-02 5.326811330e+01 5.802471800e+01
4.129539078e+04 8.248605802e-04 2.375113234e-02 5.325622400e+01 5.801177240e+01
4.138196393e+04 8.285342646e-04 2.379837316e-02 5.324433851e+01 5.799883073e+01
4.146853707e+04 8.322318934e-04 2.384582165e-02 5.323245680e+01 5.798589300e+01
4.155511022e+04 8.359536739e-04 2.389347917e-02 5.322057889e+01 5.797295919e+01
4.164168337e+04 8.396998156e-04 2.394134709e-02 5.320870477e+01 5.796002932e+01
4.172825651e+04 8.434705359e-04 2.398942683e-02 5.319683443e+01 5.794710337e+01
4.181482966e+04 8.472660454e-04 2.403771977e-02 5.318496787e+01 5.793418134e+01
4.190140281e+04 8.510865612e-04 2.408622734e-02 5.317310508e+01 5.792126324e+01
4.198797595e+04 8.549323020e-04 2.413495095e-02 5.316124608e+01 5.790834906e+01
4.207454910e+04 8.588034895e-04 2.418389204e-02 5.314939084e+01 5.789543880e+01
4.216112224e+04 8.627003474e-04 2.423305207e-02 5.313753937e+01 5.788253245e+01
4.224769539e+04 8.666231019e-04 2.428243251e-02 5.312569166e+01 5.786963002e+01
4.233426854e+04 8.705719815e-04 2.433203482e-02 5.311384771e+01 5.785673149e+01
4.242084168e+04 8.745472175e-04 2.438186050e-02 5.310200752e+01 5.784383688e+01
4.250741483e+04 8.785490448e-04 2.443191107e-02 5.309017108e+01 5.783094618e+01
4.259398798e+04 8.825777061e-04 2.448218806e-02 5.307833839e+01 5.781805937e+01
4.268056112e+04 8.866334356e-04 2.453269299e-02 5.306650945e+01 5.780517647e+01
4.276713427e+04 8.907164754e-04 2.458342741e-02 5.305468425e+01 5.779229747e+01
4.285370741e+04 8.948270700e-04 2.463439287e-02 5.304286278e+01 5.777942237e+01
4.294028056e+04 8.989654666e-04 2.468559096e-02 5.303104505e+01 5.776655116e+01
4.302685371e+04 9.031319151e-04 2.473702325e-02 5.301923104e+01 5.775368385e+01
4.311342685e+04 9.073266682e-04 2.478869136e-02 5.300742076e+01 5.774082042e+01
4.320000000e+04 9.115499814e-04 2.484059690e-02 5.299561421e+01 5.772796087e+01
