time            Cj              Ck              shCj            shCk           
0.000000000e+00 1.000000000e+00 0.000000000e+00 0.000000000e+00 0.000000000e+00
8.657314629e+01 8.810363663e-01 4.868748386e-02 1.621610156e-05 9.150029197e-04
1.731462926e+02 7.940630625e-01 9.213979504e-02 1.299639492e-04 1.559692373e-03
2.597194389e+02 7.306467464e-01 1.319564453e-01 3.735970819e-04 2.131626680e-03
3.462925852e+02 6.846716536e-01 1.693602718e-01 7.403408703e-04 2.699455963e-03
4.328657315e+02 6.516975967e-01 2.052605364e-01 1.224680128e-03 3.297676515e-03
5.194388778e+02 6.284971928e-01 2.403146559e-01 1.828503723e-03 3.949054234e-03
6.060120240e+02 6.127223247e-01 2.749834835e-01 2.559600979e-03 4.672979137e-03
6.925851703e+02 6.026633709e-01 3.095782858e-01 3.430310987e-03 5.488607689e-03
7.791583166e+02 5.970750719e-01 3.442992409e-01 4.457007199e-03 6.416167517e-03
8.657314629e+02 5.950504683e-01 3.792661243e-01 5.660097824e-03 7.477684922e-03
9.523046092e+02 5.959293624e-01 4.145422198e-01 7.064253420e-03 8.697645364e-03
1.038877756e+03 5.992317362e-01 4.501525740e-01 8.698821273e-03 1.010359689e-02
1.125450902e+03 6.046092339e-01 4.860976544e-01 1.059835114e-02 1.172682392e-02
1.212024048e+03 6.118096704e-01 5.223633795e-01 1.280325509e-02 1.360306785e-02
1.298597194e+03 6.206511563e-01 5.589282767e-01 1.536059570e-02 1.577332256e-02
1.385170341e+03 6.310030850e-01 5.957684844e-01 1.832501886e-02 1.828472019e-02
1.471743487e+03 6.427722186e-01 6.328611019e-01 2.175983207e-02 2.119153379e-02
1.558316633e+03 6.558924828e-01 6.701863240e-01 2.573827433e-02 2.455628361e-02
1.644889780e+03 6.703175010e-01 7.077286841e-01 3.034490774e-02 2.845105168e-02
1.731462926e+03 6.860151287e-01 7.454776684e-01 3.567732000e-02 3.295885752e-02
1.818036072e+03 7.029634678e-01 7.834278898e-01 4.184792135e-02 3.817534040e-02
1.904609218e+03 7.211479687e-01 8.215789674e-01 4.898605345e-02 4.421054960e-02
1.991182365e+03 7.405593463e-01 8.599352293e-01 5.724034945e-02 5.119102786e-02
2.077755511e+03 7.611920711e-01 8.985052944e-01 6.678130712e-02 5.926208172e-02
2.164328657e+03 7.830432991e-01 9.373016076e-01 7.780421051e-02 6.859032112e-02
2.250901804e+03 8.061121361e-01 9.763399634e-01 9.053218865e-02 7.936651719e-02
2.337474950e+03 8.303991117e-01 1.015639037e+00 1.052196980e-01 9.180854011e-02
2.424048096e+03 8.559058345e-01 1.055219945e+00 1.221560339e-01 1.061647668e-01
2.510621242e+03 8.826347631e-01 1.095105839e+00 1.416690780e-01 1.227174523e-01
2.597194389e+03 9.105890645e-01 1.135321553e+00 1.641291101e-01 1.417864019e-01
2.683767535e+03 9.397725309e-01 1.175893275e+00 1.899524399e-01 1.637325674e-01
2.770340681e+03 9.701895376e-01 1.216848280e+00 2.196047822e-01 1.889615618e-01
2.856913828e+03 1.001845028e+00 1.258214690e+00 2.536040423e-01 2.179268557e-01
2.943486974e+03 1.034744516e+00 1.300021280e+00 2.925221653e-01 2.511323791e-01
3.030060120e+03 1.068894097e+00 1.342297307e+00 3.369856154e-01 2.891341943e-01
3.116633267e+03 1.104300466e+00 1.385072379e+00 3.876739369e-01 3.325408015e-01
3.203206413e+03 1.140970933e+00 1.428376341e+00 4.453157574e-01 3.820115411e-01
3.289779559e+03 1.178913445e+00 1.472239189e+00 5.106816311e-01 4.382525893e-01
3.376352705e+03 1.218136601e+00 1.516691003e+00 5.845727697e-01 5.020096459e-01
3.462925852e+03 1.258649660e+00 1.561761888e+00 6.678052218e-01 5.740569517e-01
3.549498998e+03 1.300462558e+00 1.607481939e+00 7.611887913e-01 6.551817909e-01
3.636072144e+03 1.343585908e+00 1.653881211e+00 8.655004282e-01 7.461639045e-01
3.722645291e+03 1.388031007e+00 1.700989700e+00 9.814521725e-01 8.477501086e-01
3.809218437e+03 1.433809833e+00 1.748837327e+00 1.109654471e+00 9.606235750e-01
3.895791583e+03 1.480935043e+00 1.797453937e+00 1.250576211e+00 1.085369220e+00
3.982364729e+03 1.529419968e+00 1.846869291e+00 1.404503695e+00 1.222436438e+00
4.068937876e+03 1.579278602e+00 1.897113072e+00 1.571501723e+00 1.372101309e+00
4.155511022e+03 1.630525594e+00 1.948214887e+00 1.751380300e+00 1.534431361e+00
4.242084168e+03 1.683176236e+00 2.000204275e+00 1.943670926e+00 1.709256175e+00
4.328657315e+03 1.737246449e+00 2.053110709e+00 2.147616046e+00 1.896147315e+00
4.415230461e+03 1.792752768e+00 2.106963609e+00 2.362174403e+00 2.094410671e+00
4.501803607e+03 1.849712323e+00 2.161792351e+00 2.586043539e+00 2.303093324e+00
4.588376754e+03 1.908142828e+00 2.217626270e+00 2.817698875e+00 2.521005688e+00
4.674949900e+03 1.968062559e+00 2.274494674e+00 3.055446799e+00 2.746757972e+00
4.761523046e+03 2.029490335e+00 2.332426847e+00 3.297487557e+00 2.978808380e+00
4.848096192e+03 2.092445500e+00 2.391452062e+00 3.541982584e+00 3.215519122e+00
4.934669339e+03 2.156947903e+00 2.451599581e+00 3.787120770e+00 3.455215621e+00
5.021242485e+03 2.223017877e+00 2.512898664e+00 4.031178260e+00 3.696244017e+00
5.107815631e+03 2.290676218e+00 2.575378577e+00 4.272568127e+00 3.937022884e+00
5.194388778e+03 2.359944164e+00 2.639068589e+00 4.509877158e+00 4.176085901e+00
5.280961924e+03 2.430843372e+00 2.703997980e+00 4.741889657e+00 4.412114200e+00
5.367535070e+03 2.503395895e+00 2.770196042e+00 4.967597489e+00 4.643956672e+00
5.454108216e+03 2.577624161e+00 2.837692077e+00 5.186199853e+00 4.870640348e+00
5.540681363e+03 2.653550950e+00 2.906515401e+00 5.397093755e+00 5.091371314e+00
5.627254509e+03 2.731199365e+00 2.976695339e+00 5.599857735e+00 5.305527781e+00
5.713827655e+03 2.810592814e+00 3.048261224e+00 5.794231779e+00 5.512647850e+00
5.800400802e+03 2.891754978e+00 3.121242394e+00 5.980095714e+00 5.712414281e+00
5.886973948e+03 2.974709794e+00 3.195668185e+00 6.157446463e+00 5.904636493e+00
5.973547094e+03 3.059481419e+00 3.271567927e+00 6.326376653e+00 6.089232433e+00
6.060120240e+03 3.146094211e+00 3.348970936e+00 6.487054950e+00 6.266210949e+00
6.146693387e+03 3.234572696e+00 3.427906507e+00 6.639708366e+00 6.435655090e+00
6.233266533e+03 3.324941546e+00 3.508403903e+00 6.784606966e+00 6.597706999e+00
6.319839679e+03 3.417225542e+00 3.590492345e+00 6.922050926e+00 6.752554565e+00
6.406412826e+03 3.511449552e+00 3.674201001e+00 7.052359801e+00 6.900419874e+00
6.492985972e+03 3.607638496e+00 3.759558972e+00 7.175863807e+00 7.041549427e+00
6.579559118e+03 3.705817317e+00 3.846595279e+00 7.292896885e+00 7.176205969e+00
6.666132265e+03 3.806010950e+00 3.935338849e+00 7.403791304e+00 7.304661829e+00
6.752705411e+03 3.908244286e+00 4.025818494e+00 7.508873527e+00 7.427193510e+00
6.839278557e+03 4.012542146e+00 4.118062901e+00 7.608461184e+00 7.544077455e+00
6.925851703e+03 4.118929237e+00 4.212100608e+00 7.702860889e+00 7.655586718e+00
7.012424850e+03 4.227430127e+00 4.307959985e+00 7.792366785e+00 7.761988465e+00
7.098997996e+03 4.338069204e+00 4.405669217e+00 7.877259486e+00 7.863541995e+00
7.185571142e+03 4.450870640e+00 4.505256275e+00 7.957805812e+00 7.960497610e+00
7.272144289e+03 4.565858357e+00 4.606748902e+00 8.034258456e+00 8.053095546e+00
7.358717435e+03 4.683055987e+00 4.710174582e+00 8.106856211e+00 8.141565560e+00
7.445290581e+03 4.802486835e+00 4.815560520e+00 8.175824164e+00 8.226126565e+00
7.531863727e+03 4.924173839e+00 4.922933611e+00 8.241374104e+00 8.306986533e+00
7.618436874e+03 5.048139531e+00 5.032320416e+00 8.303705099e+00 8.384342668e+00
7.705010020e+03 5.174405996e+00 5.143747137e+00 8.363004140e+00 8.458381716e+00
7.791583166e+03 5.302994833e+00 5.257239581e+00 8.419446447e+00 8.529279922e+00
7.878156313e+03 5.433927111e+00 5.372823134e+00 8.473196410e+00 8.597203758e+00
7.964729459e+03 5.567223332e+00 5.490522733e+00 8.524408063e+00 8.662310158e+00
8.051302605e+03 5.702903382e+00 5.610362829e+00 8.573225777e+00 8.724747057e+00
8.137875752e+03 5.840986493e+00 5.732367357e+00 8.619784668e+00 8.784653616e+00
8.224448898e+03 5.981491198e+00 5.856559706e+00 8.664211407e+00 8.842160927e+00
8.311022044e+03 6.124435292e+00 5.982962679e+00 8.706624660e+00 8.897392357e+00
8.397595190e+03 6.269835780e+00 6.111598464e+00 8.747135625e+00 8.950463989e+00
8.484168337e+03 6.417708842e+00 6.242488595e+00 8.785848438e+00 9.001484953e+00
8.570741483e+03 6.568069785e+00 6.375653919e+00 8.822860822e+00 9.050558039e+00
8.657314629e+03 6.720933002e+00 6.511114561e+00 8.858264379e+00 9.097779929e+00
8.743887776e+03 6.876311924e+00 6.648889881e+00 8.892145074e+00 9.143241657e+00
8.830460922e+03 7.034218981e+00 6.788998446e+00 8.924583530e+00 9.187028859e+00
8.917034068e+03 7.194665558e+00 6.931457987e+00 8.955655492e+00 9.229222236e+00
9.003607214e+03 7.357661952e+00 7.076285363e+00 8.985432092e+00 9.269897787e+00
9.090180361e+03 7.523217333e+00 7.223496530e+00 9.013980188e+00 9.309127147e+00
9.176753507e+03 7.691339693e+00 7.373106490e+00 9.041362662e+00 9.346977874e+00
9.263326653e+03 7.862035818e+00 7.525129266e+00 9.067638588e+00 9.383513600e+00
9.349899800e+03 8.035311239e+00 7.679577861e+00 9.092863625e+00 9.418794440e+00
9.436472946e+03 8.211170198e+00 7.836464221e+00 9.117090161e+00 9.452877122e+00
9.523046092e+03 8.389615611e+00 7.995799201e+00 9.140367559e+00 9.485815237e+00
9.609619238e+03 8.570649021e+00 8.157592523e+00 9.162742357e+00 9.517659443e+00
9.696192385e+03 8.754270577e+00 8.321852746e+00 9.184258377e+00 9.548457567e+00
9.782765531e+03 8.940478988e+00 8.488587231e+00 9.204957012e+00 9.578254906e+00
9.869338677e+03 9.129271500e+00 8.657802108e+00 9.224877324e+00 9.607094322e+00
9.955911824e+03 9.320643867e+00 8.829502246e+00 9.244056191e+00 9.635016394e+00
1.004248497e+04 9.514590298e+00 9.003691204e+00 9.262528466e+00 9.662059582e+00
1.012905812e+04 9.711103462e+00 9.180371223e+00 9.280327132e+00 9.688260386e+00
1.021563126e+04 9.910174444e+00 9.359543185e+00 9.297483258e+00 9.713653298e+00
1.030220441e+04 1.011179273e+01 9.541206586e+00 9.314026341e+00 9.738271161e+00
1.038877756e+04 1.031594617e+01 9.725359512e+00 9.329984277e+00 9.762145136e+00
1.047535070e+04 1.052262100e+01 9.911998609e+00 9.345383482e+00 9.785304829e+00
1.056192385e+04 1.073180176e+01 1.010111907e+01 9.360248942e+00 9.807778339e+00
1.064849699e+04 1.094347134e+01 1.029271458e+01 9.374604391e+00 9.829592449e+00
1.073507014e+04 1.115761095e+01 1.048677737e+01 9.388472304e+00 9.850772614e+00
1.082164329e+04 1.137420009e+01 1.068329810e+01 9.401873995e+00 9.871343067e+00
1.090821643e+04 1.159321660e+01 1.088226593e+01 9.414829700e+00 9.891326900e+00
1.099478958e+04 1.181463659e+01 1.108366847e+01 9.427358642e+00 9.910746138e+00
1.108136273e+04 1.203843447e+01 1.128749176e+01 9.439479052e+00 9.929621754e+00
1.116793587e+04 1.226458297e+01 1.149372025e+01 9.451208191e+00 9.947973700e+00
1.125450902e+04 1.249305311e+01 1.170233686e+01 9.462562564e+00 9.965821124e+00
1.134108216e+04 1.272381424e+01 1.191332289e+01 9.473557831e+00 9.983182273e+00
1.142765531e+04 1.295683405e+01 1.212665808e+01 9.484208860e+00 1.000007456e+01
1.151422846e+04 1.319207856e+01 1.234232058e+01 9.494529803e+00 1.001651463e+01
1.160080160e+04 1.342951218e+01 1.256028698e+01 9.504534143e+00 1.003251842e+01
1.168737475e+04 1.366909769e+01 1.278053230e+01 9.514234696e+00 1.004810116e+01
1.177394790e+04 1.391079627e+01 1.300302998e+01 9.523643672e+00 1.006327741e+01
1.186052104e+04 1.415456754e+01 1.322775189e+01 9.532772731e+00 1.007806117e+01
1.194709419e+04 1.440036961e+01 1.345466842e+01 9.541632919e+00 1.009246576e+01
1.203366733e+04 1.464815908e+01 1.368374841e+01 9.550234816e+00 1.010650401e+01
1.212024048e+04 1.489789110e+01 1.391495920e+01 9.558588497e+00 1.012018821e+01
1.220681363e+04 1.514951939e+01 1.414826667e+01 9.566703575e+00 1.013353012e+01
1.229338677e+04 1.540299629e+01 1.438363523e+01 9.574589209e+00 1.014654104e+01
1.237995992e+04 1.565827281e+01 1.462102789e+01 9.582254152e+00 1.015923181e+01
1.246653307e+04 1.591529866e+01 1.486040624e+01 9.589706754e+00 1.017161285e+01
1.255310621e+04 1.617402233e+01 1.510173052e+01 9.596954986e+00 1.018369414e+01
1.263967936e+04 1.643439113e+01 1.534495966e+01 9.604006466e+00 1.019548529e+01
1.272625251e+04 1.669635123e+01 1.559005131e+01 9.610868471e+00 1.020699552e+01
1.281282565e+04 1.695984776e+01 1.583696188e+01 9.617547963e+00 1.021823372e+01
1.289939880e+04 1.722482476e+01 1.608564651e+01 9.624051615e+00 1.022920844e+01
1.298597194e+04 1.749122537e+01 1.633605923e+01 9.630385745e+00 1.023992785e+01
1.307254509e+04 1.775899175e+01 1.658815290e+01 9.636556449e+00 1.025039985e+01
1.315911824e+04 1.802806565e+01 1.684187965e+01 9.642569521e+00 1.026063202e+01
1.324569138e+04 1.829838727e+01 1.709718994e+01 9.648430570e+00 1.027063173e+01
1.333226453e+04 1.856989678e+01 1.735403382e+01 9.654144910e+00 1.028040600e+01
1.341883768e+04 1.884253347e+01 1.761236024e+01 9.659717650e+00 1.028996163e+01
1.350541082e+04 1.911623610e+01 1.787211732e+01 9.665153671e+00 1.029930515e+01
1.359198397e+04 1.939094292e+01 1.813325233e+01 9.670457662e+00 1.030844287e+01
1.367855711e+04 1.966659179e+01 1.839571189e+01 9.675634110e+00 1.031738086e+01
1.376513026e+04 1.994312047e+01 1.865944211e+01 9.680687299e+00 1.032612497e+01
1.385170341e+04 2.022046568e+01 1.892438785e+01 9.685621382e+00 1.033468089e+01
1.393827655e+04 2.049856464e+01 1.919049401e+01 9.690440293e+00 1.034305404e+01
1.402484970e+04 2.077735419e+01 1.945770481e+01 9.695147860e+00 1.035124973e+01
1.411142285e+04 2.105677101e+01 1.972596392e+01 9.699747693e+00 1.035927300e+01
1.419799599e+04 2.133675218e+01 1.999521503e+01 9.704243281e+00 1.036712875e+01
1.428456914e+04 2.161723415e+01 2.026540086e+01 9.708637992e+00 1.037482172e+01
1.437114228e+04 2.189815393e+01 2.053646429e+01 9.712935077e+00 1.038235654e+01
1.445771543e+04 2.217944886e+01 2.080834811e+01 9.717137578e+00 1.038973755e+01
1.454428858e+04 2.246105617e+01 2.108099466e+01 9.721248509e+00 1.039696908e+01
1.463086172e+04 2.274291355e+01 2.135434630e+01 9.725270665e+00 1.040405519e+01
1.471743487e+04 2.302495900e+01 2.162834534e+01 9.729206874e+00 1.041099994e+01
1.480400802e+04 2.330713185e+01 2.190293494e+01 9.733059704e+00 1.041780712e+01
1.489058116e+04 2.358937016e+01 2.217805671e+01 9.736831743e+00 1.042448051e+01
1.497715431e+04 2.387161391e+01 2.245365370e+01 9.740525412e+00 1.043102370e+01
1.506372745e+04 2.415380328e+01 2.272966878e+01 9.744143045e+00 1.043744016e+01
1.515030060e+04 2.443587914e+01 2.300604512e+01 9.747686938e+00 1.044373329e+01
1.523687375e+04 2.471778320e+01 2.328272629e+01 9.751159243e+00 1.044990635e+01
1.532344689e+04 2.499945769e+01 2.355965605e+01 9.754562074e+00 1.045596250e+01
1.541002004e+04 2.528084578e+01 2.383677869e+01 9.757897411e+00 1.046190478e+01
1.549659319e+04 2.556189132e+01 2.411403875e+01 9.761167257e+00 1.046773619e+01
1.558316633e+04 2.584254016e+01 2.439138246e+01 9.764373424e+00 1.047345955e+01
1.566973948e+04 2.612273719e+01 2.466875468e+01 9.767517763e+00 1.047907768e+01
1.575631263e+04 2.640242934e+01 2.494610198e+01 9.770601982e+00 1.048459325e+01
1.584288577e+04 2.668156466e+01 2.522337162e+01 9.773627784e+00 1.049000887e+01
1.592945892e+04 2.696009224e+01 2.550051159e+01 9.776596772e+00 1.049532707e+01
1.601603206e+04 2.723796075e+01 2.577746911e+01 9.779510540e+00 1.050055033e+01
1.610260521e+04 2.751512412e+01 2.605419639e+01 9.782370521e+00 1.050568091e+01
1.618917836e+04 2.779153195e+01 2.633064086e+01 9.785178233e+00 1.051072123e+01
1.627575150e+04 2.806713708e+01 2.660675286e+01 9.787935099e+00 1.051567352e+01
1.636232465e+04 2.834189769e+01 2.688248806e+01 9.790642387e+00 1.052053982e+01
1.644889780e+04 2.861576583e+01 2.715779525e+01 9.793301474e+00 1.052532234e+01
1.653547094e+04 2.888869996e+01 2.743262968e+01 9.795913598e+00 1.053002306e+01
1.662204409e+04 2.916065762e+01 2.770694524e+01 9.798479988e+00 1.053464398e+01
1.670861723e+04 2.943159838e+01 2.798069765e+01 9.801001824e+00 1.053918700e+01
1.679519038e+04 2.970148263e+01 2.825384316e+01 9.803480284e+00 1.054365403e+01
1.688176353e+04 2.997027262e+01 2.852633970e+01 9.805916412e+00 1.054804679e+01
1.696833667e+04 3.023793094e+01 2.879814520e+01 9.808311309e+00 1.055236708e+01
1.705490982e+04 3.050442200e+01 2.906921924e+01 9.810666001e+00 1.055661658e+01
1.714148297e+04 3.076971136e+01 2.933952235e+01 9.812981463e+00 1.056079693e+01
1.722805611e+04 3.103376559e+01 2.960901581e+01 9.815258707e+00 1.056490977e+01
1.731462926e+04 3.129655389e+01 2.987766359e+01 9.817498603e+00 1.056895658e+01
1.740120240e+04 3.155804399e+01 3.014542758e+01 9.819702142e+00 1.057293897e+01
1.748777555e+04 3.181820711e+01 3.041227329e+01 9.821870147e+00 1.057685835e+01
1.757434870e+04 3.207701494e+01 3.067816649e+01 9.824003476e+00 1.058071615e+01
1.766092184e+04 3.233444031e+01 3.094307390e+01 9.826102966e+00 1.058451377e+01
1.774749499e+04 3.259045765e+01 3.120696377e+01 9.828169395e+00 1.058825254e+01
1.783406814e+04 3.284504220e+01 3.146980498e+01 9.830203550e+00 1.059193379e+01
1.792064128e+04 3.309817045e+01 3.173156754e+01 9.832206169e+00 1.059555876e+01
1.800721443e+04 3.334982024e+01 3.199222279e+01 9.834177991e+00 1.059912872e+01
1.809378758e+04 3.359997034e+01 3.225174278e+01 9.836119703e+00 1.060264485e+01
1.818036072e+04 3.384860080e+01 3.251010086e+01 9.838032029e+00 1.060610835e+01
1.826693387e+04 3.409569270e+01 3.276727126e+01 9.839915595e+00 1.060952034e+01
1.835350701e+04 3.434122855e+01 3.302322973e+01 9.841771046e+00 1.061288191e+01
1.844008016e+04 3.458519136e+01 3.327795221e+01 9.843599014e+00 1.061619415e+01
1.852665331e+04 3.482756554e+01 3.353141619e+01 9.845400119e+00 1.061945812e+01
1.861322645e+04 3.506833663e+01 3.378360019e+01 9.847174933e+00 1.062267483e+01
1.869979960e+04 3.530749113e+01 3.403448370e+01 9.848924030e+00 1.062584527e+01
1.878637275e+04 3.554501633e+01 3.428404688e+01 9.850647974e+00 1.062897041e+01
1.887294589e+04 3.578090079e+01 3.453227123e+01 9.852347307e+00 1.063205120e+01
1.895951904e+04 3.601513382e+01 3.477913897e+01 9.854022523e+00 1.063508852e+01
1.904609218e+04 3.624770591e+01 3.502463357e+01 9.855674161e+00 1.063808329e+01
1.913266533e+04 3.647860814e+01 3.526873895e+01 9.857302708e+00 1.064103638e+01
1.921923848e+04 3.670783263e+01 3.551144012e+01 9.858908651e+00 1.064394864e+01
1.930581162e+04 3.693537261e+01 3.575272348e+01 9.860492471e+00 1.064682089e+01
1.939238477e+04 3.716122171e+01 3.599257545e+01 9.862054593e+00 1.064965391e+01
1.947895792e+04 3.738537470e+01 3.623098390e+01 9.863595471e+00 1.065244850e+01
1.956553106e+04 3.760782696e+01 3.646793723e+01 9.865115536e+00 1.065520542e+01
1.965210421e+04 3.782857484e+01 3.670342490e+01 9.866615220e+00 1.065792541e+01
1.973867735e+04 3.804761536e+01 3.693743709e+01 9.868094933e+00 1.066060922e+01
1.982525050e+04 3.826494619e+01 3.716996467e+01 9.869555058e+00 1.066325753e+01
1.991182365e+04 3.848056573e+01 3.740099930e+01 9.870995981e+00 1.066587102e+01
1.999839679e+04 3.869447302e+01 3.763053334e+01 9.872418085e+00 1.066845037e+01
2.008496994e+04 3.890666784e+01 3.785855995e+01 9.873821738e+00 1.067099624e+01
2.017154309e+04 3.911715044e+01 3.808507281e+01 9.875207300e+00 1.067350928e+01
2.025811623e+04 3.932592197e+01 3.831006662e+01 9.876575117e+00 1.067599009e+01
2.034468938e+04 3.953298407e+01 3.853353663e+01 9.877925531e+00 1.067843929e+01
2.043126253e+04 3.973833901e+01 3.875547879e+01 9.879258869e+00 1.068085747e+01
2.051783567e+04 3.994198952e+01 3.897588960e+01 9.880575453e+00 1.068324521e+01
2.060440882e+04 4.014393882e+01 3.919476612e+01 9.881875601e+00 1.068560306e+01
2.069098196e+04 4.034419066e+01 3.941210603e+01 9.883159617e+00 1.068793159e+01
2.077755511e+04 4.054274926e+01 3.962790759e+01 9.884427799e+00 1.069023133e+01
2.086412826e+04 4.073961935e+01 3.984216961e+01 9.885680442e+00 1.069250280e+01
2.095070140e+04 4.093480610e+01 4.005489148e+01 9.886917829e+00 1.069474651e+01
2.103727455e+04 4.112831510e+01 4.026607309e+01 9.888140239e+00 1.069696298e+01
2.112384770e+04 4.132015238e+01 4.047571484e+01 9.889347943e+00 1.069915268e+01
2.121042084e+04 4.151032435e+01 4.068381764e+01 9.890541204e+00 1.070131610e+01
2.129699399e+04 4.169883775e+01 4.089038280e+01 9.891720280e+00 1.070345369e+01
2.138356713e+04 4.188569974e+01 4.109541216e+01 9.892885424e+00 1.070556592e+01
2.147014028e+04 4.207091777e+01 4.129890794e+01 9.894036881e+00 1.070765323e+01
2.155671343e+04 4.225449966e+01 4.150087283e+01 9.895174893e+00 1.070971606e+01
2.164328657e+04 4.243645350e+01 4.170130989e+01 9.896299692e+00 1.071175482e+01
2.172985972e+04 4.261678768e+01 4.190022258e+01 9.897411509e+00 1.071376994e+01
2.181643287e+04 4.279551086e+01 4.209761472e+01 9.898510567e+00 1.071576182e+01
2.190300601e+04 4.297263195e+01 4.229349050e+01 9.899597086e+00 1.071773086e+01
2.198957916e+04 4.314816010e+01 4.248785441e+01 9.900671280e+00 1.071967745e+01
2.207615230e+04 4.332210471e+01 4.268071133e+01 9.901733357e+00 1.072160196e+01
2.216272545e+04 4.349447539e+01 4.287206642e+01 9.902783521e+00 1.072350477e+01
2.224929860e+04 4.366528195e+01 4.306192516e+01 9.903821972e+00 1.072538624e+01
2.233587174e+04 4.383453442e+01 4.325029330e+01 9.904848906e+00 1.072724672e+01
2.242244489e+04 4.400224298e+01 4.343717689e+01 9.905864512e+00 1.072908657e+01
2.250901804e+04 4.416841800e+01 4.362258224e+01 9.906868977e+00 1.073090612e+01
2.259559118e+04 4.433306999e+01 4.380651589e+01 9.907862485e+00 1.073270570e+01
2.268216433e+04 4.449620959e+01 4.398898462e+01 9.908845214e+00 1.073448564e+01
2.276873747e+04 4.465784760e+01 4.416999545e+01 9.909817338e+00 1.073624626e+01
2.285531062e+04 4.481799493e+01 4.434955561e+01 9.910779030e+00 1.073798787e+01
2.294188377e+04 4.497666260e+01 4.452767252e+01 9.911730455e+00 1.073971077e+01
2.302845691e+04 4.513386173e+01 4.470435380e+01 9.912671777e+00 1.074141527e+01
2.311503006e+04 4.528960351e+01 4.487960723e+01 9.913603156e+00 1.074310165e+01
2.320160321e+04 4.544389927e+01 4.505344082e+01 9.914524750e+00 1.074477020e+01
2.328817635e+04 4.559676037e+01 4.522586267e+01 9.915436712e+00 1.074642120e+01
2.337474950e+04 4.574819822e+01 4.539688105e+01 9.916339192e+00 1.074805492e+01
2.346132265e+04 4.589822434e+01 4.556650441e+01 9.917232337e+00 1.074967164e+01
2.354789579e+04 4.604685028e+01 4.573474131e+01 9.918116293e+00 1.075127162e+01
2.363446894e+04 4.619408761e+01 4.590160042e+01 9.918991199e+00 1.075285512e+01
2.372104208e+04 4.633994797e+01 4.606709053e+01 9.919857195e+00 1.075442238e+01
2.380761523e+04 4.648444301e+01 4.623122057e+01 9.920714415e+00 1.075597365e+01
2.389418838e+04 4.662758441e+01 4.639399953e+01 9.921562993e+00 1.075750919e+01
2.398076152e+04 4.676938385e+01 4.655543652e+01 9.922403059e+00 1.075902922e+01
2.406733467e+04 4.690985305e+01 4.671554073e+01 9.923234739e+00 1.076053398e+01
2.415390782e+04 4.704900370e+01 4.687432141e+01 9.924058159e+00 1.076202369e+01
2.424048096e+04 4.718684751e+01 4.703178788e+01 9.924873442e+00 1.076349859e+01
2.432705411e+04 4.732339618e+01 4.718794956e+01 9.925680707e+00 1.076495889e+01
2.441362725e+04 4.745866139e+01 4.734281590e+01 9.926480072e+00 1.076640480e+01
2.450020040e+04 4.759265480e+01 4.749639639e+01 9.927271653e+00 1.076783653e+01
2.458677355e+04 4.772538807e+01 4.764870059e+01 9.928055563e+00 1.076925431e+01
2.467334669e+04 4.785687282e+01 4.779973810e+01 9.928831911e+00 1.077065831e+01
2.475991984e+04 4.798712062e+01 4.794951853e+01 9.929600809e+00 1.077204875e+01
2.484649299e+04 4.811614304e+01 4.809805152e+01 9.930362361e+00 1.077342583e+01
2.493306613e+04 4.824395162e+01 4.824534678e+01 9.931116673e+00 1.077478972e+01
2.501963928e+04 4.837055780e+01 4.839141399e+01 9.931863848e+00 1.077614062e+01
2.510621242e+04 4.849597303e+01 4.853626285e+01 9.932603986e+00 1.077747872e+01
2.519278557e+04 4.862020871e+01 4.867990310e+01 9.933337186e+00 1.077880419e+01
2.527935872e+04 4.874327616e+01 4.882234447e+01 9.934063545e+00 1.078011721e+01
2.536593186e+04 4.886518666e+01 4.896359666e+01 9.934783158e+00 1.078141796e+01
2.545250501e+04 4.898595145e+01 4.910366942e+01 9.935496120e+00 1.078270661e+01
2.553907816e+04 4.910558168e+01 4.924257247e+01 9.936202520e+00 1.078398332e+01
2.562565130e+04 4.922408846e+01 4.938031551e+01 9.936902451e+00 1.078524826e+01
2.571222445e+04 4.934148283e+01 4.951690823e+01 9.937595999e+00 1.078650159e+01
2.579879760e+04 4.945777578e+01 4.965236033e+01 9.938283252e+00 1.078774347e+01
2.588537074e+04 4.957297820e+01 4.978668145e+01 9.938964295e+00 1.078897406e+01
2.597194389e+04 4.968710093e+01 4.991988123e+01 9.939639211e+00 1.079019351e+01
2.605851703e+04 4.980015476e+01 5.005196930e+01 9.940308084e+00 1.079140196e+01
2.614509018e+04 4.991215038e+01 5.018295523e+01 9.940970992e+00 1.079259957e+01
2.623166333e+04 5.002309839e+01 5.031284857e+01 9.941628017e+00 1.079378649e+01
2.631823647e+04 5.013300934e+01 5.044165883e+01 9.942279235e+00 1.079496284e+01
2.640480962e+04 5.024189372e+01 5.056939551e+01 9.942924724e+00 1.079612878e+01
2.649138277e+04 5.034976191e+01 5.069606804e+01 9.943564557e+00 1.079728444e+01
2.657795591e+04 5.045662421e+01 5.082168582e+01 9.944198810e+00 1.079842996e+01
2.666452906e+04 5.056249086e+01 5.094625823e+01 9.944827555e+00 1.079956547e+01
2.675110220e+04 5.066737201e+01 5.106979458e+01 9.945450862e+00 1.080069110e+01
2.683767535e+04 5.077127773e+01 5.119230413e+01 9.946068803e+00 1.080180697e+01
2.692424850e+04 5.087421800e+01 5.131379611e+01 9.946681445e+00 1.080291322e+01
2.701082164e+04 5.097620274e+01 5.143427971e+01 9.947288858e+00 1.080400996e+01
2.709739479e+04 5.107724175e+01 5.155376404e+01 9.947891106e+00 1.080509732e+01
2.718396794e+04 5.117734478e+01 5.167225817e+01 9.948488256e+00 1.080617543e+01
2.727054108e+04 5.127652146e+01 5.178977112e+01 9.949080372e+00 1.080724438e+01
2.735711423e+04 5.137478138e+01 5.190631187e+01 9.949667518e+00 1.080830431e+01
2.744368737e+04 5.147213402e+01 5.202188932e+01 9.950249754e+00 1.080935532e+01
2.753026052e+04 5.156858875e+01 5.213651231e+01 9.950827144e+00 1.081039753e+01
2.761683367e+04 5.166415489e+01 5.225018964e+01 9.951399745e+00 1.081143105e+01
2.770340681e+04 5.175884168e+01 5.236293005e+01 9.951967619e+00 1.081245598e+01
2.778997996e+04 5.185265824e+01 5.247474222e+01 9.952530822e+00 1.081347243e+01
2.787655311e+04 5.194561362e+01 5.258563474e+01 9.953089413e+00 1.081448051e+01
2.796312625e+04 5.203771679e+01 5.269561620e+01 9.953643447e+00 1.081548032e+01
2.804969940e+04 5.212897664e+01 5.280469507e+01 9.954192979e+00 1.081647195e+01
2.813627255e+04 5.221940195e+01 5.291287978e+01 9.954738065e+00 1.081745551e+01
2.822284569e+04 5.230900142e+01 5.302017869e+01 9.955278758e+00 1.081843110e+01
2.830941884e+04 5.239778368e+01 5.312660010e+01 9.955815111e+00 1.081939882e+01
2.839599198e+04 5.248575727e+01 5.323215228e+01 9.956347174e+00 1.082035875e+01
2.848256513e+04 5.257293064e+01 5.333684337e+01 9.956875001e+00 1.082131099e+01
2.856913828e+04 5.265931215e+01 5.344068148e+01 9.957398640e+00 1.082225563e+01
2.865571142e+04 5.274491008e+01 5.354367465e+01 9.957918141e+00 1.082319277e+01
2.874228457e+04 5.282973263e+01 5.364583087e+01 9.958433553e+00 1.082412249e+01
2.882885772e+04 5.291378792e+01 5.374715806e+01 9.958944924e+00 1.082504487e+01
2.891543086e+04 5.299708397e+01 5.384766405e+01 9.959452301e+00 1.082596002e+01
2.900200401e+04 5.307962873e+01 5.394735662e+01 9.959955731e+00 1.082686800e+01
2.908857715e+04 5.316143006e+01 5.404624348e+01 9.960455258e+00 1.082776891e+01
2.917515030e+04 5.324249576e+01 5.414433230e+01 9.960950929e+00 1.082866282e+01
2.926172345e+04 5.332283351e+01 5.424163064e+01 9.961442787e+00 1.082954982e+01
2.934829659e+04 5.340245094e+01 5.433814602e+01 9.961930877e+00 1.083042998e+01
2.943486974e+04 5.348135558e+01 5.443388589e+01 9.962415240e+00 1.083130339e+01
2.952144289e+04 5.355955490e+01 5.452885763e+01 9.962895920e+00 1.083217012e+01
2.960801603e+04 5.363705626e+01 5.462306857e+01 9.963372959e+00 1.083303025e+01
2.969458918e+04 5.371386698e+01 5.471652594e+01 9.963846396e+00 1.083388385e+01
2.978116232e+04 5.378999426e+01 5.480923693e+01 9.964316273e+00 1.083473100e+01
2.986773547e+04 5.386544526e+01 5.490120866e+01 9.964782629e+00 1.083557176e+01
2.995430862e+04 5.394022703e+01 5.499244819e+01 9.965245505e+00 1.083640622e+01
3.004088176e+04 5.401434658e+01 5.508296250e+01 9.965704937e+00 1.083723444e+01
3.012745491e+04 5.408781080e+01 5.517275851e+01 9.966160965e+00 1.083805648e+01
3.021402806e+04 5.416062653e+01 5.526184307e+01 9.966613626e+00 1.083887243e+01
3.030060120e+04 5.423280054e+01 5.535022298e+01 9.967062957e+00 1.083968234e+01
3.038717435e+04 5.430433951e+01 5.543790498e+01 9.967508995e+00 1.084048629e+01
3.047374749e+04 5.437525006e+01 5.552489571e+01 9.967951775e+00 1.084128433e+01
3.056032064e+04 5.444553872e+01 5.561120179e+01 9.968391332e+00 1.084207654e+01
3.064689379e+04 5.451521196e+01 5.569682973e+01 9.968827702e+00 1.084286297e+01
3.073346693e+04 5.458427619e+01 5.578178603e+01 9.969260920e+00 1.084364369e+01
3.082004008e+04 5.465273772e+01 5.586607708e+01 9.969691017e+00 1.084441877e+01
3.090661323e+04 5.472060281e+01 5.594970923e+01 9.970118030e+00 1.084518825e+01
3.099318637e+04 5.478787764e+01 5.603268876e+01 9.970541989e+00 1.084595220e+01
3.107975952e+04 5.485456834e+01 5.611502191e+01 9.970962928e+00 1.084671069e+01
3.116633267e+04 5.492068093e+01 5.619671482e+01 9.971380879e+00 1.084746376e+01
3.125290581e+04 5.498622142e+01 5.627777360e+01 9.971795872e+00 1.084821148e+01
3.133947896e+04 5.505119570e+01 5.635820429e+01 9.972207940e+00 1.084895390e+01
3.142605210e+04 5.511560962e+01 5.643801286e+01 9.972617113e+00 1.084969108e+01
3.151262525e+04 5.517946896e+01 5.651720524e+01 9.973023421e+00 1.085042308e+01
3.159919840e+04 5.524277945e+01 5.659578728e+01 9.973426894e+00 1.085114994e+01
3.168577154e+04 5.530554671e+01 5.667376478e+01 9.973827561e+00 1.085187172e+01
3.177234469e+04 5.536777635e+01 5.675114349e+01 9.974225452e+00 1.085258848e+01
3.185891784e+04 5.542947389e+01 5.682792908e+01 9.974620595e+00 1.085330027e+01
3.194549098e+04 5.549064478e+01 5.690412718e+01 9.975013018e+00 1.085400713e+01
3.203206413e+04 5.555129443e+01 5.697974337e+01 9.975402748e+00 1.085470912e+01
3.211863727e+04 5.561142816e+01 5.705478314e+01 9.975789814e+00 1.085540628e+01
3.220521042e+04 5.567105127e+01 5.712925196e+01 9.976174243e+00 1.085609868e+01
3.229178357e+04 5.573016896e+01 5.720315522e+01 9.976556061e+00 1.085678635e+01
3.237835671e+04 5.578878640e+01 5.727649828e+01 9.976935294e+00 1.085746934e+01
3.246492986e+04 5.584690868e+01 5.734928640e+01 9.977311969e+00 1.085814771e+01
3.255150301e+04 5.590454084e+01 5.742152483e+01 9.977686111e+00 1.085882149e+01
3.263807615e+04 5.596168787e+01 5.749321876e+01 9.978057745e+00 1.085949074e+01
3.272464930e+04 5.601835470e+01 5.756437329e+01 9.978426897e+00 1.086015550e+01
3.281122244e+04 5.607454619e+01 5.763499352e+01 9.978793591e+00 1.086081581e+01
3.289779559e+04 5.613026716e+01 5.770508445e+01 9.979157851e+00 1.086147171e+01
3.298436874e+04 5.618552238e+01 5.777465105e+01 9.979519702e+00 1.086212326e+01
3.307094188e+04 5.624031654e+01 5.784369825e+01 9.979879166e+00 1.086277050e+01
3.315751503e+04 5.629465431e+01 5.791223091e+01 9.980236268e+00 1.086341346e+01
3.324408818e+04 5.634854028e+01 5.798025383e+01 9.980591031e+00 1.086405219e+01
3.333066132e+04 5.640197900e+01 5.804777179e+01 9.980943476e+00 1.086468673e+01
3.341723447e+04 5.645497496e+01 5.811478949e+01 9.981293627e+00 1.086531713e+01
3.350380762e+04 5.650753262e+01 5.818131161e+01 9.981641506e+00 1.086594341e+01
3.359038076e+04 5.655965637e+01 5.824734276e+01 9.981987135e+00 1.086656563e+01
3.367695391e+04 5.661135054e+01 5.831288751e+01 9.982330535e+00 1.086718381e+01
3.376352705e+04 5.666261944e+01 5.837795037e+01 9.982671728e+00 1.086779801e+01
3.385010020e+04 5.671346731e+01 5.844253582e+01 9.983010734e+00 1.086840825e+01
3.393667335e+04 5.676389835e+01 5.850664828e+01 9.983347575e+00 1.086901458e+01
3.402324649e+04 5.681391671e+01 5.857029213e+01 9.983682270e+00 1.086961704e+01
3.410981964e+04 5.686352649e+01 5.863347171e+01 9.984014842e+00 1.087021565e+01
3.419639279e+04 5.691273175e+01 5.869619130e+01 9.984345308e+00 1.087081046e+01
3.428296593e+04 5.696153650e+01 5.875845514e+01 9.984673689e+00 1.087140149e+01
3.436953908e+04 5.700994470e+01 5.882026743e+01 9.985000005e+00 1.087198880e+01
3.445611222e+04 5.705796028e+01 5.888163232e+01 9.985324275e+00 1.087257241e+01
3.454268537e+04 5.710558711e+01 5.894255393e+01 9.985646518e+00 1.087315236e+01
3.462925852e+04 5.715282902e+01 5.900303631e+01 9.985966752e+00 1.087372867e+01
3.471583166e+04 5.719968980e+01 5.906308349e+01 9.986284997e+00 1.087430140e+01
3.480240481e+04 5.724617320e+01 5.912269946e+01 9.986601270e+00 1.087487056e+01
3.488897796e+04 5.729228292e+01 5.918188814e+01 9.986915590e+00 1.087543619e+01
3.497555110e+04 5.733802262e+01 5.924065344e+01 9.987227975e+00 1.087599832e+01
3.506212425e+04 5.738339591e+01 5.929899921e+01 9.987538442e+00 1.087655699e+01
3.514869739e+04 5.742840639e+01 5.935692927e+01 9.987847008e+00 1.087711223e+01
3.523527054e+04 5.747305759e+01 5.941444738e+01 9.988153692e+00 1.087766406e+01
3.532184369e+04 5.751735301e+01 5.947155730e+01 9.988458509e+00 1.087821253e+01
3.540841683e+04 5.756129610e+01 5.952826271e+01 9.988761478e+00 1.087875765e+01
3.549498998e+04 5.760489030e+01 5.958456726e+01 9.989062613e+00 1.087929947e+01
3.558156313e+04 5.764813897e+01 5.964047459e+01 9.989361933e+00 1.087983800e+01
3.566813627e+04 5.769104547e+01 5.969598826e+01 9.989659453e+00 1.088037329e+01
3.575470942e+04 5.773361311e+01 5.975111182e+01 9.989955189e+00 1.088090535e+01
3.584128257e+04 5.777584515e+01 5.980584877e+01 9.990249157e+00 1.088143422e+01
3.592785571e+04 5.781774482e+01 5.986020259e+01 9.990541372e+00 1.088195993e+01
3.601442886e+04 5.785931533e+01 5.991417670e+01 9.990831851e+00 1.088248250e+01
3.610100200e+04 5.790055984e+01 5.996777449e+01 9.991120608e+00 1.088300196e+01
3.618757515e+04 5.794148147e+01 6.002099934e+01 9.991407659e+00 1.088351834e+01
3.627414830e+04 5.798208331e+01 6.007385456e+01 9.991693019e+00 1.088403166e+01
3.636072144e+04 5.802236842e+01 6.012634344e+01 9.991976701e+00 1.088454196e+01
3.644729459e+04 5.806233983e+01 6.017846924e+01 9.992258722e+00 1.088504926e+01
3.653386774e+04 5.810200052e+01 6.023023518e+01 9.992539095e+00 1.088555358e+01
3.662044088e+04 5.814135346e+01 6.028164444e+01 9.992817834e+00 1.088605496e+01
3.670701403e+04 5.818040155e+01 6.033270018e+01 9.993094954e+00 1.088655341e+01
3.679358717e+04 5.821914770e+01 6.038340552e+01 9.993370469e+00 1.088704896e+01
3.688016032e+04 5.825759477e+01 6.043376355e+01 9.993644392e+00 1.088754164e+01
3.696673347e+04 5.829574557e+01 6.048377732e+01 9.993916737e+00 1.088803148e+01
3.705330661e+04 5.833360291e+01 6.053344985e+01 9.994187518e+00 1.088851849e+01
3.713987976e+04 5.837116956e+01 6.058278414e+01 9.994456747e+00 1.088900270e+01
3.722645291e+04 5.840844825e+01 6.063178315e+01 9.994724438e+00 1.088948413e+01
3.731302605e+04 5.844544168e+01 6.068044980e+01 9.994990604e+00 1.088996281e+01
3.739959920e+04 5.848215253e+01 6.072878700e+01 9.995255258e+00 1.089043876e+01
3.748617234e+04 5.851858345e+01 6.077679761e+01 9.995518412e+00 1.089091201e+01
3.757274549e+04 5.855473705e+01 6.082448448e+01 9.995780080e+00 1.089138257e+01
3.765931864e+04 5.859061592e+01 6.087185042e+01 9.996040273e+00 1.089185047e+01
3.774589178e+04 5.862622262e+01 6.091889819e+01 9.996299004e+00 1.089231574e+01
3.783246493e+04 5.866155969e+01 6.096563057e+01 9.996556284e+00 1.089277839e+01
3.791903808e+04 5.869662963e+01 6.101205026e+01 9.996812127e+00 1.089323844e+01
3.800561122e+04 5.873143491e+01 6.105815996e+01 9.997066544e+00 1.089369592e+01
3.809218437e+04 5.876597798e+01 6.110396234e+01 9.997319546e+00 1.089415085e+01
3.817875752e+04 5.880026128e+01 6.114946004e+01 9.997571145e+00 1.089460325e+01
3.826533066e+04 5.883428719e+01 6.119465568e+01 9.997821354e+00 1.089505314e+01
3.835190381e+04 5.886805810e+01 6.123955182e+01 9.998070182e+00 1.089550054e+01
3.843847695e+04 5.890157634e+01 6.128415104e+01 9.998317642e+00 1.089594547e+01
3.852505010e+04 5.893484423e+01 6.132845587e+01 9.998563744e+00 1.089638795e+01
3.861162325e+04 5.896786408e+01 6.137246880e+01 9.998808501e+00 1.089682801e+01
3.869819639e+04 5.900063815e+01 6.141619233e+01 9.999051921e+00 1.089726565e+01
3.878476954e+04 5.903316868e+01 6.145962890e+01 9.999294017e+00 1.089770091e+01
3.887134269e+04 5.906545791e+01 6.150278095e+01 9.999534798e+00 1.089813379e+01
3.895791583e+04 5.909750803e+01 6.154565087e+01 9.999774276e+00 1.089856433e+01
3.904448898e+04 5.912932121e+01 6.158824106e+01 1.000001246e+01 1.089899253e+01
3.913106212e+04 5.916089960e+01 6.163055385e+01 1.000024936e+01 1.089941842e+01
3.921763527e+04 5.919224535e+01 6.167259160e+01 1.000048499e+01 1.089984202e+01
3.930420842e+04 5.922336054e+01 6.171435659e+01 1.000071936e+01 1.090026334e+01
3.939078156e+04 5.925424726e+01 6.175585112e+01 1.000095247e+01 1.090068240e+01
3.947735471e+04 5.928490758e+01 6.179707745e+01 1.000118435e+01 1.090109922e+01
3.956392786e+04 5.931534354e+01 6.183803782e+01 1.000141499e+01 1.090151381e+01
3.965050100e+04 5.934555714e+01 6.187873443e+01 1.000164440e+01 1.090192620e+01
3.973707415e+04 5.937555040e+01 6.191916949e+01 1.000187260e+01 1.090233641e+01
3.982364729e+04 5.940532528e+01 6.195934516e+01 1.000209960e+01 1.090274444e+01
3.991022044e+04 5.943488374e+01 6.199926359e+01 1.000232541e+01 1.090315032e+01
3.999679359e+04 5.946422771e+01 6.203892691e+01 1.000255003e+01 1.090355406e+01
4.008336673e+04 5.949335910e+01 6.207833722e+01 1.000277347e+01 1.090395568e+01
4.016993988e+04 5.952227982e+01 6.211749661e+01 1.000299574e+01 1.090435520e+01
4.025651303e+04 5.955099173e+01 6.215640713e+01 1.000321686e+01 1.090475263e+01
4.034308617e+04 5.957949668e+01 6.219507084e+01 1.000343683e+01 1.090514799e+01
4.042965932e+04 5.960779651e+01 6.223348975e+01 1.000365566e+01 1.090554129e+01
4.051623246e+04 5.963589304e+01 6.227166587e+01 1.000387335e+01 1.090593256e+01
4.060280561e+04 5.966378807e+01 6.230960117e+01 1.000408992e+01 1.090632180e+01
4.068937876e+04 5.969148336e+01 6.234729762e+01 1.000430538e+01 1.090670903e+01
4.077595190e+04 5.971898068e+01 6.238475716e+01 1.000451974e+01 1.090709427e+01
4.086252505e+04 5.974628177e+01 6.242198171e+01 1.000473299e+01 1.090747753e+01
4.094909820e+04 5.977338835e+01 6.245897317e+01 1.000494516e+01 1.090785882e+01
4.103567134e+04 5.980030212e+01 6.249573343e+01 1.000515624e+01 1.090823817e+01
4.112224449e+04 5.982702479e+01 6.253226436e+01 1.000536625e+01 1.090861559e+01
4.120881764e+04 5.985355800e+01 6.256856780e+01 1.000557520e+01 1.090899108e+01
4.129539078e+04 5.987990342e+01 6.260464558e+01 1.000578309e+01 1.090936467e+01
4.138196393e+04 5.990606268e+01 6.264049951e+01 1.000598993e+01 1.090973637e+01
4.146853707e+04 5.993203741e+01 6.267613138e+01 1.000619573e+01 1.091010620e+01
4.155511022e+04 5.995782919e+01 6.271154298e+01 1.000640050e+01 1.091047416e+01
4.164168337e+04 5.998343962e+01 6.274673605e+01 1.000660424e+01 1.091084028e+01
4.172825651e+04 6.000887027e+01 6.278171233e+01 1.000680696e+01 1.091120456e+01
4.181482966e+04 6.003412269e+01 6.281647356e+01 1.000700867e+01 1.091156701e+01
4.190140281e+04 6.005919842e+01 6.285102143e+01 1.000720938e+01 1.091192767e+01
4.198797595e+04 6.008409897e+01 6.288535764e+01 1.000740909e+01 1.091228652e+01
4.207454910e+04 6.010882587e+01 6.291948386e+01 1.000760781e+01 1.091264360e+01
4.216112224e+04 6.013338058e+01 6.295340174e+01 1.000780556e+01 1.091299891e+01
4.224769539e+04 6.015776460e+01 6.298711293e+01 1.000800232e+01 1.091335246e+01
4.233426854e+04 6.018197939e+01 6.302061905e+01 1.000819812e+01 1.091370427e+01
4.242084168e+04 6.020602638e+01 6.305392171e+01 1.000839296e+01 1.091405435e+01
4.250741483e+04 6.022990702e+01 6.308702250e+01 1.000858685e+01 1.091440271e+01
4.259398798e+04 6.025362271e+01 6.311992300e+01 1.000877979e+01 1.091474937e+01
4.268056112e+04 6.027717486e+01 6.315262477e+01 1.000897179e+01 1.091509434e+01
4.276713427e+04 6.030056486e+01 6.318512936e+01 1.000916286e+01 1.091543762e+01
4.285370741e+04 6.032379409e+01 6.321743830e+01 1.000935300e+01 1.091577924e+01
4.294028056e+04 6.034686390e+01 6.324955311e+01 1.000954222e+01 1.091611920e+01
4.302685371e+04 6.036977564e+01 6.328147530e+01 1.000973053e+01 1.091645752e+01
4.311342685e+04 6.039253065e+01 6.331320634e+01 1.000991794e+01 1.091679420e+01
4.320000000e+04 6.041513024e+01 6.334474772e+01 1.001010444e+01 1.091712927e+01
