time            Cj              Ck              shCj            shCk            HelperCCk       shHelperCCk    
0.000000000e+00 1.000000000e+00 0.000000000e+00 0.000000000e+00 0.000000000e+00 1.500000000e+02 1.700000000e+01
8.657314629e+01 7.660128894e-01 4.209688734e-02 1.080511152e-05 4.026119808e-04 1.499480591e+02 1.699934952e+01
1.731462926e+02 7.007479046e-01 8.014999739e-02 7.776292930e-05 6.847687183e-04 1.498959976e+02 1.699866029e+01
2.597194389e+02 6.521667786e-01 1.154424717e-01 2.101113992e-04 9.413479975e-04 1.498435197e+02 1.699787541e+01
3.462925852e+02 6.161956396e-01 1.488584170e-01 4.012002891e-04 1.202878977e-03 1.497902716e+02 1.699695491e+01
4.328657315e+02 5.898191702e-01 1.810701861e-01 6.484301620e-04 1.484131188e-03 1.497359050e+02 1.699586932e+01
5.194388778e+02 5.708025469e-01 2.125749874e-01 9.533170846e-04 1.795544261e-03 1.496801112e+02 1.699458970e+01
6.060120240e+02 5.574873064e-01 2.437294982e-01 1.320035690e-03 2.146581678e-03 1.496226341e+02 1.699308354e+01
6.925851703e+02 5.486412942e-01 2.747804904e-01 1.754766479e-03 2.546722582e-03 1.495632732e+02 1.699131331e+01
7.791583166e+02 5.433481910e-01 3.058907581e-01 2.265481678e-03 3.005889795e-03 1.495018798e+02 1.698923557e+01
8.657314629e+02 5.409259782e-01 3.371603751e-01 2.861902048e-03 3.534753944e-03 1.494383497e+02 1.698680018e+01
9.523046092e+02 5.408666368e-01 3.686436844e-01 3.555533660e-03 4.144999603e-03 1.493726155e+02 1.698394938e+01
1.038877756e+03 5.427914031e-01 4.003625698e-01 4.359756481e-03 4.849572392e-03 1.493046387e+02 1.698061670e+01
1.125450902e+03 5.464174995e-01 4.323166009e-01 5.289952883e-03 5.662916343e-03 1.492344023e+02 1.697672586e+01
1.212024048e+03 5.515332796e-01 4.644906132e-01 6.363668852e-03 6.601208361e-03 1.491619045e+02 1.697218947e+01
1.298597194e+03 5.579796770e-01 4.968602205e-01 7.600802519e-03 7.682594687e-03 1.490871536e+02 1.696690759e+01
1.385170341e+03 5.656362596e-01 5.293956925e-01 9.023815528e-03 8.927432585e-03 1.490101639e+02 1.696076615e+01
1.471743487e+03 5.744107365e-01 5.620645536e-01 1.065796674e-02 1.035854202e-02 1.489309523e+02 1.695363527e+01
1.558316633e+03 5.842309312e-01 5.948332005e-01 1.253154430e-02 1.200144978e-02 1.488495357e+02 1.694536745e+01
1.644889780e+03 5.950388511e-01 6.276677581e-01 1.467613657e-02 1.388466514e-02 1.487659298e+02 1.693579548e+01
1.731462926e+03 6.067859622e-01 6.605343861e-01 1.712688512e-02 1.603993907e-02 1.486801473e+02 1.692473039e+01
1.818036072e+03 6.194296115e-01 6.933991546e-01 1.992273905e-02 1.850252503e-02 1.485921975e+02 1.691195916e+01
1.904609218e+03 6.329302191e-01 7.262276167e-01 2.310670610e-02 2.131143994e-02 1.485020859e+02 1.689724250e+01
1.991182365e+03 6.472489672e-01 7.589841485e-01 2.672608311e-02 2.450971133e-02 1.484098139e+02 1.688031235e+01
2.077755511e+03 6.623460296e-01 7.916311472e-01 3.083264957e-02 2.814459527e-02 1.483153791e+02 1.686086961e+01
2.164328657e+03 6.781790141e-01 8.241281268e-01 3.548282155e-02 3.226776592e-02 1.482187754e+02 1.683858181e+01
2.250901804e+03 6.947016327e-01 8.564307550e-01 4.073773373e-02 3.693544795e-02 1.481199931e+02 1.681308105e+01
2.337474950e+03 7.118625408e-01 8.884898560e-01 4.666325911e-02 4.220850197e-02 1.480190200e+02 1.678396203e+01
2.424048096e+03 7.296043137e-01 9.202504469e-01 5.332990112e-02 4.815240259e-02 1.479158409e+02 1.675078070e+01
2.510621242e+03 7.478625034e-01 9.516508065e-01 6.081257496e-02 5.483712739e-02 1.478104388e+02 1.671305330e+01
2.597194389e+03 7.665647850e-01 9.826216160e-01 6.919021971e-02 6.233690401e-02 1.477027953e+02 1.667025622e+01
2.683767535e+03 7.856302308e-01 1.013085248e+00 7.854523565e-02 7.072980568e-02 1.475928907e+02 1.662182684e+01
2.770340681e+03 8.049686738e-01 1.042955195e+00 8.896270529e-02 8.009716198e-02 1.474807051e+02 1.656716545e+01
2.856913828e+03 8.244802287e-01 1.072135716e+00 1.005293690e-01 9.052275348e-02 1.473662186e+02 1.650563866e+01
2.943486974e+03 8.440549999e-01 1.100521758e+00 1.133323380e-01 1.020917695e-01 1.472494118e+02 1.643658445e+01
3.030060120e+03 8.635730771e-01 1.127999201e+00 1.274575061e-01 1.148894920e-01 1.471302667e+02 1.635931906e+01
3.116633267e+03 8.829046689e-01 1.154445487e+00 1.429877000e-01 1.289997340e-01 1.470087669e+02 1.627314615e+01
3.203206413e+03 9.019107917e-01 1.179730670e+00 1.600004961e-01 1.445029578e-01 1.468848984e+02 1.617736776e+01
3.289779559e+03 9.204442147e-01 1.203718984e+00 1.785657795e-01 1.614741314e-01 1.467586503e+02 1.607129798e+01
3.376352705e+03 9.383509055e-01 1.226270904e+00 1.987430797e-01 1.799803450e-01 1.466300153e+02 1.595427844e+01
3.462925852e+03 9.554719665e-01 1.247245758e+00 2.205787047e-01 2.000781907e-01 1.464989900e+02 1.582569599e+01
3.549498998e+03 9.716460951e-01 1.266504883e+00 2.441027736e-01 2.218109852e-01 1.463655763e+02 1.568500199e+01
3.636072144e+03 9.867124382e-01 1.283915126e+00 2.693263542e-01 2.452060128e-01 1.462297813e+02 1.553173229e+01
3.722645291e+03 1.000514081e+00 1.299352945e+00 2.962386416e-01 2.702717042e-01 1.460916184e+02 1.536552777e+01
3.809218437e+03 1.012901648e+00 1.312708466e+00 3.248045663e-01 2.969951320e-01 1.459511078e+02 1.518615395e+01
3.895791583e+03 1.023737307e+00 1.323889787e+00 3.549627975e-01 3.253397505e-01 1.458082771e+02 1.499351903e+01
3.982364729e+03 1.032898790e+00 1.332827074e+00 3.866244148e-01 3.552436550e-01 1.456631616e+02 1.478768907e+01
4.068937876e+03 1.040283211e+00 1.339476174e+00 4.196723868e-01 3.866185077e-01 1.455158055e+02 1.456889895e+01
4.155511022e+03 1.045810601e+00 1.343821666e+00 4.539618982e-01 4.193491699e-01 1.453662616e+02 1.433755879e+01
4.242084168e+03 1.049426817e+00 1.345878962e+00 4.893217030e-01 4.532942497e-01 1.452145919e+02 1.409425446e+01
4.328657315e+03 1.051105691e+00 1.345695357e+00 5.255564314e-01 4.882875292e-01 1.450608680e+02 1.383974214e+01
4.415230461e+03 1.050850231e+00 1.343349865e+00 5.624498416e-01 5.241403070e-01 1.449051711e+02 1.357493672e+01
4.501803607e+03 1.048692778e+00 1.338951797e+00 5.997689000e-01 5.606445876e-01 1.447475918e+02 1.330089447e+01
4.588376754e+03 1.044694083e+00 1.332638133e+00 6.372685143e-01 5.975769985e-01 1.445882301e+02 1.301879072e+01
4.674949900e+03 1.038941340e+00 1.324569794e+00 6.746967112e-01 6.347032714e-01 1.444271950e+02 1.272989362e+01
4.761523046e+03 1.031545313e+00 1.314927066e+00 7.118000078e-01 6.717830788e-01 1.442646040e+02 1.243553536e+01
4.848096192e+03 1.022636699e+00 1.303904401e+00 7.483287435e-01 7.085750180e-01 1.441005824e+02 1.213708227e+01
4.934669339e+03 1.012361972e+00 1.291704925e+00 7.840421088e-01 7.448414991e-01 1.439352625e+02 1.183590519e+01
5.021242485e+03 1.000878960e+00 1.278534965e+00 8.187126971e-01 7.803533494e-01 1.437687824e+02 1.153335164e+01
5.107815631e+03 9.883523715e-01 1.264598865e+00 8.521303802e-01 8.148939325e-01 1.436012854e+02 1.123072065e+01
5.194388778e+03 9.749495137e-01 1.250094341e+00 8.841054287e-01 8.482626696e-01 1.434329184e+02 1.092924126e+01
5.280961924e+03 9.608363865e-01 1.235208560e+00 9.144708000e-01 8.802778510e-01 1.432638308e+02 1.063005520e+01
5.367535070e+03 9.461743162e-01 1.220115075e+00 9.430835634e-01 9.107786709e-01 1.430941732e+02 1.033420383e+01
5.454108216e+03 9.311169986e-01 1.204971427e+00 9.698257267e-01 9.396267250e-01 1.429240959e+02 1.004261958e+01
5.540681363e+03 9.158085777e-01 1.189918040e+00 9.946039366e-01 9.667063619e-01 1.427537481e+02 9.756121036e+00
5.627254509e+03 9.003819363e-01 1.175077488e+00 1.017348866e+00 9.919247448e-01 1.425832761e+02 9.475412906e+00
5.713827655e+03 8.849576554e-01 1.160554414e+00 1.038014301e+00 1.015211527e+00 1.424128222e+02 9.201086271e+00
5.800400802e+03 8.696437125e-01 1.146436420e+00 1.056575234e+00 1.036517505e+00 1.422425242e+02 8.933624718e+00
5.886973948e+03 8.545353714e-01 1.132794984e+00 1.073026180e+00 1.055813402e+00 1.420725135e+02 8.673409940e+00
5.973547094e+03 8.397155311e-01 1.119686865e+00 1.087379101e+00 1.073088188e+00 1.419029151e+02 8.420729682e+00
6.060120240e+03 8.252553222e-01 1.107155648e+00 1.099661281e+00 1.088347270e+00 1.417338462e+02 8.175786279e+00
6.146693387e+03 8.112148806e-01 1.095233359e+00 1.109913223e+00 1.101610623e+00 1.415654160e+02 7.938705536e+00
6.233266533e+03 7.976442735e-01 1.083942153e+00 1.118186505e+00 1.112910817e+00 1.413977253e+02 7.709546008e+00
6.319839679e+03 7.845844802e-01 1.073295899e+00 1.124541796e+00 1.122291135e+00 1.412308657e+02 7.488307789e+00
6.406412826e+03 7.720682844e-01 1.063301536e+00 1.129047154e+00 1.129803921e+00 1.410649200e+02 7.274940612e+00
6.492985972e+03 7.601213839e-01 1.053960592e+00 1.131776150e+00 1.135508704e+00 1.408999617e+02 7.069351984e+00
6.579559118e+03 7.487632078e-01 1.045270262e+00 1.132806488e+00 1.139470790e+00 1.407360551e+02 6.871414321e+00
6.666132265e+03 7.380078401e-01 1.037224511e+00 1.132218587e+00 1.141759788e+00 1.405732556e+02 6.680971508e+00
6.752705411e+03 7.278647977e-01 1.029814949e+00 1.130094447e+00 1.142448394e+00 1.404116098e+02 6.497844640e+00
6.839278557e+03 7.183397705e-01 1.023031594e+00 1.126516620e+00 1.141611265e+00 1.402511558e+02 6.321837237e+00
6.925851703e+03 7.094352641e-01 1.016863488e+00 1.121567384e+00 1.139324084e+00 1.400919232e+02 6.152739662e+00
7.012424850e+03 7.011512136e-01 1.011299230e+00 1.115327992e+00 1.135662708e+00 1.399339343e+02 5.990333204e+00
7.098997996e+03 6.934854698e-01 1.006327350e+00 1.107878147e+00 1.130702517e+00 1.397772036e+02 5.834393195e+00
7.185571142e+03 6.864342357e-01 1.001936611e+00 1.099295551e+00 1.124517871e+00 1.396217389e+02 5.684691722e+00
7.272144289e+03 6.799924598e-01 9.981162549e-01 1.089655530e+00 1.117181624e+00 1.394675414e+02 5.541000135e+00
7.358717435e+03 6.741542130e-01 9.948561992e-01 1.079030771e+00 1.108764747e+00 1.393146062e+02 5.403090922e+00
7.445290581e+03 6.689129254e-01 9.921471250e-01 1.067491147e+00 1.099336077e+00 1.391629232e+02 5.270739282e+00
7.531863727e+03 6.642616705e-01 9.899805554e-01 1.055103685e+00 1.088962172e+00 1.390124769e+02 5.143724315e+00
7.618436874e+03 6.601933540e-01 9.883489252e-01 1.041932414e+00 1.077707101e+00 1.388632473e+02 5.021830086e+00
7.705010020e+03 6.567008937e-01 9.872456116e-01 1.028038261e+00 1.065632276e+00 1.387152101e+02 4.904846517e+00
7.791583166e+03 6.537773824e-01 9.866648903e-01 1.013479277e+00 1.052796573e+00 1.385683373e+02 4.792569760e+00
7.878156313e+03 6.514162055e-01 9.866019520e-01 9.983106059e-01 1.039256266e+00 1.384225975e+02 4.684802687e+00
7.964729459e+03 6.496111478e-01 9.870528794e-01 9.825845474e-01 1.025065031e+00 1.382779564e+02 4.581355193e+00
8.051302605e+03 6.483564831e-01 9.880146099e-01 9.663506774e-01 1.010274018e+00 1.381343767e+02 4.482044345e+00
8.137875752e+03 6.476470399e-01 9.894849069e-01 9.496559453e-01 9.949319090e-01 1.379918192e+02 4.386694435e+00
8.224448898e+03 6.474782634e-01 9.914623190e-01 9.325448118e-01 9.790850180e-01 1.378502422e+02 4.295136989e+00
8.311022044e+03 6.478462650e-01 9.939461444e-01 9.150593728e-01 9.627773795e-01 1.377096026e+02 4.207210696e+00
8.397595190e+03 6.487478544e-01 9.969363970e-01 8.972394809e-01 9.460508471e-01 1.375698555e+02 4.122761297e+00
8.484168337e+03 6.501805729e-01 1.000433769e+00 8.791228801e-01 9.289452026e-01 1.374309547e+02 4.041641426e+00
8.570741483e+03 6.521427172e-01 1.004439590e+00 8.607453692e-01 9.114982947e-01 1.372928531e+02 3.963710414e+00
8.657314629e+03 6.546333585e-01 1.008955810e+00 8.421408834e-01 8.937461079e-01 1.371555025e+02 3.888834092e+00
8.743887776e+03 6.576523376e-01 1.013984950e+00 8.233416688e-01 8.757229241e-01 1.370188539e+02 3.816884574e+00
8.830460922e+03 6.612002954e-01 1.019530103e+00 8.043783372e-01 8.574613626e-01 1.368828579e+02 3.747740031e+00
8.917034068e+03 6.652786651e-01 1.025594883e+00 7.852800339e-01 8.389925383e-01 1.367474642e+02 3.681284479e+00
9.003607214e+03 6.698896611e-01 1.032183404e+00 7.660745559e-01 8.203461733e-01 1.366126223e+02 3.617407402e+00
9.090180361e+03 6.750362784e-01 1.039300256e+00 7.467884526e-01 8.015506908e-01 1.364782814e+02 3.556003542e+00
9.176753507e+03 6.807223350e-01 1.046950516e+00 7.274470477e-01 7.826332294e-01 1.363443905e+02 3.496972971e+00
9.263326653e+03 6.869524159e-01 1.055139692e+00 7.080746185e-01 7.636198225e-01 1.362108982e+02 3.440220494e+00
9.349899800e+03 6.937318683e-01 1.063873713e+00 6.886944717e-01 7.445354729e-01 1.360777531e+02 3.385655478e+00
9.436472946e+03 7.010668112e-01 1.073158919e+00 6.693289892e-01 7.254041935e-01 1.359449038e+02 3.333191714e+00
9.523046092e+03 7.089641155e-01 1.083002041e+00 6.499997184e-01 7.062491003e-01 1.358122985e+02 3.282747174e+00
9.609619238e+03 7.174313939e-01 1.093410183e+00 6.307274326e-01 6.870924729e-01 1.356798857e+02 3.234243781e+00
9.696192385e+03 7.264769845e-01 1.104390806e+00 6.115321931e-01 6.679558179e-01 1.355476137e+02 3.187607216e+00
9.782765531e+03 7.361099372e-01 1.115951709e+00 5.924334078e-01 6.488599295e-01 1.354154307e+02 3.142766693e+00
9.869338677e+03 7.463399974e-01 1.128101017e+00 5.734498699e-01 6.298249312e-01 1.352832851e+02 3.099654803e+00
9.955911824e+03 7.571775893e-01 1.140847157e+00 5.545997959e-01 6.108703170e-01 1.351511251e+02 3.058207330e+00
1.004248497e+04 7.686337954e-01 1.154198846e+00 5.359008637e-01 5.920149931e-01 1.350188989e+02 3.018363077e+00
1.012905812e+04 7.807203371e-01 1.168165068e+00 5.173702439e-01 5.732773136e-01 1.348865545e+02 2.980063688e+00
1.021563126e+04 7.934495515e-01 1.182755054e+00 4.990246242e-01 5.546751093e-01 1.347540400e+02 2.943253493e+00
1.030220441e+04 8.068343688e-01 1.197978263e+00 4.808802237e-01 5.362257075e-01 1.346213035e+02 2.907879360e+00
1.038877756e+04 8.208882859e-01 1.213844360e+00 4.629528053e-01 5.179459499e-01 1.344882928e+02 2.873890557e+00
1.047535070e+04 8.356253400e-01 1.230363191e+00 4.452576830e-01 4.998522051e-01 1.343549555e+02 2.841238606e+00
1.056192385e+04 8.510600794e-01 1.247544763e+00 4.278097253e-01 4.819603788e-01 1.342212393e+02 2.809877161e+00
1.064849699e+04 8.672075321e-01 1.265399217e+00 4.106233511e-01 4.642859155e-01 1.340870914e+02 2.779761877e+00
1.073507014e+04 8.840831741e-01 1.283936802e+00 3.937125250e-01 4.468438012e-01 1.339524592e+02 2.750850293e+00
1.082164329e+04 9.017028934e-01 1.303167848e+00 3.770907426e-01 4.296485545e-01 1.338172894e+02 2.723101722e+00
1.090821643e+04 9.200829560e-01 1.323102742e+00 3.607710223e-01 4.127142261e-01 1.336815288e+02 2.696477135e+00
1.099478958e+04 9.392399630e-01 1.343751896e+00 3.447658756e-01 3.960543763e-01 1.335451237e+02 2.670939074e+00
1.108136273e+04 9.591908137e-01 1.365125721e+00 3.290872872e-01 3.796820617e-01 1.334080201e+02 2.646451547e+00
1.116793587e+04 9.799526618e-01 1.387234598e+00 3.137466940e-01 3.636098222e-01 1.332701638e+02 2.622979935e+00
1.125450902e+04 1.001542867e+00 1.410088847e+00 2.987549512e-01 3.478496546e-01 1.331315002e+02 2.600490912e+00
1.134108216e+04 1.023978967e+00 1.433698706e+00 2.841222933e-01 3.324129775e-01 1.329919742e+02 2.578952357e+00
1.142765531e+04 1.047278602e+00 1.458074292e+00 2.698583202e-01 3.173106292e-01 1.328515304e+02 2.558333275e+00
1.151422846e+04 1.071459477e+00 1.483225569e+00 2.559719477e-01 3.025528225e-01 1.327101129e+02 2.538603728e+00
1.160080160e+04 1.096539351e+00 1.509162361e+00 2.424713719e-01 2.881491125e-01 1.325676654e+02 2.519734763e+00
1.168737475e+04 1.122535918e+00 1.535894271e+00 2.293640305e-01 2.741083681e-01 1.324241314e+02 2.501698354e+00
1.177394790e+04 1.149466809e+00 1.563430694e+00 2.166565640e-01 2.604387358e-01 1.322794534e+02 2.484467341e+00
1.186052104e+04 1.177349526e+00 1.591780791e+00 2.043548094e-01 2.471476369e-01 1.321335740e+02 2.468015339e+00
1.194709419e+04 1.206201396e+00 1.620953469e+00 1.924637547e-01 2.342417250e-01 1.319864351e+02 2.452316705e+00
1.203366733e+04 1.236039514e+00 1.650957353e+00 1.809874563e-01 2.217268114e-01 1.318379780e+02 2.437346528e+00
1.212024048e+04 1.266880703e+00 1.681800782e+00 1.699290431e-01 2.096078681e-01 1.316881437e+02 2.423080553e+00
1.220681363e+04 1.298741472e+00 1.713491809e+00 1.592907182e-01 1.978890269e-01 1.315368728e+02 2.409495112e+00
1.229338677e+04 1.331637973e+00 1.746038193e+00 1.490737152e-01 1.865735369e-01 1.313841052e+02 2.396567105e+00
1.237995992e+04 1.365585963e+00 1.779447385e+00 1.392782721e-01 1.756637376e-01 1.312297806e+02 2.384273979e+00
1.246653307e+04 1.400600762e+00 1.813726543e+00 1.299036196e-01 1.651610433e-01 1.310738382e+02 2.372593683e+00
1.255310621e+04 1.436697222e+00 1.848882530e+00 1.209479776e-01 1.550659349e-01 1.309162167e+02 2.361504641e+00
1.263967936e+04 1.473889705e+00 1.884921935e+00 1.124085560e-01 1.453779535e-01 1.307568546e+02 2.350985725e+00
1.272625251e+04 1.512192056e+00 1.921851086e+00 1.042815593e-01 1.360956985e-01 1.305956898e+02 2.341016232e+00
1.281282565e+04 1.551617587e+00 1.959676069e+00 9.656219937e-02 1.272168304e-01 1.304326601e+02 2.331575870e+00
1.289939880e+04 1.592179063e+00 1.998402755e+00 8.924471600e-02 1.187380803e-01 1.302677028e+02 2.322644738e+00
1.298597194e+04 1.633888701e+00 2.038036828e+00 8.232239971e-02 1.106552632e-01 1.301007552e+02 2.314203318e+00
1.307254509e+04 1.676758161e+00 2.078583816e+00 7.578762844e-02 1.029632999e-01 1.299317542e+02 2.306232461e+00
1.315911824e+04 1.720798557e+00 2.120049129e+00 6.963190609e-02 9.565624238e-02 1.297606366e+02 2.298713382e+00
1.324569138e+04 1.766020464e+00 2.162438099e+00 6.384591624e-02 8.872731126e-02 1.295873388e+02 2.291627654e+00
1.333226453e+04 1.812433945e+00 2.205756037e+00 5.841958129e-02 8.216893763e-02 1.294117976e+02 2.284957204e+00
1.341883768e+04 1.860048558e+00 2.250008253e+00 5.334211456e-02 7.597280089e-02 1.292339494e+02 2.278684315e+00
1.350541082e+04 1.908873393e+00 2.295200113e+00 4.860208805e-02 7.012988003e-02 1.290537307e+02 2.272791630e+00
1.359198397e+04 1.958917101e+00 2.341337084e+00 4.418750309e-02 6.463050760e-02 1.288710782e+02 2.267262151e+00
1.367855711e+04 2.010187930e+00 2.388424780e+00 4.008586495e-02 5.946442786e-02 1.286859285e+02 2.262079247e+00
1.376513026e+04 2.062693770e+00 2.436469015e+00 3.628427463e-02 5.462086979e-02 1.284982187e+02 2.257226659e+00
1.385170341e+04 2.116442193e+00 2.485475845e+00 3.276950546e-02 5.008860871e-02 1.283078860e+02 2.252688508e+00
1.393827655e+04 2.171440505e+00 2.535451610e+00 2.952807508e-02 4.585602600e-02 1.281148677e+02 2.248449302e+00
1.402484970e+04 2.227695777e+00 2.586402960e+00 2.654632994e-02 4.191118121e-02 1.279191019e+02 2.244493946e+00
1.411142285e+04 2.285214905e+00 2.638336910e+00 2.381052889e-02 3.824188337e-02 1.277205268e+02 2.240807750e+00
1.419799599e+04 2.344004664e+00 2.691260870e+00 2.130692748e-02 3.483576399e-02 1.275190812e+02 2.237376435e+00
1.428456914e+04 2.404071741e+00 2.745182666e+00 1.902185781e-02 3.168034894e-02 1.273147046e+02 2.234186149e+00
1.437114228e+04 2.465422811e+00 2.800110585e+00 1.694179372e-02 2.876311785e-02 1.271073369e+02 2.231223468e+00
1.445771543e+04 2.528064555e+00 2.856053378e+00 1.505342856e-02 2.607157690e-02 1.268969189e+02 2.228475405e+00
1.454428858e+04 2.592003698e+00 2.913020256e+00 1.334374015e-02 2.359332395e-02 1.266833919e+02 2.225929422e+00
1.463086172e+04 2.657247070e+00 2.971020925e+00 1.180004242e-02 2.131609951e-02 1.264666982e+02 2.223573431e+00
1.471743487e+04 2.723801648e+00 3.030065601e+00 1.041003709e-02 1.922784078e-02 1.262467810e+02 2.221395797e+00
1.480400802e+04 2.791674571e+00 3.090164983e+00 9.161871057e-03 1.731674305e-02 1.260235841e+02 2.219385347e+00
1.489058116e+04 2.860873158e+00 3.151330241e+00 8.044176112e-03 1.557130577e-02 1.257970527e+02 2.217531369e+00
1.497715431e+04 2.931404944e+00 3.213573012e+00 7.046092453e-03 1.398036531e-02 1.255671327e+02 2.215823613e+00
1.506372745e+04 3.003277735e+00 3.276905421e+00 6.157287780e-03 1.253312357e-02 1.253337712e+02 2.214252289e+00
1.515030060e+04 3.076499565e+00 3.341340006e+00 5.367996877e-03 1.121919867e-02 1.250969165e+02 2.212808068e+00
1.523687375e+04 3.151078722e+00 3.406889707e+00 4.669026673e-03 1.002864223e-02 1.248565178e+02 2.211482075e+00
1.532344689e+04 3.227023750e+00 3.473567836e+00 4.051758599e-03 8.951955928e-03 1.246125258e+02 2.210265885e+00
1.541002004e+04 3.304343513e+00 3.541388107e+00 3.508133711e-03 7.980091005e-03 1.243648923e+02 2.209151518e+00
1.549659319e+04 3.383047070e+00 3.610364487e+00 3.030687654e-03 7.104496806e-03 1.241135705e+02 2.208131428e+00
1.558316633e+04 3.463143776e+00 3.680511266e+00 2.612499286e-03 6.317085778e-03 1.238585148e+02 2.207198495e+00
1.566973948e+04 3.544643205e+00 3.751842958e+00 2.247198619e-03 5.610255453e-03 1.235996810e+02 2.206346017e+00
1.575631263e+04 3.627555177e+00 3.824374301e+00 1.928952229e-03 4.976888641e-03 1.233370265e+02 2.205567693e+00
1.584288577e+04 3.711889703e+00 3.898120187e+00 1.652429003e-03 4.410333430e-03 1.230705098e+02 2.204857617e+00
1.592945892e+04 3.797656987e+00 3.973095644e+00 1.412781659e-03 3.904398416e-03 1.228000912e+02 2.204210259e+00
1.601603206e+04 3.884867389e+00 4.049315786e+00 1.205618817e-03 3.453337408e-03 1.225257323e+02 2.203620456e+00
1.610260521e+04 3.973531407e+00 4.126795784e+00 1.026981656e-03 3.051838431e-03 1.222473963e+02 2.203083393e+00
1.618917836e+04 4.063659651e+00 4.205550826e+00 8.733172674e-04 2.695007572e-03 1.219650479e+02 2.202594592e+00
1.627575150e+04 4.155262811e+00 4.285596082e+00 7.414484727e-04 2.378348687e-03 1.216786534e+02 2.202149893e+00
1.636232465e+04 4.248351627e+00 4.366946669e+00 6.285440477e-04 2.097742125e-03 1.213881809e+02 2.201745441e+00
1.644889780e+04 4.342936856e+00 4.449617615e+00 5.320913609e-04 1.849424973e-03 1.210935998e+02 2.201377669e+00
1.653547094e+04 4.439029243e+00 4.533623830e+00 4.498683405e-04 1.629969426e-03 1.207948815e+02 2.201043284e+00
1.662204409e+04 4.536639492e+00 4.618980077e+00 3.799187971e-04 1.436262640e-03 1.204919989e+02 2.200739249e+00
1.670861723e+04 4.635778229e+00 4.705700940e+00 3.205264958e-04 1.265485294e-03 1.201849266e+02 2.200462771e+00
1.679519038e+04 4.736455977e+00 4.793800801e+00 2.701907642e-04 1.115090919e-03 1.198736411e+02 2.200211283e+00
1.688176353e+04 4.838683121e+00 4.883293813e+00 2.276035124e-04 9.827847026e-04 1.195581205e+02 2.199982430e+00
1.696833667e+04 4.942469876e+00 4.974193874e+00 1.916314778e-04 8.665044787e-04 1.192383447e+02 2.199774060e+00
1.705490982e+04 5.047826259e+00 5.066514605e+00 1.612899519e-04 7.643997684e-04 1.189142956e+02 2.199584200e+00
1.714148297e+04 5.154762058e+00 5.160269334e+00 1.357331152e-04 6.748159417e-04 1.185859568e+02 2.199411052e+00
1.722805611e+04 5.263286801e+00 5.255471067e+00 1.142315572e-04 5.962749838e-04 1.182533137e+02 2.199252978e+00
1.731462926e+04 5.373409733e+00 5.352132477e+00 9.616108090e-05 5.274604264e-04 1.179163536e+02 2.199108486e+00
1.740120240e+04 5.485139782e+00 5.450265883e+00 8.098935331e-05 4.672030011e-04 1.175750660e+02 2.198976220e+00
1.748777555e+04 5.598485533e+00 5.549883228e+00 6.825901533e-05 4.144626329e-04 1.172294419e+02 2.198854949e+00
1.757434870e+04 5.713455203e+00 5.650996072e+00 5.758510232e-05 3.683207717e-04 1.168794746e+02 2.198743560e+00
1.766092184e+04 5.830056615e+00 5.753615565e+00 4.863847737e-05 3.279634575e-04 1.165251592e+02 2.198641042e+00
1.774749499e+04 5.948297172e+00 5.857752441e+00 4.114115976e-05 2.926724009e-04 1.161664929e+02 2.198546483e+00
1.783406814e+04 6.068183831e+00 5.963417000e+00 3.486027504e-05 2.618160502e-04 1.158034749e+02 2.198459059e+00
1.792064128e+04 6.189723083e+00 6.070619089e+00 2.959670206e-05 2.348359006e-04 1.154361064e+02 2.198378025e+00
1.800721443e+04 6.312920924e+00 6.179368096e+00 2.518540380e-05 2.112435009e-04 1.150643908e+02 2.198302713e+00
1.809378758e+04 6.437782840e+00 6.289672929e+00 2.148638781e-05 1.906085910e-04 1.146883335e+02 2.198232518e+00
1.818036072e+04 6.564313778e+00 6.401542005e+00 1.838292858e-05 1.725544409e-04 1.143079421e+02 2.198166898e+00
1.826693387e+04 6.692518130e+00 6.514983237e+00 1.577763345e-05 1.567519202e-04 1.139232262e+02 2.198105367e+00
1.835350701e+04 6.822399709e+00 6.630004019e+00 1.358773242e-05 1.429114680e-04 1.135341976e+02 2.198047486e+00
1.844008016e+04 6.953961733e+00 6.746611214e+00 1.174639078e-05 1.307824153e-04 1.131408704e+02 2.197992864e+00
1.852665331e+04 7.087206800e+00 6.864811141e+00 1.019545466e-05 1.201433251e-04 1.127432607e+02 2.197941149e+00
1.861322645e+04 7.222136875e+00 6.984609559e+00 8.886920065e-06 1.108020846e-04 1.123413870e+02 2.197892025e+00
1.869979960e+04 7.358753268e+00 7.106011656e+00 7.780740323e-06 1.025904774e-04 1.119352699e+02 2.197845212e+00
1.878637275e+04 7.497056626e+00 7.229022043e+00 6.845174457e-06 9.536325831e-05 1.115249322e+02 2.197800457e+00
1.887294589e+04 7.637046901e+00 7.353644724e+00 6.050856107e-06 8.899227228e-05 1.111103990e+02 2.197757534e+00
1.895951904e+04 7.778723339e+00 7.479883096e+00 5.371779784e-06 8.336473848e-05 1.106916975e+02 2.197716244e+00
1.904609218e+04 7.922084493e+00 7.607739951e+00 4.795457801e-06 7.838871631e-05 1.102688574e+02 2.197676406e+00
1.913266533e+04 8.067128175e+00 7.737217442e+00 4.309665697e-06 7.398197115e-05 1.098419105e+02 2.197637861e+00
1.921923848e+04 8.213851415e+00 7.868317042e+00 3.884397822e-06 7.006324189e-05 1.094108907e+02 2.197600466e+00
1.930581162e+04 8.362250514e+00 8.001039596e+00 3.496084494e-06 6.656165080e-05 1.089758345e+02 2.197564094e+00
1.939238477e+04 8.512321066e+00 8.135385331e+00 3.192401520e-06 6.345289929e-05 1.085367804e+02 2.197528631e+00
1.947895792e+04 8.664057780e+00 8.271353708e+00 2.924056686e-06 6.066846002e-05 1.080937691e+02 2.197493977e+00
1.956553106e+04 8.817454616e+00 8.408943529e+00 2.692471883e-06 5.817067123e-05 1.076468438e+02 2.197460043e+00
1.965210421e+04 8.972504721e+00 8.548152892e+00 2.489924081e-06 5.592221840e-05 1.071960497e+02 2.197426749e+00
1.973867735e+04 9.129200485e+00 8.688979226e+00 2.312014606e-06 5.389161110e-05 1.067414342e+02 2.197394024e+00
1.982525050e+04 9.287533466e+00 8.831419230e+00 2.155436860e-06 5.205181918e-05 1.062830468e+02 2.197361805e+00
1.991182365e+04 9.447494435e+00 8.975468910e+00 2.017129754e-06 5.037910405e-05 1.058209394e+02 2.197330036e+00
1.999839679e+04 9.609073369e+00 9.121123566e+00 1.894432654e-06 4.885273638e-05 1.053551655e+02 2.197298665e+00
2.008496994e+04 9.772259279e+00 9.268377638e+00 1.785185268e-06 4.745538251e-05 1.048857814e+02 2.197267650e+00
2.017154309e+04 9.937040333e+00 9.417224815e+00 1.687561943e-06 4.617196233e-05 1.044128454e+02 2.197236952e+00
2.025811623e+04 1.010340394e+01 9.567658097e+00 1.599943675e-06 4.498887343e-05 1.039364178e+02 2.197206537e+00
2.034468938e+04 1.027133668e+01 9.719669741e+00 1.520923962e-06 4.389419717e-05 1.034565606e+02 2.197176373e+00
2.043126253e+04 1.044082430e+01 9.873251240e+00 1.449326817e-06 4.287764090e-05 1.029733382e+02 2.197146433e+00
2.051783567e+04 1.061185173e+01 1.002839334e+01 1.384165393e-06 4.193027994e-05 1.024868165e+02 2.197116691e+00
2.060440882e+04 1.078440302e+01 1.018508599e+01 1.324625660e-06 4.104444887e-05 1.019970635e+02 2.197087128e+00
2.069098196e+04 1.095846143e+01 1.034331840e+01 1.269977801e-06 4.021340196e-05 1.015041494e+02 2.197057723e+00
2.077755511e+04 1.113400936e+01 1.050307898e+01 1.219647046e-06 3.943136197e-05 1.010081456e+02 2.197028460e+00
2.086412826e+04 1.131102840e+01 1.066435540e+01 1.173143270e-06 3.869325036e-05 1.005091258e+02 2.196999324e+00
2.095070140e+04 1.148949934e+01 1.082713455e+01 1.129970608e-06 3.799455450e-05 1.000071650e+02 2.196970301e+00
2.103727455e+04 1.166940217e+01 1.099140255e+01 1.089783548e-06 3.733135544e-05 9.950234024e+01 2.196941380e+00
2.112384770e+04 1.185071606e+01 1.115714479e+01 1.052286215e-06 3.670022195e-05 9.899472984e+01 2.196912550e+00
2.121042084e+04 1.203341938e+01 1.132434585e+01 1.017113638e-06 3.609826414e-05 9.848441377e+01 2.196883801e+00
2.129699399e+04 1.221748980e+01 1.149298964e+01 9.840381343e-07 3.552256966e-05 9.797147350e+01 2.196855126e+00
2.138356713e+04 1.240290420e+01 1.166305929e+01 9.529749894e-07 3.497108735e-05 9.745599187e+01 2.196826517e+00
2.147014028e+04 1.258963861e+01 1.183453710e+01 9.236883303e-07 3.444205967e-05 9.693805308e+01 2.196797968e+00
2.155671343e+04 1.277766844e+01 1.200740475e+01 8.958072282e-07 3.393269962e-05 9.641774257e+01 2.196769472e+00
2.164328657e+04 1.296696839e+01 1.218164321e+01 8.694272131e-07 3.344226375e-05 9.589514703e+01 2.196741025e+00
2.172985972e+04 1.315751238e+01 1.235723266e+01 8.443735146e-07 3.296918707e-05 9.537035425e+01 2.196712623e+00
2.181643287e+04 1.334927370e+01 1.253415263e+01 8.205170412e-07 3.251214432e-05 9.484345310e+01 2.196684260e+00
2.190300601e+04 1.354222497e+01 1.271238196e+01 7.978120871e-07 3.207028708e-05 9.431453343e+01 2.196655934e+00
2.198957916e+04 1.373633813e+01 1.289189877e+01 7.761429177e-07 3.164246349e-05 9.378368601e+01 2.196627642e+00
2.207615230e+04 1.393158453e+01 1.307268058e+01 7.553812356e-07 3.122752049e-05 9.325100244e+01 2.196599379e+00
2.216272545e+04 1.412793490e+01 1.325470421e+01 7.355490630e-07 3.082514391e-05 9.271657509e+01 2.196571145e+00
2.224929860e+04 1.432535939e+01 1.343794588e+01 7.165337718e-07 3.043434934e-05 9.218049699e+01 2.196542937e+00
2.233587174e+04 1.452382758e+01 1.362238117e+01 6.983058953e-07 3.005463360e-05 9.164286179e+01 2.196514752e+00
2.242244489e+04 1.472330854e+01 1.380798509e+01 6.808155263e-07 2.968541840e-05 9.110376367e+01 2.196486589e+00
2.250901804e+04 1.492377081e+01 1.399473203e+01 6.640163939e-07 2.932617117e-05 9.056329722e+01 2.196458446e+00
2.259559118e+04 1.512518246e+01 1.418259587e+01 6.478697666e-07 2.897642732e-05 9.002155739e+01 2.196430322e+00
2.268216433e+04 1.532751107e+01 1.437154989e+01 6.323293324e-07 2.863570666e-05 8.947863948e+01 2.196402216e+00
2.276873747e+04 1.553072383e+01 1.456156690e+01 6.173709653e-07 2.830366341e-05 8.893463891e+01 2.196374125e+00
2.285531062e+04 1.573478747e+01 1.475261915e+01 6.029626496e-07 2.797993277e-05 8.838965133e+01 2.196346051e+00
2.294188377e+04 1.593966837e+01 1.494467843e+01 5.890786111e-07 2.766419794e-05 8.784377239e+01 2.196317990e+00
2.302845691e+04 1.614533257e+01 1.513771611e+01 5.756920489e-07 2.735614695e-05 8.729709767e+01 2.196289943e+00
2.311503006e+04 1.635174573e+01 1.533170306e+01 5.627796473e-07 2.705550338e-05 8.674972276e+01 2.196261909e+00
2.320160321e+04 1.655887331e+01 1.552660978e+01 5.503185979e-07 2.676199963e-05 8.620174291e+01 2.196233887e+00
2.328817635e+04 1.676668041e+01 1.572240637e+01 5.382881832e-07 2.647539195e-05 8.565325324e+01 2.196205877e+00
2.337474950e+04 1.697513196e+01 1.591906255e+01 5.266690698e-07 2.619544919e-05 8.510434847e+01 2.196177877e+00
2.346132265e+04 1.718419261e+01 1.611654770e+01 5.154432259e-07 2.592195741e-05 8.455512301e+01 2.196149888e+00
2.354789579e+04 1.739382688e+01 1.631483088e+01 5.045936006e-07 2.565471287e-05 8.400567069e+01 2.196121909e+00
2.363446894e+04 1.760399916e+01 1.651388089e+01 4.941042337e-07 2.539352260e-05 8.345608479e+01 2.196093939e+00
2.372104208e+04 1.781467370e+01 1.671366624e+01 4.839601939e-07 2.513820844e-05 8.290645802e+01 2.196065978e+00
2.380761523e+04 1.802581469e+01 1.691415524e+01 4.741470291e-07 2.488859458e-05 8.235688226e+01 2.196038026e+00
2.389418838e+04 1.823738619e+01 1.711531591e+01 4.646513668e-07 2.464451812e-05 8.180744883e+01 2.196010082e+00
2.398076152e+04 1.844935230e+01 1.731711613e+01 4.554601544e-07 2.440581969e-05 8.125824808e+01 2.195982147e+00
2.406733467e+04 1.866167709e+01 1.751952364e+01 4.465614042e-07 2.417235337e-05 8.070936962e+01 2.195954219e+00
2.415390782e+04 1.887432465e+01 1.772250599e+01 4.379434038e-07 2.394397582e-05 8.016090207e+01 2.195926298e+00
2.424048096e+04 1.908725905e+01 1.792603056e+01 4.295960451e-07 2.372055254e-05 7.961293309e+01 2.195898385e+00
2.432705411e+04 1.930044458e+01 1.813006478e+01 4.215090200e-07 2.350195542e-05 7.906554926e+01 2.195870479e+00
2.441362725e+04 1.951384555e+01 1.833457594e+01 4.136723394e-07 2.328805656e-05 7.851883604e+01 2.195842580e+00
2.450020040e+04 1.972742644e+01 1.853953131e+01 4.060765685e-07 2.307873420e-05 7.797287772e+01 2.195814688e+00
2.458677355e+04 1.994115189e+01 1.874489814e+01 3.987127052e-07 2.287387101e-05 7.742775745e+01 2.195786802e+00
2.467334669e+04 2.015498671e+01 1.895064371e+01 3.915721910e-07 2.267335400e-05 7.688355709e+01 2.195758922e+00
2.475991984e+04 2.036889592e+01 1.915673531e+01 3.846468330e-07 2.247707384e-05 7.634035731e+01 2.195731048e+00
2.484649299e+04 2.058284478e+01 1.936314031e+01 3.779288096e-07 2.228492498e-05 7.579823744e+01 2.195703180e+00
2.493306613e+04 2.079679879e+01 1.956982614e+01 3.714106398e-07 2.209680527e-05 7.525727547e+01 2.195675318e+00
2.501963928e+04 2.101072376e+01 1.977676034e+01 3.650852163e-07 2.191261629e-05 7.471754776e+01 2.195647462e+00
2.510621242e+04 2.122458586e+01 1.998391063e+01 3.589457154e-07 2.173226247e-05 7.417912921e+01 2.195619611e+00
2.519278557e+04 2.143835155e+01 2.019124485e+01 3.529855538e-07 2.155565061e-05 7.364209340e+01 2.195591766e+00
2.527935872e+04 2.165198766e+01 2.039873105e+01 3.471984055e-07 2.138269011e-05 7.310651239e+01 2.195563925e+00
2.536593186e+04 2.186546136e+01 2.060633746e+01 3.415782441e-07 2.121329347e-05 7.257245671e+01 2.195536090e+00
2.545250501e+04 2.207874023e+01 2.081403251e+01 3.361192766e-07 2.104737554e-05 7.203999536e+01 2.195508260e+00
2.553907816e+04 2.229179226e+01 2.102178488e+01 3.308159650e-07 2.088485378e-05 7.150919574e+01 2.195480435e+00
2.562565130e+04 2.250458585e+01 2.122956351e+01 3.256629765e-07 2.072564782e-05 7.098012362e+01 2.195452614e+00
2.571222445e+04 2.271708987e+01 2.143733761e+01 3.206552025e-07 2.056967958e-05 7.045284318e+01 2.195424798e+00
2.579879760e+04 2.292927365e+01 2.164507671e+01 3.157877218e-07 2.041687296e-05 6.992741695e+01 2.195396987e+00
2.588537074e+04 2.314110699e+01 2.185275064e+01 3.110558081e-07 2.026715395e-05 6.940390580e+01 2.195369181e+00
2.597194389e+04 2.335256019e+01 2.206032954e+01 3.064549230e-07 2.012045053e-05 6.888236899e+01 2.195341378e+00
2.605851703e+04 2.356360409e+01 2.226778396e+01 3.019806913e-07 1.997669247e-05 6.836286408e+01 2.195313580e+00
2.614509018e+04 2.377420998e+01 2.247508476e+01 2.976289205e-07 1.983581153e-05 6.784544695e+01 2.195285786e+00
2.623166333e+04 2.398434974e+01 2.268220318e+01 2.933955777e-07 1.969774124e-05 6.733017185e+01 2.195257997e+00
2.631823647e+04 2.419399578e+01 2.288911090e+01 2.892767607e-07 1.956241667e-05 6.681709131e+01 2.195230211e+00
2.640480962e+04 2.440312105e+01 2.309577995e+01 2.852687485e-07 1.942977480e-05 6.630625619e+01 2.195202430e+00
2.649138277e+04 2.461169905e+01 2.330218279e+01 2.813679515e-07 1.929975420e-05 6.579771567e+01 2.195174652e+00
2.657795591e+04 2.481970391e+01 2.350829238e+01 2.775708671e-07 1.917229462e-05 6.529151726e+01 2.195146878e+00
2.666452906e+04 2.502711029e+01 2.371408203e+01 2.738741953e-07 1.904733786e-05 6.478770680e+01 2.195119108e+00
2.675110220e+04 2.523389341e+01 2.391952553e+01 2.702747469e-07 1.892482712e-05 6.428632846e+01 2.195091341e+00
2.683767535e+04 2.544002919e+01 2.412459719e+01 2.667693384e-07 1.880470624e-05 6.378742475e+01 2.195063579e+00
2.692424850e+04 2.564549404e+01 2.432927174e+01 2.633550447e-07 1.868692144e-05 6.329103654e+01 2.195035819e+00
2.701082164e+04 2.585026497e+01 2.453352434e+01 2.600290628e-07 1.857142040e-05 6.279720307e+01 2.195008064e+00
2.709739479e+04 2.605431966e+01 2.473733072e+01 2.567884955e-07 1.845815077e-05 6.230596193e+01 2.194980311e+00
2.718396794e+04 2.625763642e+01 2.494066716e+01 2.536307568e-07 1.834706284e-05 6.181734913e+01 2.194952562e+00
2.727054108e+04 2.646019411e+01 2.514351032e+01 2.505532558e-07 1.823810754e-05 6.133139909e+01 2.194924817e+00
2.735711423e+04 2.666197218e+01 2.534583740e+01 2.475535095e-07 1.813123707e-05 6.084814462e+01 2.194897074e+00
2.744368737e+04 2.686295074e+01 2.554762613e+01 2.446291153e-07 1.802640476e-05 6.036761699e+01 2.194869335e+00
2.753026052e+04 2.706311051e+01 2.574885477e+01 2.417777681e-07 1.792356519e-05 5.988984593e+01 2.194841599e+00
2.761683367e+04 2.726243281e+01 2.594950207e+01 2.389972427e-07 1.782267400e-05 5.941485964e+01 2.194813866e+00
2.770340681e+04 2.746089957e+01 2.614954731e+01 2.362853913e-07 1.772368793e-05 5.894268483e+01 2.194786136e+00
2.778997996e+04 2.765849333e+01 2.634897033e+01 2.336401400e-07 1.762656476e-05 5.847334673e+01 2.194758409e+00
2.787655311e+04 2.785519725e+01 2.654775144e+01 2.310594893e-07 1.753126332e-05 5.800686910e+01 2.194730685e+00
2.796312625e+04 2.805099507e+01 2.674587153e+01 2.285415056e-07 1.743774340e-05 5.754327429e+01 2.194702963e+00
2.804969940e+04 2.824587116e+01 2.694331198e+01 2.260843260e-07 1.734596582e-05 5.708258318e+01 2.194675245e+00
2.813627255e+04 2.843981045e+01 2.714005474e+01 2.236861440e-07 1.725589225e-05 5.662481534e+01 2.194647529e+00
2.822284569e+04 2.863279849e+01 2.733608225e+01 2.213452250e-07 1.716748539e-05 5.616998890e+01 2.194619816e+00
2.830941884e+04 2.882482142e+01 2.753137750e+01 2.190598835e-07 1.708070875e-05 5.571812073e+01 2.194592106e+00
2.839599198e+04 2.901586593e+01 2.772592400e+01 2.168285007e-07 1.699552680e-05 5.526922632e+01 2.194564399e+00
2.848256513e+04 2.920591931e+01 2.791970579e+01 2.146495032e-07 1.691190478e-05 5.482331996e+01 2.194536694e+00
2.856913828e+04 2.939496942e+01 2.811270743e+01 2.125213784e-07 1.682980884e-05 5.438041458e+01 2.194508991e+00
2.865571142e+04 2.958300466e+01 2.830491400e+01 2.104426588e-07 1.674920587e-05 5.394052198e+01 2.194481292e+00
2.874228457e+04 2.977001401e+01 2.849631108e+01 2.084119335e-07 1.667006365e-05 5.350365264e+01 2.194453594e+00
2.882885772e+04 2.995598700e+01 2.868688479e+01 2.064278281e-07 1.659235061e-05 5.306981596e+01 2.194425899e+00
2.891543086e+04 3.014091369e+01 2.887662175e+01 2.044890147e-07 1.651603593e-05 5.263902016e+01 2.194398207e+00
2.900200401e+04 3.032478465e+01 2.906550908e+01 2.025942197e-07 1.644108968e-05 5.221127232e+01 2.194370517e+00
2.908857715e+04 3.050759099e+01 2.925353436e+01 2.007422118e-07 1.636748260e-05 5.178657849e+01 2.194342829e+00
2.917515030e+04 3.068932433e+01 2.944068573e+01 1.989317883e-07 1.629518605e-05 5.136494365e+01 2.194315143e+00
2.926172345e+04 3.086997684e+01 2.962695180e+01 1.971617706e-07 1.622417184e-05 5.094637168e+01 2.194287460e+00
2.934829659e+04 3.104954116e+01 2.981232167e+01 1.954310206e-07 1.615441250e-05 5.053086551e+01 2.194259779e+00
2.943486974e+04 3.122801031e+01 2.999678480e+01 1.937385150e-07 1.608588211e-05 5.011842706e+01 2.194232100e+00
2.952144289e+04 3.140537798e+01 3.018033131e+01 1.920831730e-07 1.601855430e-05 4.970905727e+01 2.194204423e+00
2.960801603e+04 3.158163823e+01 3.036295167e+01 1.904639776e-07 1.595240366e-05 4.930275616e+01 2.194176749e+00
2.969458918e+04 3.175678559e+01 3.054463683e+01 1.888799488e-07 1.588740545e-05 4.889952287e+01 2.194149077e+00
2.978116232e+04 3.193081510e+01 3.072537826e+01 1.873301327e-07 1.582353544e-05 4.849935553e+01 2.194121406e+00
2.986773547e+04 3.210372216e+01 3.090516777e+01 1.858136030e-07 1.576076994e-05 4.810225163e+01 2.194093738e+00
2.995430862e+04 3.227550260e+01 3.108399762e+01 1.843294654e-07 1.569908582e-05 4.770820782e+01 2.194066072e+00
3.004088176e+04 3.244615269e+01 3.126186050e+01 1.828768550e-07 1.563846056e-05 4.731721993e+01 2.194038407e+00
3.012745491e+04 3.261566912e+01 3.143874958e+01 1.814549349e-07 1.557887217e-05 4.692928297e+01 2.194010745e+00
3.021402806e+04 3.278404896e+01 3.161465834e+01 1.800628894e-07 1.552029908e-05 4.654439132e+01 2.193983085e+00
3.030060120e+04 3.295128956e+01 3.178958060e+01 1.786999245e-07 1.546272018e-05 4.616253884e+01 2.193955426e+00
3.038717435e+04 3.311738890e+01 3.196351084e+01 1.773652890e-07 1.540611519e-05 4.578371819e+01 2.193927769e+00
3.047374749e+04 3.328234521e+01 3.213644378e+01 1.760582410e-07 1.535046399e-05 4.540792162e+01 2.193900115e+00
3.056032064e+04 3.344615724e+01 3.230837469e+01 1.747780717e-07 1.529574713e-05 4.503514045e+01 2.193872462e+00
3.064689379e+04 3.360882387e+01 3.247929900e+01 1.735240780e-07 1.524194531e-05 4.466536578e+01 2.193844810e+00
3.073346693e+04 3.377034450e+01 3.264921267e+01 1.722955887e-07 1.518903984e-05 4.429858780e+01 2.193817161e+00
3.082004008e+04 3.393071871e+01 3.281811187e+01 1.710919479e-07 1.513701244e-05 4.393479643e+01 2.193789513e+00
3.090661323e+04 3.408994647e+01 3.298599318e+01 1.699125212e-07 1.508584526e-05 4.357398089e+01 2.193761868e+00
3.099318637e+04 3.424802802e+01 3.315285351e+01 1.687566932e-07 1.503552090e-05 4.321612994e+01 2.193734223e+00
3.107975952e+04 3.440496397e+01 3.331869012e+01 1.676238677e-07 1.498602233e-05 4.286123180e+01 2.193706581e+00
3.116633267e+04 3.456075517e+01 3.348350058e+01 1.665134663e-07 1.493733295e-05 4.250927421e+01 2.193678940e+00
3.125290581e+04 3.471540281e+01 3.364728281e+01 1.654249282e-07 1.488943650e-05 4.216024443e+01 2.193651301e+00
3.133947896e+04 3.486890835e+01 3.381003502e+01 1.643577083e-07 1.484231708e-05 4.181412928e+01 2.193623663e+00
3.142605210e+04 3.502127347e+01 3.397175573e+01 1.633112775e-07 1.479595918e-05 4.147091518e+01 2.193596027e+00
3.151262525e+04 3.517250018e+01 3.413244376e+01 1.622851226e-07 1.475034760e-05 4.113058811e+01 2.193568393e+00
3.159919840e+04 3.532259071e+01 3.429209821e+01 1.612787460e-07 1.470546753e-05 4.079313366e+01 2.193540760e+00
3.168577154e+04 3.547154752e+01 3.445071847e+01 1.602916637e-07 1.466130449e-05 4.045853712e+01 2.193513129e+00
3.177234469e+04 3.561937334e+01 3.460830421e+01 1.593234071e-07 1.461784434e-05 4.012678332e+01 2.193485499e+00
3.185891784e+04 3.576607108e+01 3.476485532e+01 1.583735175e-07 1.457507318e-05 3.979785690e+01 2.193457871e+00
3.194549098e+04 3.591164391e+01 3.492037200e+01 1.574415537e-07 1.453297750e-05 3.947174204e+01 2.193430245e+00
3.203206413e+04 3.605609517e+01 3.507485465e+01 1.565270842e-07 1.449154411e-05 3.914842280e+01 2.193402619e+00
3.211863727e+04 3.619942844e+01 3.522830396e+01 1.556296929e-07 1.445076010e-05 3.882788277e+01 2.193374996e+00
3.220521042e+04 3.634164746e+01 3.538072081e+01 1.547489693e-07 1.441061273e-05 3.851010546e+01 2.193347373e+00
3.229178357e+04 3.648275620e+01 3.553210636e+01 1.538845199e-07 1.437108965e-05 3.819507398e+01 2.193319752e+00
3.237835671e+04 3.662275875e+01 3.568246192e+01 1.530359620e-07 1.433217887e-05 3.788277133e+01 2.193292133e+00
3.246492986e+04 3.676165942e+01 3.583178908e+01 1.522029252e-07 1.429386865e-05 3.757318019e+01 2.193264515e+00
3.255150301e+04 3.689946266e+01 3.598008959e+01 1.513850431e-07 1.425614728e-05 3.726628311e+01 2.193236898e+00
3.263807615e+04 3.703617310e+01 3.612736543e+01 1.505819589e-07 1.421900328e-05 3.696206243e+01 2.193209283e+00
3.272464930e+04 3.717179550e+01 3.627361877e+01 1.497933344e-07 1.418242580e-05 3.666050029e+01 2.193181669e+00
3.281122244e+04 3.730633473e+01 3.641885190e+01 1.490188461e-07 1.414640457e-05 3.636157872e+01 2.193154056e+00
3.289779559e+04 3.743979586e+01 3.656306737e+01 1.482581700e-07 1.411092898e-05 3.606527951e+01 2.193126445e+00
3.298436874e+04 3.757218413e+01 3.670626794e+01 1.475109662e-07 1.407598734e-05 3.577158441e+01 2.193098835e+00
3.307094188e+04 3.770350483e+01 3.684845650e+01 1.467769333e-07 1.404156990e-05 3.548047500e+01 2.193071226e+00
3.315751503e+04 3.783376334e+01 3.698963601e+01 1.460557922e-07 1.400766801e-05 3.519193275e+01 2.193043619e+00
3.324408818e+04 3.796296508e+01 3.712980951e+01 1.453472539e-07 1.397427198e-05 3.490593904e+01 2.193016013e+00
3.333066132e+04 3.809111583e+01 3.726898050e+01 1.446510172e-07 1.394137090e-05 3.462247514e+01 2.192988408e+00
3.341723447e+04 3.821822131e+01 3.740715244e+01 1.439668157e-07 1.390895653e-05 3.434152226e+01 2.192960804e+00
3.350380762e+04 3.834428734e+01 3.754432893e+01 1.432943828e-07 1.387701970e-05 3.406306150e+01 2.192933202e+00
3.359038076e+04 3.846931985e+01 3.768051371e+01 1.426334572e-07 1.384555145e-05 3.378707394e+01 2.192905601e+00
3.367695391e+04 3.859332483e+01 3.781571063e+01 1.419837851e-07 1.381454313e-05 3.351354058e+01 2.192878001e+00
3.376352705e+04 3.871630838e+01 3.794992367e+01 1.413451201e-07 1.378398627e-05 3.324244239e+01 2.192850402e+00
3.385010020e+04 3.883827665e+01 3.808315695e+01 1.407172219e-07 1.375387260e-05 3.297376030e+01 2.192822804e+00
3.393667335e+04 3.895923588e+01 3.821541469e+01 1.400998570e-07 1.372419402e-05 3.270747522e+01 2.192795208e+00
3.402324649e+04 3.907919234e+01 3.834670115e+01 1.394927943e-07 1.369494249e-05 3.244356804e+01 2.192767612e+00
3.410981964e+04 3.919815240e+01 3.847702077e+01 1.388958136e-07 1.366611032e-05 3.218201965e+01 2.192740018e+00
3.419639279e+04 3.931612250e+01 3.860637811e+01 1.383087011e-07 1.363768995e-05 3.192281088e+01 2.192712425e+00
3.428296593e+04 3.943310910e+01 3.873477776e+01 1.377312444e-07 1.360967388e-05 3.166592262e+01 2.192684833e+00
3.436953908e+04 3.954911874e+01 3.886222447e+01 1.371632409e-07 1.358205489e-05 3.141133573e+01 2.192657243e+00
3.445611222e+04 3.966415797e+01 3.898872300e+01 1.366044883e-07 1.355482577e-05 3.115903113e+01 2.192629653e+00
3.454268537e+04 3.977823338e+01 3.911427821e+01 1.360547923e-07 1.352797954e-05 3.090898973e+01 2.192602064e+00
3.462925852e+04 3.989135161e+01 3.923889502e+01 1.355139624e-07 1.350150938e-05 3.066119249e+01 2.192574477e+00
3.471583166e+04 4.000351932e+01 3.936257844e+01 1.349818133e-07 1.347540859e-05 3.041562041e+01 2.192546891e+00
3.480240481e+04 4.011474321e+01 3.948533352e+01 1.344581644e-07 1.344967061e-05 3.017225454e+01 2.192519305e+00
3.488897796e+04 4.022503000e+01 3.960716542e+01 1.339428401e-07 1.342428907e-05 2.993107591e+01 2.192491721e+00
3.497555110e+04 4.033438643e+01 3.972807930e+01 1.334356681e-07 1.339925763e-05 2.969206571e+01 2.192464138e+00
3.506212425e+04 4.044281928e+01 3.984808042e+01 1.329364820e-07 1.337457018e-05 2.945520507e+01 2.192436556e+00
3.514869739e+04 4.055033533e+01 3.996717410e+01 1.324451187e-07 1.335022069e-05 2.922047526e+01 2.192408975e+00
3.523527054e+04 4.065694138e+01 4.008536566e+01 1.319614186e-07 1.332620329e-05 2.898785760e+01 2.192381395e+00
3.532184369e+04 4.076264425e+01 4.020266053e+01 1.314852277e-07 1.330251222e-05 2.875733344e+01 2.192353816e+00
3.540841683e+04 4.086745072e+01 4.031906411e+01 1.310163935e-07 1.327914175e-05 2.852888427e+01 2.192326238e+00
3.549498998e+04 4.097136766e+01 4.043458190e+01 1.305547696e-07 1.325608637e-05 2.830249160e+01 2.192298661e+00
3.558156313e+04 4.107440187e+01 4.054921942e+01 1.301002114e-07 1.323334066e-05 2.807813704e+01 2.192271084e+00
3.566813627e+04 4.117656017e+01 4.066298219e+01 1.296525766e-07 1.321089930e-05 2.785580232e+01 2.192243509e+00
3.575470942e+04 4.127784940e+01 4.077587582e+01 1.292117284e-07 1.318875712e-05 2.763546919e+01 2.192215935e+00
3.584128257e+04 4.137827636e+01 4.088790584e+01 1.287775367e-07 1.316690899e-05 2.741711955e+01 2.192188362e+00
3.592785571e+04 4.147784787e+01 4.099907791e+01 1.283498727e-07 1.314534996e-05 2.720073538e+01 2.192160790e+00
3.601442886e+04 4.157657073e+01 4.110939767e+01 1.279286066e-07 1.312407506e-05 2.698629871e+01 2.192133219e+00
3.610100200e+04 4.167445176e+01 4.121887087e+01 1.275135966e-07 1.310307920e-05 2.677379174e+01 2.192105649e+00
3.618757515e+04 4.177149772e+01 4.132750318e+01 1.271047271e-07 1.308235787e-05 2.656319674e+01 2.192078079e+00
3.627414830e+04 4.186771537e+01 4.143530024e+01 1.267019177e-07 1.306190746e-05 2.635449607e+01 2.192050511e+00
3.636072144e+04 4.196311145e+01 4.154226766e+01 1.263050228e-07 1.304172247e-05 2.614767223e+01 2.192022944e+00
3.644729459e+04 4.205769271e+01 4.164841125e+01 1.259139060e-07 1.302179771e-05 2.594270781e+01 2.191995377e+00
3.653386774e+04 4.215146586e+01 4.175373681e+01 1.255284828e-07 1.300212988e-05 2.573958550e+01 2.191967812e+00
3.662044088e+04 4.224443760e+01 4.185825002e+01 1.251486483e-07 1.298271476e-05 2.553828813e+01 2.191940247e+00
3.670701403e+04 4.233661459e+01 4.196195662e+01 1.247742918e-07 1.296354801e-05 2.533879865e+01 2.191912683e+00
3.679358717e+04 4.242800347e+01 4.206486235e+01 1.244053082e-07 1.294462548e-05 2.514110008e+01 2.191885120e+00
3.688016032e+04 4.251861088e+01 4.216697296e+01 1.240415974e-07 1.292594317e-05 2.494517558e+01 2.191857558e+00
3.696673347e+04 4.260844341e+01 4.226829419e+01 1.236830619e-07 1.290749717e-05 2.475100843e+01 2.191829997e+00
3.705330661e+04 4.269750763e+01 4.236883177e+01 1.233296051e-07 1.288928364e-05 2.455858201e+01 2.191802437e+00
3.713987976e+04 4.278581009e+01 4.246859146e+01 1.229811334e-07 1.287129883e-05 2.436787984e+01 2.191774878e+00
3.722645291e+04 4.287335732e+01 4.256757898e+01 1.226375546e-07 1.285353902e-05 2.417888554e+01 2.191747319e+00
3.731302605e+04 4.296015578e+01 4.266580006e+01 1.222987775e-07 1.283600053e-05 2.399158283e+01 2.191719762e+00
3.739959920e+04 4.304621191e+01 4.276326038e+01 1.219647144e-07 1.281867976e-05 2.380595564e+01 2.191692205e+00
3.748617234e+04 4.313153216e+01 4.285996568e+01 1.216352807e-07 1.280157332e-05 2.362198797e+01 2.191664649e+00
3.757274549e+04 4.321612292e+01 4.295592168e+01 1.213103944e-07 1.278467789e-05 2.343966401e+01 2.191637094e+00
3.765931864e+04 4.329999047e+01 4.305113399e+01 1.209899712e-07 1.276798996e-05 2.325896800e+01 2.191609540e+00
3.774589178e+04 4.338314112e+01 4.314560824e+01 1.206739300e-07 1.275150619e-05 2.307988434e+01 2.191581987e+00
3.783246493e+04 4.346558122e+01 4.323935019e+01 1.203621943e-07 1.273522344e-05 2.290239753e+01 2.191554434e+00
3.791903808e+04 4.354731705e+01 4.333236549e+01 1.200546867e-07 1.271913855e-05 2.272649220e+01 2.191526883e+00
3.800561122e+04 4.362835473e+01 4.342465967e+01 1.197513319e-07 1.270324841e-05 2.255215311e+01 2.191499332e+00
3.809218437e+04 4.370870035e+01 4.351623824e+01 1.194520566e-07 1.268754996e-05 2.237936515e+01 2.191471782e+00
3.817875752e+04 4.378836008e+01 4.360710683e+01 1.191567894e-07 1.267204023e-05 2.220811336e+01 2.191444232e+00
3.826533066e+04 4.386734020e+01 4.369727118e+01 1.188654578e-07 1.265671618e-05 2.203838287e+01 2.191416684e+00
3.835190381e+04 4.394564660e+01 4.378673668e+01 1.185779939e-07 1.264157495e-05 2.187015897e+01 2.191389136e+00
3.843847695e+04 4.402328528e+01 4.387550881e+01 1.182943317e-07 1.262661381e-05 2.170342706e+01 2.191361590e+00
3.852505010e+04 4.410026223e+01 4.396359309e+01 1.180144047e-07 1.261182995e-05 2.153817268e+01 2.191334044e+00
3.861162325e+04 4.417658338e+01 4.405099499e+01 1.177381484e-07 1.259722064e-05 2.137438150e+01 2.191306498e+00
3.869819639e+04 4.425225461e+01 4.413771995e+01 1.174654995e-07 1.258278320e-05 2.121203929e+01 2.191278954e+00
3.878476954e+04 4.432728179e+01 4.422377339e+01 1.171963963e-07 1.256851500e-05 2.105113195e+01 2.191251410e+00
3.887134269e+04 4.440167071e+01 4.430916068e+01 1.169307784e-07 1.255441349e-05 2.089164554e+01 2.191223868e+00
3.895791583e+04 4.447542714e+01 4.439388721e+01 1.166685862e-07 1.254047613e-05 2.073356619e+01 2.191196325e+00
3.904448898e+04 4.454855681e+01 4.447795831e+01 1.164097616e-07 1.252670042e-05 2.057688017e+01 2.191168784e+00
3.913106212e+04 4.462106540e+01 4.456137930e+01 1.161542485e-07 1.251308395e-05 2.042157394e+01 2.191141244e+00
3.921763527e+04 4.469295854e+01 4.464415544e+01 1.159019907e-07 1.249962433e-05 2.026763401e+01 2.191113704e+00
3.930420842e+04 4.476424181e+01 4.472629198e+01 1.156529346e-07 1.248631921e-05 2.011504711e+01 2.191086165e+00
3.939078156e+04 4.483492076e+01 4.480779414e+01 1.154070264e-07 1.247316629e-05 1.996380001e+01 2.191058626e+00
3.947735471e+04 4.490500090e+01 4.488866711e+01 1.151642139e-07 1.246016330e-05 1.981387964e+01 2.191031089e+00
3.956392786e+04 4.497448769e+01 4.496891606e+01 1.149244459e-07 1.244730802e-05 1.966527304e+01 2.191003552e+00
3.965050100e+04 4.504338655e+01 4.504854610e+01 1.146876722e-07 1.243459826e-05 1.951796736e+01 2.190976016e+00
3.973707415e+04 4.511170286e+01 4.512756235e+01 1.144538437e-07 1.242203189e-05 1.937194989e+01 2.190948481e+00
3.982364729e+04 4.517944195e+01 4.520596987e+01 1.142229124e-07 1.240960680e-05 1.922720803e+01 2.190920946e+00
3.991022044e+04 4.524660912e+01 4.528377370e+01 1.139948309e-07 1.239732092e-05 1.908372932e+01 2.190893413e+00
3.999679359e+04 4.531320961e+01 4.536097883e+01 1.137695532e-07 1.238517222e-05 1.894150139e+01 2.190865879e+00
4.008336673e+04 4.537924862e+01 4.543759026e+01 1.135470341e-07 1.237315872e-05 1.880051202e+01 2.190838347e+00
4.016993988e+04 4.544473133e+01 4.551361291e+01 1.133272290e-07 1.236127844e-05 1.866074910e+01 2.190810815e+00
4.025651303e+04 4.550966283e+01 4.558905170e+01 1.131100946e-07 1.234952948e-05 1.852220063e+01 2.190783285e+00
4.034308617e+04 4.557404821e+01 4.566391149e+01 1.128955881e-07 1.233790992e-05 1.838485474e+01 2.190755754e+00
4.042965932e+04 4.563789249e+01 4.573819713e+01 1.126836680e-07 1.232641793e-05 1.824869967e+01 2.190728225e+00
4.051623246e+04 4.570120066e+01 4.581191343e+01 1.124742931e-07 1.231505167e-05 1.811372378e+01 2.190700696e+00
4.060280561e+04 4.576397768e+01 4.588506516e+01 1.122674232e-07 1.230380935e-05 1.797991555e+01 2.190673168e+00
4.068937876e+04 4.582622842e+01 4.595765706e+01 1.120630190e-07 1.229268921e-05 1.784726355e+01 2.190645641e+00
4.077595190e+04 4.588795776e+01 4.602969384e+01 1.118610418e-07 1.228168951e-05 1.771575649e+01 2.190618114e+00
4.086252505e+04 4.594917052e+01 4.610118016e+01 1.116614536e-07 1.227080855e-05 1.758538319e+01 2.190590588e+00
4.094909820e+04 4.600987145e+01 4.617212069e+01 1.114642176e-07 1.226004467e-05 1.745613257e+01 2.190563063e+00
4.103567134e+04 4.607006530e+01 4.624252001e+01 1.112692972e-07 1.224939622e-05 1.732799367e+01 2.190535538e+00
4.112224449e+04 4.612975675e+01 4.631238270e+01 1.110766570e-07 1.223886160e-05 1.720095564e+01 2.190508015e+00
4.120881764e+04 4.618895046e+01 4.638171330e+01 1.108862617e-07 1.222843922e-05 1.707500774e+01 2.190480491e+00
4.129539078e+04 4.624765102e+01 4.645051631e+01 1.106980771e-07 1.221812751e-05 1.695013933e+01 2.190452969e+00
4.138196393e+04 4.630586300e+01 4.651879621e+01 1.105120690e-07 1.220792492e-05 1.682633989e+01 2.190425447e+00
4.146853707e+04 4.636359091e+01 4.658655741e+01 1.103282042e-07 1.219782995e-05 1.670359899e+01 2.190397926e+00
4.155511022e+04 4.642083924e+01 4.665380433e+01 1.101464500e-07 1.218784108e-05 1.658190633e+01 2.190370405e+00
4.164168337e+04 4.647761243e+01 4.672054133e+01 1.099667754e-07 1.217795692e-05 1.646125169e+01 2.190342886e+00
4.172825651e+04 4.653391488e+01 4.678677276e+01 1.097891489e-07 1.216817602e-05 1.634162498e+01 2.190315367e+00
4.181482966e+04 4.658975096e+01 4.685250290e+01 1.096135398e-07 1.215849697e-05 1.622301619e+01 2.190287848e+00
4.190140281e+04 4.664512497e+01 4.691773602e+01 1.094399180e-07 1.214891839e-05 1.610541542e+01 2.190260330e+00
4.198797595e+04 4.670004119e+01 4.698247636e+01 1.092682541e-07 1.213943891e-05 1.598881289e+01 2.190232813e+00
4.207454910e+04 4.675450387e+01 4.704672811e+01 1.090985191e-07 1.213005720e-05 1.587319890e+01 2.190205297e+00
4.216112224e+04 4.680851719e+01 4.711049543e+01 1.089306846e-07 1.212077196e-05 1.575856386e+01 2.190177781e+00
4.224769539e+04 4.686208532e+01 4.717378246e+01 1.087647219e-07 1.211158183e-05 1.564489826e+01 2.190150266e+00
4.233426854e+04 4.691521237e+01 4.723659327e+01 1.086006034e-07 1.210248554e-05 1.553219272e+01 2.190122752e+00
4.242084168e+04 4.696790241e+01 4.729893194e+01 1.084383018e-07 1.209348181e-05 1.542043793e+01 2.190095238e+00
4.250741483e+04 4.702015951e+01 4.736080250e+01 1.082777915e-07 1.208456945e-05 1.530962470e+01 2.190067725e+00
4.259398798e+04 4.707198766e+01 4.742220895e+01 1.081190472e-07 1.207574730e-05 1.519974392e+01 2.190040212e+00
4.268056112e+04 4.712339084e+01 4.748315526e+01 1.079620432e-07 1.206701415e-05 1.509078657e+01 2.190012700e+00
4.276713427e+04 4.717437298e+01 4.754364537e+01 1.078067551e-07 1.205836885e-05 1.498274373e+01 2.189985189e+00
4.285370741e+04 4.722493795e+01 4.760368314e+01 1.076531568e-07 1.204981018e-05 1.487560658e+01 2.189957679e+00
4.294028056e+04 4.727508961e+01 4.766327245e+01 1.075012247e-07 1.204133703e-05 1.476936639e+01 2.189930169e+00
4.302685371e+04 4.732483177e+01 4.772241713e+01 1.073509348e-07 1.203294828e-05 1.466401451e+01 2.189902660e+00
4.311342685e+04 4.737416821e+01 4.778112097e+01 1.072022639e-07 1.202464281e-05 1.455954238e+01 2.189875151e+00
4.320000000e+04 4.742310267e+01 4.783938774e+01 1.070551888e-07 1.201641955e-05 1.445594155e+01 2.189847643e+00
