time            Cj              Ck             
0.000000000e+00 4.000000000e+00 0.000000000e+00
1.803607214e+00 2.856640789e+00 2.491670216e-02
3.607214429e+00 2.213875635e+00 1.241549648e-01
5.410821643e+00 1.856875694e+00 2.852607891e-01
7.214428858e+00 1.669581081e+00 4.763561058e-01
9.018036072e+00 1.588410329e+00 6.739820333e-01
1.082164329e+01 1.577726724e+00 8.664760473e-01
1.262525050e+01 1.616946481e+00 1.050636726e+00
1.442885772e+01 1.693796785e+00 1.227909896e+00
1.623246493e+01 1.800770416e+00 1.401714060e+00
1.803607214e+01 1.933222818e+00 1.575930883e+00
1.983967936e+01 2.088312045e+00 1.754198844e+00
2.164328657e+01 2.264377294e+00 1.939666114e+00
2.344689379e+01 2.460553009e+00 2.134968693e+00
2.525050100e+01 2.676515673e+00 2.342298703e+00
2.705410822e+01 2.912309828e+00 2.563494578e+00
2.885771543e+01 3.168223963e+00 2.800123231e+00
3.066132265e+01 3.444699244e+00 3.053544483e+00
3.246492986e+01 3.742260680e+00 3.324956805e+00
3.426853707e+01 4.061463837e+00 3.615427440e+00
3.607214429e+01 4.402852648e+00 3.925910507e+00
3.787575150e+01 4.766925511e+00 4.257256432e+00
3.967935872e+01 5.154107700e+00 4.610215689e+00
4.148296593e+01 5.564728981e+00 4.985439067e+00
4.328657315e+01 5.999005826e+00 5.383476139e+00
4.509018036e+01 6.457027830e+00 5.804773207e+00
4.689378758e+01 6.938748203e+00 6.249671600e+00
4.869739479e+01 7.443978078e+00 6.718406796e+00
5.050100200e+01 7.972384451e+00 7.211108589e+00
5.230460922e+01 8.523491344e+00 7.727802169e+00
5.410821643e+01 9.096683598e+00 8.268409734e+00
5.591182365e+01 9.691212603e+00 8.832752026e+00
5.771543086e+01 1.030620303e+01 9.420549025e+00
5.951903808e+01 1.094065962e+01 1.003141891e+01
6.132264529e+01 1.159347328e+01 1.066487467e+01
6.312625251e+01 1.226342532e+01 1.132031748e+01
6.492985972e+01 1.294918959e+01 1.199702680e+01
6.673346693e+01 1.364933253e+01 1.269414700e+01
6.853707415e+01 1.436231096e+01 1.341067155e+01
7.034068136e+01 1.508646880e+01 1.414542543e+01
7.214428858e+01 1.582003360e+01 1.489704769e+01
7.394789579e+01 1.656111459e+01 1.566397615e+01
7.575150301e+01 1.730770388e+01 1.644443637e+01
7.755511022e+01 1.805768223e+01 1.723643724e+01
7.935871743e+01 1.880883135e+01 1.803777538e+01
8.116232465e+01 1.955885302e+01 1.884604957e+01
8.296593186e+01 2.030539567e+01 1.965868603e+01
8.476953908e+01 2.104608793e+01 2.047297465e+01
8.657314629e+01 2.177857772e+01 2.128611463e+01
8.837675351e+01 2.250057525e+01 2.209526785e+01
9.018036072e+01 2.320989721e+01 2.289761694e+01
9.198396794e+01 2.390450985e+01 2.369042499e+01
9.378757515e+01 2.458256799e+01 2.447109323e+01
9.559118236e+01 2.524244797e+01 2.523721361e+01
9.739478958e+01 2.588277253e+01 2.598661354e+01
9.919839679e+01 2.650242667e+01 2.671739061e+01
1.010020040e+02 2.710056411e+01 2.742793622e+01
1.028056112e+02 2.767660452e+01 2.811694773e+01
1.046092184e+02 2.823022266e+01 2.878342961e+01
1.064128257e+02 2.876133066e+01 2.942668484e+01
1.082164329e+02 2.927005502e+01 3.004629790e+01
1.100200401e+02 2.975671011e+01 3.064211148e+01
1.118236473e+02 3.022176986e+01 3.121419879e+01
1.136272545e+02 3.066583894e+01 3.176283312e+01
1.154308617e+02 3.108962481e+01 3.228845663e+01
1.172344689e+02 3.149391156e+01 3.279164955e+01
1.190380762e+02 3.187953615e+01 3.327310088e+01
1.208416834e+02 3.224736748e+01 3.373358146e+01
1.226452906e+02 3.259828852e+01 3.417391982e+01
1.244488978e+02 3.293318137e+01 3.459498113e+01
1.262525050e+02 3.325291525e+01 3.499764922e+01
1.280561122e+02 3.355833711e+01 3.538281169e+01
1.298597194e+02 3.385026454e+01 3.575134777e+01
1.316633267e+02 3.412948077e+01 3.610411885e+01
1.334669339e+02 3.439673135e+01 3.644196112e+01
1.352705411e+02 3.465272225e+01 3.676568034e+01
1.370741483e+02 3.489811912e+01 3.707604812e+01
1.388777555e+02 3.513354735e+01 3.737379960e+01
1.406813627e+02 3.535959294e+01 3.765963228e+01
1.424849699e+02 3.557680373e+01 3.793420568e+01
1.442885772e+02 3.578569107e+01 3.819814164e+01
1.460921844e+02 3.598673165e+01 3.845202524e+01
1.478957916e+02 3.618036952e+01 3.869640597e+01
1.496993988e+02 3.636701808e+01 3.893179924e+01
1.515030060e+02 3.654706216e+01 3.915868802e+01
1.533066132e+02 3.672086000e+01 3.937752460e+01
1.551102204e+02 3.688874513e+01 3.958873231e+01
1.569138277e+02 3.705102825e+01 3.979270737e+01
1.587174349e+02 3.720799895e+01 3.998982058e+01
1.605210421e+02 3.735992729e+01 4.018041904e+01
1.623246493e+02 3.750706534e+01 4.036482771e+01
1.641282565e+02 3.764964855e+01 4.054335101e+01
1.659318637e+02 3.778789704e+01 4.071627420e+01
1.677354709e+02 3.792201681e+01 4.088386475e+01
1.695390782e+02 3.805220080e+01 4.104637365e+01
1.713426854e+02 3.817862990e+01 4.120403651e+01
1.731462926e+02 3.830147386e+01 4.135707472e+01
1.749498998e+02 3.842089214e+01 4.150569641e+01
1.767535070e+02 3.853703468e+01 4.165009744e+01
1.785571142e+02 3.865004257e+01 4.179046221e+01
1.803607214e+02 3.876004873e+01 4.192696452e+01
1.821643287e+02 3.886717848e+01 4.205976825e+01
1.839679359e+02 3.897155009e+01 4.218902810e+01
1.857715431e+02 3.907327526e+01 4.231489015e+01
1.875751503e+02 3.917245959e+01 4.243749251e+01
1.893787575e+02 3.926920299e+01 4.255696582e+01
1.911823647e+02 3.936360007e+01 4.267343373e+01
1.929859719e+02 3.945574046e+01 4.278701340e+01
1.947895792e+02 3.954570919e+01 4.289781588e+01
1.965931864e+02 3.963358695e+01 4.300594652e+01
1.983967936e+02 3.971945039e+01 4.311150536e+01
2.002004008e+02 3.980337233e+01 4.321458740e+01
2.020040080e+02 3.988542205e+01 4.331528294e+01
2.038076152e+02 3.996566547e+01 4.341367788e+01
2.056112224e+02 4.004416539e+01 4.350985399e+01
2.074148297e+02 4.012098165e+01 4.360388914e+01
2.092184369e+02 4.019617130e+01 4.369585755e+01
2.110220441e+02 4.026978879e+01 4.378582995e+01
2.128256513e+02 4.034188607e+01 4.387387386e+01
2.146292585e+02 4.041251280e+01 4.396005372e+01
2.164328657e+02 4.048171644e+01 4.404443109e+01
2.182364729e+02 4.054954235e+01 4.412706477e+01
2.200400802e+02 4.061603395e+01 4.420801103e+01
2.218436874e+02 4.068123282e+01 4.428732366e+01
2.236472946e+02 4.074517874e+01 4.436505414e+01
2.254509018e+02 4.080790983e+01 4.444125176e+01
2.272545090e+02 4.086946270e+01 4.451596381e+01
2.290581162e+02 4.092987245e+01 4.458923562e+01
2.308617234e+02 4.098917273e+01 4.466111057e+01
2.326653307e+02 4.104739585e+01 4.473163035e+01
2.344689379e+02 4.110457285e+01 4.480083493e+01
2.362725451e+02 4.116073356e+01 4.486876273e+01
2.380761523e+02 4.121590664e+01 4.493545064e+01
2.398797595e+02 4.127011968e+01 4.500093411e+01
2.416833667e+02 4.132339920e+01 4.506524723e+01
2.434869739e+02 4.137577073e+01 4.512842279e+01
2.452905812e+02 4.142725886e+01 4.519049234e+01
2.470941884e+02 4.147788727e+01 4.525148625e+01
2.488977956e+02 4.152767878e+01 4.531143378e+01
2.507014028e+02 4.157665538e+01 4.537036309e+01
2.525050100e+02 4.162483829e+01 4.542830134e+01
2.543086172e+02 4.167224797e+01 4.548527468e+01
2.561122244e+02 4.171890414e+01 4.554130838e+01
2.579158317e+02 4.176482589e+01 4.559642676e+01
2.597194389e+02 4.181003159e+01 4.565065334e+01
2.615230461e+02 4.185453904e+01 4.570401078e+01
2.633266533e+02 4.189836540e+01 4.575652100e+01
2.651302605e+02 4.194152727e+01 4.580820514e+01
2.669338677e+02 4.198404071e+01 4.585908366e+01
2.687374749e+02 4.202592123e+01 4.590917630e+01
2.705410822e+02 4.206718385e+01 4.595850218e+01
2.723446894e+02 4.210784310e+01 4.600707977e+01
2.741482966e+02 4.214791304e+01 4.605492693e+01
2.759519038e+02 4.218740731e+01 4.610206098e+01
2.777555110e+02 4.222633908e+01 4.614849865e+01
2.795591182e+02 4.226472113e+01 4.619425615e+01
2.813627255e+02 4.230256586e+01 4.623934919e+01
2.831663327e+02 4.233988526e+01 4.628379298e+01
2.849699399e+02 4.237669097e+01 4.632760224e+01
2.867735471e+02 4.241299428e+01 4.637079127e+01
2.885771543e+02 4.244880614e+01 4.641337392e+01
2.903807615e+02 4.248413717e+01 4.645536361e+01
2.921843687e+02 4.251899768e+01 4.649677338e+01
2.939879760e+02 4.255339768e+01 4.653761588e+01
2.957915832e+02 4.258734689e+01 4.657790335e+01
2.975951904e+02 4.262085474e+01 4.661764772e+01
2.993987976e+02 4.265393043e+01 4.665686057e+01
3.012024048e+02 4.268658283e+01 4.669555306e+01
3.030060120e+02 4.271882062e+01 4.673373616e+01
3.048096192e+02 4.275065221e+01 4.677142045e+01
3.066132265e+02 4.278208580e+01 4.680861623e+01
3.084168337e+02 4.281312934e+01 4.684533351e+01
3.102204409e+02 4.284379056e+01 4.688158201e+01
3.120240481e+02 4.287407701e+01 4.691737121e+01
3.138276553e+02 4.290399601e+01 4.695271030e+01
3.156312625e+02 4.293355470e+01 4.698760824e+01
3.174348697e+02 4.296276002e+01 4.702207375e+01
3.192384770e+02 4.299161873e+01 4.705611529e+01
3.210420842e+02 4.302013742e+01 4.708974113e+01
3.228456914e+02 4.304832250e+01 4.712295930e+01
3.246492986e+02 4.307618022e+01 4.715577762e+01
3.264529058e+02 4.310371668e+01 4.718820372e+01
3.282565130e+02 4.313093780e+01 4.722024502e+01
3.300601202e+02 4.315784938e+01 4.725190874e+01
3.318637275e+02 4.318445704e+01 4.728320195e+01
3.336673347e+02 4.321076630e+01 4.731413151e+01
3.354709419e+02 4.323678252e+01 4.734470411e+01
3.372745491e+02 4.326251093e+01 4.737492631e+01
3.390781563e+02 4.328795663e+01 4.740480444e+01
3.408817635e+02 4.331312459e+01 4.743434471e+01
3.426853707e+02 4.333801969e+01 4.746355320e+01
3.444889780e+02 4.336264667e+01 4.749243581e+01
3.462925852e+02 4.338701014e+01 4.752099829e+01
3.480961924e+02 4.341111465e+01 4.754924630e+01
3.498997996e+02 4.343496460e+01 4.757718531e+01
3.517034068e+02 4.345856431e+01 4.760482068e+01
3.535070140e+02 4.348191799e+01 4.763215767e+01
3.553106212e+02 4.350502975e+01 4.765920138e+01
3.571142285e+02 4.352790362e+01 4.768595680e+01
3.589178357e+02 4.355054354e+01 4.771242882e+01
3.607214429e+02 4.357295333e+01 4.773862220e+01
3.625250501e+02 4.359513675e+01 4.776454159e+01
3.643286573e+02 4.361709748e+01 4.779019155e+01
3.661322645e+02 4.363883910e+01 4.781557653e+01
3.679358717e+02 4.366036513e+01 4.784070087e+01
3.697394790e+02 4.368167899e+01 4.786556884e+01
3.715430862e+02 4.370278405e+01 4.789018457e+01
3.733466934e+02 4.372368359e+01 4.791455214e+01
3.751503006e+02 4.374438084e+01 4.793867555e+01
3.769539078e+02 4.376487893e+01 4.796255866e+01
3.787575150e+02 4.378518095e+01 4.798620530e+01
3.805611222e+02 4.380528991e+01 4.800961917e+01
3.823647295e+02 4.382520877e+01 4.803280393e+01
3.841683367e+02 4.384494041e+01 4.805576314e+01
3.859719439e+02 4.386448766e+01 4.807850028e+01
3.877755511e+02 4.388385328e+01 4.810101878e+01
3.895791583e+02 4.390304000e+01 4.812332199e+01
3.913827655e+02 4.392205046e+01 4.814541317e+01
3.931863727e+02 4.394088729e+01 4.816729553e+01
3.949899800e+02 4.395955301e+01 4.818897222e+01
3.967935872e+02 4.397805014e+01 4.821044632e+01
3.985971944e+02 4.399638112e+01 4.823172083e+01
4.004008016e+02 4.401454836e+01 4.825279871e+01
4.022044088e+02 4.403255421e+01 4.827368286e+01
4.040080160e+02 4.405040097e+01 4.829437611e+01
4.058116232e+02 4.406809091e+01 4.831488124e+01
4.076152305e+02 4.408562624e+01 4.833520097e+01
4.094188377e+02 4.410300914e+01 4.835533798e+01
4.112224449e+02 4.412024174e+01 4.837529487e+01
4.130260521e+02 4.413732613e+01 4.839507422e+01
4.148296593e+02 4.415426437e+01 4.841467855e+01
4.166332665e+02 4.417105846e+01 4.843411032e+01
4.184368737e+02 4.418771039e+01 4.845337196e+01
4.202404810e+02 4.420422209e+01 4.847246584e+01
4.220440882e+02 4.422059547e+01 4.849139429e+01
4.238476954e+02 4.423683239e+01 4.851015961e+01
4.256513026e+02 4.425293469e+01 4.852876402e+01
4.274549098e+02 4.426890416e+01 4.854720973e+01
4.292585170e+02 4.428474257e+01 4.856549891e+01
4.310621242e+02 4.430045165e+01 4.858363367e+01
4.328657315e+02 4.431603308e+01 4.860161606e+01
4.346693387e+02 4.433148856e+01 4.861944815e+01
4.364729459e+02 4.434681972e+01 4.863713194e+01
4.382765531e+02 4.436202817e+01 4.865466940e+01
4.400801603e+02 4.437711549e+01 4.867206246e+01
4.418837675e+02 4.439208325e+01 4.868931302e+01
4.436873747e+02 4.440693295e+01 4.870642294e+01
4.454909820e+02 4.442166612e+01 4.872339406e+01
4.472945892e+02 4.443628423e+01 4.874022816e+01
4.490981964e+02 4.445078871e+01 4.875692703e+01
4.509018036e+02 4.446518100e+01 4.877349238e+01
4.527054108e+02 4.447946249e+01 4.878992593e+01
4.545090180e+02 4.449363457e+01 4.880622935e+01
4.563126253e+02 4.450769857e+01 4.882240429e+01
4.581162325e+02 4.452165584e+01 4.883845236e+01
4.599198397e+02 4.453550767e+01 4.885437514e+01
4.617234469e+02 4.454925536e+01 4.887017421e+01
4.635270541e+02 4.456290015e+01 4.888585110e+01
4.653306613e+02 4.457644330e+01 4.890140732e+01
4.671342685e+02 4.458988604e+01 4.891684435e+01
4.689378758e+02 4.460322954e+01 4.893216366e+01
4.707414830e+02 4.461647501e+01 4.894736666e+01
4.725450902e+02 4.462962360e+01 4.896245479e+01
4.743486974e+02 4.464267647e+01 4.897742944e+01
4.761523046e+02 4.465563472e+01 4.899229195e+01
4.779559118e+02 4.466849948e+01 4.900704368e+01
4.797595190e+02 4.468127183e+01 4.902168595e+01
4.815631263e+02 4.469395284e+01 4.903622005e+01
4.833667335e+02 4.470654357e+01 4.905064727e+01
4.851703407e+02 4.471904505e+01 4.906496886e+01
4.869739479e+02 4.473145831e+01 4.907918606e+01
4.887775551e+02 4.474378435e+01 4.909330008e+01
4.905811623e+02 4.475602415e+01 4.910731213e+01
4.923847695e+02 4.476817871e+01 4.912122337e+01
4.941883768e+02 4.478024896e+01 4.913503498e+01
4.959919840e+02 4.479223586e+01 4.914874809e+01
4.977955912e+02 4.480414034e+01 4.916236382e+01
4.995991984e+02 4.481596331e+01 4.917588328e+01
5.014028056e+02 4.482770566e+01 4.918930757e+01
5.032064128e+02 4.483936830e+01 4.920263775e+01
5.050100200e+02 4.485095210e+01 4.921587488e+01
5.068136273e+02 4.486245791e+01 4.922902000e+01
5.086172345e+02 4.487388658e+01 4.924207413e+01
5.104208417e+02 4.488523895e+01 4.925503828e+01
5.122244489e+02 4.489651585e+01 4.926791345e+01
5.140280561e+02 4.490771808e+01 4.928070061e+01
5.158316633e+02 4.491884644e+01 4.929340073e+01
5.176352705e+02 4.492990172e+01 4.930601475e+01
5.194388778e+02 4.494088470e+01 4.931854361e+01
5.212424850e+02 4.495179615e+01 4.933098824e+01
5.230460922e+02 4.496263680e+01 4.934334953e+01
5.248496994e+02 4.497340741e+01 4.935562839e+01
5.266533066e+02 4.498410871e+01 4.936782569e+01
5.284569138e+02 4.499474142e+01 4.937994230e+01
5.302605210e+02 4.500530624e+01 4.939197908e+01
5.320641283e+02 4.501580389e+01 4.940393686e+01
5.338677355e+02 4.502623505e+01 4.941581649e+01
5.356713427e+02 4.503660040e+01 4.942761878e+01
5.374749499e+02 4.504690061e+01 4.943934453e+01
5.392785571e+02 4.505713635e+01 4.945099454e+01
5.410821643e+02 4.506730826e+01 4.946256959e+01
5.428857715e+02 4.507741700e+01 4.947407046e+01
5.446893788e+02 4.508746319e+01 4.948549792e+01
5.464929860e+02 4.509744746e+01 4.949685270e+01
5.482965932e+02 4.510737043e+01 4.950813556e+01
5.501002004e+02 4.511723271e+01 4.951934722e+01
5.519038076e+02 4.512703490e+01 4.953048840e+01
5.537074148e+02 4.513677759e+01 4.954155982e+01
5.555110220e+02 4.514646137e+01 4.955256218e+01
5.573146293e+02 4.515608681e+01 4.956349616e+01
5.591182365e+02 4.516565448e+01 4.957436245e+01
5.609218437e+02 4.517516494e+01 4.958516171e+01
5.627254509e+02 4.518461875e+01 4.959589462e+01
5.645290581e+02 4.519401645e+01 4.960656183e+01
5.663326653e+02 4.520335858e+01 4.961716398e+01
5.681362725e+02 4.521264567e+01 4.962770171e+01
5.699398798e+02 4.522187824e+01 4.963817564e+01
5.717434870e+02 4.523105683e+01 4.964858640e+01
5.735470942e+02 4.524018192e+01 4.965893460e+01
5.753507014e+02 4.524925404e+01 4.966922084e+01
5.771543086e+02 4.525827368e+01 4.967944572e+01
5.789579158e+02 4.526724133e+01 4.968960982e+01
5.807615230e+02 4.527615747e+01 4.969971372e+01
5.825651303e+02 4.528502258e+01 4.970975801e+01
5.843687375e+02 4.529383715e+01 4.971974323e+01
5.861723447e+02 4.530260162e+01 4.972966995e+01
5.879759519e+02 4.531131648e+01 4.973953872e+01
5.897795591e+02 4.531998216e+01 4.974935008e+01
5.915831663e+02 4.532859912e+01 4.975910457e+01
5.933867735e+02 4.533716780e+01 4.976880272e+01
5.951903808e+02 4.534568864e+01 4.977844505e+01
5.969939880e+02 4.535416208e+01 4.978803207e+01
5.987975952e+02 4.536258853e+01 4.979756431e+01
6.006012024e+02 4.537096843e+01 4.980704224e+01
6.024048096e+02 4.537930219e+01 4.981646639e+01
6.042084168e+02 4.538759022e+01 4.982583723e+01
6.060120240e+02 4.539583292e+01 4.983515525e+01
6.078156313e+02 4.540403071e+01 4.984442093e+01
6.096192385e+02 4.541218397e+01 4.985363474e+01
6.114228457e+02 4.542029310e+01 4.986279715e+01
6.132264529e+02 4.542835848e+01 4.987190862e+01
6.150300601e+02 4.543638050e+01 4.988096960e+01
6.168336673e+02 4.544435953e+01 4.988998054e+01
6.186372745e+02 4.545229595e+01 4.989894189e+01
6.204408818e+02 4.546019013e+01 4.990785409e+01
6.222444890e+02 4.546804243e+01 4.991671756e+01
6.240480962e+02 4.547585321e+01 4.992553275e+01
6.258517034e+02 4.548362282e+01 4.993430006e+01
6.276553106e+02 4.549135163e+01 4.994301992e+01
6.294589178e+02 4.549903997e+01 4.995169274e+01
6.312625251e+02 4.550668819e+01 4.996031893e+01
6.330661323e+02 4.551429663e+01 4.996889890e+01
6.348697395e+02 4.552186562e+01 4.997743303e+01
6.366733467e+02 4.552939550e+01 4.998592172e+01
6.384769539e+02 4.553688659e+01 4.999436537e+01
6.402805611e+02 4.554433922e+01 5.000276436e+01
6.420841683e+02 4.555175371e+01 5.001111906e+01
6.438877756e+02 4.555913037e+01 5.001942986e+01
6.456913828e+02 4.556646951e+01 5.002769712e+01
6.474949900e+02 4.557377146e+01 5.003592121e+01
6.492985972e+02 4.558103650e+01 5.004410249e+01
6.511022044e+02 4.558826496e+01 5.005224133e+01
6.529058116e+02 4.559545711e+01 5.006033807e+01
6.547094188e+02 4.560261326e+01 5.006839306e+01
6.565130261e+02 4.560973370e+01 5.007640666e+01
6.583166333e+02 4.561681873e+01 5.008437920e+01
6.601202405e+02 4.562386862e+01 5.009231102e+01
6.619238477e+02 4.563088365e+01 5.010020247e+01
6.637274549e+02 4.563786412e+01 5.010805386e+01
6.655310621e+02 4.564481029e+01 5.011586553e+01
6.673346693e+02 4.565172244e+01 5.012363779e+01
6.691382766e+02 4.565860084e+01 5.013137097e+01
6.709418838e+02 4.566544575e+01 5.013906539e+01
6.727454910e+02 4.567225744e+01 5.014672136e+01
6.745490982e+02 4.567903617e+01 5.015433918e+01
6.763527054e+02 4.568578221e+01 5.016191917e+01
6.781563126e+02 4.569249580e+01 5.016946162e+01
6.799599198e+02 4.569917720e+01 5.017696684e+01
6.817635271e+02 4.570582666e+01 5.018443511e+01
6.835671343e+02 4.571244443e+01 5.019186674e+01
6.853707415e+02 4.571903075e+01 5.019926202e+01
6.871743487e+02 4.572558586e+01 5.020662122e+01
6.889779559e+02 4.573211001e+01 5.021394463e+01
6.907815631e+02 4.573860344e+01 5.022123254e+01
6.925851703e+02 4.574506637e+01 5.022848522e+01
6.943887776e+02 4.575149904e+01 5.023570294e+01
6.961923848e+02 4.575790168e+01 5.024288598e+01
6.979959920e+02 4.576427452e+01 5.025003460e+01
6.997995992e+02 4.577061778e+01 5.025714907e+01
7.016032064e+02 4.577693169e+01 5.026422966e+01
7.034068136e+02 4.578321646e+01 5.027127661e+01
7.052104208e+02 4.578947232e+01 5.027829020e+01
7.070140281e+02 4.579569948e+01 5.028527066e+01
7.088176353e+02 4.580189815e+01 5.029221827e+01
7.106212425e+02 4.580806854e+01 5.029913326e+01
7.124248497e+02 4.581421088e+01 5.030601588e+01
7.142284569e+02 4.582032535e+01 5.031286638e+01
7.160320641e+02 4.582641217e+01 5.031968500e+01
7.178356713e+02 4.583247155e+01 5.032647197e+01
7.196392786e+02 4.583850367e+01 5.033322753e+01
7.214428858e+02 4.584450874e+01 5.033995193e+01
7.232464930e+02 4.585048696e+01 5.034664538e+01
7.250501002e+02 4.585643853e+01 5.035330812e+01
7.268537074e+02 4.586236363e+01 5.035994038e+01
7.286573146e+02 4.586826246e+01 5.036654237e+01
7.304609218e+02 4.587413520e+01 5.037311433e+01
7.322645291e+02 4.587998204e+01 5.037965648e+01
7.340681363e+02 4.588580317e+01 5.038616902e+01
7.358717435e+02 4.589159878e+01 5.039265218e+01
7.376753507e+02 4.589736904e+01 5.039910617e+01
7.394789579e+02 4.590311413e+01 5.040553121e+01
7.412825651e+02 4.590883424e+01 5.041192749e+01
7.430861723e+02 4.591452953e+01 5.041829524e+01
7.448897796e+02 4.592020019e+01 5.042463465e+01
7.466933868e+02 4.592584638e+01 5.043094592e+01
7.484969940e+02 4.593146829e+01 5.043722927e+01
7.503006012e+02 4.593706607e+01 5.044348489e+01
7.521042084e+02 4.594263990e+01 5.044971297e+01
7.539078156e+02 4.594818994e+01 5.045591371e+01
7.557114228e+02 4.595371636e+01 5.046208731e+01
7.575150301e+02 4.595921932e+01 5.046823395e+01
7.593186373e+02 4.596469898e+01 5.047435383e+01
7.611222445e+02 4.597015551e+01 5.048044714e+01
7.629258517e+02 4.597558906e+01 5.048651405e+01
7.647294589e+02 4.598099978e+01 5.049255476e+01
7.665330661e+02 4.598638785e+01 5.049856945e+01
7.683366733e+02 4.599175340e+01 5.050455829e+01
7.701402806e+02 4.599709660e+01 5.051052147e+01
7.719438878e+02 4.600241759e+01 5.051645917e+01
7.737474950e+02 4.600771652e+01 5.052237156e+01
7.755511022e+02 4.601299354e+01 5.052825881e+01
7.773547094e+02 4.601824881e+01 5.053412110e+01
7.791583166e+02 4.602348246e+01 5.053995859e+01
7.809619238e+02 4.602869464e+01 5.054577146e+01
7.827655311e+02 4.603388549e+01 5.055155988e+01
7.845691383e+02 4.603905516e+01 5.055732401e+01
7.863727455e+02 4.604420378e+01 5.056306401e+01
7.881763527e+02 4.604933150e+01 5.056878005e+01
7.899799599e+02 4.605443844e+01 5.057447229e+01
7.917835671e+02 4.605952476e+01 5.058014088e+01
7.935871743e+02 4.606459059e+01 5.058578600e+01
7.953907816e+02 4.606963605e+01 5.059140779e+01
7.971943888e+02 4.607466129e+01 5.059700641e+01
7.989979960e+02 4.607966643e+01 5.060258201e+01
8.008016032e+02 4.608465160e+01 5.060813476e+01
8.026052104e+02 4.608961694e+01 5.061366478e+01
8.044088176e+02 4.609456257e+01 5.061917225e+01
8.062124248e+02 4.609948862e+01 5.062465731e+01
8.080160321e+02 4.610439522e+01 5.063012009e+01
8.098196393e+02 4.610928249e+01 5.063556076e+01
8.116232465e+02 4.611415055e+01 5.064097946e+01
8.134268537e+02 4.611899953e+01 5.064637632e+01
8.152304609e+02 4.612382955e+01 5.065175149e+01
8.170340681e+02 4.612864072e+01 5.065710511e+01
8.188376754e+02 4.613343318e+01 5.066243732e+01
8.206412826e+02 4.613820703e+01 5.066774826e+01
8.224448898e+02 4.614296240e+01 5.067303806e+01
8.242484970e+02 4.614769940e+01 5.067830687e+01
8.260521042e+02 4.615241815e+01 5.068355481e+01
8.278557114e+02 4.615711876e+01 5.068878202e+01
8.296593186e+02 4.616180134e+01 5.069398863e+01
8.314629259e+02 4.616646601e+01 5.069917478e+01
8.332665331e+02 4.617111288e+01 5.070434058e+01
8.350701403e+02 4.617574206e+01 5.070948618e+01
8.368737475e+02 4.618035366e+01 5.071461170e+01
8.386773547e+02 4.618494778e+01 5.071971726e+01
8.404809619e+02 4.618952454e+01 5.072480300e+01
8.422845691e+02 4.619408404e+01 5.072986903e+01
8.440881764e+02 4.619862639e+01 5.073491548e+01
8.458917836e+02 4.620315169e+01 5.073994247e+01
8.476953908e+02 4.620766005e+01 5.074495012e+01
8.494989980e+02 4.621215157e+01 5.074993856e+01
8.513026052e+02 4.621662635e+01 5.075490790e+01
8.531062124e+02 4.622108449e+01 5.075985825e+01
8.549098196e+02 4.622552610e+01 5.076478975e+01
8.567134269e+02 4.622995128e+01 5.076970250e+01
8.585170341e+02 4.623436011e+01 5.077459661e+01
8.603206413e+02 4.623875271e+01 5.077947221e+01
8.621242485e+02 4.624312917e+01 5.078432941e+01
8.639278557e+02 4.624748958e+01 5.078916831e+01
8.657314629e+02 4.625183404e+01 5.079398903e+01
8.675350701e+02 4.625616265e+01 5.079879168e+01
8.693386774e+02 4.626047550e+01 5.080357637e+01
8.711422846e+02 4.626477268e+01 5.080834321e+01
8.729458918e+02 4.626905429e+01 5.081309230e+01
8.747494990e+02 4.627332042e+01 5.081782376e+01
8.765531062e+02 4.627757116e+01 5.082253768e+01
8.783567134e+02 4.628180659e+01 5.082723418e+01
8.801603206e+02 4.628602682e+01 5.083191335e+01
8.819639279e+02 4.629023192e+01 5.083657530e+01
8.837675351e+02 4.629442199e+01 5.084122014e+01
8.855711423e+02 4.629859711e+01 5.084584796e+01
8.873747495e+02 4.630275737e+01 5.085045887e+01
8.891783567e+02 4.630690286e+01 5.085505296e+01
8.909819639e+02 4.631103367e+01 5.085963034e+01
8.927855711e+02 4.631514987e+01 5.086419109e+01
8.945891784e+02 4.631925155e+01 5.086873533e+01
8.963927856e+02 4.632333879e+01 5.087326315e+01
8.981963928e+02 4.632741168e+01 5.087777464e+01
9.000000000e+02 4.633147030e+01 5.088226989e+01
