time            Cj              Ck              Br              shCj            shCk            shBr           
0.000000000e+00 1.000000000e+01 1.000000000e-05 1.000000000e+01 0.000000000e+00 0.000000000e+00 1.000000000e+01
3.006012024e+01 6.885586157e+00 7.102509476e-02 9.954242759e+00 6.379543826e-05 3.764843601e-02 9.999882296e+00
6.012024048e+01 6.869931981e+00 1.499556831e-01 9.901651177e+00 2.423947933e-04 6.137512030e-02 9.999528624e+00
9.018036072e+01 6.847473217e+00 2.282166972e-01 9.848900513e+00 4.530704794e-04 7.687679731e-02 9.999014761e+00
1.202404810e+02 6.820592298e+00 3.056903841e-01 9.796055703e+00 6.517570826e-04 8.692379252e-02 9.998395867e+00
1.503006012e+02 6.791084191e+00 3.823375664e-01 9.743155337e+00 8.205685437e-04 9.337160461e-02 9.997708697e+00
1.803607214e+02 6.760129249e+00 4.581520634e-01 9.690225872e+00 9.552643978e-04 9.745400796e-02 9.996977619e+00
2.104208417e+02 6.728497584e+00 5.331443274e-01 9.637285719e+00 1.058078574e-03 9.998708161e-02 9.996218728e+00
2.404809619e+02 6.696687749e+00 6.073323231e-01 9.584347976e+00 1.133800642e-03 1.015083743e-01 9.995442621e+00
2.705410822e+02 6.665019612e+00 6.807366248e-01 9.531422234e+00 1.187761297e-03 1.023709744e-01 9.994656252e+00
3.006012024e+02 6.633695896e+00 7.533779937e-01 9.478515786e+00 1.224886965e-03 1.028060427e-01 9.993864172e+00
3.306613226e+02 6.602842985e+00 8.252762762e-01 9.425634418e+00 1.249341832e-03 1.029647187e-01 9.993069348e+00
3.607214429e+02 6.572537492e+00 8.964499827e-01 9.372782926e+00 1.264460772e-03 1.029455559e-01 9.992273710e+00
3.907815631e+02 6.542823779e+00 9.669162682e-01 9.319965455e+00 1.272818352e-03 1.028126714e-01 9.991478502e+00
4.208416834e+02 6.513725415e+00 1.036691056e+00 9.267185733e+00 1.276355994e-03 1.026077976e-01 9.990684525e+00
4.509018036e+02 6.485252546e+00 1.105789187e+00 9.214447204e+00 1.276504659e-03 1.023579609e-01 9.989892286e+00
4.809619238e+02 6.457406732e+00 1.174224588e+00 9.161753125e+00 1.274304342e-03 1.020806653e-01 9.989102103e+00
5.110220441e+02 6.430184132e+00 1.242010403e+00 9.109106628e+00 1.270499986e-03 1.017872093e-01 9.988314170e+00
5.410821643e+02 6.403577484e+00 1.309159170e+00 9.056510760e+00 1.265620825e-03 1.014848892e-01 9.987528601e+00
5.711422846e+02 6.377577437e+00 1.375682875e+00 9.003968509e+00 1.260038335e-03 1.011783918e-01 9.986745456e+00
6.012024048e+02 6.352173384e+00 1.441593066e+00 8.951482821e+00 1.254011953e-03 1.008707308e-01 9.985964763e+00
6.312625251e+02 6.327354023e+00 1.506900885e+00 8.899056607e+00 1.247722323e-03 1.005638473e-01 9.985186528e+00
6.613226453e+02 6.303107666e+00 1.571617113e+00 8.846692752e+00 1.241291088e-03 1.002589424e-01 9.984410744e+00
6.913827655e+02 6.279422486e+00 1.635752200e+00 8.794394116e+00 1.234800323e-03 9.995676510e-02 9.983637393e+00
7.214428858e+02 6.256286680e+00 1.699316318e+00 8.742163540e+00 1.228307596e-03 9.965781034e-02 9.982866452e+00
7.515030060e+02 6.233688522e+00 1.762319356e+00 8.690003845e+00 1.221850813e-03 9.936237212e-02 9.982097895e+00
7.815631263e+02 6.211616423e+00 1.824770943e+00 8.637917832e+00 1.215454784e-03 9.907062110e-02 9.981331695e+00
8.116232465e+02 6.190058973e+00 1.886680464e+00 8.585908284e+00 1.209135923e-03 9.878265562e-02 9.980567822e+00
8.416833667e+02 6.169004952e+00 1.948057066e+00 8.533977968e+00 1.202904650e-03 9.849852474e-02 9.979806246e+00
8.717434870e+02 6.148443343e+00 2.008909667e+00 8.482129627e+00 1.196767333e-03 9.821824573e-02 9.979046935e+00
9.018036072e+02 6.128363338e+00 2.069246969e+00 8.430365988e+00 1.190727759e-03 9.794181699e-02 9.978289860e+00
9.318637275e+02 6.108754338e+00 2.129077461e+00 8.378689758e+00 1.184788034e-03 9.766922541e-02 9.977534990e+00
9.619238477e+02 6.089605948e+00 2.188409427e+00 8.327103623e+00 1.178949107e-03 9.740045033e-02 9.976782295e+00
9.919839679e+02 6.070907982e+00 2.247250951e+00 8.275610248e+00 1.173211044e-03 9.713546549e-02 9.976031743e+00
1.022044088e+03 6.052650453e+00 2.305609920e+00 8.224212277e+00 1.167573286e-03 9.687424084e-02 9.975283306e+00
1.052104208e+03 6.034823575e+00 2.363494036e+00 8.172912335e+00 1.162035127e-03 9.661674609e-02 9.974536952e+00
1.082164329e+03 6.017417753e+00 2.420910818e+00 8.121713020e+00 1.156595666e-03 9.636295004e-02 9.973792653e+00
1.112224449e+03 6.000423584e+00 2.477867604e+00 8.070616912e+00 1.151253833e-03 9.611282082e-02 9.973050380e+00
1.142284569e+03 5.983831852e+00 2.534371562e+00 8.019626566e+00 1.146008520e-03 9.586632664e-02 9.972310102e+00
1.172344689e+03 5.967633521e+00 2.590429688e+00 7.968744513e+00 1.140858560e-03 9.562343562e-02 9.971571792e+00
1.202404810e+03 5.951819735e+00 2.646048814e+00 7.917973261e+00 1.135802724e-03 9.538411580e-02 9.970835421e+00
1.232464930e+03 5.936381809e+00 2.701235616e+00 7.867315293e+00 1.130839830e-03 9.514833573e-02 9.970100960e+00
1.262525050e+03 5.921311231e+00 2.755996609e+00 7.816773068e+00 1.125968659e-03 9.491606404e-02 9.969368382e+00
1.292585170e+03 5.906599653e+00 2.810338164e+00 7.766349019e+00 1.121188075e-03 9.468727010e-02 9.968637659e+00
1.322645291e+03 5.892238888e+00 2.864266500e+00 7.716045553e+00 1.116496897e-03 9.446192324e-02 9.967908763e+00
1.352705411e+03 5.878220914e+00 2.917787693e+00 7.665865053e+00 1.111893975e-03 9.423999326e-02 9.967181667e+00
1.382765531e+03 5.864537865e+00 2.970907674e+00 7.615809873e+00 1.107378160e-03 9.402145021e-02 9.966456343e+00
1.412825651e+03 5.851182019e+00 3.023632248e+00 7.565882343e+00 1.102948336e-03 9.380626449e-02 9.965732766e+00
1.442885772e+03 5.838145813e+00 3.075967082e+00 7.516084763e+00 1.098603393e-03 9.359440683e-02 9.965010909e+00
1.472945892e+03 5.825421830e+00 3.127917707e+00 7.466419409e+00 1.094342251e-03 9.338584840e-02 9.964290745e+00
1.503006012e+03 5.813002794e+00 3.179489537e+00 7.416888525e+00 1.090163855e-03 9.318056067e-02 9.963572248e+00
1.533066132e+03 5.800881561e+00 3.230687867e+00 7.367494331e+00 1.086067184e-03 9.297851553e-02 9.962855393e+00
1.563126253e+03 5.789051133e+00 3.281517866e+00 7.318239016e+00 1.082051228e-03 9.277968518e-02 9.962140153e+00
1.593186373e+03 5.777504646e+00 3.331984590e+00 7.269124741e+00 1.078114991e-03 9.258404217e-02 9.961426504e+00
1.623246493e+03 5.766235364e+00 3.382092980e+00 7.220153639e+00 1.074257499e-03 9.239155936e-02 9.960714421e+00
1.653306613e+03 5.755236684e+00 3.431847869e+00 7.171327811e+00 1.070477787e-03 9.220220989e-02 9.960003878e+00
1.683366733e+03 5.744502126e+00 3.481253983e+00 7.122649332e+00 1.066774915e-03 9.201596725e-02 9.959294850e+00
1.713426854e+03 5.734025334e+00 3.530315943e+00 7.074120245e+00 1.063147957e-03 9.183280523e-02 9.958587314e+00
1.743486974e+03 5.723800074e+00 3.579038269e+00 7.025742563e+00 1.059596007e-03 9.165269798e-02 9.957881245e+00
1.773547094e+03 5.713820232e+00 3.627425381e+00 6.977518270e+00 1.056118181e-03 9.147561996e-02 9.957176619e+00
1.803607214e+03 5.704079807e+00 3.675481604e+00 6.929449318e+00 1.052713602e-03 9.130154590e-02 9.956473412e+00
1.833667335e+03 5.694572917e+00 3.723211169e+00 6.881537631e+00 1.049381423e-03 9.113045094e-02 9.955771600e+00
1.863727455e+03 5.685293787e+00 3.770618217e+00 6.833785098e+00 1.046120815e-03 9.096231050e-02 9.955071160e+00
1.893787575e+03 5.676236754e+00 3.817706798e+00 6.786193580e+00 1.042930944e-03 9.079710019e-02 9.954372069e+00
1.923847695e+03 5.667396262e+00 3.864480878e+00 6.738764907e+00 1.039811014e-03 9.063479605e-02 9.953674304e+00
1.953907816e+03 5.658766860e+00 3.910944339e+00 6.691500875e+00 1.036760238e-03 9.047537440e-02 9.952977841e+00
1.983967936e+03 5.650343202e+00 3.957100978e+00 6.644403252e+00 1.033777835e-03 9.031881176e-02 9.952282659e+00
2.014028056e+03 5.642120042e+00 4.002954514e+00 6.597473772e+00 1.030863046e-03 9.016508503e-02 9.951588734e+00
2.044088176e+03 5.634092232e+00 4.048508591e+00 6.550714137e+00 1.028015124e-03 9.001417135e-02 9.950896045e+00
2.074148297e+03 5.626254727e+00 4.093766772e+00 6.504126019e+00 1.025233343e-03 8.986604818e-02 9.950204569e+00
2.104208417e+03 5.618602573e+00 4.138732548e+00 6.457711056e+00 1.022516982e-03 8.972069324e-02 9.949514284e+00
2.134268537e+03 5.611130911e+00 4.183409343e+00 6.411470856e+00 1.019865339e-03 8.957808453e-02 9.948825169e+00
2.164328657e+03 5.603834976e+00 4.227800502e+00 6.365406993e+00 1.017277729e-03 8.943820037e-02 9.948137203e+00
2.194388778e+03 5.596710092e+00 4.271909311e+00 6.319521011e+00 1.014753478e-03 8.930101933e-02 9.947450363e+00
2.224448898e+03 5.589751671e+00 4.315738986e+00 6.273814419e+00 1.012291927e-03 8.916652025e-02 9.946764628e+00
2.254509018e+03 5.582955217e+00 4.359292676e+00 6.228288695e+00 1.009892427e-03 8.903468224e-02 9.946079978e+00
2.284569138e+03 5.576316313e+00 4.402573471e+00 6.182945287e+00 1.007554346e-03 8.890548470e-02 9.945396392e+00
2.314629259e+03 5.569830631e+00 4.445584399e+00 6.137785606e+00 1.005277063e-03 8.877890728e-02 9.944713848e+00
2.344689379e+03 5.563493924e+00 4.488328425e+00 6.092811034e+00 1.003059966e-03 8.865492987e-02 9.944032328e+00
2.374749499e+03 5.557302026e+00 4.530808462e+00 6.048022921e+00 1.000902460e-03 8.853353265e-02 9.943351809e+00
2.404809619e+03 5.551250850e+00 4.573027363e+00 6.003422581e+00 9.988039590e-04 8.841469605e-02 9.942672272e+00
2.434869739e+03 5.545336390e+00 4.614987925e+00 5.959011300e+00 9.967638920e-04 8.829840076e-02 9.941993696e+00
2.464929860e+03 5.539554713e+00 4.656692894e+00 5.914790329e+00 9.947816977e-04 8.818462772e-02 9.941316063e+00
2.494989980e+03 5.533901964e+00 4.698144963e+00 5.870760888e+00 9.928568259e-04 8.807335811e-02 9.940639352e+00
2.525050100e+03 5.528374361e+00 4.739346774e+00 5.826924164e+00 9.909887387e-04 8.796457337e-02 9.939963544e+00
2.555110220e+03 5.522968197e+00 4.780300918e+00 5.783281312e+00 9.891769096e-04 8.785825518e-02 9.939288618e+00
2.585170341e+03 5.517679833e+00 4.821009942e+00 5.739833456e+00 9.874208224e-04 8.775438548e-02 9.938614557e+00
2.615230461e+03 5.512505702e+00 4.861476343e+00 5.696581685e+00 9.857199719e-04 8.765294642e-02 9.937941340e+00
2.645290581e+03 5.507442309e+00 4.901702571e+00 5.653527060e+00 9.840738648e-04 8.755392044e-02 9.937268949e+00
2.675350701e+03 5.502486224e+00 4.941691034e+00 5.610670608e+00 9.824820173e-04 8.745729016e-02 9.936597365e+00
2.705410822e+03 5.497634083e+00 4.981444096e+00 5.568013325e+00 9.809439565e-04 8.736303849e-02 9.935926569e+00
2.735470942e+03 5.492882590e+00 5.020964079e+00 5.525556173e+00 9.794592199e-04 8.727114854e-02 9.935256542e+00
2.765531062e+03 5.488228512e+00 5.060253264e+00 5.483300087e+00 9.780273551e-04 8.718160366e-02 9.934587267e+00
2.795591182e+03 5.483668677e+00 5.099313894e+00 5.441245966e+00 9.766479197e-04 8.709438743e-02 9.933918725e+00
2.825651303e+03 5.479199980e+00 5.138148169e+00 5.399394680e+00 9.753204806e-04 8.700948366e-02 9.933250897e+00
2.855711423e+03 5.474819379e+00 5.176758250e+00 5.357747070e+00 9.740446130e-04 8.692687637e-02 9.932583766e+00
2.885771543e+03 5.470523888e+00 5.215146263e+00 5.316303942e+00 9.728199032e-04 8.684654982e-02 9.931917314e+00
2.915831663e+03 5.466310580e+00 5.253314301e+00 5.275066073e+00 9.716459459e-04 8.676848849e-02 9.931251522e+00
2.945891784e+03 5.462176586e+00 5.291264420e+00 5.234034210e+00 9.705223501e-04 8.669267708e-02 9.930586374e+00
2.975951904e+03 5.458119096e+00 5.328998641e+00 5.193209069e+00 9.694487283e-04 8.661910052e-02 9.929921852e+00
3.006012024e+03 5.454135352e+00 5.366518956e+00 5.152591335e+00 9.684247043e-04 8.654774392e-02 9.929257938e+00
3.036072144e+03 5.450222657e+00 5.403827321e+00 5.112181664e+00 9.674499093e-04 8.647859264e-02 9.928594615e+00
3.066132265e+03 5.446378368e+00 5.440925654e+00 5.071980682e+00 9.665239807e-04 8.641163222e-02 9.927931866e+00
3.096192385e+03 5.442599893e+00 5.477815853e+00 5.031988986e+00 9.656465678e-04 8.634684841e-02 9.927269674e+00
3.126252505e+03 5.438884692e+00 5.514499783e+00 4.992207140e+00 9.648173266e-04 8.628422719e-02 9.926608022e+00
3.156312625e+03 5.435230280e+00 5.550979277e+00 4.952635683e+00 9.640359237e-04 8.622375473e-02 9.925946892e+00
3.186372745e+03 5.431634223e+00 5.587256136e+00 4.913275123e+00 9.633020346e-04 8.616541744e-02 9.925286269e+00
3.216432866e+03 5.428094136e+00 5.623332140e+00 4.874125940e+00 9.626153402e-04 8.610920190e-02 9.924626136e+00
3.246492986e+03 5.424607682e+00 5.659209041e+00 4.835188584e+00 9.619755304e-04 8.605509489e-02 9.923966476e+00
3.276553106e+03 5.421172573e+00 5.694888563e+00 4.796463478e+00 9.613823084e-04 8.600308344e-02 9.923307273e+00
3.306613226e+03 5.417786567e+00 5.730372407e+00 4.757951016e+00 9.608353830e-04 8.595315475e-02 9.922648510e+00
3.336673347e+03 5.414447470e+00 5.765662248e+00 4.719651564e+00 9.603344710e-04 8.590529622e-02 9.921990172e+00
3.366733467e+03 5.411153132e+00 5.800759738e+00 4.681565462e+00 9.598792986e-04 8.585949547e-02 9.921332242e+00
3.396793587e+03 5.407901457e+00 5.835666495e+00 4.643693021e+00 9.594695764e-04 8.581574016e-02 9.920674705e+00
3.426853707e+03 5.404690384e+00 5.870384127e+00 4.606034526e+00 9.591050457e-04 8.577401828e-02 9.920017543e+00
3.456913828e+03 5.401517899e+00 5.904914213e+00 4.568590233e+00 9.587854452e-04 8.573431796e-02 9.919360743e+00
3.486973948e+03 5.398382030e+00 5.939258314e+00 4.531360374e+00 9.585105247e-04 8.569662754e-02 9.918704287e+00
3.517034068e+03 5.395280853e+00 5.973417962e+00 4.494345153e+00 9.582800653e-04 8.566093570e-02 9.918048161e+00
3.547094188e+03 5.392212478e+00 6.007394677e+00 4.457544750e+00 9.580938267e-04 8.562723112e-02 9.917392349e+00
3.577154309e+03 5.389175060e+00 6.041189953e+00 4.420959316e+00 9.579515875e-04 8.559550277e-02 9.916736835e+00
3.607214429e+03 5.386166796e+00 6.074805265e+00 4.384588979e+00 9.578531139e-04 8.556573963e-02 9.916081604e+00
3.637274549e+03 5.383185922e+00 6.108242064e+00 4.348433842e+00 9.577981539e-04 8.553793074e-02 9.915426641e+00
3.667334669e+03 5.380230712e+00 6.141501788e+00 4.312493981e+00 9.577864986e-04 8.551206552e-02 9.914771930e+00
3.697394790e+03 5.377299481e+00 6.174585852e+00 4.276769449e+00 9.578179241e-04 8.548813347e-02 9.914117458e+00
3.727454910e+03 5.374390574e+00 6.207495662e+00 4.241260275e+00 9.578922977e-04 8.546612478e-02 9.913463208e+00
3.757515030e+03 5.371502378e+00 6.240232601e+00 4.205966462e+00 9.580094845e-04 8.544602978e-02 9.912809166e+00
3.787575150e+03 5.368633314e+00 6.272798038e+00 4.170887991e+00 9.581693142e-04 8.542783870e-02 9.912155317e+00
3.817635271e+03 5.365781840e+00 6.305193324e+00 4.136024819e+00 9.583716638e-04 8.541154221e-02 9.911501646e+00
3.847695391e+03 5.362946457e+00 6.337419782e+00 4.101376880e+00 9.586162513e-04 8.539713007e-02 9.910848138e+00
3.877755511e+03 5.360125695e+00 6.369478730e+00 4.066944085e+00 9.589029373e-04 8.538459310e-02 9.910194780e+00
3.907815631e+03 5.357318117e+00 6.401371470e+00 4.032726322e+00 9.592315660e-04 8.537392214e-02 9.909541556e+00
3.937875752e+03 5.354522320e+00 6.433099286e+00 3.998723459e+00 9.596019677e-04 8.536510809e-02 9.908888452e+00
3.967935872e+03 5.351736933e+00 6.464663451e+00 3.964935339e+00 9.600140383e-04 8.535814239e-02 9.908235454e+00
3.997995992e+03 5.348960621e+00 6.496065220e+00 3.931361786e+00 9.604676004e-04 8.535301614e-02 9.907582548e+00
4.028056112e+03 5.346192076e+00 6.527305834e+00 3.898002600e+00 9.609625031e-04 8.534972073e-02 9.906929718e+00
4.058116232e+03 5.343430027e+00 6.558386522e+00 3.864857562e+00 9.614986179e-04 8.534824784e-02 9.906276952e+00
4.088176353e+03 5.340673232e+00 6.589308496e+00 3.831926433e+00 9.620758774e-04 8.534858965e-02 9.905624235e+00
4.118236473e+03 5.337920478e+00 6.620072958e+00 3.799208952e+00 9.626941505e-04 8.535073807e-02 9.904971552e+00
4.148296593e+03 5.335170582e+00 6.650681096e+00 3.766704839e+00 9.633533452e-04 8.535468540e-02 9.904318891e+00
4.178356713e+03 5.332422391e+00 6.681134085e+00 3.734413792e+00 9.640533609e-04 8.536042396e-02 9.903666236e+00
4.208416834e+03 5.329674783e+00 6.711433087e+00 3.702335494e+00 9.647940986e-04 8.536794624e-02 9.903013575e+00
4.238476954e+03 5.326926661e+00 6.741579252e+00 3.670469604e+00 9.655754947e-04 8.537724506e-02 9.902360894e+00
4.268537074e+03 5.324176958e+00 6.771573721e+00 3.638815766e+00 9.663974845e-04 8.538831336e-02 9.901708178e+00
4.298597194e+03 5.321424633e+00 6.801417618e+00 3.607373604e+00 9.672599411e-04 8.540114383e-02 9.901055415e+00
4.328657315e+03 5.318668674e+00 6.831112059e+00 3.576142723e+00 9.681627930e-04 8.541572959e-02 9.900402590e+00
4.358717435e+03 5.315908094e+00 6.860658148e+00 3.545122712e+00 9.691059859e-04 8.543206401e-02 9.899749690e+00
4.388777555e+03 5.313141930e+00 6.890056981e+00 3.514313142e+00 9.700894529e-04 8.545014049e-02 9.899096701e+00
4.418837675e+03 5.310369247e+00 6.919309640e+00 3.483713566e+00 9.711131301e-04 8.546995256e-02 9.898443611e+00
4.448897796e+03 5.307589141e+00 6.948417194e+00 3.453323520e+00 9.721770395e-04 8.549149453e-02 9.897790406e+00
4.478957916e+03 5.304800723e+00 6.977380705e+00 3.423142524e+00 9.732811196e-04 8.551476016e-02 9.897137072e+00
4.509018036e+03 5.302003134e+00 7.006201227e+00 3.393170083e+00 9.744253393e-04 8.553974359e-02 9.896483596e+00
4.539078156e+03 5.299195536e+00 7.034879802e+00 3.363405684e+00 9.756096796e-04 8.556643912e-02 9.895829965e+00
4.569138277e+03 5.296377115e+00 7.063417462e+00 3.333848798e+00 9.768341186e-04 8.559484116e-02 9.895176166e+00
4.599198397e+03 5.293547082e+00 7.091815227e+00 3.304498884e+00 9.780985177e-04 8.562494342e-02 9.894522186e+00
4.629258517e+03 5.290704666e+00 7.120074113e+00 3.275355382e+00 9.794028970e-04 8.565674083e-02 9.893868011e+00
4.659318637e+03 5.287849123e+00 7.148195125e+00 3.246417721e+00 9.807472183e-04 8.569022802e-02 9.893213629e+00
4.689378758e+03 5.284979727e+00 7.176179258e+00 3.217685312e+00 9.821314409e-04 8.572539972e-02 9.892559026e+00
4.719438878e+03 5.282095777e+00 7.204027499e+00 3.189157554e+00 9.835555791e-04 8.576225115e-02 9.891904190e+00
4.749498998e+03 5.279196597e+00 7.231740821e+00 3.160833832e+00 9.850198002e-04 8.580077871e-02 9.891249107e+00
4.779559118e+03 5.276281526e+00 7.259320195e+00 3.132713517e+00 9.865240408e-04 8.584097731e-02 9.890593765e+00
4.809619238e+03 5.273349922e+00 7.286766583e+00 3.104795968e+00 9.880683446e-04 8.588284269e-02 9.889938151e+00
4.839679359e+03 5.270401167e+00 7.314080938e+00 3.077080530e+00 9.896527698e-04 8.592637082e-02 9.889282252e+00
4.869739479e+03 5.267434660e+00 7.341264203e+00 3.049566536e+00 9.912773117e-04 8.597155735e-02 9.888626056e+00
4.899799599e+03 5.264449819e+00 7.368317314e+00 3.022253305e+00 9.929419009e-04 8.601839757e-02 9.887969549e+00
4.929859719e+03 5.261446081e+00 7.395241203e+00 2.995140147e+00 9.946465975e-04 8.606688779e-02 9.887312719e+00
4.959919840e+03 5.258422902e+00 7.422036788e+00 2.968226357e+00 9.963913989e-04 8.611702399e-02 9.886655553e+00
4.989979960e+03 5.255379759e+00 7.448704984e+00 2.941511222e+00 9.981763961e-04 8.616880289e-02 9.885998038e+00
5.020040080e+03 5.252316146e+00 7.475246695e+00 2.914994014e+00 1.000001712e-03 8.622222153e-02 9.885340163e+00
5.050100200e+03 5.249231575e+00 7.501662819e+00 2.888673997e+00 1.001867367e-03 8.627727636e-02 9.884681914e+00
5.080160321e+03 5.246125572e+00 7.527954248e+00 2.862550425e+00 1.003773440e-03 8.633396434e-02 9.884023279e+00
5.110220441e+03 5.242997682e+00 7.554121867e+00 2.836622538e+00 1.005720011e-03 8.639228253e-02 9.883364246e+00
5.140280561e+03 5.239847465e+00 7.580166552e+00 2.810889569e+00 1.007707174e-03 8.645222821e-02 9.882704801e+00
5.170340681e+03 5.236674499e+00 7.606089176e+00 2.785350742e+00 1.009735045e-03 8.651379889e-02 9.882044932e+00
5.200400802e+03 5.233478376e+00 7.631890601e+00 2.760005268e+00 1.011803747e-03 8.657699225e-02 9.881384628e+00
5.230460922e+03 5.230258708e+00 7.657571683e+00 2.734852352e+00 1.013913274e-03 8.664180521e-02 9.880723874e+00
5.260521042e+03 5.227015120e+00 7.683133272e+00 2.709891188e+00 1.016063680e-03 8.670823521e-02 9.880062660e+00
5.290581162e+03 5.223747249e+00 7.708576212e+00 2.685120962e+00 1.018255054e-03 8.677628003e-02 9.879400973e+00
5.320641283e+03 5.220454752e+00 7.733901339e+00 2.660540854e+00 1.020487445e-03 8.684593726e-02 9.878738800e+00
5.350701403e+03 5.217137297e+00 7.759109486e+00 2.636150032e+00 1.022761076e-03 8.691720579e-02 9.878076128e+00
5.380761523e+03 5.213794567e+00 7.784201476e+00 2.611947657e+00 1.025076046e-03 8.699008377e-02 9.877412947e+00
5.410821643e+03 5.210426258e+00 7.809178129e+00 2.587932885e+00 1.027432453e-03 8.706456947e-02 9.876749242e+00
5.440881764e+03 5.207032082e+00 7.834040256e+00 2.564104861e+00 1.029830433e-03 8.714066149e-02 9.876085003e+00
5.470941884e+03 5.203611764e+00 7.858788662e+00 2.540462726e+00 1.032270079e-03 8.721835825e-02 9.875420216e+00
5.501002004e+03 5.200165041e+00 7.883424148e+00 2.517005611e+00 1.034751541e-03 8.729765864e-02 9.874754869e+00
5.531062124e+03 5.196691665e+00 7.907947508e+00 2.493732644e+00 1.037274966e-03 8.737856166e-02 9.874088951e+00
5.561122244e+03 5.193191398e+00 7.932359529e+00 2.470642943e+00 1.039840507e-03 8.746106642e-02 9.873422449e+00
5.591182365e+03 5.189664015e+00 7.956660996e+00 2.447735622e+00 1.042448342e-03 8.754517233e-02 9.872755350e+00
5.621242485e+03 5.186109305e+00 7.980852684e+00 2.425009789e+00 1.045098646e-03 8.763087885e-02 9.872087643e+00
5.651302605e+03 5.182527067e+00 8.004935365e+00 2.402464546e+00 1.047791611e-03 8.771818566e-02 9.871419314e+00
5.681362725e+03 5.178917111e+00 8.028909805e+00 2.380098988e+00 1.050527409e-03 8.780709244e-02 9.870750353e+00
5.711422846e+03 5.175279259e+00 8.052776764e+00 2.357912207e+00 1.053306236e-03 8.789759907e-02 9.870080746e+00
5.741482966e+03 5.171613344e+00 8.076536999e+00 2.335903288e+00 1.056128307e-03 8.798970572e-02 9.869410482e+00
5.771543086e+03 5.167919211e+00 8.100191258e+00 2.314071315e+00 1.058993903e-03 8.808341305e-02 9.868739548e+00
5.801603206e+03 5.164196715e+00 8.123740287e+00 2.292415361e+00 1.061903267e-03 8.817872161e-02 9.868067932e+00
5.831663327e+03 5.160445721e+00 8.147184822e+00 2.270934501e+00 1.064856568e-03 8.827563154e-02 9.867395622e+00
5.861723447e+03 5.156666107e+00 8.170525596e+00 2.249627803e+00 1.067853824e-03 8.837414212e-02 9.866722605e+00
5.891783567e+03 5.152857759e+00 8.193763336e+00 2.228494328e+00 1.070895224e-03 8.847425385e-02 9.866048870e+00
5.921843687e+03 5.149020573e+00 8.216898764e+00 2.207533140e+00 1.073980785e-03 8.857596622e-02 9.865374404e+00
5.951903808e+03 5.145154453e+00 8.239932594e+00 2.186743294e+00 1.077110516e-03 8.867927880e-02 9.864699194e+00
5.981963928e+03 5.141259318e+00 8.262865539e+00 2.166123842e+00 1.080284490e-03 8.878419163e-02 9.864023230e+00
6.012024048e+03 5.137335086e+00 8.285698314e+00 2.145673838e+00 1.083503751e-03 8.889071124e-02 9.863346497e+00
6.042084168e+03 5.133381691e+00 8.308431620e+00 2.125392326e+00 1.086768536e-03 8.899883898e-02 9.862668985e+00
6.072144289e+03 5.129399077e+00 8.331066156e+00 2.105278351e+00 1.090079161e-03 8.910857678e-02 9.861990681e+00
6.102204409e+03 5.125387193e+00 8.353602612e+00 2.085330957e+00 1.093435559e-03 8.921992407e-02 9.861311573e+00
6.132264529e+03 5.121346000e+00 8.376041676e+00 2.065549181e+00 1.096838188e-03 8.933288391e-02 9.860631648e+00
6.162324649e+03 5.117275464e+00 8.398384031e+00 2.045932062e+00 1.100287211e-03 8.944745757e-02 9.859950894e+00
6.192384770e+03 5.113175559e+00 8.420630354e+00 2.026478636e+00 1.103782796e-03 8.956364640e-02 9.859269299e+00
6.222444890e+03 5.109046269e+00 8.442781319e+00 2.007187933e+00 1.107325136e-03 8.968145204e-02 9.858586850e+00
6.252505010e+03 5.104887582e+00 8.464837597e+00 1.988058990e+00 1.110914736e-03 8.980087831e-02 9.857903536e+00
6.282565130e+03 5.100699499e+00 8.486799849e+00 1.969090833e+00 1.114551806e-03 8.992192716e-02 9.857219343e+00
6.312625251e+03 5.096482022e+00 8.508668736e+00 1.950282492e+00 1.118236631e-03 9.004460116e-02 9.856534260e+00
6.342685371e+03 5.092235165e+00 8.530444913e+00 1.931632997e+00 1.121969463e-03 9.016890277e-02 9.855848273e+00
6.372745491e+03 5.087958948e+00 8.552129029e+00 1.913141373e+00 1.125750629e-03 9.029483504e-02 9.855161372e+00
6.402805611e+03 5.083653396e+00 8.573721730e+00 1.894806644e+00 1.129580471e-03 9.042240121e-02 9.854473543e+00
6.432865731e+03 5.079318541e+00 8.595223658e+00 1.876627839e+00 1.133459396e-03 9.055160504e-02 9.853784773e+00
6.462925852e+03 5.074954423e+00 8.616635450e+00 1.858603980e+00 1.137387755e-03 9.068245004e-02 9.853095051e+00
6.492985972e+03 5.070561088e+00 8.637957738e+00 1.840734091e+00 1.141365862e-03 9.081493959e-02 9.852404364e+00
6.523046092e+03 5.066138587e+00 8.659191148e+00 1.823017197e+00 1.145393841e-03 9.094907591e-02 9.851712699e+00
6.553106212e+03 5.061686978e+00 8.680336303e+00 1.805452322e+00 1.149472053e-03 9.108486287e-02 9.851020044e+00
6.583166333e+03 5.057206327e+00 8.701393822e+00 1.788038487e+00 1.153600866e-03 9.122230452e-02 9.850326386e+00
6.613226453e+03 5.052696698e+00 8.722364322e+00 1.770774720e+00 1.157780994e-03 9.136140727e-02 9.849631713e+00
6.643286573e+03 5.048158168e+00 8.743248415e+00 1.753660044e+00 1.162012778e-03 9.150217518e-02 9.848936011e+00
6.673346693e+03 5.043590818e+00 8.764046705e+00 1.736693481e+00 1.166296634e-03 9.164461291e-02 9.848239269e+00
6.703406814e+03 5.038994731e+00 8.784759791e+00 1.719874060e+00 1.170632592e-03 9.178872271e-02 9.847541474e+00
6.733466934e+03 5.034370000e+00 8.805388273e+00 1.703200806e+00 1.175021125e-03 9.193450983e-02 9.846842613e+00
6.763527054e+03 5.029716722e+00 8.825932741e+00 1.686672744e+00 1.179462588e-03 9.208197883e-02 9.846142672e+00
6.793587174e+03 5.025034993e+00 8.846393788e+00 1.670288905e+00 1.183957597e-03 9.223113616e-02 9.845441641e+00
6.823647295e+03 5.020324920e+00 8.866771998e+00 1.654048316e+00 1.188506490e-03 9.238198649e-02 9.844739504e+00
6.853707415e+03 5.015586613e+00 8.887067952e+00 1.637950005e+00 1.193109704e-03 9.253453527e-02 9.844036251e+00
6.883767535e+03 5.010820185e+00 8.907282225e+00 1.621993008e+00 1.197767615e-03 9.268878765e-02 9.843331867e+00
6.913827655e+03 5.006025754e+00 8.927415391e+00 1.606176355e+00 1.202480686e-03 9.284474945e-02 9.842626340e+00
6.943887776e+03 5.001203446e+00 8.947468017e+00 1.590499080e+00 1.207249368e-03 9.300242652e-02 9.841919656e+00
6.973947896e+03 4.996353383e+00 8.967440671e+00 1.574960221e+00 1.212074259e-03 9.316182582e-02 9.841211804e+00
7.004008016e+03 4.991475698e+00 8.987333913e+00 1.559558814e+00 1.216955838e-03 9.332295360e-02 9.840502769e+00
7.034068136e+03 4.986570525e+00 9.007148299e+00 1.544293898e+00 1.221894631e-03 9.348581655e-02 9.839792539e+00
7.064128257e+03 4.981638001e+00 9.026884379e+00 1.529164517e+00 1.226890822e-03 9.365041923e-02 9.839081100e+00
7.094188377e+03 4.976678269e+00 9.046542704e+00 1.514169714e+00 1.231944995e-03 9.381676893e-02 9.838368439e+00
7.124248497e+03 4.971691476e+00 9.066123816e+00 1.499308532e+00 1.237057602e-03 9.398487218e-02 9.837654543e+00
7.154308617e+03 4.966677770e+00 9.085628258e+00 1.484580021e+00 1.242229231e-03 9.415473651e-02 9.836939399e+00
7.184368737e+03 4.961637301e+00 9.105056568e+00 1.469983233e+00 1.247460543e-03 9.432637006e-02 9.836222993e+00
7.214428858e+03 4.956570226e+00 9.124409278e+00 1.455517218e+00 1.252752024e-03 9.449977990e-02 9.835505312e+00
7.244488978e+03 4.951476706e+00 9.143686916e+00 1.441181030e+00 1.258104255e-03 9.467497387e-02 9.834786342e+00
7.274549098e+03 4.946356896e+00 9.162890010e+00 1.426973730e+00 1.263517643e-03 9.485195880e-02 9.834066069e+00
7.304609218e+03 4.941210965e+00 9.182019079e+00 1.412894378e+00 1.268992798e-03 9.503074292e-02 9.833344481e+00
7.334669339e+03 4.936039081e+00 9.201074642e+00 1.398942035e+00 1.274530280e-03 9.521133427e-02 9.832621563e+00
7.364729459e+03 4.930841411e+00 9.220057213e+00 1.385115767e+00 1.280130673e-03 9.539374116e-02 9.831897302e+00
7.394789579e+03 4.925618128e+00 9.238967302e+00 1.371414647e+00 1.285794592e-03 9.557797225e-02 9.831171684e+00
7.424849699e+03 4.920369407e+00 9.257805416e+00 1.357837743e+00 1.291522616e-03 9.576403604e-02 9.830444696e+00
7.454909820e+03 4.915095427e+00 9.276572058e+00 1.344384129e+00 1.297315351e-03 9.595194133e-02 9.829716322e+00
7.484969940e+03 4.909796365e+00 9.295267728e+00 1.331052888e+00 1.303173448e-03 9.614169739e-02 9.828986549e+00
7.515030060e+03 4.904472403e+00 9.313892921e+00 1.317843098e+00 1.309097543e-03 9.633331345e-02 9.828255364e+00
7.545090180e+03 4.899123728e+00 9.332448130e+00 1.304753844e+00 1.315088281e-03 9.652679893e-02 9.827522752e+00
7.575150301e+03 4.893750525e+00 9.350933842e+00 1.291784214e+00 1.321146319e-03 9.672216347e-02 9.826788699e+00
7.605210421e+03 4.888352980e+00 9.369350543e+00 1.278933300e+00 1.327272317e-03 9.691941686e-02 9.826053190e+00
7.635270541e+03 4.882931285e+00 9.387698714e+00 1.266200196e+00 1.333466961e-03 9.711856915e-02 9.825316212e+00
7.665330661e+03 4.877485633e+00 9.405978832e+00 1.253584000e+00 1.339730939e-03 9.731963054e-02 9.824577750e+00
7.695390782e+03 4.872016217e+00 9.424191373e+00 1.241083814e+00 1.346064955e-03 9.752261146e-02 9.823837789e+00
7.725450902e+03 4.866523232e+00 9.442336807e+00 1.228698743e+00 1.352469729e-03 9.772752259e-02 9.823096315e+00
7.755511022e+03 4.861006876e+00 9.460415601e+00 1.216427896e+00 1.358945987e-03 9.793437476e-02 9.822353313e+00
7.785571142e+03 4.855467346e+00 9.478428220e+00 1.204270387e+00 1.365494473e-03 9.814317904e-02 9.821608768e+00
7.815631263e+03 4.849904842e+00 9.496375125e+00 1.192225332e+00 1.372115942e-03 9.835394672e-02 9.820862667e+00
7.845691383e+03 4.844319566e+00 9.514256771e+00 1.180291852e+00 1.378811147e-03 9.856668921e-02 9.820114993e+00
7.875751503e+03 4.838711723e+00 9.532073613e+00 1.168469070e+00 1.385580864e-03 9.878141818e-02 9.819365732e+00
7.905811623e+03 4.833081514e+00 9.549826100e+00 1.156756116e+00 1.392425888e-03 9.899814559e-02 9.818614869e+00
7.935871743e+03 4.827429144e+00 9.567514679e+00 1.145152123e+00 1.399347024e-03 9.921688357e-02 9.817862388e+00
7.965931864e+03 4.821754819e+00 9.585139796e+00 1.133656227e+00 1.406345098e-03 9.943764454e-02 9.817108275e+00
7.995991984e+03 4.816058748e+00 9.602701890e+00 1.122267566e+00 1.413420964e-03 9.966044118e-02 9.816352514e+00
8.026052104e+03 4.810341139e+00 9.620201399e+00 1.110985287e+00 1.420575470e-03 9.988528634e-02 9.815595089e+00
8.056112224e+03 4.804602200e+00 9.637638758e+00 1.099808538e+00 1.427809493e-03 1.001121932e-01 9.814835986e+00
8.086172345e+03 4.798842140e+00 9.655014398e+00 1.088736472e+00 1.435123920e-03 1.003411750e-01 9.814075187e+00
8.116232465e+03 4.793061175e+00 9.672328742e+00 1.077768244e+00 1.442519573e-03 1.005722450e-01 9.813312679e+00
8.146292585e+03 4.787259514e+00 9.689582215e+00 1.066903017e+00 1.449997383e-03 1.008054170e-01 9.812548444e+00
8.176352705e+03 4.781437371e+00 9.706775237e+00 1.056139956e+00 1.457558261e-03 1.010407051e-01 9.811782468e+00
8.206412826e+03 4.775594959e+00 9.723908225e+00 1.045478230e+00 1.465203126e-03 1.012781232e-01 9.811014733e+00
8.236472946e+03 4.769732491e+00 9.740981598e+00 1.034917012e+00 1.472933014e-03 1.015176865e-01 9.810245224e+00
8.266533066e+03 4.763850182e+00 9.757995768e+00 1.024455482e+00 1.480748918e-03 1.017594099e-01 9.809473924e+00
8.296593186e+03 4.757948246e+00 9.774951144e+00 1.014092822e+00 1.488651831e-03 1.020033083e-01 9.808700817e+00
8.326653307e+03 4.752026899e+00 9.791848134e+00 1.003828219e+00 1.496642790e-03 1.022493974e-01 9.807925887e+00
8.356713427e+03 4.746086357e+00 9.808687138e+00 9.936608633e-01 1.504722780e-03 1.024976923e-01 9.807149117e+00
8.386773547e+03 4.740126838e+00 9.825468548e+00 9.835899518e-01 1.512892735e-03 1.027482083e-01 9.806370491e+00
8.416833667e+03 4.734148558e+00 9.842192765e+00 9.736146847e-01 1.521153747e-03 1.030009618e-01 9.805589991e+00
8.446893788e+03 4.728151735e+00 9.858860180e+00 9.637342668e-01 1.529506857e-03 1.032559688e-01 9.804807600e+00
8.476953908e+03 4.722136585e+00 9.875471181e+00 9.539479077e-01 1.537953134e-03 1.035132459e-01 9.804023301e+00
8.507014028e+03 4.716103326e+00 9.892026162e+00 9.442548205e-01 1.546493879e-03 1.037728111e-01 9.803237078e+00
8.537074148e+03 4.710052174e+00 9.908525506e+00 9.346542240e-01 1.555130147e-03 1.040346811e-01 9.802448913e+00
8.567134269e+03 4.703983348e+00 9.924969593e+00 9.251453413e-01 1.563863119e-03 1.042988738e-01 9.801658788e+00
8.597194389e+03 4.697897064e+00 9.941358804e+00 9.157274001e-01 1.572694003e-03 1.045654069e-01 9.800866686e+00
8.627254509e+03 4.691793542e+00 9.957693512e+00 9.063996319e-01 1.581623940e-03 1.048342985e-01 9.800072589e+00
8.657314629e+03 4.685672999e+00 9.973974091e+00 8.971612735e-01 1.590654174e-03 1.051055669e-01 9.799276479e+00
8.687374749e+03 4.679535651e+00 9.990200912e+00 8.880115662e-01 1.599785968e-03 1.053792312e-01 9.798478338e+00
8.717434870e+03 4.673381717e+00 1.000637434e+01 8.789497560e-01 1.609020599e-03 1.056553104e-01 9.797678148e+00
8.747494990e+03 4.667211414e+00 1.002249475e+01 8.699750931e-01 1.618359319e-03 1.059338237e-01 9.796875891e+00
8.777555110e+03 4.661024961e+00 1.003856248e+01 8.610868325e-01 1.627803388e-03 1.062147905e-01 9.796071548e+00
8.807615230e+03 4.654822574e+00 1.005457792e+01 8.522842340e-01 1.637354152e-03 1.064982310e-01 9.795265100e+00
8.837675351e+03 4.648604470e+00 1.007054140e+01 8.435665621e-01 1.647012944e-03 1.067841654e-01 9.794456530e+00
8.867735471e+03 4.642370866e+00 1.008645328e+01 8.349330856e-01 1.656781113e-03 1.070726142e-01 9.793645817e+00
8.897795591e+03 4.636121979e+00 1.010231392e+01 8.263830783e-01 1.666660083e-03 1.073635985e-01 9.792832943e+00
8.927855711e+03 4.629858025e+00 1.011812366e+01 8.179158181e-01 1.676651361e-03 1.076571403e-01 9.792017889e+00
8.957915832e+03 4.623579219e+00 1.013388285e+01 8.095305880e-01 1.686756339e-03 1.079532609e-01 9.791200635e+00
8.987975952e+03 4.617285778e+00 1.014959183e+01 8.012266759e-01 1.696976494e-03 1.082519823e-01 9.790381162e+00
9.018036072e+03 4.610977915e+00 1.016525094e+01 7.930033739e-01 1.707313333e-03 1.085533271e-01 9.789559450e+00
9.048096192e+03 4.604655847e+00 1.018086052e+01 7.848599791e-01 1.717768392e-03 1.088573182e-01 9.788735479e+00
9.078156313e+03 4.598319787e+00 1.019642090e+01 7.767957923e-01 1.728343238e-03 1.091639786e-01 9.787909229e+00
9.108216433e+03 4.591969950e+00 1.021193242e+01 7.688101203e-01 1.739039464e-03 1.094733321e-01 9.787080680e+00
9.138276553e+03 4.585606548e+00 1.022739541e+01 7.609022739e-01 1.749858695e-03 1.097854027e-01 9.786249811e+00
9.168336673e+03 4.579229794e+00 1.024281019e+01 7.530715687e-01 1.760802588e-03 1.101002147e-01 9.785416602e+00
9.198396794e+03 4.572839901e+00 1.025817709e+01 7.453173249e-01 1.771872824e-03 1.104177931e-01 9.784581032e+00
9.228456914e+03 4.566437081e+00 1.027349644e+01 7.376388667e-01 1.783071066e-03 1.107381626e-01 9.783743080e+00
9.258517034e+03 4.560021544e+00 1.028876854e+01 7.300355240e-01 1.794399076e-03 1.110613490e-01 9.782902725e+00
9.288577154e+03 4.553593501e+00 1.030399373e+01 7.225066309e-01 1.805858624e-03 1.113873783e-01 9.782059945e+00
9.318637275e+03 4.547153162e+00 1.031917232e+01 7.150515261e-01 1.817451507e-03 1.117162768e-01 9.781214719e+00
9.348697395e+03 4.540700736e+00 1.033430461e+01 7.076695530e-01 1.829179556e-03 1.120480715e-01 9.780367026e+00
9.378757515e+03 4.534236432e+00 1.034939093e+01 7.003600590e-01 1.841044648e-03 1.123827896e-01 9.779516842e+00
9.408817635e+03 4.527760458e+00 1.036443157e+01 6.931223969e-01 1.853048673e-03 1.127204589e-01 9.778664147e+00
9.438877756e+03 4.521273021e+00 1.037942685e+01 6.859559239e-01 1.865193561e-03 1.130611074e-01 9.777808917e+00
9.468937876e+03 4.514774328e+00 1.039437707e+01 6.788600018e-01 1.877481276e-03 1.134047638e-01 9.776951131e+00
9.498997996e+03 4.508264583e+00 1.040928253e+01 6.718339968e-01 1.889913817e-03 1.137514570e-01 9.776090764e+00
9.529058116e+03 4.501743993e+00 1.042414353e+01 6.648772796e-01 1.902493282e-03 1.141012171e-01 9.775227795e+00
9.559118236e+03 4.495212763e+00 1.043896037e+01 6.579892255e-01 1.915221737e-03 1.144540740e-01 9.774362199e+00
9.589178357e+03 4.488671094e+00 1.045373334e+01 6.511692146e-01 1.928101303e-03 1.148100583e-01 9.773493954e+00
9.619238477e+03 4.482119190e+00 1.046846274e+01 6.444166316e-01 1.941134146e-03 1.151692010e-01 9.772623035e+00
9.649298597e+03 4.475557253e+00 1.048314885e+01 6.377308653e-01 1.954322475e-03 1.155315337e-01 9.771749420e+00
9.679358717e+03 4.468985484e+00 1.049779197e+01 6.311113089e-01 1.967668549e-03 1.158970887e-01 9.770873082e+00
9.709418838e+03 4.462404083e+00 1.051239238e+01 6.245573605e-01 1.981174661e-03 1.162658986e-01 9.769993999e+00
9.739478958e+03 4.455813250e+00 1.052695036e+01 6.180684226e-01 1.994843148e-03 1.166379965e-01 9.769112145e+00
9.769539078e+03 4.449213183e+00 1.054146621e+01 6.116439024e-01 2.008676395e-03 1.170134164e-01 9.768227495e+00
9.799599198e+03 4.442604080e+00 1.055594019e+01 6.052832113e-01 2.022676831e-03 1.173921925e-01 9.767340025e+00
9.829659319e+03 4.435986137e+00 1.057037259e+01 5.989857653e-01 2.036846933e-03 1.177743596e-01 9.766449708e+00
9.859719439e+03 4.429359551e+00 1.058476369e+01 5.927509843e-01 2.051189217e-03 1.181599533e-01 9.765556519e+00
9.889779559e+03 4.422724517e+00 1.059911375e+01 5.865782926e-01 2.065706238e-03 1.185490094e-01 9.764660432e+00
9.919839679e+03 4.416081229e+00 1.061342306e+01 5.804671198e-01 2.080400625e-03 1.189415648e-01 9.763761421e+00
9.949899800e+03 4.409429879e+00 1.062769187e+01 5.744168993e-01 2.095275043e-03 1.193376565e-01 9.762859458e+00
9.979959920e+03 4.402770660e+00 1.064192047e+01 5.684270691e-01 2.110332209e-03 1.197373225e-01 9.761954518e+00
1.001002004e+04 4.396103764e+00 1.065610911e+01 5.624970714e-01 2.125574889e-03 1.201406010e-01 9.761046573e+00
1.004008016e+04 4.389429379e+00 1.067025806e+01 5.566263529e-01 2.141005907e-03 1.205475314e-01 9.760135596e+00
1.007014028e+04 4.382747697e+00 1.068436759e+01 5.508143632e-01 2.156628202e-03 1.209581538e-01 9.759221558e+00
1.010020040e+04 4.376058906e+00 1.069843796e+01 5.450605581e-01 2.172444677e-03 1.213725085e-01 9.758304432e+00
1.013026052e+04 4.369363192e+00 1.071246942e+01 5.393643971e-01 2.188458324e-03 1.217906365e-01 9.757384189e+00
1.016032064e+04 4.362660743e+00 1.072646223e+01 5.337253438e-01 2.204672195e-03 1.222125796e-01 9.756460802e+00
1.019038076e+04 4.355951743e+00 1.074041664e+01 5.281428663e-01 2.221089400e-03 1.226383803e-01 9.755534240e+00
1.022044088e+04 4.349236377e+00 1.075433292e+01 5.226164366e-01 2.237713106e-03 1.230680819e-01 9.754604474e+00
1.025050100e+04 4.342514829e+00 1.076821132e+01 5.171455304e-01 2.254546649e-03 1.235017289e-01 9.753671476e+00
1.028056112e+04 4.335787282e+00 1.078205209e+01 5.117296284e-01 2.271593342e-03 1.239393660e-01 9.752735214e+00
1.031062124e+04 4.329053918e+00 1.079585547e+01 5.063682153e-01 2.288856537e-03 1.243810387e-01 9.751795659e+00
1.034068136e+04 4.322314916e+00 1.080962171e+01 5.010607799e-01 2.306339686e-03 1.248267931e-01 9.750852779e+00
1.037074148e+04 4.315570456e+00 1.082335107e+01 4.958068151e-01 2.324046310e-03 1.252766765e-01 9.749906545e+00
1.040080160e+04 4.308820717e+00 1.083704379e+01 4.906058180e-01 2.341980003e-03 1.257307368e-01 9.748956924e+00
1.043086172e+04 4.302065877e+00 1.085070010e+01 4.854572895e-01 2.360144426e-03 1.261890226e-01 9.748003884e+00
1.046092184e+04 4.295306111e+00 1.086432025e+01 4.803607344e-01 2.378543313e-03 1.266515839e-01 9.747047394e+00
1.049098196e+04 4.288541595e+00 1.087790448e+01 4.753156621e-01 2.397180477e-03 1.271184707e-01 9.746087421e+00
1.052104208e+04 4.281772504e+00 1.089145302e+01 4.703215858e-01 2.416059808e-03 1.275897346e-01 9.745123932e+00
1.055110220e+04 4.274999011e+00 1.090496612e+01 4.653780227e-01 2.435185270e-03 1.280654275e-01 9.744156894e+00
1.058116232e+04 4.268221287e+00 1.091844401e+01 4.604844940e-01 2.454560906e-03 1.285456025e-01 9.743186272e+00
1.061122244e+04 4.261439505e+00 1.093188692e+01 4.556405248e-01 2.474190841e-03 1.290303136e-01 9.742212034e+00
1.064128257e+04 4.254653837e+00 1.094529508e+01 4.508456439e-01 2.494079482e-03 1.295196168e-01 9.741234145e+00
1.067134269e+04 4.247864450e+00 1.095866874e+01 4.460993842e-01 2.514231048e-03 1.300135676e-01 9.740252568e+00
1.070140281e+04 4.241071513e+00 1.097200811e+01 4.414012828e-01 2.534649951e-03 1.305122227e-01 9.739267270e+00
1.073146293e+04 4.234275194e+00 1.098531343e+01 4.367508804e-01 2.555340695e-03 1.310156403e-01 9.738278214e+00
1.076152305e+04 4.227475659e+00 1.099858492e+01 4.321477216e-01 2.576307880e-03 1.315238792e-01 9.737285365e+00
1.079158317e+04 4.220673073e+00 1.101182281e+01 4.275913547e-01 2.597556198e-03 1.320369994e-01 9.736288684e+00
1.082164329e+04 4.213867600e+00 1.102502732e+01 4.230813319e-01 2.619090507e-03 1.325550624e-01 9.735288136e+00
1.085170341e+04 4.207059404e+00 1.103819869e+01 4.186172089e-01 2.640915727e-03 1.330781307e-01 9.734283682e+00
1.088176353e+04 4.200248647e+00 1.105133713e+01 4.141985457e-01 2.663036842e-03 1.336062672e-01 9.733275285e+00
1.091182365e+04 4.193435490e+00 1.106444286e+01 4.098249058e-01 2.685458971e-03 1.341395364e-01 9.732262906e+00
1.094188377e+04 4.186620094e+00 1.107751611e+01 4.054958563e-01 2.708187343e-03 1.346780038e-01 9.731246505e+00
1.097194389e+04 4.179802617e+00 1.109055709e+01 4.012109683e-01 2.731227295e-03 1.352217363e-01 9.730226043e+00
1.100200401e+04 4.172983217e+00 1.110356602e+01 3.969698161e-01 2.754584303e-03 1.357708020e-01 9.729201481e+00
1.103206413e+04 4.166162053e+00 1.111654312e+01 3.927719777e-01 2.778264023e-03 1.363252707e-01 9.728172776e+00
1.106212425e+04 4.159339280e+00 1.112948861e+01 3.886170352e-01 2.802272106e-03 1.368852125e-01 9.727139889e+00
1.109218437e+04 4.152515053e+00 1.114240269e+01 3.845045740e-01 2.826614378e-03 1.374506992e-01 9.726102777e+00
1.112224449e+04 4.145689526e+00 1.115528559e+01 3.804341831e-01 2.851296788e-03 1.380218038e-01 9.725061398e+00
1.115230461e+04 4.138862852e+00 1.116813751e+01 3.764054550e-01 2.876325414e-03 1.385986007e-01 9.724015709e+00
1.118236473e+04 4.132035184e+00 1.118095867e+01 3.724179858e-01 2.901706461e-03 1.391811656e-01 9.722965668e+00
1.121242485e+04 4.125206674e+00 1.119374929e+01 3.684713751e-01 2.927446536e-03 1.397695773e-01 9.721911229e+00
1.124248497e+04 4.118377472e+00 1.120650956e+01 3.645652259e-01 2.953552052e-03 1.403639138e-01 9.720852348e+00
1.127254509e+04 4.111547727e+00 1.121923971e+01 3.606991448e-01 2.980029659e-03 1.409642552e-01 9.719788981e+00
1.130260521e+04 4.104717587e+00 1.123193994e+01 3.568727418e-01 3.006886173e-03 1.415706832e-01 9.718721080e+00
1.133266533e+04 4.097887200e+00 1.124461046e+01 3.530856304e-01 3.034128562e-03 1.421832809e-01 9.717648601e+00
1.136272545e+04 4.091056713e+00 1.125725147e+01 3.493374272e-01 3.061763949e-03 1.428021331e-01 9.716571495e+00
1.139278557e+04 4.084226270e+00 1.126986319e+01 3.456277526e-01 3.089799733e-03 1.434273268e-01 9.715489715e+00
1.142284569e+04 4.077396017e+00 1.128244582e+01 3.419562300e-01 3.118243447e-03 1.440589506e-01 9.714403212e+00
1.145290581e+04 4.070566097e+00 1.129499957e+01 3.383224862e-01 3.147102672e-03 1.446970937e-01 9.713311938e+00
1.148296593e+04 4.063736653e+00 1.130752464e+01 3.347261515e-01 3.176385232e-03 1.453418476e-01 9.712215842e+00
1.151302605e+04 4.056907827e+00 1.132002124e+01 3.311668592e-01 3.206099128e-03 1.459933054e-01 9.711114875e+00
1.154308617e+04 4.050079760e+00 1.133248958e+01 3.276442462e-01 3.236252544e-03 1.466515620e-01 9.710008984e+00
1.157314629e+04 4.043252591e+00 1.134492985e+01 3.241579523e-01 3.266853885e-03 1.473167145e-01 9.708898118e+00
1.160320641e+04 4.036426461e+00 1.135734225e+01 3.207076206e-01 3.297911904e-03 1.479888629e-01 9.707782225e+00
1.163326653e+04 4.029601506e+00 1.136972700e+01 3.172928976e-01 3.329435283e-03 1.486681069e-01 9.706661250e+00
1.166332665e+04 4.022777866e+00 1.138208429e+01 3.139134327e-01 3.361433019e-03 1.493545492e-01 9.705535139e+00
1.169338677e+04 4.015955675e+00 1.139441433e+01 3.105688786e-01 3.393914312e-03 1.500482942e-01 9.704403838e+00
1.172344689e+04 4.009135070e+00 1.140671731e+01 3.072588911e-01 3.426888575e-03 1.507494485e-01 9.703267290e+00
1.175350701e+04 4.002316185e+00 1.141899344e+01 3.039831291e-01 3.460365438e-03 1.514581207e-01 9.702125440e+00
1.178356713e+04 3.995499156e+00 1.143124292e+01 3.007412545e-01 3.494355152e-03 1.521744241e-01 9.700978229e+00
1.181362725e+04 3.988684115e+00 1.144346596e+01 2.975329324e-01 3.528867760e-03 1.528984711e-01 9.699825598e+00
1.184368737e+04 3.981871195e+00 1.145566275e+01 2.943578307e-01 3.563913603e-03 1.536303768e-01 9.698667489e+00
1.187374749e+04 3.975060527e+00 1.146783349e+01 2.912156207e-01 3.599503330e-03 1.543702591e-01 9.697503842e+00
1.190380762e+04 3.968252242e+00 1.147997839e+01 2.881059763e-01 3.635647840e-03 1.551182379e-01 9.696334595e+00
1.193386774e+04 3.961446470e+00 1.149209765e+01 2.850285745e-01 3.672358296e-03 1.558744357e-01 9.695159687e+00
1.196392786e+04 3.954643341e+00 1.150419146e+01 2.819830953e-01 3.709646339e-03 1.566389787e-01 9.693979055e+00
1.199398798e+04 3.947842982e+00 1.151626003e+01 2.789692217e-01 3.747523922e-03 1.574119959e-01 9.692792633e+00
1.202404810e+04 3.941045522e+00 1.152830357e+01 2.759866393e-01 3.786002939e-03 1.581936165e-01 9.691600358e+00
1.205410822e+04 3.934251088e+00 1.154032227e+01 2.730350370e-01 3.825095756e-03 1.589839735e-01 9.690402164e+00
1.208416834e+04 3.927459805e+00 1.155231634e+01 2.701141061e-01 3.864815041e-03 1.597832026e-01 9.689197984e+00
1.211422846e+04 3.920671800e+00 1.156428597e+01 2.672235410e-01 3.905173774e-03 1.605914421e-01 9.687987750e+00
1.214428858e+04 3.913887198e+00 1.157623138e+01 2.643630389e-01 3.946185292e-03 1.614088336e-01 9.686771392e+00
1.217434870e+04 3.907106122e+00 1.158815276e+01 2.615322999e-01 3.987863657e-03 1.622355240e-01 9.685548841e+00
1.220440882e+04 3.900328697e+00 1.160005031e+01 2.587310266e-01 4.030222665e-03 1.630716593e-01 9.684320024e+00
1.223446894e+04 3.893555046e+00 1.161192425e+01 2.559589245e-01 4.073276700e-03 1.639173898e-01 9.683084870e+00
1.226452906e+04 3.886785289e+00 1.162377476e+01 2.532157018e-01 4.117040506e-03 1.647728692e-01 9.681843305e+00
1.229458918e+04 3.880019550e+00 1.163560207e+01 2.505010693e-01 4.161529193e-03 1.656382542e-01 9.680595254e+00
1.232464930e+04 3.873257950e+00 1.164740637e+01 2.478147408e-01 4.206758244e-03 1.665137047e-01 9.679340642e+00
1.235470942e+04 3.866500608e+00 1.165918787e+01 2.451564325e-01 4.252743989e-03 1.673993868e-01 9.678079390e+00
1.238476954e+04 3.859747647e+00 1.167094678e+01 2.425258633e-01 4.299502825e-03 1.682954678e-01 9.676811420e+00
1.241482966e+04 3.852999184e+00 1.168268331e+01 2.399227546e-01 4.347051502e-03 1.692021183e-01 9.675536653e+00
1.244488978e+04 3.846255339e+00 1.169439766e+01 2.373468307e-01 4.395407317e-03 1.701195129e-01 9.674255007e+00
1.247494990e+04 3.839516231e+00 1.170609005e+01 2.347978182e-01 4.444588023e-03 1.710478304e-01 9.672966400e+00
1.250501002e+04 3.832781977e+00 1.171776069e+01 2.322754464e-01 4.494611995e-03 1.719872539e-01 9.671670747e+00
1.253507014e+04 3.826052695e+00 1.172940978e+01 2.297794472e-01 4.545498014e-03 1.729379703e-01 9.670367963e+00
1.256513026e+04 3.819328501e+00 1.174103755e+01 2.273095547e-01 4.597265293e-03 1.739001701e-01 9.669057961e+00
1.259519038e+04 3.812609513e+00 1.175264421e+01 2.248655059e-01 4.649933612e-03 1.748740480e-01 9.667740654e+00
1.262525050e+04 3.805895845e+00 1.176422998e+01 2.224470400e-01 4.703523277e-03 1.758598034e-01 9.666415950e+00
1.265531062e+04 3.799187614e+00 1.177579507e+01 2.200538989e-01 4.758055333e-03 1.768576409e-01 9.665083759e+00
1.268537074e+04 3.792484934e+00 1.178733971e+01 2.176858266e-01 4.813551347e-03 1.778677693e-01 9.663743987e+00
1.271543086e+04 3.785787920e+00 1.179886410e+01 2.153425698e-01 4.870033305e-03 1.788904012e-01 9.662396540e+00
1.274549098e+04 3.779096686e+00 1.181036849e+01 2.130238774e-01 4.927523885e-03 1.799257544e-01 9.661041322e+00
1.277555110e+04 3.772411345e+00 1.182185308e+01 2.107295009e-01 4.986046380e-03 1.809740516e-01 9.659678235e+00
1.280561122e+04 3.765732014e+00 1.183331811e+01 2.084591940e-01 5.045624865e-03 1.820355210e-01 9.658307178e+00
1.283567134e+04 3.759058808e+00 1.184476380e+01 2.062127128e-01 5.106284094e-03 1.831103963e-01 9.656928051e+00
1.286573146e+04 3.752391841e+00 1.185619039e+01 2.039898156e-01 5.168049296e-03 1.841989150e-01 9.655540749e+00
1.289579158e+04 3.745731225e+00 1.186759810e+01 2.017902632e-01 5.230946491e-03 1.853013207e-01 9.654145168e+00
1.292585170e+04 3.739077075e+00 1.187898716e+01 1.996138184e-01 5.295002406e-03 1.864178624e-01 9.652741201e+00
1.295591182e+04 3.732429505e+00 1.189035782e+01 1.974602465e-01 5.360244808e-03 1.875487965e-01 9.651328739e+00
1.298597194e+04 3.725788623e+00 1.190171032e+01 1.953293150e-01 5.426702550e-03 1.886943871e-01 9.649907670e+00
1.301603206e+04 3.719154544e+00 1.191304490e+01 1.932207936e-01 5.494404721e-03 1.898549011e-01 9.648477881e+00
1.304609218e+04 3.712527381e+00 1.192436181e+01 1.911344542e-01 5.563381520e-03 1.910306131e-01 9.647039257e+00
1.307615230e+04 3.705907245e+00 1.193566129e+01 1.890700708e-01 5.633664016e-03 1.922218040e-01 9.645591681e+00
1.310621242e+04 3.699294250e+00 1.194694359e+01 1.870274197e-01 5.705284117e-03 1.934287607e-01 9.644135032e+00
1.313627255e+04 3.692688509e+00 1.195820897e+01 1.850062792e-01 5.778274776e-03 1.946517782e-01 9.642669190e+00
1.316633267e+04 3.686090134e+00 1.196945767e+01 1.830064299e-01 5.852669867e-03 1.958911578e-01 9.641194030e+00
1.319639279e+04 3.679499237e+00 1.198068997e+01 1.810276544e-01 5.928504286e-03 1.971472082e-01 9.639709425e+00
1.322645291e+04 3.672915933e+00 1.199190613e+01 1.790697375e-01 6.005814257e-03 1.984202471e-01 9.638215247e+00
1.325651303e+04 3.666340335e+00 1.200310641e+01 1.771324658e-01 6.084636697e-03 1.997105978e-01 9.636711363e+00
1.328657315e+04 3.659772556e+00 1.201429109e+01 1.752156284e-01 6.165009752e-03 2.010185920e-01 9.635197640e+00
1.331663327e+04 3.653212712e+00 1.202546043e+01 1.733190159e-01 6.246972693e-03 2.023445694e-01 9.633673942e+00
1.334669339e+04 3.646660913e+00 1.203661473e+01 1.714424215e-01 6.330566524e-03 2.036888811e-01 9.632140128e+00
1.337675351e+04 3.640117274e+00 1.204775425e+01 1.695856399e-01 6.415832856e-03 2.050518834e-01 9.630596058e+00
1.340681363e+04 3.633581911e+00 1.205887930e+01 1.677484681e-01 6.502814779e-03 2.064339423e-01 9.629041585e+00
1.343687375e+04 3.627054936e+00 1.206999016e+01 1.659307048e-01 6.591556686e-03 2.078354329e-01 9.627476563e+00
1.346693387e+04 3.620536468e+00 1.208108713e+01 1.641321510e-01 6.682104816e-03 2.092567421e-01 9.625900841e+00
1.349699399e+04 3.614026621e+00 1.209217051e+01 1.623526094e-01 6.774506415e-03 2.106982644e-01 9.624314264e+00
1.352705411e+04 3.607525511e+00 1.210324060e+01 1.605918846e-01 6.868810227e-03 2.121604042e-01 9.622716676e+00
1.355711423e+04 3.601033255e+00 1.211429773e+01 1.588497832e-01 6.965066561e-03 2.136435764e-01 9.621107918e+00
1.358717435e+04 3.594549972e+00 1.212534221e+01 1.571261136e-01 7.063327693e-03 2.151482084e-01 9.619487825e+00
1.361723447e+04 3.588075779e+00 1.213637437e+01 1.554206862e-01 7.163647354e-03 2.166747374e-01 9.617856231e+00
1.364729459e+04 3.581610796e+00 1.214739452e+01 1.537333130e-01 7.266080820e-03 2.182236111e-01 9.616212965e+00
1.367735471e+04 3.575155142e+00 1.215840302e+01 1.520638081e-01 7.370685217e-03 2.197952891e-01 9.614557855e+00
1.370741483e+04 3.568708938e+00 1.216940020e+01 1.504119873e-01 7.477519833e-03 2.213902445e-01 9.612890723e+00
1.373747495e+04 3.562272306e+00 1.218038641e+01 1.487776681e-01 7.586645892e-03 2.230089628e-01 9.611211387e+00
1.376753507e+04 3.555845368e+00 1.219136201e+01 1.471606700e-01 7.698126213e-03 2.246519404e-01 9.609519663e+00
1.379759519e+04 3.549428246e+00 1.220232736e+01 1.455608141e-01 7.812025810e-03 2.263196873e-01 9.607815362e+00
1.382765531e+04 3.543021067e+00 1.221328284e+01 1.439779233e-01 7.928412092e-03 2.280127283e-01 9.606098291e+00
1.385771543e+04 3.536623956e+00 1.222422882e+01 1.424118222e-01 8.047354991e-03 2.297316034e-01 9.604368253e+00
1.388777555e+04 3.530237039e+00 1.223516569e+01 1.408623373e-01 8.168926069e-03 2.314768639e-01 9.602625046e+00
1.391783567e+04 3.523860445e+00 1.224609385e+01 1.393292965e-01 8.293199496e-03 2.332490770e-01 9.600868466e+00
1.394789579e+04 3.517494303e+00 1.225701369e+01 1.378125295e-01 8.420252106e-03 2.350488258e-01 9.599098301e+00
1.397795591e+04 3.511138745e+00 1.226792564e+01 1.363118679e-01 8.550163991e-03 2.368767122e-01 9.597314338e+00
1.400801603e+04 3.504793902e+00 1.227883012e+01 1.348271447e-01 8.683016882e-03 2.387333498e-01 9.595516355e+00
1.403807615e+04 3.498459910e+00 1.228972756e+01 1.333581946e-01 8.818895627e-03 2.406193702e-01 9.593704129e+00
1.406813627e+04 3.492136904e+00 1.230061840e+01 1.319048539e-01 8.957888029e-03 2.425354230e-01 9.591877432e+00
1.409819639e+04 3.485825021e+00 1.231150309e+01 1.304669606e-01 9.100086013e-03 2.444821800e-01 9.590036026e+00
1.412825651e+04 3.479524401e+00 1.232238211e+01 1.290443543e-01 9.245583196e-03 2.464603254e-01 9.588179673e+00
1.415831663e+04 3.473235185e+00 1.233325592e+01 1.276368761e-01 9.394476894e-03 2.484705644e-01 9.586308127e+00
1.418837675e+04 3.466957516e+00 1.234412501e+01 1.262443686e-01 9.546867729e-03 2.505136217e-01 9.584421138e+00
1.421843687e+04 3.460691540e+00 1.235498988e+01 1.248666762e-01 9.702861390e-03 2.525902482e-01 9.582518448e+00
1.424849699e+04 3.454437404e+00 1.236585105e+01 1.235036446e-01 9.862565434e-03 2.547012086e-01 9.580599794e+00
1.427855711e+04 3.448195259e+00 1.237670904e+01 1.221551212e-01 1.002609174e-02 2.568472916e-01 9.578664907e+00
1.430861723e+04 3.441965256e+00 1.238756439e+01 1.208209547e-01 1.019355608e-02 2.590293076e-01 9.576713513e+00
1.433867735e+04 3.435747552e+00 1.239841765e+01 1.195009955e-01 1.036507981e-02 2.612480960e-01 9.574745330e+00
1.436873747e+04 3.429542303e+00 1.240926940e+01 1.181950954e-01 1.054078729e-02 2.635045149e-01 9.572760068e+00
1.439879760e+04 3.423349670e+00 1.242012020e+01 1.169031076e-01 1.072080730e-02 2.657994469e-01 9.570757433e+00
1.442885772e+04 3.417169816e+00 1.243097067e+01 1.156248869e-01 1.090527338e-02 2.681338004e-01 9.568737123e+00
1.445891784e+04 3.411002907e+00 1.244182141e+01 1.143602894e-01 1.109432490e-02 2.705085139e-01 9.566698829e+00
1.448897796e+04 3.404849114e+00 1.245267306e+01 1.131091727e-01 1.128810604e-02 2.729245521e-01 9.564642231e+00
1.451903808e+04 3.398708608e+00 1.246352627e+01 1.118713959e-01 1.148676572e-02 2.753829060e-01 9.562567007e+00
1.454909820e+04 3.392581565e+00 1.247438171e+01 1.106468192e-01 1.169045882e-02 2.778845971e-01 9.560472824e+00
1.457915832e+04 3.386468167e+00 1.248524006e+01 1.094353044e-01 1.189934675e-02 2.804306802e-01 9.558359339e+00
1.460921844e+04 3.380368597e+00 1.249610204e+01 1.082367148e-01 1.211359594e-02 2.830222376e-01 9.556226204e+00
1.463927856e+04 3.374283041e+00 1.250696837e+01 1.070509149e-01 1.233337932e-02 2.856603849e-01 9.554073061e+00
1.466933868e+04 3.368211692e+00 1.251783980e+01 1.058777704e-01 1.255887691e-02 2.883462726e-01 9.551899543e+00
1.469939880e+04 3.362154744e+00 1.252871709e+01 1.047171486e-01 1.279027495e-02 2.910810839e-01 9.549705272e+00
1.472945892e+04 3.356112399e+00 1.253960105e+01 1.035689180e-01 1.302776665e-02 2.938660371e-01 9.547489864e+00
1.475951904e+04 3.350084861e+00 1.255049250e+01 1.024329483e-01 1.327155302e-02 2.967023889e-01 9.545252923e+00
1.478957916e+04 3.344072339e+00 1.256139226e+01 1.013091108e-01 1.352184315e-02 2.995914349e-01 9.542994042e+00
1.481963928e+04 3.338075047e+00 1.257230122e+01 1.001972777e-01 1.377885305e-02 3.025345064e-01 9.540712806e+00
1.484969940e+04 3.332093204e+00 1.258322025e+01 9.909732278e-02 1.404280730e-02 3.055329763e-01 9.538408789e+00
1.487975952e+04 3.326127037e+00 1.259415030e+01 9.800912089e-02 1.431394172e-02 3.085882677e-01 9.536081550e+00
1.490981964e+04 3.320176774e+00 1.260509230e+01 9.693254821e-02 1.459249846e-02 3.117018382e-01 9.533730642e+00
1.493987976e+04 3.314242651e+00 1.261604723e+01 9.586748211e-02 1.487872995e-02 3.148751926e-01 9.531355603e+00
1.496993988e+04 3.308324912e+00 1.262701611e+01 9.481380120e-02 1.517289986e-02 3.181098866e-01 9.528955959e+00
1.500000000e+04 3.302423804e+00 1.263799998e+01 9.377138531e-02 1.547528211e-02 3.214075240e-01 9.526531225e+00
