time            Cj              Ck              Br              shCj            shCk            shBr           
0.000000000e+00 1.000000000e+01 1.000000000e-05 1.000000000e+01 0.000000000e+00 0.000000000e+00 1.000000000e+01
3.006012024e+01 6.884824741e+00 7.745726805e-02 9.954225516e+00 7.290431228e-05 4.302262915e-02 9.999865487e+00
6.012024048e+01 6.866827319e+00 1.625192186e-01 9.901581536e+00 2.769558565e-04 7.012325869e-02 9.999461362e+00
9.018036072e+01 6.841010568e+00 2.468029808e-01 9.848753949e+00 5.175498353e-04 8.781649141e-02 9.998874310e+00
1.202404810e+02 6.810155243e+00 3.301718261e-01 9.795815424e+00 7.443418277e-04 9.927513722e-02 9.998167415e+00
1.503006012e+02 6.776318130e+00 4.125805250e-01 9.742809647e+00 9.369553930e-04 1.066244282e-01 9.997382673e+00
1.803607214e+02 6.740849276e+00 4.940235274e-01 9.689766419e+00 1.090614095e-03 1.112765982e-01 9.996547900e+00
2.104208417e+02 6.704627354e+00 5.745150215e-01 9.636706336e+00 1.207922816e-03 1.141647353e-01 9.995681441e+00
2.404809619e+02 6.668219470e+00 6.540779146e-01 9.583643916e+00 1.294384412e-03 1.159025940e-01 9.994795355e+00
2.705410822e+02 6.631988327e+00 7.327379724e-01 9.530589682e+00 1.356097786e-03 1.168926978e-01 9.993897545e+00
3.006012024e+02 6.596162937e+00 8.105209315e-01 9.477551542e+00 1.398688995e-03 1.173982971e-01 9.992993175e+00
3.306613226e+02 6.560885301e+00 8.874512300e-01 9.424535686e+00 1.426901136e-03 1.175910761e-01 9.992085608e+00
3.607214429e+02 6.526240930e+00 9.635515803e-01 9.371547182e+00 1.444528894e-03 1.175829022e-01 9.991177025e+00
3.907815631e+02 6.492278853e+00 1.038842957e+00 9.318590370e+00 1.454499424e-03 1.174464639e-01 9.990268834e+00
4.208416834e+02 6.459024578e+00 1.113344731e+00 9.265669103e+00 1.459011652e-03 1.172288909e-01 9.989361935e+00
4.509018036e+02 6.426488550e+00 1.187074964e+00 9.212786927e+00 1.459689783e-03 1.169607701e-01 9.988456901e+00
4.809619238e+02 6.394671599e+00 1.260050574e+00 9.159947179e+00 1.457711854e-03 1.166618602e-01 9.987554089e+00
5.110220441e+02 6.363568514e+00 1.332287493e+00 9.107153050e+00 1.453920293e-03 1.163448835e-01 9.986653717e+00
5.410821643e+02 6.333170280e+00 1.403800924e+00 9.054407647e+00 1.448914470e-03 1.160180681e-01 9.985755910e+00
5.711422846e+02 6.303465612e+00 1.474605351e+00 9.001714006e+00 1.443113768e-03 1.156866794e-01 9.984860738e+00
6.012024048e+02 6.274441848e+00 1.544714718e+00 8.949075115e+00 1.436810845e-03 1.153540981e-01 9.983968229e+00
6.312625251e+02 6.246085591e+00 1.614142451e+00 8.896493928e+00 1.430207549e-03 1.150224772e-01 9.983078390e+00
6.613226453e+02 6.218383053e+00 1.682901561e+00 8.843973374e+00 1.423442429e-03 1.146931843e-01 9.982191211e+00
6.913827655e+02 6.191320344e+00 1.751004656e+00 8.791516356e+00 1.416610858e-03 1.143670928e-01 9.981306672e+00
7.214428858e+02 6.164883594e+00 1.818463983e+00 8.739125757e+00 1.409777517e-03 1.140447482e-01 9.980424746e+00
7.515030060e+02 6.139059067e+00 1.885291421e+00 8.686804439e+00 1.402983316e-03 1.137264582e-01 9.979545404e+00
7.815631263e+02 6.113833219e+00 1.951498530e+00 8.634555245e+00 1.396255924e-03 1.134124125e-01 9.978668612e+00
8.116232465e+02 6.089192738e+00 2.017096577e+00 8.582381001e+00 1.389614716e-03 1.131027312e-01 9.977794337e+00
8.416833667e+02 6.065124546e+00 2.082096534e+00 8.530284515e+00 1.383071822e-03 1.127974731e-01 9.976922544e+00
8.717434870e+02 6.041615819e+00 2.146509087e+00 8.478268575e+00 1.376634451e-03 1.124966574e-01 9.976053198e+00
9.018036072e+02 6.018653991e+00 2.210344650e+00 8.426335949e+00 1.370306930e-03 1.122002828e-01 9.975186264e+00
9.318637275e+02 5.996226753e+00 2.273613375e+00 8.374489388e+00 1.364091707e-03 1.119083352e-01 9.974321705e+00
9.619238477e+02 5.974322052e+00 2.336325158e+00 8.322731621e+00 1.357989967e-03 1.116207935e-01 9.973459487e+00
9.919839679e+02 5.952928085e+00 2.398489650e+00 8.271065357e+00 1.352001774e-03 1.113376282e-01 9.972599575e+00
1.022044088e+03 5.932033297e+00 2.460116260e+00 8.219493285e+00 1.346126820e-03 1.110588089e-01 9.971741935e+00
1.052104208e+03 5.911626374e+00 2.521214165e+00 8.168018071e+00 1.340364393e-03 1.107843028e-01 9.970886531e+00
1.082164329e+03 5.891696240e+00 2.581792315e+00 8.116642361e+00 1.334713536e-03 1.105140757e-01 9.970033329e+00
1.112224449e+03 5.872232047e+00 2.641859442e+00 8.065368778e+00 1.329173167e-03 1.102480936e-01 9.969182296e+00
1.142284569e+03 5.853223179e+00 2.701424061e+00 8.014199921e+00 1.323742118e-03 1.099863219e-01 9.968333398e+00
1.172344689e+03 5.834659234e+00 2.760494481e+00 7.963138366e+00 1.318419093e-03 1.097287258e-01 9.967486601e+00
1.202404810e+03 5.816530030e+00 2.819078810e+00 7.912186667e+00 1.313202872e-03 1.094752712e-01 9.966641873e+00
1.232464930e+03 5.798825595e+00 2.877184953e+00 7.861347351e+00 1.308092230e-03 1.092259246e-01 9.965799180e+00
1.262525050e+03 5.781536156e+00 2.934820637e+00 7.810622923e+00 1.303085924e-03 1.089806522e-01 9.964958491e+00
1.292585170e+03 5.764652139e+00 2.991993400e+00 7.760015860e+00 1.298182675e-03 1.087394201e-01 9.964119772e+00
1.322645291e+03 5.748164187e+00 3.048710582e+00 7.709528615e+00 1.293381373e-03 1.085021970e-01 9.963282992e+00
1.352705411e+03 5.732063123e+00 3.104979356e+00 7.659163616e+00 1.288680825e-03 1.082689505e-01 9.962448119e+00
1.382765531e+03 5.716339942e+00 3.160806738e+00 7.608923263e+00 1.284079693e-03 1.080396469e-01 9.961615122e+00
1.412825651e+03 5.700985837e+00 3.216199562e+00 7.558809930e+00 1.279576813e-03 1.078142546e-01 9.960783970e+00
1.442885772e+03 5.685992176e+00 3.271164506e+00 7.508825963e+00 1.275171005e-03 1.075927420e-01 9.959954631e+00
1.472945892e+03 5.671350517e+00 3.325708075e+00 7.458973683e+00 1.270861319e-03 1.073750801e-01 9.959127075e+00
1.503006012e+03 5.657052569e+00 3.379836639e+00 7.409255379e+00 1.266646613e-03 1.071612378e-01 9.958301272e+00
1.533066132e+03 5.643090198e+00 3.433556426e+00 7.359673317e+00 1.262525641e-03 1.069511828e-01 9.957477192e+00
1.563126253e+03 5.629455461e+00 3.486873497e+00 7.310229729e+00 1.258497519e-03 1.067448876e-01 9.956654804e+00
1.593186373e+03 5.616140564e+00 3.539793777e+00 7.260926822e+00 1.254561235e-03 1.065423229e-01 9.955834078e+00
1.623246493e+03 5.603137873e+00 3.592323055e+00 7.211766773e+00 1.250715753e-03 1.063434598e-01 9.955014987e+00
1.653306613e+03 5.590439895e+00 3.644466991e+00 7.162751730e+00 1.246960104e-03 1.061482698e-01 9.954197500e+00
1.683366733e+03 5.578039293e+00 3.696231113e+00 7.113883809e+00 1.243293292e-03 1.059567242e-01 9.953381588e+00
1.713426854e+03 5.565928888e+00 3.747620808e+00 7.065165099e+00 1.239714253e-03 1.057687947e-01 9.952567222e+00
1.743486974e+03 5.554101622e+00 3.798641363e+00 7.016597657e+00 1.236222095e-03 1.055844537e-01 9.951754375e+00
1.773547094e+03 5.542550566e+00 3.849297953e+00 6.968183510e+00 1.232816085e-03 1.054036754e-01 9.950943018e+00
1.803607214e+03 5.531268972e+00 3.899595598e+00 6.919924655e+00 1.229495224e-03 1.052264328e-01 9.950133123e+00
1.833667335e+03 5.520250213e+00 3.949539215e+00 6.871823056e+00 1.226258624e-03 1.050526997e-01 9.949324662e+00
1.863727455e+03 5.509487777e+00 3.999133625e+00 6.823880649e+00 1.223105348e-03 1.048824489e-01 9.948517608e+00
1.893787575e+03 5.498975285e+00 4.048383537e+00 6.776099336e+00 1.220034654e-03 1.047156557e-01 9.947711933e+00
1.923847695e+03 5.488706474e+00 4.097293566e+00 6.728480989e+00 1.217045808e-03 1.045522951e-01 9.946907609e+00
1.953907816e+03 5.478675231e+00 4.145868199e+00 6.681027448e+00 1.214137906e-03 1.043923418e-01 9.946104611e+00
1.983967936e+03 5.468875549e+00 4.194111839e+00 6.633740520e+00 1.211310178e-03 1.042357712e-01 9.945302911e+00
2.014028056e+03 5.459301537e+00 4.242028791e+00 6.586621983e+00 1.208561846e-03 1.040825589e-01 9.944502482e+00
2.044088176e+03 5.449947425e+00 4.289623267e+00 6.539673579e+00 1.205892179e-03 1.039326813e-01 9.943703299e+00
2.074148297e+03 5.440807550e+00 4.336899388e+00 6.492897022e+00 1.203300459e-03 1.037861147e-01 9.942905335e+00
2.104208417e+03 5.431876369e+00 4.383861182e+00 6.446293989e+00 1.200785957e-03 1.036428359e-01 9.942108564e+00
2.134268537e+03 5.423148442e+00 4.430512593e+00 6.399866129e+00 1.198347978e-03 1.035028220e-01 9.941312961e+00
2.164328657e+03 5.414618439e+00 4.476857481e+00 6.353615056e+00 1.195985828e-03 1.033660503e-01 9.940518499e+00
2.194388778e+03 5.406281136e+00 4.522899620e+00 6.307542352e+00 1.193698843e-03 1.032324987e-01 9.939725154e+00
2.224448898e+03 5.398131411e+00 4.568642706e+00 6.261649566e+00 1.191486363e-03 1.031021452e-01 9.938932900e+00
2.254509018e+03 5.390164236e+00 4.614090364e+00 6.215938215e+00 1.189347758e-03 1.029749682e-01 9.938141712e+00
2.284569138e+03 5.382374685e+00 4.659246139e+00 6.170409783e+00 1.187282413e-03 1.028509461e-01 9.937351565e+00
2.314629259e+03 5.374757942e+00 4.704113491e+00 6.125065720e+00 1.185289702e-03 1.027300586e-01 9.936562434e+00
2.344689379e+03 5.367309284e+00 4.748695813e+00 6.079907445e+00 1.183369027e-03 1.026122851e-01 9.935774296e+00
2.374749499e+03 5.360024038e+00 4.792996461e+00 6.034936343e+00 1.181519852e-03 1.024976041e-01 9.934987126e+00
2.404809619e+03 5.352897649e+00 4.837018703e+00 5.990153766e+00 1.179741629e-03 1.023859956e-01 9.934200899e+00
2.434869739e+03 5.345925744e+00 4.880765661e+00 5.945561036e+00 1.178033680e-03 1.022774422e-01 9.933415591e+00
2.464929860e+03 5.339103877e+00 4.924240533e+00 5.901159437e+00 1.176395598e-03 1.021719222e-01 9.932631179e+00
2.494989980e+03 5.332427791e+00 4.967446361e+00 5.856950224e+00 1.174826786e-03 1.020694168e-01 9.931847638e+00
2.525050100e+03 5.325893285e+00 5.010386156e+00 5.812934619e+00 1.173326767e-03 1.019699074e-01 9.931064947e+00
2.555110220e+03 5.319496252e+00 5.053062858e+00 5.769113807e+00 1.171895041e-03 1.018733756e-01 9.930283080e+00
2.585170341e+03 5.313232656e+00 5.095479358e+00 5.725488946e+00 1.170531120e-03 1.017798030e-01 9.929502014e+00
2.615230461e+03 5.307098539e+00 5.137638493e+00 5.682061162e+00 1.169234532e-03 1.016891717e-01 9.928721728e+00
2.645290581e+03 5.301090027e+00 5.179543042e+00 5.638831546e+00 1.168004818e-03 1.016014640e-01 9.927942196e+00
2.675350701e+03 5.295203323e+00 5.221195727e+00 5.595801156e+00 1.166841534e-03 1.015166625e-01 9.927163398e+00
2.705410822e+03 5.289434689e+00 5.262599234e+00 5.552971026e+00 1.165744244e-03 1.014347501e-01 9.926385310e+00
2.735470942e+03 5.283780476e+00 5.303756187e+00 5.510342150e+00 1.164712528e-03 1.013557100e-01 9.925607910e+00
2.765531062e+03 5.278237120e+00 5.344669153e+00 5.467915486e+00 1.163745978e-03 1.012795257e-01 9.924831174e+00
2.795591182e+03 5.272801132e+00 5.385340646e+00 5.425691960e+00 1.162844200e-03 1.012061811e-01 9.924055082e+00
2.825651303e+03 5.267469083e+00 5.425773144e+00 5.383672472e+00 1.162006810e-03 1.011356601e-01 9.923279611e+00
2.855711423e+03 5.262237618e+00 5.465969073e+00 5.341857887e+00 1.161233434e-03 1.010679471e-01 9.922504739e+00
2.885771543e+03 5.257103441e+00 5.505930823e+00 5.300249041e+00 1.160523709e-03 1.010030265e-01 9.921730444e+00
2.915831663e+03 5.252063314e+00 5.545660749e+00 5.258846740e+00 1.159877282e-03 1.009408833e-01 9.920956704e+00
2.945891784e+03 5.247114070e+00 5.585161159e+00 5.217651757e+00 1.159293813e-03 1.008815024e-01 9.920183497e+00
2.975951904e+03 5.242252617e+00 5.624434312e+00 5.176664833e+00 1.158772977e-03 1.008248693e-01 9.919410804e+00
3.006012024e+03 5.237475922e+00 5.663482429e+00 5.135886680e+00 1.158314457e-03 1.007709697e-01 9.918638601e+00
3.036072144e+03 5.232781016e+00 5.702307694e+00 5.095317978e+00 1.157917947e-03 1.007197896e-01 9.917866867e+00
3.066132265e+03 5.228164991e+00 5.740912248e+00 5.054959376e+00 1.157583156e-03 1.006713152e-01 9.917095582e+00
3.096192385e+03 5.223624992e+00 5.779298210e+00 5.014811495e+00 1.157309796e-03 1.006255329e-01 9.916324725e+00
3.126252505e+03 5.219158229e+00 5.817467649e+00 4.974874922e+00 1.157097597e-03 1.005824293e-01 9.915554274e+00
3.156312625e+03 5.214761968e+00 5.855422607e+00 4.935150217e+00 1.156946294e-03 1.005419915e-01 9.914784209e+00
3.186372745e+03 5.210433534e+00 5.893165088e+00 4.895637911e+00 1.156855636e-03 1.005042068e-01 9.914014509e+00
3.216432866e+03 5.206170307e+00 5.930697063e+00 4.856338503e+00 1.156825381e-03 1.004690625e-01 9.913245154e+00
3.246492986e+03 5.201969727e+00 5.968020468e+00 4.817252465e+00 1.156855298e-03 1.004365464e-01 9.912476122e+00
3.276553106e+03 5.197829270e+00 6.005137223e+00 4.778380240e+00 1.156945164e-03 1.004066466e-01 9.911707395e+00
3.306613226e+03 5.193746484e+00 6.042049200e+00 4.739722240e+00 1.157094768e-03 1.003793512e-01 9.910938950e+00
3.336673347e+03 5.189718965e+00 6.078758246e+00 4.701278851e+00 1.157303912e-03 1.003546488e-01 9.910170769e+00
3.366733467e+03 5.185744366e+00 6.115266174e+00 4.663050430e+00 1.157572403e-03 1.003325281e-01 9.909402831e+00
3.396793587e+03 5.181820376e+00 6.151574781e+00 4.625037305e+00 1.157900061e-03 1.003129782e-01 9.908635116e+00
3.426853707e+03 5.177944729e+00 6.187685841e+00 4.587239777e+00 1.158286712e-03 1.002959882e-01 9.907867604e+00
3.456913828e+03 5.174115223e+00 6.223601086e+00 4.549658120e+00 1.158732196e-03 1.002815476e-01 9.907100276e+00
3.486973948e+03 5.170329714e+00 6.259322216e+00 4.512292581e+00 1.159236363e-03 1.002696463e-01 9.906333111e+00
3.517034068e+03 5.166586099e+00 6.294850908e+00 4.475143379e+00 1.159799072e-03 1.002602743e-01 9.905566090e+00
3.547094188e+03 5.162882291e+00 6.330188842e+00 4.438210708e+00 1.160420188e-03 1.002534216e-01 9.904799194e+00
3.577154309e+03 5.159216278e+00 6.365337649e+00 4.401494733e+00 1.161099587e-03 1.002490787e-01 9.904032402e+00
3.607214429e+03 5.155586086e+00 6.400298941e+00 4.364995595e+00 1.161837156e-03 1.002472364e-01 9.903265696e+00
3.637274549e+03 5.151989785e+00 6.435074305e+00 4.328713410e+00 1.162632791e-03 1.002478856e-01 9.902499056e+00
3.667334669e+03 5.148425488e+00 6.469665308e+00 4.292648265e+00 1.163486399e-03 1.002510175e-01 9.901732463e+00
3.697394790e+03 5.144891344e+00 6.504073501e+00 4.256800227e+00 1.164397892e-03 1.002566235e-01 9.900965898e+00
3.727454910e+03 5.141385552e+00 6.538300406e+00 4.221169332e+00 1.165367197e-03 1.002646953e-01 9.900199342e+00
3.757515030e+03 5.137906353e+00 6.572347522e+00 4.185755598e+00 1.166394246e-03 1.002752247e-01 9.899432775e+00
3.787575150e+03 5.134452029e+00 6.606216330e+00 4.150559014e+00 1.167478983e-03 1.002882041e-01 9.898666179e+00
3.817635271e+03 5.131020898e+00 6.639908291e+00 4.115579544e+00 1.168621358e-03 1.003036256e-01 9.897899534e+00
3.847695391e+03 5.127611307e+00 6.673424857e+00 4.080817135e+00 1.169821333e-03 1.003214819e-01 9.897132822e+00
3.877755511e+03 5.124221659e+00 6.706767446e+00 4.046271701e+00 1.171078877e-03 1.003417658e-01 9.896366025e+00
3.907815631e+03 5.120850383e+00 6.739937467e+00 4.011943142e+00 1.172393969e-03 1.003644703e-01 9.895599123e+00
3.937875752e+03 5.117495950e+00 6.772936308e+00 3.977831331e+00 1.173766598e-03 1.003895888e-01 9.894832097e+00
3.967935872e+03 5.114156869e+00 6.805765335e+00 3.943936116e+00 1.175196761e-03 1.004171148e-01 9.894064930e+00
3.997995992e+03 5.110831676e+00 6.838425908e+00 3.910257329e+00 1.176684464e-03 1.004470421e-01 9.893297602e+00
4.028056112e+03 5.107518952e+00 6.870919358e+00 3.876794776e+00 1.178229724e-03 1.004793646e-01 9.892530095e+00
4.058116232e+03 5.104217310e+00 6.903247007e+00 3.843548241e+00 1.179832563e-03 1.005140767e-01 9.891762391e+00
4.088176353e+03 5.100925389e+00 6.935410163e+00 3.810517492e+00 1.181493017e-03 1.005511726e-01 9.890994471e+00
4.118236473e+03 5.097641874e+00 6.967410110e+00 3.777702268e+00 1.183211127e-03 1.005906471e-01 9.890226317e+00
4.148296593e+03 5.094365472e+00 6.999248124e+00 3.745102295e+00 1.184986945e-03 1.006324951e-01 9.889457910e+00
4.178356713e+03 5.091094929e+00 7.030925462e+00 3.712717275e+00 1.186820531e-03 1.006767118e-01 9.888689233e+00
4.208416834e+03 5.087829021e+00 7.062443369e+00 3.680546889e+00 1.188711956e-03 1.007232924e-01 9.887920266e+00
4.238476954e+03 5.084566555e+00 7.093803073e+00 3.648590801e+00 1.190661298e-03 1.007722327e-01 9.887150993e+00
4.268537074e+03 5.081306367e+00 7.125005792e+00 3.616848655e+00 1.192668644e-03 1.008235283e-01 9.886381394e+00
4.298597194e+03 5.078047321e+00 7.156052729e+00 3.585320077e+00 1.194734091e-03 1.008771754e-01 9.885611452e+00
4.328657315e+03 5.074788316e+00 7.186945072e+00 3.554004673e+00 1.196857744e-03 1.009331702e-01 9.884841149e+00
4.358717435e+03 5.071528276e+00 7.217683997e+00 3.522902031e+00 1.199039720e-03 1.009915092e-01 9.884070466e+00
4.388777555e+03 5.068266152e+00 7.248270672e+00 3.492011724e+00 1.201280140e-03 1.010521892e-01 9.883299386e+00
4.418837675e+03 5.065000927e+00 7.278706244e+00 3.461333302e+00 1.203579139e-03 1.011152071e-01 9.882527890e+00
4.448897796e+03 5.061731609e+00 7.308991853e+00 3.430866302e+00 1.205936859e-03 1.011805600e-01 9.881755960e+00
4.478957916e+03 5.058457234e+00 7.339128628e+00 3.400610243e+00 1.208353451e-03 1.012482454e-01 9.880983580e+00
4.509018036e+03 5.055176863e+00 7.369117683e+00 3.370564626e+00 1.210829075e-03 1.013182609e-01 9.880210730e+00
4.539078156e+03 5.051889588e+00 7.398960121e+00 3.340728935e+00 1.213363901e-03 1.013906044e-01 9.879437393e+00
4.569138277e+03 5.048594521e+00 7.428657036e+00 3.311102641e+00 1.215958109e-03 1.014652739e-01 9.878663551e+00
4.599198397e+03 5.045290803e+00 7.458209508e+00 3.281685196e+00 1.218611887e-03 1.015422678e-01 9.877889186e+00
4.629258517e+03 5.041977596e+00 7.487618608e+00 3.252476039e+00 1.221325432e-03 1.016215846e-01 9.877114280e+00
4.659318637e+03 5.038654091e+00 7.516885397e+00 3.223474592e+00 1.224098951e-03 1.017032231e-01 9.876338816e+00
4.689378758e+03 5.035319500e+00 7.546010924e+00 3.194680264e+00 1.226932661e-03 1.017871822e-01 9.875562776e+00
4.719438878e+03 5.031973056e+00 7.574996230e+00 3.166092448e+00 1.229826788e-03 1.018734612e-01 9.874786142e+00
4.749498998e+03 5.028614019e+00 7.603842343e+00 3.137710525e+00 1.232781568e-03 1.019620596e-01 9.874008896e+00
4.779559118e+03 5.025241670e+00 7.632550286e+00 3.109533859e+00 1.235797244e-03 1.020529769e-01 9.873231020e+00
4.809619238e+03 5.021855312e+00 7.661121067e+00 3.081561803e+00 1.238874073e-03 1.021462132e-01 9.872452497e+00
4.839679359e+03 5.018454269e+00 7.689555688e+00 3.053793697e+00 1.242012317e-03 1.022417685e-01 9.871673309e+00
4.869739479e+03 5.015037886e+00 7.717855142e+00 3.026228866e+00 1.245212252e-03 1.023396432e-01 9.870893438e+00
4.899799599e+03 5.011605530e+00 7.746020413e+00 2.998866624e+00 1.248474161e-03 1.024398380e-01 9.870112867e+00
4.929859719e+03 5.008156590e+00 7.774052473e+00 2.971706271e+00 1.251798339e-03 1.025423536e-01 9.869331577e+00
4.959919840e+03 5.004690471e+00 7.801952288e+00 2.944747097e+00 1.255185089e-03 1.026471911e-01 9.868549551e+00
4.989979960e+03 5.001206601e+00 7.829720815e+00 2.917988380e+00 1.258634725e-03 1.027543519e-01 9.867766772e+00
5.020040080e+03 4.997704427e+00 7.857359004e+00 2.891429386e+00 1.262147571e-03 1.028638374e-01 9.866983220e+00
5.050100200e+03 4.994183414e+00 7.884867794e+00 2.865069368e+00 1.265723961e-03 1.029756494e-01 9.866198879e+00
5.080160321e+03 4.990643047e+00 7.912248116e+00 2.838907570e+00 1.269364242e-03 1.030897899e-01 9.865413732e+00
5.110220441e+03 4.987082829e+00 7.939500894e+00 2.812943227e+00 1.273068766e-03 1.032062611e-01 9.864627759e+00
5.140280561e+03 4.983502280e+00 7.966627046e+00 2.787175561e+00 1.276837900e-03 1.033250655e-01 9.863840943e+00
5.170340681e+03 4.979900939e+00 7.993627478e+00 2.761603785e+00 1.280672021e-03 1.034462059e-01 9.863053267e+00
5.200400802e+03 4.976278362e+00 8.020503092e+00 2.736227102e+00 1.284571514e-03 1.035696851e-01 9.862264712e+00
5.230460922e+03 4.972634120e+00 8.047254781e+00 2.711044706e+00 1.288536777e-03 1.036955064e-01 9.861475261e+00
5.260521042e+03 4.968967804e+00 8.073883430e+00 2.686055781e+00 1.292568219e-03 1.038236732e-01 9.860684896e+00
5.290581162e+03 4.965279019e+00 8.100389917e+00 2.661259504e+00 1.296666260e-03 1.039541891e-01 9.859893598e+00
5.320641283e+03 4.961567386e+00 8.126775115e+00 2.636655040e+00 1.300831329e-03 1.040870581e-01 9.859101351e+00
5.350701403e+03 4.957832542e+00 8.153039887e+00 2.612241550e+00 1.305063869e-03 1.042222843e-01 9.858308136e+00
5.380761523e+03 4.954074140e+00 8.179185091e+00 2.588018182e+00 1.309364333e-03 1.043598722e-01 9.857513934e+00
5.410821643e+03 4.950291849e+00 8.205211576e+00 2.563984081e+00 1.313733187e-03 1.044998263e-01 9.856718729e+00
5.440881764e+03 4.946485351e+00 8.231120187e+00 2.540138380e+00 1.318170906e-03 1.046421517e-01 9.855922502e+00
5.470941884e+03 4.942654341e+00 8.256911760e+00 2.516480209e+00 1.322677978e-03 1.047868533e-01 9.855125234e+00
5.501002004e+03 4.938798530e+00 8.282587127e+00 2.493008687e+00 1.327254902e-03 1.049339367e-01 9.854326909e+00
5.531062124e+03 4.934917646e+00 8.308147109e+00 2.469722928e+00 1.331902193e-03 1.050834076e-01 9.853527507e+00
5.561122244e+03 4.931011426e+00 8.333592524e+00 2.446622040e+00 1.336620373e-03 1.052352717e-01 9.852727010e+00
5.591182365e+03 4.927079621e+00 8.358924185e+00 2.423705124e+00 1.341409979e-03 1.053895353e-01 9.851925400e+00
5.621242485e+03 4.923121997e+00 8.384142895e+00 2.400971274e+00 1.346271560e-03 1.055462048e-01 9.851122660e+00
5.651302605e+03 4.919138331e+00 8.409249454e+00 2.378419579e+00 1.351205676e-03 1.057052870e-01 9.850318770e+00
5.681362725e+03 4.915128414e+00 8.434244654e+00 2.356049123e+00 1.356212906e-03 1.058667886e-01 9.849513712e+00
5.711422846e+03 4.911092048e+00 8.459129281e+00 2.333858983e+00 1.361293835e-03 1.060307171e-01 9.848707468e+00
5.741482966e+03 4.907029045e+00 8.483904117e+00 2.311848232e+00 1.366449063e-03 1.061970798e-01 9.847900019e+00
5.771543086e+03 4.902939233e+00 8.508569936e+00 2.290015939e+00 1.371679205e-03 1.063658844e-01 9.847091347e+00
5.801603206e+03 4.898822452e+00 8.533127506e+00 2.268361166e+00 1.376984888e-03 1.065371391e-01 9.846281433e+00
5.831663327e+03 4.894678553e+00 8.557577589e+00 2.246882971e+00 1.382366755e-03 1.067108521e-01 9.845470259e+00
5.861723447e+03 4.890507396e+00 8.581920943e+00 2.225580409e+00 1.387825459e-03 1.068870319e-01 9.844657805e+00
5.891783567e+03 4.886308852e+00 8.606158319e+00 2.204452530e+00 1.393361670e-03 1.070656875e-01 9.843844053e+00
5.921843687e+03 4.882082804e+00 8.630290463e+00 2.183498382e+00 1.398976071e-03 1.072468278e-01 9.843028985e+00
5.951903808e+03 4.877829135e+00 8.654318119e+00 2.162717005e+00 1.404669361e-03 1.074304624e-01 9.842212581e+00
5.981963928e+03 4.873547749e+00 8.678242021e+00 2.142107440e+00 1.410442252e-03 1.076166009e-01 9.841394822e+00
6.012024048e+03 4.869238554e+00 8.702062900e+00 2.121668722e+00 1.416295472e-03 1.078052532e-01 9.840575689e+00
6.042084168e+03 4.864901470e+00 8.725781482e+00 2.101399885e+00 1.422229764e-03 1.079964297e-01 9.839755163e+00
6.072144289e+03 4.860536435e+00 8.749398483e+00 2.081299959e+00 1.428245887e-03 1.081901409e-01 9.838933226e+00
6.102204409e+03 4.856143390e+00 8.772914617e+00 2.061367971e+00 1.434344614e-03 1.083863977e-01 9.838109857e+00
6.132264529e+03 4.851722288e+00 8.796330592e+00 2.041602946e+00 1.440526737e-03 1.085852111e-01 9.837285037e+00
6.162324649e+03 4.847273092e+00 8.819647108e+00 2.022003906e+00 1.446793062e-03 1.087865928e-01 9.836458748e+00
6.192384770e+03 4.842795778e+00 8.842864861e+00 2.002569873e+00 1.453144414e-03 1.089905545e-01 9.835630968e+00
6.222444890e+03 4.838290320e+00 8.865984544e+00 1.983299865e+00 1.459581633e-03 1.091971082e-01 9.834801680e+00
6.252505010e+03 4.833756641e+00 8.889006867e+00 1.964192899e+00 1.466105567e-03 1.094062661e-01 9.833970862e+00
6.282565130e+03 4.829194789e+00 8.911932496e+00 1.945247991e+00 1.472717095e-03 1.096180411e-01 9.833138496e+00
6.312625251e+03 4.824604748e+00 8.934762112e+00 1.926464154e+00 1.479417106e-03 1.098324460e-01 9.832304561e+00
6.342685371e+03 4.819986526e+00 8.957496391e+00 1.907840401e+00 1.486206512e-03 1.100494944e-01 9.831469038e+00
6.372745491e+03 4.815340139e+00 8.980135998e+00 1.889375745e+00 1.493086237e-03 1.102691997e-01 9.830631906e+00
6.402805611e+03 4.810665608e+00 9.002681600e+00 1.871069195e+00 1.500057227e-03 1.104915760e-01 9.829793145e+00
6.432865731e+03 4.805962961e+00 9.025133855e+00 1.852919763e+00 1.507120445e-03 1.107166376e-01 9.828952735e+00
6.462925852e+03 4.801232233e+00 9.047493419e+00 1.834926457e+00 1.514276872e-03 1.109443990e-01 9.828110655e+00
6.492985972e+03 4.796473465e+00 9.069760945e+00 1.817088288e+00 1.521527508e-03 1.111748751e-01 9.827266886e+00
6.523046092e+03 4.791686706e+00 9.091937076e+00 1.799404263e+00 1.528873381e-03 1.114080815e-01 9.826421405e+00
6.553106212e+03 4.786872014e+00 9.114022452e+00 1.781873393e+00 1.536315532e-03 1.116440338e-01 9.825574194e+00
6.583166333e+03 4.782029449e+00 9.136017710e+00 1.764494684e+00 1.543855028e-03 1.118827480e-01 9.824725230e+00
6.613226453e+03 4.777159081e+00 9.157923480e+00 1.747267147e+00 1.551492950e-03 1.121242404e-01 9.823874493e+00
6.643286573e+03 4.772260982e+00 9.179740391e+00 1.730189790e+00 1.559230403e-03 1.123685279e-01 9.823021962e+00
6.673346693e+03 4.767335232e+00 9.201469065e+00 1.713261623e+00 1.567068513e-03 1.126156274e-01 9.822167615e+00
6.703406814e+03 4.762381916e+00 9.223110121e+00 1.696481659e+00 1.575008433e-03 1.128655566e-01 9.821311432e+00
6.733466934e+03 4.757401124e+00 9.244664173e+00 1.679848905e+00 1.583051325e-03 1.131183331e-01 9.820453390e+00
6.763527054e+03 4.752392952e+00 9.266131833e+00 1.663362376e+00 1.591198380e-03 1.133739751e-01 9.819593469e+00
6.793587174e+03 4.747357500e+00 9.287513704e+00 1.647021084e+00 1.599450827e-03 1.136325014e-01 9.818731645e+00
6.823647295e+03 4.742294875e+00 9.308810388e+00 1.630824043e+00 1.607809897e-03 1.138939309e-01 9.817867898e+00
6.853707415e+03 4.737205190e+00 9.330022483e+00 1.614770266e+00 1.616276849e-03 1.141582829e-01 9.817002206e+00
6.883767535e+03 4.732088558e+00 9.351150582e+00 1.598858773e+00 1.624852984e-03 1.144255772e-01 9.816134546e+00
6.913827655e+03 4.726945100e+00 9.372195272e+00 1.583088580e+00 1.633539611e-03 1.146958341e-01 9.815264896e+00
6.943887776e+03 4.721774944e+00 9.393157139e+00 1.567458705e+00 1.642338064e-03 1.149690742e-01 9.814393234e+00
6.973947896e+03 4.716578217e+00 9.414036762e+00 1.551968172e+00 1.651249716e-03 1.152453183e-01 9.813519536e+00
7.004008016e+03 4.711355053e+00 9.434834719e+00 1.536616004e+00 1.660275961e-03 1.155245882e-01 9.812643781e+00
7.034068136e+03 4.706105591e+00 9.455551581e+00 1.521401223e+00 1.669418211e-03 1.158069054e-01 9.811765944e+00
7.064128257e+03 4.700829973e+00 9.476187916e+00 1.506322858e+00 1.678677915e-03 1.160922924e-01 9.810886004e+00
7.094188377e+03 4.695528343e+00 9.496744290e+00 1.491379938e+00 1.688056555e-03 1.163807720e-01 9.810003936e+00
7.124248497e+03 4.690200852e+00 9.517221261e+00 1.476571494e+00 1.697555625e-03 1.166723672e-01 9.809119718e+00
7.154308617e+03 4.684847654e+00 9.537619387e+00 1.461896558e+00 1.707176658e-03 1.169671018e-01 9.808233326e+00
7.184368737e+03 4.679468903e+00 9.557939220e+00 1.447354169e+00 1.716921225e-03 1.172649998e-01 9.807344735e+00
7.214428858e+03 4.674064762e+00 9.578181308e+00 1.432943362e+00 1.726790913e-03 1.175660858e-01 9.806453922e+00
7.244488978e+03 4.668635395e+00 9.598346196e+00 1.418663179e+00 1.736787343e-03 1.178703847e-01 9.805560863e+00
7.274549098e+03 4.663180967e+00 9.618434425e+00 1.404512664e+00 1.746912172e-03 1.181779222e-01 9.804665534e+00
7.304609218e+03 4.657701649e+00 9.638446533e+00 1.390490863e+00 1.757167090e-03 1.184887243e-01 9.803767909e+00
7.334669339e+03 4.652197614e+00 9.658383052e+00 1.376596825e+00 1.767553819e-03 1.188028175e-01 9.802867964e+00
7.364729459e+03 4.646669035e+00 9.678244513e+00 1.362829603e+00 1.778074116e-03 1.191202287e-01 9.801965675e+00
7.394789579e+03 4.641116094e+00 9.698031441e+00 1.349188251e+00 1.788729765e-03 1.194409855e-01 9.801061015e+00
7.424849699e+03 4.635538971e+00 9.717744359e+00 1.335671827e+00 1.799522595e-03 1.197651160e-01 9.800153960e+00
7.454909820e+03 4.629937849e+00 9.737383785e+00 1.322279394e+00 1.810454469e-03 1.200926488e-01 9.799244484e+00
7.484969940e+03 4.624312914e+00 9.756950235e+00 1.309010017e+00 1.821527286e-03 1.204236130e-01 9.798332562e+00
7.515030060e+03 4.618664356e+00 9.776444220e+00 1.295862762e+00 1.832742974e-03 1.207580381e-01 9.797418166e+00
7.545090180e+03 4.612992365e+00 9.795866249e+00 1.282836701e+00 1.844103509e-03 1.210959545e-01 9.796501272e+00
7.575150301e+03 4.607297135e+00 9.815216824e+00 1.269930908e+00 1.855610901e-03 1.214373929e-01 9.795581852e+00
7.605210421e+03 4.601578861e+00 9.834496448e+00 1.257144463e+00 1.867267204e-03 1.217823847e-01 9.794659879e+00
7.635270541e+03 4.595837741e+00 9.853705617e+00 1.244476445e+00 1.879074510e-03 1.221309617e-01 9.793735328e+00
7.665330661e+03 4.590073976e+00 9.872844826e+00 1.231925940e+00 1.891034951e-03 1.224831565e-01 9.792808170e+00
7.695390782e+03 4.584287766e+00 9.891914563e+00 1.219492037e+00 1.903150701e-03 1.228390023e-01 9.791878379e+00
7.725450902e+03 4.578479316e+00 9.910915318e+00 1.207173828e+00 1.915423987e-03 1.231985327e-01 9.790945926e+00
7.755511022e+03 4.572648830e+00 9.929847573e+00 1.194970409e+00 1.927857072e-03 1.235617821e-01 9.790010784e+00
7.785571142e+03 4.566796515e+00 9.948711810e+00 1.182880881e+00 1.940452265e-03 1.239287856e-01 9.789072925e+00
7.815631263e+03 4.560922580e+00 9.967508504e+00 1.170904348e+00 1.953211925e-03 1.242995788e-01 9.788132319e+00
7.845691383e+03 4.555027236e+00 9.986238129e+00 1.159039916e+00 1.966138461e-03 1.246741980e-01 9.787188939e+00
7.875751503e+03 4.549110693e+00 1.000490116e+01 1.147286698e+00 1.979234324e-03 1.250526803e-01 9.786242755e+00
7.905811623e+03 4.543173165e+00 1.002349805e+01 1.135643810e+00 1.992502016e-03 1.254350631e-01 9.785293737e+00
7.935871743e+03 4.537214865e+00 1.004202928e+01 1.124110373e+00 2.005944092e-03 1.258213850e-01 9.784341858e+00
7.965931864e+03 4.531236009e+00 1.006049530e+01 1.112685509e+00 2.019563156e-03 1.262116849e-01 9.783387086e+00
7.995991984e+03 4.525236815e+00 1.007889658e+01 1.101368347e+00 2.033361877e-03 1.266060027e-01 9.782429391e+00
8.026052104e+03 4.519217499e+00 1.009723356e+01 1.090158019e+00 2.047342964e-03 1.270043788e-01 9.781468743e+00
8.056112224e+03 4.513178281e+00 1.011550670e+01 1.079053662e+00 2.061509183e-03 1.274068545e-01 9.780505111e+00
8.086172345e+03 4.507119381e+00 1.013371644e+01 1.068054418e+00 2.075863358e-03 1.278134718e-01 9.779538465e+00
8.116232465e+03 4.501041017e+00 1.015186324e+01 1.057159432e+00 2.090408370e-03 1.282242733e-01 9.778568772e+00
8.146292585e+03 4.494943414e+00 1.016994753e+01 1.046367852e+00 2.105147176e-03 1.286393028e-01 9.777596001e+00
8.176352705e+03 4.488826793e+00 1.018796975e+01 1.035678831e+00 2.120082787e-03 1.290586047e-01 9.776620120e+00
8.206412826e+03 4.482691378e+00 1.020593034e+01 1.025091530e+00 2.135218261e-03 1.294822240e-01 9.775641096e+00
8.236472946e+03 4.476537392e+00 1.022382974e+01 1.014605110e+00 2.150556727e-03 1.299102068e-01 9.774658897e+00
8.266533066e+03 4.470365059e+00 1.024166837e+01 1.004218740e+00 2.166101378e-03 1.303425999e-01 9.773673489e+00
8.296593186e+03 4.464174605e+00 1.025944666e+01 9.939315903e-01 2.181855481e-03 1.307794509e-01 9.772684840e+00
8.326653307e+03 4.457966257e+00 1.027716504e+01 9.837428358e-01 2.197822400e-03 1.312208089e-01 9.771692915e+00
8.356713427e+03 4.451740241e+00 1.029482392e+01 9.736516583e-01 2.214005519e-03 1.316667231e-01 9.770697681e+00
8.386773547e+03 4.445496783e+00 1.031242373e+01 9.636572428e-01 2.230408312e-03 1.321172438e-01 9.769699102e+00
8.416833667e+03 4.439236110e+00 1.032996489e+01 9.537587793e-01 2.247034327e-03 1.325724226e-01 9.768697143e+00
8.446893788e+03 4.432958450e+00 1.034744780e+01 9.439554623e-01 2.263887184e-03 1.330323115e-01 9.767691770e+00
8.476953908e+03 4.426664032e+00 1.036487289e+01 9.342464895e-01 2.280970622e-03 1.334969642e-01 9.766682947e+00
8.507014028e+03 4.420353083e+00 1.038224055e+01 9.246310649e-01 2.298288409e-03 1.339664349e-01 9.765670637e+00
8.537074148e+03 4.414025833e+00 1.039955119e+01 9.151083969e-01 2.315844407e-03 1.344407787e-01 9.764654803e+00
8.567134269e+03 4.407682508e+00 1.041680522e+01 9.056776982e-01 2.333642561e-03 1.349200520e-01 9.763635410e+00
8.597194389e+03 4.401323339e+00 1.043400304e+01 8.963381866e-01 2.351686898e-03 1.354043120e-01 9.762612419e+00
8.627254509e+03 4.394948554e+00 1.045114504e+01 8.870890837e-01 2.369981560e-03 1.358936174e-01 9.761585793e+00
8.657314629e+03 4.388558384e+00 1.046823162e+01 8.779296161e-01 2.388530770e-03 1.363880277e-01 9.760555493e+00
8.687374749e+03 4.382153055e+00 1.048526317e+01 8.688590157e-01 2.407338817e-03 1.368876036e-01 9.759521481e+00
8.717434870e+03 4.375732798e+00 1.050224010e+01 8.598765189e-01 2.426410096e-03 1.373924067e-01 9.758483717e+00
8.747494990e+03 4.369297842e+00 1.051916277e+01 8.509813668e-01 2.445749095e-03 1.379024999e-01 9.757442162e+00
8.777555110e+03 4.362848415e+00 1.053603158e+01 8.421728050e-01 2.465360416e-03 1.384179474e-01 9.756396776e+00
8.807615230e+03 4.356384748e+00 1.055284691e+01 8.334500829e-01 2.485248816e-03 1.389388151e-01 9.755347517e+00
8.837675351e+03 4.349907068e+00 1.056960915e+01 8.248124564e-01 2.505419056e-03 1.394651693e-01 9.754294345e+00
8.867735471e+03 4.343415605e+00 1.058631867e+01 8.162591856e-01 2.525876041e-03 1.399970776e-01 9.753237217e+00
8.897795591e+03 4.336910586e+00 1.060297585e+01 8.077895354e-01 2.546624782e-03 1.405346093e-01 9.752176093e+00
8.927855711e+03 4.330392239e+00 1.061958106e+01 7.994027755e-01 2.567670400e-03 1.410778347e-01 9.751110929e+00
8.957915832e+03 4.323860792e+00 1.063613468e+01 7.910981803e-01 2.589018131e-03 1.416268254e-01 9.750041682e+00
8.987975952e+03 4.317316476e+00 1.065263708e+01 7.828750267e-01 2.610673469e-03 1.421816557e-01 9.748968308e+00
9.018036072e+03 4.310759516e+00 1.066908862e+01 7.747325998e-01 2.632641825e-03 1.427423996e-01 9.747890762e+00
9.048096192e+03 4.304190139e+00 1.068548966e+01 7.666701883e-01 2.654928809e-03 1.433091329e-01 9.746809001e+00
9.078156313e+03 4.297608572e+00 1.070184059e+01 7.586870855e-01 2.677540154e-03 1.438819332e-01 9.745722977e+00
9.108216433e+03 4.291015041e+00 1.071814175e+01 7.507825896e-01 2.700481722e-03 1.444608792e-01 9.744632646e+00
9.138276553e+03 4.284409772e+00 1.073439350e+01 7.429560039e-01 2.723759502e-03 1.450460514e-01 9.743537960e+00
9.168336673e+03 4.277792992e+00 1.075059621e+01 7.352066340e-01 2.747379786e-03 1.456375329e-01 9.742438872e+00
9.198396794e+03 4.271164926e+00 1.076675023e+01 7.275337929e-01 2.771348814e-03 1.462354071e-01 9.741335335e+00
9.228456914e+03 4.264525797e+00 1.078285591e+01 7.199367979e-01 2.795673004e-03 1.468397592e-01 9.740227298e+00
9.258517034e+03 4.257875829e+00 1.079891362e+01 7.124149709e-01 2.820358936e-03 1.474506759e-01 9.739114715e+00
9.288577154e+03 4.251215247e+00 1.081492369e+01 7.049676386e-01 2.845413344e-03 1.480682459e-01 9.737997533e+00
9.318637275e+03 4.244544274e+00 1.083088648e+01 6.975941324e-01 2.870843110e-03 1.486925595e-01 9.736875704e+00
9.348697395e+03 4.237863133e+00 1.084680233e+01 6.902937871e-01 2.896655444e-03 1.493237100e-01 9.735749174e+00
9.378757515e+03 4.231172049e+00 1.086267159e+01 6.830659435e-01 2.922857603e-03 1.499617917e-01 9.734617894e+00
9.408817635e+03 4.224471240e+00 1.087849461e+01 6.759099474e-01 2.949456943e-03 1.506069001e-01 9.733481808e+00
9.438877756e+03 4.217760930e+00 1.089427172e+01 6.688251487e-01 2.976461053e-03 1.512591329e-01 9.732340865e+00
9.468937876e+03 4.211041339e+00 1.091000327e+01 6.618109024e-01 3.003877699e-03 1.519185901e-01 9.731195010e+00
9.498997996e+03 4.204312686e+00 1.092568960e+01 6.548665679e-01 3.031714828e-03 1.525853734e-01 9.730044189e+00
9.529058116e+03 4.197575191e+00 1.094133104e+01 6.479915089e-01 3.059980685e-03 1.532595872e-01 9.728888344e+00
9.559118236e+03 4.190829070e+00 1.095692794e+01 6.411850936e-01 3.088683716e-03 1.539413384e-01 9.727727420e+00
9.589178357e+03 4.184074543e+00 1.097248062e+01 6.344466959e-01 3.117832404e-03 1.546307345e-01 9.726561359e+00
9.619238477e+03 4.177311826e+00 1.098798943e+01 6.277756938e-01 3.147435517e-03 1.553278857e-01 9.725390103e+00
9.649298597e+03 4.170541136e+00 1.100345469e+01 6.211714699e-01 3.177502035e-03 1.560329048e-01 9.724213594e+00
9.679358717e+03 4.163762688e+00 1.101887675e+01 6.146334117e-01 3.208041150e-03 1.567459064e-01 9.723031770e+00
9.709418838e+03 4.156976698e+00 1.103425592e+01 6.081609107e-01 3.239062337e-03 1.574670081e-01 9.721844572e+00
9.739478958e+03 4.150183387e+00 1.104959253e+01 6.017533629e-01 3.270575435e-03 1.581963308e-01 9.720651937e+00
9.769539078e+03 4.143382967e+00 1.106488692e+01 5.954101695e-01 3.302590296e-03 1.589339963e-01 9.719453803e+00
9.799599198e+03 4.136575654e+00 1.108013940e+01 5.891307359e-01 3.335117109e-03 1.596801293e-01 9.718250107e+00
9.829659319e+03 4.129761663e+00 1.109535032e+01 5.829144722e-01 3.368166322e-03 1.604348575e-01 9.717040783e+00
9.859719439e+03 4.122941203e+00 1.111051998e+01 5.767607929e-01 3.401748656e-03 1.611983110e-01 9.715825766e+00
9.889779559e+03 4.116114471e+00 1.112564873e+01 5.706691168e-01 3.435875099e-03 1.619706229e-01 9.714604990e+00
9.919839679e+03 4.109281690e+00 1.114073688e+01 5.646388673e-01 3.470556884e-03 1.627519286e-01 9.713378388e+00
9.949899800e+03 4.102443070e+00 1.115578476e+01 5.586694725e-01 3.505805577e-03 1.635423666e-01 9.712145889e+00
9.979959920e+03 4.095598820e+00 1.117079268e+01 5.527603652e-01 3.541633087e-03 1.643420790e-01 9.710907426e+00
1.001002004e+04 4.088749147e+00 1.118576098e+01 5.469109827e-01 3.578051593e-03 1.651512103e-01 9.709662926e+00
1.004008016e+04 4.081894261e+00 1.120068997e+01 5.411207655e-01 3.615073564e-03 1.659699081e-01 9.708412318e+00
1.007014028e+04 4.075034369e+00 1.121557996e+01 5.353891602e-01 3.652711878e-03 1.667983237e-01 9.707155529e+00
1.010020040e+04 4.068169678e+00 1.123043129e+01 5.297156155e-01 3.690979615e-03 1.676366106e-01 9.705892484e+00
1.013026052e+04 4.061300394e+00 1.124524428e+01 5.240995852e-01 3.729890236e-03 1.684849257e-01 9.704623110e+00
1.016032064e+04 4.054426722e+00 1.126001924e+01 5.185405287e-01 3.769457696e-03 1.693434308e-01 9.703347328e+00
1.019038076e+04 4.047548866e+00 1.127475649e+01 5.130379062e-01 3.809696026e-03 1.702122885e-01 9.702065063e+00
1.022044088e+04 4.040667033e+00 1.128945635e+01 5.075911860e-01 3.850619969e-03 1.710916681e-01 9.700776233e+00
1.025050100e+04 4.033781424e+00 1.130411914e+01 5.021998411e-01 3.892244658e-03 1.719817423e-01 9.699480760e+00
1.028056112e+04 4.026892241e+00 1.131874519e+01 4.968633468e-01 3.934585448e-03 1.728826860e-01 9.698178560e+00
1.031062124e+04 4.019999686e+00 1.133333480e+01 4.915811851e-01 3.977658330e-03 1.737946801e-01 9.696869551e+00
1.034068136e+04 4.013103963e+00 1.134788831e+01 4.863528393e-01 4.021479605e-03 1.747179084e-01 9.695553648e+00
1.037074148e+04 4.006205272e+00 1.136240602e+01 4.811777986e-01 4.066066007e-03 1.756525585e-01 9.694230766e+00
1.040080160e+04 3.999303809e+00 1.137688826e+01 4.760555551e-01 4.111434566e-03 1.765988204e-01 9.692900816e+00
1.043086172e+04 3.992399773e+00 1.139133535e+01 4.709856056e-01 4.157602967e-03 1.775568905e-01 9.691563711e+00
1.046092184e+04 3.985493376e+00 1.140574762e+01 4.659674509e-01 4.204589729e-03 1.785269736e-01 9.690219359e+00
1.049098196e+04 3.978584813e+00 1.142012539e+01 4.610005959e-01 4.252413393e-03 1.795092734e-01 9.688867670e+00
1.052104208e+04 3.971674259e+00 1.143446896e+01 4.560845497e-01 4.301092513e-03 1.805039924e-01 9.687508549e+00
1.055110220e+04 3.964761927e+00 1.144877866e+01 4.512188261e-01 4.350647343e-03 1.815113511e-01 9.686141901e+00
1.058116232e+04 3.957848018e+00 1.146305483e+01 4.464029427e-01 4.401098397e-03 1.825315716e-01 9.684767629e+00
1.061122244e+04 3.950932731e+00 1.147729779e+01 4.416364206e-01 4.452466605e-03 1.835648794e-01 9.683385635e+00
1.064128257e+04 3.944016253e+00 1.149150786e+01 4.369187854e-01 4.504773311e-03 1.846115027e-01 9.681995819e+00
1.067134269e+04 3.937098780e+00 1.150568536e+01 4.322495657e-01 4.558040519e-03 1.856716762e-01 9.680598078e+00
1.070140281e+04 3.930180507e+00 1.151983063e+01 4.276282947e-01 4.612290994e-03 1.867456410e-01 9.679192309e+00
1.073146293e+04 3.923261631e+00 1.153394400e+01 4.230545099e-01 4.667548319e-03 1.878336457e-01 9.677778406e+00
1.076152305e+04 3.916342344e+00 1.154802580e+01 4.185277528e-01 4.723836619e-03 1.889359430e-01 9.676356261e+00
1.079158317e+04 3.909422838e+00 1.156207635e+01 4.140475666e-01 4.781180366e-03 1.900527887e-01 9.674925765e+00
1.082164329e+04 3.902503310e+00 1.157609600e+01 4.096135019e-01 4.839605480e-03 1.911844511e-01 9.673486806e+00
1.085170341e+04 3.895583950e+00 1.159008508e+01 4.052251105e-01 4.899138133e-03 1.923312003e-01 9.672039271e+00
1.088176353e+04 3.888664949e+00 1.160404393e+01 4.008819482e-01 4.959805214e-03 1.934933124e-01 9.670583043e+00
1.091182365e+04 3.881746502e+00 1.161797288e+01 3.965835772e-01 5.021635090e-03 1.946710761e-01 9.669118005e+00
1.094188377e+04 3.874828800e+00 1.163187228e+01 3.923295600e-01 5.084656238e-03 1.958647807e-01 9.667644037e+00
1.097194389e+04 3.867912034e+00 1.164574248e+01 3.881194649e-01 5.148898379e-03 1.970747256e-01 9.666161016e+00
1.100200401e+04 3.860996394e+00 1.165958382e+01 3.839528636e-01 5.214392030e-03 1.983012172e-01 9.664668818e+00
1.103206413e+04 3.854082074e+00 1.167339665e+01 3.798293300e-01 5.281168348e-03 1.995445667e-01 9.663167315e+00
1.106212425e+04 3.847169263e+00 1.168718132e+01 3.757484433e-01 5.349259860e-03 2.008050968e-01 9.661656379e+00
1.109218437e+04 3.840258152e+00 1.170093819e+01 3.717097851e-01 5.418699806e-03 2.020831353e-01 9.660135877e+00
1.112224449e+04 3.833348932e+00 1.171466762e+01 3.677129436e-01 5.489523098e-03 2.033790241e-01 9.658605675e+00
1.115230461e+04 3.826441794e+00 1.172836996e+01 3.637575081e-01 5.561765212e-03 2.046931088e-01 9.657065635e+00
1.118236473e+04 3.819536928e+00 1.174204559e+01 3.598430737e-01 5.635463151e-03 2.060257475e-01 9.655515616e+00
1.121242485e+04 3.812634524e+00 1.175569488e+01 3.559692367e-01 5.710654579e-03 2.073773028e-01 9.653955475e+00
1.124248497e+04 3.805734773e+00 1.176931819e+01 3.521355981e-01 5.787378528e-03 2.087481485e-01 9.652385068e+00
1.127254509e+04 3.798837866e+00 1.178291590e+01 3.483417614e-01 5.865675160e-03 2.101386670e-01 9.650804245e+00
1.130260521e+04 3.791943993e+00 1.179648839e+01 3.445873344e-01 5.945586278e-03 2.115492530e-01 9.649212855e+00
1.133266533e+04 3.785053347e+00 1.181003605e+01 3.408719278e-01 6.027154545e-03 2.129803083e-01 9.647610743e+00
1.136272545e+04 3.778166118e+00 1.182355927e+01 3.371951557e-01 6.110424001e-03 2.144322451e-01 9.645997752e+00
1.139278557e+04 3.771282497e+00 1.183705843e+01 3.335566364e-01 6.195440881e-03 2.159054915e-01 9.644373720e+00
1.142284569e+04 3.764402677e+00 1.185053395e+01 3.299559908e-01 6.282251872e-03 2.174004801e-01 9.642738484e+00
1.145290581e+04 3.757526851e+00 1.186398623e+01 3.263928437e-01 6.370905879e-03 2.189176593e-01 9.641091875e+00
1.148296593e+04 3.750655210e+00 1.187741567e+01 3.228668230e-01 6.461453528e-03 2.204574900e-01 9.639433723e+00
1.151302605e+04 3.743787948e+00 1.189082269e+01 3.193775603e-01 6.553946350e-03 2.220204408e-01 9.637763853e+00
1.154308617e+04 3.736925259e+00 1.190420771e+01 3.159246900e-01 6.648438760e-03 2.236069998e-01 9.636082085e+00
1.157314629e+04 3.730067338e+00 1.191757117e+01 3.125078502e-01 6.744985967e-03 2.252176621e-01 9.634388239e+00
1.160320641e+04 3.723214379e+00 1.193091349e+01 3.091266822e-01 6.843645214e-03 2.268529374e-01 9.632682127e+00
1.163326653e+04 3.716366579e+00 1.194423513e+01 3.057808301e-01 6.944476662e-03 2.285133549e-01 9.630963559e+00
1.166332665e+04 3.709524134e+00 1.195753651e+01 3.024699417e-01 7.047541016e-03 2.301994494e-01 9.629232342e+00
1.169338677e+04 3.702687242e+00 1.197081812e+01 2.991936678e-01 7.152902082e-03 2.319117765e-01 9.627488276e+00
1.172344689e+04 3.695856101e+00 1.198408040e+01 2.959516623e-01 7.260625769e-03 2.336509067e-01 9.625731157e+00
1.175350701e+04 3.689030910e+00 1.199732383e+01 2.927435824e-01 7.370779598e-03 2.354174222e-01 9.623960781e+00
1.178356713e+04 3.682211871e+00 1.201054889e+01 2.895690882e-01 7.483433915e-03 2.372119245e-01 9.622176934e+00
1.181362725e+04 3.675399186e+00 1.202375607e+01 2.864278431e-01 7.598661752e-03 2.390350330e-01 9.620379399e+00
1.184368737e+04 3.668593056e+00 1.203694587e+01 2.833195132e-01 7.716538419e-03 2.408873833e-01 9.618567956e+00
1.187374749e+04 3.661793688e+00 1.205011880e+01 2.802437681e-01 7.837141987e-03 2.427696293e-01 9.616742376e+00
1.190380762e+04 3.655001287e+00 1.206327537e+01 2.772002802e-01 7.960553148e-03 2.446824426e-01 9.614902430e+00
1.193386774e+04 3.648216061e+00 1.207641612e+01 2.741887248e-01 8.086855842e-03 2.466265163e-01 9.613047879e+00
1.196392786e+04 3.641438219e+00 1.208954159e+01 2.712087801e-01 8.216136845e-03 2.486025625e-01 9.611178480e+00
1.199398798e+04 3.634667971e+00 1.210265231e+01 2.682601277e-01 8.348485700e-03 2.506113112e-01 9.609293986e+00
1.202404810e+04 3.627905531e+00 1.211574887e+01 2.653424518e-01 8.483995536e-03 2.526535163e-01 9.607394143e+00
1.205410822e+04 3.621151114e+00 1.212883183e+01 2.624554394e-01 8.622762691e-03 2.547299523e-01 9.605478691e+00
1.208416834e+04 3.614404935e+00 1.214190177e+01 2.595987806e-01 8.764887232e-03 2.568414172e-01 9.603547364e+00
1.211422846e+04 3.607667213e+00 1.215495931e+01 2.567721685e-01 8.910472484e-03 2.589887306e-01 9.601599890e+00
1.214428858e+04 3.600938171e+00 1.216800505e+01 2.539752987e-01 9.059625610e-03 2.611727363e-01 9.599635990e+00
1.217434870e+04 3.594218031e+00 1.218103962e+01 2.512078698e-01 9.212458595e-03 2.633943074e-01 9.597655378e+00
1.220440882e+04 3.587507020e+00 1.219406367e+01 2.484695831e-01 9.369086634e-03 2.656543382e-01 9.595657763e+00
1.223446894e+04 3.580805367e+00 1.220707786e+01 2.457601429e-01 9.529629449e-03 2.679537509e-01 9.593642845e+00
1.226452906e+04 3.574113304e+00 1.222008286e+01 2.430792559e-01 9.694211948e-03 2.702934985e-01 9.591610318e+00
1.229458918e+04 3.567431065e+00 1.223307936e+01 2.404266317e-01 9.862963074e-03 2.726745597e-01 9.589559867e+00
1.232464930e+04 3.560758888e+00 1.224606808e+01 2.378019826e-01 1.003601681e-02 2.750979437e-01 9.587491171e+00
1.235470942e+04 3.554097016e+00 1.225904973e+01 2.352050237e-01 1.021351264e-02 2.775646913e-01 9.585403899e+00
1.238476954e+04 3.547445692e+00 1.227202508e+01 2.326354724e-01 1.039559506e-02 2.800758743e-01 9.583297714e+00
1.241482966e+04 3.540805166e+00 1.228499489e+01 2.300930491e-01 1.058241404e-02 2.826325968e-01 9.581172267e+00
1.244488978e+04 3.534175688e+00 1.229795994e+01 2.275774766e-01 1.077412577e-02 2.852359987e-01 9.579027205e+00
1.247494990e+04 3.527557515e+00 1.231092104e+01 2.250884803e-01 1.097089221e-02 2.878872537e-01 9.576862162e+00
1.250501002e+04 3.520950908e+00 1.232387903e+01 2.226257884e-01 1.117288142e-02 2.905875712e-01 9.574676765e+00
1.253507014e+04 3.514356131e+00 1.233683476e+01 2.201891312e-01 1.138026870e-02 2.933382007e-01 9.572470629e+00
1.256513026e+04 3.507773453e+00 1.234978910e+01 2.177782420e-01 1.159323621e-02 2.961404308e-01 9.570243362e+00
1.259519038e+04 3.501203148e+00 1.236274297e+01 2.153928564e-01 1.181197272e-02 2.989955881e-01 9.567994560e+00
1.262525050e+04 3.494645495e+00 1.237569729e+01 2.130327124e-01 1.203667513e-02 3.019050436e-01 9.565723809e+00
1.265531062e+04 3.488100779e+00 1.238865301e+01 2.106975506e-01 1.226754844e-02 3.048702128e-01 9.563430683e+00
1.268537074e+04 3.481569289e+00 1.240161113e+01 2.083871139e-01 1.250480514e-02 3.078925534e-01 9.561114746e+00
1.271543086e+04 3.475051321e+00 1.241457265e+01 2.061011477e-01 1.274866688e-02 3.109735716e-01 9.558775550e+00
1.274549098e+04 3.468547176e+00 1.242753863e+01 2.038393999e-01 1.299936492e-02 3.141148237e-01 9.556412634e+00
1.277555110e+04 3.462057162e+00 1.244051014e+01 2.016016205e-01 1.325713886e-02 3.173179130e-01 9.554025527e+00
1.280561122e+04 3.455581593e+00 1.245348830e+01 1.993875622e-01 1.352223854e-02 3.205844957e-01 9.551613743e+00
1.283567134e+04 3.449120791e+00 1.246647424e+01 1.971969797e-01 1.379492470e-02 3.239162839e-01 9.549176783e+00
1.286573146e+04 3.442675082e+00 1.247946914e+01 1.950296303e-01 1.407546776e-02 3.273150418e-01 9.546714135e+00
1.289579158e+04 3.436244802e+00 1.249247422e+01 1.928852733e-01 1.436414973e-02 3.307825924e-01 9.544225273e+00
1.292585170e+04 3.429830295e+00 1.250549076e+01 1.907636705e-01 1.466126617e-02 3.343208237e-01 9.541709655e+00
1.295591182e+04 3.423431911e+00 1.251852003e+01 1.886645858e-01 1.496712278e-02 3.379316790e-01 9.539166725e+00
1.298597194e+04 3.417050010e+00 1.253156339e+01 1.865877855e-01 1.528203864e-02 3.416171673e-01 9.536595913e+00
1.301603206e+04 3.410684960e+00 1.254462220e+01 1.845330380e-01 1.560634737e-02 3.453793678e-01 9.533996629e+00
1.304609218e+04 3.404337138e+00 1.255769791e+01 1.825001138e-01 1.594039574e-02 3.492204255e-01 9.531368270e+00
1.307615230e+04 3.398006932e+00 1.257079198e+01 1.804887856e-01 1.628454595e-02 3.531425582e-01 9.528710214e+00
1.310621242e+04 3.391694739e+00 1.258390594e+01 1.784988286e-01 1.663917580e-02 3.571480584e-01 9.526021820e+00
1.313627255e+04 3.385400965e+00 1.259704136e+01 1.765300195e-01 1.700467909e-02 3.612392943e-01 9.523302432e+00
1.316633267e+04 3.379126028e+00 1.261019988e+01 1.745821377e-01 1.738146752e-02 3.654187164e-01 9.520551371e+00
1.319639279e+04 3.372870354e+00 1.262338320e+01 1.726549642e-01 1.776996990e-02 3.696888552e-01 9.517767942e+00
1.322645291e+04 3.366634385e+00 1.263659306e+01 1.707482825e-01 1.817063333e-02 3.740523253e-01 9.514951427e+00
1.325651303e+04 3.360418573e+00 1.264983125e+01 1.688618778e-01 1.858392388e-02 3.785118278e-01 9.512101088e+00
1.328657315e+04 3.354223384e+00 1.266309961e+01 1.669955375e-01 1.901032786e-02 3.830701546e-01 9.509216164e+00
1.331663327e+04 3.348049297e+00 1.267640005e+01 1.651490510e-01 1.945035285e-02 3.877301919e-01 9.506295874e+00
1.334669339e+04 3.341896797e+00 1.268973466e+01 1.633222096e-01 1.990453592e-02 3.924949458e-01 9.503339411e+00
1.337675351e+04 3.335766394e+00 1.270310544e+01 1.615148067e-01 2.037342886e-02 3.973674958e-01 9.500345946e+00
1.340681363e+04 3.329658605e+00 1.271651454e+01 1.597266376e-01 2.085761187e-02 4.023510386e-01 9.497314622e+00
1.343687375e+04 3.323573966e+00 1.272996419e+01 1.579574994e-01 2.135769079e-02 4.074488793e-01 9.494244559e+00
1.346693387e+04 3.317513027e+00 1.274345666e+01 1.562071914e-01 2.187429827e-02 4.126644335e-01 9.491134848e+00
1.349699399e+04 3.311476353e+00 1.275699434e+01 1.544755144e-01 2.240809378e-02 4.180012274e-01 9.487984555e+00
1.352705411e+04 3.305464528e+00 1.277057966e+01 1.527622713e-01 2.295976676e-02 4.234629083e-01 9.484792718e+00
1.355711423e+04 3.299478151e+00 1.278421518e+01 1.510672666e-01 2.353003644e-02 4.290532427e-01 9.481558346e+00
1.358717435e+04 3.293517841e+00 1.279790352e+01 1.493903070e-01 2.411965910e-02 4.347761440e-01 9.478280412e+00
1.361723447e+04 3.287584237e+00 1.281164744e+01 1.477312010e-01 2.472942468e-02 4.406356551e-01 9.474957859e+00
1.364729459e+04 3.281677995e+00 1.282544974e+01 1.460897589e-01 2.536015661e-02 4.466359465e-01 9.471589598e+00
1.367735471e+04 3.275799792e+00 1.283931335e+01 1.444657925e-01 2.601271678e-02 4.527813328e-01 9.468174507e+00
1.370741483e+04 3.269950324e+00 1.285324131e+01 1.428591154e-01 2.668800396e-02 4.590762674e-01 9.464711428e+00
1.373747495e+04 3.264130309e+00 1.286723675e+01 1.412695432e-01 2.738696014e-02 4.655253594e-01 9.461199168e+00
1.376753507e+04 3.258340486e+00 1.288130291e+01 1.396968929e-01 2.811056554e-02 4.721333601e-01 9.457636497e+00
1.379759519e+04 3.252581619e+00 1.289544317e+01 1.381409835e-01 2.885985201e-02 4.789051980e-01 9.454022144e+00
1.382765531e+04 3.246854493e+00 1.290966100e+01 1.366016354e-01 2.963589057e-02 4.858459461e-01 9.450354800e+00
1.385771543e+04 3.241159918e+00 1.292396000e+01 1.350786710e-01 3.043980854e-02 4.929608621e-01 9.446633112e+00
1.388777555e+04 3.235498729e+00 1.293834392e+01 1.335719140e-01 3.127277813e-02 5.002553621e-01 9.442855688e+00
1.391783567e+04 3.229871787e+00 1.295281661e+01 1.320811901e-01 3.213603012e-02 5.077350496e-01 9.439021088e+00
1.394789579e+04 3.224279975e+00 1.296738206e+01 1.306063263e-01 3.303084748e-02 5.154057014e-01 9.435127828e+00
1.397795591e+04 3.218724209e+00 1.298204443e+01 1.291471513e-01 3.395857284e-02 5.232732826e-01 9.431174377e+00
1.400801603e+04 3.213205425e+00 1.299680797e+01 1.277034955e-01 3.492060624e-02 5.313439415e-01 9.427159156e+00
1.403807615e+04 3.207724594e+00 1.301167712e+01 1.262751908e-01 3.591841565e-02 5.396240280e-01 9.423080535e+00
1.406813627e+04 3.202282710e+00 1.302665644e+01 1.248620704e-01 3.695353383e-02 5.481200892e-01 9.418936831e+00
1.409819639e+04 3.196880799e+00 1.304175067e+01 1.234639694e-01 3.802756142e-02 5.568388684e-01 9.414726307e+00
1.412825651e+04 3.191519918e+00 1.305696469e+01 1.220807241e-01 3.914217504e-02 5.657873268e-01 9.410447172e+00
1.415831663e+04 3.186201150e+00 1.307230355e+01 1.207121727e-01 4.029912026e-02 5.749726169e-01 9.406097579e+00
1.418837675e+04 3.180925611e+00 1.308777245e+01 1.193581543e-01 4.150022391e-02 5.844021156e-01 9.401675618e+00
1.421843687e+04 3.175694448e+00 1.310337677e+01 1.180185101e-01 4.274739117e-02 5.940834018e-01 9.397179324e+00
1.424849699e+04 3.170508837e+00 1.311912204e+01 1.166930822e-01 4.404260992e-02 6.040242746e-01 9.392606667e+00
1.427855711e+04 3.165369986e+00 1.313501399e+01 1.153817146e-01 4.538795672e-02 6.142327478e-01 9.387955555e+00
1.430861723e+04 3.160279136e+00 1.315105849e+01 1.140842525e-01 4.678559684e-02 6.247170546e-01 9.383223829e+00
1.433867735e+04 3.155237557e+00 1.316726162e+01 1.128005424e-01 4.823778915e-02 6.354856449e-01 9.378409264e+00
1.436873747e+04 3.150246553e+00 1.318362960e+01 1.115304324e-01 4.974688970e-02 6.465471876e-01 9.373509563e+00
1.439879760e+04 3.145307459e+00 1.320016886e+01 1.102737720e-01 5.131535385e-02 6.579105701e-01 9.368522360e+00
1.442885772e+04 3.140421637e+00 1.321688599e+01 1.090304118e-01 5.294574021e-02 6.695848910e-01 9.363445215e+00
1.445891784e+04 3.135590483e+00 1.323378777e+01 1.078002041e-01 5.464071334e-02 6.815794671e-01 9.358275614e+00
1.448897796e+04 3.130815423e+00 1.325088112e+01 1.065830023e-01 5.640304489e-02 6.939038085e-01 9.353010966e+00
1.451903808e+04 3.126097911e+00 1.326817317e+01 1.053786613e-01 5.823561976e-02 7.065676419e-01 9.347648603e+00
1.454909820e+04 3.121439423e+00 1.328567121e+01 1.041870372e-01 6.014143833e-02 7.195808784e-01 9.342185777e+00
1.457915832e+04 3.116841466e+00 1.330338269e+01 1.030079874e-01 6.212361846e-02 7.329536313e-01 9.336619657e+00
1.460921844e+04 3.112305575e+00 1.332131523e+01 1.018413708e-01 6.418539572e-02 7.466961735e-01 9.330947333e+00
1.463927856e+04 3.107833307e+00 1.333947657e+01 1.006870475e-01 6.633012844e-02 7.608189501e-01 9.325165807e+00
1.466933868e+04 3.103426240e+00 1.335787463e+01 9.954487879e-02 6.856129901e-02 7.753325540e-01 9.319271999e+00
1.469939880e+04 3.099085968e+00 1.337651744e+01 9.841472740e-02 7.088251855e-02 7.902477274e-01 9.313262739e+00
1.472945892e+04 3.094814084e+00 1.339541324e+01 9.729645727e-02 7.329753117e-02 8.055753547e-01 9.307134771e+00
1.475951904e+04 3.090612217e+00 1.341457028e+01 9.618993365e-02 7.581020144e-02 8.213263976e-01 9.300884752e+00
1.478957916e+04 3.086482012e+00 1.343399695e+01 9.509502306e-02 7.842452118e-02 8.375118902e-01 9.294509246e+00
1.481963928e+04 3.082425100e+00 1.345370172e+01 9.401159329e-02 8.114462008e-02 8.541429493e-01 9.288004729e+00
1.484969940e+04 3.078443122e+00 1.347369314e+01 9.293951346e-02 8.397475608e-02 8.712307210e-01 9.281367584e+00
1.487975952e+04 3.074537714e+00 1.349397980e+01 9.187865386e-02 8.691930839e-02 8.887863547e-01 9.274594110e+00
1.490981964e+04 3.070710508e+00 1.351457033e+01 9.082888609e-02 8.998278444e-02 9.068209780e-01 9.267680515e+00
1.493987976e+04 3.066963121e+00 1.353547334e+01 8.979008294e-02 9.316980941e-02 9.253456657e-01 9.260622922e+00
1.496993988e+04 3.063297153e+00 1.355669744e+01 8.876211862e-02 9.648514201e-02 9.443714017e-01 9.253417356e+00
1.500000000e+04 3.059714178e+00 1.357825118e+01 8.774486871e-02 9.993366535e-02 9.639090352e-01 9.246059749e+00
