time            Cj              Ck              Br              CancelC        
0.000000000e+00 1.000000000e+03 1.000000000e-05 1.000000000e+03 3.000000000e+03
3.006012024e-01 9.312587930e+01 1.385513644e+00 9.977439748e+02 2.101011629e+03
6.012024048e-01 4.116779507e+01 1.143357050e+00 9.971882883e+02 2.037943089e+03
9.018036072e-01 3.602147203e+01 1.106400286e+00 9.968824998e+02 2.028900447e+03
1.202404810e+00 3.550323955e+01 1.160924096e+00 9.966014053e+02 2.025332663e+03
1.503006012e+00 3.545339547e+01 1.232129035e+00 9.963223955e+02 2.022387389e+03
1.803607214e+00 3.544940933e+01 1.305813602e+00 9.960431545e+02 2.019560626e+03
2.104208417e+00 3.544830712e+01 1.379826949e+00 9.957634574e+02 2.016796576e+03
2.404809619e+00 3.544582480e+01 1.453871424e+00 9.954832945e+02 2.014086077e+03
2.705410822e+00 3.544164685e+01 1.527905494e+00 9.952026779e+02 2.011425022e+03
3.006012024e+00 3.543585368e+01 1.601921370e+00 9.949216207e+02 2.008810029e+03
3.306613226e+00 3.542855889e+01 1.675915916e+00 9.946401356e+02 2.006237983e+03
3.607214429e+00 3.541987269e+01 1.749886943e+00 9.943582342e+02 2.003705975e+03
3.907815631e+00 3.540989832e+01 1.823832723e+00 9.940759275e+02 2.001211285e+03
4.208416834e+00 3.539873224e+01 1.897751887e+00 9.937932256e+02 1.998751370e+03
4.509018036e+00 3.538646447e+01 1.971643392e+00 9.935101380e+02 1.996323858e+03
4.809619238e+00 3.537317895e+01 2.045506469e+00 9.932266733e+02 1.993926529e+03
5.110220441e+00 3.535895399e+01 2.119340602e+00 9.929428397e+02 1.991557315e+03
5.410821643e+00 3.534386257e+01 2.193145497e+00 9.926586449e+02 1.989214283e+03
5.711422846e+00 3.532797269e+01 2.266921054e+00 9.923740956e+02 1.986895631e+03
6.012024048e+00 3.531134773e+01 2.340667343e+00 9.920891985e+02 1.984599677e+03
6.312625251e+00 3.529404669e+01 2.414384585e+00 9.918039596e+02 1.982324855e+03
6.613226453e+00 3.527612452e+01 2.488073132e+00 9.915183844e+02 1.980069702e+03
6.913827655e+00 3.525763238e+01 2.561733448e+00 9.912324780e+02 1.977832857e+03
7.214428858e+00 3.523861786e+01 2.635366093e+00 9.909462453e+02 1.975613052e+03
7.515030060e+00 3.521912525e+01 2.708971710e+00 9.906596905e+02 1.973409103e+03
7.815631263e+00 3.519919577e+01 2.782551015e+00 9.903728179e+02 1.971219911e+03
8.116232465e+00 3.517886772e+01 2.856104780e+00 9.900856311e+02 1.969044451e+03
8.416833667e+00 3.515817674e+01 2.929633828e+00 9.897981336e+02 1.966881767e+03
8.717434870e+00 3.513715596e+01 3.003139020e+00 9.895103286e+02 1.964730973e+03
9.018036072e+00 3.511583617e+01 3.076621252e+00 9.892222190e+02 1.962591241e+03
9.318637275e+00 3.509424598e+01 3.150081441e+00 9.889338075e+02 1.960461803e+03
9.619238477e+00 3.507241198e+01 3.223520531e+00 9.886450966e+02 1.958341942e+03
9.919839679e+00 3.505035888e+01 3.296939463e+00 9.883560886e+02 1.956230994e+03
1.022044088e+01 3.502810961e+01 3.370339202e+00 9.880667854e+02 1.954128339e+03
1.052104208e+01 3.500568549e+01 3.443720712e+00 9.877771892e+02 1.952033401e+03
1.082164329e+01 3.498310630e+01 3.517084967e+00 9.874873014e+02 1.949945647e+03
1.112224449e+01 3.496039042e+01 3.590432914e+00 9.871971239e+02 1.947864578e+03
1.142284569e+01 3.493755489e+01 3.663765519e+00 9.869066579e+02 1.945789731e+03
1.172344689e+01 3.491461555e+01 3.737083724e+00 9.866159048e+02 1.943720677e+03
1.202404810e+01 3.489158708e+01 3.810388484e+00 9.863248657e+02 1.941657018e+03
1.232464930e+01 3.486848312e+01 3.883680734e+00 9.860335418e+02 1.939598380e+03
1.262525050e+01 3.484531631e+01 3.956961325e+00 9.857419340e+02 1.937544421e+03
1.292585170e+01 3.482209838e+01 4.030231268e+00 9.854500431e+02 1.935494819e+03
1.322645291e+01 3.479884022e+01 4.103491372e+00 9.851578699e+02 1.933449277e+03
1.352705411e+01 3.477555190e+01 4.176742536e+00 9.848654152e+02 1.931407519e+03
1.382765531e+01 3.475224279e+01 4.249985614e+00 9.845726793e+02 1.929369288e+03
1.412825651e+01 3.472892156e+01 4.323221454e+00 9.842796630e+02 1.927334347e+03
1.442885772e+01 3.470559626e+01 4.396450878e+00 9.839863667e+02 1.925302473e+03
1.472945892e+01 3.468227433e+01 4.469674696e+00 9.836927906e+02 1.923273461e+03
1.503006012e+01 3.465896268e+01 4.542893704e+00 9.833989352e+02 1.921247122e+03
1.533066132e+01 3.463566772e+01 4.616108677e+00 9.831048008e+02 1.919223277e+03
1.563126253e+01 3.461239536e+01 4.689320378e+00 9.828103875e+02 1.917201763e+03
1.593186373e+01 3.458915111e+01 4.762529551e+00 9.825156955e+02 1.915182427e+03
1.623246493e+01 3.456594004e+01 4.835736928e+00 9.822207249e+02 1.913165129e+03
1.653306613e+01 3.454276688e+01 4.908943222e+00 9.819254759e+02 1.911149736e+03
1.683366733e+01 3.451963599e+01 4.982149135e+00 9.816299484e+02 1.909136127e+03
1.713426854e+01 3.449655140e+01 5.055355351e+00 9.813341425e+02 1.907124188e+03
1.743486974e+01 3.447351685e+01 5.128562543e+00 9.810380581e+02 1.905113816e+03
1.773547094e+01 3.445053581e+01 5.201771368e+00 9.807416952e+02 1.903104914e+03
1.803607214e+01 3.442761147e+01 5.274982472e+00 9.804450536e+02 1.901097390e+03
1.833667335e+01 3.440474680e+01 5.348196486e+00 9.801481334e+02 1.899091161e+03
1.863727455e+01 3.438194454e+01 5.421414031e+00 9.798509343e+02 1.897086151e+03
1.893787575e+01 3.435920722e+01 5.494635715e+00 9.795534561e+02 1.895082286e+03
1.923847695e+01 3.433653719e+01 5.567862135e+00 9.792556987e+02 1.893079500e+03
1.953907816e+01 3.431393661e+01 5.641093878e+00 9.789576618e+02 1.891077732e+03
1.983967936e+01 3.429140748e+01 5.714331518e+00 9.786593453e+02 1.889076925e+03
2.014028056e+01 3.426895166e+01 5.787575623e+00 9.783607489e+02 1.887077024e+03
2.044088176e+01 3.424657086e+01 5.860826749e+00 9.780618723e+02 1.885077982e+03
2.074148297e+01 3.422426666e+01 5.934085444e+00 9.777627153e+02 1.883079752e+03
2.104208417e+01 3.420204051e+01 6.007352247e+00 9.774632775e+02 1.881082292e+03
2.134268537e+01 3.417989377e+01 6.080627688e+00 9.771635586e+02 1.879085563e+03
2.164328657e+01 3.415782767e+01 6.153912292e+00 9.768635584e+02 1.877089528e+03
2.194388778e+01 3.413584337e+01 6.227206573e+00 9.765632765e+02 1.875094154e+03
2.224448898e+01 3.411394193e+01 6.300511042e+00 9.762627126e+02 1.873099410e+03
2.254509018e+01 3.409212432e+01 6.373826200e+00 9.759618663e+02 1.871105267e+03
2.284569138e+01 3.407039143e+01 6.447152543e+00 9.756607372e+02 1.869111698e+03
2.314629259e+01 3.404874412e+01 6.520490561e+00 9.753593250e+02 1.867118678e+03
2.344689379e+01 3.402718313e+01 6.593840742e+00 9.750576292e+02 1.865126185e+03
2.374749499e+01 3.400570917e+01 6.667203561e+00 9.747556496e+02 1.863134196e+03
2.404809619e+01 3.398432290e+01 6.740579493e+00 9.744533858e+02 1.861142693e+03
2.434869739e+01 3.396302491e+01 6.813969016e+00 9.741508372e+02 1.859151657e+03
2.464929860e+01 3.394181575e+01 6.887372588e+00 9.738480035e+02 1.857161071e+03
2.494989980e+01 3.392069591e+01 6.960790655e+00 9.735448844e+02 1.855170920e+03
2.525050100e+01 3.389966589e+01 7.034223702e+00 9.732414793e+02 1.853181189e+03
2.555110220e+01 3.387872613e+01 7.107672203e+00 9.729377878e+02 1.851191864e+03
2.585170341e+01 3.385787699e+01 7.181136573e+00 9.726338096e+02 1.849202933e+03
2.615230461e+01 3.383711877e+01 7.254617215e+00 9.723295441e+02 1.847214385e+03
2.645290581e+01 3.381645191e+01 7.328114654e+00 9.720249910e+02 1.845226209e+03
2.675350701e+01 3.379587666e+01 7.401629305e+00 9.717201498e+02 1.843238394e+03
2.705410822e+01 3.377539332e+01 7.475161603e+00 9.714150201e+02 1.841250933e+03
2.735470942e+01 3.375500212e+01 7.548711988e+00 9.711096013e+02 1.839263816e+03
2.765531062e+01 3.373470332e+01 7.622280895e+00 9.708038931e+02 1.837277035e+03
2.795591182e+01 3.371449711e+01 7.695868757e+00 9.704978950e+02 1.835290584e+03
2.825651303e+01 3.369438371e+01 7.769476007e+00 9.701916065e+02 1.833304455e+03
2.855711423e+01 3.367436329e+01 7.843103073e+00 9.698850271e+02 1.831318642e+03
2.885771543e+01 3.365443601e+01 7.916750385e+00 9.695781564e+02 1.829333140e+03
2.915831663e+01 3.363460201e+01 7.990418368e+00 9.692709940e+02 1.827347942e+03
2.945891784e+01 3.361486144e+01 8.064107448e+00 9.689635392e+02 1.825363045e+03
2.975951904e+01 3.359521442e+01 8.137818049e+00 9.686557918e+02 1.823378444e+03
3.006012024e+01 3.357566106e+01 8.211550596e+00 9.683477511e+02 1.821394133e+03
3.036072144e+01 3.355620147e+01 8.285305510e+00 9.680394167e+02 1.819410110e+03
3.066132265e+01 3.353683574e+01 8.359083214e+00 9.677307881e+02 1.817426370e+03
3.096192385e+01 3.351756395e+01 8.432884129e+00 9.674218648e+02 1.815442910e+03
3.126252505e+01 3.349838618e+01 8.506708676e+00 9.671126464e+02 1.813459728e+03
3.156312625e+01 3.347930250e+01 8.580557274e+00 9.668031323e+02 1.811476819e+03
3.186372745e+01 3.346031297e+01 8.654430341e+00 9.664933220e+02 1.809494182e+03
3.216432866e+01 3.344141766e+01 8.728328299e+00 9.661832151e+02 1.807511814e+03
3.246492986e+01 3.342261660e+01 8.802251565e+00 9.658728111e+02 1.805529712e+03
3.276553106e+01 3.340390985e+01 8.876200558e+00 9.655621094e+02 1.803547875e+03
3.306613226e+01 3.338529745e+01 8.950175696e+00 9.652511095e+02 1.801566300e+03
3.336673347e+01 3.336677944e+01 9.024177398e+00 9.649398110e+02 1.799584986e+03
3.366733467e+01 3.334835585e+01 9.098206083e+00 9.646282133e+02 1.797603930e+03
3.396793587e+01 3.333002671e+01 9.172262168e+00 9.643163160e+02 1.795623131e+03
3.426853707e+01 3.331179205e+01 9.246346072e+00 9.640041184e+02 1.793642588e+03
3.456913828e+01 3.329365190e+01 9.320458214e+00 9.636916202e+02 1.791662299e+03
3.486973948e+01 3.327560627e+01 9.394599012e+00 9.633788208e+02 1.789682262e+03
3.517034068e+01 3.325765518e+01 9.468768885e+00 9.630657196e+02 1.787702478e+03
3.547094188e+01 3.323979866e+01 9.542968253e+00 9.627523162e+02 1.785722944e+03
3.577154309e+01 3.322203672e+01 9.617197535e+00 9.624386101e+02 1.783743659e+03
3.607214429e+01 3.320436938e+01 9.691457151e+00 9.621246006e+02 1.781764623e+03
3.637274549e+01 3.318679664e+01 9.765747522e+00 9.618102874e+02 1.779785834e+03
3.667334669e+01 3.316931852e+01 9.840069067e+00 9.614956698e+02 1.777807292e+03
3.697394790e+01 3.315193503e+01 9.914422209e+00 9.611807474e+02 1.775828996e+03
3.727454910e+01 3.313464618e+01 9.988807368e+00 9.608655197e+02 1.773850945e+03
3.757515030e+01 3.311745198e+01 1.006322497e+01 9.605499860e+02 1.771873138e+03
3.787575150e+01 3.310035243e+01 1.013767543e+01 9.602341459e+02 1.769895575e+03
3.817635271e+01 3.308334755e+01 1.021215918e+01 9.599179988e+02 1.767918255e+03
3.847695391e+01 3.306643735e+01 1.028667664e+01 9.596015442e+02 1.765941178e+03
3.877755511e+01 3.304962183e+01 1.036122823e+01 9.592847816e+02 1.763964342e+03
3.907815631e+01 3.303290099e+01 1.043581438e+01 9.589677104e+02 1.761987748e+03
3.937875752e+01 3.301627485e+01 1.051043552e+01 9.586503301e+02 1.760011394e+03
3.967935872e+01 3.299974341e+01 1.058509207e+01 9.583326402e+02 1.758035282e+03
3.997995992e+01 3.298330668e+01 1.065978446e+01 9.580146401e+02 1.756059409e+03
4.028056112e+01 3.296696466e+01 1.073451311e+01 9.576963293e+02 1.754083775e+03
4.058116232e+01 3.295071737e+01 1.080927846e+01 9.573777072e+02 1.752108381e+03
4.088176353e+01 3.293456480e+01 1.088408094e+01 9.570587732e+02 1.750133226e+03
4.118236473e+01 3.291850697e+01 1.095892097e+01 9.567395270e+02 1.748158309e+03
4.148296593e+01 3.290254388e+01 1.103379899e+01 9.564199678e+02 1.746183630e+03
4.178356713e+01 3.288667555e+01 1.110871543e+01 9.561000951e+02 1.744209189e+03
4.208416834e+01 3.287090198e+01 1.118367072e+01 9.557799084e+02 1.742234985e+03
4.238476954e+01 3.285522318e+01 1.125866529e+01 9.554594072e+02 1.740261019e+03
4.268537074e+01 3.283963916e+01 1.133369958e+01 9.551385908e+02 1.738287289e+03
4.298597194e+01 3.282414993e+01 1.140877403e+01 9.548174588e+02 1.736313796e+03
4.328657315e+01 3.280875550e+01 1.148388907e+01 9.544960105e+02 1.734340540e+03
4.358717435e+01 3.279345588e+01 1.155904513e+01 9.541742454e+02 1.732367519e+03
4.388777555e+01 3.277825109e+01 1.163424267e+01 9.538521630e+02 1.730394734e+03
4.418837675e+01 3.276314113e+01 1.170948210e+01 9.535297627e+02 1.728422185e+03
4.448897796e+01 3.274812602e+01 1.178476388e+01 9.532070439e+02 1.726449872e+03
4.478957916e+01 3.273320578e+01 1.186008845e+01 9.528840060e+02 1.724477793e+03
4.509018036e+01 3.271838041e+01 1.193545624e+01 9.525606485e+02 1.722505949e+03
4.539078156e+01 3.270364993e+01 1.201086771e+01 9.522369709e+02 1.720534340e+03
4.569138277e+01 3.268901437e+01 1.208632329e+01 9.519129725e+02 1.718562966e+03
4.599198397e+01 3.267447372e+01 1.216182342e+01 9.515886527e+02 1.716591826e+03
4.629258517e+01 3.266002802e+01 1.223736857e+01 9.512640111e+02 1.714620920e+03
4.659318637e+01 3.264567729e+01 1.231295916e+01 9.509390470e+02 1.712650248e+03
4.689378758e+01 3.263142153e+01 1.238859566e+01 9.506137599e+02 1.710679810e+03
4.719438878e+01 3.261726077e+01 1.246427850e+01 9.502881491e+02 1.708709605e+03
4.749498998e+01 3.260319502e+01 1.254000814e+01 9.499622141e+02 1.706739634e+03
4.779559118e+01 3.258922432e+01 1.261578503e+01 9.496359543e+02 1.704769896e+03
4.809619238e+01 3.257534869e+01 1.269160962e+01 9.493093692e+02 1.702800392e+03
4.839679359e+01 3.256156814e+01 1.276748237e+01 9.489824581e+02 1.700831120e+03
4.869739479e+01 3.254788270e+01 1.284340372e+01 9.486552205e+02 1.698862081e+03
4.899799599e+01 3.253429240e+01 1.291937415e+01 9.483276557e+02 1.696893274e+03
4.929859719e+01 3.252079725e+01 1.299539409e+01 9.479997632e+02 1.694924700e+03
4.959919840e+01 3.250739730e+01 1.307146401e+01 9.476715424e+02 1.692956358e+03
4.989979960e+01 3.249409256e+01 1.314758437e+01 9.473429927e+02 1.690988249e+03
5.020040080e+01 3.248088307e+01 1.322375563e+01 9.470141136e+02 1.689020371e+03
5.050100200e+01 3.246776884e+01 1.329997824e+01 9.466849043e+02 1.687052725e+03
5.080160321e+01 3.245474992e+01 1.337625268e+01 9.463553643e+02 1.685085311e+03
5.110220441e+01 3.244182633e+01 1.345257940e+01 9.460254931e+02 1.683118129e+03
5.140280561e+01 3.242899811e+01 1.352895888e+01 9.456952899e+02 1.681151178e+03
5.170340681e+01 3.241626529e+01 1.360539156e+01 9.453647543e+02 1.679184458e+03
5.200400802e+01 3.240362790e+01 1.368187793e+01 9.450338856e+02 1.677217970e+03
5.230460922e+01 3.239108598e+01 1.375841845e+01 9.447026831e+02 1.675251712e+03
5.260521042e+01 3.237863956e+01 1.383501359e+01 9.443711464e+02 1.673285686e+03
5.290581162e+01 3.236628868e+01 1.391166382e+01 9.440392747e+02 1.671319890e+03
5.320641283e+01 3.235403338e+01 1.398836962e+01 9.437070676e+02 1.669354324e+03
5.350701403e+01 3.234187370e+01 1.406513145e+01 9.433745242e+02 1.667388990e+03
5.380761523e+01 3.232980967e+01 1.414194979e+01 9.430416441e+02 1.665423885e+03
5.410821643e+01 3.231784133e+01 1.421882511e+01 9.427084267e+02 1.663459011e+03
5.440881764e+01 3.230596874e+01 1.429575790e+01 9.423748712e+02 1.661494367e+03
5.470941884e+01 3.229419192e+01 1.437274864e+01 9.420409772e+02 1.659529953e+03
5.501002004e+01 3.228251093e+01 1.444979779e+01 9.417067439e+02 1.657565769e+03
5.531062124e+01 3.227092580e+01 1.452690584e+01 9.413721707e+02 1.655601815e+03
5.561122244e+01 3.225943659e+01 1.460407328e+01 9.410372571e+02 1.653638090e+03
5.591182365e+01 3.224804334e+01 1.468130059e+01 9.407020024e+02 1.651674595e+03
5.621242485e+01 3.223674610e+01 1.475858825e+01 9.403664059e+02 1.649711329e+03
5.651302605e+01 3.222554491e+01 1.483593675e+01 9.400304671e+02 1.647748293e+03
5.681362725e+01 3.221443982e+01 1.491334657e+01 9.396941853e+02 1.645785485e+03
5.711422846e+01 3.220343089e+01 1.499081822e+01 9.393575598e+02 1.643822907e+03
5.741482966e+01 3.219251817e+01 1.506835216e+01 9.390205901e+02 1.641860558e+03
5.771543086e+01 3.218170171e+01 1.514594891e+01 9.386832755e+02 1.639898437e+03
5.801603206e+01 3.217098156e+01 1.522360894e+01 9.383456153e+02 1.637936546e+03
5.831663327e+01 3.216035778e+01 1.530133277e+01 9.380076089e+02 1.635974882e+03
5.861723447e+01 3.214983042e+01 1.537912087e+01 9.376692558e+02 1.634013448e+03
5.891783567e+01 3.213939954e+01 1.545697375e+01 9.373305551e+02 1.632052242e+03
5.921843687e+01 3.212906519e+01 1.553489191e+01 9.369915064e+02 1.630091264e+03
5.951903808e+01 3.211882744e+01 1.561287585e+01 9.366521088e+02 1.628130514e+03
5.981963928e+01 3.210868635e+01 1.569092606e+01 9.363123619e+02 1.626169992e+03
6.012024048e+01 3.209864197e+01 1.576904306e+01 9.359722649e+02 1.624209699e+03
6.042084168e+01 3.208869437e+01 1.584722735e+01 9.356318171e+02 1.622249633e+03
6.072144289e+01 3.207884361e+01 1.592547943e+01 9.352910180e+02 1.620289795e+03
6.102204409e+01 3.206908975e+01 1.600379981e+01 9.349498669e+02 1.618330184e+03
6.132264529e+01 3.205943286e+01 1.608218900e+01 9.346083631e+02 1.616370802e+03
6.162324649e+01 3.204987301e+01 1.616064751e+01 9.342665059e+02 1.614411646e+03
6.192384770e+01 3.204041026e+01 1.623917586e+01 9.339242947e+02 1.612452718e+03
6.222444890e+01 3.203104468e+01 1.631777455e+01 9.335817288e+02 1.610494018e+03
6.252505010e+01 3.202177634e+01 1.639644410e+01 9.332388075e+02 1.608535544e+03
6.282565130e+01 3.201260530e+01 1.647518503e+01 9.328955303e+02 1.606577298e+03
6.312625251e+01 3.200353165e+01 1.655399786e+01 9.325518963e+02 1.604619279e+03
6.342685371e+01 3.199455546e+01 1.663288311e+01 9.322079050e+02 1.602661486e+03
6.372745491e+01 3.198567678e+01 1.671184130e+01 9.318635557e+02 1.600703921e+03
6.402805611e+01 3.197689572e+01 1.679087294e+01 9.315188476e+02 1.598746582e+03
6.432865731e+01 3.196821232e+01 1.686997858e+01 9.311737801e+02 1.596789470e+03
6.462925852e+01 3.195962669e+01 1.694915873e+01 9.308283526e+02 1.594832584e+03
6.492985972e+01 3.195113888e+01 1.702841391e+01 9.304825643e+02 1.592875925e+03
6.523046092e+01 3.194274899e+01 1.710774467e+01 9.301364146e+02 1.590919493e+03
6.553106212e+01 3.193445708e+01 1.718715153e+01 9.297899028e+02 1.588963286e+03
6.583166333e+01 3.192626325e+01 1.726663503e+01 9.294430281e+02 1.587007306e+03
6.613226453e+01 3.191816758e+01 1.734619570e+01 9.290957899e+02 1.585051552e+03
6.643286573e+01 3.191017014e+01 1.742583407e+01 9.287481876e+02 1.583096024e+03
6.673346693e+01 3.190227103e+01 1.750555068e+01 9.284002203e+02 1.581140722e+03
6.703406814e+01 3.189447032e+01 1.758534608e+01 9.280518875e+02 1.579185646e+03
6.733466934e+01 3.188676811e+01 1.766522081e+01 9.277031883e+02 1.577230796e+03
6.763527054e+01 3.187916449e+01 1.774517540e+01 9.273541222e+02 1.575276172e+03
6.793587174e+01 3.187165954e+01 1.782521041e+01 9.270046884e+02 1.573321773e+03
6.823647295e+01 3.186425335e+01 1.790532638e+01 9.266548862e+02 1.571367600e+03
6.853707415e+01 3.185694602e+01 1.798552386e+01 9.263047149e+02 1.569413653e+03
6.883767535e+01 3.184973764e+01 1.806580340e+01 9.259541738e+02 1.567459930e+03
6.913827655e+01 3.184262829e+01 1.814616554e+01 9.256032621e+02 1.565506434e+03
6.943887776e+01 3.183561809e+01 1.822661086e+01 9.252519792e+02 1.563553163e+03
6.973947896e+01 3.182870712e+01 1.830713989e+01 9.249003244e+02 1.561600117e+03
7.004008016e+01 3.182189548e+01 1.838775321e+01 9.245482969e+02 1.559647296e+03
7.034068136e+01 3.181518327e+01 1.846845136e+01 9.241958960e+02 1.557694700e+03
7.064128257e+01 3.180857059e+01 1.854923491e+01 9.238431211e+02 1.555742330e+03
7.094188377e+01 3.180205754e+01 1.863010442e+01 9.234899712e+02 1.553790184e+03
7.124248497e+01 3.179564422e+01 1.871106046e+01 9.231364459e+02 1.551838264e+03
7.154308617e+01 3.178933074e+01 1.879210359e+01 9.227825442e+02 1.549886568e+03
7.184368737e+01 3.178311720e+01 1.887323439e+01 9.224282655e+02 1.547935097e+03
7.214428858e+01 3.177700371e+01 1.895445342e+01 9.220736091e+02 1.545983851e+03
7.244488978e+01 3.177099037e+01 1.903576126e+01 9.217185742e+02 1.544032830e+03
7.274549098e+01 3.176507729e+01 1.911715848e+01 9.213631601e+02 1.542082034e+03
7.304609218e+01 3.175926458e+01 1.919864566e+01 9.210073660e+02 1.540131462e+03
7.334669339e+01 3.175355236e+01 1.928022337e+01 9.206511913e+02 1.538181115e+03
7.364729459e+01 3.174794073e+01 1.936189220e+01 9.202946350e+02 1.536230992e+03
7.394789579e+01 3.174242980e+01 1.944365272e+01 9.199376966e+02 1.534281094e+03
7.424849699e+01 3.173701970e+01 1.952550554e+01 9.195803753e+02 1.532331420e+03
7.454909820e+01 3.173171054e+01 1.960745122e+01 9.192226703e+02 1.530381971e+03
7.484969940e+01 3.172650243e+01 1.968949036e+01 9.188645809e+02 1.528432746e+03
7.515030060e+01 3.172139550e+01 1.977162355e+01 9.185061062e+02 1.526483745e+03
7.545090180e+01 3.171638986e+01 1.985385138e+01 9.181472457e+02 1.524534968e+03
7.575150301e+01 3.171148563e+01 1.993617445e+01 9.177879984e+02 1.522586416e+03
7.605210421e+01 3.170668294e+01 2.001859335e+01 9.174283636e+02 1.520638088e+03
7.635270541e+01 3.170198191e+01 2.010110868e+01 9.170683407e+02 1.518689985e+03
7.665330661e+01 3.169738266e+01 2.018372105e+01 9.167079287e+02 1.516742105e+03
7.695390782e+01 3.169288532e+01 2.026643106e+01 9.163471270e+02 1.514794450e+03
7.725450902e+01 3.168849002e+01 2.034923930e+01 9.159859347e+02 1.512847018e+03
7.755511022e+01 3.168419689e+01 2.043214640e+01 9.156243512e+02 1.510899811e+03
7.785571142e+01 3.168000605e+01 2.051515295e+01 9.152623756e+02 1.508952828e+03
7.815631263e+01 3.167591764e+01 2.059825958e+01 9.149000071e+02 1.507006068e+03
7.845691383e+01 3.167193179e+01 2.068146689e+01 9.145372449e+02 1.505059533e+03
7.875751503e+01 3.166804863e+01 2.076477550e+01 9.141740884e+02 1.503113222e+03
7.905811623e+01 3.166426830e+01 2.084818603e+01 9.138105367e+02 1.501167134e+03
7.935871743e+01 3.166059094e+01 2.093169911e+01 9.134465889e+02 1.499221271e+03
7.965931864e+01 3.165701668e+01 2.101531534e+01 9.130822444e+02 1.497275631e+03
7.995991984e+01 3.165354567e+01 2.109903537e+01 9.127175024e+02 1.495330215e+03
8.026052104e+01 3.165017804e+01 2.118285981e+01 9.123523619e+02 1.493385023e+03
8.056112224e+01 3.164691393e+01 2.126678930e+01 9.119868224e+02 1.491440055e+03
8.086172345e+01 3.164375350e+01 2.135082446e+01 9.116208828e+02 1.489495311e+03
8.116232465e+01 3.164069688e+01 2.143496594e+01 9.112545425e+02 1.487550791e+03
8.146292585e+01 3.163774421e+01 2.151921437e+01 9.108878007e+02 1.485606494e+03
8.176352705e+01 3.163489566e+01 2.160357039e+01 9.105206565e+02 1.483662422e+03
8.206412826e+01 3.163215137e+01 2.168803463e+01 9.101531091e+02 1.481718573e+03
8.236472946e+01 3.162951148e+01 2.177260776e+01 9.097851577e+02 1.479774948e+03
8.266533066e+01 3.162697615e+01 2.185729040e+01 9.094168015e+02 1.477831547e+03
8.296593186e+01 3.162454554e+01 2.194208322e+01 9.090480397e+02 1.475888369e+03
8.326653307e+01 3.162221979e+01 2.202698685e+01 9.086788715e+02 1.473945415e+03
8.356713427e+01 3.161999906e+01 2.211200196e+01 9.083092961e+02 1.472002686e+03
8.386773547e+01 3.161788352e+01 2.219712920e+01 9.079393125e+02 1.470060180e+03
8.416833667e+01 3.161587332e+01 2.228236923e+01 9.075689201e+02 1.468117898e+03
8.446893788e+01 3.161396862e+01 2.236772271e+01 9.071981179e+02 1.466175839e+03
8.476953908e+01 3.161216958e+01 2.245319031e+01 9.068269052e+02 1.464234005e+03
8.507014028e+01 3.161047636e+01 2.253877269e+01 9.064552810e+02 1.462292395e+03
8.537074148e+01 3.160888914e+01 2.262447052e+01 9.060832447e+02 1.460351008e+03
8.567134269e+01 3.160740808e+01 2.271028446e+01 9.057107953e+02 1.458409845e+03
8.597194389e+01 3.160603334e+01 2.279621521e+01 9.053379319e+02 1.456468907e+03
8.627254509e+01 3.160476509e+01 2.288226343e+01 9.049646538e+02 1.454528192e+03
8.657314629e+01 3.160360351e+01 2.296842979e+01 9.045909602e+02 1.452587701e+03
8.687374749e+01 3.160254877e+01 2.305471499e+01 9.042168500e+02 1.450647434e+03
8.717434870e+01 3.160160104e+01 2.314111971e+01 9.038423226e+02 1.448707392e+03
8.747494990e+01 3.160076050e+01 2.322764463e+01 9.034673770e+02 1.446767573e+03
8.777555110e+01 3.160002732e+01 2.331429045e+01 9.030920124e+02 1.444827978e+03
8.807615230e+01 3.159940168e+01 2.340105785e+01 9.027162280e+02 1.442888608e+03
8.837675351e+01 3.159888377e+01 2.348794754e+01 9.023400228e+02 1.440949462e+03
8.867735471e+01 3.159847376e+01 2.357496021e+01 9.019633960e+02 1.439010540e+03
8.897795591e+01 3.159817183e+01 2.366209656e+01 9.015863467e+02 1.437071842e+03
8.927855711e+01 3.159797818e+01 2.374935729e+01 9.012088741e+02 1.435133369e+03
8.957915832e+01 3.159789299e+01 2.383674312e+01 9.008309773e+02 1.433195119e+03
8.987975952e+01 3.159791644e+01 2.392425474e+01 9.004526554e+02 1.431257095e+03
9.018036072e+01 3.159804873e+01 2.401189288e+01 9.000739076e+02 1.429319295e+03
9.048096192e+01 3.159829004e+01 2.409965825e+01 8.996947329e+02 1.427381719e+03
9.078156313e+01 3.159864058e+01 2.418755156e+01 8.993151305e+02 1.425444368e+03
9.108216433e+01 3.159910052e+01 2.427557354e+01 8.989350995e+02 1.423507241e+03
9.138276553e+01 3.159967008e+01 2.436372490e+01 8.985546390e+02 1.421570339e+03
9.168336673e+01 3.160034944e+01 2.445200639e+01 8.981737480e+02 1.419633662e+03
9.198396794e+01 3.160113881e+01 2.454041872e+01 8.977924258e+02 1.417697209e+03
9.228456914e+01 3.160203839e+01 2.462896262e+01 8.974106714e+02 1.415760982e+03
9.258517034e+01 3.160304837e+01 2.471763884e+01 8.970284839e+02 1.413824979e+03
9.288577154e+01 3.160416897e+01 2.480644812e+01 8.966458624e+02 1.411889201e+03
9.318637275e+01 3.160540039e+01 2.489539118e+01 8.962628060e+02 1.409953649e+03
9.348697395e+01 3.160674284e+01 2.498446879e+01 8.958793139e+02 1.408018321e+03
9.378757515e+01 3.160819652e+01 2.507368168e+01 8.954953849e+02 1.406083219e+03
9.408817635e+01 3.160976165e+01 2.516303060e+01 8.951110184e+02 1.404148342e+03
9.438877756e+01 3.161143843e+01 2.525251632e+01 8.947262133e+02 1.402213690e+03
9.468937876e+01 3.161322709e+01 2.534213958e+01 8.943409687e+02 1.400279264e+03
9.498997996e+01 3.161512785e+01 2.543190114e+01 8.939552837e+02 1.398345064e+03
9.529058116e+01 3.161714090e+01 2.552180178e+01 8.935691574e+02 1.396411089e+03
9.559118236e+01 3.161926649e+01 2.561184226e+01 8.931825889e+02 1.394477340e+03
9.589178357e+01 3.162150482e+01 2.570202334e+01 8.927955771e+02 1.392543816e+03
9.619238477e+01 3.162385613e+01 2.579234579e+01 8.924081213e+02 1.390610519e+03
9.649298597e+01 3.162632063e+01 2.588281041e+01 8.920202203e+02 1.388677448e+03
9.679358717e+01 3.162889856e+01 2.597341795e+01 8.916318734e+02 1.386744602e+03
9.709418838e+01 3.163159013e+01 2.606416921e+01 8.912430795e+02 1.384811983e+03
9.739478958e+01 3.163439559e+01 2.615506498e+01 8.908538378e+02 1.382879591e+03
9.769539078e+01 3.163731516e+01 2.624610603e+01 8.904641471e+02 1.380947424e+03
9.799599198e+01 3.164034907e+01 2.633729317e+01 8.900740067e+02 1.379015485e+03
9.829659319e+01 3.164349757e+01 2.642862719e+01 8.896834156e+02 1.377083772e+03
9.859719439e+01 3.164676089e+01 2.652010889e+01 8.892923727e+02 1.375152286e+03
9.889779559e+01 3.165013927e+01 2.661173907e+01 8.889008771e+02 1.373221026e+03
9.919839679e+01 3.165363295e+01 2.670351854e+01 8.885089279e+02 1.371289994e+03
9.949899800e+01 3.165724217e+01 2.679544811e+01 8.881165241e+02 1.369359189e+03
9.979959920e+01 3.166096718e+01 2.688752858e+01 8.877236646e+02 1.367428611e+03
1.001002004e+02 3.166480823e+01 2.697976079e+01 8.873303487e+02 1.365498261e+03
1.004008016e+02 3.166876556e+01 2.707214554e+01 8.869365752e+02 1.363568138e+03
1.007014028e+02 3.167283942e+01 2.716468367e+01 8.865423431e+02 1.361638243e+03
1.010020040e+02 3.167703007e+01 2.725737599e+01 8.861476516e+02 1.359708576e+03
1.013026052e+02 3.168133777e+01 2.735022334e+01 8.857524995e+02 1.357779137e+03
1.016032064e+02 3.168576275e+01 2.744322656e+01 8.853568860e+02 1.355849926e+03
1.019038076e+02 3.169030530e+01 2.753638648e+01 8.849608100e+02 1.353920943e+03
1.022044088e+02 3.169496566e+01 2.762970395e+01 8.845642705e+02 1.351992189e+03
1.025050100e+02 3.169974410e+01 2.772317980e+01 8.841672666e+02 1.350063663e+03
1.028056112e+02 3.170464088e+01 2.781681490e+01 8.837697972e+02 1.348135366e+03
1.031062124e+02 3.170965627e+01 2.791061008e+01 8.833718612e+02 1.346207298e+03
1.034068136e+02 3.171479053e+01 2.800456622e+01 8.829734578e+02 1.344279460e+03
1.037074148e+02 3.172004395e+01 2.809868417e+01 8.825745859e+02 1.342351850e+03
1.040080160e+02 3.172541678e+01 2.819296479e+01 8.821752444e+02 1.340424470e+03
1.043086172e+02 3.173090930e+01 2.828740895e+01 8.817754324e+02 1.338497319e+03
1.046092184e+02 3.173652180e+01 2.838201752e+01 8.813751488e+02 1.336570398e+03
1.049098196e+02 3.174225454e+01 2.847679139e+01 8.809743926e+02 1.334643708e+03
1.052104208e+02 3.174810781e+01 2.857173143e+01 8.805731627e+02 1.332717247e+03
1.055110220e+02 3.175408189e+01 2.866683852e+01 8.801714582e+02 1.330791017e+03
1.058116232e+02 3.176017706e+01 2.876211355e+01 8.797692780e+02 1.328865017e+03
1.061122244e+02 3.176639362e+01 2.885755742e+01 8.793666210e+02 1.326939248e+03
1.064128257e+02 3.177273185e+01 2.895317102e+01 8.789634863e+02 1.325013710e+03
1.067134269e+02 3.177919204e+01 2.904895525e+01 8.785598727e+02 1.323088403e+03
1.070140281e+02 3.178577448e+01 2.914491101e+01 8.781557792e+02 1.321163327e+03
1.073146293e+02 3.179247947e+01 2.924103921e+01 8.777512048e+02 1.319238483e+03
1.076152305e+02 3.179930731e+01 2.933734076e+01 8.773461484e+02 1.317313870e+03
1.079158317e+02 3.180625830e+01 2.943381659e+01 8.769406089e+02 1.315389490e+03
1.082164329e+02 3.181333274e+01 2.953046761e+01 8.765345853e+02 1.313465342e+03
1.085170341e+02 3.182053092e+01 2.962729474e+01 8.761280765e+02 1.311541426e+03
1.088176353e+02 3.182785317e+01 2.972429891e+01 8.757210815e+02 1.309617743e+03
1.091182365e+02 3.183529978e+01 2.982148107e+01 8.753135991e+02 1.307694292e+03
1.094188377e+02 3.184287106e+01 2.991884214e+01 8.749056282e+02 1.305771075e+03
1.097194389e+02 3.185056734e+01 3.001638306e+01 8.744971679e+02 1.303848091e+03
1.100200401e+02 3.185838892e+01 3.011410479e+01 8.740882169e+02 1.301925341e+03
1.103206413e+02 3.186633612e+01 3.021200827e+01 8.736787743e+02 1.300002825e+03
1.106212425e+02 3.187440927e+01 3.031009446e+01 8.732688389e+02 1.298080542e+03
1.109218437e+02 3.188260868e+01 3.040836432e+01 8.728584097e+02 1.296158494e+03
1.112224449e+02 3.189093467e+01 3.050681881e+01 8.724474854e+02 1.294236681e+03
1.115230461e+02 3.189938758e+01 3.060545890e+01 8.720360651e+02 1.292315102e+03
1.118236473e+02 3.190796773e+01 3.070428557e+01 8.716241476e+02 1.290393758e+03
1.121242485e+02 3.191667546e+01 3.080329978e+01 8.712117318e+02 1.288472650e+03
1.124248497e+02 3.192551109e+01 3.090250253e+01 8.707988166e+02 1.286551778e+03
1.127254509e+02 3.193447497e+01 3.100189479e+01 8.703854009e+02 1.284631141e+03
1.130260521e+02 3.194356743e+01 3.110147756e+01 8.699714835e+02 1.282710740e+03
1.133266533e+02 3.195278881e+01 3.120125184e+01 8.695570633e+02 1.280790576e+03
1.136272545e+02 3.196213946e+01 3.130121863e+01 8.691421392e+02 1.278870649e+03
1.139278557e+02 3.197161971e+01 3.140137893e+01 8.687267100e+02 1.276950959e+03
1.142284569e+02 3.198122993e+01 3.150173375e+01 8.683107747e+02 1.275031506e+03
1.145290581e+02 3.199097046e+01 3.160228411e+01 8.678943321e+02 1.273112291e+03
1.148296593e+02 3.200084165e+01 3.170303102e+01 8.674773809e+02 1.271193314e+03
1.151302605e+02 3.201084386e+01 3.180397552e+01 8.670599202e+02 1.269274575e+03
1.154308617e+02 3.202097745e+01 3.190511863e+01 8.666419486e+02 1.267356075e+03
1.157314629e+02 3.203124277e+01 3.200646138e+01 8.662234652e+02 1.265437813e+03
1.160320641e+02 3.204164019e+01 3.210800481e+01 8.658044686e+02 1.263519791e+03
1.163326653e+02 3.205217007e+01 3.220974998e+01 8.653849578e+02 1.261602008e+03
1.166332665e+02 3.206283279e+01 3.231169792e+01 8.649649315e+02 1.259684466e+03
1.169338677e+02 3.207362872e+01 3.241384969e+01 8.645443887e+02 1.257767163e+03
1.172344689e+02 3.208455822e+01 3.251620636e+01 8.641233280e+02 1.255850101e+03
1.175350701e+02 3.209562167e+01 3.261876898e+01 8.637017484e+02 1.253933280e+03
1.178356713e+02 3.210681946e+01 3.272153862e+01 8.632796487e+02 1.252016700e+03
1.181362725e+02 3.211815196e+01 3.282451637e+01 8.628570276e+02 1.250100362e+03
1.184368737e+02 3.212961956e+01 3.292770330e+01 8.624338839e+02 1.248184265e+03
1.187374749e+02 3.214122264e+01 3.303110049e+01 8.620102166e+02 1.246268411e+03
1.190380762e+02 3.215296159e+01 3.313470904e+01 8.615860243e+02 1.244352800e+03
1.193386774e+02 3.216483680e+01 3.323853005e+01 8.611613059e+02 1.242437432e+03
1.196392786e+02 3.217684868e+01 3.334256461e+01 8.607360601e+02 1.240522307e+03
1.199398798e+02 3.218899761e+01 3.344681383e+01 8.603102858e+02 1.238607426e+03
1.202404810e+02 3.220128400e+01 3.355127882e+01 8.598839817e+02 1.236692789e+03
1.205410822e+02 3.221370825e+01 3.365596070e+01 8.594571466e+02 1.234778397e+03
1.208416834e+02 3.222627076e+01 3.376086060e+01 8.590297793e+02 1.232864249e+03
1.211422846e+02 3.223897194e+01 3.386597964e+01 8.586018786e+02 1.230950347e+03
1.214428858e+02 3.225181221e+01 3.397131896e+01 8.581734431e+02 1.229036691e+03
1.217434870e+02 3.226479198e+01 3.407687969e+01 8.577444717e+02 1.227123281e+03
1.220440882e+02 3.227791167e+01 3.418266299e+01 8.573149632e+02 1.225210118e+03
1.223446894e+02 3.229117169e+01 3.428866999e+01 8.568849162e+02 1.223297202e+03
1.226452906e+02 3.230457247e+01 3.439490187e+01 8.564543295e+02 1.221384533e+03
1.229458918e+02 3.231811443e+01 3.450135978e+01 8.560232019e+02 1.219472112e+03
1.232464930e+02 3.233179801e+01 3.460804489e+01 8.555915322e+02 1.217559939e+03
1.235470942e+02 3.234562362e+01 3.471495838e+01 8.551593190e+02 1.215648016e+03
1.238476954e+02 3.235959172e+01 3.482210142e+01 8.547265610e+02 1.213736341e+03
1.241482966e+02 3.237370274e+01 3.492947521e+01 8.542932571e+02 1.211824916e+03
1.244488978e+02 3.238795711e+01 3.503708092e+01 8.538594059e+02 1.209913741e+03
1.247494990e+02 3.240235528e+01 3.514491977e+01 8.534250061e+02 1.208002817e+03
1.250501002e+02 3.241689769e+01 3.525299296e+01 8.529900565e+02 1.206092144e+03
1.253507014e+02 3.243158480e+01 3.536130169e+01 8.525545558e+02 1.204181723e+03
1.256513026e+02 3.244641706e+01 3.546984719e+01 8.521185026e+02 1.202271553e+03
1.259519038e+02 3.246139493e+01 3.557863067e+01 8.516818957e+02 1.200361636e+03
1.262525050e+02 3.247651885e+01 3.568765336e+01 8.512447338e+02 1.198451972e+03
1.265531062e+02 3.249178930e+01 3.579691650e+01 8.508070155e+02 1.196542562e+03
1.268537074e+02 3.250720675e+01 3.590642132e+01 8.503687396e+02 1.194633405e+03
1.271543086e+02 3.252277164e+01 3.601616909e+01 8.499299047e+02 1.192724503e+03
1.274549098e+02 3.253848447e+01 3.612616104e+01 8.494905095e+02 1.190815856e+03
1.277555110e+02 3.255434571e+01 3.623639844e+01 8.490505527e+02 1.188907465e+03
1.280561122e+02 3.257035582e+01 3.634688256e+01 8.486100329e+02 1.186999330e+03
1.283567134e+02 3.258651530e+01 3.645761467e+01 8.481689489e+02 1.185091451e+03
1.286573146e+02 3.260282463e+01 3.656859604e+01 8.477272992e+02 1.183183829e+03
1.289579158e+02 3.261928429e+01 3.667982798e+01 8.472850825e+02 1.181276466e+03
1.292585170e+02 3.263589478e+01 3.679131176e+01 8.468422974e+02 1.179369360e+03
1.295591182e+02 3.265265659e+01 3.690304869e+01 8.463989427e+02 1.177462513e+03
1.298597194e+02 3.266957022e+01 3.701504008e+01 8.459550170e+02 1.175555926e+03
1.301603206e+02 3.268663616e+01 3.712728723e+01 8.455105188e+02 1.173649599e+03
1.304609218e+02 3.270385493e+01 3.723979147e+01 8.450654469e+02 1.171743532e+03
1.307615230e+02 3.272122703e+01 3.735255413e+01 8.446197997e+02 1.169837726e+03
1.310621242e+02 3.273875298e+01 3.746557654e+01 8.441735761e+02 1.167932182e+03
1.313627255e+02 3.275643327e+01 3.757886003e+01 8.437267745e+02 1.166026900e+03
1.316633267e+02 3.277426845e+01 3.769240595e+01 8.432793936e+02 1.164121881e+03
1.319639279e+02 3.279225902e+01 3.780621566e+01 8.428314320e+02 1.162217126e+03
1.322645291e+02 3.281040551e+01 3.792029052e+01 8.423828883e+02 1.160312635e+03
1.325651303e+02 3.282870846e+01 3.803463190e+01 8.419337611e+02 1.158408408e+03
1.328657315e+02 3.284716839e+01 3.814924116e+01 8.414840490e+02 1.156504447e+03
1.331663327e+02 3.286578584e+01 3.826411971e+01 8.410337506e+02 1.154600752e+03
1.334669339e+02 3.288456135e+01 3.837926891e+01 8.405828644e+02 1.152697323e+03
1.337675351e+02 3.290349546e+01 3.849469018e+01 8.401313890e+02 1.150794162e+03
1.340681363e+02 3.292258872e+01 3.861038492e+01 8.396793230e+02 1.148891269e+03
1.343687375e+02 3.294184169e+01 3.872635455e+01 8.392266650e+02 1.146988644e+03
1.346693387e+02 3.296125490e+01 3.884260048e+01 8.387734135e+02 1.145086289e+03
1.349699399e+02 3.298082893e+01 3.895912415e+01 8.383195670e+02 1.143184204e+03
1.352705411e+02 3.300056432e+01 3.907592700e+01 8.378651242e+02 1.141282390e+03
1.355711423e+02 3.302046166e+01 3.919301046e+01 8.374100836e+02 1.139380846e+03
1.358717435e+02 3.304052150e+01 3.931037596e+01 8.369544437e+02 1.137479575e+03
1.361723447e+02 3.306074443e+01 3.942802498e+01 8.364982031e+02 1.135578577e+03
1.364729459e+02 3.308113101e+01 3.954595897e+01 8.360413602e+02 1.133677852e+03
1.367735471e+02 3.310168183e+01 3.966417941e+01 8.355839136e+02 1.131777402e+03
1.370741483e+02 3.312239748e+01 3.978268779e+01 8.351258619e+02 1.129877226e+03
1.373747495e+02 3.314327853e+01 3.990148559e+01 8.346672035e+02 1.127977326e+03
1.376753507e+02 3.316432560e+01 4.002057430e+01 8.342079369e+02 1.126077703e+03
1.379759519e+02 3.318553926e+01 4.013995545e+01 8.337480607e+02 1.124178356e+03
1.382765531e+02 3.320692013e+01 4.025963053e+01 8.332875733e+02 1.122279288e+03
1.385771543e+02 3.322846880e+01 4.037960107e+01 8.328264733e+02 1.120380498e+03
1.388777555e+02 3.325018589e+01 4.049986860e+01 8.323647591e+02 1.118481988e+03
1.391783567e+02 3.327207201e+01 4.062043467e+01 8.319024292e+02 1.116583759e+03
1.394789579e+02 3.329412777e+01 4.074130081e+01 8.314394820e+02 1.114685810e+03
1.397795591e+02 3.331635379e+01 4.086246858e+01 8.309759162e+02 1.112788143e+03
1.400801603e+02 3.333875071e+01 4.098393954e+01 8.305117301e+02 1.110890759e+03
1.403807615e+02 3.336131915e+01 4.110571527e+01 8.300469221e+02 1.108993659e+03
1.406813627e+02 3.338405974e+01 4.122779734e+01 8.295814908e+02 1.107096842e+03
1.409819639e+02 3.340697312e+01 4.135018734e+01 8.291154346e+02 1.105200311e+03
1.412825651e+02 3.343005993e+01 4.147288686e+01 8.286487519e+02 1.103304066e+03
1.415831663e+02 3.345332083e+01 4.159589752e+01 8.281814411e+02 1.101408108e+03
1.418837675e+02 3.347675645e+01 4.171922093e+01 8.277135008e+02 1.099512438e+03
1.421843687e+02 3.350036746e+01 4.184285870e+01 8.272449293e+02 1.097617057e+03
1.424849699e+02 3.352415452e+01 4.196681248e+01 8.267757250e+02 1.095721965e+03
1.427855711e+02 3.354811828e+01 4.209108391e+01 8.263058864e+02 1.093827163e+03
1.430861723e+02 3.357225942e+01 4.221567463e+01 8.258354118e+02 1.091932652e+03
1.433867735e+02 3.359657862e+01 4.234058631e+01 8.253642997e+02 1.090038434e+03
1.436873747e+02 3.362107653e+01 4.246582061e+01 8.248925485e+02 1.088144509e+03
1.439879760e+02 3.364575386e+01 4.259137922e+01 8.244201566e+02 1.086250878e+03
1.442885772e+02 3.367061128e+01 4.271726381e+01 8.239471223e+02 1.084357542e+03
1.445891784e+02 3.369564949e+01 4.284347609e+01 8.234734440e+02 1.082464502e+03
1.448897796e+02 3.372086918e+01 4.297001775e+01 8.229991202e+02 1.080571759e+03
1.451903808e+02 3.374627105e+01 4.309689053e+01 8.225241491e+02 1.078679314e+03
1.454909820e+02 3.377185580e+01 4.322409612e+01 8.220485291e+02 1.076787167e+03
1.457915832e+02 3.379762415e+01 4.335163628e+01 8.215722586e+02 1.074895321e+03
1.460921844e+02 3.382357681e+01 4.347951275e+01 8.210953360e+02 1.073003775e+03
1.463927856e+02 3.384971450e+01 4.360772727e+01 8.206177596e+02 1.071112531e+03
1.466933868e+02 3.387603795e+01 4.373628161e+01 8.201395276e+02 1.069221590e+03
1.469939880e+02 3.390254787e+01 4.386517755e+01 8.196606386e+02 1.067330952e+03
1.472945892e+02 3.392924502e+01 4.399441686e+01 8.191810907e+02 1.065440620e+03
1.475951904e+02 3.395613011e+01 4.412400134e+01 8.187008823e+02 1.063550593e+03
1.478957916e+02 3.398320391e+01 4.425393280e+01 8.182200117e+02 1.061660874e+03
1.481963928e+02 3.401046714e+01 4.438421304e+01 8.177384773e+02 1.059771462e+03
1.484969940e+02 3.403792058e+01 4.451484390e+01 8.172562773e+02 1.057882360e+03
1.487975952e+02 3.406556498e+01 4.464582719e+01 8.167734100e+02 1.055993567e+03
1.490981964e+02 3.409340109e+01 4.477716477e+01 8.162898737e+02 1.054105086e+03
1.493987976e+02 3.412142970e+01 4.490885849e+01 8.158056667e+02 1.052216918e+03
1.496993988e+02 3.414965157e+01 4.504091022e+01 8.153207873e+02 1.050329063e+03
1.500000000e+02 3.417806747e+01 4.517332182e+01 8.148352337e+02 1.048441522e+03
