time            Cj              Ck              shCj            shCk            Br              shBr           
0.000000000e+00 1.000000000e+01 1.000000000e-05 0.000000000e+00 0.000000000e+00 1.000000000e+01 0.000000000e+00
2.164328657e+02 7.090187457e+00 2.456794751e-02 0.000000000e+00 8.426450449e-03 9.986641681e+00 0.000000000e+00
4.328657315e+02 6.419264508e+00 4.672052989e-02 0.000000000e+00 1.098652793e-02 9.952785835e+00 0.000000000e+00
6.492985972e+02 5.953050428e+00 6.794552902e-02 0.000000000e+00 1.227514884e-02 9.905357437e+00 0.000000000e+00
8.657314629e+02 5.628127297e+00 8.938059002e-02 0.000000000e+00 1.312491068e-02 9.849075718e+00 0.000000000e+00
1.082164329e+03 5.400415652e+00 1.118577905e-01 0.000000000e+00 1.374337214e-02 9.787122770e+00 0.000000000e+00
1.298597194e+03 5.239583711e+00 1.359275412e-01 0.000000000e+00 1.420028041e-02 9.721624524e+00 0.000000000e+00
1.515030060e+03 5.124815002e+00 1.619058965e-01 0.000000000e+00 1.453210829e-02 9.653988293e+00 0.000000000e+00
1.731462926e+03 5.041831517e+00 1.899270278e-01 0.000000000e+00 1.476549956e-02 9.585135941e+00 0.000000000e+00
1.947895792e+03 4.980837650e+00 2.199921573e-01 0.000000000e+00 1.492225297e-02 9.515663560e+00 0.000000000e+00
2.164328657e+03 4.935109961e+00 2.520111575e-01 0.000000000e+00 1.502026670e-02 9.445950014e+00 0.000000000e+00
2.380761523e+03 4.900030718e+00 2.858358226e-01 0.000000000e+00 1.507387385e-02 9.376230397e+00 0.000000000e+00
2.597194389e+03 4.872426038e+00 3.212852222e-01 0.000000000e+00 1.509425280e-02 9.306645523e+00 0.000000000e+00
2.813627255e+03 4.850112719e+00 3.581641820e-01 0.000000000e+00 1.508993802e-02 9.237275101e+00 0.000000000e+00
3.030060120e+03 4.831587334e+00 3.962761873e-01 0.000000000e+00 1.506734824e-02 9.168159909e+00 0.000000000e+00
3.246492986e+03 4.815813300e+00 4.354319336e-01 0.000000000e+00 1.503126623e-02 9.099316490e+00 0.000000000e+00
3.462925852e+03 4.802074455e+00 4.754545517e-01 0.000000000e+00 1.498523940e-02 9.030746841e+00 0.000000000e+00
3.679358717e+03 4.789874997e+00 5.161825088e-01 0.000000000e+00 1.493189675e-02 8.962444714e+00 0.000000000e+00
3.895791583e+03 4.778870431e+00 5.574708185e-01 0.000000000e+00 1.487319133e-02 8.894399683e+00 0.000000000e+00
4.112224449e+03 4.768820450e+00 5.991910979e-01 0.000000000e+00 1.481058042e-02 8.826599678e+00 0.000000000e+00
4.328657315e+03 4.759556183e+00 6.412309231e-01 0.000000000e+00 1.474515893e-02 8.759032560e+00 0.000000000e+00
4.545090180e+03 4.750958122e+00 6.834927481e-01 0.000000000e+00 1.467775486e-02 8.691687015e+00 0.000000000e+00
4.761523046e+03 4.742940497e+00 7.258925781e-01 0.000000000e+00 1.460900043e-02 8.624553047e+00 0.000000000e+00
4.977955912e+03 4.735441091e+00 7.683585844e-01 0.000000000e+00 1.453938100e-02 8.557622180e+00 0.000000000e+00
5.194388778e+03 4.728413895e+00 8.108297381e-01 0.000000000e+00 1.446927208e-02 8.490887512e+00 0.000000000e+00
5.410821643e+03 4.721824005e+00 8.532544143e-01 0.000000000e+00 1.439896692e-02 8.424343663e+00 0.000000000e+00
5.627254509e+03 4.715644326e+00 8.955892166e-01 0.000000000e+00 1.432869523e-02 8.357986667e+00 0.000000000e+00
5.843687375e+03 4.709853218e+00 9.377979042e-01 0.000000000e+00 1.425863767e-02 8.291813851e+00 0.000000000e+00
6.060120240e+03 4.704432794e+00 9.798502901e-01 0.000000000e+00 1.418893733e-02 8.225823674e+00 0.000000000e+00
6.276553106e+03 4.699367879e+00 1.021721434e+00 0.000000000e+00 1.411970733e-02 8.160015593e+00 0.000000000e+00
6.492985972e+03 4.694645207e+00 1.063390844e+00 0.000000000e+00 1.405103729e-02 8.094389929e+00 0.000000000e+00
6.709418838e+03 4.690252886e+00 1.104841797e+00 0.000000000e+00 1.398299814e-02 8.028947739e+00 0.000000000e+00
6.925851703e+03 4.686180063e+00 1.146060794e+00 0.000000000e+00 1.391564561e-02 7.963690710e+00 0.000000000e+00
7.142284569e+03 4.682416639e+00 1.187037033e+00 0.000000000e+00 1.384902339e-02 7.898621055e+00 0.000000000e+00
7.358717435e+03 4.678953093e+00 1.227761987e+00 0.000000000e+00 1.378316536e-02 7.833741429e+00 0.000000000e+00
7.575150301e+03 4.675780373e+00 1.268229056e+00 0.000000000e+00 1.371809736e-02 7.769054851e+00 0.000000000e+00
7.791583166e+03 4.672889795e+00 1.308433240e+00 0.000000000e+00 1.365383877e-02 7.704564640e+00 0.000000000e+00
8.008016032e+03 4.670272981e+00 1.348370884e+00 0.000000000e+00 1.359040367e-02 7.640274358e+00 0.000000000e+00
8.224448898e+03 4.667921821e+00 1.388039455e+00 0.000000000e+00 1.352780174e-02 7.576187759e+00 0.000000000e+00
8.440881764e+03 4.665828432e+00 1.427437348e+00 0.000000000e+00 1.346603919e-02 7.512308750e+00 0.000000000e+00
8.657314629e+03 4.663985140e+00 1.466563734e+00 0.000000000e+00 1.340511924e-02 7.448641354e+00 0.000000000e+00
8.873747495e+03 4.662384462e+00 1.505418420e+00 0.000000000e+00 1.334504275e-02 7.385189677e+00 0.000000000e+00
9.090180361e+03 4.661019086e+00 1.544001736e+00 0.000000000e+00 1.328580866e-02 7.321957889e+00 0.000000000e+00
9.306613226e+03 4.659881870e+00 1.582314446e+00 0.000000000e+00 1.322741424e-02 7.258950194e+00 0.000000000e+00
9.523046092e+03 4.658965821e+00 1.620357653e+00 0.000000000e+00 1.316985555e-02 7.196170818e+00 0.000000000e+00
9.739478958e+03 4.658264100e+00 1.658132746e+00 0.000000000e+00 1.311312752e-02 7.133623986e+00 0.000000000e+00
9.955911824e+03 4.657770017e+00 1.695641353e+00 0.000000000e+00 1.305722424e-02 7.071313914e+00 0.000000000e+00
1.017234469e+04 4.657476997e+00 1.732885234e+00 0.000000000e+00 1.300213923e-02 7.009244796e+00 0.000000000e+00
1.038877756e+04 4.657378629e+00 1.769866348e+00 0.000000000e+00 1.294786511e-02 6.947420793e+00 0.000000000e+00
1.060521042e+04 4.657468608e+00 1.806586707e+00 0.000000000e+00 1.289439454e-02 6.885846024e+00 0.000000000e+00
1.082164329e+04 4.657740767e+00 1.843048423e+00 0.000000000e+00 1.284171953e-02 6.824524562e+00 0.000000000e+00
1.103807615e+04 4.658189057e+00 1.879253657e+00 0.000000000e+00 1.278983187e-02 6.763460425e+00 0.000000000e+00
1.125450902e+04 4.658807550e+00 1.915204603e+00 0.000000000e+00 1.273872322e-02 6.702657571e+00 0.000000000e+00
1.147094188e+04 4.659590437e+00 1.950903474e+00 0.000000000e+00 1.268838507e-02 6.642119895e+00 0.000000000e+00
1.168737475e+04 4.660532021e+00 1.986352488e+00 0.000000000e+00 1.263880880e-02 6.581851224e+00 0.000000000e+00
1.190380762e+04 4.661626719e+00 2.021553862e+00 0.000000000e+00 1.258998570e-02 6.521855315e+00 0.000000000e+00
1.212024048e+04 4.662869051e+00 2.056509780e+00 0.000000000e+00 1.254190723e-02 6.462135849e+00 0.000000000e+00
1.233667335e+04 4.664253664e+00 2.091222449e+00 0.000000000e+00 1.249456442e-02 6.402696435e+00 0.000000000e+00
1.255310621e+04 4.665775304e+00 2.125694026e+00 0.000000000e+00 1.244794833e-02 6.343540600e+00 0.000000000e+00
1.276953908e+04 4.667428776e+00 2.159926574e+00 0.000000000e+00 1.240205137e-02 6.284671793e+00 0.000000000e+00
1.298597194e+04 4.669209064e+00 2.193922242e+00 0.000000000e+00 1.235686393e-02 6.226093382e+00 0.000000000e+00
1.320240481e+04 4.671111200e+00 2.227683061e+00 0.000000000e+00 1.231237776e-02 6.167808653e+00 0.000000000e+00
1.341883768e+04 4.673130330e+00 2.261211047e+00 0.000000000e+00 1.226858436e-02 6.109820806e+00 0.000000000e+00
1.363527054e+04 4.675261695e+00 2.294508173e+00 0.000000000e+00 1.222547533e-02 6.052132961e+00 0.000000000e+00
1.385170341e+04 4.677500631e+00 2.327576371e+00 0.000000000e+00 1.218304233e-02 5.994748148e+00 0.000000000e+00
1.406813627e+04 4.679842568e+00 2.360417534e+00 0.000000000e+00 1.214127713e-02 5.937669315e+00 0.000000000e+00
1.428456914e+04 4.682283027e+00 2.393033513e+00 0.000000000e+00 1.210017158e-02 5.880899323e+00 0.000000000e+00
1.450100200e+04 4.684817620e+00 2.425426116e+00 0.000000000e+00 1.205971760e-02 5.824440945e+00 0.000000000e+00
1.471743487e+04 4.687442049e+00 2.457597114e+00 0.000000000e+00 1.201990724e-02 5.768296871e+00 0.000000000e+00
1.493386774e+04 4.690152103e+00 2.489548233e+00 0.000000000e+00 1.198073263e-02 5.712469699e+00 0.000000000e+00
1.515030060e+04 4.692943658e+00 2.521281165e+00 0.000000000e+00 1.194218599e-02 5.656961945e+00 0.000000000e+00
1.536673347e+04 4.695812674e+00 2.552797559e+00 0.000000000e+00 1.190425965e-02 5.601776036e+00 0.000000000e+00
1.558316633e+04 4.698755195e+00 2.584099029e+00 0.000000000e+00 1.186694605e-02 5.546914311e+00 0.000000000e+00
1.579959920e+04 4.701767348e+00 2.615187151e+00 0.000000000e+00 1.183023769e-02 5.492379024e+00 0.000000000e+00
1.601603206e+04 4.704845341e+00 2.646063466e+00 0.000000000e+00 1.179412721e-02 5.438172342e+00 0.000000000e+00
1.623246493e+04 4.707985462e+00 2.676729478e+00 0.000000000e+00 1.175860732e-02 5.384296346e+00 0.000000000e+00
1.644889780e+04 4.711184078e+00 2.707186663e+00 0.000000000e+00 1.172367085e-02 5.330753030e+00 0.000000000e+00
1.666533066e+04 4.714437635e+00 2.737436458e+00 0.000000000e+00 1.168931071e-02 5.277544304e+00 0.000000000e+00
1.688176353e+04 4.717742652e+00 2.767480274e+00 0.000000000e+00 1.165551990e-02 5.224671990e+00 0.000000000e+00
1.709819639e+04 4.721095726e+00 2.797319490e+00 0.000000000e+00 1.162229153e-02 5.172137828e+00 0.000000000e+00
1.731462926e+04 4.724493529e+00 2.826955455e+00 0.000000000e+00 1.158961881e-02 5.119943472e+00 0.000000000e+00
1.753106212e+04 4.727932804e+00 2.856389493e+00 0.000000000e+00 1.155749503e-02 5.068090493e+00 0.000000000e+00
1.774749499e+04 4.731410369e+00 2.885622899e+00 0.000000000e+00 1.152591357e-02 5.016580378e+00 0.000000000e+00
1.796392786e+04 4.734923110e+00 2.914656944e+00 0.000000000e+00 1.149486790e-02 4.965414532e+00 0.000000000e+00
1.818036072e+04 4.738467986e+00 2.943492873e+00 0.000000000e+00 1.146435160e-02 4.914594276e+00 0.000000000e+00
1.839679359e+04 4.742042022e+00 2.972131908e+00 0.000000000e+00 1.143435831e-02 4.864120852e+00 0.000000000e+00
1.861322645e+04 4.745642315e+00 3.000575251e+00 0.000000000e+00 1.140488178e-02 4.813995420e+00 0.000000000e+00
1.882965932e+04 4.749266026e+00 3.028824081e+00 0.000000000e+00 1.137591584e-02 4.764219061e+00 0.000000000e+00
1.904609218e+04 4.752910383e+00 3.056879555e+00 0.000000000e+00 1.134745440e-02 4.714792774e+00 0.000000000e+00
1.926252505e+04 4.756572680e+00 3.084742814e+00 0.000000000e+00 1.131949146e-02 4.665717482e+00 0.000000000e+00
1.947895792e+04 4.760250274e+00 3.112414978e+00 0.000000000e+00 1.129202110e-02 4.616994029e+00 0.000000000e+00
1.969539078e+04 4.763940586e+00 3.139897151e+00 0.000000000e+00 1.126503749e-02 4.568623184e+00 0.000000000e+00
1.991182365e+04 4.767641100e+00 3.167190421e+00 0.000000000e+00 1.123853485e-02 4.520605636e+00 0.000000000e+00
2.012825651e+04 4.771349360e+00 3.194295858e+00 0.000000000e+00 1.121250753e-02 4.472942003e+00 0.000000000e+00
2.034468938e+04 4.775062973e+00 3.221214520e+00 0.000000000e+00 1.118694992e-02 4.425632826e+00 0.000000000e+00
2.056112224e+04 4.778779602e+00 3.247947449e+00 0.000000000e+00 1.116185650e-02 4.378678574e+00 0.000000000e+00
2.077755511e+04 4.782496973e+00 3.274495674e+00 0.000000000e+00 1.113722183e-02 4.332079642e+00 0.000000000e+00
2.099398798e+04 4.786212867e+00 3.300860212e+00 0.000000000e+00 1.111304053e-02 4.285836355e+00 0.000000000e+00
2.121042084e+04 4.789925123e+00 3.327042069e+00 0.000000000e+00 1.108930731e-02 4.239948967e+00 0.000000000e+00
2.142685371e+04 4.793631636e+00 3.353042238e+00 0.000000000e+00 1.106601695e-02 4.194417661e+00 0.000000000e+00
2.164328657e+04 4.797330356e+00 3.378861703e+00 0.000000000e+00 1.104316430e-02 4.149242553e+00 0.000000000e+00
2.185971944e+04 4.801019290e+00 3.404501438e+00 0.000000000e+00 1.102074429e-02 4.104423692e+00 0.000000000e+00
2.207615230e+04 4.804696495e+00 3.429962409e+00 0.000000000e+00 1.099875189e-02 4.059961058e+00 0.000000000e+00
2.229258517e+04 4.808360084e+00 3.455245570e+00 0.000000000e+00 1.097718218e-02 4.015854567e+00 0.000000000e+00
2.250901804e+04 4.812008221e+00 3.480351871e+00 0.000000000e+00 1.095603028e-02 3.972104071e+00 0.000000000e+00
2.272545090e+04 4.815639120e+00 3.505282254e+00 0.000000000e+00 1.093529139e-02 3.928709358e+00 0.000000000e+00
2.294188377e+04 4.819251046e+00 3.530037652e+00 0.000000000e+00 1.091496077e-02 3.885670152e+00 0.000000000e+00
2.315831663e+04 4.822842317e+00 3.554618992e+00 0.000000000e+00 1.089503375e-02 3.842986119e+00 0.000000000e+00
2.337474950e+04 4.826411297e+00 3.579027196e+00 0.000000000e+00 1.087550571e-02 3.800656863e+00 0.000000000e+00
2.359118236e+04 4.829956391e+00 3.603263187e+00 0.000000000e+00 1.085637212e-02 3.758681929e+00 0.000000000e+00
2.380761523e+04 4.833476060e+00 3.627327876e+00 0.000000000e+00 1.083762849e-02 3.717060802e+00 0.000000000e+00
2.402404810e+04 4.836968831e+00 3.651222153e+00 0.000000000e+00 1.081927041e-02 3.675792915e+00 0.000000000e+00
2.424048096e+04 4.840433241e+00 3.674946932e+00 0.000000000e+00 1.080129351e-02 3.634877640e+00 0.000000000e+00
2.445691383e+04 4.843867865e+00 3.698503134e+00 0.000000000e+00 1.078369348e-02 3.594314298e+00 0.000000000e+00
2.467334669e+04 4.847271373e+00 3.721891629e+00 0.000000000e+00 1.076646610e-02 3.554102155e+00 0.000000000e+00
2.488977956e+04 4.850642462e+00 3.745113300e+00 0.000000000e+00 1.074960719e-02 3.514240424e+00 0.000000000e+00
2.510621242e+04 4.853979827e+00 3.768169066e+00 0.000000000e+00 1.073311261e-02 3.474728268e+00 0.000000000e+00
2.532264529e+04 4.857282238e+00 3.791059816e+00 0.000000000e+00 1.071697828e-02 3.435564799e+00 0.000000000e+00
2.553907816e+04 4.860548534e+00 3.813786411e+00 0.000000000e+00 1.070120021e-02 3.396749080e+00 0.000000000e+00
2.575551102e+04 4.863777558e+00 3.836349743e+00 0.000000000e+00 1.068577445e-02 3.358280126e+00 0.000000000e+00
2.597194389e+04 4.866968189e+00 3.858750706e+00 0.000000000e+00 1.067069709e-02 3.320156905e+00 0.000000000e+00
2.618837675e+04 4.870119367e+00 3.880990174e+00 0.000000000e+00 1.065596427e-02 3.282378341e+00 0.000000000e+00
2.640480962e+04 4.873230065e+00 3.903069025e+00 0.000000000e+00 1.064157219e-02 3.244943310e+00 0.000000000e+00
2.662124248e+04 4.876299287e+00 3.924988139e+00 0.000000000e+00 1.062751713e-02 3.207850648e+00 0.000000000e+00
2.683767535e+04 4.879326081e+00 3.946748396e+00 0.000000000e+00 1.061379538e-02 3.171099146e+00 0.000000000e+00
2.705410822e+04 4.882309527e+00 3.968350673e+00 0.000000000e+00 1.060040330e-02 3.134687555e+00 0.000000000e+00
2.727054108e+04 4.885248743e+00 3.989795847e+00 0.000000000e+00 1.058733730e-02 3.098614585e+00 0.000000000e+00
2.748697395e+04 4.888142883e+00 4.011084796e+00 0.000000000e+00 1.057459385e-02 3.062878907e+00 0.000000000e+00
2.770340681e+04 4.890991134e+00 4.032218396e+00 0.000000000e+00 1.056216943e-02 3.027479156e+00 0.000000000e+00
2.791983968e+04 4.893792718e+00 4.053197526e+00 0.000000000e+00 1.055006062e-02 2.992413927e+00 0.000000000e+00
2.813627255e+04 4.896546889e+00 4.074023062e+00 0.000000000e+00 1.053826401e-02 2.957681781e+00 0.000000000e+00
2.835270541e+04 4.899252936e+00 4.094695883e+00 0.000000000e+00 1.052677624e-02 2.923281243e+00 0.000000000e+00
2.856913828e+04 4.901910177e+00 4.115216865e+00 0.000000000e+00 1.051559402e-02 2.889210805e+00 0.000000000e+00
2.878557114e+04 4.904517964e+00 4.135586889e+00 0.000000000e+00 1.050471409e-02 2.855468926e+00 0.000000000e+00
2.900200401e+04 4.907075677e+00 4.155806832e+00 0.000000000e+00 1.049413322e-02 2.822054034e+00 0.000000000e+00
2.921843687e+04 4.909582728e+00 4.175877575e+00 0.000000000e+00 1.048384825e-02 2.788964528e+00 0.000000000e+00
2.943486974e+04 4.912038558e+00 4.195799998e+00 0.000000000e+00 1.047385605e-02 2.756198774e+00 0.000000000e+00
2.965130261e+04 4.914442637e+00 4.215574982e+00 0.000000000e+00 1.046415353e-02 2.723755112e+00 0.000000000e+00
2.986773547e+04 4.916794464e+00 4.235203410e+00 0.000000000e+00 1.045473766e-02 2.691631853e+00 0.000000000e+00
3.008416834e+04 4.919093565e+00 4.254686163e+00 0.000000000e+00 1.044560543e-02 2.659827281e+00 0.000000000e+00
3.030060120e+04 4.921339492e+00 4.274024123e+00 0.000000000e+00 1.043675388e-02 2.628339654e+00 0.000000000e+00
3.051703407e+04 4.923531826e+00 4.293218177e+00 0.000000000e+00 1.042818011e-02 2.597167208e+00 0.000000000e+00
3.073346693e+04 4.925670174e+00 4.312269208e+00 0.000000000e+00 1.041988123e-02 2.566308152e+00 0.000000000e+00
3.094989980e+04 4.927754168e+00 4.331178103e+00 0.000000000e+00 1.041185440e-02 2.535760674e+00 0.000000000e+00
3.116633267e+04 4.929783463e+00 4.349945749e+00 0.000000000e+00 1.040409682e-02 2.505522940e+00 0.000000000e+00
3.138276553e+04 4.931757739e+00 4.368573030e+00 0.000000000e+00 1.039660574e-02 2.475593096e+00 0.000000000e+00
3.159919840e+04 4.933676701e+00 4.387060837e+00 0.000000000e+00 1.038937842e-02 2.445969267e+00 0.000000000e+00
3.181563126e+04 4.935540076e+00 4.405410057e+00 0.000000000e+00 1.038241220e-02 2.416649558e+00 0.000000000e+00
3.203206413e+04 4.937347616e+00 4.423621581e+00 0.000000000e+00 1.037570442e-02 2.387632057e+00 0.000000000e+00
3.224849699e+04 4.939099093e+00 4.441696299e+00 0.000000000e+00 1.036925247e-02 2.358914836e+00 0.000000000e+00
3.246492986e+04 4.940794301e+00 4.459635100e+00 0.000000000e+00 1.036305378e-02 2.330495948e+00 0.000000000e+00
3.268136273e+04 4.942433056e+00 4.477438877e+00 0.000000000e+00 1.035710581e-02 2.302373430e+00 0.000000000e+00
3.289779559e+04 4.944015193e+00 4.495108521e+00 0.000000000e+00 1.035140606e-02 2.274545308e+00 0.000000000e+00
3.311422846e+04 4.945540569e+00 4.512644923e+00 0.000000000e+00 1.034595206e-02 2.247009589e+00 0.000000000e+00
3.333066132e+04 4.947009060e+00 4.530048978e+00 0.000000000e+00 1.034074136e-02 2.219764271e+00 0.000000000e+00
3.354709419e+04 4.948420562e+00 4.547321578e+00 0.000000000e+00 1.033577159e-02 2.192807338e+00 0.000000000e+00
3.376352705e+04 4.949774988e+00 4.564463615e+00 0.000000000e+00 1.033104036e-02 2.166136760e+00 0.000000000e+00
3.397995992e+04 4.951072271e+00 4.581475984e+00 0.000000000e+00 1.032654535e-02 2.139750501e+00 0.000000000e+00
3.419639279e+04 4.952312360e+00 4.598359577e+00 0.000000000e+00 1.032228426e-02 2.113646511e+00 0.000000000e+00
3.441282565e+04 4.953495224e+00 4.615115288e+00 0.000000000e+00 1.031825481e-02 2.087822731e+00 0.000000000e+00
3.462925852e+04 4.954620845e+00 4.631744011e+00 0.000000000e+00 1.031445478e-02 2.062277096e+00 0.000000000e+00
3.484569138e+04 4.955689225e+00 4.648246639e+00 0.000000000e+00 1.031088195e-02 2.037007531e+00 0.000000000e+00
3.506212425e+04 4.956700380e+00 4.664624065e+00 0.000000000e+00 1.030753415e-02 2.012011955e+00 0.000000000e+00
3.527855711e+04 4.957654343e+00 4.680877182e+00 0.000000000e+00 1.030440925e-02 1.987288276e+00 0.000000000e+00
3.549498998e+04 4.958551160e+00 4.697006883e+00 0.000000000e+00 1.030150511e-02 1.962834403e+00 0.000000000e+00
3.571142285e+04 4.959390893e+00 4.713014059e+00 0.000000000e+00 1.029881967e-02 1.938648237e+00 0.000000000e+00
3.592785571e+04 4.960173617e+00 4.728899602e+00 0.000000000e+00 1.029635087e-02 1.914727674e+00 0.000000000e+00
3.614428858e+04 4.960899425e+00 4.744664403e+00 0.000000000e+00 1.029409669e-02 1.891070602e+00 0.000000000e+00
3.636072144e+04 4.961568419e+00 4.760309351e+00 0.000000000e+00 1.029205512e-02 1.867674913e+00 0.000000000e+00
3.657715431e+04 4.962180714e+00 4.775835337e+00 0.000000000e+00 1.029022420e-02 1.844538493e+00 0.000000000e+00
3.679358717e+04 4.962736440e+00 4.791243248e+00 0.000000000e+00 1.028860199e-02 1.821659228e+00 0.000000000e+00
3.701002004e+04 4.963235740e+00 4.806533971e+00 0.000000000e+00 1.028718658e-02 1.799034995e+00 0.000000000e+00
3.722645291e+04 4.963678768e+00 4.821708393e+00 0.000000000e+00 1.028597608e-02 1.776663676e+00 0.000000000e+00
3.744288577e+04 4.964065686e+00 4.836767399e+00 0.000000000e+00 1.028496864e-02 1.754543155e+00 0.000000000e+00
3.765931864e+04 4.964396673e+00 4.851711872e+00 0.000000000e+00 1.028416243e-02 1.732671311e+00 0.000000000e+00
3.787575150e+04 4.964671914e+00 4.866542694e+00 0.000000000e+00 1.028355564e-02 1.711046025e+00 0.000000000e+00
3.809218437e+04 4.964891609e+00 4.881260745e+00 0.000000000e+00 1.028314650e-02 1.689665178e+00 0.000000000e+00
3.830861723e+04 4.965055965e+00 4.895866906e+00 0.000000000e+00 1.028293325e-02 1.668526655e+00 0.000000000e+00
3.852505010e+04 4.965165198e+00 4.910362052e+00 0.000000000e+00 1.028291416e-02 1.647628343e+00 0.000000000e+00
3.874148297e+04 4.965219537e+00 4.924747061e+00 0.000000000e+00 1.028308754e-02 1.626968131e+00 0.000000000e+00
3.895791583e+04 4.965219219e+00 4.939022805e+00 0.000000000e+00 1.028345171e-02 1.606543907e+00 0.000000000e+00
3.917434870e+04 4.965164487e+00 4.953190156e+00 0.000000000e+00 1.028400500e-02 1.586353567e+00 0.000000000e+00
3.939078156e+04 4.965055596e+00 4.967249983e+00 0.000000000e+00 1.028474580e-02 1.566395012e+00 0.000000000e+00
3.960721443e+04 4.964892807e+00 4.981203155e+00 0.000000000e+00 1.028567250e-02 1.546666144e+00 0.000000000e+00
3.982364729e+04 4.964676390e+00 4.995050536e+00 0.000000000e+00 1.028678352e-02 1.527164871e+00 0.000000000e+00
4.004008016e+04 4.964406624e+00 5.008792989e+00 0.000000000e+00 1.028807731e-02 1.507889103e+00 0.000000000e+00
4.025651303e+04 4.964083792e+00 5.022431374e+00 0.000000000e+00 1.028955232e-02 1.488836761e+00 0.000000000e+00
4.047294589e+04 4.963708186e+00 5.035966550e+00 0.000000000e+00 1.029120704e-02 1.470005770e+00 0.000000000e+00
4.068937876e+04 4.963280104e+00 5.049399370e+00 0.000000000e+00 1.029303999e-02 1.451394061e+00 0.000000000e+00
4.090581162e+04 4.962799852e+00 5.062730689e+00 0.000000000e+00 1.029504971e-02 1.432999566e+00 0.000000000e+00
4.112224449e+04 4.962267742e+00 5.075961355e+00 0.000000000e+00 1.029723473e-02 1.414820232e+00 0.000000000e+00
4.133867735e+04 4.961684090e+00 5.089092215e+00 0.000000000e+00 1.029959365e-02 1.396854012e+00 0.000000000e+00
4.155511022e+04 4.961049218e+00 5.102124113e+00 0.000000000e+00 1.030212507e-02 1.379098863e+00 0.000000000e+00
4.177154309e+04 4.960363456e+00 5.115057890e+00 0.000000000e+00 1.030482759e-02 1.361552750e+00 0.000000000e+00
4.198797595e+04 4.959627138e+00 5.127894383e+00 0.000000000e+00 1.030769986e-02 1.344213649e+00 0.000000000e+00
4.220440882e+04 4.958840601e+00 5.140634427e+00 0.000000000e+00 1.031074055e-02 1.327079543e+00 0.000000000e+00
4.242084168e+04 4.958004188e+00 5.153278853e+00 0.000000000e+00 1.031394834e-02 1.310148426e+00 0.000000000e+00
4.263727455e+04 4.957118249e+00 5.165828489e+00 0.000000000e+00 1.031732192e-02 1.293418296e+00 0.000000000e+00
4.285370741e+04 4.956183135e+00 5.178284158e+00 0.000000000e+00 1.032086002e-02 1.276887163e+00 0.000000000e+00
4.307014028e+04 4.955199201e+00 5.190646682e+00 0.000000000e+00 1.032456139e-02 1.260553047e+00 0.000000000e+00
4.328657315e+04 4.954166809e+00 5.202916878e+00 0.000000000e+00 1.032842479e-02 1.244413979e+00 0.000000000e+00
4.350300601e+04 4.953086320e+00 5.215095559e+00 0.000000000e+00 1.033244899e-02 1.228467998e+00 0.000000000e+00
4.371943888e+04 4.951958104e+00 5.227183536e+00 0.000000000e+00 1.033663279e-02 1.212713151e+00 0.000000000e+00
4.393587174e+04 4.950782530e+00 5.239181614e+00 0.000000000e+00 1.034097503e-02 1.197147499e+00 0.000000000e+00
4.415230461e+04 4.949559970e+00 5.251090595e+00 0.000000000e+00 1.034547453e-02 1.181769114e+00 0.000000000e+00
4.436873747e+04 4.948290801e+00 5.262911278e+00 0.000000000e+00 1.035013016e-02 1.166576076e+00 0.000000000e+00
4.458517034e+04 4.946975403e+00 5.274644457e+00 0.000000000e+00 1.035494079e-02 1.151566477e+00 0.000000000e+00
4.480160321e+04 4.945614156e+00 5.286290922e+00 0.000000000e+00 1.035990530e-02 1.136738421e+00 0.000000000e+00
4.501803607e+04 4.944207444e+00 5.297851459e+00 0.000000000e+00 1.036502263e-02 1.122090022e+00 0.000000000e+00
4.523446894e+04 4.942755651e+00 5.309326850e+00 0.000000000e+00 1.037029169e-02 1.107619407e+00 0.000000000e+00
4.545090180e+04 4.941259167e+00 5.320717874e+00 0.000000000e+00 1.037571142e-02 1.093324714e+00 0.000000000e+00
4.566733467e+04 4.939718380e+00 5.332025303e+00 0.000000000e+00 1.038128081e-02 1.079204091e+00 0.000000000e+00
4.588376754e+04 4.938133682e+00 5.343249907e+00 0.000000000e+00 1.038699881e-02 1.065255700e+00 0.000000000e+00
4.610020040e+04 4.936505465e+00 5.354392450e+00 0.000000000e+00 1.039286445e-02 1.051477716e+00 0.000000000e+00
4.631663327e+04 4.934834121e+00 5.365453692e+00 0.000000000e+00 1.039887672e-02 1.037868326e+00 0.000000000e+00
4.653306613e+04 4.933120048e+00 5.376434391e+00 0.000000000e+00 1.040503467e-02 1.024425723e+00 0.000000000e+00
4.674949900e+04 4.931363641e+00 5.387335297e+00 0.000000000e+00 1.041133734e-02 1.011148121e+00 0.000000000e+00
4.696593186e+04 4.929565295e+00 5.398157157e+00 0.000000000e+00 1.041778379e-02 9.980337424e-01 0.000000000e+00
4.718236473e+04 4.927725410e+00 5.408900714e+00 0.000000000e+00 1.042437311e-02 9.850808235e-01 0.000000000e+00
4.739879760e+04 4.925844382e+00 5.419566704e+00 0.000000000e+00 1.043110439e-02 9.722876113e-01 0.000000000e+00
4.761523046e+04 4.923922612e+00 5.430155862e+00 0.000000000e+00 1.043797676e-02 9.596523664e-01 0.000000000e+00
4.783166333e+04 4.921960499e+00 5.440668916e+00 0.000000000e+00 1.044498932e-02 9.471733636e-01 0.000000000e+00
4.804809619e+04 4.919958440e+00 5.451106589e+00 0.000000000e+00 1.045214124e-02 9.348488900e-01 0.000000000e+00
4.826452906e+04 4.917916835e+00 5.461469599e+00 0.000000000e+00 1.045943167e-02 9.226772453e-01 0.000000000e+00
4.848096192e+04 4.915836086e+00 5.471758662e+00 0.000000000e+00 1.046685978e-02 9.106567407e-01 0.000000000e+00
4.869739479e+04 4.913716590e+00 5.481974486e+00 0.000000000e+00 1.047442476e-02 8.987857033e-01 0.000000000e+00
4.891382766e+04 4.911558747e+00 5.492117775e+00 0.000000000e+00 1.048212582e-02 8.870624724e-01 0.000000000e+00
4.913026052e+04 4.909362954e+00 5.502189230e+00 0.000000000e+00 1.048996218e-02 8.754854009e-01 0.000000000e+00
4.934669339e+04 4.907129613e+00 5.512189544e+00 0.000000000e+00 1.049793306e-02 8.640528522e-01 0.000000000e+00
4.956312625e+04 4.904859119e+00 5.522119408e+00 0.000000000e+00 1.050603773e-02 8.527632060e-01 0.000000000e+00
4.977955912e+04 4.902551870e+00 5.531979507e+00 0.000000000e+00 1.051427543e-02 8.416148548e-01 0.000000000e+00
4.999599198e+04 4.900208262e+00 5.541770519e+00 0.000000000e+00 1.052264545e-02 8.306062042e-01 0.000000000e+00
5.021242485e+04 4.897828692e+00 5.551493120e+00 0.000000000e+00 1.053114708e-02 8.197356725e-01 0.000000000e+00
5.042885772e+04 4.895413555e+00 5.561147980e+00 0.000000000e+00 1.053977962e-02 8.090016910e-01 0.000000000e+00
5.064529058e+04 4.892963243e+00 5.570735763e+00 0.000000000e+00 1.054854239e-02 7.984027059e-01 0.000000000e+00
5.086172345e+04 4.890478151e+00 5.580257130e+00 0.000000000e+00 1.055743472e-02 7.879371764e-01 0.000000000e+00
5.107815631e+04 4.887958669e+00 5.589712735e+00 0.000000000e+00 1.056645596e-02 7.776035748e-01 0.000000000e+00
5.129458918e+04 4.885405189e+00 5.599103228e+00 0.000000000e+00 1.057560547e-02 7.674003853e-01 0.000000000e+00
5.151102204e+04 4.882818100e+00 5.608429254e+00 0.000000000e+00 1.058488262e-02 7.573261077e-01 0.000000000e+00
5.172745491e+04 4.880197790e+00 5.617691451e+00 0.000000000e+00 1.059428679e-02 7.473792546e-01 0.000000000e+00
5.194388778e+04 4.877544644e+00 5.626890455e+00 0.000000000e+00 1.060381739e-02 7.375583520e-01 0.000000000e+00
5.216032064e+04 4.874859049e+00 5.636026896e+00 0.000000000e+00 1.061347381e-02 7.278619379e-01 0.000000000e+00
5.237675351e+04 4.872141388e+00 5.645101397e+00 0.000000000e+00 1.062325549e-02 7.182885648e-01 0.000000000e+00
5.259318637e+04 4.869392043e+00 5.654114578e+00 0.000000000e+00 1.063316187e-02 7.088367987e-01 0.000000000e+00
5.280961924e+04 4.866611394e+00 5.663067053e+00 0.000000000e+00 1.064319239e-02 6.995052188e-01 0.000000000e+00
5.302605210e+04 4.863799820e+00 5.671959432e+00 0.000000000e+00 1.065334651e-02 6.902924170e-01 0.000000000e+00
5.324248497e+04 4.860957698e+00 5.680792318e+00 0.000000000e+00 1.066362370e-02 6.811969980e-01 0.000000000e+00
5.345891784e+04 4.858085402e+00 5.689566311e+00 0.000000000e+00 1.067402346e-02 6.722175809e-01 0.000000000e+00
5.367535070e+04 4.855183306e+00 5.698282004e+00 0.000000000e+00 1.068454528e-02 6.633527976e-01 0.000000000e+00
5.389178357e+04 4.852251781e+00 5.706939986e+00 0.000000000e+00 1.069518867e-02 6.546012930e-01 0.000000000e+00
5.410821643e+04 4.849291198e+00 5.715540842e+00 0.000000000e+00 1.070595315e-02 6.459617236e-01 0.000000000e+00
5.432464930e+04 4.846301922e+00 5.724085149e+00 0.000000000e+00 1.071683825e-02 6.374327612e-01 0.000000000e+00
5.454108216e+04 4.843284319e+00 5.732573482e+00 0.000000000e+00 1.072784353e-02 6.290130896e-01 0.000000000e+00
5.475751503e+04 4.840238752e+00 5.741006409e+00 0.000000000e+00 1.073896854e-02 6.207014058e-01 0.000000000e+00
5.497394790e+04 4.837165582e+00 5.749384494e+00 0.000000000e+00 1.075021284e-02 6.124964197e-01 0.000000000e+00
5.519038076e+04 4.834065169e+00 5.757708296e+00 0.000000000e+00 1.076157603e-02 6.043968522e-01 0.000000000e+00
5.540681363e+04 4.830937870e+00 5.765978368e+00 0.000000000e+00 1.077305768e-02 5.964014393e-01 0.000000000e+00
5.562324649e+04 4.827784038e+00 5.774195259e+00 0.000000000e+00 1.078465740e-02 5.885089292e-01 0.000000000e+00
5.583967936e+04 4.824604026e+00 5.782359512e+00 0.000000000e+00 1.079637480e-02 5.807180827e-01 0.000000000e+00
5.605611222e+04 4.821398184e+00 5.790471667e+00 0.000000000e+00 1.080820952e-02 5.730276727e-01 0.000000000e+00
5.627254509e+04 4.818166861e+00 5.798532256e+00 0.000000000e+00 1.082016117e-02 5.654364838e-01 0.000000000e+00
5.648897796e+04 4.814910400e+00 5.806541808e+00 0.000000000e+00 1.083222942e-02 5.579433148e-01 0.000000000e+00
5.670541082e+04 4.811629145e+00 5.814500848e+00 0.000000000e+00 1.084441392e-02 5.505469764e-01 0.000000000e+00
5.692184369e+04 4.808323437e+00 5.822409894e+00 0.000000000e+00 1.085671433e-02 5.432462914e-01 0.000000000e+00
5.713827655e+04 4.804993614e+00 5.830269460e+00 0.000000000e+00 1.086913034e-02 5.360400948e-01 0.000000000e+00
5.735470942e+04 4.801640013e+00 5.838080057e+00 0.000000000e+00 1.088166163e-02 5.289272330e-01 0.000000000e+00
5.757114228e+04 4.798262967e+00 5.845842187e+00 0.000000000e+00 1.089430791e-02 5.219065658e-01 0.000000000e+00
5.778757515e+04 4.794862807e+00 5.853556352e+00 0.000000000e+00 1.090706887e-02 5.149769648e-01 0.000000000e+00
5.800400802e+04 4.791439861e+00 5.861223045e+00 0.000000000e+00 1.091994426e-02 5.081373133e-01 0.000000000e+00
5.822044088e+04 4.787994456e+00 5.868842756e+00 0.000000000e+00 1.093293379e-02 5.013865062e-01 0.000000000e+00
5.843687375e+04 4.784526914e+00 5.876415970e+00 0.000000000e+00 1.094603720e-02 4.947234501e-01 0.000000000e+00
5.865330661e+04 4.781037557e+00 5.883943168e+00 0.000000000e+00 1.095925425e-02 4.881470642e-01 0.000000000e+00
5.886973948e+04 4.777526702e+00 5.891424825e+00 0.000000000e+00 1.097258470e-02 4.816562787e-01 0.000000000e+00
5.908617234e+04 4.773994665e+00 5.898861410e+00 0.000000000e+00 1.098602832e-02 4.752500359e-01 0.000000000e+00
5.930260521e+04 4.770441762e+00 5.906253393e+00 0.000000000e+00 1.099958488e-02 4.689272888e-01 0.000000000e+00
5.951903808e+04 4.766868304e+00 5.913601236e+00 0.000000000e+00 1.101325419e-02 4.626870020e-01 0.000000000e+00
5.973547094e+04 4.763274598e+00 5.920905395e+00 0.000000000e+00 1.102703604e-02 4.565281520e-01 0.000000000e+00
5.995190381e+04 4.759660952e+00 5.928166324e+00 0.000000000e+00 1.104093024e-02 4.504497262e-01 0.000000000e+00
6.016833667e+04 4.756027668e+00 5.935384470e+00 0.000000000e+00 1.105493662e-02 4.444507234e-01 0.000000000e+00
6.038476954e+04 4.752375046e+00 5.942560276e+00 0.000000000e+00 1.106905499e-02 4.385301528e-01 0.000000000e+00
6.060120240e+04 4.748703384e+00 5.949694179e+00 0.000000000e+00 1.108328520e-02 4.326870351e-01 0.000000000e+00
6.081763527e+04 4.745012977e+00 5.956786616e+00 0.000000000e+00 1.109762711e-02 4.269204019e-01 0.000000000e+00
6.103406814e+04 4.741304117e+00 5.963838014e+00 0.000000000e+00 1.111208056e-02 4.212292958e-01 0.000000000e+00
6.125050100e+04 4.737577096e+00 5.970848799e+00 0.000000000e+00 1.112664542e-02 4.156127699e-01 0.000000000e+00
6.146693387e+04 4.733832202e+00 5.977819395e+00 0.000000000e+00 1.114132157e-02 4.100698877e-01 0.000000000e+00
6.168336673e+04 4.730069721e+00 5.984750218e+00 0.000000000e+00 1.115610891e-02 4.045997237e-01 0.000000000e+00
6.189979960e+04 4.726289935e+00 5.991641680e+00 0.000000000e+00 1.117100732e-02 3.992013626e-01 0.000000000e+00
6.211623246e+04 4.722493125e+00 5.998494189e+00 0.000000000e+00 1.118601670e-02 3.938739000e-01 0.000000000e+00
6.233266533e+04 4.718679568e+00 6.005308150e+00 0.000000000e+00 1.120113698e-02 3.886164412e-01 0.000000000e+00
6.254909820e+04 4.714849537e+00 6.012083959e+00 0.000000000e+00 1.121636808e-02 3.834281018e-01 0.000000000e+00
6.276553106e+04 4.711003305e+00 6.018822012e+00 0.000000000e+00 1.123170992e-02 3.783080079e-01 0.000000000e+00
6.298196393e+04 4.707141141e+00 6.025522700e+00 0.000000000e+00 1.124716246e-02 3.732552954e-01 0.000000000e+00
6.319839679e+04 4.703263311e+00 6.032186410e+00 0.000000000e+00 1.126272564e-02 3.682691103e-01 0.000000000e+00
6.341482966e+04 4.699370080e+00 6.038813523e+00 0.000000000e+00 1.127839943e-02 3.633486083e-01 0.000000000e+00
6.363126253e+04 4.695461716e+00 6.045404424e+00 0.000000000e+00 1.129418377e-02 3.584929549e-01 0.000000000e+00
6.384769539e+04 4.691538477e+00 6.051959486e+00 0.000000000e+00 1.131007866e-02 3.537013254e-01 0.000000000e+00
6.406412826e+04 4.687600621e+00 6.058479081e+00 0.000000000e+00 1.132608407e-02 3.489729047e-01 0.000000000e+00
6.428056112e+04 4.683648403e+00 6.064963577e+00 0.000000000e+00 1.134219999e-02 3.443068873e-01 0.000000000e+00
6.449699399e+04 4.679682077e+00 6.071413336e+00 0.000000000e+00 1.135842643e-02 3.397024769e-01 0.000000000e+00
6.471342685e+04 4.675701885e+00 6.077828710e+00 0.000000000e+00 1.137476341e-02 3.351588867e-01 0.000000000e+00
6.492985972e+04 4.671708075e+00 6.084210056e+00 0.000000000e+00 1.139121094e-02 3.306753392e-01 0.000000000e+00
6.514629259e+04 4.667700890e+00 6.090557721e+00 0.000000000e+00 1.140776906e-02 3.262510660e-01 0.000000000e+00
6.536272545e+04 4.663680571e+00 6.096872051e+00 0.000000000e+00 1.142443780e-02 3.218853079e-01 0.000000000e+00
6.557915832e+04 4.659647363e+00 6.103153397e+00 0.000000000e+00 1.144121721e-02 3.175773144e-01 0.000000000e+00
6.579559118e+04 4.655601504e+00 6.109402096e+00 0.000000000e+00 1.145810734e-02 3.133263443e-01 0.000000000e+00
6.601202405e+04 4.651543231e+00 6.115618489e+00 0.000000000e+00 1.147510826e-02 3.091316651e-01 0.000000000e+00
6.622845691e+04 4.647472774e+00 6.121802903e+00 0.000000000e+00 1.149222005e-02 3.049925528e-01 0.000000000e+00
6.644488978e+04 4.643390366e+00 6.127955670e+00 0.000000000e+00 1.150944279e-02 3.009082925e-01 0.000000000e+00
6.666132265e+04 4.639296238e+00 6.134077118e+00 0.000000000e+00 1.152677658e-02 2.968781775e-01 0.000000000e+00
6.687775551e+04 4.635190605e+00 6.140167558e+00 0.000000000e+00 1.154422148e-02 2.929015097e-01 0.000000000e+00
6.709418838e+04 4.631073688e+00 6.146227305e+00 0.000000000e+00 1.156177761e-02 2.889775996e-01 0.000000000e+00
6.731062124e+04 4.626945701e+00 6.152256667e+00 0.000000000e+00 1.157944508e-02 2.851057657e-01 0.000000000e+00
6.752705411e+04 4.622806873e+00 6.158255965e+00 0.000000000e+00 1.159722399e-02 2.812853350e-01 0.000000000e+00
6.774348697e+04 4.618657428e+00 6.164225514e+00 0.000000000e+00 1.161511451e-02 2.775156424e-01 0.000000000e+00
6.795991984e+04 4.614497572e+00 6.170165610e+00 0.000000000e+00 1.163311679e-02 2.737960313e-01 0.000000000e+00
6.817635271e+04 4.610327516e+00 6.176076551e+00 0.000000000e+00 1.165123095e-02 2.701258531e-01 0.000000000e+00
6.839278557e+04 4.606147468e+00 6.181958634e+00 0.000000000e+00 1.166945715e-02 2.665044671e-01 0.000000000e+00
6.860921844e+04 4.601957635e+00 6.187812153e+00 0.000000000e+00 1.168779556e-02 2.629312398e-01 0.000000000e+00
6.882565130e+04 4.597758222e+00 6.193637397e+00 0.000000000e+00 1.170624635e-02 2.594055455e-01 0.000000000e+00
6.904208417e+04 4.593549429e+00 6.199434652e+00 0.000000000e+00 1.172480971e-02 2.559267667e-01 0.000000000e+00
6.925851703e+04 4.589331460e+00 6.205204204e+00 0.000000000e+00 1.174348580e-02 2.524942900e-01 0.000000000e+00
6.947494990e+04 4.585104509e+00 6.210946331e+00 0.000000000e+00 1.176227485e-02 2.491075144e-01 0.000000000e+00
6.969138277e+04 4.580868774e+00 6.216661310e+00 0.000000000e+00 1.178117705e-02 2.457658446e-01 0.000000000e+00
6.990781563e+04 4.576624445e+00 6.222349414e+00 0.000000000e+00 1.180019261e-02 2.424686944e-01 0.000000000e+00
7.012424850e+04 4.572371716e+00 6.228010914e+00 0.000000000e+00 1.181932177e-02 2.392154825e-01 0.000000000e+00
7.034068136e+04 4.568110774e+00 6.233646076e+00 0.000000000e+00 1.183856474e-02 2.360056364e-01 0.000000000e+00
7.055711423e+04 4.563841806e+00 6.239255164e+00 0.000000000e+00 1.185792178e-02 2.328385890e-01 0.000000000e+00
7.077354709e+04 4.559564997e+00 6.244838440e+00 0.000000000e+00 1.187739311e-02 2.297137811e-01 0.000000000e+00
7.098997996e+04 4.555280530e+00 6.250396162e+00 0.000000000e+00 1.189697901e-02 2.266306600e-01 0.000000000e+00
7.120641283e+04 4.550988585e+00 6.255928585e+00 0.000000000e+00 1.191667973e-02 2.235886799e-01 0.000000000e+00
7.142284569e+04 4.546689340e+00 6.261435962e+00 0.000000000e+00 1.193649555e-02 2.205873020e-01 0.000000000e+00
7.163927856e+04 4.542382972e+00 6.266918540e+00 0.000000000e+00 1.195642674e-02 2.176259943e-01 0.000000000e+00
7.185571142e+04 4.538069655e+00 6.272376567e+00 0.000000000e+00 1.197647360e-02 2.147042316e-01 0.000000000e+00
7.207214429e+04 4.533749561e+00 6.277810287e+00 0.000000000e+00 1.199663641e-02 2.118214948e-01 0.000000000e+00
7.228857715e+04 4.529422861e+00 6.283219939e+00 0.000000000e+00 1.201691549e-02 2.089772721e-01 0.000000000e+00
7.250501002e+04 4.525089722e+00 6.288605761e+00 0.000000000e+00 1.203731115e-02 2.061710576e-01 0.000000000e+00
7.272144289e+04 4.520750311e+00 6.293967988e+00 0.000000000e+00 1.205782370e-02 2.034023516e-01 0.000000000e+00
7.293787575e+04 4.516404792e+00 6.299306852e+00 0.000000000e+00 1.207845349e-02 2.006706616e-01 0.000000000e+00
7.315430862e+04 4.512053328e+00 6.304622583e+00 0.000000000e+00 1.209920084e-02 1.979754998e-01 0.000000000e+00
7.337074148e+04 4.507696079e+00 6.309915407e+00 0.000000000e+00 1.212006610e-02 1.953163860e-01 0.000000000e+00
7.358717435e+04 4.503333203e+00 6.315185548e+00 0.000000000e+00 1.214104963e-02 1.926928450e-01 0.000000000e+00
7.380360721e+04 4.498964858e+00 6.320433230e+00 0.000000000e+00 1.216215179e-02 1.901044063e-01 0.000000000e+00
7.402004008e+04 4.494591197e+00 6.325658669e+00 0.000000000e+00 1.218337296e-02 1.875506087e-01 0.000000000e+00
7.423647295e+04 4.490212374e+00 6.330862082e+00 0.000000000e+00 1.220471350e-02 1.850309958e-01 0.000000000e+00
7.445290581e+04 4.485828540e+00 6.336043682e+00 0.000000000e+00 1.222617381e-02 1.825451171e-01 0.000000000e+00
7.466933868e+04 4.481439843e+00 6.341203681e+00 0.000000000e+00 1.224775429e-02 1.800925279e-01 0.000000000e+00
7.488577154e+04 4.477046432e+00 6.346342286e+00 0.000000000e+00 1.226945534e-02 1.776727870e-01 0.000000000e+00
7.510220441e+04 4.472648451e+00 6.351459704e+00 0.000000000e+00 1.229127737e-02 1.752854607e-01 0.000000000e+00
7.531863727e+04 4.468246045e+00 6.356556139e+00 0.000000000e+00 1.231322080e-02 1.729301210e-01 0.000000000e+00
7.553507014e+04 4.463839355e+00 6.361631792e+00 0.000000000e+00 1.233528608e-02 1.706063445e-01 0.000000000e+00
7.575150301e+04 4.459428522e+00 6.366686862e+00 0.000000000e+00 1.235747363e-02 1.683137132e-01 0.000000000e+00
7.596793587e+04 4.455013684e+00 6.371721545e+00 0.000000000e+00 1.237978390e-02 1.660518150e-01 0.000000000e+00
7.618436874e+04 4.450594979e+00 6.376736035e+00 0.000000000e+00 1.240221735e-02 1.638202449e-01 0.000000000e+00
7.640080160e+04 4.446172540e+00 6.381730523e+00 0.000000000e+00 1.242477445e-02 1.616185993e-01 0.000000000e+00
7.661723447e+04 4.441746503e+00 6.386705201e+00 0.000000000e+00 1.244745566e-02 1.594464807e-01 0.000000000e+00
7.683366733e+04 4.437316998e+00 6.391660255e+00 0.000000000e+00 1.247026147e-02 1.573034969e-01 0.000000000e+00
7.705010020e+04 4.432884157e+00 6.396595872e+00 0.000000000e+00 1.249319237e-02 1.551892600e-01 0.000000000e+00
7.726653307e+04 4.428448107e+00 6.401512232e+00 0.000000000e+00 1.251624885e-02 1.531033905e-01 0.000000000e+00
7.748296593e+04 4.424008976e+00 6.406409518e+00 0.000000000e+00 1.253943144e-02 1.510455116e-01 0.000000000e+00
7.769939880e+04 4.419566889e+00 6.411287906e+00 0.000000000e+00 1.256274064e-02 1.490152507e-01 0.000000000e+00
7.791583166e+04 4.415121970e+00 6.416147575e+00 0.000000000e+00 1.258617697e-02 1.470122407e-01 0.000000000e+00
7.813226453e+04 4.410674340e+00 6.420988699e+00 0.000000000e+00 1.260974098e-02 1.450361193e-01 0.000000000e+00
7.834869739e+04 4.406224121e+00 6.425811449e+00 0.000000000e+00 1.263343321e-02 1.430865294e-01 0.000000000e+00
7.856513026e+04 4.401771431e+00 6.430615995e+00 0.000000000e+00 1.265725420e-02 1.411631181e-01 0.000000000e+00
7.878156313e+04 4.397316388e+00 6.435402506e+00 0.000000000e+00 1.268120453e-02 1.392655374e-01 0.000000000e+00
7.899799599e+04 4.392859108e+00 6.440171147e+00 0.000000000e+00 1.270528475e-02 1.373934440e-01 0.000000000e+00
7.921442886e+04 4.388399706e+00 6.444922083e+00 0.000000000e+00 1.272949545e-02 1.355464972e-01 0.000000000e+00
7.943086172e+04 4.383938294e+00 6.449655476e+00 0.000000000e+00 1.275383722e-02 1.337243630e-01 0.000000000e+00
7.964729459e+04 4.379474985e+00 6.454371484e+00 0.000000000e+00 1.277831067e-02 1.319267108e-01 0.000000000e+00
7.986372745e+04 4.375009887e+00 6.459070268e+00 0.000000000e+00 1.280291638e-02 1.301532145e-01 0.000000000e+00
8.008016032e+04 4.370543111e+00 6.463751982e+00 0.000000000e+00 1.282765499e-02 1.284035520e-01 0.000000000e+00
8.029659319e+04 4.366074762e+00 6.468416781e+00 0.000000000e+00 1.285252712e-02 1.266774051e-01 0.000000000e+00
8.051302605e+04 4.361604948e+00 6.473064817e+00 0.000000000e+00 1.287753341e-02 1.249744602e-01 0.000000000e+00
8.072945892e+04 4.357133772e+00 6.477696242e+00 0.000000000e+00 1.290267451e-02 1.232944075e-01 0.000000000e+00
8.094589178e+04 4.352661337e+00 6.482311203e+00 0.000000000e+00 1.292795106e-02 1.216369411e-01 0.000000000e+00
8.116232465e+04 4.348187746e+00 6.486909849e+00 0.000000000e+00 1.295336373e-02 1.200017602e-01 0.000000000e+00
8.137875752e+04 4.343713099e+00 6.491492324e+00 0.000000000e+00 1.297891319e-02 1.183885665e-01 0.000000000e+00
8.159519038e+04 4.339237496e+00 6.496058773e+00 0.000000000e+00 1.300460012e-02 1.167970660e-01 0.000000000e+00
8.181162325e+04 4.334761034e+00 6.500609338e+00 0.000000000e+00 1.303042522e-02 1.152269687e-01 0.000000000e+00
8.202805611e+04 4.330283809e+00 6.505144159e+00 0.000000000e+00 1.305638919e-02 1.136779889e-01 0.000000000e+00
8.224448898e+04 4.325805918e+00 6.509663374e+00 0.000000000e+00 1.308249274e-02 1.121498440e-01 0.000000000e+00
8.246092184e+04 4.321327454e+00 6.514167122e+00 0.000000000e+00 1.310873658e-02 1.106422554e-01 0.000000000e+00
8.267735471e+04 4.316848510e+00 6.518655537e+00 0.000000000e+00 1.313512145e-02 1.091549479e-01 0.000000000e+00
8.289378758e+04 4.312369178e+00 6.523128752e+00 0.000000000e+00 1.316164810e-02 1.076876502e-01 0.000000000e+00
8.311022044e+04 4.307889546e+00 6.527586898e+00 0.000000000e+00 1.318831728e-02 1.062400945e-01 0.000000000e+00
8.332665331e+04 4.303409704e+00 6.532030105e+00 0.000000000e+00 1.321512976e-02 1.048120165e-01 0.000000000e+00
8.354308617e+04 4.298929739e+00 6.536458503e+00 0.000000000e+00 1.324208630e-02 1.034031554e-01 0.000000000e+00
8.375951904e+04 4.294449738e+00 6.540872217e+00 0.000000000e+00 1.326918771e-02 1.020132540e-01 0.000000000e+00
8.397595190e+04 4.289969787e+00 6.545271373e+00 0.000000000e+00 1.329643476e-02 1.006420581e-01 0.000000000e+00
8.419238477e+04 4.285489970e+00 6.549656098e+00 0.000000000e+00 1.332382827e-02 9.928931701e-02 0.000000000e+00
8.440881764e+04 4.281010369e+00 6.554026513e+00 0.000000000e+00 1.335136905e-02 9.795478354e-02 0.000000000e+00
8.462525050e+04 4.276531068e+00 6.558382739e+00 0.000000000e+00 1.337905793e-02 9.663821353e-02 0.000000000e+00
8.484168337e+04 4.272052145e+00 6.562724895e+00 0.000000000e+00 1.340689575e-02 9.533936611e-02 0.000000000e+00
8.505811623e+04 4.267573683e+00 6.567053101e+00 0.000000000e+00 1.343488336e-02 9.405800364e-02 0.000000000e+00
8.527454910e+04 4.263095759e+00 6.571367475e+00 0.000000000e+00 1.346302160e-02 9.279389167e-02 0.000000000e+00
8.549098196e+04 4.258618452e+00 6.575668132e+00 0.000000000e+00 1.349131135e-02 9.154679862e-02 0.000000000e+00
8.570741483e+04 4.254141839e+00 6.579955189e+00 0.000000000e+00 1.351975348e-02 9.031649606e-02 0.000000000e+00
8.592384770e+04 4.249665996e+00 6.584228758e+00 0.000000000e+00 1.354834888e-02 8.910275852e-02 0.000000000e+00
8.614028056e+04 4.245190996e+00 6.588488949e+00 0.000000000e+00 1.357709846e-02 8.790536373e-02 0.000000000e+00
8.635671343e+04 4.240716911e+00 6.592735871e+00 0.000000000e+00 1.360600315e-02 8.672409252e-02 0.000000000e+00
8.657314629e+04 4.236243814e+00 6.596969632e+00 0.000000000e+00 1.363506385e-02 8.555872809e-02 0.000000000e+00
8.678957916e+04 4.231771777e+00 6.601190340e+00 0.000000000e+00 1.366428151e-02 8.440905675e-02 0.000000000e+00
8.700601202e+04 4.227300868e+00 6.605398101e+00 0.000000000e+00 1.369365707e-02 8.327486759e-02 0.000000000e+00
8.722244489e+04 4.222831158e+00 6.609593020e+00 0.000000000e+00 1.372319151e-02 8.215595268e-02 0.000000000e+00
8.743887776e+04 4.218362714e+00 6.613775200e+00 0.000000000e+00 1.375288579e-02 8.105210700e-02 0.000000000e+00
8.765531062e+04 4.213895602e+00 6.617944742e+00 0.000000000e+00 1.378274089e-02 7.996312783e-02 0.000000000e+00
8.787174349e+04 4.209429890e+00 6.622101748e+00 0.000000000e+00 1.381275783e-02 7.888881529e-02 0.000000000e+00
8.808817635e+04 4.204965640e+00 6.626246315e+00 0.000000000e+00 1.384293761e-02 7.782897216e-02 0.000000000e+00
8.830460922e+04 4.200502919e+00 6.630378543e+00 0.000000000e+00 1.387328125e-02 7.678340390e-02 0.000000000e+00
8.852104208e+04 4.196041792e+00 6.634498536e+00 0.000000000e+00 1.390378979e-02 7.575191867e-02 0.000000000e+00
8.873747495e+04 4.191582323e+00 6.638606389e+00 0.000000000e+00 1.393446427e-02 7.473432698e-02 0.000000000e+00
8.895390782e+04 4.187124574e+00 6.642702201e+00 0.000000000e+00 1.396530576e-02 7.373044195e-02 0.000000000e+00
8.917034068e+04 4.182668608e+00 6.646786066e+00 0.000000000e+00 1.399631533e-02 7.274007918e-02 0.000000000e+00
8.938677355e+04 4.178214485e+00 6.650858079e+00 0.000000000e+00 1.402749408e-02 7.176305678e-02 0.000000000e+00
8.960320641e+04 4.173762266e+00 6.654918334e+00 0.000000000e+00 1.405884310e-02 7.079919520e-02 0.000000000e+00
8.981963928e+04 4.169312013e+00 6.658966926e+00 0.000000000e+00 1.409036352e-02 6.984831733e-02 0.000000000e+00
9.003607214e+04 4.164863779e+00 6.663003938e+00 0.000000000e+00 1.412205646e-02 6.891024838e-02 0.000000000e+00
9.025250501e+04 4.160417580e+00 6.667029396e+00 0.000000000e+00 1.415392304e-02 6.798481585e-02 0.000000000e+00
9.046893788e+04 4.155973524e+00 6.671043477e+00 0.000000000e+00 1.418596438e-02 6.707184702e-02 0.000000000e+00
9.068537074e+04 4.151531648e+00 6.675046234e+00 0.000000000e+00 1.421818166e-02 6.617118019e-02 0.000000000e+00
9.090180361e+04 4.147092009e+00 6.679037756e+00 0.000000000e+00 1.425057609e-02 6.528264663e-02 0.000000000e+00
9.111823647e+04 4.142654658e+00 6.683018127e+00 0.000000000e+00 1.428314887e-02 6.440608251e-02 0.000000000e+00
9.133466934e+04 4.138219649e+00 6.686987431e+00 0.000000000e+00 1.431590119e-02 6.354132668e-02 0.000000000e+00
9.155110220e+04 4.133787033e+00 6.690945752e+00 0.000000000e+00 1.434883428e-02 6.268822008e-02 0.000000000e+00
9.176753507e+04 4.129356861e+00 6.694893169e+00 0.000000000e+00 1.438194938e-02 6.184660591e-02 0.000000000e+00
9.198396794e+04 4.124929183e+00 6.698829766e+00 0.000000000e+00 1.441524774e-02 6.101632932e-02 0.000000000e+00
9.220040080e+04 4.120504049e+00 6.702755620e+00 0.000000000e+00 1.444873065e-02 6.019723970e-02 0.000000000e+00
9.241683367e+04 4.116081507e+00 6.706670811e+00 0.000000000e+00 1.448239937e-02 5.938918593e-02 0.000000000e+00
9.263326653e+04 4.111661606e+00 6.710575418e+00 0.000000000e+00 1.451625520e-02 5.859201627e-02 0.000000000e+00
9.284969940e+04 4.107244393e+00 6.714469519e+00 0.000000000e+00 1.455029942e-02 5.780558293e-02 0.000000000e+00
9.306613226e+04 4.102829916e+00 6.718353190e+00 0.000000000e+00 1.458453339e-02 5.702974157e-02 0.000000000e+00
9.328256513e+04 4.098418220e+00 6.722226507e+00 0.000000000e+00 1.461895846e-02 5.626434973e-02 0.000000000e+00
9.349899800e+04 4.094009349e+00 6.726089543e+00 0.000000000e+00 1.465357598e-02 5.550926723e-02 0.000000000e+00
9.371543086e+04 4.089603348e+00 6.729942373e+00 0.000000000e+00 1.468838735e-02 5.476435659e-02 0.000000000e+00
9.393186373e+04 4.085200262e+00 6.733785070e+00 0.000000000e+00 1.472339393e-02 5.402947703e-02 0.000000000e+00
9.414829659e+04 4.080800133e+00 6.737617706e+00 0.000000000e+00 1.475859715e-02 5.330449523e-02 0.000000000e+00
9.436472946e+04 4.076403003e+00 6.741440351e+00 0.000000000e+00 1.479399844e-02 5.258927958e-02 0.000000000e+00
9.458116232e+04 4.072008913e+00 6.745253074e+00 0.000000000e+00 1.482959925e-02 5.188370008e-02 0.000000000e+00
9.479759519e+04 4.067617906e+00 6.749055948e+00 0.000000000e+00 1.486540102e-02 5.118762167e-02 0.000000000e+00
9.501402806e+04 4.063230021e+00 6.752849040e+00 0.000000000e+00 1.490140523e-02 5.050091921e-02 0.000000000e+00
9.523046092e+04 4.058845299e+00 6.756632418e+00 0.000000000e+00 1.493761337e-02 4.982346699e-02 0.000000000e+00
9.544689379e+04 4.054463777e+00 6.760406149e+00 0.000000000e+00 1.497402696e-02 4.915514077e-02 0.000000000e+00
9.566332665e+04 4.050085497e+00 6.764170300e+00 0.000000000e+00 1.501064752e-02 4.849581473e-02 0.000000000e+00
9.587975952e+04 4.045710494e+00 6.767924937e+00 0.000000000e+00 1.504747661e-02 4.784536897e-02 0.000000000e+00
9.609619238e+04 4.041338807e+00 6.771670125e+00 0.000000000e+00 1.508451578e-02 4.720368380e-02 0.000000000e+00
9.631262525e+04 4.036970473e+00 6.775405928e+00 0.000000000e+00 1.512176661e-02 4.657064103e-02 0.000000000e+00
9.652905812e+04 4.032605527e+00 6.779132410e+00 0.000000000e+00 1.515923073e-02 4.594612307e-02 0.000000000e+00
9.674549098e+04 4.028244006e+00 6.782849634e+00 0.000000000e+00 1.519690974e-02 4.533001541e-02 0.000000000e+00
9.696192385e+04 4.023885945e+00 6.786557662e+00 0.000000000e+00 1.523480529e-02 4.472220464e-02 0.000000000e+00
9.717835671e+04 4.019531377e+00 6.790256555e+00 0.000000000e+00 1.527291904e-02 4.412257871e-02 0.000000000e+00
9.739478958e+04 4.015180339e+00 6.793946376e+00 0.000000000e+00 1.531125267e-02 4.353102660e-02 0.000000000e+00
9.761122244e+04 4.010832861e+00 6.797627183e+00 0.000000000e+00 1.534980789e-02 4.294743981e-02 0.000000000e+00
9.782765531e+04 4.006488978e+00 6.801299035e+00 0.000000000e+00 1.538858640e-02 4.237171104e-02 0.000000000e+00
9.804408818e+04 4.002148722e+00 6.804961993e+00 0.000000000e+00 1.542758996e-02 4.180373411e-02 0.000000000e+00
9.826052104e+04 3.997812125e+00 6.808616115e+00 0.000000000e+00 1.546682032e-02 4.124340365e-02 0.000000000e+00
9.847695391e+04 3.993479218e+00 6.812261457e+00 0.000000000e+00 1.550627927e-02 4.069061725e-02 0.000000000e+00
9.869338677e+04 3.989150032e+00 6.815898077e+00 0.000000000e+00 1.554596860e-02 4.014527333e-02 0.000000000e+00
9.890981964e+04 3.984824597e+00 6.819526031e+00 0.000000000e+00 1.558589014e-02 3.960727105e-02 0.000000000e+00
9.912625251e+04 3.980502942e+00 6.823145374e+00 0.000000000e+00 1.562604575e-02 3.907651096e-02 0.000000000e+00
9.934268537e+04 3.976185098e+00 6.826756163e+00 0.000000000e+00 1.566643728e-02 3.855289582e-02 0.000000000e+00
9.955911824e+04 3.971871093e+00 6.830358451e+00 0.000000000e+00 1.570706663e-02 3.803632934e-02 0.000000000e+00
9.977555110e+04 3.967560955e+00 6.833952292e+00 0.000000000e+00 1.574793570e-02 3.752671653e-02 0.000000000e+00
9.999198397e+04 3.963254712e+00 6.837537740e+00 0.000000000e+00 1.578904644e-02 3.702396323e-02 0.000000000e+00
1.002084168e+05 3.958952391e+00 6.841114848e+00 0.000000000e+00 1.583040080e-02 3.652797697e-02 0.000000000e+00
1.004248497e+05 3.954654020e+00 6.844683667e+00 0.000000000e+00 1.587200078e-02 3.603866635e-02 0.000000000e+00
1.006412826e+05 3.950359625e+00 6.848244250e+00 0.000000000e+00 1.591384837e-02 3.555594105e-02 0.000000000e+00
1.008577154e+05 3.946069232e+00 6.851796648e+00 0.000000000e+00 1.595594561e-02 3.507971227e-02 0.000000000e+00
1.010741483e+05 3.941782866e+00 6.855340910e+00 0.000000000e+00 1.599829455e-02 3.460989279e-02 0.000000000e+00
1.012905812e+05 3.937500553e+00 6.858877088e+00 0.000000000e+00 1.604089727e-02 3.414639557e-02 0.000000000e+00
1.015070140e+05 3.933222318e+00 6.862405231e+00 0.000000000e+00 1.608375588e-02 3.368913507e-02 0.000000000e+00
1.017234469e+05 3.928948184e+00 6.865925388e+00 0.000000000e+00 1.612687252e-02 3.323802683e-02 0.000000000e+00
1.019398798e+05 3.924678175e+00 6.869437608e+00 0.000000000e+00 1.617024932e-02 3.279298840e-02 0.000000000e+00
1.021563126e+05 3.920412316e+00 6.872941938e+00 0.000000000e+00 1.621388849e-02 3.235393771e-02 0.000000000e+00
1.023727455e+05 3.916150628e+00 6.876438426e+00 0.000000000e+00 1.625779221e-02 3.192079371e-02 0.000000000e+00
1.025891784e+05 3.911893136e+00 6.879927120e+00 0.000000000e+00 1.630196273e-02 3.149347657e-02 0.000000000e+00
1.028056112e+05 3.907639860e+00 6.883408066e+00 0.000000000e+00 1.634640231e-02 3.107190762e-02 0.000000000e+00
1.030220441e+05 3.903390823e+00 6.886881309e+00 0.000000000e+00 1.639111325e-02 3.065600948e-02 0.000000000e+00
1.032384770e+05 3.899146047e+00 6.890346896e+00 0.000000000e+00 1.643609785e-02 3.024570551e-02 0.000000000e+00
1.034549098e+05 3.894905551e+00 6.893804872e+00 0.000000000e+00 1.648135848e-02 2.984092022e-02 0.000000000e+00
1.036713427e+05 3.890669357e+00 6.897255281e+00 0.000000000e+00 1.652689749e-02 2.944157918e-02 0.000000000e+00
1.038877756e+05 3.886437486e+00 6.900698167e+00 0.000000000e+00 1.657271730e-02 2.904760884e-02 0.000000000e+00
1.041042084e+05 3.882209957e+00 6.904133576e+00 0.000000000e+00 1.661882034e-02 2.865893668e-02 0.000000000e+00
1.043206413e+05 3.877986789e+00 6.907561550e+00 0.000000000e+00 1.666520908e-02 2.827549128e-02 0.000000000e+00
1.045370741e+05 3.873768003e+00 6.910982131e+00 0.000000000e+00 1.671188602e-02 2.789720212e-02 0.000000000e+00
1.047535070e+05 3.869553617e+00 6.914395364e+00 0.000000000e+00 1.675885366e-02 2.752399962e-02 0.000000000e+00
1.049699399e+05 3.865343649e+00 6.917801289e+00 0.000000000e+00 1.680611459e-02 2.715581503e-02 0.000000000e+00
1.051863727e+05 3.861138117e+00 6.921199948e+00 0.000000000e+00 1.685367139e-02 2.679258070e-02 0.000000000e+00
1.054028056e+05 3.856937040e+00 6.924591383e+00 0.000000000e+00 1.690152667e-02 2.643422979e-02 0.000000000e+00
1.056192385e+05 3.852740435e+00 6.927975635e+00 0.000000000e+00 1.694968309e-02 2.608069638e-02 0.000000000e+00
1.058356713e+05 3.848548319e+00 6.931352744e+00 0.000000000e+00 1.699814335e-02 2.573191540e-02 0.000000000e+00
1.060521042e+05 3.844360709e+00 6.934722750e+00 0.000000000e+00 1.704691015e-02 2.538782267e-02 0.000000000e+00
1.062685371e+05 3.840177621e+00 6.938085693e+00 0.000000000e+00 1.709598626e-02 2.504835518e-02 0.000000000e+00
1.064849699e+05 3.835999072e+00 6.941441613e+00 0.000000000e+00 1.714537446e-02 2.471345040e-02 0.000000000e+00
1.067014028e+05 3.831825078e+00 6.944790549e+00 0.000000000e+00 1.719507758e-02 2.438304665e-02 0.000000000e+00
1.069178357e+05 3.827655654e+00 6.948132539e+00 0.000000000e+00 1.724509847e-02 2.405708315e-02 0.000000000e+00
1.071342685e+05 3.823490816e+00 6.951467622e+00 0.000000000e+00 1.729544003e-02 2.373549989e-02 0.000000000e+00
1.073507014e+05 3.819330579e+00 6.954795837e+00 0.000000000e+00 1.734610518e-02 2.341823768e-02 0.000000000e+00
1.075671343e+05 3.815174958e+00 6.958117219e+00 0.000000000e+00 1.739709692e-02 2.310523850e-02 0.000000000e+00
1.077835671e+05 3.811023966e+00 6.961431807e+00 0.000000000e+00 1.744841825e-02 2.279644487e-02 0.000000000e+00
1.080000000e+05 3.806877618e+00 6.964739637e+00 0.000000000e+00 1.750007221e-02 2.249179984e-02 0.000000000e+00
