time            Cj              Br              Ak             
0.000000000e+00 1.000000000e+00 4.000000000e+00 7.000000000e+00
1.442885772e+01 4.202365697e-01 1.751165357e+00 3.020508919e+00
2.885771543e+01 3.971403833e-01 1.729229182e+00 2.871548661e+00
4.328657315e+01 3.910979004e-01 1.773094961e+00 2.819889577e+00
5.771543086e+01 3.869781781e-01 1.823226668e+00 2.774942551e+00
7.214428858e+01 3.834222952e-01 1.874388953e+00 2.729682392e+00
8.657314629e+01 3.803066361e-01 1.926084016e+00 2.683635405e+00
1.010020040e+02 3.776161699e-01 1.978215811e+00 2.636840500e+00
1.154308617e+02 3.753454526e-01 2.030718656e+00 2.589376861e+00
1.298597194e+02 3.734903450e-01 2.083526496e+00 2.541326870e+00
1.442885772e+02 3.720474159e-01 2.136570737e+00 2.492773041e+00
1.587174349e+02 3.710139133e-01 2.189780318e+00 2.443797584e+00
1.731462926e+02 3.703877855e-01 2.243081935e+00 2.394482170e+00
1.875751503e+02 3.701677115e-01 2.296400296e+00 2.344907679e+00
2.020040080e+02 3.703530633e-01 2.349658566e+00 2.295153972e+00
2.164328657e+02 3.709439265e-01 2.402778603e+00 2.245299628e+00
2.308617234e+02 3.719411084e-01 2.455681298e+00 2.195421691e+00
2.452905812e+02 3.733461354e-01 2.508286932e+00 2.145595416e+00
2.597194389e+02 3.751612548e-01 2.560515479e+00 2.095894058e+00
2.741482966e+02 3.773894356e-01 2.612286969e+00 2.046388604e+00
2.885771543e+02 3.800343707e-01 2.663521822e+00 1.997147557e+00
3.030060120e+02 3.831004762e-01 2.714141118e+00 1.948236764e+00
3.174348697e+02 3.865928916e-01 2.764066893e+00 1.899719237e+00
3.318637275e+02 3.905174791e-01 2.813222437e+00 1.851654979e+00
3.462925852e+02 3.948808216e-01 2.861532554e+00 1.804100850e+00
3.607214429e+02 3.996902219e-01 2.908923809e+00 1.757110440e+00
3.751503006e+02 4.049536994e-01 2.955324741e+00 1.710733983e+00
3.895791583e+02 4.106799869e-01 3.000666047e+00 1.665018301e+00
4.040080160e+02 4.168785258e-01 3.044880756e+00 1.620006749e+00
4.184368737e+02 4.235594607e-01 3.087904380e+00 1.575739196e+00
4.328657315e+02 4.307336328e-01 3.129675042e+00 1.532252013e+00
4.472945892e+02 4.384125708e-01 3.170133571e+00 1.489578106e+00
4.617234469e+02 4.466084817e-01 3.209223576e+00 1.447746952e+00
4.761523046e+02 4.553342382e-01 3.246891507e+00 1.406784658e+00
4.905811623e+02 4.646033653e-01 3.283086687e+00 1.366714029e+00
5.050100200e+02 4.744300241e-01 3.317761329e+00 1.327554668e+00
5.194388778e+02 4.848289920e-01 3.350870534e+00 1.289323078e+00
5.338677355e+02 4.958156414e-01 3.382372274e+00 1.252032775e+00
5.482965932e+02 5.074059144e-01 3.412227361e+00 1.215694415e+00
5.627254509e+02 5.196162957e-01 3.440399411e+00 1.180315925e+00
5.771543086e+02 5.324637783e-01 3.466854787e+00 1.145902652e+00
5.915831663e+02 5.459658282e-01 3.491562539e+00 1.112457502e+00
6.060120240e+02 5.601403431e-01 3.514494344e+00 1.079981092e+00
6.204408818e+02 5.750056074e-01 3.535624438e+00 1.048471904e+00
6.348697395e+02 5.905802417e-01 3.554929546e+00 1.017926435e+00
6.492985972e+02 6.068831452e-01 3.572388812e+00 9.883393536e-01
6.637274549e+02 6.239334350e-01 3.587983735e+00 9.597036474e-01
6.781563126e+02 6.417503766e-01 3.601698106e+00 9.320107759e-01
6.925851703e+02 6.603533121e-01 3.613517949e+00 9.052508162e-01
7.070140281e+02 6.797615769e-01 3.623431470e+00 8.794126054e-01
7.214428858e+02 6.999944129e-01 3.631429014e+00 8.544838775e-01
7.358717435e+02 7.210708726e-01 3.637503029e+00 8.304513982e-01
7.503006012e+02 7.430097168e-01 3.641648045e+00 8.073010918e-01
7.647294589e+02 7.658293082e-01 3.643860649e+00 7.850181663e-01
7.791583166e+02 7.895474909e-01 3.644139487e+00 7.635872265e-01
7.935871743e+02 8.141814683e-01 3.642485267e+00 7.429923859e-01
8.080160321e+02 8.397476716e-01 3.638900771e+00 7.232173705e-01
8.224448898e+02 8.662616239e-01 3.633390882e+00 7.042456184e-01
8.368737475e+02 8.937377952e-01 3.625962618e+00 6.860603711e-01
8.513026052e+02 9.221894515e-01 3.616625176e+00 6.686447587e-01
8.657314629e+02 9.516285007e-01 3.605389983e+00 6.519818810e-01
8.801603206e+02 9.820653312e-01 3.592270753e+00 6.360548799e-01
8.945891784e+02 1.013508654e+00 3.577283552e+00 6.208470150e-01
9.090180361e+02 1.045965333e+00 3.560446863e+00 6.063417202e-01
9.234468938e+02 1.079440213e+00 3.541781663e+00 5.925226634e-01
9.378757515e+02 1.113935961e+00 3.521311487e+00 5.793738045e-01
9.523046092e+02 1.149452894e+00 3.499062507e+00 5.668794400e-01
9.667334669e+02 1.185988814e+00 3.475063593e+00 5.550242473e-01
9.811623246e+02 1.223538856e+00 3.449346378e+00 5.437933287e-01
9.955911824e+02 1.262095329e+00 3.421945320e+00 5.331722487e-01
1.010020040e+03 1.301647560e+00 3.392897737e+00 5.231470633e-01
1.024448898e+03 1.342181795e+00 3.362243854e+00 5.137043533e-01
1.038877756e+03 1.383681033e+00 3.330026825e+00 5.048312525e-01
1.053306613e+03 1.426124922e+00 3.296292724e+00 4.965154664e-01
1.067735471e+03 1.469489719e+00 3.261090578e+00 4.887453018e-01
1.082164329e+03 1.513748123e+00 3.224472300e+00 4.815096813e-01
1.096593186e+03 1.558869249e+00 3.186492631e+00 4.747981566e-01
1.111022044e+03 1.604818653e+00 3.147209141e+00 4.686009360e-01
1.125450902e+03 1.651558254e+00 3.106682084e+00 4.629088892e-01
1.139879760e+03 1.699046318e+00 3.064974284e+00 4.577135596e-01
1.154308617e+03 1.747237507e+00 3.022151017e+00 4.530071769e-01
1.168737475e+03 1.796082979e+00 2.978279901e+00 4.487826707e-01
1.183166333e+03 1.845530434e+00 2.933430688e+00 4.450336753e-01
1.197595190e+03 1.895524141e+00 2.887674978e+00 4.417545293e-01
1.212024048e+03 1.946005204e+00 2.841086155e+00 4.389402992e-01
1.226452906e+03 1.996911615e+00 2.793739061e+00 4.365867725e-01
1.240881764e+03 2.048178446e+00 2.745709763e+00 4.346904666e-01
1.255310621e+03 2.099738060e+00 2.697075298e+00 4.332486352e-01
1.269739479e+03 2.151520313e+00 2.647913387e+00 4.322592695e-01
1.284168337e+03 2.203452812e+00 2.598302171e+00 4.317211062e-01
1.298597194e+03 2.255461098e+00 2.548319865e+00 4.316336215e-01
1.313026052e+03 2.307469013e+00 2.498044554e+00 4.319970478e-01
1.327454910e+03 2.359398861e+00 2.447553787e+00 4.328123609e-01
1.341883768e+03 2.411171800e+00 2.396924381e+00 4.340812954e-01
1.356312625e+03 2.462708067e+00 2.346232064e+00 4.358063468e-01
1.370741483e+03 2.513927297e+00 2.295551252e+00 4.379907464e-01
1.385170341e+03 2.564748787e+00 2.244954773e+00 4.406384693e-01
1.399599198e+03 2.615091828e+00 2.194513594e+00 4.437542538e-01
1.414028056e+03 2.664875958e+00 2.144296494e+00 4.473436280e-01
1.428456914e+03 2.714021280e+00 2.094369984e+00 4.514128400e-01
1.442885772e+03 2.762448700e+00 2.044798051e+00 4.559688811e-01
1.457314629e+03 2.810080279e+00 1.995642015e+00 4.610194895e-01
1.471743487e+03 2.856839256e+00 1.946960222e+00 4.665731488e-01
1.486172345e+03 2.902650537e+00 1.898808086e+00 4.726390679e-01
1.500601202e+03 2.947440752e+00 1.851237871e+00 4.792271810e-01
1.515030060e+03 2.991138481e+00 1.804298625e+00 4.863481370e-01
1.529458918e+03 3.033674456e+00 1.758036119e+00 4.940132855e-01
1.543887776e+03 3.074981694e+00 1.712492787e+00 5.022346652e-01
1.558316633e+03 3.114995645e+00 1.667707713e+00 5.110249860e-01
1.572745491e+03 3.153654298e+00 1.623716617e+00 5.203976106e-01
1.587174349e+03 3.190898287e+00 1.580551890e+00 5.303665343e-01
1.601603206e+03 3.226670971e+00 1.538242614e+00 5.409463600e-01
1.616032064e+03 3.260918501e+00 1.496814625e+00 5.521522689e-01
1.630460922e+03 3.293589864e+00 1.456290579e+00 5.639999890e-01
1.644889780e+03 3.324636915e+00 1.416690037e+00 5.765057616e-01
1.659318637e+03 3.354014397e+00 1.378029567e+00 5.896862957e-01
1.673747495e+03 3.381679952e+00 1.340322862e+00 6.035587229e-01
1.688176353e+03 3.407594107e+00 1.303580845e+00 6.181405506e-01
1.702605210e+03 3.431720271e+00 1.267811797e+00 6.334496101e-01
1.717034068e+03 3.454024717e+00 1.233021492e+00 6.495039933e-01
1.731462926e+03 3.474476565e+00 1.199213341e+00 6.663219849e-01
1.745891784e+03 3.493047753e+00 1.166388534e+00 6.839219897e-01
1.760320641e+03 3.509713013e+00 1.134546181e+00 7.023224559e-01
1.774749499e+03 3.524449841e+00 1.103683468e+00 7.215417878e-01
1.789178357e+03 3.537238464e+00 1.073795783e+00 7.415982514e-01
1.803607214e+03 3.548061852e+00 1.044876898e+00 7.625098827e-01
1.818036072e+03 3.556905660e+00 1.016919073e+00 7.842943741e-01
1.832464930e+03 3.563758216e+00 9.899131973e-01 8.069689578e-01
1.846893788e+03 3.568610574e+00 9.638489830e-01 8.305503031e-01
1.861322645e+03 3.571456469e+00 9.387150562e-01 8.550543775e-01
1.875751503e+03 3.572292307e+00 9.144990697e-01 8.804963091e-01
1.890180361e+03 3.571117188e+00 8.911878397e-01 9.068902512e-01
1.904609218e+03 3.567932965e+00 8.687674982e-01 9.342492451e-01
1.919038076e+03 3.562744256e+00 8.472235882e-01 9.625850652e-01
1.933466934e+03 3.555558439e+00 8.265411458e-01 9.919080568e-01
1.947895792e+03 3.546385723e+00 8.067048277e-01 1.022226985e+00
1.962324649e+03 3.535239191e+00 7.876990080e-01 1.053548872e+00
1.976753507e+03 3.522134843e+00 7.695078674e-01 1.085878833e+00
1.991182365e+03 3.507091635e+00 7.521154701e-01 1.119219914e+00
2.005611222e+03 3.490131532e+00 7.355058513e-01 1.153572925e+00
2.020040080e+03 3.471279557e+00 7.196630900e-01 1.188936282e+00
2.034468938e+03 3.450563834e+00 7.045713780e-01 1.225305849e+00
2.048897796e+03 3.428015620e+00 6.902150816e-01 1.262674789e+00
2.063326653e+03 3.403669343e+00 6.765788011e-01 1.301033412e+00
2.077755511e+03 3.377562623e+00 6.636474271e-01 1.340369046e+00
2.092184369e+03 3.349736281e+00 6.514061871e-01 1.380665910e+00
2.106613226e+03 3.320234340e+00 6.398406915e-01 1.421904999e+00
2.121042084e+03 3.289104009e+00 6.289369746e-01 1.464063990e+00
2.135470942e+03 3.256395650e+00 6.186815321e-01 1.507117159e+00
2.149899800e+03 3.222162735e+00 6.090613554e-01 1.551035313e+00
2.164328657e+03 3.186461769e+00 6.000639603e-01 1.595785752e+00
2.178757515e+03 3.149352206e+00 5.916774147e-01 1.641332245e+00
2.193186373e+03 3.110896337e+00 5.838903630e-01 1.687635029e+00
2.207615230e+03 3.071159169e+00 5.766920483e-01 1.734650826e+00
2.222044088e+03 3.030208264e+00 5.700723299e-01 1.782332898e+00
2.236472946e+03 2.988113566e+00 5.640217004e-01 1.830631117e+00
2.250901804e+03 2.944947214e+00 5.585313002e-01 1.879492062e+00
2.265330661e+03 2.900783323e+00 5.535929304e-01 1.928859140e+00
2.279759519e+03 2.855697759e+00 5.491990630e-01 1.978672727e+00
2.294188377e+03 2.809767880e+00 5.453428499e-01 2.028870343e+00
2.308617234e+03 2.763072280e+00 5.420181306e-01 2.079386851e+00
2.323046092e+03 2.715690505e+00 5.392194376e-01 2.130154666e+00
2.337474950e+03 2.667702777e+00 5.369420020e-01 2.181103980e+00
2.351903808e+03 2.619189689e+00 5.351817558e-01 2.232163022e+00
2.366332665e+03 2.570231903e+00 5.339353345e-01 2.283258319e+00
2.380761523e+03 2.520909856e+00 5.332000784e-01 2.334314978e+00
2.395190381e+03 2.471303448e+00 5.329740332e-01 2.385256970e+00
2.409619238e+03 2.421491749e+00 5.332559486e-01 2.436007425e+00
2.424048096e+03 2.371552703e+00 5.340452767e-01 2.486488933e+00
2.438476954e+03 2.321562846e+00 5.353421691e-01 2.536623844e+00
2.452905812e+03 2.271597044e+00 5.371474730e-01 2.586334563e+00
2.467334669e+03 2.221728209e+00 5.394627283e-01 2.635543846e+00
2.481763527e+03 2.172027082e+00 5.422901599e-01 2.684175079e+00
2.496192385e+03 2.122562011e+00 5.456326727e-01 2.732152568e+00
2.510621242e+03 2.073398720e+00 5.494938445e-01 2.779401810e+00
2.525050100e+03 2.024600159e+00 5.538779147e-01 2.825849690e+00
2.539478958e+03 1.976226319e+00 5.587897788e-01 2.871424798e+00
2.553907816e+03 1.928334147e+00 5.642349749e-01 2.916057613e+00
2.568336673e+03 1.880977372e+00 5.702196713e-01 2.959680641e+00
2.582765531e+03 1.834206441e+00 5.767506536e-01 3.002228625e+00
2.597194389e+03 1.788068473e+00 5.838353109e-01 3.043638754e+00
2.611623246e+03 1.742607185e+00 5.914816189e-01 3.083850759e+00
2.626052104e+03 1.697862875e+00 5.996981209e-01 3.122807037e+00
2.640480962e+03 1.653872424e+00 6.084939071e-01 3.160452705e+00
2.654909820e+03 1.610669359e+00 6.178785944e-01 3.196735745e+00
2.669338677e+03 1.568283836e+00 6.278623013e-01 3.231607010e+00
2.683767535e+03 1.526742723e+00 6.384556213e-01 3.265020281e+00
2.698196393e+03 1.486069666e+00 6.496695947e-01 3.296932290e+00
2.712625251e+03 1.446285182e+00 6.615156764e-01 3.327302720e+00
2.727054108e+03 1.407406759e+00 6.740057016e-01 3.356094199e+00
2.741482966e+03 1.369448961e+00 6.871518491e-01 3.383272281e+00
2.755911824e+03 1.332423556e+00 7.009666001e-01 3.408805416e+00
2.770340681e+03 1.296339637e+00 7.154626964e-01 3.432664917e+00
2.784769539e+03 1.261203759e+00 7.306530926e-01 3.454824902e+00
2.799198397e+03 1.227020084e+00 7.465509047e-01 3.475262249e+00
2.813627255e+03 1.193790513e+00 7.631693557e-01 3.493956525e+00
2.828056112e+03 1.161514840e+00 7.805217203e-01 3.510889949e+00
2.842484970e+03 1.130190905e+00 7.986212602e-01 3.526047322e+00
2.856913828e+03 1.099814704e+00 8.174811578e-01 3.539415937e+00
2.871342685e+03 1.070380596e+00 8.371144482e-01 3.550985589e+00
2.885771543e+03 1.041881391e+00 8.575339459e-01 3.560748452e+00
2.900200401e+03 1.014308461e+00 8.787521617e-01 3.568698995e+00
2.914629259e+03 9.876520524e-01 9.007812299e-01 3.574834127e+00
2.929058116e+03 9.619011404e-01 9.236328082e-01 3.579152846e+00
2.943486974e+03 9.370437959e-01 9.473180002e-01 3.581656468e+00
2.957915832e+03 9.130671822e-01 9.718472569e-01 3.582348442e+00
2.972344689e+03 8.899577141e-01 9.972302811e-01 3.581234374e+00
2.986773547e+03 8.677011872e-01 1.023475928e+00 3.578322023e+00
3.001202405e+03 8.462828091e-01 1.050592099e+00 3.573621196e+00
3.015631263e+03 8.256874084e-01 1.078585644e+00 3.567143856e+00
3.030060120e+03 8.058994215e-01 1.107462245e+00 3.558904000e+00
3.044488978e+03 7.869030703e-01 1.137226318e+00 3.548917746e+00
3.058917836e+03 7.686823806e-01 1.167880903e+00 3.537203272e+00
3.073346693e+03 7.512212986e-01 1.199427550e+00 3.523780847e+00
3.087775551e+03 7.345037447e-01 1.231866216e+00 3.508672830e+00
3.102204409e+03 7.185136878e-01 1.265195163e+00 3.491903675e+00
3.116633267e+03 7.032352004e-01 1.299410848e+00 3.473499933e+00
3.131062124e+03 6.886525284e-01 1.334507823e+00 3.453490269e+00
3.145490982e+03 6.747501222e-01 1.370478643e+00 3.431905445e+00
3.159919840e+03 6.615127098e-01 1.407313772e+00 3.408778345e+00
3.174348697e+03 6.489253191e-01 1.445001498e+00 3.384143945e+00
3.188777555e+03 6.369733246e-01 1.483527868e+00 3.358039325e+00
3.203206413e+03 6.256424806e-01 1.522876602e+00 3.330503635e+00
3.217635271e+03 6.149189593e-01 1.563029045e+00 3.301578083e+00
3.232064128e+03 6.047893710e-01 1.603964106e+00 3.271305895e+00
3.246492986e+03 5.952408007e-01 1.645658225e+00 3.239732282e+00
3.260921844e+03 5.862608090e-01 1.688085350e+00 3.206904374e+00
3.275350701e+03 5.778374865e-01 1.731216922e+00 3.172871196e+00
3.289779559e+03 5.699594381e-01 1.775021850e+00 3.137683542e+00
3.304208417e+03 5.626158091e-01 1.819466535e+00 3.101393919e+00
3.318637275e+03 5.557963078e-01 1.864514914e+00 3.064056464e+00
3.333066132e+03 5.494912092e-01 1.910128491e+00 3.025726832e+00
3.347494990e+03 5.436913589e-01 1.956266362e+00 2.986462054e+00
3.361923848e+03 5.383881973e-01 2.002885292e+00 2.946320436e+00
3.376352705e+03 5.335737511e-01 2.049939825e+00 2.905361414e+00
3.390781563e+03 5.292406414e-01 2.097382370e+00 2.863645406e+00
3.405210421e+03 5.253820900e-01 2.145163257e+00 2.821233648e+00
3.419639279e+03 5.219919271e-01 2.193230968e+00 2.778188065e+00
3.434068136e+03 5.190645856e-01 2.241532136e+00 2.734571017e+00
3.448496994e+03 5.165951070e-01 2.290011787e+00 2.690445202e+00
3.462925852e+03 5.145791405e-01 2.338613474e+00 2.645873456e+00
3.477354709e+03 5.130129431e-01 2.387279424e+00 2.600918555e+00
3.491783567e+03 5.118933789e-01 2.435950707e+00 2.555643045e+00
3.506212425e+03 5.112179179e-01 2.484567427e+00 2.510109049e+00
3.520641283e+03 5.109846339e-01 2.533068896e+00 2.464378094e+00
3.535070140e+03 5.111922020e-01 2.581393809e+00 2.418510933e+00
3.549498998e+03 5.118398960e-01 2.629480481e+00 2.372567337e+00
3.563927856e+03 5.129275849e-01 2.677267003e+00 2.326605937e+00
3.578356713e+03 5.144557290e-01 2.724691434e+00 2.280684081e+00
3.592785571e+03 5.164253764e-01 2.771691959e+00 2.234857693e+00
3.607214429e+03 5.188381579e-01 2.818207085e+00 2.189181105e+00
3.621643287e+03 5.216962813e-01 2.864175884e+00 2.143706942e+00
3.636072144e+03 5.250025265e-01 2.909537987e+00 2.098485909e+00
3.650501002e+03 5.287602386e-01 2.954234102e+00 2.053566879e+00
3.664929860e+03 5.329733230e-01 2.998205686e+00 2.008996537e+00
3.679358717e+03 5.376462400e-01 3.041395494e+00 1.964819480e+00
3.693787575e+03 5.427839840e-01 3.083747516e+00 1.921078115e+00
3.708216433e+03 5.483920762e-01 3.125207120e+00 1.877812602e+00
3.722645291e+03 5.544765732e-01 3.165721220e+00 1.835060738e+00
3.737074148e+03 5.610440580e-01 3.205238416e+00 1.792857907e+00
3.751503006e+03 5.681016004e-01 3.243708984e+00 1.751237183e+00
3.765931864e+03 5.756567563e-01 3.281084985e+00 1.710229274e+00
3.780360721e+03 5.837175622e-01 3.317320334e+00 1.669862485e+00
3.794789579e+03 5.922925135e-01 3.352370912e+00 1.630162765e+00
3.809218437e+03 6.013905521e-01 3.386194520e+00 1.591153696e+00
3.823647295e+03 6.110210340e-01 3.418751076e+00 1.552856628e+00
3.838076152e+03 6.211937370e-01 3.450002329e+00 1.515290527e+00
3.852505010e+03 6.319187988e-01 3.479912320e+00 1.478472312e+00
3.866933868e+03 6.432067298e-01 3.508446986e+00 1.442416652e+00
3.881362725e+03 6.550683687e-01 3.535574375e+00 1.407136176e+00
3.895791583e+03 6.675148569e-01 3.561264597e+00 1.372641511e+00
3.910220441e+03 6.805576099e-01 3.585489793e+00 1.338941358e+00
3.924649299e+03 6.942082820e-01 3.608224143e+00 1.306042581e+00
3.939078156e+03 7.084787336e-01 3.629443821e+00 1.273950279e+00
3.953507014e+03 7.233809904e-01 3.649127015e+00 1.242667903e+00
3.967935872e+03 7.389272019e-01 3.667253851e+00 1.212197320e+00
3.982364729e+03 7.551295960e-01 3.683806394e+00 1.182538920e+00
3.996793587e+03 7.720004320e-01 3.698768615e+00 1.153691708e+00
4.011222445e+03 7.895519501e-01 3.712126363e+00 1.125653395e+00
4.025651303e+03 8.077963087e-01 3.723867339e+00 1.098420502e+00
4.040080160e+03 8.267455590e-01 3.733981081e+00 1.071988405e+00
4.054509018e+03 8.464115452e-01 3.742458925e+00 1.046351489e+00
4.068937876e+03 8.668058551e-01 3.749293995e+00 1.021503209e+00
4.083366733e+03 8.879397374e-01 3.754481165e+00 9.974362113e-01
4.097795591e+03 9.098240559e-01 3.758017075e+00 9.741423553e-01
4.112224449e+03 9.324692099e-01 3.759900111e+00 9.516128158e-01
4.126653307e+03 9.558850548e-01 3.760130407e+00 9.298381770e-01
4.141082164e+03 9.800808185e-01 3.758709835e+00 9.088085114e-01
4.155511022e+03 1.005065013e+00 3.755641988e+00 8.885134466e-01
4.169939880e+03 1.030845352e+00 3.750932191e+00 8.689422338e-01
4.184368737e+03 1.057428673e+00 3.744587539e+00 8.500838166e-01
4.198797595e+03 1.084820845e+00 3.736616891e+00 8.319268918e-01
4.213226453e+03 1.113026670e+00 3.727030873e+00 8.144599682e-01
4.227655311e+03 1.142049797e+00 3.715841902e+00 7.976714283e-01
4.242084168e+03 1.171892628e+00 3.703064204e+00 7.815495810e-01
4.256513026e+03 1.202556226e+00 3.688713834e+00 7.660827139e-01
4.270941884e+03 1.234040228e+00 3.672808699e+00 7.512591342e-01
4.285370741e+03 1.266342750e+00 3.655368571e+00 7.370672165e-01
4.299799599e+03 1.299460301e+00 3.636415110e+00 7.234954438e-01
4.314228457e+03 1.333387697e+00 3.615971878e+00 7.105324485e-01
4.328657315e+03 1.368117981e+00 3.594064349e+00 6.981670432e-01
4.343086172e+03 1.403642343e+00 3.570719926e+00 6.863882613e-01
4.357515030e+03 1.439950045e+00 3.545967947e+00 6.751853821e-01
4.371943888e+03 1.477028360e+00 3.519839666e+00 6.645479557e-01
4.386372745e+03 1.514862501e+00 3.492368278e+00 6.544658391e-01
4.400801603e+03 1.553435585e+00 3.463588914e+00 6.449292172e-01
4.415230461e+03 1.592728568e+00 3.433538541e+00 6.359286094e-01
4.429659319e+03 1.632720201e+00 3.402256017e+00 6.274549088e-01
4.444088176e+03 1.673387042e+00 3.369782084e+00 6.194994071e-01
4.458517034e+03 1.714703399e+00 3.336159211e+00 6.120537856e-01
4.472945892e+03 1.756641337e+00 3.301431592e+00 6.051101406e-01
4.487374749e+03 1.799170678e+00 3.265645081e+00 5.986609999e-01
4.501803607e+03 1.842259023e+00 3.228847181e+00 5.926993492e-01
4.516232465e+03 1.885871760e+00 3.191086868e+00 5.872186204e-01
4.530661323e+03 1.929972109e+00 3.152414502e+00 5.822127048e-01
4.545090180e+03 1.974521169e+00 3.112881744e+00 5.776759650e-01
4.559519038e+03 2.019477990e+00 3.072541480e+00 5.736032541e-01
4.573947896e+03 2.064799656e+00 3.031447760e+00 5.699899358e-01
4.588376754e+03 2.110441297e+00 2.989655365e+00 5.668318153e-01
4.602805611e+03 2.156356269e+00 2.947220029e+00 5.641252376e-01
4.617234469e+03 2.202496225e+00 2.904198118e+00 5.618670444e-01
4.631663327e+03 2.248811204e+00 2.860646452e+00 5.600545705e-01
4.646092184e+03 2.295249803e+00 2.816622320e+00 5.586856938e-01
4.660521042e+03 2.341759262e+00 2.772183058e+00 5.577587654e-01
4.674949900e+03 2.388285631e+00 2.727386168e+00 5.572726874e-01
4.689378758e+03 2.434773914e+00 2.682288960e+00 5.572268612e-01
4.703807615e+03 2.481168199e+00 2.636948442e+00 5.576212030e-01
4.718236473e+03 2.527411839e+00 2.591421244e+00 5.584561657e-01
4.732665331e+03 2.573447609e+00 2.545763287e+00 5.597326908e-01
4.747094188e+03 2.619217818e+00 2.500029818e+00 5.614522648e-01
4.761523046e+03 2.664664554e+00 2.454275129e+00 5.636168721e-01
4.775951904e+03 2.709729793e+00 2.408552405e+00 5.662289985e-01
4.790380762e+03 2.754355534e+00 2.362913743e+00 5.692916705e-01
4.804809619e+03 2.798484044e+00 2.317409806e+00 5.728083861e-01
4.819238477e+03 2.842057905e+00 2.272089856e+00 5.767831627e-01
4.833667335e+03 2.885020262e+00 2.227001585e+00 5.812205073e-01
4.848096192e+03 2.927314909e+00 2.182190997e+00 5.861254109e-01
4.862525050e+03 2.968886433e+00 2.137702353e+00 5.915033523e-01
4.876953908e+03 3.009680373e+00 2.093578057e+00 5.973602787e-01
4.891382766e+03 3.049643325e+00 2.049858606e+00 6.037026034e-01
4.905811623e+03 3.088723060e+00 2.006582493e+00 6.105371863e-01
4.920240481e+03 3.126868632e+00 1.963786227e+00 6.178713398e-01
4.934669339e+03 3.164030490e+00 1.921504212e+00 6.257127938e-01
4.949098196e+03 3.200160553e+00 1.879768770e+00 6.340696941e-01
4.963527054e+03 3.235212309e+00 1.838610112e+00 6.429505841e-01
4.977955912e+03 3.269140869e+00 1.798056348e+00 6.523643910e-01
4.992384770e+03 3.301903053e+00 1.758133450e+00 6.623203950e-01
5.006813627e+03 3.333457431e+00 1.718865302e+00 6.728282174e-01
5.021242485e+03 3.363764379e+00 1.680273712e+00 6.838977950e-01
5.035671343e+03 3.392786117e+00 1.642378435e+00 6.955393525e-01
5.050100200e+03 3.420486746e+00 1.605197219e+00 7.077633761e-01
5.064529058e+03 3.446832271e+00 1.568745847e+00 7.205805828e-01
5.078957916e+03 3.471790629e+00 1.533038188e+00 7.340018885e-01
5.093386774e+03 3.495331698e+00 1.498086257e+00 7.480383720e-01
5.107815631e+03 3.517427305e+00 1.463900282e+00 7.627012382e-01
5.122244489e+03 3.538051249e+00 1.430488757e+00 7.780017731e-01
5.136673347e+03 3.557179277e+00 1.397858537e+00 7.939513079e-01
5.151102204e+03 3.574789112e+00 1.366014887e+00 8.105611657e-01
5.165531062e+03 3.590860456e+00 1.334961554e+00 8.278426077e-01
5.179959920e+03 3.605374939e+00 1.304700892e+00 8.458067988e-01
5.194388778e+03 3.618316160e+00 1.275233902e+00 8.644647353e-01
5.208817635e+03 3.629669684e+00 1.246560305e+00 8.838271860e-01
5.223246493e+03 3.639423019e+00 1.218678645e+00 9.039046378e-01
5.237675351e+03 3.647565594e+00 1.191586396e+00 9.247072365e-01
5.252104208e+03 3.654088815e+00 1.165279967e+00 9.462446974e-01
5.266533066e+03 3.658986018e+00 1.139754841e+00 9.685262519e-01
5.280961924e+03 3.662252478e+00 1.115005641e+00 9.915605711e-01
5.295390782e+03 3.663885410e+00 1.091026211e+00 1.015355690e+00
5.309819639e+03 3.663883985e+00 1.067809669e+00 1.039918925e+00
5.324248497e+03 3.662249315e+00 1.045348513e+00 1.065256797e+00
5.338677355e+03 3.658984481e+00 1.023634655e+00 1.091374949e+00
5.353106212e+03 3.654094534e+00 1.002659514e+00 1.118278059e+00
5.367535070e+03 3.647586497e+00 9.824140772e-01 1.145969761e+00
5.381963928e+03 3.639469384e+00 9.628889600e-01 1.174452557e+00
5.396392786e+03 3.629754212e+00 9.440744648e-01 1.203727729e+00
5.410821643e+03 3.618454003e+00 9.259606451e-01 1.233795261e+00
5.425250501e+03 3.605583802e+00 9.085373562e-01 1.264653747e+00
5.439679359e+03 3.591160699e+00 8.917942974e-01 1.296300312e+00
5.454108216e+03 3.575203804e+00 8.757210854e-01 1.328730536e+00
5.468537074e+03 3.557734282e+00 8.603072824e-01 1.361938371e+00
5.482965932e+03 3.538775358e+00 8.455424326e-01 1.395916062e+00
5.497394790e+03 3.518352277e+00 8.314161388e-01 1.430654101e+00
5.511823647e+03 3.496492358e+00 8.179180518e-01 1.466141133e+00
5.526252505e+03 3.473224964e+00 8.050379254e-01 1.502363904e+00
5.540681363e+03 3.448581426e+00 7.927656937e-01 1.539307233e+00
5.555110220e+03 3.422595102e+00 7.810914367e-01 1.576953941e+00
5.569539078e+03 3.395301320e+00 7.700054425e-01 1.615284819e+00
5.583967936e+03 3.366737345e+00 7.594982164e-01 1.654278599e+00
5.598396794e+03 3.336942304e+00 7.495605384e-01 1.693911951e+00
5.612825651e+03 3.305957175e+00 7.401834518e-01 1.734159449e+00
5.627254509e+03 3.273824710e+00 7.313582970e-01 1.774993574e+00
5.641683367e+03 3.240589343e+00 7.230767436e-01 1.816384758e+00
5.656112224e+03 3.206297159e+00 7.153307672e-01 1.858301352e+00
5.670541082e+03 3.170995775e+00 7.081127010e-01 1.900709689e+00
5.684969940e+03 3.134734215e+00 7.014152628e-01 1.943574143e+00
5.699398798e+03 3.097562855e+00 6.952315236e-01 1.986857157e+00
5.713827655e+03 3.059533286e+00 6.895549442e-01 2.030519318e+00
5.728256513e+03 3.020698201e+00 6.843793754e-01 2.074519427e+00
5.742685371e+03 2.981111239e+00 6.796990847e-01 2.118814605e+00
5.757114228e+03 2.940826875e+00 6.755087431e-01 2.163360377e+00
5.771543086e+03 2.899900274e+00 6.718034431e-01 2.208110777e+00
5.785971944e+03 2.858387134e+00 6.685786964e-01 2.253018473e+00
5.800400802e+03 2.816343538e+00 6.658304458e-01 2.298034891e+00
5.814829659e+03 2.773825804e+00 6.635550644e-01 2.343110341e+00
5.829258517e+03 2.730890322e+00 6.617493599e-01 2.388194155e+00
5.843687375e+03 2.687593399e+00 6.604105738e-01 2.433234840e+00
5.858116232e+03 2.643991102e+00 6.595363842e-01 2.478180223e+00
5.872545090e+03 2.600139097e+00 6.591249067e-01 2.522977590e+00
5.886973948e+03 2.556092503e+00 6.591746913e-01 2.567573855e+00
5.901402806e+03 2.511905732e+00 6.596847237e-01 2.611915711e+00
5.915831663e+03 2.467632347e+00 6.606544227e-01 2.655949783e+00
5.930260521e+03 2.423324923e+00 6.620836336e-01 2.699622780e+00
5.944689379e+03 2.379034908e+00 6.639726306e-01 2.742881652e+00
5.959118236e+03 2.334812497e+00 6.663221113e-01 2.785673741e+00
5.973547094e+03 2.290706518e+00 6.691331829e-01 2.827946902e+00
5.987975952e+03 2.246764310e+00 6.724073700e-01 2.869649673e+00
6.002404810e+03 2.203031629e+00 6.761466108e-01 2.910731408e+00
6.016833667e+03 2.159552568e+00 6.803532184e-01 2.951142346e+00
6.031262525e+03 2.116369438e+00 6.850299043e-01 2.990833796e+00
6.045691383e+03 2.073522737e+00 6.901797945e-01 3.029758277e+00
6.060120240e+03 2.031051077e+00 6.958063544e-01 3.067869515e+00
6.074549098e+03 1.988991132e+00 7.019134002e-01 3.105122575e+00
6.088977956e+03 1.947377593e+00 7.085050877e-01 3.141473940e+00
6.103406814e+03 1.906243132e+00 7.155859809e-01 3.176881726e+00
6.117835671e+03 1.865618400e+00 7.231609660e-01 3.211305637e+00
6.132264529e+03 1.825532025e+00 7.312351267e-01 3.244706830e+00
6.146693387e+03 1.786010582e+00 7.398139430e-01 3.277048316e+00
6.161122244e+03 1.747078623e+00 7.489031546e-01 3.308294813e+00
6.175551102e+03 1.708758690e+00 7.585087565e-01 3.338412792e+00
6.189979960e+03 1.671071342e+00 7.686369931e-01 3.367370527e+00
6.204408818e+03 1.634035187e+00 7.792943279e-01 3.395138098e+00
6.218837675e+03 1.597666924e+00 7.904874292e-01 3.421687404e+00
6.233266533e+03 1.561981381e+00 8.022231482e-01 3.446992173e+00
6.247695391e+03 1.526991575e+00 8.145084931e-01 3.471027960e+00
6.262124248e+03 1.492708769e+00 8.273506024e-01 3.493772137e+00
6.276553106e+03 1.459142531e+00 8.407567193e-01 3.515203880e+00
6.290981964e+03 1.426300782e+00 8.547341694e-01 3.535304162e+00
6.305410822e+03 1.394189896e+00 8.692903205e-01 3.554055726e+00
6.319839679e+03 1.362814762e+00 8.844325521e-01 3.571443068e+00
6.334268537e+03 1.332178855e+00 9.001682229e-01 3.587452400e+00
6.348697395e+03 1.302284299e+00 9.165046392e-01 3.602071626e+00
6.363126253e+03 1.273131944e+00 9.334490221e-01 3.615290341e+00
6.377555110e+03 1.244721441e+00 9.510084692e-01 3.627099791e+00
6.391983968e+03 1.217051323e+00 9.691899102e-01 3.637492841e+00
6.406412826e+03 1.190119079e+00 9.880000654e-01 3.646463926e+00
6.420841683e+03 1.163921237e+00 1.007445407e+00 3.654009074e+00
6.435270541e+03 1.138453420e+00 1.027532112e+00 3.660125822e+00
6.449699399e+03 1.113710423e+00 1.048266018e+00 3.664813216e+00
6.464128257e+03 1.089686308e+00 1.069652582e+00 3.668071846e+00
6.478557114e+03 1.066374419e+00 1.091696823e+00 3.669903690e+00
6.492985972e+03 1.043767484e+00 1.114403278e+00 3.670312181e+00
6.507414830e+03 1.021857728e+00 1.137775962e+00 3.669302288e+00
6.521843687e+03 1.000636841e+00 1.161818301e+00 3.666880298e+00
6.536272545e+03 9.800960362e-01 1.186533078e+00 3.663053787e+00
6.550701403e+03 9.602262221e-01 1.211922408e+00 3.657831869e+00
6.565130261e+03 9.410179838e-01 1.237987668e+00 3.651225019e+00
6.579559118e+03 9.224615798e-01 1.264729440e+00 3.643244937e+00
6.593987976e+03 9.045471193e-01 1.292147480e+00 3.633904818e+00
6.608416834e+03 8.872644753e-01 1.320240644e+00 3.623219047e+00
6.622845691e+03 8.706034296e-01 1.349006858e+00 3.611203417e+00
6.637274549e+03 8.545536814e-01 1.378443063e+00 3.597875034e+00
6.651703407e+03 8.391048493e-01 1.408545159e+00 3.583252245e+00
6.666132265e+03 8.242465826e-01 1.439307977e+00 3.567354775e+00
6.680561122e+03 8.099685241e-01 1.470725220e+00 3.550203558e+00
6.694989980e+03 7.962603870e-01 1.502789436e+00 3.531820844e+00
6.709418838e+03 7.831119690e-01 1.535491968e+00 3.512230131e+00
6.723847695e+03 7.705131807e-01 1.568822930e+00 3.491456157e+00
6.738276553e+03 7.584540729e-01 1.602771169e+00 3.469524894e+00
6.752705411e+03 7.469248599e-01 1.637324240e+00 3.446463520e+00
6.767134269e+03 7.359159425e-01 1.672468380e+00 3.422300401e+00
6.781563126e+03 7.254179281e-01 1.708188489e+00 3.397065061e+00
6.795991984e+03 7.154216485e-01 1.744468116e+00 3.370788157e+00
6.810420842e+03 7.059181713e-01 1.781289456e+00 3.343501456e+00
6.824849699e+03 6.968988282e-01 1.818633330e+00 3.315237780e+00
6.839278557e+03 6.883552213e-01 1.856479191e+00 3.286030974e+00
6.853707415e+03 6.802792351e-01 1.894805138e+00 3.255915866e+00
6.868136273e+03 6.726630486e-01 1.933587917e+00 3.224928216e+00
6.882565130e+03 6.654991396e-01 1.972802945e+00 3.193104666e+00
6.896993988e+03 6.587803001e-01 2.012424338e+00 3.160482694e+00
6.911422846e+03 6.524996426e-01 2.052424918e+00 3.127100524e+00
6.925851703e+03 6.466506084e-01 2.092776256e+00 3.092997089e+00
6.940280561e+03 6.412269732e-01 2.133448721e+00 3.058211952e+00
6.954709419e+03 6.362228508e-01 2.174411523e+00 3.022785241e+00
6.969138277e+03 6.316326985e-01 2.215632749e+00 2.986757567e+00
6.983567134e+03 6.274513176e-01 2.257079412e+00 2.950169929e+00
6.997995992e+03 6.236738615e-01 2.298717574e+00 2.913063695e+00
7.012424850e+03 6.202958346e-01 2.340512338e+00 2.875480462e+00
7.026853707e+03 6.173130935e-01 2.382427916e+00 2.837461960e+00
7.041282565e+03 6.147218495e-01 2.424427745e+00 2.799050002e+00
7.055711423e+03 6.125186707e-01 2.466474543e+00 2.760286393e+00
7.070140281e+03 6.107004822e-01 2.508530433e+00 2.721212870e+00
7.084569138e+03 6.092645619e-01 2.550556941e+00 2.681870941e+00
7.098997996e+03 6.082085431e-01 2.592515127e+00 2.642301845e+00
7.113426854e+03 6.075304110e-01 2.634365646e+00 2.602546434e+00
7.127855711e+03 6.072285065e-01 2.676068917e+00 2.562645169e+00
7.142284569e+03 6.073015200e-01 2.717585122e+00 2.522637957e+00
7.156713427e+03 6.077484893e-01 2.758874307e+00 2.482564074e+00
7.171142285e+03 6.085687987e-01 2.799896505e+00 2.442462127e+00
7.185571142e+03 6.097621761e-01 2.840611796e+00 2.402369950e+00
7.200000000e+03 6.113286897e-01 2.880980418e+00 2.362324553e+00
