time            Cj              Ck              Br              shCj            shCk            shBr            O1              O2             
0.000000000e+00 4.000000000e+00 1.000000000e-05 4.000000000e+00 0.000000000e+00 0.000000000e+00 4.000000000e+00 4.000000000e+00 4.000000000e+00
8.016032064e+01 3.507108216e+00 1.083550195e-02 3.995655779e+00 5.286281301e-05 7.072232198e-03 3.999878838e+00 4.006412820e+00 3.993587180e+00
1.603206413e+02 3.494509663e+00 2.171457315e-02 3.990090307e+00 1.776525195e-04 1.157555946e-02 3.999574266e+00 4.012825607e+00 3.987174393e+00
2.404809619e+02 3.484388943e+00 3.307914722e-02 3.984515186e+00 3.188207381e-04 1.451598932e-02 3.999147681e+00 4.019238329e+00 3.980761671e+00
3.206412826e+02 3.473430854e+00 4.498314167e-02 3.978946098e+00 4.499030177e-04 1.643631345e-02 3.998639912e+00 4.025650951e+00 3.974349049e+00
4.008016032e+02 3.461915736e+00 5.739866191e-02 3.973383634e+00 5.608723463e-04 1.769089746e-02 3.998078142e+00 4.032063441e+00 3.967936559e+00
4.809619238e+02 3.450059840e+00 7.026144438e-02 3.967827799e+00 6.498895604e-04 1.851062783e-02 3.997480472e+00 4.038475767e+00 3.961524233e+00
5.611222445e+02 3.438006794e+00 8.349497352e-02 3.962278392e+00 7.188126778e-04 1.904597707e-02 3.996858961e+00 4.044887895e+00 3.955112105e+00
6.412825651e+02 3.425851456e+00 9.702332756e-02 3.956735126e+00 7.708437552e-04 1.939509809e-02 3.996221650e+00 4.051299792e+00 3.948700208e+00
7.214428858e+02 3.413656248e+00 1.107773929e-01 3.951197700e+00 8.093721163e-04 1.962206896e-02 3.995573902e+00 4.057711426e+00 3.942288574e+00
8.016032064e+02 3.401462096e+00 1.246973446e-01 3.945665827e+00 8.374572514e-04 1.976879414e-02 3.994919303e+00 4.064122763e+00 3.935877237e+00
8.817635271e+02 3.389295682e+00 1.387330441e-01 3.940139255e+00 8.576526210e-04 1.986269944e-02 3.994260249e+00 4.070533770e+00 3.929466230e+00
9.619238477e+02 3.377174297e+00 1.528434244e-01 3.934617769e+00 8.719891657e-04 1.992177446e-02 3.993598346e+00 4.076944415e+00 3.923055585e+00
1.042084168e+03 3.365109029e+00 1.669954036e-01 3.929101192e+00 8.820325447e-04 1.995783091e-02 3.992934670e+00 4.083354665e+00 3.916645335e+00
1.122244489e+03 3.353106896e+00 1.811626794e-01 3.923589381e+00 8.889625174e-04 1.997864119e-02 3.992269944e+00 4.089764486e+00 3.910235514e+00
1.202404810e+03 3.341172251e+00 1.953245567e-01 3.918082222e+00 8.936534680e-04 1.998933425e-02 3.991604655e+00 4.096173846e+00 3.903826154e+00
1.282565130e+03 3.329307695e+00 2.094648955e-01 3.912579628e+00 8.967453837e-04 1.999329308e-02 3.990939128e+00 4.102582712e+00 3.897417288e+00
1.362725451e+03 3.317514699e+00 2.235712087e-01 3.907081530e+00 8.987011393e-04 1.999276497e-02 3.990273586e+00 4.108991051e+00 3.891008949e+00
1.442885772e+03 3.305793996e+00 2.376339074e-01 3.901587876e+00 8.998543277e-04 1.998923252e-02 3.989608177e+00 4.115398830e+00 3.884601170e+00
1.523046092e+03 3.294145848e+00 2.516456839e-01 3.896098629e+00 9.004422201e-04 1.998369058e-02 3.988943001e+00 4.121806016e+00 3.878193984e+00
1.603206413e+03 3.282570211e+00 2.656010167e-01 3.890613760e+00 9.006335724e-04 1.997679897e-02 3.988278128e+00 4.128212577e+00 3.871787423e+00
1.683366733e+03 3.271066854e+00 2.794957728e-01 3.885133250e+00 9.005477133e-04 1.996900039e-02 3.987613602e+00 4.134618480e+00 3.865381520e+00
1.763527054e+03 3.259635426e+00 2.933268921e-01 3.879657085e+00 9.002686606e-04 1.996059574e-02 3.986949456e+00 4.141023691e+00 3.858976309e+00
1.843687375e+03 3.248275504e+00 3.070921460e-01 3.874185259e+00 8.998538001e-04 1.995180116e-02 3.986285710e+00 4.147428178e+00 3.852571822e+00
1.923847695e+03 3.236986613e+00 3.207899494e-01 3.868717766e+00 8.993500111e-04 1.994270148e-02 3.985622379e+00 4.153831908e+00 3.846168092e+00
2.004008016e+03 3.225768268e+00 3.344192080e-01 3.863254606e+00 8.987779691e-04 1.993346350e-02 3.984959471e+00 4.160234849e+00 3.839765151e+00
2.084168337e+03 3.214619958e+00 3.479792012e-01 3.857795778e+00 8.981643756e-04 1.992409110e-02 3.984296993e+00 4.166636967e+00 3.833363033e+00
2.164328657e+03 3.203541176e+00 3.614694917e-01 3.852341288e+00 8.975204677e-04 1.991465647e-02 3.983634948e+00 4.173038231e+00 3.826961769e+00
2.244488978e+03 3.192531408e+00 3.748898655e-01 3.846891137e+00 8.968567762e-04 1.990518244e-02 3.982973339e+00 4.179438606e+00 3.820561394e+00
2.324649299e+03 3.181590145e+00 3.882402739e-01 3.841445332e+00 8.961801158e-04 1.989569085e-02 3.982312168e+00 4.185838061e+00 3.814161939e+00
2.404809619e+03 3.170716881e+00 4.015207905e-01 3.836003878e+00 8.954953552e-04 1.988619640e-02 3.981651433e+00 4.192236562e+00 3.807763438e+00
2.484969940e+03 3.159911111e+00 4.147315868e-01 3.830566783e+00 8.948058514e-04 1.987670943e-02 3.980991137e+00 4.198634078e+00 3.801365922e+00
2.565130261e+03 3.149172337e+00 4.278729042e-01 3.825134052e+00 8.941139791e-04 1.986723734e-02 3.980331277e+00 4.205030575e+00 3.794969425e+00
2.645290581e+03 3.138500066e+00 4.409450493e-01 3.819705694e+00 8.934212529e-04 1.985778478e-02 3.979671854e+00 4.211426021e+00 3.788573979e+00
2.725450902e+03 3.127893807e+00 4.539483628e-01 3.814281716e+00 8.927287684e-04 1.984835540e-02 3.979012866e+00 4.217820383e+00 3.782179617e+00
2.805611222e+03 3.117353077e+00 4.668832096e-01 3.808862125e+00 8.920374235e-04 1.983895163e-02 3.978354312e+00 4.224213629e+00 3.775786371e+00
2.885771543e+03 3.106877395e+00 4.797499767e-01 3.803446929e+00 8.913477320e-04 1.982957617e-02 3.977696192e+00 4.230605726e+00 3.769394274e+00
2.965931864e+03 3.096466284e+00 4.925490686e-01 3.798036137e+00 8.906602040e-04 1.982022960e-02 3.977038504e+00 4.236996641e+00 3.763003359e+00
3.046092184e+03 3.086119272e+00 5.052809014e-01 3.792629756e+00 8.899750617e-04 1.981091325e-02 3.976381247e+00 4.243386342e+00 3.756613658e+00
3.126252505e+03 3.075835892e+00 5.179458987e-01 3.787227794e+00 8.892925020e-04 1.980162774e-02 3.975724420e+00 4.249774797e+00 3.750225203e+00
3.206412826e+03 3.065615679e+00 5.305444886e-01 3.781830259e+00 8.886126671e-04 1.979237355e-02 3.975068022e+00 4.256161973e+00 3.743838027e+00
3.286573146e+03 3.055458174e+00 5.430771009e-01 3.776437159e+00 8.879356609e-04 1.978315106e-02 3.974412051e+00 4.262547837e+00 3.737452163e+00
3.366733467e+03 3.045362919e+00 5.555441687e-01 3.771048503e+00 8.872615481e-04 1.977396048e-02 3.973756506e+00 4.268932358e+00 3.731067642e+00
3.446893788e+03 3.035329464e+00 5.679461241e-01 3.765664298e+00 8.865903733e-04 1.976480202e-02 3.973101385e+00 4.275315502e+00 3.724684498e+00
3.527054108e+03 3.025357358e+00 5.802833984e-01 3.760284552e+00 8.859221724e-04 1.975567577e-02 3.972446688e+00 4.281697238e+00 3.718302762e+00
3.607214429e+03 3.015446158e+00 5.925564224e-01 3.754909273e+00 8.852569608e-04 1.974658181e-02 3.971792413e+00 4.288077532e+00 3.711922468e+00
3.687374749e+03 3.005595421e+00 6.047656242e-01 3.749538470e+00 8.845947552e-04 1.973752018e-02 3.971138559e+00 4.294456354e+00 3.705543646e+00
3.767535070e+03 2.995804709e+00 6.169114295e-01 3.744172149e+00 8.839355648e-04 1.972849090e-02 3.970485124e+00 4.300833670e+00 3.699166330e+00
3.847695391e+03 2.986073589e+00 6.289942619e-01 3.738810320e+00 8.832793938e-04 1.971949398e-02 3.969832108e+00 4.307209449e+00 3.692790551e+00
3.927855711e+03 2.976401629e+00 6.410145419e-01 3.733452989e+00 8.826262449e-04 1.971052942e-02 3.969179508e+00 4.313583658e+00 3.686416342e+00
4.008016032e+03 2.966788402e+00 6.529726882e-01 3.728100165e+00 8.819761137e-04 1.970159718e-02 3.968527325e+00 4.319956264e+00 3.680043736e+00
4.088176353e+03 2.957233483e+00 6.648691153e-01 3.722751855e+00 8.813290016e-04 1.969269725e-02 3.967875555e+00 4.326327236e+00 3.673672764e+00
4.168336673e+03 2.947736453e+00 6.767042361e-01 3.717408067e+00 8.806848995e-04 1.968382957e-02 3.967224199e+00 4.332696542e+00 3.667303458e+00
4.248496994e+03 2.938296893e+00 6.884784588e-01 3.712068810e+00 8.800438074e-04 1.967499414e-02 3.966573254e+00 4.339064150e+00 3.660935850e+00
4.328657315e+03 2.928914390e+00 7.001921901e-01 3.706734089e+00 8.794057169e-04 1.966619090e-02 3.965922720e+00 4.345430027e+00 3.654569973e+00
4.408817635e+03 2.919588533e+00 7.118458324e-01 3.701403914e+00 8.787706237e-04 1.965741982e-02 3.965272594e+00 4.351794142e+00 3.648205858e+00
4.488977956e+03 2.910318914e+00 7.234397855e-01 3.696078292e+00 8.781385227e-04 1.964868084e-02 3.964622877e+00 4.358156462e+00 3.641843538e+00
4.569138277e+03 2.901105130e+00 7.349744460e-01 3.690757230e+00 8.775094074e-04 1.963997394e-02 3.963973567e+00 4.364516956e+00 3.635483044e+00
4.649298597e+03 2.891946779e+00 7.464502072e-01 3.685440736e+00 8.768832724e-04 1.963129906e-02 3.963324661e+00 4.370875592e+00 3.629124408e+00
4.729458918e+03 2.882843462e+00 7.578674597e-01 3.680128817e+00 8.762601115e-04 1.962265617e-02 3.962676160e+00 4.377232337e+00 3.622767663e+00
4.809619238e+03 2.873794786e+00 7.692265910e-01 3.674821482e+00 8.756399185e-04 1.961404521e-02 3.962028061e+00 4.383587161e+00 3.616412839e+00
4.889779559e+03 2.864800358e+00 7.805279854e-01 3.669518736e+00 8.750226869e-04 1.960546615e-02 3.961380364e+00 4.389940031e+00 3.610059969e+00
4.969939880e+03 2.855859791e+00 7.917720238e-01 3.664220589e+00 8.744084100e-04 1.959691893e-02 3.960733068e+00 4.396290915e+00 3.603709085e+00
5.050100200e+03 2.846972698e+00 8.029590847e-01 3.658927046e+00 8.737970814e-04 1.958840352e-02 3.960086170e+00 4.402639783e+00 3.597360217e+00
5.130260521e+03 2.838138696e+00 8.140895440e-01 3.653638116e+00 8.731886953e-04 1.957991985e-02 3.959439670e+00 4.408986601e+00 3.591013399e+00
5.210420842e+03 2.829357407e+00 8.251637735e-01 3.648353806e+00 8.725832444e-04 1.957146790e-02 3.958793566e+00 4.415331339e+00 3.584668661e+00
5.290581162e+03 2.820628454e+00 8.361821424e-01 3.643074123e+00 8.719807218e-04 1.956304760e-02 3.958147857e+00 4.421673965e+00 3.578326035e+00
5.370741483e+03 2.811951464e+00 8.471450175e-01 3.637799073e+00 8.713811214e-04 1.955465892e-02 3.957502543e+00 4.428014448e+00 3.571985552e+00
5.450901804e+03 2.803326064e+00 8.580527629e-01 3.632528666e+00 8.707844375e-04 1.954630180e-02 3.956857621e+00 4.434352755e+00 3.565647245e+00
5.531062124e+03 2.794751889e+00 8.689057387e-01 3.627262906e+00 8.701906628e-04 1.953797621e-02 3.956213090e+00 4.440688856e+00 3.559311144e+00
5.611222445e+03 2.786228573e+00 8.797043026e-01 3.622001803e+00 8.695997908e-04 1.952968209e-02 3.955568950e+00 4.447022720e+00 3.552977280e+00
5.691382766e+03 2.777755754e+00 8.904488103e-01 3.616745362e+00 8.690118155e-04 1.952141940e-02 3.954925199e+00 4.453354314e+00 3.546645686e+00
5.771543086e+03 2.769333071e+00 9.011396143e-01 3.611493591e+00 8.684267308e-04 1.951318809e-02 3.954281835e+00 4.459683607e+00 3.540316393e+00
5.851703407e+03 2.760960171e+00 9.117770637e-01 3.606246497e+00 8.678445300e-04 1.950498812e-02 3.953638857e+00 4.466010568e+00 3.533989432e+00
5.931863727e+03 2.752636698e+00 9.223615048e-01 3.601004086e+00 8.672652071e-04 1.949681944e-02 3.952996265e+00 4.472335167e+00 3.527664833e+00
6.012024048e+03 2.744362302e+00 9.328932827e-01 3.595766366e+00 8.666887556e-04 1.948868200e-02 3.952354057e+00 4.478657371e+00 3.521342629e+00
6.092184369e+03 2.736136634e+00 9.433727389e-01 3.590533344e+00 8.661151694e-04 1.948057576e-02 3.951712232e+00 4.484977150e+00 3.515022850e+00
6.172344689e+03 2.727959349e+00 9.538002114e-01 3.585305026e+00 8.655444423e-04 1.947250068e-02 3.951070788e+00 4.491294473e+00 3.508705527e+00
6.252505010e+03 2.719830104e+00 9.641760360e-01 3.580081419e+00 8.649765680e-04 1.946445671e-02 3.950429724e+00 4.497609308e+00 3.502390692e+00
6.332665331e+03 2.711748559e+00 9.745005475e-01 3.574862531e+00 8.644115404e-04 1.945644380e-02 3.949789039e+00 4.503921625e+00 3.496078375e+00
6.412825651e+03 2.703714377e+00 9.847740762e-01 3.569648367e+00 8.638493532e-04 1.944846190e-02 3.949148732e+00 4.510231393e+00 3.489768607e+00
6.492985972e+03 2.695727222e+00 9.949969502e-01 3.564438935e+00 8.632900003e-04 1.944051098e-02 3.948508802e+00 4.516538580e+00 3.483461420e+00
6.573146293e+03 2.687786762e+00 1.005169495e+00 3.559234241e+00 8.627334755e-04 1.943259098e-02 3.947869247e+00 4.522843156e+00 3.477156844e+00
6.653306613e+03 2.679892669e+00 1.015292034e+00 3.554034291e+00 8.621797727e-04 1.942470187e-02 3.947230066e+00 4.529145091e+00 3.470854909e+00
6.733466934e+03 2.672044613e+00 1.025364888e+00 3.548839093e+00 8.616288859e-04 1.941684358e-02 3.946591258e+00 4.535444353e+00 3.464555647e+00
6.813627255e+03 2.664242272e+00 1.035388374e+00 3.543648653e+00 8.610808091e-04 1.940901609e-02 3.945952822e+00 4.541740912e+00 3.458259088e+00
6.893787575e+03 2.656485322e+00 1.045362810e+00 3.538462978e+00 8.605355360e-04 1.940121935e-02 3.945314757e+00 4.548034737e+00 3.451965263e+00
6.973947896e+03 2.648773444e+00 1.055288508e+00 3.533282074e+00 8.599930606e-04 1.939345330e-02 3.944677060e+00 4.554325798e+00 3.445674202e+00
7.054108216e+03 2.641106320e+00 1.065165780e+00 3.528105947e+00 8.594533770e-04 1.938571790e-02 3.944039732e+00 4.560614064e+00 3.439385936e+00
7.134268537e+03 2.633483637e+00 1.074994933e+00 3.522934604e+00 8.589164792e-04 1.937801312e-02 3.943402771e+00 4.566899504e+00 3.433100496e+00
7.214428858e+03 2.625905081e+00 1.084776273e+00 3.517768051e+00 8.583823612e-04 1.937033890e-02 3.942766175e+00 4.573182090e+00 3.426817910e+00
7.294589178e+03 2.618370342e+00 1.094510106e+00 3.512606295e+00 8.578510171e-04 1.936269520e-02 3.942129944e+00 4.579461789e+00 3.420538211e+00
7.374749499e+03 2.610879112e+00 1.104196731e+00 3.507449342e+00 8.573224409e-04 1.935508198e-02 3.941494076e+00 4.585738572e+00 3.414261428e+00
7.454909820e+03 2.603431086e+00 1.113836449e+00 3.502297198e+00 8.567966267e-04 1.934749918e-02 3.940858571e+00 4.592012408e+00 3.407987592e+00
7.535070140e+03 2.596025962e+00 1.123429556e+00 3.497149870e+00 8.562735688e-04 1.933994677e-02 3.940223426e+00 4.598283268e+00 3.401716732e+00
7.615230461e+03 2.588663439e+00 1.132976347e+00 3.492007363e+00 8.557532611e-04 1.933242471e-02 3.939588641e+00 4.604551121e+00 3.395448879e+00
7.695390782e+03 2.581343217e+00 1.142477113e+00 3.486869685e+00 8.552356980e-04 1.932493293e-02 3.938954214e+00 4.610815938e+00 3.389184062e+00
7.775551102e+03 2.574065002e+00 1.151932146e+00 3.481736840e+00 8.547208737e-04 1.931747142e-02 3.938320145e+00 4.617077687e+00 3.382922313e+00
7.855711423e+03 2.566828499e+00 1.161341732e+00 3.476608835e+00 8.542087823e-04 1.931004011e-02 3.937686432e+00 4.623336341e+00 3.376663659e+00
7.935871743e+03 2.559633417e+00 1.170706157e+00 3.471485676e+00 8.536994181e-04 1.930263896e-02 3.937053074e+00 4.629591867e+00 3.370408133e+00
8.016032064e+03 2.552479467e+00 1.180025704e+00 3.466367370e+00 8.531927754e-04 1.929526793e-02 3.936420070e+00 4.635844238e+00 3.364155762e+00
8.096192385e+03 2.545366361e+00 1.189300655e+00 3.461253921e+00 8.526888486e-04 1.928792698e-02 3.935787419e+00 4.642093422e+00 3.357906578e+00
8.176352705e+03 2.538293816e+00 1.198531289e+00 3.456145337e+00 8.521876319e-04 1.928061607e-02 3.935155119e+00 4.648339391e+00 3.351660609e+00
8.256513026e+03 2.531261547e+00 1.207717882e+00 3.451041622e+00 8.516891196e-04 1.927333514e-02 3.934523169e+00 4.654582115e+00 3.345417885e+00
8.336673347e+03 2.524269274e+00 1.216860711e+00 3.445942784e+00 8.511933059e-04 1.926608415e-02 3.933891569e+00 4.660821563e+00 3.339178437e+00
8.416833667e+03 2.517316718e+00 1.225960046e+00 3.440848827e+00 8.507001852e-04 1.925886306e-02 3.933260316e+00 4.667057708e+00 3.332942292e+00
8.496993988e+03 2.510403604e+00 1.235016160e+00 3.435759757e+00 8.502097519e-04 1.925167183e-02 3.932629411e+00 4.673290519e+00 3.326709481e+00
8.577154309e+03 2.503529656e+00 1.244029320e+00 3.430675581e+00 8.497220004e-04 1.924451041e-02 3.931998851e+00 4.679519967e+00 3.320480033e+00
8.657314629e+03 2.496694604e+00 1.252999792e+00 3.425596304e+00 8.492369255e-04 1.923737876e-02 3.931368635e+00 4.685746022e+00 3.314253978e+00
8.737474950e+03 2.489898177e+00 1.261927842e+00 3.420521932e+00 8.487545215e-04 1.923027684e-02 3.930738763e+00 4.691968656e+00 3.308031344e+00
8.817635271e+03 2.483140106e+00 1.270813732e+00 3.415452469e+00 8.482747827e-04 1.922320460e-02 3.930109233e+00 4.698187840e+00 3.301812160e+00
8.897795591e+03 2.476420127e+00 1.279657721e+00 3.410387923e+00 8.477977039e-04 1.921616201e-02 3.929480044e+00 4.704403543e+00 3.295596457e+00
8.977955912e+03 2.469737974e+00 1.288460070e+00 3.405328298e+00 8.473232795e-04 1.920914900e-02 3.928851195e+00 4.710615738e+00 3.289384262e+00
9.058116232e+03 2.463093386e+00 1.297221033e+00 3.400273601e+00 8.468515039e-04 1.920216555e-02 3.928222685e+00 4.716824396e+00 3.283175604e+00
9.138276553e+03 2.456486101e+00 1.305940867e+00 3.395223836e+00 8.463823716e-04 1.919521161e-02 3.927594512e+00 4.723029486e+00 3.276970514e+00
9.218436874e+03 2.449915863e+00 1.314619825e+00 3.390179009e+00 8.459158773e-04 1.918828714e-02 3.926966676e+00 4.729230982e+00 3.270769018e+00
9.298597194e+03 2.443382414e+00 1.323258156e+00 3.385139125e+00 8.454520154e-04 1.918139209e-02 3.926339175e+00 4.735428853e+00 3.264571147e+00
9.378757515e+03 2.436885501e+00 1.331856110e+00 3.380104190e+00 8.449907805e-04 1.917452642e-02 3.925712009e+00 4.741623072e+00 3.258376928e+00
9.458917836e+03 2.430424871e+00 1.340413934e+00 3.375074210e+00 8.445321673e-04 1.916769008e-02 3.925085175e+00 4.747813609e+00 3.252186391e+00
9.539078156e+03 2.424000272e+00 1.348931874e+00 3.370049189e+00 8.440761704e-04 1.916088304e-02 3.924458673e+00 4.754000437e+00 3.245999563e+00
9.619238477e+03 2.417611458e+00 1.357410172e+00 3.365029133e+00 8.436227849e-04 1.915410526e-02 3.923832502e+00 4.760183527e+00 3.239816473e+00
9.699398798e+03 2.411258182e+00 1.365849070e+00 3.360014047e+00 8.431720053e-04 1.914735668e-02 3.923206661e+00 4.766362849e+00 3.233637151e+00
9.779559118e+03 2.404940198e+00 1.374248807e+00 3.355003936e+00 8.427238263e-04 1.914063728e-02 3.922581148e+00 4.772538377e+00 3.227461623e+00
9.859719439e+03 2.398657263e+00 1.382609622e+00 3.349998806e+00 8.422782427e-04 1.913394699e-02 3.921955963e+00 4.778710082e+00 3.221289918e+00
9.939879760e+03 2.392409136e+00 1.390931750e+00 3.344998661e+00 8.418352494e-04 1.912728580e-02 3.921331104e+00 4.784877935e+00 3.215122065e+00
1.002004008e+04 2.386195577e+00 1.399215427e+00 3.340003507e+00 8.413948410e-04 1.912065364e-02 3.920706570e+00 4.791041910e+00 3.208958090e+00
1.010020040e+04 2.380016350e+00 1.407460884e+00 3.335013349e+00 8.409570122e-04 1.911405048e-02 3.920082361e+00 4.797201976e+00 3.202798024e+00
1.018036072e+04 2.373871217e+00 1.415668353e+00 3.330028192e+00 8.405217580e-04 1.910747628e-02 3.919458474e+00 4.803358108e+00 3.196641892e+00
1.026052104e+04 2.367759945e+00 1.423838063e+00 3.325048041e+00 8.400890732e-04 1.910093099e-02 3.918834909e+00 4.809510276e+00 3.190489724e+00
1.034068136e+04 2.361682301e+00 1.431970242e+00 3.320072900e+00 8.396589527e-04 1.909441457e-02 3.918211665e+00 4.815658454e+00 3.184341546e+00
1.042084168e+04 2.355638054e+00 1.440065114e+00 3.315102775e+00 8.392313914e-04 1.908792699e-02 3.917588740e+00 4.821802613e+00 3.178197387e+00
1.050100200e+04 2.349626977e+00 1.448122905e+00 3.310137671e+00 8.388063841e-04 1.908146819e-02 3.916966134e+00 4.827942726e+00 3.172057274e+00
1.058116232e+04 2.343648841e+00 1.456143836e+00 3.305177592e+00 8.383839259e-04 1.907503814e-02 3.916343845e+00 4.834078765e+00 3.165921235e+00
1.066132265e+04 2.337703421e+00 1.464128128e+00 3.300222543e+00 8.379640115e-04 1.906863680e-02 3.915721873e+00 4.840210702e+00 3.159789298e+00
1.074148297e+04 2.331790492e+00 1.472076001e+00 3.295272529e+00 8.375466361e-04 1.906226412e-02 3.915100216e+00 4.846338512e+00 3.153661488e+00
1.082164329e+04 2.325909834e+00 1.479987672e+00 3.290327555e+00 8.371317945e-04 1.905592006e-02 3.914478873e+00 4.852462165e+00 3.147537835e+00
1.090180361e+04 2.320061224e+00 1.487863356e+00 3.285387626e+00 8.367194818e-04 1.904960459e-02 3.913857843e+00 4.858581636e+00 3.141418364e+00
1.098196393e+04 2.314244445e+00 1.495703269e+00 3.280452745e+00 8.363096929e-04 1.904331765e-02 3.913237125e+00 4.864696896e+00 3.135303104e+00
1.106212425e+04 2.308459278e+00 1.503507622e+00 3.275522919e+00 8.359024231e-04 1.903705921e-02 3.912616717e+00 4.870807919e+00 3.129192081e+00
1.114228457e+04 2.302705509e+00 1.511276627e+00 3.270598151e+00 8.354976674e-04 1.903082923e-02 3.911996620e+00 4.876914677e+00 3.123085323e+00
1.122244489e+04 2.296982922e+00 1.519010494e+00 3.265678445e+00 8.350954207e-04 1.902462767e-02 3.911376831e+00 4.883017145e+00 3.116982855e+00
1.130260521e+04 2.291291306e+00 1.526709430e+00 3.260763807e+00 8.346956783e-04 1.901845448e-02 3.910757349e+00 4.889115294e+00 3.110884706e+00
1.138276553e+04 2.285630449e+00 1.534373643e+00 3.255854241e+00 8.342984353e-04 1.901230962e-02 3.910138175e+00 4.895209099e+00 3.104790901e+00
1.146292585e+04 2.280000142e+00 1.542003336e+00 3.250949752e+00 8.339036868e-04 1.900619306e-02 3.909519305e+00 4.901298532e+00 3.098701468e+00
1.154308617e+04 2.274400177e+00 1.549598713e+00 3.246050343e+00 8.335114279e-04 1.900010475e-02 3.908900740e+00 4.907383568e+00 3.092616432e+00
1.162324649e+04 2.268830348e+00 1.557159977e+00 3.241156019e+00 8.331216539e-04 1.899404465e-02 3.908282478e+00 4.913464179e+00 3.086535821e+00
1.170340681e+04 2.263290450e+00 1.564687328e+00 3.236266785e+00 8.327343599e-04 1.898801273e-02 3.907664518e+00 4.919540339e+00 3.080459661e+00
1.178356713e+04 2.257780279e+00 1.572180964e+00 3.231382645e+00 8.323495413e-04 1.898200893e-02 3.907046860e+00 4.925612022e+00 3.074387978e+00
1.186372745e+04 2.252299634e+00 1.579641084e+00 3.226503602e+00 8.319671932e-04 1.897603323e-02 3.906429501e+00 4.931679202e+00 3.068320798e+00
1.194388778e+04 2.246848314e+00 1.587067884e+00 3.221629662e+00 8.315873109e-04 1.897008558e-02 3.905812442e+00 4.937741852e+00 3.062258148e+00
1.202404810e+04 2.241426119e+00 1.594461558e+00 3.216760829e+00 8.312098898e-04 1.896416593e-02 3.905195680e+00 4.943799947e+00 3.056200053e+00
1.210420842e+04 2.236032853e+00 1.601822300e+00 3.211897106e+00 8.308349252e-04 1.895827426e-02 3.904579215e+00 4.949853460e+00 3.050146540e+00
1.218436874e+04 2.230668320e+00 1.609150302e+00 3.207038497e+00 8.304624123e-04 1.895241052e-02 3.903963047e+00 4.955902366e+00 3.044097634e+00
1.226452906e+04 2.225332326e+00 1.616445753e+00 3.202185008e+00 8.300923463e-04 1.894657466e-02 3.903347172e+00 4.961946638e+00 3.038053362e+00
1.234468938e+04 2.220024677e+00 1.623708842e+00 3.197336642e+00 8.297247228e-04 1.894076666e-02 3.902731592e+00 4.967986252e+00 3.032013748e+00
1.242484970e+04 2.214745181e+00 1.630939758e+00 3.192493402e+00 8.293595370e-04 1.893498646e-02 3.902116304e+00 4.974021181e+00 3.025978819e+00
1.250501002e+04 2.209493648e+00 1.638138687e+00 3.187655294e+00 8.289967845e-04 1.892923404e-02 3.901501307e+00 4.980051400e+00 3.019948600e+00
1.258517034e+04 2.204269888e+00 1.645305815e+00 3.182822320e+00 8.286364605e-04 1.892350934e-02 3.900886601e+00 4.986076883e+00 3.013923117e+00
1.266533066e+04 2.199073715e+00 1.652441324e+00 3.177994485e+00 8.282785607e-04 1.891781233e-02 3.900272185e+00 4.992097606e+00 3.007902394e+00
1.274549098e+04 2.193904942e+00 1.659545397e+00 3.173171792e+00 8.279230803e-04 1.891214298e-02 3.899658057e+00 4.998113542e+00 3.001886458e+00
1.282565130e+04 2.188763383e+00 1.666618215e+00 3.168354246e+00 8.275700149e-04 1.890650124e-02 3.899044216e+00 5.004124667e+00 2.995875333e+00
1.290581162e+04 2.183648855e+00 1.673659958e+00 3.163541851e+00 8.272193600e-04 1.890088707e-02 3.898430662e+00 5.010130955e+00 2.989869045e+00
1.298597194e+04 2.178561178e+00 1.680670804e+00 3.158734609e+00 8.268711111e-04 1.889530043e-02 3.897817393e+00 5.016132382e+00 2.983867618e+00
1.306613226e+04 2.173500169e+00 1.687650929e+00 3.153932525e+00 8.265252637e-04 1.888974128e-02 3.897204408e+00 5.022128923e+00 2.977871077e+00
1.314629259e+04 2.168465649e+00 1.694600510e+00 3.149135603e+00 8.261818133e-04 1.888420959e-02 3.896591707e+00 5.028120552e+00 2.971879448e+00
1.322645291e+04 2.163457441e+00 1.701519721e+00 3.144343845e+00 8.258407556e-04 1.887870532e-02 3.895979287e+00 5.034107246e+00 2.965892754e+00
1.330661323e+04 2.158475365e+00 1.708408736e+00 3.139557257e+00 8.255020860e-04 1.887322842e-02 3.895367149e+00 5.040088979e+00 2.959911021e+00
1.338677355e+04 2.153519248e+00 1.715267726e+00 3.134775840e+00 8.251658003e-04 1.886777886e-02 3.894755291e+00 5.046065726e+00 2.953934274e+00
1.346693387e+04 2.148588913e+00 1.722096864e+00 3.129999600e+00 8.248318939e-04 1.886235659e-02 3.894143712e+00 5.052037464e+00 2.947962536e+00
1.354709419e+04 2.143684189e+00 1.728896318e+00 3.125228538e+00 8.245003627e-04 1.885696159e-02 3.893532411e+00 5.058004169e+00 2.941995831e+00
1.362725451e+04 2.138804903e+00 1.735666256e+00 3.120462660e+00 8.241712021e-04 1.885159381e-02 3.892921388e+00 5.063965815e+00 2.936034185e+00
1.370741483e+04 2.133950885e+00 1.742406846e+00 3.115701968e+00 8.238444080e-04 1.884625321e-02 3.892310640e+00 5.069922378e+00 2.930077622e+00
1.378757515e+04 2.129121966e+00 1.749118253e+00 3.110946466e+00 8.235199760e-04 1.884093975e-02 3.891700167e+00 5.075873836e+00 2.924126164e+00
1.386773547e+04 2.124317977e+00 1.755800642e+00 3.106196157e+00 8.231979018e-04 1.883565340e-02 3.891089968e+00 5.081820162e+00 2.918179838e+00
1.394789579e+04 2.119538751e+00 1.762454176e+00 3.101451044e+00 8.228781811e-04 1.883039411e-02 3.890480042e+00 5.087761335e+00 2.912238665e+00
1.402805611e+04 2.114784123e+00 1.769079019e+00 3.096711130e+00 8.225608097e-04 1.882516186e-02 3.889870388e+00 5.093697329e+00 2.906302671e+00
1.410821643e+04 2.110053927e+00 1.775675332e+00 3.091976420e+00 8.222457834e-04 1.881995659e-02 3.889261005e+00 5.099628121e+00 2.900371879e+00
1.418837675e+04 2.105348000e+00 1.782243274e+00 3.087246916e+00 8.219330979e-04 1.881477828e-02 3.888651892e+00 5.105553688e+00 2.894446312e+00
1.426853707e+04 2.100666180e+00 1.788783005e+00 3.082522622e+00 8.216227491e-04 1.880962688e-02 3.888043048e+00 5.111474006e+00 2.888525994e+00
1.434869739e+04 2.096008305e+00 1.795294683e+00 3.077803540e+00 8.213147328e-04 1.880450236e-02 3.887434472e+00 5.117389051e+00 2.882610949e+00
1.442885772e+04 2.091374216e+00 1.801778464e+00 3.073089673e+00 8.210090447e-04 1.879940468e-02 3.886826162e+00 5.123298801e+00 2.876701199e+00
1.450901804e+04 2.086763756e+00 1.808234503e+00 3.068381026e+00 8.207056809e-04 1.879433379e-02 3.886218119e+00 5.129203232e+00 2.870796768e+00
1.458917836e+04 2.082176764e+00 1.814662955e+00 3.063677600e+00 8.204046371e-04 1.878928967e-02 3.885610341e+00 5.135102320e+00 2.864897680e+00
1.466933868e+04 2.077613086e+00 1.821063973e+00 3.058979399e+00 8.201059092e-04 1.878427228e-02 3.885002826e+00 5.140996044e+00 2.859003956e+00
1.474949900e+04 2.073072565e+00 1.827437710e+00 3.054286426e+00 8.198094932e-04 1.877928158e-02 3.884395574e+00 5.146884379e+00 2.853115621e+00
1.482965932e+04 2.068555048e+00 1.833784318e+00 3.049598684e+00 8.195153850e-04 1.877431752e-02 3.883788585e+00 5.152767304e+00 2.847232696e+00
1.490981964e+04 2.064060380e+00 1.840103946e+00 3.044916176e+00 8.192235806e-04 1.876938008e-02 3.883181856e+00 5.158644795e+00 2.841355205e+00
1.498997996e+04 2.059588411e+00 1.846396743e+00 3.040238904e+00 8.189340759e-04 1.876446921e-02 3.882575387e+00 5.164516829e+00 2.835483171e+00
1.507014028e+04 2.055138988e+00 1.852662858e+00 3.035566871e+00 8.186468668e-04 1.875958488e-02 3.881969177e+00 5.170383385e+00 2.829616615e+00
1.515030060e+04 2.050711962e+00 1.858902437e+00 3.030900081e+00 8.183619495e-04 1.875472706e-02 3.881363225e+00 5.176244439e+00 2.823755561e+00
1.523046092e+04 2.046307184e+00 1.865115626e+00 3.026238536e+00 8.180793198e-04 1.874989569e-02 3.880757530e+00 5.182099970e+00 2.817900030e+00
1.531062124e+04 2.041924507e+00 1.871302571e+00 3.021582238e+00 8.177989739e-04 1.874509076e-02 3.880152091e+00 5.187949954e+00 2.812050046e+00
1.539078156e+04 2.037563784e+00 1.877463414e+00 3.016931191e+00 8.175209078e-04 1.874031222e-02 3.879546907e+00 5.193794371e+00 2.806205629e+00
1.547094188e+04 2.033224868e+00 1.883598300e+00 3.012285397e+00 8.172451175e-04 1.873556002e-02 3.878941977e+00 5.199633197e+00 2.800366803e+00
1.555110220e+04 2.028907616e+00 1.889707369e+00 3.007644859e+00 8.169715992e-04 1.873083415e-02 3.878337300e+00 5.205466412e+00 2.794533588e+00
1.563126253e+04 2.024611883e+00 1.895790764e+00 3.003009580e+00 8.167003489e-04 1.872613456e-02 3.877732875e+00 5.211293992e+00 2.788706008e+00
1.571142285e+04 2.020337527e+00 1.901848624e+00 2.998379561e+00 8.164313629e-04 1.872146121e-02 3.877128702e+00 5.217115917e+00 2.782884083e+00
1.579158317e+04 2.016084406e+00 1.907881087e+00 2.993754806e+00 8.161646371e-04 1.871681407e-02 3.876524778e+00 5.222932164e+00 2.777067836e+00
1.587174349e+04 2.011852379e+00 1.913888293e+00 2.989135317e+00 8.159001679e-04 1.871219310e-02 3.875921103e+00 5.228742713e+00 2.771257287e+00
1.595190381e+04 2.007641307e+00 1.919870377e+00 2.984521096e+00 8.156379513e-04 1.870759826e-02 3.875317677e+00 5.234547541e+00 2.765452459e+00
1.603206413e+04 2.003451052e+00 1.925827476e+00 2.979912147e+00 8.153779835e-04 1.870302952e-02 3.874714498e+00 5.240346627e+00 2.759653373e+00
1.611222445e+04 1.999281476e+00 1.931759724e+00 2.975308470e+00 8.151202608e-04 1.869848684e-02 3.874111565e+00 5.246139951e+00 2.753860049e+00
1.619238477e+04 1.995132442e+00 1.937667257e+00 2.970710069e+00 8.148647793e-04 1.869397019e-02 3.873508878e+00 5.251927490e+00 2.748072510e+00
1.627254509e+04 1.991003814e+00 1.943550207e+00 2.966116947e+00 8.146115354e-04 1.868947953e-02 3.872906435e+00 5.257709224e+00 2.742290776e+00
1.635270541e+04 1.986895457e+00 1.949408706e+00 2.961529104e+00 8.143605252e-04 1.868501483e-02 3.872304235e+00 5.263485132e+00 2.736514868e+00
1.643286573e+04 1.982807238e+00 1.955242887e+00 2.956946544e+00 8.141117451e-04 1.868057604e-02 3.871702278e+00 5.269255193e+00 2.730744807e+00
1.651302605e+04 1.978739024e+00 1.961052880e+00 2.952369269e+00 8.138651913e-04 1.867616313e-02 3.871100562e+00 5.275019387e+00 2.724980613e+00
1.659318637e+04 1.974690682e+00 1.966838814e+00 2.947797281e+00 8.136208601e-04 1.867177608e-02 3.870499087e+00 5.280777692e+00 2.719222308e+00
1.667334669e+04 1.970662082e+00 1.972600818e+00 2.943230582e+00 8.133787479e-04 1.866741483e-02 3.869897851e+00 5.286530088e+00 2.713469912e+00
1.675350701e+04 1.966653095e+00 1.978339018e+00 2.938669174e+00 8.131388511e-04 1.866307936e-02 3.869296854e+00 5.292276555e+00 2.707723445e+00
1.683366733e+04 1.962663590e+00 1.984053543e+00 2.934113060e+00 8.129011659e-04 1.865876963e-02 3.868696094e+00 5.298017072e+00 2.701982928e+00
1.691382766e+04 1.958693440e+00 1.989744519e+00 2.929562241e+00 8.126656888e-04 1.865448560e-02 3.868095571e+00 5.303751620e+00 2.696248380e+00
1.699398798e+04 1.954742516e+00 1.995412070e+00 2.925016720e+00 8.124324161e-04 1.865022725e-02 3.867495284e+00 5.309480177e+00 2.690519823e+00
1.707414830e+04 1.950810693e+00 2.001056322e+00 2.920476498e+00 8.122013443e-04 1.864599453e-02 3.866895232e+00 5.315202725e+00 2.684797275e+00
1.715430862e+04 1.946897845e+00 2.006677396e+00 2.915941577e+00 8.119724698e-04 1.864178740e-02 3.866295414e+00 5.320919242e+00 2.679080758e+00
1.723446894e+04 1.943003846e+00 2.012275417e+00 2.911411960e+00 8.117457890e-04 1.863760585e-02 3.865695828e+00 5.326629710e+00 2.673370290e+00
1.731462926e+04 1.939128574e+00 2.017850506e+00 2.906887648e+00 8.115212984e-04 1.863344982e-02 3.865096475e+00 5.332334108e+00 2.667665892e+00
1.739478958e+04 1.935271905e+00 2.023402784e+00 2.902368643e+00 8.112989945e-04 1.862931929e-02 3.864497353e+00 5.338032417e+00 2.661967583e+00
1.747494990e+04 1.931433718e+00 2.028932370e+00 2.897854947e+00 8.110788737e-04 1.862521422e-02 3.863898461e+00 5.343724618e+00 2.656275382e+00
1.755511022e+04 1.927613892e+00 2.034439384e+00 2.893346562e+00 8.108609326e-04 1.862113457e-02 3.863299798e+00 5.349410691e+00 2.650589309e+00
1.763527054e+04 1.923812304e+00 2.039923944e+00 2.888843489e+00 8.106451676e-04 1.861708031e-02 3.862701363e+00 5.355090616e+00 2.644909384e+00
1.771543086e+04 1.920028837e+00 2.045386168e+00 2.884345731e+00 8.104315755e-04 1.861305141e-02 3.862103156e+00 5.360764375e+00 2.639235625e+00
1.779559118e+04 1.916263372e+00 2.050826173e+00 2.879853288e+00 8.102201525e-04 1.860904783e-02 3.861505175e+00 5.366431949e+00 2.633568051e+00
1.787575150e+04 1.912515789e+00 2.056244076e+00 2.875366163e+00 8.100108955e-04 1.860506954e-02 3.860907420e+00 5.372093318e+00 2.627906682e+00
1.795591182e+04 1.908785973e+00 2.061639990e+00 2.870884357e+00 8.098038009e-04 1.860111650e-02 3.860309889e+00 5.377748463e+00 2.622251537e+00
1.803607214e+04 1.905073807e+00 2.067014032e+00 2.866407872e+00 8.095988654e-04 1.859718869e-02 3.859712582e+00 5.383397367e+00 2.616602633e+00
1.811623246e+04 1.901379176e+00 2.072366314e+00 2.861936710e+00 8.093960856e-04 1.859328605e-02 3.859115497e+00 5.389040009e+00 2.610959991e+00
1.819639279e+04 1.897701965e+00 2.077696948e+00 2.857470871e+00 8.091954581e-04 1.858940857e-02 3.858518635e+00 5.394676373e+00 2.605323627e+00
1.827655311e+04 1.894042060e+00 2.083006048e+00 2.853010358e+00 8.089969795e-04 1.858555620e-02 3.857921993e+00 5.400306438e+00 2.599693562e+00
1.835671343e+04 1.890399348e+00 2.088293725e+00 2.848555171e+00 8.088006466e-04 1.858172892e-02 3.857325571e+00 5.405930188e+00 2.594069812e+00
1.843687375e+04 1.886773718e+00 2.093560089e+00 2.844105313e+00 8.086064561e-04 1.857792669e-02 3.856729369e+00 5.411547603e+00 2.588452397e+00
1.851703407e+04 1.883165056e+00 2.098805251e+00 2.839660784e+00 8.084144045e-04 1.857414947e-02 3.856133384e+00 5.417158665e+00 2.582841335e+00
1.859719439e+04 1.879573253e+00 2.104029319e+00 2.835221587e+00 8.082244888e-04 1.857039723e-02 3.855537617e+00 5.422763357e+00 2.577236643e+00
1.867735471e+04 1.875998199e+00 2.109232401e+00 2.830787722e+00 8.080367055e-04 1.856666994e-02 3.854942066e+00 5.428361661e+00 2.571638339e+00
1.875751503e+04 1.872439784e+00 2.114414607e+00 2.826359191e+00 8.078510514e-04 1.856296757e-02 3.854346731e+00 5.433953558e+00 2.566046442e+00
1.883767535e+04 1.868897900e+00 2.119576042e+00 2.821935994e+00 8.076675233e-04 1.855929008e-02 3.853751610e+00 5.439539031e+00 2.560460969e+00
1.891783567e+04 1.865372440e+00 2.124716812e+00 2.817518134e+00 8.074861181e-04 1.855563743e-02 3.853156702e+00 5.445118063e+00 2.554881937e+00
1.899799599e+04 1.861863296e+00 2.129837023e+00 2.813105612e+00 8.073068324e-04 1.855200961e-02 3.852562008e+00 5.450690636e+00 2.549309364e+00
1.907815631e+04 1.858370362e+00 2.134936780e+00 2.808698428e+00 8.071296631e-04 1.854840656e-02 3.851967525e+00 5.456256732e+00 2.543743268e+00
1.915831663e+04 1.854893534e+00 2.140016187e+00 2.804296583e+00 8.069546070e-04 1.854482826e-02 3.851373253e+00 5.461816334e+00 2.538183666e+00
1.923847695e+04 1.851432705e+00 2.145075348e+00 2.799900080e+00 8.067816610e-04 1.854127468e-02 3.850779192e+00 5.467369426e+00 2.532630574e+00
1.931863727e+04 1.847987772e+00 2.150114364e+00 2.795508918e+00 8.066108218e-04 1.853774578e-02 3.850185339e+00 5.472915989e+00 2.527084011e+00
1.939879760e+04 1.844558632e+00 2.155133339e+00 2.791123100e+00 8.064420865e-04 1.853424153e-02 3.849591695e+00 5.478456008e+00 2.521543992e+00
1.947895792e+04 1.841145182e+00 2.160132374e+00 2.786742625e+00 8.062754519e-04 1.853076190e-02 3.848998258e+00 5.483989465e+00 2.516010535e+00
1.955911824e+04 1.837747320e+00 2.165111568e+00 2.782367496e+00 8.061109149e-04 1.852730686e-02 3.848405027e+00 5.489516343e+00 2.510483657e+00
1.963927856e+04 1.834364944e+00 2.170071023e+00 2.777997713e+00 8.059484724e-04 1.852387636e-02 3.847812002e+00 5.495036627e+00 2.504963373e+00
1.971943888e+04 1.830997956e+00 2.175010837e+00 2.773633276e+00 8.057881213e-04 1.852047039e-02 3.847219182e+00 5.500550298e+00 2.499449702e+00
1.979959920e+04 1.827646255e+00 2.179931108e+00 2.769274187e+00 8.056298587e-04 1.851708890e-02 3.846626566e+00 5.506057342e+00 2.493942658e+00
1.987975952e+04 1.824309741e+00 2.184831936e+00 2.764920447e+00 8.054736814e-04 1.851373187e-02 3.846034152e+00 5.511557741e+00 2.488442259e+00
1.995991984e+04 1.820988317e+00 2.189713417e+00 2.760572056e+00 8.053195865e-04 1.851039927e-02 3.845441941e+00 5.517051479e+00 2.482948521e+00
2.004008016e+04 1.817681884e+00 2.194575648e+00 2.756229016e+00 8.051675709e-04 1.850709105e-02 3.844849930e+00 5.522538541e+00 2.477461459e+00
2.012024048e+04 1.814390345e+00 2.199418725e+00 2.751891326e+00 8.050176317e-04 1.850380719e-02 3.844258120e+00 5.528018910e+00 2.471981090e+00
2.020040080e+04 1.811113604e+00 2.204242744e+00 2.747558989e+00 8.048697659e-04 1.850054766e-02 3.843666510e+00 5.533492570e+00 2.466507430e+00
2.028056112e+04 1.807851566e+00 2.209047800e+00 2.743232004e+00 8.047239705e-04 1.849731242e-02 3.843075098e+00 5.538959506e+00 2.461040494e+00
2.036072144e+04 1.804604134e+00 2.213833986e+00 2.738910372e+00 8.045802426e-04 1.849410145e-02 3.842483883e+00 5.544419702e+00 2.455580298e+00
2.044088176e+04 1.801371216e+00 2.218601395e+00 2.734594094e+00 8.044385793e-04 1.849091471e-02 3.841892866e+00 5.549873142e+00 2.450126858e+00
2.052104208e+04 1.798152716e+00 2.223350121e+00 2.730283170e+00 8.042989776e-04 1.848775217e-02 3.841302044e+00 5.555319811e+00 2.444680189e+00
2.060120240e+04 1.794948543e+00 2.228080257e+00 2.725977601e+00 8.041614347e-04 1.848461379e-02 3.840711418e+00 5.560759694e+00 2.439240306e+00
2.068136273e+04 1.791758603e+00 2.232791893e+00 2.721677388e+00 8.040259477e-04 1.848149955e-02 3.840120985e+00 5.566192775e+00 2.433807225e+00
2.076152305e+04 1.788582804e+00 2.237485121e+00 2.717382531e+00 8.038925137e-04 1.847840942e-02 3.839530746e+00 5.571619040e+00 2.428380960e+00
2.084168337e+04 1.785421055e+00 2.242160032e+00 2.713093030e+00 8.037611298e-04 1.847534336e-02 3.838940699e+00 5.577038473e+00 2.422961527e+00
2.092184369e+04 1.782273266e+00 2.246816715e+00 2.708808887e+00 8.036317933e-04 1.847230135e-02 3.838350844e+00 5.582451059e+00 2.417548941e+00
2.100200401e+04 1.779139346e+00 2.251455260e+00 2.704530101e+00 8.035045012e-04 1.846928334e-02 3.837761180e+00 5.587856783e+00 2.412143217e+00
2.108216433e+04 1.776019205e+00 2.256075756e+00 2.700256673e+00 8.033792509e-04 1.846628932e-02 3.837171706e+00 5.593255631e+00 2.406744369e+00
2.116232465e+04 1.772912756e+00 2.260678290e+00 2.695988603e+00 8.032560394e-04 1.846331924e-02 3.836582420e+00 5.598647589e+00 2.401352411e+00
2.124248497e+04 1.769819910e+00 2.265262951e+00 2.691725891e+00 8.031348641e-04 1.846037309e-02 3.835993323e+00 5.604032641e+00 2.395967359e+00
2.132264529e+04 1.766740580e+00 2.269829824e+00 2.687468539e+00 8.030157221e-04 1.845745082e-02 3.835404413e+00 5.609410774e+00 2.390589226e+00
2.140280561e+04 1.763674678e+00 2.274378997e+00 2.683216545e+00 8.028986108e-04 1.845455241e-02 3.834815690e+00 5.614781973e+00 2.385218027e+00
2.148296593e+04 1.760622119e+00 2.278910555e+00 2.678969912e+00 8.027835273e-04 1.845167782e-02 3.834227152e+00 5.620146223e+00 2.379853777e+00
2.156312625e+04 1.757582816e+00 2.283424583e+00 2.674728637e+00 8.026704690e-04 1.844882703e-02 3.833638799e+00 5.625503512e+00 2.374496488e+00
2.164328657e+04 1.754556683e+00 2.287921168e+00 2.670492723e+00 8.025594331e-04 1.844600001e-02 3.833050630e+00 5.630853824e+00 2.369146176e+00
2.172344689e+04 1.751543637e+00 2.292400392e+00 2.666262168e+00 8.024504170e-04 1.844319672e-02 3.832462643e+00 5.636197147e+00 2.363802853e+00
2.180360721e+04 1.748543594e+00 2.296862339e+00 2.662036974e+00 8.023434179e-04 1.844041713e-02 3.831874840e+00 5.641533466e+00 2.358466534e+00
2.188376754e+04 1.745556469e+00 2.301307093e+00 2.657817140e+00 8.022384333e-04 1.843766122e-02 3.831287217e+00 5.646862768e+00 2.353137232e+00
2.196392786e+04 1.742582179e+00 2.305734736e+00 2.653602666e+00 8.021354605e-04 1.843492895e-02 3.830699775e+00 5.652185039e+00 2.347814961e+00
2.204408818e+04 1.739620643e+00 2.310145350e+00 2.649393553e+00 8.020344968e-04 1.843222030e-02 3.830112513e+00 5.657500266e+00 2.342499734e+00
2.212424850e+04 1.736671778e+00 2.314539017e+00 2.645189800e+00 8.019355397e-04 1.842953523e-02 3.829525429e+00 5.662808435e+00 2.337191565e+00
2.220440882e+04 1.733735504e+00 2.318915817e+00 2.640991407e+00 8.018385865e-04 1.842687371e-02 3.828938524e+00 5.668109534e+00 2.331890466e+00
2.228456914e+04 1.730811740e+00 2.323275831e+00 2.636798375e+00 8.017436345e-04 1.842423572e-02 3.828351796e+00 5.673403550e+00 2.326596450e+00
2.236472946e+04 1.727900406e+00 2.327619138e+00 2.632610703e+00 8.016506814e-04 1.842162122e-02 3.827765244e+00 5.678690468e+00 2.321309532e+00
2.244488978e+04 1.725001421e+00 2.331945819e+00 2.628428391e+00 8.015597245e-04 1.841903019e-02 3.827178868e+00 5.683970277e+00 2.316029723e+00
2.252505010e+04 1.722114707e+00 2.336255953e+00 2.624251439e+00 8.014707612e-04 1.841646259e-02 3.826592666e+00 5.689242964e+00 2.310757036e+00
2.260521042e+04 1.719240185e+00 2.340549616e+00 2.620079846e+00 8.013837890e-04 1.841391839e-02 3.826006638e+00 5.694508516e+00 2.305491484e+00
2.268537074e+04 1.716377777e+00 2.344826889e+00 2.615913614e+00 8.012988054e-04 1.841139757e-02 3.825420783e+00 5.699766920e+00 2.300233080e+00
2.276553106e+04 1.713527406e+00 2.349087848e+00 2.611752741e+00 8.012158079e-04 1.840890010e-02 3.824835101e+00 5.705018165e+00 2.294981835e+00
2.284569138e+04 1.710688994e+00 2.353332569e+00 2.607597227e+00 8.011347940e-04 1.840642595e-02 3.824249590e+00 5.710262237e+00 2.289737763e+00
2.292585170e+04 1.707862465e+00 2.357561131e+00 2.603447072e+00 8.010557612e-04 1.840397508e-02 3.823664249e+00 5.715499125e+00 2.284500875e+00
2.300601202e+04 1.705047743e+00 2.361773607e+00 2.599302276e+00 8.009787071e-04 1.840154747e-02 3.823079078e+00 5.720728816e+00 2.279271184e+00
2.308617234e+04 1.702244754e+00 2.365970073e+00 2.595162838e+00 8.009036292e-04 1.839914309e-02 3.822494076e+00 5.725951299e+00 2.274048701e+00
2.316633267e+04 1.699453422e+00 2.370150604e+00 2.591028758e+00 8.008305251e-04 1.839676192e-02 3.821909242e+00 5.731166561e+00 2.268833439e+00
2.324649299e+04 1.696673672e+00 2.374315276e+00 2.586900035e+00 8.007593923e-04 1.839440391e-02 3.821324576e+00 5.736374592e+00 2.263625408e+00
2.332665331e+04 1.693905431e+00 2.378464162e+00 2.582776670e+00 8.006902285e-04 1.839206905e-02 3.820740075e+00 5.741575378e+00 2.258424622e+00
2.340681363e+04 1.691148625e+00 2.382597335e+00 2.578658661e+00 8.006230312e-04 1.838975730e-02 3.820155741e+00 5.746768908e+00 2.253231092e+00
2.348697395e+04 1.688403182e+00 2.386714869e+00 2.574546009e+00 8.005577982e-04 1.838746864e-02 3.819571571e+00 5.751955172e+00 2.248044828e+00
2.356713427e+04 1.685669028e+00 2.390816836e+00 2.570438712e+00 8.004945269e-04 1.838520303e-02 3.818987565e+00 5.757134157e+00 2.242865843e+00
2.364729459e+04 1.682946091e+00 2.394903309e+00 2.566336771e+00 8.004332151e-04 1.838296045e-02 3.818403723e+00 5.762305853e+00 2.237694147e+00
2.372745491e+04 1.680234301e+00 2.398974358e+00 2.562240184e+00 8.003738605e-04 1.838074088e-02 3.817820043e+00 5.767470248e+00 2.232529752e+00
2.380761523e+04 1.677533586e+00 2.403030057e+00 2.558148951e+00 8.003164606e-04 1.837854427e-02 3.817236524e+00 5.772627331e+00 2.227372669e+00
2.388777555e+04 1.674843877e+00 2.407070473e+00 2.554063072e+00 8.002610133e-04 1.837637061e-02 3.816653167e+00 5.777777092e+00 2.222222908e+00
2.396793587e+04 1.672165102e+00 2.411095679e+00 2.549982546e+00 8.002075161e-04 1.837421986e-02 3.816069969e+00 5.782919519e+00 2.217080481e+00
2.404809619e+04 1.669497193e+00 2.415105745e+00 2.545907372e+00 8.001559668e-04 1.837209200e-02 3.815486930e+00 5.788054602e+00 2.211945398e+00
2.412825651e+04 1.666840080e+00 2.419100739e+00 2.541837549e+00 8.001063632e-04 1.836998700e-02 3.814904050e+00 5.793182329e+00 2.206817671e+00
2.420841683e+04 1.664193694e+00 2.423080730e+00 2.537773077e+00 8.000587030e-04 1.836790483e-02 3.814321328e+00 5.798302692e+00 2.201697308e+00
2.428857715e+04 1.661557967e+00 2.427045788e+00 2.533713955e+00 8.000129839e-04 1.836584547e-02 3.813738762e+00 5.803415679e+00 2.196584321e+00
2.436873747e+04 1.658932832e+00 2.430995981e+00 2.529660182e+00 7.999692037e-04 1.836380888e-02 3.813156352e+00 5.808521279e+00 2.191478721e+00
2.444889780e+04 1.656318221e+00 2.434931376e+00 2.525611758e+00 7.999273602e-04 1.836179504e-02 3.812574097e+00 5.813619483e+00 2.186380517e+00
2.452905812e+04 1.653714068e+00 2.438852041e+00 2.521568682e+00 7.998874513e-04 1.835980391e-02 3.811991997e+00 5.818710281e+00 2.181289719e+00
2.460921844e+04 1.651120305e+00 2.442758042e+00 2.517530952e+00 7.998494746e-04 1.835783549e-02 3.811410050e+00 5.823793663e+00 2.176206337e+00
2.468937876e+04 1.648536867e+00 2.446649446e+00 2.513498568e+00 7.998134281e-04 1.835588972e-02 3.810828256e+00 5.828869618e+00 2.171130382e+00
2.476953908e+04 1.645963690e+00 2.450526318e+00 2.509471529e+00 7.997793095e-04 1.835396660e-02 3.810246614e+00 5.833938137e+00 2.166061863e+00
2.484969940e+04 1.643400708e+00 2.454388724e+00 2.505449834e+00 7.997471168e-04 1.835206608e-02 3.809665124e+00 5.838999210e+00 2.161000790e+00
2.492985972e+04 1.640847856e+00 2.458236729e+00 2.501433482e+00 7.997168477e-04 1.835018815e-02 3.809083783e+00 5.844052828e+00 2.155947172e+00
2.501002004e+04 1.638305069e+00 2.462070399e+00 2.497422473e+00 7.996885002e-04 1.834833278e-02 3.808502593e+00 5.849098982e+00 2.150901018e+00
2.509018036e+04 1.635772285e+00 2.465889798e+00 2.493416804e+00 7.996620721e-04 1.834649993e-02 3.807921551e+00 5.854137661e+00 2.145862339e+00
2.517034068e+04 1.633249440e+00 2.469694990e+00 2.489416476e+00 7.996375615e-04 1.834468959e-02 3.807340657e+00 5.859168857e+00 2.140831143e+00
2.525050100e+04 1.630736471e+00 2.473486038e+00 2.485421487e+00 7.996149660e-04 1.834290172e-02 3.806759911e+00 5.864192561e+00 2.135807439e+00
2.533066132e+04 1.628233315e+00 2.477263005e+00 2.481431835e+00 7.995942838e-04 1.834113630e-02 3.806179311e+00 5.869208763e+00 2.130791237e+00
2.541082164e+04 1.625739910e+00 2.481025955e+00 2.477447521e+00 7.995755127e-04 1.833939331e-02 3.805598857e+00 5.874217454e+00 2.125782546e+00
2.549098196e+04 1.623256195e+00 2.484774949e+00 2.473468542e+00 7.995586508e-04 1.833767270e-02 3.805018548e+00 5.879218627e+00 2.120781373e+00
2.557114228e+04 1.620782108e+00 2.488510051e+00 2.469494898e+00 7.995436959e-04 1.833597447e-02 3.804438382e+00 5.884212271e+00 2.115787729e+00
2.565130261e+04 1.618317589e+00 2.492231321e+00 2.465526587e+00 7.995306461e-04 1.833429858e-02 3.803858361e+00 5.889198378e+00 2.110801622e+00
2.573146293e+04 1.615862576e+00 2.495938821e+00 2.461563608e+00 7.995194993e-04 1.833264500e-02 3.803278482e+00 5.894176941e+00 2.105823059e+00
2.581162325e+04 1.613417011e+00 2.499632613e+00 2.457605959e+00 7.995102537e-04 1.833101372e-02 3.802698745e+00 5.899147950e+00 2.100852050e+00
2.589178357e+04 1.610980832e+00 2.503312756e+00 2.453653641e+00 7.995029072e-04 1.832940469e-02 3.802119149e+00 5.904111397e+00 2.095888603e+00
2.597194389e+04 1.608553981e+00 2.506979310e+00 2.449706651e+00 7.994974577e-04 1.832781791e-02 3.801539693e+00 5.909067273e+00 2.090932727e+00
2.605210421e+04 1.606136399e+00 2.510632337e+00 2.445764988e+00 7.994939035e-04 1.832625333e-02 3.800960377e+00 5.914015572e+00 2.085984428e+00
2.613226453e+04 1.603728027e+00 2.514271894e+00 2.441828650e+00 7.994922426e-04 1.832471094e-02 3.800381199e+00 5.918956284e+00 2.081043716e+00
2.621242485e+04 1.601328807e+00 2.517898042e+00 2.437897637e+00 7.994924730e-04 1.832319071e-02 3.799802160e+00 5.923889402e+00 2.076110598e+00
2.629258517e+04 1.598938681e+00 2.521510840e+00 2.433971946e+00 7.994945928e-04 1.832169261e-02 3.799223257e+00 5.928814918e+00 2.071185082e+00
2.637274549e+04 1.596557592e+00 2.525110344e+00 2.430051577e+00 7.994986001e-04 1.832021662e-02 3.798644492e+00 5.933732825e+00 2.066267175e+00
2.645290581e+04 1.594185484e+00 2.528696614e+00 2.426136529e+00 7.995044930e-04 1.831876271e-02 3.798065862e+00 5.938643114e+00 2.061356886e+00
2.653306613e+04 1.591822302e+00 2.532269704e+00 2.422226798e+00 7.995122695e-04 1.831733085e-02 3.797487367e+00 5.943545778e+00 2.056454222e+00
2.661322645e+04 1.589467987e+00 2.535829675e+00 2.418322385e+00 7.995219279e-04 1.831592103e-02 3.796909006e+00 5.948440811e+00 2.051559189e+00
2.669338677e+04 1.587122485e+00 2.539376581e+00 2.414423287e+00 7.995334662e-04 1.831453321e-02 3.796330778e+00 5.953328203e+00 2.046671797e+00
2.677354709e+04 1.584785740e+00 2.542910480e+00 2.410529503e+00 7.995468827e-04 1.831316737e-02 3.795752684e+00 5.958207950e+00 2.041792050e+00
2.685370741e+04 1.582457697e+00 2.546431428e+00 2.406641032e+00 7.995621754e-04 1.831182348e-02 3.795174721e+00 5.963080042e+00 2.036919958e+00
2.693386774e+04 1.580138303e+00 2.549939481e+00 2.402757872e+00 7.995793425e-04 1.831050152e-02 3.794596889e+00 5.967944474e+00 2.032055526e+00
2.701402806e+04 1.577827502e+00 2.553434693e+00 2.398880020e+00 7.995983823e-04 1.830920147e-02 3.794019188e+00 5.972801238e+00 2.027198762e+00
2.709418838e+04 1.575525241e+00 2.556917120e+00 2.395007477e+00 7.996192928e-04 1.830792329e-02 3.793441616e+00 5.977650327e+00 2.022349673e+00
2.717434870e+04 1.573231462e+00 2.560386819e+00 2.391140239e+00 7.996420729e-04 1.830666697e-02 3.792864173e+00 5.982491736e+00 2.017508264e+00
2.725450902e+04 1.570946116e+00 2.563843845e+00 2.387278305e+00 7.996667204e-04 1.830543247e-02 3.792286859e+00 5.987325457e+00 2.012674543e+00
2.733466934e+04 1.568669148e+00 2.567288250e+00 2.383421674e+00 7.996932336e-04 1.830421978e-02 3.791709672e+00 5.992151483e+00 2.007848517e+00
2.741482966e+04 1.566400506e+00 2.570720089e+00 2.379570344e+00 7.997216109e-04 1.830302887e-02 3.791132611e+00 5.996969809e+00 2.003030191e+00
2.749498998e+04 1.564140138e+00 2.574139416e+00 2.375724313e+00 7.997518505e-04 1.830185972e-02 3.790555677e+00 6.001780428e+00 1.998219572e+00
2.757515030e+04 1.561887992e+00 2.577546283e+00 2.371883579e+00 7.997839508e-04 1.830071229e-02 3.789978867e+00 6.006583334e+00 1.993416666e+00
2.765531062e+04 1.559644015e+00 2.580940745e+00 2.368048141e+00 7.998179100e-04 1.829958657e-02 3.789402183e+00 6.011378521e+00 1.988621479e+00
2.773547094e+04 1.557408158e+00 2.584322852e+00 2.364217996e+00 7.998537262e-04 1.829848253e-02 3.788825621e+00 6.016165983e+00 1.983834017e+00
2.781563126e+04 1.555180369e+00 2.587692658e+00 2.360393143e+00 7.998913977e-04 1.829740014e-02 3.788249183e+00 6.020945713e+00 1.979054287e+00
2.789579158e+04 1.552960597e+00 2.591050215e+00 2.356573580e+00 7.999309231e-04 1.829633939e-02 3.787672867e+00 6.025717707e+00 1.974282293e+00
2.797595190e+04 1.550748792e+00 2.594395575e+00 2.352759304e+00 7.999723006e-04 1.829530024e-02 3.787096672e+00 6.030481958e+00 1.969518042e+00
2.805611222e+04 1.548544905e+00 2.597728788e+00 2.348950315e+00 8.000155285e-04 1.829428268e-02 3.786520598e+00 6.035238461e+00 1.964761539e+00
2.813627255e+04 1.546348886e+00 2.601049906e+00 2.345146610e+00 8.000606053e-04 1.829328668e-02 3.785944644e+00 6.039987210e+00 1.960012790e+00
2.821643287e+04 1.544160685e+00 2.604358980e+00 2.341348187e+00 8.001075292e-04 1.829231221e-02 3.785368810e+00 6.044728200e+00 1.955271800e+00
2.829659319e+04 1.541980255e+00 2.607656060e+00 2.337555045e+00 8.001562990e-04 1.829135926e-02 3.784793094e+00 6.049461426e+00 1.950538574e+00
2.837675351e+04 1.539807546e+00 2.610941195e+00 2.333767180e+00 8.002069129e-04 1.829042779e-02 3.784217495e+00 6.054186882e+00 1.945813118e+00
2.845691383e+04 1.537642510e+00 2.614214435e+00 2.329984592e+00 8.002593692e-04 1.828951779e-02 3.783642014e+00 6.058904563e+00 1.941095437e+00
2.853707415e+04 1.535485101e+00 2.617475831e+00 2.326207278e+00 8.003136665e-04 1.828862922e-02 3.783066649e+00 6.063614465e+00 1.936385535e+00
2.861723447e+04 1.533335269e+00 2.620725431e+00 2.322435235e+00 8.003698033e-04 1.828776207e-02 3.782491400e+00 6.068316582e+00 1.931683418e+00
2.869739479e+04 1.531192969e+00 2.623963283e+00 2.318668463e+00 8.004277779e-04 1.828691632e-02 3.781916266e+00 6.073010909e+00 1.926989091e+00
2.877755511e+04 1.529058153e+00 2.627189437e+00 2.314906958e+00 8.004875888e-04 1.828609194e-02 3.781341245e+00 6.077697442e+00 1.922302558e+00
2.885771543e+04 1.526930772e+00 2.630403943e+00 2.311150719e+00 8.005492344e-04 1.828528890e-02 3.780766339e+00 6.082376177e+00 1.917623823e+00
2.893787575e+04 1.524810782e+00 2.633606847e+00 2.307399743e+00 8.006127134e-04 1.828450718e-02 3.780191544e+00 6.087047108e+00 1.912952892e+00
2.901803607e+04 1.522698136e+00 2.636798198e+00 2.303654029e+00 8.006780241e-04 1.828374677e-02 3.779616862e+00 6.091710231e+00 1.908289769e+00
2.909819639e+04 1.520592789e+00 2.639978042e+00 2.299913573e+00 8.007451651e-04 1.828300763e-02 3.779042291e+00 6.096365541e+00 1.903634459e+00
2.917835671e+04 1.518494696e+00 2.643146427e+00 2.296178375e+00 8.008141350e-04 1.828228974e-02 3.778467831e+00 6.101013036e+00 1.898986964e+00
2.925851703e+04 1.516403811e+00 2.646303400e+00 2.292448430e+00 8.008849322e-04 1.828159309e-02 3.777893481e+00 6.105652710e+00 1.894347290e+00
2.933867735e+04 1.514320090e+00 2.649449007e+00 2.288723739e+00 8.009575553e-04 1.828091764e-02 3.777319239e+00 6.110284559e+00 1.889715441e+00
2.941883768e+04 1.512243485e+00 2.652583298e+00 2.285004297e+00 8.010320027e-04 1.828026338e-02 3.776745106e+00 6.114908579e+00 1.885091421e+00
2.949899800e+04 1.510173954e+00 2.655706317e+00 2.281290102e+00 8.011082731e-04 1.827963028e-02 3.776171081e+00 6.119524767e+00 1.880475233e+00
2.957915832e+04 1.508111452e+00 2.658818110e+00 2.277581153e+00 8.011863650e-04 1.827901831e-02 3.775597162e+00 6.124133119e+00 1.875866881e+00
2.965931864e+04 1.506055937e+00 2.661918722e+00 2.273877447e+00 8.012662770e-04 1.827842747e-02 3.775023350e+00 6.128733630e+00 1.871266370e+00
2.973947896e+04 1.504007364e+00 2.665008199e+00 2.270178982e+00 8.013480078e-04 1.827785772e-02 3.774449644e+00 6.133326298e+00 1.866673702e+00
2.981963928e+04 1.501965690e+00 2.668086587e+00 2.266485754e+00 8.014315558e-04 1.827730903e-02 3.773876042e+00 6.137911119e+00 1.862088881e+00
2.989979960e+04 1.499930872e+00 2.671153929e+00 2.262797762e+00 8.015169201e-04 1.827678140e-02 3.773302544e+00 6.142488089e+00 1.857511911e+00
2.997995992e+04 1.497902870e+00 2.674210270e+00 2.259115004e+00 8.016040993e-04 1.827627480e-02 3.772729150e+00 6.147057206e+00 1.852942794e+00
3.006012024e+04 1.495881639e+00 2.677255655e+00 2.255437476e+00 8.016930922e-04 1.827578920e-02 3.772155858e+00 6.151618465e+00 1.848381535e+00
3.014028056e+04 1.493867138e+00 2.680290127e+00 2.251765176e+00 8.017838973e-04 1.827532458e-02 3.771582669e+00 6.156171864e+00 1.843828136e+00
3.022044088e+04 1.491859326e+00 2.683313730e+00 2.248098102e+00 8.018765134e-04 1.827488092e-02 3.771009580e+00 6.160717400e+00 1.839282600e+00
3.030060120e+04 1.489858161e+00 2.686326507e+00 2.244436252e+00 8.019709393e-04 1.827445821e-02 3.770436593e+00 6.165255070e+00 1.834744930e+00
3.038076152e+04 1.487863602e+00 2.689328502e+00 2.240779622e+00 8.020671739e-04 1.827405641e-02 3.769863705e+00 6.169784870e+00 1.830215130e+00
3.046092184e+04 1.485875609e+00 2.692319757e+00 2.237128210e+00 8.021652159e-04 1.827367550e-02 3.769290916e+00 6.174306799e+00 1.825693201e+00
3.054108216e+04 1.483894138e+00 2.695300317e+00 2.233482014e+00 8.022650631e-04 1.827331547e-02 3.768718226e+00 6.178820853e+00 1.821179147e+00
3.062124248e+04 1.481919152e+00 2.698270223e+00 2.229841030e+00 8.023667147e-04 1.827297628e-02 3.768145633e+00 6.183327030e+00 1.816672970e+00
3.070140281e+04 1.479950608e+00 2.701229518e+00 2.226205257e+00 8.024701695e-04 1.827265793e-02 3.767573138e+00 6.187825328e+00 1.812174672e+00
3.078156313e+04 1.477988469e+00 2.704178244e+00 2.222574691e+00 8.025754263e-04 1.827236039e-02 3.767000739e+00 6.192315743e+00 1.807684257e+00
3.086172345e+04 1.476032693e+00 2.707116442e+00 2.218949330e+00 8.026824836e-04 1.827208363e-02 3.766428436e+00 6.196798274e+00 1.803201726e+00
3.094188377e+04 1.474083242e+00 2.710044155e+00 2.215329172e+00 8.027913404e-04 1.827182763e-02 3.765856228e+00 6.201272919e+00 1.798727081e+00
3.102204409e+04 1.472140076e+00 2.712961423e+00 2.211714213e+00 8.029019952e-04 1.827159238e-02 3.765284114e+00 6.205739675e+00 1.794260325e+00
3.110220441e+04 1.470203156e+00 2.715868289e+00 2.208104450e+00 8.030144470e-04 1.827137785e-02 3.764712093e+00 6.210198539e+00 1.789801461e+00
3.118236473e+04 1.468272445e+00 2.718764791e+00 2.204499882e+00 8.031286950e-04 1.827118403e-02 3.764140166e+00 6.214649512e+00 1.785350488e+00
3.126252505e+04 1.466347903e+00 2.721650972e+00 2.200900505e+00 8.032447376e-04 1.827101088e-02 3.763568330e+00 6.219092589e+00 1.780907411e+00
3.134268537e+04 1.464429492e+00 2.724526872e+00 2.197306316e+00 8.033625738e-04 1.827085839e-02 3.762996587e+00 6.223527770e+00 1.776472230e+00
3.142284569e+04 1.462517175e+00 2.727392532e+00 2.193717313e+00 8.034822022e-04 1.827072654e-02 3.762424934e+00 6.227955053e+00 1.772044947e+00
3.150300601e+04 1.460610913e+00 2.730247991e+00 2.190133493e+00 8.036036217e-04 1.827061531e-02 3.761853371e+00 6.232374436e+00 1.767625564e+00
3.158316633e+04 1.458710668e+00 2.733093289e+00 2.186554853e+00 8.037268312e-04 1.827052467e-02 3.761281898e+00 6.236785918e+00 1.763214082e+00
3.166332665e+04 1.456816404e+00 2.735928467e+00 2.182981389e+00 8.038518294e-04 1.827045461e-02 3.760710513e+00 6.241189497e+00 1.758810503e+00
3.174348697e+04 1.454928085e+00 2.738753561e+00 2.179413100e+00 8.039786158e-04 1.827040510e-02 3.760139217e+00 6.245585172e+00 1.754414828e+00
3.182364729e+04 1.453045674e+00 2.741568612e+00 2.175849982e+00 8.041071896e-04 1.827037613e-02 3.759568008e+00 6.249972941e+00 1.750027059e+00
3.190380762e+04 1.451169135e+00 2.744373658e+00 2.172292033e+00 8.042375493e-04 1.827036767e-02 3.758996886e+00 6.254352804e+00 1.745647196e+00
3.198396794e+04 1.449298432e+00 2.747168738e+00 2.168739249e+00 8.043696941e-04 1.827037971e-02 3.758425850e+00 6.258724759e+00 1.741275241e+00
3.206412826e+04 1.447433527e+00 2.749953890e+00 2.165191627e+00 8.045036230e-04 1.827041222e-02 3.757854899e+00 6.263088806e+00 1.736911194e+00
3.214428858e+04 1.445574387e+00 2.752729153e+00 2.161649165e+00 8.046393351e-04 1.827046518e-02 3.757284033e+00 6.267444943e+00 1.732555057e+00
3.222444890e+04 1.443720975e+00 2.755494564e+00 2.158111859e+00 8.047768295e-04 1.827053858e-02 3.756713251e+00 6.271793169e+00 1.728206831e+00
3.230460922e+04 1.441873256e+00 2.758250161e+00 2.154579706e+00 8.049161054e-04 1.827063239e-02 3.756142552e+00 6.276133484e+00 1.723866516e+00
3.238476954e+04 1.440031195e+00 2.760995983e+00 2.151052704e+00 8.050571602e-04 1.827074660e-02 3.755571936e+00 6.280465887e+00 1.719534113e+00
3.246492986e+04 1.438194757e+00 2.763732066e+00 2.147530850e+00 8.051999935e-04 1.827088117e-02 3.755001402e+00 6.284790378e+00 1.715209622e+00
3.254509018e+04 1.436363907e+00 2.766458448e+00 2.144014139e+00 8.053446045e-04 1.827103610e-02 3.754430949e+00 6.289106956e+00 1.710893044e+00
3.262525050e+04 1.434538611e+00 2.769175165e+00 2.140502569e+00 8.054909922e-04 1.827121136e-02 3.753860577e+00 6.293415620e+00 1.706584380e+00
3.270541082e+04 1.432718836e+00 2.771882254e+00 2.136996138e+00 8.056391554e-04 1.827140693e-02 3.753290285e+00 6.297716370e+00 1.702283630e+00
3.278557114e+04 1.430904546e+00 2.774579752e+00 2.133494841e+00 8.057890932e-04 1.827162280e-02 3.752720072e+00 6.302009207e+00 1.697990793e+00
3.286573146e+04 1.429095709e+00 2.777267695e+00 2.129998676e+00 8.059408043e-04 1.827185894e-02 3.752149938e+00 6.306294129e+00 1.693705871e+00
3.294589178e+04 1.427292292e+00 2.779946119e+00 2.126507640e+00 8.060942881e-04 1.827211533e-02 3.751579881e+00 6.310571136e+00 1.689428864e+00
3.302605210e+04 1.425494260e+00 2.782615060e+00 2.123021729e+00 8.062495443e-04 1.827239196e-02 3.751009903e+00 6.314840230e+00 1.685159770e+00
3.310621242e+04 1.423701581e+00 2.785274554e+00 2.119540940e+00 8.064065715e-04 1.827268880e-02 3.750440000e+00 6.319101409e+00 1.680898591e+00
3.318637275e+04 1.421914222e+00 2.787924635e+00 2.116065270e+00 8.065653687e-04 1.827300584e-02 3.749870174e+00 6.323354673e+00 1.676645327e+00
3.326653307e+04 1.420132151e+00 2.790565341e+00 2.112594716e+00 8.067259349e-04 1.827334306e-02 3.749300423e+00 6.327600024e+00 1.672399976e+00
3.334669339e+04 1.418355334e+00 2.793196705e+00 2.109129275e+00 8.068882692e-04 1.827370043e-02 3.748730746e+00 6.331837462e+00 1.668162538e+00
3.342685371e+04 1.416583741e+00 2.795818763e+00 2.105668942e+00 8.070523708e-04 1.827407794e-02 3.748161144e+00 6.336066986e+00 1.663933014e+00
3.350701403e+04 1.414817338e+00 2.798431549e+00 2.102213715e+00 8.072182388e-04 1.827447557e-02 3.747591615e+00 6.340288597e+00 1.659711403e+00
3.358717435e+04 1.413056095e+00 2.801035097e+00 2.098763591e+00 8.073858726e-04 1.827489330e-02 3.747022159e+00 6.344502296e+00 1.655497704e+00
3.366733467e+04 1.411299980e+00 2.803629443e+00 2.095318566e+00 8.075552720e-04 1.827533111e-02 3.746452774e+00 6.348708083e+00 1.651291917e+00
3.374749499e+04 1.409548961e+00 2.806214620e+00 2.091878637e+00 8.077264357e-04 1.827578899e-02 3.745883461e+00 6.352905960e+00 1.647094040e+00
3.382765531e+04 1.407803008e+00 2.808790662e+00 2.088443801e+00 8.078993631e-04 1.827626691e-02 3.745314219e+00 6.357095926e+00 1.642904074e+00
3.390781563e+04 1.406062089e+00 2.811357603e+00 2.085014054e+00 8.080740536e-04 1.827676485e-02 3.744745046e+00 6.361277983e+00 1.638722017e+00
3.398797595e+04 1.404326174e+00 2.813915476e+00 2.081589392e+00 8.082505065e-04 1.827728281e-02 3.744175943e+00 6.365452132e+00 1.634547868e+00
3.406813627e+04 1.402595233e+00 2.816464315e+00 2.078169813e+00 8.084287213e-04 1.827782075e-02 3.743606909e+00 6.369618373e+00 1.630381627e+00
3.414829659e+04 1.400869235e+00 2.819004153e+00 2.074755313e+00 8.086086974e-04 1.827837866e-02 3.743037943e+00 6.373776708e+00 1.626223292e+00
3.422845691e+04 1.399148149e+00 2.821535023e+00 2.071345888e+00 8.087904324e-04 1.827895653e-02 3.742469044e+00 6.377927138e+00 1.622072862e+00
3.430861723e+04 1.397431946e+00 2.824056959e+00 2.067941535e+00 8.089739262e-04 1.827955433e-02 3.741900212e+00 6.382069665e+00 1.617930335e+00
3.438877756e+04 1.395720596e+00 2.826569993e+00 2.064542251e+00 8.091591784e-04 1.828017204e-02 3.741331446e+00 6.386204288e+00 1.613795712e+00
3.446893788e+04 1.394014069e+00 2.829074157e+00 2.061148032e+00 8.093461882e-04 1.828080965e-02 3.740762745e+00 6.390331011e+00 1.609668989e+00
3.454909820e+04 1.392312337e+00 2.831569483e+00 2.057758875e+00 8.095349549e-04 1.828146714e-02 3.740194110e+00 6.394449834e+00 1.605550166e+00
3.462925852e+04 1.390615369e+00 2.834056005e+00 2.054374775e+00 8.097254776e-04 1.828214449e-02 3.739625538e+00 6.398560759e+00 1.601439241e+00
3.470941884e+04 1.388923138e+00 2.836533754e+00 2.050995730e+00 8.099177556e-04 1.828284169e-02 3.739057030e+00 6.402663788e+00 1.597336212e+00
3.478957916e+04 1.387235613e+00 2.839002761e+00 2.047621736e+00 8.101117882e-04 1.828355871e-02 3.738488585e+00 6.406758921e+00 1.593241079e+00
3.486973948e+04 1.385552766e+00 2.841463060e+00 2.044252790e+00 8.103075742e-04 1.828429553e-02 3.737920202e+00 6.410846162e+00 1.589153838e+00
3.494989980e+04 1.383874570e+00 2.843914680e+00 2.040888887e+00 8.105051130e-04 1.828505215e-02 3.737351881e+00 6.414925512e+00 1.585074488e+00
3.503006012e+04 1.382200995e+00 2.846357654e+00 2.037530024e+00 8.107044037e-04 1.828582853e-02 3.736783620e+00 6.418996972e+00 1.581003028e+00
3.511022044e+04 1.380532013e+00 2.848792013e+00 2.034176198e+00 8.109054456e-04 1.828662467e-02 3.736215420e+00 6.423060545e+00 1.576939455e+00
3.519038076e+04 1.378867596e+00 2.851217787e+00 2.030827405e+00 8.111082376e-04 1.828744054e-02 3.735647280e+00 6.427116234e+00 1.572883766e+00
3.527054108e+04 1.377207717e+00 2.853635009e+00 2.027483641e+00 8.113127790e-04 1.828827613e-02 3.735079199e+00 6.431164039e+00 1.568835961e+00
3.535070140e+04 1.375552348e+00 2.856043708e+00 2.024144903e+00 8.115190687e-04 1.828913142e-02 3.734511176e+00 6.435203963e+00 1.564796037e+00
3.543086172e+04 1.373901463e+00 2.858443914e+00 2.020811186e+00 8.117271080e-04 1.829000639e-02 3.733943210e+00 6.439236009e+00 1.560763991e+00
3.551102204e+04 1.372255034e+00 2.860835657e+00 2.017482488e+00 8.119368980e-04 1.829090104e-02 3.733375302e+00 6.443260178e+00 1.556739822e+00
3.559118236e+04 1.370613034e+00 2.863218968e+00 2.014158805e+00 8.121484364e-04 1.829181533e-02 3.732807451e+00 6.447276474e+00 1.552723526e+00
3.567134269e+04 1.368975437e+00 2.865593876e+00 2.010840132e+00 8.123617229e-04 1.829274926e-02 3.732239655e+00 6.451284899e+00 1.548715101e+00
3.575150301e+04 1.367342216e+00 2.867960412e+00 2.007526466e+00 8.125767571e-04 1.829370280e-02 3.731671914e+00 6.455285455e+00 1.544714545e+00
3.583166333e+04 1.365713345e+00 2.870318604e+00 2.004217804e+00 8.127935388e-04 1.829467595e-02 3.731104228e+00 6.459278145e+00 1.540721855e+00
3.591182365e+04 1.364088797e+00 2.872668483e+00 2.000914141e+00 8.130120679e-04 1.829566868e-02 3.730536596e+00 6.463262972e+00 1.536737028e+00
3.599198397e+04 1.362468547e+00 2.875010077e+00 1.997615474e+00 8.132323443e-04 1.829668097e-02 3.729969017e+00 6.467239938e+00 1.532760062e+00
3.607214429e+04 1.360852568e+00 2.877343416e+00 1.994321798e+00 8.134543671e-04 1.829771282e-02 3.729401491e+00 6.471209046e+00 1.528790954e+00
3.615230461e+04 1.359240834e+00 2.879668530e+00 1.991033111e+00 8.136781338e-04 1.829876420e-02 3.728834017e+00 6.475170300e+00 1.524829700e+00
3.623246493e+04 1.357633320e+00 2.881985447e+00 1.987749409e+00 8.139036453e-04 1.829983510e-02 3.728266594e+00 6.479123702e+00 1.520876298e+00
3.631262525e+04 1.356029999e+00 2.884294196e+00 1.984470686e+00 8.141309013e-04 1.830092550e-02 3.727699222e+00 6.483069256e+00 1.516930744e+00
3.639278557e+04 1.354430848e+00 2.886594805e+00 1.981196941e+00 8.143599011e-04 1.830203538e-02 3.727131900e+00 6.487006963e+00 1.512993037e+00
3.647294589e+04 1.352835840e+00 2.888887304e+00 1.977928168e+00 8.145906442e-04 1.830316473e-02 3.726564628e+00 6.490936829e+00 1.509063171e+00
3.655310621e+04 1.351244951e+00 2.891171720e+00 1.974664364e+00 8.148231299e-04 1.830431353e-02 3.725997405e+00 6.494858855e+00 1.505141145e+00
3.663326653e+04 1.349658155e+00 2.893448082e+00 1.971405525e+00 8.150573568e-04 1.830548176e-02 3.725430230e+00 6.498773046e+00 1.501226954e+00
3.671342685e+04 1.348075428e+00 2.895716418e+00 1.968151646e+00 8.152933234e-04 1.830666941e-02 3.724863103e+00 6.502679404e+00 1.497320596e+00
3.679358717e+04 1.346496745e+00 2.897976757e+00 1.964902725e+00 8.155310293e-04 1.830787646e-02 3.724296022e+00 6.506577934e+00 1.493422066e+00
3.687374749e+04 1.344922081e+00 2.900229126e+00 1.961658758e+00 8.157704734e-04 1.830910288e-02 3.723728988e+00 6.510468637e+00 1.489531363e+00
3.695390782e+04 1.343351411e+00 2.902473553e+00 1.958419739e+00 8.160116543e-04 1.831034868e-02 3.723162000e+00 6.514351520e+00 1.485648480e+00
3.703406814e+04 1.341784712e+00 2.904710066e+00 1.955185666e+00 8.162545707e-04 1.831161382e-02 3.722595057e+00 6.518226584e+00 1.481773416e+00
3.711422846e+04 1.340221959e+00 2.906938693e+00 1.951956534e+00 8.164992212e-04 1.831289829e-02 3.722028159e+00 6.522093833e+00 1.477906167e+00
3.719438878e+04 1.338663133e+00 2.909159456e+00 1.948732339e+00 8.167456146e-04 1.831420208e-02 3.721461305e+00 6.525953273e+00 1.474046727e+00
3.727454910e+04 1.337108214e+00 2.911372378e+00 1.945513078e+00 8.169937575e-04 1.831552521e-02 3.720894494e+00 6.529804905e+00 1.470195095e+00
3.735470942e+04 1.335557170e+00 2.913577496e+00 1.942298745e+00 8.172436324e-04 1.831686761e-02 3.720327725e+00 6.533648735e+00 1.466351265e+00
3.743486974e+04 1.334009981e+00 2.915774832e+00 1.939089338e+00 8.174952470e-04 1.831822929e-02 3.719760999e+00 6.537484765e+00 1.462515235e+00
3.751503006e+04 1.332466624e+00 2.917964414e+00 1.935884853e+00 8.177486010e-04 1.831961023e-02 3.719194314e+00 6.541313001e+00 1.458686999e+00
3.759519038e+04 1.330927075e+00 2.920146268e+00 1.932685284e+00 8.180036929e-04 1.832101042e-02 3.718627670e+00 6.545133447e+00 1.454866553e+00
3.767535070e+04 1.329391311e+00 2.922320420e+00 1.929490628e+00 8.182605233e-04 1.832242985e-02 3.718061067e+00 6.548946106e+00 1.451053894e+00
3.775551102e+04 1.327859311e+00 2.924486897e+00 1.926300881e+00 8.185190899e-04 1.832386848e-02 3.717494502e+00 6.552750982e+00 1.447249018e+00
3.783567134e+04 1.326331051e+00 2.926645725e+00 1.923116039e+00 8.187793919e-04 1.832532632e-02 3.716927977e+00 6.556548081e+00 1.443451919e+00
3.791583166e+04 1.324806509e+00 2.928796929e+00 1.919936098e+00 8.190414308e-04 1.832680333e-02 3.716361491e+00 6.560337406e+00 1.439662594e+00
3.799599198e+04 1.323285663e+00 2.930940535e+00 1.916761054e+00 8.193052049e-04 1.832829952e-02 3.715795042e+00 6.564118962e+00 1.435881038e+00
3.807615230e+04 1.321768492e+00 2.933076570e+00 1.913590901e+00 8.195707149e-04 1.832981486e-02 3.715228630e+00 6.567892754e+00 1.432107246e+00
3.815631263e+04 1.320254972e+00 2.935205057e+00 1.910425638e+00 8.198379602e-04 1.833134934e-02 3.714662255e+00 6.571658785e+00 1.428341215e+00
3.823647295e+04 1.318745082e+00 2.937326024e+00 1.907265258e+00 8.201069406e-04 1.833290294e-02 3.714095916e+00 6.575417061e+00 1.424582939e+00
3.831663327e+04 1.317238801e+00 2.939439494e+00 1.904109758e+00 8.203776561e-04 1.833447566e-02 3.713529613e+00 6.579167587e+00 1.420832413e+00
3.839679359e+04 1.315736107e+00 2.941545494e+00 1.900959134e+00 8.206501063e-04 1.833606747e-02 3.712963344e+00 6.582910366e+00 1.417089634e+00
3.847695391e+04 1.314236980e+00 2.943644046e+00 1.897813382e+00 8.209242911e-04 1.833767836e-02 3.712397109e+00 6.586645404e+00 1.413354596e+00
3.855711423e+04 1.312741398e+00 2.945735178e+00 1.894672497e+00 8.212002103e-04 1.833930831e-02 3.711830908e+00 6.590372707e+00 1.409627293e+00
3.863727455e+04 1.311249340e+00 2.947818913e+00 1.891536475e+00 8.214778636e-04 1.834095732e-02 3.711264740e+00 6.594092277e+00 1.405907723e+00
3.871743487e+04 1.309760782e+00 2.949895277e+00 1.888405312e+00 8.217572510e-04 1.834262536e-02 3.710698604e+00 6.597804121e+00 1.402195879e+00
3.879759519e+04 1.308275707e+00 2.951964294e+00 1.885279004e+00 8.220383722e-04 1.834431243e-02 3.710132500e+00 6.601508244e+00 1.398491756e+00
3.887775551e+04 1.306794095e+00 2.954025986e+00 1.882157545e+00 8.223212272e-04 1.834601850e-02 3.709566427e+00 6.605204651e+00 1.394795349e+00
3.895791583e+04 1.305315922e+00 2.956080380e+00 1.879040934e+00 8.226058156e-04 1.834774357e-02 3.709000385e+00 6.608893346e+00 1.391106654e+00
3.903807615e+04 1.303841169e+00 2.958127500e+00 1.875929164e+00 8.228921374e-04 1.834948762e-02 3.708434373e+00 6.612574335e+00 1.387425665e+00
3.911823647e+04 1.302369814e+00 2.960167371e+00 1.872822231e+00 8.231801923e-04 1.835125064e-02 3.707868390e+00 6.616247623e+00 1.383752377e+00
3.919839679e+04 1.300901841e+00 2.962200014e+00 1.869720132e+00 8.234699805e-04 1.835303260e-02 3.707302435e+00 6.619913216e+00 1.380086784e+00
3.927855711e+04 1.299437228e+00 2.964225453e+00 1.866622862e+00 8.237615017e-04 1.835483351e-02 3.706736509e+00 6.623571119e+00 1.376428881e+00
3.935871743e+04 1.297975954e+00 2.966243714e+00 1.863530416e+00 8.240547557e-04 1.835665334e-02 3.706170611e+00 6.627221337e+00 1.372778663e+00
3.943887776e+04 1.296517999e+00 2.968254820e+00 1.860442791e+00 8.243497425e-04 1.835849208e-02 3.705604739e+00 6.630863876e+00 1.369136124e+00
3.951903808e+04 1.295063345e+00 2.970258793e+00 1.857359982e+00 8.246464622e-04 1.836034971e-02 3.705038894e+00 6.634498741e+00 1.365501259e+00
3.959919840e+04 1.293611971e+00 2.972255657e+00 1.854281984e+00 8.249449144e-04 1.836222623e-02 3.704473075e+00 6.638125938e+00 1.361874062e+00
3.967935872e+04 1.292163859e+00 2.974245436e+00 1.851208793e+00 8.252450993e-04 1.836412162e-02 3.703907281e+00 6.641745473e+00 1.358254527e+00
3.975951904e+04 1.290718988e+00 2.976228151e+00 1.848140406e+00 8.255470168e-04 1.836603587e-02 3.703341511e+00 6.645357350e+00 1.354642650e+00
3.983967936e+04 1.289277340e+00 2.978203829e+00 1.845076816e+00 8.258506667e-04 1.836796896e-02 3.702775766e+00 6.648961577e+00 1.351038423e+00
3.991983968e+04 1.287838895e+00 2.980172489e+00 1.842018021e+00 8.261560492e-04 1.836992087e-02 3.702210043e+00 6.652558158e+00 1.347441842e+00
4.000000000e+04 1.286403638e+00 2.982134152e+00 1.838964015e+00 8.264631644e-04 1.837189161e-02 3.701644344e+00 6.656147101e+00 1.343852899e+00
