time            Cj              Ck              shCj            shCk            Br              shBr           
0.000000000e+00 1.000000000e+01 1.000000000e-05 0.000000000e+00 0.000000000e+00 1.000000000e+01 1.000000000e+01
2.164328657e+02 8.577802942e+00 3.005311076e-02 2.183642592e-03 1.322940680e-02 9.983677441e+00 9.995165788e+00
4.328657315e+02 7.632103803e+00 5.682677238e-02 9.828120047e-03 2.701989021e-02 9.942681468e+00 9.977044980e+00
6.492985972e+02 7.003756662e+00 8.244150663e-02 2.382790406e-02 4.443037878e-02 9.885897703e+00 9.939591582e+00
8.657314629e+02 6.586540928e+00 1.085479197e-01 4.602441232e-02 6.813926393e-02 9.819170396e+00 9.874160926e+00
1.082164329e+03 6.309745235e+00 1.363100228e-01 7.937689193e-02 1.015709061e-01 9.746299853e+00 9.768680961e+00
1.298597194e+03 6.126367710e+00 1.664624280e-01 1.281712412e-01 1.492384425e-01 9.669731572e+00 9.606798983e+00
1.515030060e+03 6.005191744e+00 1.993964683e-01 1.981999640e-01 2.170307986e-01 9.591021950e+00 9.367387246e+00
1.731462926e+03 5.925493346e+00 2.352479581e-01 2.967331718e-01 3.122996656e-01 9.511148550e+00 9.025136069e+00
1.947895792e+03 5.873516439e+00 2.739743716e-01 4.319709996e-01 4.434685696e-01 9.430714910e+00 8.553395481e+00
2.164328657e+03 5.840129852e+00 3.154172575e-01 6.115719719e-01 6.187676274e-01 9.350084843e+00 7.930528842e+00
2.380761523e+03 5.819271171e+00 3.593498190e-01 8.399903658e-01 8.437703139e-01 9.269470037e+00 7.149975310e+00
2.597194389e+03 5.806914038e+00 4.055114446e-01 1.115015083e+00 1.117959797e+00 9.188986901e+00 6.231223927e+00
2.813627255e+03 5.800382641e+00 4.536316220e-01 1.425075936e+00 1.431675918e+00 9.108693277e+00 5.225061614e+00
3.030060120e+03 5.797897045e+00 5.034456469e-01 1.749643438e+00 1.765746150e+00 9.028611981e+00 4.206152249e+00
3.246492986e+03 5.798271568e+00 5.547042607e-01 2.063896366e+00 2.095384058e+00 8.948745771e+00 3.253060085e+00
3.462925852e+03 5.800714703e+00 6.071789559e-01 2.345806194e+00 2.397123480e+00 8.869086752e+00 2.425872997e+00
3.679358717e+03 5.804696441e+00 6.606643068e-01 2.581714447e+00 2.655043038e+00 8.789622189e+00 1.753797669e+00
3.895791583e+03 5.809860263e+00 7.149783334e-01 2.767755327e+00 2.863134664e+00 8.710338003e+00 1.236769252e+00
4.112224449e+03 5.815964795e+00 7.699616376e-01 2.907623788e+00 3.023685909e+00 8.631220793e+00 8.557108936e-01
4.328657315e+03 5.822845127e+00 8.254758283e-01 3.008993645e+00 3.143785664e+00 8.552258937e+00 5.837793857e-01
4.545090180e+03 5.830387160e+00 8.814015875e-01 3.080502210e+00 3.232072619e+00 8.473443096e+00 3.942307487e-01
4.761523046e+03 5.838510605e+00 9.376366134e-01 3.129982111e+00 3.296674119e+00 8.394766388e+00 2.643006810e-01
4.977955912e+03 5.847157709e+00 9.940935860e-01 3.163764991e+00 3.344298290e+00 8.316224338e+00 1.762794278e-01
5.194388778e+03 5.856285776e+00 1.050698242e+00 3.186625611e+00 3.380067538e+00 8.237814726e+00 1.171377278e-01
5.410821643e+03 5.865862205e+00 1.107387610e+00 3.202009059e+00 3.407705682e+00 8.159537371e+00 7.762846587e-02
5.627254509e+03 5.875861201e+00 1.164108424e+00 3.212330460e+00 3.429834547e+00 8.081393902e+00 5.134177407e-02
5.843687375e+03 5.886261584e+00 1.220815722e+00 3.219250961e+00 3.448261461e+00 8.003387522e+00 3.390360538e-02
6.060120240e+03 5.897045334e+00 1.277471612e+00 3.223898664e+00 3.464214812e+00 7.925522787e+00 2.236039512e-02
6.276553106e+03 5.908196619e+00 1.334044214e+00 3.227033126e+00 3.478521588e+00 7.847805403e+00 1.473196024e-02
6.492985972e+03 5.919701151e+00 1.390506733e+00 3.229162757e+00 3.491734935e+00 7.770242041e+00 9.697240129e-03
6.709418838e+03 5.931545744e+00 1.446836684e+00 3.230626477e+00 3.504223169e+00 7.692840179e+00 6.377957549e-03
6.925851703e+03 5.943718025e+00 1.503015210e+00 3.231649554e+00 3.516230755e+00 7.615607952e+00 4.191670574e-03
7.142284569e+03 5.956206233e+00 1.559026516e+00 3.232381400e+00 3.527919575e+00 7.538554038e+00 2.752847662e-03
7.358717435e+03 5.968999084e+00 1.614857385e+00 3.232920951e+00 3.539396640e+00 7.461687540e+00 1.806666886e-03
7.575150301e+03 5.982085678e+00 1.670496765e+00 3.233333630e+00 3.550732589e+00 7.385017903e+00 1.184903166e-03
7.791583166e+03 5.995455430e+00 1.725935422e+00 3.233662659e+00 3.561974001e+00 7.308554826e+00 7.766070396e-04
8.008016032e+03 6.009098028e+00 1.781165650e+00 3.233936562e+00 3.573151563e+00 7.232308199e+00 5.086719014e-04
8.224448898e+03 6.023003395e+00 1.836181020e+00 3.234174146e+00 3.584285466e+00 7.156288043e+00 3.329642453e-04
8.440881764e+03 6.037161669e+00 1.890976171e+00 3.234387804e+00 3.595388995e+00 7.080504458e+00 2.178091092e-04
8.657314629e+03 6.051563181e+00 1.945546640e+00 3.234585694e+00 3.606470877e+00 7.004967582e+00 1.423891547e-04
8.873747495e+03 6.066198443e+00 1.999888707e+00 3.234773203e+00 3.617536870e+00 6.929687553e+00 9.302498714e-05
9.090180361e+03 6.081058136e+00 2.053999275e+00 3.234953840e+00 3.628590710e+00 6.854674478e+00 6.073578202e-05
9.306613226e+03 6.096133105e+00 2.107875764e+00 3.235129933e+00 3.639634878e+00 6.779938403e+00 3.962909671e-05
9.523046092e+03 6.111414348e+00 2.161516024e+00 3.235303006e+00 3.650670996e+00 6.705489293e+00 2.584078884e-05
9.739478958e+03 6.126893013e+00 2.214918261e+00 3.235474052e+00 3.661700116e+00 6.631337011e+00 1.683956800e-05
9.955911824e+03 6.142560392e+00 2.268080972e+00 3.235643736e+00 3.672722946e+00 6.557491298e+00 1.096693143e-05
1.017234469e+04 6.158407921e+00 2.321002899e+00 3.235812484e+00 3.683739939e+00 6.483961762e+00 7.137733339e-06
1.038877756e+04 6.174427171e+00 2.373682981e+00 3.235980563e+00 3.694751374e+00 6.410757860e+00 4.642622594e-06
1.060521042e+04 6.190609851e+00 2.426120318e+00 3.236148193e+00 3.705757494e+00 6.337888892e+00 3.017786920e-06
1.082164329e+04 6.206947805e+00 2.478314145e+00 3.236315461e+00 3.716758386e+00 6.265363987e+00 1.960372829e-06
1.103807615e+04 6.223433006e+00 2.530263801e+00 3.236482449e+00 3.727754138e+00 6.193192097e+00 1.272671198e-06
1.125450902e+04 6.240057561e+00 2.581968712e+00 3.236649227e+00 3.738744832e+00 6.121381988e+00 8.257176503e-07
1.147094188e+04 6.256813705e+00 2.633428374e+00 3.236815816e+00 3.749730488e+00 6.049942235e+00 5.354664420e-07
1.168737475e+04 6.273693800e+00 2.684642334e+00 3.236982240e+00 3.760711136e+00 5.978881213e+00 3.470117526e-07
1.190380762e+04 6.290690340e+00 2.735610186e+00 3.237148515e+00 3.771686794e+00 5.908207097e+00 2.247377621e-07
1.212024048e+04 6.307795941e+00 2.786331555e+00 3.237314648e+00 3.782657472e+00 5.837927856e+00 1.455020561e-07
1.233667335e+04 6.325003349e+00 2.836806093e+00 3.237480647e+00 3.793623182e+00 5.768051246e+00 9.420306855e-08
1.255310621e+04 6.342305433e+00 2.887033469e+00 3.237646516e+00 3.804583929e+00 5.698584814e+00 6.094901017e-08
1.276953908e+04 6.359695191e+00 2.937013371e+00 3.237812257e+00 3.815539720e+00 5.629535886e+00 3.939291697e-08
1.298597194e+04 6.377165742e+00 2.986745495e+00 3.237977872e+00 3.826490559e+00 5.560911573e+00 2.544895266e-08
1.320240481e+04 6.394710332e+00 3.036229546e+00 3.238143362e+00 3.837436450e+00 5.492718766e+00 1.645473065e-08
1.341883768e+04 6.412322331e+00 3.085465237e+00 3.238308728e+00 3.848377396e+00 5.424964134e+00 1.064964947e-08
1.363527054e+04 6.429995232e+00 3.134452284e+00 3.238473972e+00 3.859313401e+00 5.357654122e+00 6.888382269e-09
1.385170341e+04 6.447722654e+00 3.183190407e+00 3.238639091e+00 3.870244466e+00 5.290794954e+00 4.445870012e-09
1.406813627e+04 6.465498336e+00 3.231679332e+00 3.238804091e+00 3.881170601e+00 5.224392629e+00 2.866219753e-09
1.428456914e+04 6.483316142e+00 3.279918785e+00 3.238968961e+00 3.892091793e+00 5.158452920e+00 1.850208420e-09
1.450100200e+04 6.501170059e+00 3.327908500e+00 3.239133727e+00 3.903008080e+00 5.092981378e+00 1.195780463e-09
1.471743487e+04 6.519054197e+00 3.375648211e+00 3.239298351e+00 3.913919413e+00 5.027983327e+00 7.705212848e-10
1.493386774e+04 6.536962785e+00 3.423137661e+00 3.239462855e+00 3.924825826e+00 4.963463870e+00 4.943622599e-10
1.515030060e+04 6.554890176e+00 3.470376596e+00 3.239627252e+00 3.935727337e+00 4.899427885e+00 3.173137682e-10
1.536673347e+04 6.572830845e+00 3.517364770e+00 3.239791507e+00 3.946623904e+00 4.835880026e+00 2.046070188e-10
1.558316633e+04 6.590779387e+00 3.564101946e+00 3.239955660e+00 3.957515581e+00 4.772824728e+00 1.318797537e-10
1.579959920e+04 6.608730516e+00 3.610587893e+00 3.240119691e+00 3.968402344e+00 4.710266203e+00 8.438079681e-11
1.601603206e+04 6.626679068e+00 3.656822393e+00 3.240283591e+00 3.979284186e+00 4.648208446e+00 5.377949076e-11
1.623246493e+04 6.644619997e+00 3.702805239e+00 3.240447369e+00 3.990161117e+00 4.586655232e+00 3.459850149e-11
1.644889780e+04 6.662548376e+00 3.748536236e+00 3.240611036e+00 4.001033161e+00 4.525610121e+00 2.255243073e-11
1.666533066e+04 6.680459398e+00 3.794015203e+00 3.240774579e+00 4.011900297e+00 4.465076458e+00 1.470943141e-11
1.688176353e+04 6.698348372e+00 3.839241976e+00 3.240937995e+00 4.022762527e+00 4.405057375e+00 9.419636749e-12
1.709819639e+04 6.716210723e+00 3.884216404e+00 3.241101302e+00 4.033619877e+00 4.345555794e+00 5.887489367e-12
1.731462926e+04 6.734041995e+00 3.928938357e+00 3.241264483e+00 4.044472328e+00 4.286574429e+00 3.692604086e-12
1.753106212e+04 6.751837846e+00 3.973407722e+00 3.241427537e+00 4.055319880e+00 4.228115787e+00 2.430525327e-12
1.774749499e+04 6.769594047e+00 4.017624407e+00 3.241590475e+00 4.066162548e+00 4.170182170e+00 1.651211284e-12
1.796392786e+04 6.787306487e+00 4.061588341e+00 3.241753298e+00 4.077000341e+00 4.112775681e+00 1.102962919e-12
1.818036072e+04 6.804971164e+00 4.105299474e+00 3.241916000e+00 4.087833252e+00 4.055898223e+00 6.878189994e-13
1.839679359e+04 6.822584192e+00 4.148757780e+00 3.242078596e+00 4.098661302e+00 3.999551502e+00 4.056061638e-13
1.861322645e+04 6.840141793e+00 4.191963258e+00 3.242241047e+00 4.109484441e+00 3.943737032e+00 2.518379778e-13
1.882965932e+04 6.857640301e+00 4.234915932e+00 3.242403385e+00 4.120302716e+00 3.888456137e+00 1.767782594e-13
1.904609218e+04 6.875076160e+00 4.277615850e+00 3.242565617e+00 4.131116140e+00 3.833709951e+00 1.282396308e-13
1.926252505e+04 6.892445922e+00 4.320063089e+00 3.242727719e+00 4.141924680e+00 3.779499426e+00 8.242117639e-14
1.947895792e+04 6.909746245e+00 4.362257752e+00 3.242889695e+00 4.152728348e+00 3.725825330e+00 4.430670495e-14
1.969539078e+04 6.926973894e+00 4.404199972e+00 3.243051575e+00 4.163527187e+00 3.672688256e+00 2.477979436e-14
1.991182365e+04 6.944125740e+00 4.445889910e+00 3.243213333e+00 4.174321162e+00 3.620088619e+00 1.924847905e-14
2.012825651e+04 6.961198757e+00 4.487327755e+00 3.243374954e+00 4.185110255e+00 3.568026663e+00 1.715539311e-14
2.034468938e+04 6.978190023e+00 4.528513730e+00 3.243536462e+00 4.195894500e+00 3.516502463e+00 1.212663627e-14
2.056112224e+04 6.995096716e+00 4.569448086e+00 3.243697864e+00 4.206673916e+00 3.465515930e+00 5.827995708e-15
2.077755511e+04 7.011916116e+00 4.610131105e+00 3.243859139e+00 4.217448470e+00 3.415066813e+00 1.742504507e-15
2.099398798e+04 7.028645601e+00 4.650563100e+00 3.244020295e+00 4.228218178e+00 3.365154701e+00 1.042316904e-15
2.121042084e+04 7.045282648e+00 4.690744419e+00 3.244181334e+00 4.238983046e+00 3.315779029e+00 2.055121850e-15
2.142685371e+04 7.061824830e+00 4.730675439e+00 3.244342259e+00 4.249743080e+00 3.266939082e+00 1.990025702e-15
2.164328657e+04 7.078269815e+00 4.770356571e+00 3.244503063e+00 4.260498273e+00 3.218633995e+00 8.322633494e-16
2.185971944e+04 7.094615366e+00 4.809788257e+00 3.244663751e+00 4.271248634e+00 3.170862759e+00 -8.337797045e-17
2.207615230e+04 7.110859338e+00 4.848970974e+00 3.244824321e+00 4.281994164e+00 3.123624225e+00 -2.165646434e-16
2.229258517e+04 7.126999677e+00 4.887905231e+00 3.244984775e+00 4.292734868e+00 3.076917107e+00 1.920378754e-16
2.250901804e+04 7.143034420e+00 4.926591568e+00 3.245145111e+00 4.303470746e+00 3.030739983e+00 9.918951734e-16
2.272545090e+04 7.158961691e+00 4.965030562e+00 3.245305331e+00 4.314201802e+00 2.985091304e+00 1.251307710e-15
2.294188377e+04 7.174779703e+00 5.003222819e+00 3.245465433e+00 4.324928038e+00 2.939969391e+00 1.191088737e-15
2.315831663e+04 7.190486753e+00 5.041168980e+00 3.245625419e+00 4.335649458e+00 2.895372446e+00 6.449153756e-16
2.337474950e+04 7.206081222e+00 5.078869718e+00 3.245785289e+00 4.346366063e+00 2.851298548e+00 1.389043928e-16
2.359118236e+04 7.221561576e+00 5.116325740e+00 3.245945042e+00 4.357077858e+00 2.807745661e+00 -2.417150447e-16
2.380761523e+04 7.236926359e+00 5.153537784e+00 3.246104678e+00 4.367784845e+00 2.764711639e+00 -2.409740912e-16
2.402404810e+04 7.252174199e+00 5.190506621e+00 3.246264199e+00 4.378487026e+00 2.722194224e+00 -4.625813544e-17
2.424048096e+04 7.267303798e+00 5.227233053e+00 3.246423604e+00 4.389184404e+00 2.680191054e+00 2.774549625e-16
2.445691383e+04 7.282313939e+00 5.263717915e+00 3.246582892e+00 4.399876982e+00 2.638699667e+00 6.111240223e-16
2.467334669e+04 7.297203477e+00 5.299962073e+00 3.246742065e+00 4.410564764e+00 2.597717498e+00 7.755126741e-16
2.488977956e+04 7.311971343e+00 5.335966424e+00 3.246901123e+00 4.421247750e+00 2.557241892e+00 7.755506467e-16
2.510621242e+04 7.326616539e+00 5.371731895e+00 3.247060065e+00 4.431925946e+00 2.517270100e+00 5.747424570e-16
2.532264529e+04 7.341138140e+00 5.407259445e+00 3.247218891e+00 4.442599352e+00 2.477799286e+00 3.182217024e-16
2.553907816e+04 7.355535289e+00 5.442550062e+00 3.247377602e+00 4.453267972e+00 2.438826527e+00 5.037342422e-17
2.575551102e+04 7.369807197e+00 5.477604762e+00 3.247536199e+00 4.463931809e+00 2.400348821e+00 -1.386103773e-16
2.597194389e+04 7.383953142e+00 5.512424592e+00 3.247694680e+00 4.474590865e+00 2.362363087e+00 -2.081821496e-16
2.618837675e+04 7.397972467e+00 5.547010628e+00 3.247853046e+00 4.485245144e+00 2.324866168e+00 -1.875267730e-16
2.640480962e+04 7.411864577e+00 5.581363970e+00 3.248011297e+00 4.495894647e+00 2.287854838e+00 -7.938073052e-17
2.662124248e+04 7.425628942e+00 5.615485751e+00 3.248169435e+00 4.506539379e+00 2.251325799e+00 2.033753771e-17
2.683767535e+04 7.439265090e+00 5.649377125e+00 3.248327458e+00 4.517179341e+00 2.215275689e+00 1.296386384e-16
2.705410822e+04 7.452772609e+00 5.683039278e+00 3.248485365e+00 4.527814536e+00 2.179701084e+00 1.700429826e-16
2.727054108e+04 7.466151145e+00 5.716473417e+00 3.248643158e+00 4.538444966e+00 2.144598501e+00 1.284615834e-16
2.748697395e+04 7.479400400e+00 5.749680776e+00 3.248800837e+00 4.549070635e+00 2.109964399e+00 5.984749972e-17
2.770340681e+04 7.492520130e+00 5.782662615e+00 3.248958403e+00 4.559691547e+00 2.075795185e+00 1.603306308e-18
2.791983968e+04 7.505510147e+00 5.815420214e+00 3.249115855e+00 4.570307703e+00 2.042087214e+00 -7.395497066e-17
2.813627255e+04 7.518370311e+00 5.847954880e+00 3.249273193e+00 4.580919105e+00 2.008836794e+00 -8.923310887e-17
2.835270541e+04 7.531100536e+00 5.880267940e+00 3.249430417e+00 4.591525757e+00 1.976040189e+00 -8.071982295e-17
2.856913828e+04 7.543700782e+00 5.912360745e+00 3.249587527e+00 4.602127662e+00 1.943693618e+00 -5.086120239e-17
2.878557114e+04 7.556171060e+00 5.944234664e+00 3.249744525e+00 4.612724822e+00 1.911793263e+00 -8.326610646e-18
2.900200401e+04 7.568511425e+00 5.975891090e+00 3.249901409e+00 4.623317240e+00 1.880335268e+00 3.584650314e-17
2.921843687e+04 7.580721979e+00 6.007331434e+00 3.250058180e+00 4.633904919e+00 1.849315743e+00 4.622242806e-17
2.943486974e+04 7.592802865e+00 6.038557127e+00 3.250214838e+00 4.644487861e+00 1.818730764e+00 4.914566849e-17
2.965130261e+04 7.604754270e+00 6.069569616e+00 3.250371382e+00 4.655066070e+00 1.788576381e+00 3.680037401e-17
2.986773547e+04 7.616576423e+00 6.100370370e+00 3.250527815e+00 4.665639547e+00 1.758848615e+00 -1.885958889e-18
3.008416834e+04 7.628269591e+00 6.130960871e+00 3.250684134e+00 4.676208297e+00 1.729543461e+00 -4.311683153e-17
3.030060120e+04 7.639834080e+00 6.161342620e+00 3.250840342e+00 4.686772321e+00 1.700656895e+00 -6.282582615e-17
3.051703407e+04 7.651270234e+00 6.191517132e+00 3.250996436e+00 4.697331621e+00 1.672184870e+00 -9.660071004e-17
3.073346693e+04 7.662578431e+00 6.221485938e+00 3.251152418e+00 4.707886202e+00 1.644123322e+00 -1.185803957e-16
3.094989980e+04 7.673759087e+00 6.251250582e+00 3.251308288e+00 4.718436066e+00 1.616468173e+00 -1.235803253e-16
3.116633267e+04 7.684812648e+00 6.280812625e+00 3.251464046e+00 4.728981214e+00 1.589215328e+00 -1.141602658e-16
3.138276553e+04 7.695739595e+00 6.310173635e+00 3.251619693e+00 4.739521652e+00 1.562360682e+00 -9.085031109e-17
3.159919840e+04 7.706540438e+00 6.339335198e+00 3.251775228e+00 4.750057380e+00 1.535900121e+00 -5.805333373e-17
3.181563126e+04 7.717215719e+00 6.368298908e+00 3.251930650e+00 4.760588401e+00 1.509829521e+00 -2.179305906e-17
3.203206413e+04 7.727766007e+00 6.397066370e+00 3.252085958e+00 4.771114718e+00 1.484144755e+00 3.301611616e-18
3.224849699e+04 7.738191900e+00 6.425639201e+00 3.252241155e+00 4.781636333e+00 1.458841689e+00 1.944988279e-17
3.246492986e+04 7.748494023e+00 6.454019025e+00 3.252396245e+00 4.792153253e+00 1.433916188e+00 3.345978977e-17
3.268136273e+04 7.758673025e+00 6.482207477e+00 3.252551232e+00 4.802665481e+00 1.409364117e+00 4.203473566e-17
3.289779559e+04 7.768729581e+00 6.510206198e+00 3.252706106e+00 4.813173015e+00 1.385181341e+00 4.102346792e-17
3.311422846e+04 7.778664389e+00 6.538016837e+00 3.252860863e+00 4.823675857e+00 1.361363727e+00 3.233273152e-17
3.333066132e+04 7.788478169e+00 6.565641052e+00 3.253015497e+00 4.834174005e+00 1.337907149e+00 2.154823907e-17
3.354709419e+04 7.798171663e+00 6.593080505e+00 3.253170023e+00 4.844667469e+00 1.314807482e+00 7.798934882e-18
3.376352705e+04 7.807745633e+00 6.620336862e+00 3.253324439e+00 4.855156251e+00 1.292060613e+00 -2.666322019e-18
3.397995992e+04 7.817200861e+00 6.647411798e+00 3.253478748e+00 4.865640356e+00 1.269662435e+00 -5.260517263e-18
3.419639279e+04 7.826538147e+00 6.674306988e+00 3.253632948e+00 4.876119786e+00 1.247608849e+00 -6.069255203e-18
3.441282565e+04 7.835758309e+00 6.701024114e+00 3.253787045e+00 4.886594545e+00 1.225895772e+00 -3.565982824e-18
3.462925852e+04 7.844862182e+00 6.727564859e+00 3.253941039e+00 4.897064638e+00 1.204519131e+00 2.583563222e-19
3.484569138e+04 7.853850616e+00 6.753930910e+00 3.254094918e+00 4.907530060e+00 1.183474865e+00 6.477947963e-18
3.506212425e+04 7.862724478e+00 6.780123954e+00 3.254248679e+00 4.917990811e+00 1.162758931e+00 9.741489789e-18
3.527855711e+04 7.871484646e+00 6.806145680e+00 3.254402321e+00 4.928446895e+00 1.142367299e+00 8.973134184e-18
3.549498998e+04 7.880132015e+00 6.831997780e+00 3.254555856e+00 4.938898319e+00 1.122295958e+00 7.929090864e-18
3.571142285e+04 7.888667489e+00 6.857681944e+00 3.254709282e+00 4.949345086e+00 1.102540916e+00 5.113145800e-18
3.592785571e+04 7.897091987e+00 6.883199860e+00 3.254862601e+00 4.959787198e+00 1.083098198e+00 8.840604351e-19
3.614428858e+04 7.905406436e+00 6.908553220e+00 3.255015814e+00 4.970224662e+00 1.063963848e+00 -3.616329823e-18
3.636072144e+04 7.913611775e+00 6.933743710e+00 3.255168930e+00 4.980657483e+00 1.045133936e+00 -5.099544952e-18
3.657715431e+04 7.921708952e+00 6.958773017e+00 3.255321938e+00 4.991085658e+00 1.026604549e+00 -5.639850739e-18
3.679358717e+04 7.929698924e+00 6.983642824e+00 3.255474831e+00 5.001509186e+00 1.008371798e+00 -5.167992683e-18
3.701002004e+04 7.937582656e+00 7.008354813e+00 3.255627601e+00 5.011928064e+00 9.904318203e-01 -3.271966167e-18
3.722645291e+04 7.945361122e+00 7.032910660e+00 3.255780267e+00 5.022342306e+00 9.727807724e-01 -2.773527465e-19
3.744288577e+04 7.953035299e+00 7.057312040e+00 3.255932823e+00 5.032751911e+00 9.554148397e-01 2.337453078e-18
3.765931864e+04 7.960606174e+00 7.081560623e+00 3.256085274e+00 5.043156883e+00 9.383302328e-01 2.890602936e-18
3.787575150e+04 7.968074737e+00 7.105658074e+00 3.256237614e+00 5.053557224e+00 9.215231866e-01 3.705759630e-18
3.809218437e+04 7.975441985e+00 7.129606052e+00 3.256389850e+00 5.063952939e+00 9.049899653e-01 3.340065323e-18
3.830861723e+04 7.982708917e+00 7.153406213e+00 3.256541982e+00 5.074344033e+00 8.887268598e-01 1.871740472e-18
3.852505010e+04 7.989876539e+00 7.177060205e+00 3.256694003e+00 5.084730502e+00 8.727301879e-01 -4.636395499e-20
3.874148297e+04 7.996945857e+00 7.200569672e+00 3.256845912e+00 5.095112349e+00 8.569962981e-01 -1.432865648e-18
3.895791583e+04 8.003917881e+00 7.223936248e+00 3.256997709e+00 5.105489576e+00 8.415215669e-01 -1.932879420e-18
3.917434870e+04 8.010793624e+00 7.247161565e+00 3.257149402e+00 5.115862191e+00 8.263023999e-01 -2.480851178e-18
3.939078156e+04 8.017574100e+00 7.270247242e+00 3.257300991e+00 5.126230195e+00 8.113352339e-01 -2.227510139e-18
3.960721443e+04 8.024260324e+00 7.293194895e+00 3.257452473e+00 5.136593591e+00 7.966165353e-01 -1.324627815e-18
3.982364729e+04 8.030853312e+00 7.316006131e+00 3.257603847e+00 5.146952380e+00 7.821428011e-01 -2.255332781e-19
4.004008016e+04 8.037354080e+00 7.338682546e+00 3.257755112e+00 5.157306564e+00 7.679105605e-01 4.150578863e-19
4.025651303e+04 8.043763645e+00 7.361225731e+00 3.257906270e+00 5.167656147e+00 7.539163729e-01 1.033526940e-18
4.047294589e+04 8.050083023e+00 7.383637267e+00 3.258057322e+00 5.178001132e+00 7.401568300e-01 1.442915772e-18
4.068937876e+04 8.056313227e+00 7.405918725e+00 3.258208266e+00 5.188341521e+00 7.266285560e-01 1.252209834e-18
4.090581162e+04 8.062455272e+00 7.428071667e+00 3.258359104e+00 5.198677317e+00 7.133282056e-01 8.989531050e-19
4.112224449e+04 8.068510169e+00 7.450097647e+00 3.258509834e+00 5.209008522e+00 7.002524679e-01 4.118370414e-19
4.133867735e+04 8.074478928e+00 7.471998206e+00 3.258660459e+00 5.219335140e+00 6.873980647e-01 1.666880294e-19
4.155511022e+04 8.080362556e+00 7.493774878e+00 3.258810977e+00 5.229657172e+00 6.747617491e-01 -1.488411296e-19
4.177154309e+04 8.086162057e+00 7.515429184e+00 3.258961388e+00 5.239974622e+00 6.623403078e-01 -7.593835058e-19
4.198797595e+04 8.091878433e+00 7.536962637e+00 3.259111693e+00 5.250287492e+00 6.501305618e-01 -1.337011426e-18
4.220440882e+04 8.097512681e+00 7.558376737e+00 3.259261892e+00 5.260595785e+00 6.381293649e-01 -1.793191452e-18
4.242084168e+04 8.103065796e+00 7.579672975e+00 3.259411985e+00 5.270899503e+00 6.263336021e-01 -2.017567308e-18
4.263727455e+04 8.108538768e+00 7.600852828e+00 3.259561974e+00 5.281198650e+00 6.147401948e-01 -1.919074648e-18
4.285370741e+04 8.113932582e+00 7.621917765e+00 3.259711859e+00 5.291493228e+00 6.033460975e-01 -1.402042540e-18
4.307014028e+04 8.119248222e+00 7.642869242e+00 3.259861635e+00 5.301783238e+00 5.921482954e-01 -8.725929506e-19
4.328657315e+04 8.124486662e+00 7.663708703e+00 3.260011305e+00 5.312068685e+00 5.811438103e-01 -3.678937239e-19
4.350300601e+04 8.129648874e+00 7.684437581e+00 3.260160865e+00 5.322349569e+00 5.703296969e-01 -1.628691346e-19
4.371943888e+04 8.134735826e+00 7.705057296e+00 3.260310319e+00 5.332625895e+00 5.597030425e-01 -6.111416971e-20
4.393587174e+04 8.139748478e+00 7.725569257e+00 3.260459671e+00 5.342897665e+00 5.492609682e-01 6.540218852e-20
4.415230461e+04 8.144687785e+00 7.745974861e+00 3.260608923e+00 5.353164883e+00 5.390006295e-01 6.974994569e-20
4.436873747e+04 8.149554697e+00 7.766275491e+00 3.260758073e+00 5.363427552e+00 5.289192149e-01 -2.793813280e-20
4.458517034e+04 8.154350158e+00 7.786472521e+00 3.260907117e+00 5.373685671e+00 5.190139451e-01 -2.091519201e-19
4.480160321e+04 8.159075103e+00 7.806567308e+00 3.261056055e+00 5.383939245e+00 5.092820758e-01 -3.570531272e-19
4.501803607e+04 8.163730465e+00 7.826561200e+00 3.261204884e+00 5.394188276e+00 4.997208958e-01 -3.303647510e-19
4.523446894e+04 8.168317168e+00 7.846455531e+00 3.261353610e+00 5.404432767e+00 4.903277252e-01 -3.866591880e-19
4.545090180e+04 8.172836128e+00 7.866251622e+00 3.261502230e+00 5.414672719e+00 4.810999191e-01 -3.732087582e-19
4.566733467e+04 8.177288257e+00 7.885950783e+00 3.261650742e+00 5.424908137e+00 4.720348651e-01 -2.777184140e-19
4.588376754e+04 8.181674458e+00 7.905554307e+00 3.261799151e+00 5.435139022e+00 4.631299827e-01 -1.292054032e-19
4.610020040e+04 8.185995629e+00 7.925063480e+00 3.261947459e+00 5.445365378e+00 4.543827244e-01 2.458982845e-20
4.631663327e+04 8.190252657e+00 7.944479570e+00 3.262095667e+00 5.455587209e+00 4.457905757e-01 1.186678600e-19
4.653306613e+04 8.194446425e+00 7.963803835e+00 3.262243777e+00 5.465804516e+00 4.373510540e-01 1.278929330e-19
4.674949900e+04 8.198577809e+00 7.983037518e+00 3.262391777e+00 5.476017301e+00 4.290617081e-01 1.681180577e-19
4.696593186e+04 8.202647674e+00 8.002181851e+00 3.262539671e+00 5.486225565e+00 4.209201201e-01 1.597494668e-19
4.718236473e+04 8.206656880e+00 8.021238050e+00 3.262687452e+00 5.496429311e+00 4.129239034e-01 1.007144423e-19
4.739879760e+04 8.210606279e+00 8.040207322e+00 3.262835134e+00 5.506628543e+00 4.050707018e-01 1.873630616e-20
4.761523046e+04 8.214496715e+00 8.059090858e+00 3.262982712e+00 5.516823265e+00 3.973581920e-01 -6.250303844e-20
4.783166333e+04 8.218329024e+00 8.077889836e+00 3.263130189e+00 5.527013478e+00 3.897840814e-01 -9.600576850e-20
4.804809619e+04 8.222104033e+00 8.096605423e+00 3.263277563e+00 5.537199186e+00 3.823461080e-01 -1.169687772e-19
4.826452906e+04 8.225822564e+00 8.115238770e+00 3.263424836e+00 5.547380391e+00 3.750420404e-01 -1.329301211e-19
4.848096192e+04 8.229485429e+00 8.133791017e+00 3.263572010e+00 5.557557096e+00 3.678696785e-01 -1.145758800e-19
4.869739479e+04 8.233093430e+00 8.152263291e+00 3.263719084e+00 5.567729305e+00 3.608268519e-01 -6.522129921e-20
4.891382766e+04 8.236647366e+00 8.170656705e+00 3.263866053e+00 5.577897017e+00 3.539114199e-01 -8.027202071e-21
4.913026052e+04 8.240148023e+00 8.188972360e+00 3.264012916e+00 5.588060235e+00 3.471212724e-01 4.078612719e-20
4.934669339e+04 8.243596180e+00 8.207211342e+00 3.264159670e+00 5.598218960e+00 3.404543285e-01 5.130486185e-20
4.956312625e+04 8.246992610e+00 8.225374728e+00 3.264306324e+00 5.608373199e+00 3.339085361e-01 7.782914224e-20
4.977955912e+04 8.250338077e+00 8.243463578e+00 3.264452875e+00 5.618522952e+00 3.274818729e-01 8.464444638e-20
4.999599198e+04 8.253633334e+00 8.261478942e+00 3.264599326e+00 5.628668224e+00 3.211723452e-01 6.581399910e-20
5.021242485e+04 8.256879129e+00 8.279421855e+00 3.264745676e+00 5.638809015e+00 3.149779874e-01 3.220304483e-20
5.042885772e+04 8.260076200e+00 8.297293342e+00 3.264891924e+00 5.648945330e+00 3.088968625e-01 -4.443794660e-21
5.064529058e+04 8.263225278e+00 8.315094413e+00 3.265038074e+00 5.659077172e+00 3.029270618e-01 -2.998409071e-20
5.086172345e+04 8.266327085e+00 8.332826065e+00 3.265184125e+00 5.669204543e+00 2.970667037e-01 -3.941044065e-20
5.107815631e+04 8.269382334e+00 8.350489286e+00 3.265330072e+00 5.679327443e+00 2.913139345e-01 -5.437795964e-20
5.129458918e+04 8.272391732e+00 8.368085047e+00 3.265475914e+00 5.689445875e+00 2.856669276e-01 -5.463623434e-20
5.151102204e+04 8.275355975e+00 8.385614310e+00 3.265621650e+00 5.699559841e+00 2.801238833e-01 -3.652301937e-20
5.172745491e+04 8.278275754e+00 8.403078022e+00 3.265767287e+00 5.709669346e+00 2.746830285e-01 -1.462176401e-20
5.194388778e+04 8.281151748e+00 8.420477122e+00 3.265912822e+00 5.719774392e+00 2.693426166e-01 8.360615247e-21
5.216032064e+04 8.283984631e+00 8.437812531e+00 3.266058257e+00 5.729874982e+00 2.641009271e-01 1.959092819e-20
5.237675351e+04 8.286775068e+00 8.455085162e+00 3.266203592e+00 5.739971118e+00 2.589562652e-01 3.003689909e-20
5.259318637e+04 8.289523715e+00 8.472295914e+00 3.266348826e+00 5.750062803e+00 2.539069617e-01 3.867264281e-20
5.280961924e+04 8.292231221e+00 8.489445676e+00 3.266493962e+00 5.760150040e+00 2.489513726e-01 3.685514750e-20
5.302605210e+04 8.294898226e+00 8.506535323e+00 3.266638999e+00 5.770232833e+00 2.440878791e-01 2.531197196e-20
5.324248497e+04 8.297525362e+00 8.523565721e+00 3.266783935e+00 5.780311181e+00 2.393148868e-01 1.164034007e-20
5.345891784e+04 8.300113255e+00 8.540537719e+00 3.266928767e+00 5.790385087e+00 2.346308259e-01 -1.340531873e-21
5.367535070e+04 8.302662520e+00 8.557452161e+00 3.267073495e+00 5.800454553e+00 2.300341508e-01 -6.524443158e-21
5.389178357e+04 8.305173767e+00 8.574309875e+00 3.267218126e+00 5.810519584e+00 2.255233396e-01 -1.662548033e-20
5.410821643e+04 8.307647596e+00 8.591111680e+00 3.267362656e+00 5.820580182e+00 2.210968941e-01 -2.187989456e-20
5.432464930e+04 8.310084600e+00 8.607858381e+00 3.267507088e+00 5.830636350e+00 2.167533394e-01 -1.941541076e-20
5.454108216e+04 8.312485365e+00 8.624550774e+00 3.267651420e+00 5.840688090e+00 2.124912235e-01 -1.321841111e-20
5.475751503e+04 8.314850467e+00 8.641189643e+00 3.267795652e+00 5.850735404e+00 2.083091172e-01 -5.630571995e-21
5.497394790e+04 8.317180478e+00 8.657775762e+00 3.267939784e+00 5.860778296e+00 2.042056139e-01 5.834344526e-22
5.519038076e+04 8.319475958e+00 8.674309893e+00 3.268083816e+00 5.870816767e+00 2.001793290e-01 4.657102988e-21
5.540681363e+04 8.321737464e+00 8.690792787e+00 3.268227748e+00 5.880850820e+00 1.962288999e-01 1.066050617e-20
5.562324649e+04 8.323965541e+00 8.707225185e+00 3.268371581e+00 5.890880458e+00 1.923529857e-01 1.338290600e-20
5.583967936e+04 8.326160730e+00 8.723607817e+00 3.268515315e+00 5.900905683e+00 1.885502666e-01 1.151894919e-20
5.605611222e+04 8.328323564e+00 8.739941403e+00 3.268658949e+00 5.910926498e+00 1.848194445e-01 1.135957299e-20
5.627254509e+04 8.330454568e+00 8.756226651e+00 3.268802485e+00 5.920942905e+00 1.811592414e-01 9.352182786e-21
5.648897796e+04 8.332554258e+00 8.772464261e+00 3.268945921e+00 5.930954908e+00 1.775684003e-01 6.130974813e-21
5.670541082e+04 8.334623146e+00 8.788654921e+00 3.269089258e+00 5.940962508e+00 1.740456841e-01 2.888578024e-21
5.692184369e+04 8.336661736e+00 8.804799309e+00 3.269232496e+00 5.950965708e+00 1.705898760e-01 -2.185044531e-22
5.713827655e+04 8.338670523e+00 8.820898094e+00 3.269375636e+00 5.960964511e+00 1.671997794e-01 -6.510097274e-21
5.735470942e+04 8.340649997e+00 8.836951935e+00 3.269518677e+00 5.970958919e+00 1.638742162e-01 -1.225897153e-20
5.757114228e+04 8.342600641e+00 8.852961480e+00 3.269661619e+00 5.980948935e+00 1.606120281e-01 -1.593067264e-20
5.778757515e+04 8.344522929e+00 8.868927369e+00 3.269804464e+00 5.990934561e+00 1.574120754e-01 -1.554275077e-20
5.800400802e+04 8.346417331e+00 8.884850230e+00 3.269947209e+00 6.000915801e+00 1.542732377e-01 -1.301350431e-20
5.822044088e+04 8.348284308e+00 8.900730684e+00 3.270089857e+00 6.010892656e+00 1.511944130e-01 -1.267303329e-20
5.843687375e+04 8.350124316e+00 8.916569342e+00 3.270232406e+00 6.020865128e+00 1.481745168e-01 -1.124164807e-20
5.865330661e+04 8.351937804e+00 8.932366805e+00 3.270374858e+00 6.030833222e+00 1.452124829e-01 -9.016257531e-21
5.886973948e+04 8.353725212e+00 8.948123664e+00 3.270517211e+00 6.040796938e+00 1.423072626e-01 -6.514499430e-21
5.908617234e+04 8.355486978e+00 8.963840504e+00 3.270659467e+00 6.050756280e+00 1.394578254e-01 -3.295892707e-21
5.930260521e+04 8.357223530e+00 8.979517899e+00 3.270801625e+00 6.060711250e+00 1.366631577e-01 5.557120567e-22
5.951903808e+04 8.358935290e+00 8.995156414e+00 3.270943685e+00 6.070661851e+00 1.339222621e-01 3.918652329e-21
5.973547094e+04 8.360622676e+00 9.010756605e+00 3.271085648e+00 6.080608085e+00 1.312341583e-01 5.971132148e-21
5.995190381e+04 8.362286098e+00 9.026319022e+00 3.271227513e+00 6.090549955e+00 1.285978825e-01 5.689327987e-21
6.016833667e+04 8.363925959e+00 9.041844202e+00 3.271369281e+00 6.100487463e+00 1.260124880e-01 5.768296205e-21
6.038476954e+04 8.365542658e+00 9.057332679e+00 3.271510952e+00 6.110420613e+00 1.234770431e-01 5.861747364e-21
6.060120240e+04 8.367136587e+00 9.072784973e+00 3.271652526e+00 6.120349405e+00 1.209906317e-01 5.331596750e-21
6.081763527e+04 8.368708131e+00 9.088201601e+00 3.271794002e+00 6.130273844e+00 1.185523537e-01 4.376059631e-21
6.103406814e+04 8.370257672e+00 9.103583068e+00 3.271935382e+00 6.140193931e+00 1.161613237e-01 3.325014848e-21
6.125050100e+04 8.371785582e+00 9.118929873e+00 3.272076665e+00 6.150109669e+00 1.138166732e-01 1.454389377e-21
6.146693387e+04 8.373292232e+00 9.134242506e+00 3.272217851e+00 6.160021060e+00 1.115175466e-01 -5.310238885e-22
6.168336673e+04 8.374777984e+00 9.149521451e+00 3.272358941e+00 6.169928108e+00 1.092631034e-01 -2.202967115e-21
6.189979960e+04 8.376243195e+00 9.164767183e+00 3.272499934e+00 6.179830814e+00 1.070525175e-01 -3.071508427e-21
6.211623246e+04 8.377688217e+00 9.179980168e+00 3.272640831e+00 6.189729181e+00 1.048849770e-01 -2.754744312e-21
6.233266533e+04 8.379113396e+00 9.195160868e+00 3.272781631e+00 6.199623212e+00 1.027596853e-01 -3.249607213e-21
6.254909820e+04 8.380519074e+00 9.210309735e+00 3.272922335e+00 6.209512909e+00 1.006758577e-01 -3.373878792e-21
6.276553106e+04 8.381905585e+00 9.225427213e+00 3.273062943e+00 6.219398275e+00 9.863272363e-02 -3.158142649e-21
6.298196393e+04 8.383273261e+00 9.240513742e+00 3.273203455e+00 6.229279312e+00 9.662952578e-02 -2.691954073e-21
6.319839679e+04 8.384622426e+00 9.255569753e+00 3.273343871e+00 6.239156022e+00 9.466552026e-02 -2.027613398e-21
6.341482966e+04 8.385953400e+00 9.270595668e+00 3.273484191e+00 6.249028409e+00 9.273997706e-02 -9.888983375e-22
6.363126253e+04 8.387266498e+00 9.285591907e+00 3.273624415e+00 6.258896474e+00 9.085217719e-02 7.781507552e-23
6.384769539e+04 8.388562030e+00 9.300558878e+00 3.273764544e+00 6.268760221e+00 8.900141479e-02 9.460234882e-22
6.406412826e+04 8.389840301e+00 9.315496986e+00 3.273904577e+00 6.278619651e+00 8.718699622e-02 1.323254268e-21
6.428056112e+04 8.391101611e+00 9.330406628e+00 3.274044515e+00 6.288474768e+00 8.540824057e-02 1.407774622e-21
6.449699399e+04 8.392346255e+00 9.345288194e+00 3.274184357e+00 6.298325574e+00 8.366447927e-02 1.788663889e-21
6.471342685e+04 8.393574524e+00 9.360142068e+00 3.274324104e+00 6.308172070e+00 8.195505419e-02 1.966241492e-21
6.492985972e+04 8.394786703e+00 9.374968628e+00 3.274463756e+00 6.318014261e+00 8.027931926e-02 1.933371942e-21
6.514629259e+04 8.395983074e+00 9.389768246e+00 3.274603313e+00 6.327852147e+00 7.863663973e-02 1.707284773e-21
6.536272545e+04 8.397163914e+00 9.404541286e+00 3.274742775e+00 6.337685733e+00 7.702639289e-02 1.302437140e-21
6.557915832e+04 8.398329493e+00 9.419288108e+00 3.274882142e+00 6.347515020e+00 7.544796683e-02 7.693490464e-22
6.579559118e+04 8.399480081e+00 9.434009066e+00 3.275021415e+00 6.357340010e+00 7.390075966e-02 2.170122425e-22
6.601202405e+04 8.400615940e+00 9.448704506e+00 3.275160592e+00 6.367160707e+00 7.238418051e-02 -2.228130690e-22
6.622845691e+04 8.401737329e+00 9.463374771e+00 3.275299675e+00 6.376977112e+00 7.089764896e-02 -3.782071462e-22
6.644488978e+04 8.402844503e+00 9.478020195e+00 3.275438664e+00 6.386789229e+00 6.944059607e-02 -6.314110924e-22
6.666132265e+04 8.403937713e+00 9.492641110e+00 3.275577558e+00 6.396597060e+00 6.801246210e-02 -9.235290771e-22
6.687775551e+04 8.405017205e+00 9.507237839e+00 3.275716358e+00 6.406400606e+00 6.661269706e-02 -1.100392140e-21
6.709418838e+04 8.406083221e+00 9.521810703e+00 3.275855064e+00 6.416199872e+00 6.524076099e-02 -1.136546818e-21
6.731062124e+04 8.407136000e+00 9.536360014e+00 3.275993675e+00 6.425994858e+00 6.389612351e-02 -1.013207956e-21
6.752705411e+04 8.408175776e+00 9.550886081e+00 3.276132193e+00 6.435785569e+00 6.257826530e-02 -8.283542728e-22
6.774348697e+04 8.409202779e+00 9.565389208e+00 3.276270617e+00 6.445572005e+00 6.128667460e-02 -5.797992718e-22
6.795991984e+04 8.410217236e+00 9.579869692e+00 3.276408947e+00 6.455354171e+00 6.002084925e-02 -3.133773758e-22
6.817635271e+04 8.411219369e+00 9.594327827e+00 3.276547183e+00 6.465132067e+00 5.878029616e-02 -1.022561719e-22
6.839278557e+04 8.412209399e+00 9.608763901e+00 3.276685326e+00 6.474905697e+00 5.756453116e-02 -1.684028696e-23
6.860921844e+04 8.413187539e+00 9.623178196e+00 3.276823375e+00 6.484675063e+00 5.637308030e-02 2.304917773e-22
6.882565130e+04 8.414154002e+00 9.637570991e+00 3.276961330e+00 6.494440168e+00 5.520547623e-02 4.390073640e-22
6.904208417e+04 8.415108996e+00 9.651942559e+00 3.277099193e+00 6.504201013e+00 5.406126071e-02 5.803510550e-22
6.925851703e+04 8.416052726e+00 9.666293170e+00 3.277236962e+00 6.513957602e+00 5.293998377e-02 6.245669938e-22
6.947494990e+04 8.416985393e+00 9.680623087e+00 3.277374638e+00 6.523709938e+00 5.184120385e-02 5.701746046e-22
6.969138277e+04 8.417907194e+00 9.694932570e+00 3.277512220e+00 6.533458021e+00 5.076448841e-02 5.150495696e-22
6.990781563e+04 8.418818323e+00 9.709221874e+00 3.277649710e+00 6.543201856e+00 4.970941119e-02 4.172225111e-22
7.012424850e+04 8.419718973e+00 9.723491249e+00 3.277787107e+00 6.552941444e+00 4.867555424e-02 3.019802350e-22
7.034068136e+04 8.420609330e+00 9.737740944e+00 3.277924412e+00 6.562676788e+00 4.766250722e-02 2.064631355e-22
7.055711423e+04 8.421489580e+00 9.751971199e+00 3.278061623e+00 6.572407890e+00 4.666986774e-02 1.153043382e-22
7.077354709e+04 8.422359903e+00 9.766182251e+00 3.278198742e+00 6.582134754e+00 4.569724123e-02 -3.876516646e-23
7.098997996e+04 8.423220478e+00 9.780374337e+00 3.278335769e+00 6.591857380e+00 4.474423918e-02 -1.762436792e-22
7.120641283e+04 8.424071480e+00 9.794547684e+00 3.278472703e+00 6.601575772e+00 4.381048067e-02 -2.740491899e-22
7.142284569e+04 8.424913081e+00 9.808702519e+00 3.278609545e+00 6.611289932e+00 4.289559170e-02 -3.052746040e-22
7.163927856e+04 8.425745451e+00 9.822839064e+00 3.278746294e+00 6.620999863e+00 4.199920586e-02 -3.064917774e-22
7.185571142e+04 8.426568756e+00 9.836957535e+00 3.278882952e+00 6.630705567e+00 4.112096340e-02 -3.088412995e-22
7.207214429e+04 8.427383159e+00 9.851058149e+00 3.279019517e+00 6.640407047e+00 4.026051046e-02 -2.847084298e-22
7.228857715e+04 8.428188820e+00 9.865141115e+00 3.279155991e+00 6.650104305e+00 3.941750005e-02 -2.438816265e-22
7.250501002e+04 8.428985898e+00 9.879206639e+00 3.279292373e+00 6.659797343e+00 3.859159154e-02 -2.020072530e-22
7.272144289e+04 8.429774548e+00 9.893254925e+00 3.279428662e+00 6.669486164e+00 3.778245152e-02 -1.317615581e-22
7.293787575e+04 8.430554921e+00 9.907286173e+00 3.279564861e+00 6.679170770e+00 3.698975212e-02 -4.285873588e-23
7.315430862e+04 8.431327167e+00 9.921300577e+00 3.279700967e+00 6.688851164e+00 3.621317125e-02 4.001932183e-23
7.337074148e+04 8.432091434e+00 9.935298332e+00 3.279836983e+00 6.698527349e+00 3.545239303e-02 1.000811318e-22
7.358717435e+04 8.432847866e+00 9.949279626e+00 3.279972907e+00 6.708199326e+00 3.470710739e-02 1.166951915e-22
7.380360721e+04 8.433596605e+00 9.963244645e+00 3.280108739e+00 6.717867098e+00 3.397701120e-02 1.501619893e-22
7.402004008e+04 8.434337789e+00 9.977193570e+00 3.280244481e+00 6.727530668e+00 3.326180571e-02 1.736172478e-22
7.423647295e+04 8.435071557e+00 9.991126583e+00 3.280380131e+00 6.737190038e+00 3.256119798e-02 1.804175283e-22
7.445290581e+04 8.435798041e+00 1.000504386e+01 3.280515690e+00 6.746845211e+00 3.187490061e-02 1.719790760e-22
7.466933868e+04 8.436517376e+00 1.001894557e+01 3.280651159e+00 6.756496188e+00 3.120263158e-02 1.514556674e-22
7.488577154e+04 8.437229690e+00 1.003283189e+01 3.280786536e+00 6.766142973e+00 3.054411529e-02 1.128319797e-22
7.510220441e+04 8.437935111e+00 1.004670298e+01 3.280921823e+00 6.775785567e+00 2.989907980e-02 6.705889051e-23
7.531863727e+04 8.438633763e+00 1.006055900e+01 3.281057019e+00 6.785423974e+00 2.926725881e-02 2.229786470e-23
7.553507014e+04 8.439325771e+00 1.007440013e+01 3.281192125e+00 6.795058195e+00 2.864839096e-02 -1.056998909e-23
7.575150301e+04 8.440011255e+00 1.008822651e+01 3.281327140e+00 6.804688233e+00 2.804221999e-02 -2.773292286e-23
7.596793587e+04 8.440690333e+00 1.010203830e+01 3.281462065e+00 6.814314091e+00 2.744849521e-02 -6.162036265e-23
7.618436874e+04 8.441363122e+00 1.011583566e+01 3.281596899e+00 6.823935771e+00 2.686696948e-02 -8.771201783e-23
7.640080160e+04 8.442029736e+00 1.012961873e+01 3.281731643e+00 6.833553275e+00 2.629740074e-02 -1.032496327e-22
7.661723447e+04 8.442690288e+00 1.014338766e+01 3.281866297e+00 6.843166606e+00 2.573955146e-02 -1.058187485e-22
7.683366733e+04 8.443344888e+00 1.015714260e+01 3.282000862e+00 6.852775766e+00 2.519318892e-02 -9.683331456e-23
7.705010020e+04 8.443993645e+00 1.017088368e+01 3.282135336e+00 6.862380758e+00 2.465808520e-02 -8.235293770e-23
7.726653307e+04 8.444636664e+00 1.018461105e+01 3.282269720e+00 6.871981584e+00 2.413401581e-02 -6.163329869e-23
7.748296593e+04 8.445274050e+00 1.019832485e+01 3.282404015e+00 6.881578246e+00 2.362076083e-02 -3.882603510e-23
7.769939880e+04 8.445905907e+00 1.021202520e+01 3.282538220e+00 6.891170748e+00 2.311810453e-02 -1.978900512e-23
7.791583166e+04 8.446532334e+00 1.022571225e+01 3.282672335e+00 6.900759090e+00 2.262583570e-02 2.305245888e-26
7.813226453e+04 8.447153430e+00 1.023938611e+01 3.282806361e+00 6.910343276e+00 2.214374719e-02 2.408345470e-23
7.834869739e+04 8.447769294e+00 1.025304693e+01 3.282940298e+00 6.919923309e+00 2.167163519e-02 4.225715488e-23
7.856513026e+04 8.448380019e+00 1.026669481e+01 3.283074145e+00 6.929499190e+00 2.120930005e-02 5.019640701e-23
7.878156313e+04 8.448985700e+00 1.028032990e+01 3.283207903e+00 6.939070921e+00 2.075654588e-02 4.291756157e-23
7.899799599e+04 8.449586429e+00 1.029395229e+01 3.283341572e+00 6.948638506e+00 2.031318117e-02 3.340196189e-23
7.921442886e+04 8.450182295e+00 1.030756213e+01 3.283475152e+00 6.958201947e+00 1.987901764e-02 2.391984399e-23
7.943086172e+04 8.450773388e+00 1.032115951e+01 3.283608643e+00 6.967761246e+00 1.945387042e-02 1.212142426e-23
7.964729459e+04 8.451359794e+00 1.033474456e+01 3.283742045e+00 6.977316406e+00 1.903755830e-02 1.751342954e-24
7.986372745e+04 8.451941599e+00 1.034831739e+01 3.283875359e+00 6.986867429e+00 1.862990355e-02 -1.987805920e-24
8.008016032e+04 8.452518886e+00 1.036187811e+01 3.284008583e+00 6.996414317e+00 1.823073258e-02 -1.312931807e-23
8.029659319e+04 8.453091739e+00 1.037542682e+01 3.284141719e+00 7.005957072e+00 1.783987436e-02 -2.448836450e-23
8.051302605e+04 8.453660237e+00 1.038896364e+01 3.284274767e+00 7.015495698e+00 1.745716125e-02 -3.204530561e-23
8.072945892e+04 8.454224460e+00 1.040248866e+01 3.284407726e+00 7.025030197e+00 1.708242889e-02 -3.328966428e-23
8.094589178e+04 8.454784486e+00 1.041600199e+01 3.284540597e+00 7.034560570e+00 1.671551611e-02 -2.595106916e-23
8.116232465e+04 8.455340391e+00 1.042950373e+01 3.284673380e+00 7.044086821e+00 1.635626579e-02 -2.485749560e-23
8.137875752e+04 8.455892250e+00 1.044299398e+01 3.284806074e+00 7.053608952e+00 1.600452254e-02 -2.240062533e-23
8.159519038e+04 8.456440136e+00 1.045647284e+01 3.284938681e+00 7.063126964e+00 1.566013441e-02 -1.987982132e-23
8.181162325e+04 8.456984123e+00 1.046994039e+01 3.285071199e+00 7.072640861e+00 1.532295238e-02 -1.919129602e-23
8.202805611e+04 8.457524281e+00 1.048339674e+01 3.285203630e+00 7.082150646e+00 1.499283027e-02 -2.289705522e-23
8.224448898e+04 8.458060679e+00 1.049684198e+01 3.285335972e+00 7.091656319e+00 1.466962543e-02 -2.318783509e-23
8.246092184e+04 8.458593386e+00 1.051027619e+01 3.285468227e+00 7.101157884e+00 1.435319764e-02 -1.762383519e-23
8.267735471e+04 8.459122469e+00 1.052369947e+01 3.285600395e+00 7.110655343e+00 1.404340888e-02 -1.028385763e-23
8.289378758e+04 8.459647993e+00 1.053711190e+01 3.285732475e+00 7.120148699e+00 1.374012413e-02 -9.479173828e-25
8.311022044e+04 8.460170024e+00 1.055051357e+01 3.285864467e+00 7.129637953e+00 1.344321091e-02 1.066971582e-23
8.332665331e+04 8.460688624e+00 1.056390455e+01 3.285996372e+00 7.139123109e+00 1.315253955e-02 2.351362875e-23
8.354308617e+04 8.461203855e+00 1.057728495e+01 3.286128190e+00 7.148604168e+00 1.286798374e-02 3.179765221e-23
8.375951904e+04 8.461715779e+00 1.059065482e+01 3.286259921e+00 7.158081133e+00 1.258941820e-02 3.721378585e-23
8.397595190e+04 8.462224456e+00 1.060401426e+01 3.286391564e+00 7.167554007e+00 1.231672064e-02 3.814249469e-23
8.419238477e+04 8.462729944e+00 1.061736334e+01 3.286523121e+00 7.177022791e+00 1.204977112e-02 3.266968426e-23
8.440881764e+04 8.463232301e+00 1.063070214e+01 3.286654590e+00 7.186487488e+00 1.178845202e-02 1.856591732e-23
8.462525050e+04 8.463731584e+00 1.064403073e+01 3.286785973e+00 7.195948101e+00 1.153264895e-02 8.802758267e-24
8.484168337e+04 8.464227847e+00 1.065734919e+01 3.286917269e+00 7.205404632e+00 1.128224878e-02 1.415535926e-24
8.505811623e+04 8.464721146e+00 1.067065759e+01 3.287048478e+00 7.214857082e+00 1.103714070e-02 -3.667768668e-24
8.527454910e+04 8.465211534e+00 1.068395600e+01 3.287179601e+00 7.224305456e+00 1.079721617e-02 -3.784737131e-24
8.549098196e+04 8.465699064e+00 1.069724449e+01 3.287310637e+00 7.233749754e+00 1.056236874e-02 4.403745951e-24
8.570741483e+04 8.466183786e+00 1.071052313e+01 3.287441587e+00 7.243189980e+00 1.033249440e-02 1.489091181e-23
8.592384770e+04 8.466665751e+00 1.072379198e+01 3.287572450e+00 7.252626135e+00 1.010749141e-02 1.554293804e-23
8.614028056e+04 8.467145009e+00 1.073705112e+01 3.287703227e+00 7.262058222e+00 9.887259288e-03 1.388260395e-23
8.635671343e+04 8.467621608e+00 1.075030060e+01 3.287833918e+00 7.271486243e+00 9.671699823e-03 7.939562597e-24
8.657314629e+04 8.468095597e+00 1.076354050e+01 3.287964523e+00 7.280910202e+00 9.460716736e-03 -4.823527705e-24
8.678957916e+04 8.468567021e+00 1.077677087e+01 3.288095042e+00 7.290330099e+00 9.254215629e-03 -2.700044103e-23
8.700601202e+04 8.469035927e+00 1.078999177e+01 3.288225475e+00 7.299745938e+00 9.052104864e-03 -3.485423191e-23
8.722244489e+04 8.469502360e+00 1.080320327e+01 3.288355822e+00 7.309157720e+00 8.854293412e-03 -3.916309534e-23
8.743887776e+04 8.469966363e+00 1.081640543e+01 3.288486084e+00 7.318565449e+00 8.660692463e-03 -3.737913693e-23
8.765531062e+04 8.470427980e+00 1.082959830e+01 3.288616259e+00 7.327969126e+00 8.471214949e-03 -2.633019155e-23
8.787174349e+04 8.470887254e+00 1.084278194e+01 3.288746350e+00 7.337368754e+00 8.285775497e-03 -2.161734860e-24
8.808817635e+04 8.471344227e+00 1.085595641e+01 3.288876354e+00 7.346764335e+00 8.104290907e-03 1.930334402e-23
8.830460922e+04 8.471798938e+00 1.086912175e+01 3.289006274e+00 7.356155872e+00 7.926679413e-03 3.022951007e-23
8.852104208e+04 8.472251429e+00 1.088227804e+01 3.289136108e+00 7.365543366e+00 7.752860523e-03 3.551025479e-23
8.873747495e+04 8.472701738e+00 1.089542531e+01 3.289265856e+00 7.374926821e+00 7.582755536e-03 3.070319064e-23
8.895390782e+04 8.473149905e+00 1.090856363e+01 3.289395520e+00 7.384306238e+00 7.416287293e-03 1.029921345e-23
8.917034068e+04 8.473595966e+00 1.092169303e+01 3.289525099e+00 7.393681620e+00 7.253380291e-03 -2.331054557e-23
8.938677355e+04 8.474039960e+00 1.093481358e+01 3.289654592e+00 7.403052969e+00 7.093961063e-03 -3.418599364e-23
8.960320641e+04 8.474481922e+00 1.094792533e+01 3.289784001e+00 7.412420288e+00 6.937956723e-03 -3.982291950e-23
8.981963928e+04 8.474921888e+00 1.096102831e+01 3.289913325e+00 7.421783579e+00 6.785296167e-03 -3.525367352e-23
9.003607214e+04 8.475359894e+00 1.097412258e+01 3.290042564e+00 7.431142844e+00 6.635909696e-03 -1.418105816e-23
9.025250501e+04 8.475795974e+00 1.098720819e+01 3.290171718e+00 7.440498086e+00 6.489728980e-03 3.114782150e-23
9.046893788e+04 8.476230160e+00 1.100028518e+01 3.290300788e+00 7.449849306e+00 6.346687631e-03 5.645782533e-23
9.068537074e+04 8.476662488e+00 1.101335360e+01 3.290429773e+00 7.459196508e+00 6.206720015e-03 6.761681518e-23
9.090180361e+04 8.477092987e+00 1.102641349e+01 3.290558674e+00 7.468539693e+00 6.069761828e-03 6.682023786e-23
9.111823647e+04 8.477521692e+00 1.103946490e+01 3.290687491e+00 7.477878865e+00 5.935750133e-03 4.645356585e-23
9.133466934e+04 8.477948632e+00 1.105250786e+01 3.290816223e+00 7.487214024e+00 5.804623240e-03 -2.885365609e-24
9.155110220e+04 8.478373839e+00 1.106554242e+01 3.290944872e+00 7.496545174e+00 5.676320967e-03 -5.404814747e-23
9.176753507e+04 8.478797342e+00 1.107856862e+01 3.291073436e+00 7.505872316e+00 5.550784509e-03 -5.694130978e-23
9.198396794e+04 8.479219171e+00 1.109158651e+01 3.291201916e+00 7.515195454e+00 5.427955602e-03 -4.306296358e-23
9.220040080e+04 8.479639354e+00 1.110459612e+01 3.291330312e+00 7.524514590e+00 5.307777432e-03 -4.046189451e-24
9.241683367e+04 8.480057920e+00 1.111759748e+01 3.291458625e+00 7.533829725e+00 5.190194307e-03 7.019064300e-23
9.263326653e+04 8.480474897e+00 1.113059065e+01 3.291586853e+00 7.543140862e+00 5.075151635e-03 1.915801579e-22
9.284969940e+04 8.480890311e+00 1.114357566e+01 3.291714998e+00 7.552448004e+00 4.962596176e-03 3.267171219e-22
9.306613226e+04 8.481304190e+00 1.115655254e+01 3.291843060e+00 7.561751153e+00 4.852476157e-03 3.745487966e-22
9.328256513e+04 8.481716559e+00 1.116952133e+01 3.291971038e+00 7.571050310e+00 4.744739911e-03 3.851470093e-22
9.349899800e+04 8.482127444e+00 1.118248207e+01 3.292098932e+00 7.580345479e+00 4.639337197e-03 3.380250076e-22
9.371543086e+04 8.482536871e+00 1.119543479e+01 3.292226743e+00 7.589636662e+00 4.536218772e-03 2.085077219e-22
9.393186373e+04 8.482944864e+00 1.120837952e+01 3.292354471e+00 7.598923860e+00 4.435336361e-03 -3.259552134e-23
9.414829659e+04 8.483351447e+00 1.122131631e+01 3.292482116e+00 7.608207077e+00 4.336642860e-03 -3.394604722e-22
9.436472946e+04 8.483756643e+00 1.123424518e+01 3.292609678e+00 7.617486315e+00 4.240092712e-03 -4.450551525e-22
9.458116232e+04 8.484160477e+00 1.124716617e+01 3.292737156e+00 7.626761575e+00 4.145640159e-03 -4.820451378e-22
9.479759519e+04 8.484562971e+00 1.126007931e+01 3.292864552e+00 7.636032861e+00 4.053240814e-03 -4.074014976e-22
9.501402806e+04 8.484964147e+00 1.127298463e+01 3.292991865e+00 7.645300174e+00 3.962851180e-03 -1.688691429e-22
9.523046092e+04 8.485364027e+00 1.128588216e+01 3.293119095e+00 7.654563517e+00 3.874428622e-03 2.957726612e-22
9.544689379e+04 8.485762632e+00 1.129877194e+01 3.293246242e+00 7.663822892e+00 3.787931470e-03 9.472767808e-22
9.566332665e+04 8.486159984e+00 1.131165399e+01 3.293373307e+00 7.673078301e+00 3.703319566e-03 1.139227796e-21
9.587975952e+04 8.486556104e+00 1.132452834e+01 3.293500289e+00 7.682329747e+00 3.620552489e-03 1.186578026e-21
9.609619238e+04 8.486951011e+00 1.133739502e+01 3.293627189e+00 7.691577233e+00 3.539591054e-03 1.000685786e-21
9.631262525e+04 8.487344725e+00 1.135025406e+01 3.293754007e+00 7.700820759e+00 3.460396865e-03 4.737654095e-22
9.652905812e+04 8.487737267e+00 1.136310549e+01 3.293880742e+00 7.710060329e+00 3.382932296e-03 -5.226621193e-22
9.674549098e+04 8.488128654e+00 1.137594934e+01 3.294007395e+00 7.719295945e+00 3.307160518e-03 -2.019611709e-21
9.696192385e+04 8.488518905e+00 1.138878563e+01 3.294133965e+00 7.728527609e+00 3.233046109e-03 -2.484829950e-21
9.717835671e+04 8.488908040e+00 1.140161439e+01 3.294260454e+00 7.737755324e+00 3.160553403e-03 -2.643144277e-21
9.739478958e+04 8.489296075e+00 1.141443565e+01 3.294386861e+00 7.746979091e+00 3.089647823e-03 -2.303898322e-21
9.761122244e+04 8.489683029e+00 1.142724943e+01 3.294513186e+00 7.756198912e+00 3.020295492e-03 -1.235241845e-21
9.782765531e+04 8.490068919e+00 1.144005575e+01 3.294639429e+00 7.765414792e+00 2.952463211e-03 8.392060824e-22
9.804408818e+04 8.490453761e+00 1.145285465e+01 3.294765590e+00 7.774626730e+00 2.886118450e-03 4.229857801e-21
9.826052104e+04 8.490837573e+00 1.146564615e+01 3.294891670e+00 7.783834731e+00 2.821230016e-03 5.279927406e-21
9.847695391e+04 8.491220370e+00 1.147843026e+01 3.295017668e+00 7.793038796e+00 2.757766426e-03 5.686730229e-21
9.869338677e+04 8.491602169e+00 1.149120702e+01 3.295143584e+00 7.802238927e+00 2.695697181e-03 5.037012562e-21
9.890981964e+04 8.491982985e+00 1.150397645e+01 3.295269419e+00 7.811435128e+00 2.634992402e-03 2.827272484e-21
9.912625251e+04 8.492362833e+00 1.151673857e+01 3.295395173e+00 7.820627400e+00 2.575622810e-03 -1.543593009e-21
9.934268537e+04 8.492741729e+00 1.152949340e+01 3.295520846e+00 7.829815746e+00 2.517559710e-03 -8.781640887e-21
9.955911824e+04 8.493119687e+00 1.154224097e+01 3.295646437e+00 7.839000167e+00 2.460775694e-03 -1.237946065e-20
9.977555110e+04 8.493496722e+00 1.155498129e+01 3.295771947e+00 7.848180665e+00 2.405242998e-03 -1.527012809e-20
9.999198397e+04 8.493872847e+00 1.156771440e+01 3.295897376e+00 7.857357243e+00 2.350934683e-03 -1.753957756e-20
1.002084168e+05 8.494248077e+00 1.158044030e+01 3.296022725e+00 7.866529902e+00 2.297824400e-03 -1.872978889e-20
1.004248497e+05 8.494622425e+00 1.159315902e+01 3.296147992e+00 7.875698646e+00 2.245886328e-03 -1.829021633e-20
1.006412826e+05 8.494995905e+00 1.160587059e+01 3.296273179e+00 7.884863475e+00 2.195095160e-03 -1.557096197e-20
1.008577154e+05 8.495368530e+00 1.161857501e+01 3.296398285e+00 7.894024393e+00 2.145426189e-03 -1.050784255e-20
1.010741483e+05 8.495740312e+00 1.163127232e+01 3.296523310e+00 7.903181404e+00 2.096856003e-03 -8.537964539e-21
1.012905812e+05 8.496111263e+00 1.164396253e+01 3.296648255e+00 7.912334508e+00 2.049360399e-03 -6.243162710e-21
1.015070140e+05 8.496481397e+00 1.165664566e+01 3.296773119e+00 7.921483708e+00 2.002916169e-03 -3.822636962e-21
1.017234469e+05 8.496850726e+00 1.166932172e+01 3.296897903e+00 7.930629007e+00 1.957500575e-03 -1.540065383e-21
1.019398798e+05 8.497219261e+00 1.168199074e+01 3.297022606e+00 7.939770406e+00 1.913091338e-03 2.706302415e-22
1.021563126e+05 8.497587013e+00 1.169465274e+01 3.297147229e+00 7.948907910e+00 1.869666619e-03 1.199518923e-21
1.023727455e+05 8.497953995e+00 1.170730773e+01 3.297271772e+00 7.958041518e+00 1.827205279e-03 1.683968007e-21
1.025891784e+05 8.498320217e+00 1.171995573e+01 3.297396235e+00 7.967171233e+00 1.785686965e-03 3.385627264e-21
1.028056112e+05 8.498685689e+00 1.173259676e+01 3.297520618e+00 7.976297057e+00 1.745090856e-03 4.781929993e-21
1.030220441e+05 8.499050424e+00 1.174523084e+01 3.297644921e+00 7.985418992e+00 1.705396948e-03 5.753016513e-21
1.032384770e+05 8.499414431e+00 1.175785798e+01 3.297769144e+00 7.994537041e+00 1.666585646e-03 6.170730295e-21
1.034549098e+05 8.499777721e+00 1.177047819e+01 3.297893288e+00 8.003651206e+00 1.628637751e-03 5.898915544e-21
1.036713427e+05 8.500140303e+00 1.178309151e+01 3.298017351e+00 8.012761489e+00 1.591534449e-03 4.793714790e-21
1.038877756e+05 8.500502188e+00 1.179569793e+01 3.298141335e+00 8.021867892e+00 1.555257669e-03 3.473324272e-21
1.041042084e+05 8.500863385e+00 1.180829748e+01 3.298265240e+00 8.030970419e+00 1.519789639e-03 2.418725163e-21
1.043206413e+05 8.501223903e+00 1.182089017e+01 3.298389065e+00 8.040069071e+00 1.485112528e-03 1.234084719e-21
1.045370741e+05 8.501583753e+00 1.183347602e+01 3.298512810e+00 8.049163850e+00 1.451209106e-03 7.107796228e-23
1.047535070e+05 8.501942942e+00 1.184605505e+01 3.298636477e+00 8.058254759e+00 1.418062500e-03 -8.777013936e-22
1.049699399e+05 8.502301480e+00 1.185862726e+01 3.298760063e+00 8.067341799e+00 1.385656177e-03 -1.375520203e-21
1.051863727e+05 8.502659377e+00 1.187119268e+01 3.298883571e+00 8.076424974e+00 1.353973939e-03 -1.138285147e-21
1.054028056e+05 8.503016639e+00 1.188375131e+01 3.299007000e+00 8.085504285e+00 1.323000353e-03 -1.422970987e-21
1.056192385e+05 8.503373276e+00 1.189630317e+01 3.299130350e+00 8.094579734e+00 1.292719912e-03 -2.034583260e-21
1.058356713e+05 8.503729295e+00 1.190884829e+01 3.299253620e+00 8.103651324e+00 1.263117349e-03 -2.492721275e-21
1.060521042e+05 8.504084706e+00 1.192138666e+01 3.299376812e+00 8.112719057e+00 1.234177835e-03 -2.761276188e-21
1.062685371e+05 8.504439516e+00 1.193391830e+01 3.299499925e+00 8.121782935e+00 1.205886842e-03 -2.808054124e-21
1.064849699e+05 8.504793732e+00 1.194644323e+01 3.299622959e+00 8.130842961e+00 1.178230138e-03 -2.605682749e-21
1.067014028e+05 8.505147362e+00 1.195896146e+01 3.299745915e+00 8.139899136e+00 1.151193778e-03 -2.132517840e-21
1.069178357e+05 8.505500414e+00 1.197147300e+01 3.299868792e+00 8.148951462e+00 1.124764637e-03 -1.669299090e-21
1.071342685e+05 8.505852895e+00 1.198397787e+01 3.299991591e+00 8.157999943e+00 1.098929165e-03 -1.124991630e-21
1.073507014e+05 8.506204811e+00 1.199647608e+01 3.300114311e+00 8.167044581e+00 1.073674300e-03 -5.413029837e-22
1.075671343e+05 8.506556171e+00 1.200896764e+01 3.300236953e+00 8.176085376e+00 1.048987282e-03 5.046137126e-24
1.077835671e+05 8.506906981e+00 1.202145256e+01 3.300359516e+00 8.185122333e+00 1.024855610e-03 4.176962121e-22
1.080000000e+05 8.507257247e+00 1.203393086e+01 3.300482002e+00 8.194155452e+00 1.001267038e-03 5.791748965e-22
