time            Cj              Ck              shCj            shCk            Br              shBr           
0.000000000e+00 1.000000000e+01 1.000000000e-05 0.000000000e+00 0.000000000e+00 1.000000000e+01 1.000000000e+01
2.164328657e+02 7.092752481e+00 2.457288868e-02 7.058373567e-04 5.989859853e-03 9.986640692e+00 9.997319299e+00
4.328657315e+02 6.424576485e+00 4.673950282e-02 1.639377430e-03 8.052523000e-03 9.952775618e+00 9.991111876e+00
6.492985972e+02 5.959635482e+00 6.797712658e-02 2.334570562e-03 9.270749893e-03 9.905323350e+00 9.982981746e+00
8.657314629e+02 5.634859399e+00 8.941700434e-02 2.863713936e-03 1.014115409e-02 9.849002767e+00 9.973558641e+00
1.082164329e+03 5.406538476e+00 1.118879730e-01 3.282406623e-03 1.080559535e-02 9.786999359e+00 9.963171001e+00
1.298597194e+03 5.244583252e+00 1.359383802e-01 3.616931270e-03 1.131904746e-02 9.721444103e+00 9.952037308e+00
1.515030060e+03 5.128337016e+00 1.618827489e-01 3.881041285e-03 1.171154145e-02 9.653749699e+00 9.940326595e+00
1.731462926e+03 5.043634186e+00 1.898541392e-01 4.084506326e-03 1.200481481e-02 9.584843173e+00 9.928178036e+00
1.947895792e+03 4.980763403e+00 2.198530651e-01 4.236080203e-03 1.221694587e-02 9.515325198e+00 9.915707607e+00
2.164328657e+03 4.933065511e+00 2.517890675e-01 4.344123202e-03 1.236352154e-02 9.445578526e+00 9.903011051e+00
2.380761523e+03 4.895971768e+00 2.855139306e-01 4.416455935e-03 1.245789157e-02 9.375841391e+00 9.890166122e+00
2.597194389e+03 4.866344842e+00 3.208469332e-01 4.460104978e-03 1.251124194e-02 9.306257027e+00 9.877234876e+00
2.813627255e+03 4.842027816e+00 3.575932737e-01 4.481131743e-03 1.253275217e-02 9.236906911e+00 9.864266041e+00
3.030060120e+03 4.821535492e+00 3.955568925e-01 4.484595283e-03 1.252979850e-02 9.167833010e+00 9.851297337e+00
3.246492986e+03 4.803843241e+00 4.345489640e-01 4.474606278e-03 1.250821225e-02 9.099052561e+00 9.838357589e+00
3.462925852e+03 4.788242407e+00 4.743931337e-01 4.454434740e-03 1.247254917e-02 9.030567842e+00 9.825468578e+00
3.679358717e+03 4.774241257e+00 5.149283674e-01 4.426646842e-03 1.242631834e-02 8.962372560e+00 9.812646578e+00
3.895791583e+03 4.761497212e+00 5.560101930e-01 4.393221006e-03 1.237224338e-02 8.894455974e+00 9.799903608e+00
4.112224449e+03 4.749770150e+00 5.975107186e-01 4.355688994e-03 1.231237216e-02 8.826805505e+00 9.787248423e+00
4.328657315e+03 4.738890577e+00 6.393180407e-01 4.315216188e-03 1.224828606e-02 8.759408347e+00 9.774687288e+00
4.545090180e+03 4.728737710e+00 6.813351484e-01 4.272693656e-03 1.218118372e-02 8.692252411e+00 9.762224570e+00
4.761523046e+03 4.719224444e+00 7.234786458e-01 4.228786909e-03 1.211202233e-02 8.625326842e+00 9.749863195e+00
4.977955912e+03 4.710286667e+00 7.656772753e-01 4.184025246e-03 1.204146719e-02 8.558622263e+00 9.737604994e+00
5.194388778e+03 4.701876521e+00 8.078705863e-01 4.138797679e-03 1.197007522e-02 8.492130833e+00 9.725450963e+00
5.410821643e+03 4.693957399e+00 8.500076736e-01 4.093403954e-03 1.189826413e-02 8.425846232e+00 9.713401457e+00
5.627254509e+03 4.686500409e+00 8.920458157e-01 4.048073624e-03 1.182635778e-02 8.359763546e+00 9.701456350e+00
5.843687375e+03 4.679482175e+00 9.339494378e-01 4.002981839e-03 1.175460691e-02 8.293879151e+00 9.689615145e+00
6.060120240e+03 4.672883173e+00 9.756890793e-01 3.958262360e-03 1.168320640e-02 8.228190577e+00 9.677877058e+00
6.276553106e+03 4.666686621e+00 1.017240506e+00 3.914017001e-03 1.161230768e-02 8.162696365e+00 9.666241096e+00
6.492985972e+03 4.660877755e+00 1.058583958e+00 3.870322556e-03 1.154202795e-02 8.097395942e+00 9.654706098e+00
6.709418838e+03 4.655443238e+00 1.099703453e+00 3.827236655e-03 1.147245795e-02 8.032289495e+00 9.643270784e+00
6.925851703e+03 4.650370815e+00 1.140586206e+00 3.784801801e-03 1.140366737e-02 7.967377862e+00 9.631933781e+00
7.142284569e+03 4.645649058e+00 1.181222134e+00 3.743048559e-03 1.133570910e-02 7.902662433e+00 9.620693652e+00
7.358717435e+03 4.641267180e+00 1.221603426e+00 3.701998130e-03 1.126862275e-02 7.838145066e+00 9.609548914e+00
7.575150301e+03 4.637214902e+00 1.261724172e+00 3.661664335e-03 1.120243732e-02 7.773828009e+00 9.598498055e+00
7.791583166e+03 4.633482366e+00 1.301580053e+00 3.622055116e-03 1.113717326e-02 7.709713831e+00 9.587539543e+00
8.008016032e+03 4.630060075e+00 1.341168077e+00 3.583173752e-03 1.107284415e-02 7.645805372e+00 9.576671839e+00
8.224448898e+03 4.626938837e+00 1.380486353e+00 3.545019856e-03 1.100945806e-02 7.582105688e+00 9.565893403e+00
8.440881764e+03 4.624109737e+00 1.419533902e+00 3.507590128e-03 1.094701862e-02 7.518618012e+00 9.555202702e+00
8.657314629e+03 4.621564108e+00 1.458310495e+00 3.470878974e-03 1.088552591e-02 7.455345714e+00 9.544598211e+00
8.873747495e+03 4.619293511e+00 1.496816521e+00 3.434879008e-03 1.082497712e-02 7.392292275e+00 9.534078422e+00
9.090180361e+03 4.617289722e+00 1.535052867e+00 3.399581457e-03 1.076536717e-02 7.329461258e+00 9.523641842e+00
9.306613226e+03 4.615544717e+00 1.573020830e+00 3.364976477e-03 1.070668916e-02 7.266856285e+00 9.513287000e+00
9.523046092e+03 4.614050664e+00 1.610722030e+00 3.331053416e-03 1.064893473e-02 7.204481017e+00 9.503012443e+00
9.739478958e+03 4.612799909e+00 1.648158350e+00 3.297801020e-03 1.059209437e-02 7.142339140e+00 9.492816743e+00
9.955911824e+03 4.611784979e+00 1.685331869e+00 3.265207616e-03 1.053615773e-02 7.080434349e+00 9.482698494e+00
1.017234469e+04 4.610998563e+00 1.722244824e+00 3.233261243e-03 1.048111374e-02 7.018770338e+00 9.472656315e+00
1.038877756e+04 4.610433515e+00 1.758899566e+00 3.201949767e-03 1.042695087e-02 6.957350786e+00 9.462688849e+00
1.060521042e+04 4.610082848e+00 1.795298531e+00 3.171260965e-03 1.037365718e-02 6.896179350e+00 9.452794763e+00
1.082164329e+04 4.609939725e+00 1.831444208e+00 3.141182598e-03 1.032122050e-02 6.835259660e+00 9.442972750e+00
1.103807615e+04 4.609997458e+00 1.867339121e+00 3.111702474e-03 1.026962848e-02 6.774595308e+00 9.433221527e+00
1.125450902e+04 4.610249502e+00 1.902985810e+00 3.082808492e-03 1.021886869e-02 6.714189846e+00 9.423539835e+00
1.147094188e+04 4.610689454e+00 1.938386812e+00 3.054488674e-03 1.016892869e-02 6.654046779e+00 9.413926440e+00
1.168737475e+04 4.611311045e+00 1.973544654e+00 3.026731195e-03 1.011979603e-02 6.594169560e+00 9.404380132e+00
1.190380762e+04 4.612108142e+00 2.008461839e+00 2.999524413e-03 1.007145833e-02 6.534561591e+00 9.394899724e+00
1.212024048e+04 4.613074740e+00 2.043140839e+00 2.972856875e-03 1.002390332e-02 6.475226214e+00 9.385484052e+00
1.233667335e+04 4.614204960e+00 2.077584089e+00 2.946717334e-03 9.977118836e-03 6.416166711e+00 9.376131976e+00
1.255310621e+04 4.615493048e+00 2.111793982e+00 2.921094762e-03 9.931092850e-03 6.357386303e+00 9.366842379e+00
1.276953908e+04 4.616933372e+00 2.145772867e+00 2.895978348e-03 9.885813490e-03 6.298888146e+00 9.357614163e+00
1.298597194e+04 4.618520416e+00 2.179523043e+00 2.871357501e-03 9.841269045e-03 6.240675329e+00 9.348446255e+00
1.320240481e+04 4.620248782e+00 2.213046757e+00 2.847221876e-03 9.797448000e-03 6.182750873e+00 9.339337600e+00
1.341883768e+04 4.622113183e+00 2.246346206e+00 2.823561345e-03 9.754339003e-03 6.125117731e+00 9.330287167e+00
1.363527054e+04 4.624108444e+00 2.279423539e+00 2.800365972e-03 9.711930849e-03 6.067778784e+00 9.321293943e+00
1.385170341e+04 4.626229499e+00 2.312280836e+00 2.777626114e-03 9.670212611e-03 6.010736843e+00 9.312356934e+00
1.406813627e+04 4.628471389e+00 2.344920140e+00 2.755332335e-03 9.629173521e-03 5.953994644e+00 9.303475169e+00
1.428456914e+04 4.630829256e+00 2.377343439e+00 2.733475359e-03 9.588802933e-03 5.897554853e+00 9.294647691e+00
1.450100200e+04 4.633298347e+00 2.409552661e+00 2.712046198e-03 9.549090476e-03 5.841420061e+00 9.285873566e+00
1.471743487e+04 4.635874010e+00 2.441549689e+00 2.691036035e-03 9.510025924e-03 5.785592782e+00 9.277151876e+00
1.493386774e+04 4.638551688e+00 2.473336354e+00 2.670436277e-03 9.471599250e-03 5.730075459e+00 9.268481719e+00
1.515030060e+04 4.641326922e+00 2.504914441e+00 2.650238536e-03 9.433800617e-03 5.674870457e+00 9.259862214e+00
1.536673347e+04 4.644195350e+00 2.536285678e+00 2.630434635e-03 9.396620384e-03 5.619980067e+00 9.251292493e+00
1.558316633e+04 4.647152698e+00 2.567451768e+00 2.611016555e-03 9.360049037e-03 5.565406503e+00 9.242771708e+00
1.579959920e+04 4.650194787e+00 2.598414319e+00 2.591976567e-03 9.324077384e-03 5.511151904e+00 9.234299025e+00
1.601603206e+04 4.653317527e+00 2.629174968e+00 2.573306931e-03 9.288696127e-03 5.457218332e+00 9.225873625e+00
1.623246493e+04 4.656516915e+00 2.659735255e+00 2.555000309e-03 9.253896446e-03 5.403607772e+00 9.217494707e+00
1.644889780e+04 4.659789033e+00 2.690096689e+00 2.537049446e-03 9.219669554e-03 5.350322136e+00 9.209161483e+00
1.666533066e+04 4.663130052e+00 2.720260759e+00 2.519447259e-03 9.186006830e-03 5.297363256e+00 9.200873180e+00
1.688176353e+04 4.666536221e+00 2.750228880e+00 2.502186805e-03 9.152899780e-03 5.244732891e+00 9.192629039e+00
1.709819639e+04 4.670003876e+00 2.780002480e+00 2.485261303e-03 9.120340056e-03 5.192432722e+00 9.184428316e+00
1.731462926e+04 4.673529432e+00 2.809582912e+00 2.468664258e-03 9.088319647e-03 5.140464356e+00 9.176270280e+00
1.753106212e+04 4.677109380e+00 2.838971505e+00 2.452389202e-03 9.056830502e-03 5.088829323e+00 9.168154215e+00
1.774749499e+04 4.680740293e+00 2.868169561e+00 2.436429911e-03 9.025864858e-03 5.037529080e+00 9.160079414e+00
1.796392786e+04 4.684418819e+00 2.897178347e+00 2.420780073e-03 8.995414768e-03 4.986565005e+00 9.152045188e+00
1.818036072e+04 4.688141681e+00 2.925999110e+00 2.405433922e-03 8.965472975e-03 4.935938407e+00 9.144050857e+00
1.839679359e+04 4.691905676e+00 2.954633049e+00 2.390385552e-03 8.936031988e-03 4.885650517e+00 9.136095754e+00
1.861322645e+04 4.695707674e+00 2.983081352e+00 2.375629239e-03 8.907084492e-03 4.835702494e+00 9.128179224e+00
1.882965932e+04 4.699544618e+00 3.011345178e+00 2.361159381e-03 8.878623298e-03 4.786095423e+00 9.120300625e+00
1.904609218e+04 4.703413519e+00 3.039425655e+00 2.346970590e-03 8.850641484e-03 4.736830316e+00 9.112459324e+00
1.926252505e+04 4.707311460e+00 3.067323894e+00 2.333057523e-03 8.823132126e-03 4.687908115e+00 9.104654701e+00
1.947895792e+04 4.711235589e+00 3.095040982e+00 2.319415003e-03 8.796088469e-03 4.639329687e+00 9.096886146e+00
1.969539078e+04 4.715183124e+00 3.122577983e+00 2.306037964e-03 8.769503891e-03 4.591095830e+00 9.089153061e+00
1.991182365e+04 4.719151349e+00 3.149935941e+00 2.292921447e-03 8.743371862e-03 4.543207273e+00 9.081454857e+00
2.012825651e+04 4.723137610e+00 3.177115885e+00 2.280060591e-03 8.717685935e-03 4.495664672e+00 9.073790957e+00
2.034468938e+04 4.727139319e+00 3.204118817e+00 2.267450730e-03 8.692439941e-03 4.448468616e+00 9.066160791e+00
2.056112224e+04 4.731153953e+00 3.230945731e+00 2.255087196e-03 8.667627628e-03 4.401619626e+00 9.058563802e+00
2.077755511e+04 4.735179047e+00 3.257597605e+00 2.242965379e-03 8.643242766e-03 4.355118152e+00 9.050999441e+00
2.099398798e+04 4.739212199e+00 3.284075377e+00 2.231081268e-03 8.619280017e-03 4.308964581e+00 9.043467169e+00
2.121042084e+04 4.743251066e+00 3.310380021e+00 2.219430001e-03 8.595732717e-03 4.263159232e+00 9.035966456e+00
2.142685371e+04 4.747293367e+00 3.336512450e+00 2.208007716e-03 8.572595549e-03 4.217702358e+00 9.028496780e+00
2.164328657e+04 4.751336874e+00 3.362473579e+00 2.196810152e-03 8.549862784e-03 4.172594148e+00 9.021057630e+00
2.185971944e+04 4.755379421e+00 3.388264319e+00 2.185833354e-03 8.527528925e-03 4.127834727e+00 9.013648502e+00
2.207615230e+04 4.759418899e+00 3.413885560e+00 2.175073390e-03 8.505588478e-03 4.083424156e+00 9.006268902e+00
2.229258517e+04 4.763453248e+00 3.439338188e+00 2.164526406e-03 8.484036103e-03 4.039362434e+00 8.998918342e+00
2.250901804e+04 4.767480465e+00 3.464623074e+00 2.154188636e-03 8.462866525e-03 3.995649503e+00 8.991596343e+00
2.272545090e+04 4.771498599e+00 3.489741083e+00 2.144056398e-03 8.442074557e-03 3.952285245e+00 8.984302434e+00
2.294188377e+04 4.775505751e+00 3.514693072e+00 2.134126103e-03 8.421655115e-03 3.909269480e+00 8.977036153e+00
2.315831663e+04 4.779500081e+00 3.539479887e+00 2.124394242e-03 8.401603222e-03 3.866601965e+00 8.969797043e+00
2.337474950e+04 4.783479800e+00 3.564102365e+00 2.114857382e-03 8.381913963e-03 3.824282398e+00 8.962584659e+00
2.359118236e+04 4.787443164e+00 3.588561339e+00 2.105512157e-03 8.362582483e-03 3.782310426e+00 8.955398559e+00
2.380761523e+04 4.791388480e+00 3.612857636e+00 2.096355272e-03 8.343604013e-03 3.740685639e+00 8.948238310e+00
2.402404810e+04 4.795314098e+00 3.636992077e+00 2.087383509e-03 8.324973902e-03 3.699407575e+00 8.941103485e+00
2.424048096e+04 4.799218423e+00 3.660965478e+00 2.078593727e-03 8.306687594e-03 3.658475714e+00 8.933993665e+00
2.445691383e+04 4.803099905e+00 3.684778647e+00 2.069982857e-03 8.288740559e-03 3.617889484e+00 8.926908438e+00
2.467334669e+04 4.806957040e+00 3.708432387e+00 2.061547894e-03 8.271128313e-03 3.577648263e+00 8.919847397e+00
2.488977956e+04 4.810788368e+00 3.731927505e+00 2.053285885e-03 8.253846521e-03 3.537751375e+00 8.912810143e+00
2.510621242e+04 4.814592473e+00 3.755264797e+00 2.045193945e-03 8.236890904e-03 3.498198095e+00 8.905796283e+00
2.532264529e+04 4.818367986e+00 3.778445056e+00 2.037269258e-03 8.220257232e-03 3.458987649e+00 8.898805429e+00
2.553907816e+04 4.822113580e+00 3.801469075e+00 2.029509068e-03 8.203941349e-03 3.420119216e+00 8.891837202e+00
2.575551102e+04 4.825827970e+00 3.824337643e+00 2.021910679e-03 8.187939170e-03 3.381591928e+00 8.884891226e+00
2.597194389e+04 4.829509911e+00 3.847051546e+00 2.014471448e-03 8.172246682e-03 3.343404869e+00 8.877967132e+00
2.618837675e+04 4.833158201e+00 3.869611569e+00 2.007188789e-03 8.156859936e-03 3.305557079e+00 8.871064558e+00
2.640480962e+04 4.836771678e+00 3.892018495e+00 2.000060174e-03 8.141775050e-03 3.268047555e+00 8.864183146e+00
2.662124248e+04 4.840349218e+00 3.914273108e+00 1.993083127e-03 8.126988192e-03 3.230875249e+00 8.857322543e+00
2.683767535e+04 4.843889737e+00 3.936376186e+00 1.986255223e-03 8.112495605e-03 3.194039072e+00 8.850482404e+00
2.705410822e+04 4.847392190e+00 3.958328509e+00 1.979574091e-03 8.098293597e-03 3.157537895e+00 8.843662387e+00
2.727054108e+04 4.850855567e+00 3.980130855e+00 1.973037406e-03 8.084378524e-03 3.121370547e+00 8.836862156e+00
2.748697395e+04 4.854278891e+00 4.001784010e+00 1.966642895e-03 8.070746791e-03 3.085535821e+00 8.830081382e+00
2.770340681e+04 4.857661232e+00 4.023288744e+00 1.960388333e-03 8.057394892e-03 3.050032469e+00 8.823319737e+00
2.791983968e+04 4.861001693e+00 4.044645831e+00 1.954271542e-03 8.044319370e-03 3.014859206e+00 8.816576901e+00
2.813627255e+04 4.864299395e+00 4.065856064e+00 1.948290387e-03 8.031516790e-03 2.980014712e+00 8.809852558e+00
2.835270541e+04 4.867553504e+00 4.086920223e+00 1.942442780e-03 8.018983792e-03 2.945497632e+00 8.803146398e+00
2.856913828e+04 4.870763247e+00 4.107839058e+00 1.936726671e-03 8.006717101e-03 2.911306576e+00 8.796458114e+00
2.878557114e+04 4.873927834e+00 4.128613376e+00 1.931140048e-03 7.994713443e-03 2.877440122e+00 8.789787403e+00
2.900200401e+04 4.877046536e+00 4.149243950e+00 1.925680981e-03 7.982969646e-03 2.843896814e+00 8.783133969e+00
2.921843687e+04 4.880118655e+00 4.169731557e+00 1.920347528e-03 7.971482545e-03 2.810675167e+00 8.776497519e+00
2.943486974e+04 4.883143518e+00 4.190076981e+00 1.915137806e-03 7.960249043e-03 2.777773662e+00 8.769877764e+00
2.965130261e+04 4.886120486e+00 4.210281004e+00 1.910049973e-03 7.949266091e-03 2.745190752e+00 8.763274421e+00
2.986773547e+04 4.889048949e+00 4.230344408e+00 1.905082219e-03 7.938530686e-03 2.712924864e+00 8.756687209e+00
3.008416834e+04 4.891928321e+00 4.250267978e+00 1.900232777e-03 7.928039873e-03 2.680974396e+00 8.750115852e+00
3.030060120e+04 4.894758044e+00 4.270052499e+00 1.895499912e-03 7.917790743e-03 2.649337725e+00 8.743560078e+00
3.051703407e+04 4.897537593e+00 4.289698758e+00 1.890881927e-03 7.907780437e-03 2.618013198e+00 8.737019618e+00
3.073346693e+04 4.900266466e+00 4.309207541e+00 1.886377159e-03 7.898006138e-03 2.586999138e+00 8.730494208e+00
3.094989980e+04 4.902944182e+00 4.328579639e+00 1.881983974e-03 7.888465070e-03 2.556293851e+00 8.723983587e+00
3.116633267e+04 4.905570305e+00 4.347815843e+00 1.877700795e-03 7.879154528e-03 2.525895603e+00 8.717487499e+00
3.138276553e+04 4.908144411e+00 4.366916942e+00 1.873526049e-03 7.870071813e-03 2.495802650e+00 8.711005692e+00
3.159919840e+04 4.910666117e+00 4.385883729e+00 1.869458216e-03 7.861214296e-03 2.466013213e+00 8.704537917e+00
3.181563126e+04 4.913135046e+00 4.404716996e+00 1.865495786e-03 7.852579359e-03 2.436525508e+00 8.698083928e+00
3.203206413e+04 4.915550856e+00 4.423417539e+00 1.861637285e-03 7.844164435e-03 2.407337725e+00 8.691643484e+00
3.224849699e+04 4.917913220e+00 4.441986152e+00 1.857881260e-03 7.835966983e-03 2.378448039e+00 8.685216344e+00
3.246492986e+04 4.920221836e+00 4.460423633e+00 1.854226303e-03 7.827984532e-03 2.349854606e+00 8.678802275e+00
3.268136273e+04 4.922476427e+00 4.478730782e+00 1.850671029e-03 7.820214637e-03 2.321555567e+00 8.672401043e+00
3.289779559e+04 4.924676733e+00 4.496908396e+00 1.847214081e-03 7.812654890e-03 2.293549044e+00 8.666012420e+00
3.311422846e+04 4.926822523e+00 4.514957274e+00 1.843854134e-03 7.805302926e-03 2.265833144e+00 8.659636180e+00
3.333066132e+04 4.928913581e+00 4.532878219e+00 1.840589888e-03 7.798156415e-03 2.238405960e+00 8.653272101e+00
3.354709419e+04 4.930949713e+00 4.550672035e+00 1.837420063e-03 7.791213057e-03 2.211265571e+00 8.646919963e+00
3.376352705e+04 4.932930749e+00 4.568339525e+00 1.834343410e-03 7.784470596e-03 2.184410039e+00 8.640579550e+00
3.397995992e+04 4.934856531e+00 4.585881490e+00 1.831358697e-03 7.777926796e-03 2.157837422e+00 8.634250648e+00
3.419639279e+04 4.936726927e+00 4.603298735e+00 1.828464724e-03 7.771579466e-03 2.131545757e+00 8.627933048e+00
3.441282565e+04 4.938541818e+00 4.620592069e+00 1.825660309e-03 7.765426448e-03 2.105533079e+00 8.621626541e+00
3.462925852e+04 4.940301108e+00 4.637762298e+00 1.822944298e-03 7.759465617e-03 2.079797406e+00 8.615330924e+00
3.484569138e+04 4.942004714e+00 4.654810226e+00 1.820315555e-03 7.753694875e-03 2.054336751e+00 8.609045993e+00
3.506212425e+04 4.943652571e+00 4.671736660e+00 1.817772967e-03 7.748112158e-03 2.029149116e+00 8.602771549e+00
3.527855711e+04 4.945244636e+00 4.688542406e+00 1.815315447e-03 7.742715439e-03 2.004232494e+00 8.596507397e+00
3.549498998e+04 4.946780873e+00 4.705228282e+00 1.812941931e-03 7.737502731e-03 1.979584876e+00 8.590253342e+00
3.571142285e+04 4.948261268e+00 4.721795099e+00 1.810651377e-03 7.732472073e-03 1.955204238e+00 8.584009193e+00
3.592785571e+04 4.949685825e+00 4.738243661e+00 1.808442757e-03 7.727621523e-03 1.931088553e+00 8.577774762e+00
3.614428858e+04 4.951054558e+00 4.754574758e+00 1.806315056e-03 7.722949152e-03 1.907235791e+00 8.571549861e+00
3.636072144e+04 4.952367499e+00 4.770789199e+00 1.804267292e-03 7.718453088e-03 1.883643915e+00 8.565334308e+00
3.657715431e+04 4.953624690e+00 4.786887811e+00 1.802298517e-03 7.714131520e-03 1.860310886e+00 8.559127920e+00
3.679358717e+04 4.954826187e+00 4.802871413e+00 1.800407767e-03 7.709982605e-03 1.837234658e+00 8.552930520e+00
3.701002004e+04 4.955972059e+00 4.818740829e+00 1.798594087e-03 7.706004516e-03 1.814413185e+00 8.546741930e+00
3.722645291e+04 4.957062398e+00 4.834496810e+00 1.796856595e-03 7.702195517e-03 1.791844417e+00 8.540561975e+00
3.744288577e+04 4.958097296e+00 4.850140195e+00 1.795194395e-03 7.698553877e-03 1.769526302e+00 8.534390485e+00
3.765931864e+04 4.959076864e+00 4.865671790e+00 1.793606613e-03 7.695077885e-03 1.747456785e+00 8.528227288e+00
3.787575150e+04 4.960001224e+00 4.881092401e+00 1.792092392e-03 7.691765859e-03 1.725633814e+00 8.522072219e+00
3.809218437e+04 4.960870508e+00 4.896402833e+00 1.790650888e-03 7.688616135e-03 1.704055333e+00 8.515925110e+00
3.830861723e+04 4.961684856e+00 4.911603892e+00 1.789281267e-03 7.685627072e-03 1.682719287e+00 8.509785798e+00
3.852505010e+04 4.962444424e+00 4.926696384e+00 1.787982726e-03 7.682797070e-03 1.661623623e+00 8.503654122e+00
3.874148297e+04 4.963149378e+00 4.941681112e+00 1.786754473e-03 7.680124555e-03 1.640766286e+00 8.497529924e+00
3.895791583e+04 4.963799892e+00 4.956558879e+00 1.785595729e-03 7.677607962e-03 1.620145226e+00 8.491413044e+00
3.917434870e+04 4.964396157e+00 4.971330485e+00 1.784505741e-03 7.675245771e-03 1.599758390e+00 8.485303329e+00
3.939078156e+04 4.964938363e+00 4.985996731e+00 1.783483752e-03 7.673036460e-03 1.579603734e+00 8.479200625e+00
3.960721443e+04 4.965426718e+00 5.000558415e+00 1.782529035e-03 7.670978547e-03 1.559679210e+00 8.473104782e+00
3.982364729e+04 4.965861433e+00 5.015016335e+00 1.781640867e-03 7.669070566e-03 1.539982779e+00 8.467015649e+00
4.004008016e+04 4.966242731e+00 5.029371286e+00 1.780818543e-03 7.667311076e-03 1.520512402e+00 8.460933078e+00
4.025651303e+04 4.966570840e+00 5.043624063e+00 1.780061373e-03 7.665698660e-03 1.501266047e+00 8.454856925e+00
4.047294589e+04 4.966845998e+00 5.057775457e+00 1.779368681e-03 7.664231923e-03 1.482241685e+00 8.448787044e+00
4.068937876e+04 4.967068451e+00 5.071826260e+00 1.778739802e-03 7.662909494e-03 1.463437289e+00 8.442723294e+00
4.090581162e+04 4.967238451e+00 5.085777260e+00 1.778174086e-03 7.661730018e-03 1.444850844e+00 8.436665534e+00
4.112224449e+04 4.967356259e+00 5.099629245e+00 1.777670897e-03 7.660692166e-03 1.426480333e+00 8.430613625e+00
4.133867735e+04 4.967422144e+00 5.113382999e+00 1.777229611e-03 7.659794632e-03 1.408323748e+00 8.424567430e+00
4.155511022e+04 4.967436375e+00 5.127039304e+00 1.776849614e-03 7.659036125e-03 1.390379091e+00 8.418526813e+00
4.177154309e+04 4.967399236e+00 5.140598941e+00 1.776530308e-03 7.658415381e-03 1.372644364e+00 8.412491641e+00
4.198797595e+04 4.967311013e+00 5.154062688e+00 1.776271106e-03 7.657931153e-03 1.355117579e+00 8.406461782e+00
4.220440882e+04 4.967171995e+00 5.167431320e+00 1.776071428e-03 7.657582207e-03 1.337796757e+00 8.400437104e+00
4.242084168e+04 4.966982482e+00 5.180705613e+00 1.775930710e-03 7.657367337e-03 1.320679923e+00 8.394417479e+00
4.263727455e+04 4.966742776e+00 5.193886335e+00 1.775848400e-03 7.657285355e-03 1.303765111e+00 8.388402778e+00
4.285370741e+04 4.966453187e+00 5.206974251e+00 1.775823957e-03 7.657335093e-03 1.287050367e+00 8.382392877e+00
4.307014028e+04 4.966114030e+00 5.219970127e+00 1.775856853e-03 7.657515403e-03 1.270533737e+00 8.376387649e+00
4.328657315e+04 4.965725616e+00 5.232874730e+00 1.775946557e-03 7.657825145e-03 1.254213283e+00 8.370386972e+00
4.350300601e+04 4.965288264e+00 5.245688821e+00 1.776092555e-03 7.658263201e-03 1.238087074e+00 8.364390724e+00
4.371943888e+04 4.964802303e+00 5.258413160e+00 1.776294346e-03 7.658828475e-03 1.222153184e+00 8.358398785e+00
4.393587174e+04 4.964268071e+00 5.271048485e+00 1.776551465e-03 7.659519908e-03 1.206409704e+00 8.352411035e+00
4.415230461e+04 4.963685904e+00 5.283595545e+00 1.776863434e-03 7.660336443e-03 1.190854726e+00 8.346427357e+00
4.436873747e+04 4.963056143e+00 5.296055088e+00 1.777229785e-03 7.661277037e-03 1.175486356e+00 8.340447634e+00
4.458517034e+04 4.962379111e+00 5.308427873e+00 1.777650012e-03 7.662340622e-03 1.160302711e+00 8.334471752e+00
4.480160321e+04 4.961655149e+00 5.320714648e+00 1.778123650e-03 7.663526176e-03 1.145301915e+00 8.328499597e+00
4.501803607e+04 4.960884616e+00 5.332916136e+00 1.778650290e-03 7.664832736e-03 1.130482105e+00 8.322531056e+00
4.523446894e+04 4.960067864e+00 5.345033067e+00 1.779229511e-03 7.666259339e-03 1.115841428e+00 8.316566018e+00
4.545090180e+04 4.959205254e+00 5.357066162e+00 1.779860950e-03 7.667805095e-03 1.101378041e+00 8.310604373e+00
4.566733467e+04 4.958297144e+00 5.369016144e+00 1.780544221e-03 7.669469090e-03 1.087090112e+00 8.304646012e+00
4.588376754e+04 4.957343874e+00 5.380883758e+00 1.781278841e-03 7.671250312e-03 1.072975820e+00 8.298690827e+00
4.610020040e+04 4.956345796e+00 5.392669730e+00 1.782064377e-03 7.673147808e-03 1.059033354e+00 8.292738713e+00
4.631663327e+04 4.955303269e+00 5.404374781e+00 1.782900340e-03 7.675160565e-03 1.045260916e+00 8.286789563e+00
4.653306613e+04 4.954216667e+00 5.415999609e+00 1.783786410e-03 7.677287776e-03 1.031656719e+00 8.280843273e+00
4.674949900e+04 4.953086400e+00 5.427544872e+00 1.784722470e-03 7.679528876e-03 1.018218987e+00 8.274899742e+00
4.696593186e+04 4.951912774e+00 5.439011342e+00 1.785707910e-03 7.681882707e-03 1.004945955e+00 8.268958865e+00
4.718236473e+04 4.950696180e+00 5.450399694e+00 1.786742453e-03 7.684348541e-03 9.918358715e-01 8.263020544e+00
4.739879760e+04 4.949436986e+00 5.461710626e+00 1.787825746e-03 7.686925549e-03 9.788869969e-01 8.257084677e+00
4.761523046e+04 4.948135563e+00 5.472944828e+00 1.788957446e-03 7.689612922e-03 9.660976042e-01 8.251151167e+00
4.783166333e+04 4.946792281e+00 5.484102988e+00 1.790137223e-03 7.692409871e-03 9.534659780e-01 8.245219915e+00
4.804809619e+04 4.945407514e+00 5.495185791e+00 1.791364749e-03 7.695315613e-03 9.409904094e-01 8.239290824e+00
4.826452906e+04 4.943981633e+00 5.506193917e+00 1.792639711e-03 7.698329388e-03 9.286692077e-01 8.233363799e+00
4.848096192e+04 4.942515014e+00 5.517128040e+00 1.793961800e-03 7.701450451e-03 9.165006948e-01 8.227438745e+00
4.869739479e+04 4.941008030e+00 5.527988834e+00 1.795330712e-03 7.704678062e-03 9.044831978e-01 8.221515568e+00
4.891382766e+04 4.939461055e+00 5.538776966e+00 1.796746157e-03 7.708011507e-03 8.926150646e-01 8.215594175e+00
4.913026052e+04 4.937874465e+00 5.549493100e+00 1.798207842e-03 7.711450070e-03 8.808946450e-01 8.209674473e+00
4.934669339e+04 4.936248632e+00 5.560137891e+00 1.799715486e-03 7.714993052e-03 8.693203111e-01 8.203756372e+00
4.956312625e+04 4.934583932e+00 5.570711990e+00 1.801268819e-03 7.718639776e-03 8.578904513e-01 8.197839782e+00
4.977955912e+04 4.932880743e+00 5.581216058e+00 1.802867572e-03 7.722389579e-03 8.466034573e-01 8.191924612e+00
4.999599198e+04 4.931139441e+00 5.591650737e+00 1.804511491e-03 7.726241816e-03 8.354577450e-01 8.186010776e+00
5.021242485e+04 4.929360390e+00 5.602016649e+00 1.806200322e-03 7.730195835e-03 8.244517310e-01 8.180098185e+00
5.042885772e+04 4.927543965e+00 5.612314422e+00 1.807933823e-03 7.734251011e-03 8.135838522e-01 8.174186754e+00
5.064529058e+04 4.925690560e+00 5.622544754e+00 1.809711736e-03 7.738406718e-03 8.028525536e-01 8.168276395e+00
5.086172345e+04 4.923800526e+00 5.632708206e+00 1.811533841e-03 7.742662355e-03 7.922562930e-01 8.162367023e+00
5.107815631e+04 4.921874240e+00 5.642805420e+00 1.813399904e-03 7.747017325e-03 7.817935424e-01 8.156458555e+00
5.129458918e+04 4.919912076e+00 5.652837014e+00 1.815309705e-03 7.751471051e-03 7.714627903e-01 8.150550906e+00
5.151102204e+04 4.917914402e+00 5.662803600e+00 1.817263027e-03 7.756022962e-03 7.612625326e-01 8.144643995e+00
5.172745491e+04 4.915881590e+00 5.672705789e+00 1.819259661e-03 7.760672503e-03 7.511912792e-01 8.138737738e+00
5.194388778e+04 4.913814007e+00 5.682544183e+00 1.821299405e-03 7.765419129e-03 7.412475566e-01 8.132832055e+00
5.216032064e+04 4.911712022e+00 5.692319383e+00 1.823382058e-03 7.770262302e-03 7.314298961e-01 8.126926865e+00
5.237675351e+04 4.909576001e+00 5.702031985e+00 1.825507428e-03 7.775201502e-03 7.217368469e-01 8.121022087e+00
5.259318637e+04 4.907406309e+00 5.711682577e+00 1.827675331e-03 7.780236219e-03 7.121669748e-01 8.115117644e+00
5.280961924e+04 4.905203312e+00 5.721271748e+00 1.829885583e-03 7.785365947e-03 7.027188453e-01 8.109213455e+00
5.302605210e+04 4.902967371e+00 5.730800080e+00 1.832138009e-03 7.790590198e-03 6.933910471e-01 8.103309444e+00
5.324248497e+04 4.900698848e+00 5.740268146e+00 1.834432442e-03 7.795908503e-03 6.841821874e-01 8.097405533e+00
5.345891784e+04 4.898398104e+00 5.749676519e+00 1.836768718e-03 7.801320388e-03 6.750908750e-01 8.091501645e+00
5.367535070e+04 4.896065495e+00 5.759025762e+00 1.839146680e-03 7.806825406e-03 6.661157450e-01 8.085597706e+00
5.389178357e+04 4.893701379e+00 5.768316439e+00 1.841566174e-03 7.812423107e-03 6.572554322e-01 8.079693640e+00
5.410821643e+04 4.891306112e+00 5.777549106e+00 1.844027051e-03 7.818113058e-03 6.485085912e-01 8.073789372e+00
5.432464930e+04 4.888880046e+00 5.786724315e+00 1.846529170e-03 7.823894834e-03 6.398738854e-01 8.067884828e+00
5.454108216e+04 4.886423534e+00 5.795842616e+00 1.849072392e-03 7.829768021e-03 6.313499909e-01 8.061979936e+00
5.475751503e+04 4.883936926e+00 5.804904551e+00 1.851656585e-03 7.835732216e-03 6.229355979e-01 8.056074621e+00
5.497394790e+04 4.881420570e+00 5.813910659e+00 1.854281621e-03 7.841787026e-03 6.146294078e-01 8.050168813e+00
5.519038076e+04 4.878874813e+00 5.822861474e+00 1.856947380e-03 7.847932070e-03 6.064301338e-01 8.044262438e+00
5.540681363e+04 4.876300000e+00 5.831757525e+00 1.859653743e-03 7.854166973e-03 5.983365047e-01 8.038355427e+00
5.562324649e+04 4.873696473e+00 5.840599338e+00 1.862400599e-03 7.860491376e-03 5.903472591e-01 8.032447708e+00
5.583967936e+04 4.871064574e+00 5.849387431e+00 1.865187842e-03 7.866904924e-03 5.824611491e-01 8.026539211e+00
5.605611222e+04 4.868404641e+00 5.858122319e+00 1.868015368e-03 7.873407275e-03 5.746769390e-01 8.020629867e+00
5.627254509e+04 4.865717011e+00 5.866804514e+00 1.870883081e-03 7.879998097e-03 5.669934061e-01 8.014719607e+00
5.648897796e+04 4.863002019e+00 5.875434522e+00 1.873790888e-03 7.886677066e-03 5.594093393e-01 8.008808363e+00
5.670541082e+04 4.860259997e+00 5.884012842e+00 1.876738700e-03 7.893443868e-03 5.519235392e-01 8.002896066e+00
5.692184369e+04 4.857491277e+00 5.892539972e+00 1.879726436e-03 7.900298200e-03 5.445348198e-01 7.996982649e+00
5.713827655e+04 4.854696185e+00 5.901016403e+00 1.882754016e-03 7.907239766e-03 5.372420063e-01 7.991068044e+00
5.735470942e+04 4.851875049e+00 5.909442624e+00 1.885821367e-03 7.914268282e-03 5.300439353e-01 7.985152186e+00
5.757114228e+04 4.849028193e+00 5.917819116e+00 1.888928420e-03 7.921383473e-03 5.229394569e-01 7.979235008e+00
5.778757515e+04 4.846155938e+00 5.926146357e+00 1.892075109e-03 7.928585070e-03 5.159274311e-01 7.973316444e+00
5.800400802e+04 4.843258604e+00 5.934424822e+00 1.895261376e-03 7.935872817e-03 5.090067309e-01 7.967396429e+00
5.822044088e+04 4.840336509e+00 5.942654979e+00 1.898487164e-03 7.943246465e-03 5.021762415e-01 7.961474899e+00
5.843687375e+04 4.837389967e+00 5.950837293e+00 1.901752424e-03 7.950705778e-03 4.954348594e-01 7.955551789e+00
5.865330661e+04 4.834419291e+00 5.958972223e+00 1.905057108e-03 7.958250524e-03 4.887814925e-01 7.949627034e+00
5.886973948e+04 4.831424792e+00 5.967060225e+00 1.908401175e-03 7.965880480e-03 4.822150596e-01 7.943700572e+00
5.908617234e+04 4.828406779e+00 5.975101750e+00 1.911784586e-03 7.973595437e-03 4.757344919e-01 7.937772339e+00
5.930260521e+04 4.825365555e+00 5.983097244e+00 1.915207309e-03 7.981395188e-03 4.693387313e-01 7.931842273e+00
5.951903808e+04 4.822301425e+00 5.991047149e+00 1.918669314e-03 7.989279541e-03 4.630267312e-01 7.925910310e+00
5.973547094e+04 4.819214691e+00 5.998951903e+00 1.922170577e-03 7.997248309e-03 4.567974573e-01 7.919976389e+00
5.995190381e+04 4.816105651e+00 6.006811939e+00 1.925711078e-03 8.005301315e-03 4.506498844e-01 7.914040448e+00
6.016833667e+04 4.812974600e+00 6.014627686e+00 1.929290800e-03 8.013438389e-03 4.445829992e-01 7.908102426e+00
6.038476954e+04 4.809821832e+00 6.022399569e+00 1.932909731e-03 8.021659371e-03 4.385957991e-01 7.902162262e+00
6.060120240e+04 4.806647641e+00 6.030128007e+00 1.936567865e-03 8.029964111e-03 4.326872945e-01 7.896219894e+00
6.081763527e+04 4.803452313e+00 6.037813416e+00 1.940265199e-03 8.038352465e-03 4.268565042e-01 7.890275263e+00
6.103406814e+04 4.800236136e+00 6.045456208e+00 1.944001732e-03 8.046824299e-03 4.211024584e-01 7.884328308e+00
6.125050100e+04 4.796999393e+00 6.053056790e+00 1.947777470e-03 8.055379486e-03 4.154241983e-01 7.878378970e+00
6.146693387e+04 4.793742368e+00 6.060615565e+00 1.951592424e-03 8.064017909e-03 4.098207758e-01 7.872427190e+00
6.168336673e+04 4.790465339e+00 6.068132932e+00 1.955446606e-03 8.072739458e-03 4.042912533e-01 7.866472907e+00
6.189979960e+04 4.787168582e+00 6.075609284e+00 1.959340034e-03 8.081544032e-03 3.988347036e-01 7.860516064e+00
6.211623246e+04 4.783852373e+00 6.083045013e+00 1.963272730e-03 8.090431538e-03 3.934502099e-01 7.854556602e+00
6.233266533e+04 4.780516984e+00 6.090440505e+00 1.967244720e-03 8.099401891e-03 3.881368656e-01 7.848594462e+00
6.254909820e+04 4.777162683e+00 6.097796140e+00 1.971256034e-03 8.108455014e-03 3.828937740e-01 7.842629586e+00
6.276553106e+04 4.773789739e+00 6.105112299e+00 1.975306706e-03 8.117590838e-03 3.777200492e-01 7.836661918e+00
6.298196393e+04 4.770398416e+00 6.112389353e+00 1.979396774e-03 8.126809302e-03 3.726148152e-01 7.830691398e+00
6.319839679e+04 4.766988975e+00 6.119627673e+00 1.983526282e-03 8.136110355e-03 3.675772055e-01 7.824717970e+00
6.341482966e+04 4.763561678e+00 6.126827624e+00 1.987695274e-03 8.145493952e-03 3.626063634e-01 7.818741577e+00
6.363126253e+04 4.760116781e+00 6.133989569e+00 1.991903803e-03 8.154960057e-03 3.577014424e-01 7.812762162e+00
6.384769539e+04 4.756654539e+00 6.141113864e+00 1.996151921e-03 8.164508641e-03 3.528616059e-01 7.806779669e+00
6.406412826e+04 4.753175205e+00 6.148200864e+00 2.000439689e-03 8.174139683e-03 3.480860264e-01 7.800794041e+00
6.428056112e+04 4.749679028e+00 6.155250918e+00 2.004767167e-03 8.183853170e-03 3.433738861e-01 7.794805221e+00
6.449699399e+04 4.746166258e+00 6.162264372e+00 2.009134424e-03 8.193649099e-03 3.387243767e-01 7.788813155e+00
6.471342685e+04 4.742637137e+00 6.169241568e+00 2.013541531e-03 8.203527473e-03 3.341366992e-01 7.782817786e+00
6.492985972e+04 4.739091911e+00 6.176182845e+00 2.017988561e-03 8.213488301e-03 3.296100640e-01 7.776819058e+00
6.514629259e+04 4.735530818e+00 6.183088537e+00 2.022475595e-03 8.223531604e-03 3.251436905e-01 7.770816917e+00
6.536272545e+04 4.731954097e+00 6.189958974e+00 2.027002714e-03 8.233657406e-03 3.207368073e-01 7.764811307e+00
6.557915832e+04 4.728361983e+00 6.196794484e+00 2.031570007e-03 8.243865745e-03 3.163886522e-01 7.758802173e+00
6.579559118e+04 4.724754711e+00 6.203595388e+00 2.036177563e-03 8.254156662e-03 3.120984719e-01 7.752789460e+00
6.601202405e+04 4.721132511e+00 6.210362008e+00 2.040825479e-03 8.264530208e-03 3.078655216e-01 7.746773113e+00
6.622845691e+04 4.717495610e+00 6.217094658e+00 2.045513853e-03 8.274986440e-03 3.036890658e-01 7.740753078e+00
6.644488978e+04 4.713844237e+00 6.223793650e+00 2.050242788e-03 8.285525425e-03 2.995683774e-01 7.734729301e+00
6.666132265e+04 4.710178613e+00 6.230459293e+00 2.055012392e-03 8.296147235e-03 2.955027380e-01 7.728701727e+00
6.687775551e+04 4.706498961e+00 6.237091892e+00 2.059822778e-03 8.306851950e-03 2.914914379e-01 7.722670302e+00
6.709418838e+04 4.702805500e+00 6.243691748e+00 2.064674060e-03 8.317639660e-03 2.875337755e-01 7.716634972e+00
6.731062124e+04 4.699098447e+00 6.250259159e+00 2.069566358e-03 8.328510461e-03 2.836290579e-01 7.710595683e+00
6.752705411e+04 4.695378016e+00 6.256794419e+00 2.074499796e-03 8.339464457e-03 2.797766003e-01 7.704552381e+00
6.774348697e+04 4.691644420e+00 6.263297818e+00 2.079474502e-03 8.350501761e-03 2.759757262e-01 7.698505013e+00
6.795991984e+04 4.687897869e+00 6.269769645e+00 2.084490606e-03 8.361622495e-03 2.722257673e-01 7.692453525e+00
6.817635271e+04 4.684138571e+00 6.276210183e+00 2.089548246e-03 8.372826786e-03 2.685260632e-01 7.686397863e+00
6.839278557e+04 4.680366732e+00 6.282619713e+00 2.094647561e-03 8.384114768e-03 2.648759615e-01 7.680337974e+00
6.860921844e+04 4.676582554e+00 6.288998512e+00 2.099788695e-03 8.395486586e-03 2.612748178e-01 7.674273806e+00
6.882565130e+04 4.672786239e+00 6.295346854e+00 2.104971797e-03 8.406942388e-03 2.577219954e-01 7.668205304e+00
6.904208417e+04 4.668977985e+00 6.301665008e+00 2.110197021e-03 8.418482331e-03 2.542168654e-01 7.662132415e+00
6.925851703e+04 4.665157987e+00 6.307953242e+00 2.115464523e-03 8.430106580e-03 2.507588065e-01 7.656055087e+00
6.947494990e+04 4.661326441e+00 6.314211819e+00 2.120774465e-03 8.441815308e-03 2.473472049e-01 7.649973266e+00
6.969138277e+04 4.657483537e+00 6.320441001e+00 2.126127010e-03 8.453608696e-03 2.439814544e-01 7.643886899e+00
6.990781563e+04 4.653629467e+00 6.326641045e+00 2.131522330e-03 8.465486933e-03 2.406609561e-01 7.637795933e+00
7.012424850e+04 4.649764420e+00 6.332812205e+00 2.136960600e-03 8.477450225e-03 2.373851188e-01 7.631700317e+00
7.034068136e+04 4.645888581e+00 6.338954734e+00 2.142441997e-03 8.489498773e-03 2.341533582e-01 7.625599995e+00
7.055711423e+04 4.642002133e+00 6.345068879e+00 2.147966705e-03 8.501632791e-03 2.309650972e-01 7.619494917e+00
7.077354709e+04 4.638105258e+00 6.351154885e+00 2.153534911e-03 8.513852500e-03 2.278197658e-01 7.613385029e+00
7.098997996e+04 4.634198137e+00 6.357212995e+00 2.159146806e-03 8.526158131e-03 2.247168010e-01 7.607270277e+00
7.120641283e+04 4.630280945e+00 6.363243447e+00 2.164802583e-03 8.538549910e-03 2.216556474e-01 7.601150611e+00
7.142284569e+04 4.626353858e+00 6.369246477e+00 2.170502444e-03 8.551028086e-03 2.186357556e-01 7.595025976e+00
7.163927856e+04 4.622417049e+00 6.375222318e+00 2.176246591e-03 8.563592910e-03 2.156565834e-01 7.588896320e+00
7.185571142e+04 4.618470691e+00 6.381171201e+00 2.182035234e-03 8.576244641e-03 2.127175953e-01 7.582761590e+00
7.207214429e+04 4.614514951e+00 6.387093353e+00 2.187868585e-03 8.588983545e-03 2.098182624e-01 7.576621733e+00
7.228857715e+04 4.610549996e+00 6.392988997e+00 2.193746865e-03 8.601809902e-03 2.069580626e-01 7.570476698e+00
7.250501002e+04 4.606575991e+00 6.398858354e+00 2.199670295e-03 8.614723994e-03 2.041364803e-01 7.564326430e+00
7.272144289e+04 4.602593099e+00 6.404701643e+00 2.205639103e-03 8.627726111e-03 2.013530061e-01 7.558170877e+00
7.293787575e+04 4.598601479e+00 6.410519078e+00 2.211653519e-03 8.640816553e-03 1.986071370e-01 7.552009986e+00
7.315430862e+04 4.594601292e+00 6.416310874e+00 2.217713780e-03 8.653995627e-03 1.958983764e-01 7.545843705e+00
7.337074148e+04 4.590592696e+00 6.422077241e+00 2.223820129e-03 8.667263652e-03 1.932262340e-01 7.539671980e+00
7.358717435e+04 4.586575849e+00 6.427818388e+00 2.229972812e-03 8.680620954e-03 1.905902259e-01 7.533494759e+00
7.380360721e+04 4.582550902e+00 6.433534519e+00 2.236172079e-03 8.694067865e-03 1.879898738e-01 7.527311988e+00
7.402004008e+04 4.578518008e+00 6.439225837e+00 2.242418188e-03 8.707604726e-03 1.854247055e-01 7.521123614e+00
7.423647295e+04 4.574477318e+00 6.444892541e+00 2.248711398e-03 8.721231889e-03 1.828942549e-01 7.514929585e+00
7.445290581e+04 4.570428979e+00 6.450534829e+00 2.255051973e-03 8.734949706e-03 1.803980619e-01 7.508729846e+00
7.466933868e+04 4.566373132e+00 6.456152892e+00 2.261440177e-03 8.748758534e-03 1.779356723e-01 7.502524345e+00
7.488577154e+04 4.562309925e+00 6.461746922e+00 2.267876286e-03 8.762658752e-03 1.755066373e-01 7.496313029e+00
7.510220441e+04 4.558239499e+00 6.467317109e+00 2.274360579e-03 8.776650738e-03 1.731105139e-01 7.490095843e+00
7.531863727e+04 4.554161994e+00 6.472863639e+00 2.280893338e-03 8.790734880e-03 1.707468649e-01 7.483872735e+00
7.553507014e+04 4.550077549e+00 6.478386697e+00 2.287474854e-03 8.804911578e-03 1.684152584e-01 7.477643650e+00
7.575150301e+04 4.545986302e+00 6.483886463e+00 2.294105433e-03 8.819181257e-03 1.661152685e-01 7.471408536e+00
7.596793587e+04 4.541888387e+00 6.489363117e+00 2.300785371e-03 8.833544325e-03 1.638464743e-01 7.465167337e+00
7.618436874e+04 4.537783937e+00 6.494816834e+00 2.307514972e-03 8.848001209e-03 1.616084602e-01 7.458920000e+00
7.640080160e+04 4.533673083e+00 6.500247790e+00 2.314294550e-03 8.862552344e-03 1.594008161e-01 7.452666472e+00
7.661723447e+04 4.529555955e+00 6.505656155e+00 2.321124423e-03 8.877198177e-03 1.572231371e-01 7.446406697e+00
7.683366733e+04 4.525432685e+00 6.511042102e+00 2.328004906e-03 8.891939149e-03 1.550750240e-01 7.440140622e+00
7.705010020e+04 4.521303398e+00 6.516405798e+00 2.334936329e-03 8.906775728e-03 1.529560818e-01 7.433868192e+00
7.726653307e+04 4.517168221e+00 6.521747408e+00 2.341919027e-03 8.921708384e-03 1.508659212e-01 7.427589353e+00
7.748296593e+04 4.513027276e+00 6.527067095e+00 2.348953338e-03 8.936737596e-03 1.488041575e-01 7.421304049e+00
7.769939880e+04 4.508880687e+00 6.532365021e+00 2.356039605e-03 8.951863853e-03 1.467704113e-01 7.415012226e+00
7.791583166e+04 4.504728569e+00 6.537641340e+00 2.363178170e-03 8.967087642e-03 1.447643081e-01 7.408713828e+00
7.813226453e+04 4.500571042e+00 6.542896209e+00 2.370369386e-03 8.982409467e-03 1.427854782e-01 7.402408801e+00
7.834869739e+04 4.496408223e+00 6.548129782e+00 2.377613613e-03 8.997829843e-03 1.408335563e-01 7.396097089e+00
7.856513026e+04 4.492240226e+00 6.553342210e+00 2.384911214e-03 9.013349289e-03 1.389081821e-01 7.389778637e+00
7.878156313e+04 4.488067166e+00 6.558533643e+00 2.392262555e-03 9.028968333e-03 1.370089999e-01 7.383453388e+00
7.899799599e+04 4.483889154e+00 6.563704229e+00 2.399668029e-03 9.044687539e-03 1.351356590e-01 7.377121287e+00
7.921442886e+04 4.479706302e+00 6.568854111e+00 2.407128022e-03 9.060507462e-03 1.332878127e-01 7.370782278e+00
7.943086172e+04 4.475518718e+00 6.573983433e+00 2.414642919e-03 9.076428661e-03 1.314651191e-01 7.364436304e+00
7.964729459e+04 4.471326509e+00 6.579092335e+00 2.422213119e-03 9.092451710e-03 1.296672405e-01 7.358083309e+00
7.986372745e+04 4.467129781e+00 6.584180955e+00 2.429839025e-03 9.108577196e-03 1.278938437e-01 7.351723236e+00
8.008016032e+04 4.462928640e+00 6.589249432e+00 2.437521047e-03 9.124805711e-03 1.261446000e-01 7.345356028e+00
8.029659319e+04 4.458723189e+00 6.594297904e+00 2.445259599e-03 9.141137854e-03 1.244191849e-01 7.338981629e+00
8.051302605e+04 4.454513531e+00 6.599326501e+00 2.453055106e-03 9.157574246e-03 1.227172781e-01 7.332599979e+00
8.072945892e+04 4.450299765e+00 6.604335357e+00 2.460907998e-03 9.174115511e-03 1.210385634e-01 7.326211023e+00
8.094589178e+04 4.446081992e+00 6.609324601e+00 2.468818714e-03 9.190762288e-03 1.193827285e-01 7.319814702e+00
8.116232465e+04 4.441860309e+00 6.614294359e+00 2.476787691e-03 9.207515217e-03 1.177494657e-01 7.313410958e+00
8.137875752e+04 4.437634807e+00 6.619244753e+00 2.484815366e-03 9.224374937e-03 1.161384714e-01 7.306999732e+00
8.159519038e+04 4.433405584e+00 6.624175908e+00 2.492902198e-03 9.241342120e-03 1.145494454e-01 7.300580966e+00
8.181162325e+04 4.429172732e+00 6.629087945e+00 2.501048646e-03 9.258417437e-03 1.129820916e-01 7.294154602e+00
8.202805611e+04 4.424936342e+00 6.633980983e+00 2.509255175e-03 9.275601569e-03 1.114361179e-01 7.287720579e+00
8.224448898e+04 4.420696505e+00 6.638855141e+00 2.517522258e-03 9.292895213e-03 1.099112360e-01 7.281278839e+00
8.246092184e+04 4.416453313e+00 6.643710536e+00 2.525850401e-03 9.310299107e-03 1.084071617e-01 7.274829322e+00
8.267735471e+04 4.412206852e+00 6.648547282e+00 2.534240082e-03 9.327813955e-03 1.069236140e-01 7.268371967e+00
8.289378758e+04 4.407957209e+00 6.653365492e+00 2.542691799e-03 9.345440490e-03 1.054603159e-01 7.261906715e+00
8.311022044e+04 4.403704470e+00 6.658165275e+00 2.551206059e-03 9.363179456e-03 1.040169937e-01 7.255433505e+00
8.332665331e+04 4.399448717e+00 6.662946742e+00 2.559783375e-03 9.381031611e-03 1.025933778e-01 7.248952276e+00
8.354308617e+04 4.395190034e+00 6.667709998e+00 2.568424271e-03 9.398997724e-03 1.011892021e-01 7.242462966e+00
8.375951904e+04 4.390928501e+00 6.672455149e+00 2.577129277e-03 9.417078575e-03 9.980420368e-02 7.235965515e+00
8.397595190e+04 4.386664200e+00 6.677182300e+00 2.585898932e-03 9.435274960e-03 9.843812326e-02 7.229459861e+00
8.419238477e+04 4.382397209e+00 6.681891552e+00 2.594733785e-03 9.453587686e-03 9.709070488e-02 7.222945940e+00
8.440881764e+04 4.378127607e+00 6.686583006e+00 2.603634391e-03 9.472017574e-03 9.576169600e-02 7.216423691e+00
8.462525050e+04 4.373855468e+00 6.691256761e+00 2.612601300e-03 9.490565433e-03 9.445084775e-02 7.209893051e+00
8.484168337e+04 4.369580869e+00 6.695912914e+00 2.621635081e-03 9.509232106e-03 9.315791423e-02 7.203353957e+00
8.505811623e+04 4.365303884e+00 6.700551560e+00 2.630736316e-03 9.528018448e-03 9.188265276e-02 7.196806345e+00
8.527454910e+04 4.361024585e+00 6.705172795e+00 2.639905587e-03 9.546925322e-03 9.062482390e-02 7.190250150e+00
8.549098196e+04 4.356743045e+00 6.709776709e+00 2.649143489e-03 9.565953603e-03 8.938419139e-02 7.183685310e+00
8.570741483e+04 4.352459334e+00 6.714363394e+00 2.658450627e-03 9.585104189e-03 8.816052232e-02 7.177111758e+00
8.592384770e+04 4.348173522e+00 6.718932940e+00 2.667827617e-03 9.604377991e-03 8.695358681e-02 7.170529430e+00
8.614028056e+04 4.343885677e+00 6.723485434e+00 2.677275075e-03 9.623775919e-03 8.576315780e-02 7.163938261e+00
8.635671343e+04 4.339595867e+00 6.728020962e+00 2.686793631e-03 9.643298905e-03 8.458901133e-02 7.157338184e+00
8.657314629e+04 4.335304157e+00 6.732539610e+00 2.696383923e-03 9.662947892e-03 8.343092642e-02 7.150729133e+00
8.678957916e+04 4.331010612e+00 6.737041461e+00 2.706046608e-03 9.682723853e-03 8.228868523e-02 7.144111042e+00
8.700601202e+04 4.326715297e+00 6.741526596e+00 2.715782363e-03 9.702627780e-03 8.116207298e-02 7.137483843e+00
8.722244489e+04 4.322418274e+00 6.745995095e+00 2.725591846e-03 9.722660653e-03 8.005087716e-02 7.130847469e+00
8.743887776e+04 4.318119606e+00 6.750447038e+00 2.735475740e-03 9.742823481e-03 7.895488833e-02 7.124201851e+00
8.765531062e+04 4.313819352e+00 6.754882502e+00 2.745434736e-03 9.763117285e-03 7.787389983e-02 7.117546922e+00
8.787174349e+04 4.309517572e+00 6.759301564e+00 2.755469539e-03 9.783543107e-03 7.680770770e-02 7.110882611e+00
8.808817635e+04 4.305214326e+00 6.763704298e+00 2.765580862e-03 9.804101999e-03 7.575611070e-02 7.104208851e+00
8.830460922e+04 4.300909672e+00 6.768090776e+00 2.775769401e-03 9.824794990e-03 7.471891137e-02 7.097525571e+00
8.852104208e+04 4.296603665e+00 6.772461072e+00 2.786035904e-03 9.845623181e-03 7.369591327e-02 7.090832700e+00
8.873747495e+04 4.292296362e+00 6.776815255e+00 2.796381111e-03 9.866587668e-03 7.268692321e-02 7.084130169e+00
8.895390782e+04 4.287987818e+00 6.781153395e+00 2.806805775e-03 9.887689562e-03 7.169175050e-02 7.077417904e+00
8.917034068e+04 4.283678085e+00 6.785475560e+00 2.817310660e-03 9.908929987e-03 7.071020701e-02 7.070695836e+00
8.938677355e+04 4.279367218e+00 6.789781817e+00 2.827896538e-03 9.930310086e-03 6.974210707e-02 7.063963890e+00
8.960320641e+04 4.275055266e+00 6.794072228e+00 2.838564217e-03 9.951831054e-03 6.878726825e-02 7.057221995e+00
8.981963928e+04 4.270742280e+00 6.798346859e+00 2.849314499e-03 9.973494080e-03 6.784551004e-02 7.050470077e+00
9.003607214e+04 4.266428310e+00 6.802605772e+00 2.860148191e-03 9.995300350e-03 6.691665395e-02 7.043708062e+00
9.025250501e+04 4.262113403e+00 6.806849027e+00 2.871066119e-03 1.001725108e-02 6.600052413e-02 7.036935876e+00
9.046893788e+04 4.257797609e+00 6.811076685e+00 2.882069121e-03 1.003934752e-02 6.509694710e-02 7.030153443e+00
9.068537074e+04 4.253480973e+00 6.815288803e+00 2.893158050e-03 1.006159091e-02 6.420575165e-02 7.023360689e+00
9.090180361e+04 4.249163542e+00 6.819485441e+00 2.904333767e-03 1.008398253e-02 6.332676901e-02 7.016557536e+00
9.111823647e+04 4.244845365e+00 6.823666655e+00 2.915597138e-03 1.010652363e-02 6.245983313e-02 7.009743907e+00
9.133466934e+04 4.240526486e+00 6.827832500e+00 2.926949056e-03 1.012921554e-02 6.160477944e-02 7.002919727e+00
9.155110220e+04 4.236206949e+00 6.831983031e+00 2.938390419e-03 1.015205956e-02 6.076144585e-02 6.996084916e+00
9.176753507e+04 4.231886798e+00 6.836118302e+00 2.949922141e-03 1.017505703e-02 5.992967247e-02 6.989239396e+00
9.198396794e+04 4.227566075e+00 6.840238362e+00 2.961545151e-03 1.019820932e-02 5.910930159e-02 6.982383087e+00
9.220040080e+04 4.223244816e+00 6.844343260e+00 2.973260407e-03 1.022151784e-02 5.830017768e-02 6.975515911e+00
9.241683367e+04 4.218923064e+00 6.848433045e+00 2.985068862e-03 1.024498399e-02 5.750214724e-02 6.968637785e+00
9.263326653e+04 4.214600855e+00 6.852507763e+00 2.996971495e-03 1.026860920e-02 5.671505884e-02 6.961748630e+00
9.284969940e+04 4.210278226e+00 6.856567461e+00 3.008969298e-03 1.029239495e-02 5.593876310e-02 6.954848364e+00
9.306613226e+04 4.205955210e+00 6.860612181e+00 3.021063284e-03 1.031634272e-02 5.517311263e-02 6.947936903e+00
9.328256513e+04 4.201631841e+00 6.864641965e+00 3.033254479e-03 1.034045403e-02 5.441796205e-02 6.941014164e+00
9.349899800e+04 4.197308148e+00 6.868656853e+00 3.045543930e-03 1.036473044e-02 5.367316793e-02 6.934080065e+00
9.371543086e+04 4.192984184e+00 6.872656901e+00 3.057932658e-03 1.038917348e-02 5.293858875e-02 6.927134519e+00
9.393186373e+04 4.188659998e+00 6.876642152e+00 3.070421707e-03 1.041378454e-02 5.221408491e-02 6.920177443e+00
9.414829659e+04 4.184335605e+00 6.880612637e+00 3.083012198e-03 1.043856526e-02 5.149951873e-02 6.913208749e+00
9.436472946e+04 4.180011038e+00 6.884568395e+00 3.095705225e-03 1.046351727e-02 5.079475446e-02 6.906228351e+00
9.458116232e+04 4.175686330e+00 6.888509462e+00 3.108501903e-03 1.048864222e-02 5.009965821e-02 6.899236161e+00
9.479759519e+04 4.171361510e+00 6.892435876e+00 3.121403370e-03 1.051394176e-02 4.941409780e-02 6.892232091e+00
9.501402806e+04 4.167036609e+00 6.896347671e+00 3.134410784e-03 1.053941759e-02 4.873794296e-02 6.885216052e+00
9.523046092e+04 4.162711657e+00 6.900244880e+00 3.147525316e-03 1.056507140e-02 4.807106469e-02 6.878187954e+00
9.544689379e+04 4.158386681e+00 6.904127538e+00 3.160748162e-03 1.059090494e-02 4.741333642e-02 6.871147705e+00
9.566332665e+04 4.154061711e+00 6.907995675e+00 3.174080530e-03 1.061691996e-02 4.676463290e-02 6.864095216e+00
9.587975952e+04 4.149736774e+00 6.911849324e+00 3.187523635e-03 1.064311823e-02 4.612482934e-02 6.857030393e+00
9.609619238e+04 4.145411897e+00 6.915688513e+00 3.201078736e-03 1.066950157e-02 4.549380412e-02 6.849953143e+00
9.631262525e+04 4.141087103e+00 6.919513270e+00 3.214747105e-03 1.069607184e-02 4.487143774e-02 6.842863373e+00
9.652905812e+04 4.136762420e+00 6.923323624e+00 3.228530031e-03 1.072283091e-02 4.425761138e-02 6.835760987e+00
9.674549098e+04 4.132437871e+00 6.927119599e+00 3.242428827e-03 1.074978067e-02 4.365220849e-02 6.828645889e+00
9.696192385e+04 4.128113478e+00 6.930901222e+00 3.256444830e-03 1.077692307e-02 4.305511444e-02 6.821517983e+00
9.717835671e+04 4.123789266e+00 6.934668517e+00 3.270579387e-03 1.080426004e-02 4.246621473e-02 6.814377170e+00
9.739478958e+04 4.119465256e+00 6.938421506e+00 3.284833874e-03 1.083179359e-02 4.188539785e-02 6.807223352e+00
9.761122244e+04 4.115141469e+00 6.942160213e+00 3.299209688e-03 1.085952573e-02 4.131255263e-02 6.800056430e+00
9.782765531e+04 4.110817927e+00 6.945884657e+00 3.313708245e-03 1.088745850e-02 4.074756998e-02 6.792876303e+00
9.804408818e+04 4.106494649e+00 6.949594859e+00 3.328330994e-03 1.091559399e-02 4.019034210e-02 6.785682870e+00
9.826052104e+04 4.102171655e+00 6.953290838e+00 3.343079402e-03 1.094393432e-02 3.964076265e-02 6.778476027e+00
9.847695391e+04 4.097848963e+00 6.956972613e+00 3.357954953e-03 1.097248162e-02 3.909872681e-02 6.771255672e+00
9.869338677e+04 4.093526592e+00 6.960640199e+00 3.372959156e-03 1.100123808e-02 3.856413121e-02 6.764021701e+00
9.890981964e+04 4.089204558e+00 6.964293613e+00 3.388093576e-03 1.103020593e-02 3.803687361e-02 6.756774007e+00
9.912625251e+04 4.084882878e+00 6.967932871e+00 3.403359763e-03 1.105938740e-02 3.751685360e-02 6.749512484e+00
9.934268537e+04 4.080561568e+00 6.971557984e+00 3.418759306e-03 1.108878478e-02 3.700397211e-02 6.742237025e+00
9.955911824e+04 4.076240644e+00 6.975168968e+00 3.434293829e-03 1.111840039e-02 3.649813114e-02 6.734947520e+00
9.977555110e+04 4.071920120e+00 6.978765832e+00 3.449964991e-03 1.114823661e-02 3.599923388e-02 6.727643860e+00
9.999198397e+04 4.067600010e+00 6.982348589e+00 3.465774455e-03 1.117829582e-02 3.550718551e-02 6.720325934e+00
1.002084168e+05 4.063280328e+00 6.985917248e+00 3.481723919e-03 1.120858046e-02 3.502189237e-02 6.712993630e+00
1.004248497e+05 4.058961085e+00 6.989471817e+00 3.497815132e-03 1.123909301e-02 3.454326105e-02 6.705646834e+00
1.006412826e+05 4.054642294e+00 6.993012304e+00 3.514049845e-03 1.126983598e-02 3.407120058e-02 6.698285431e+00
1.008577154e+05 4.050323967e+00 6.996538717e+00 3.530429845e-03 1.130081192e-02 3.360562107e-02 6.690909307e+00
1.010741483e+05 4.046006113e+00 7.000051060e+00 3.546956952e-03 1.133202342e-02 3.314643362e-02 6.683518344e+00
1.012905812e+05 4.041688744e+00 7.003549338e+00 3.563633042e-03 1.136347315e-02 3.269354986e-02 6.676112423e+00
1.015070140e+05 4.037371869e+00 7.007033556e+00 3.580459981e-03 1.139516378e-02 3.224688388e-02 6.668691426e+00
1.017234469e+05 4.033055496e+00 7.010503715e+00 3.597439681e-03 1.142709801e-02 3.180635053e-02 6.661255232e+00
1.019398798e+05 4.028739634e+00 7.013959818e+00 3.614574135e-03 1.145927867e-02 3.137186454e-02 6.653803718e+00
1.021563126e+05 4.024424290e+00 7.017401864e+00 3.631865314e-03 1.149170856e-02 3.094334327e-02 6.646336760e+00
1.023727455e+05 4.020109472e+00 7.020829854e+00 3.649315223e-03 1.152439052e-02 3.052070524e-02 6.638854235e+00
1.025891784e+05 4.015795185e+00 7.024243787e+00 3.666925910e-03 1.155732746e-02 3.010386985e-02 6.631356017e+00
1.028056112e+05 4.011481435e+00 7.027643659e+00 3.684699456e-03 1.159052231e-02 2.969275766e-02 6.623841977e+00
1.030220441e+05 4.007168228e+00 7.031029467e+00 3.702637976e-03 1.162397808e-02 2.928729032e-02 6.616311989e+00
1.032384770e+05 4.002855568e+00 7.034401207e+00 3.720743679e-03 1.165769787e-02 2.888738996e-02 6.608765920e+00
1.034549098e+05 3.998543458e+00 7.037758872e+00 3.739018783e-03 1.169168482e-02 2.849298000e-02 6.601203639e+00
1.036713427e+05 3.994231902e+00 7.041102458e+00 3.757465508e-03 1.172594204e-02 2.810398537e-02 6.593625012e+00
1.038877756e+05 3.989920903e+00 7.044431955e+00 3.776086139e-03 1.176047277e-02 2.772033165e-02 6.586029906e+00
1.041042084e+05 3.985610463e+00 7.047747357e+00 3.794883005e-03 1.179528027e-02 2.734194539e-02 6.578418183e+00
1.043206413e+05 3.981300583e+00 7.051048652e+00 3.813858478e-03 1.183036788e-02 2.696875404e-02 6.570789706e+00
1.045370741e+05 3.976991265e+00 7.054335830e+00 3.833014970e-03 1.186573898e-02 2.660068662e-02 6.563144335e+00
1.047535070e+05 3.972682507e+00 7.057608880e+00 3.852354939e-03 1.190139702e-02 2.623767351e-02 6.555481928e+00
1.049699399e+05 3.968374310e+00 7.060867788e+00 3.871880894e-03 1.193734551e-02 2.587964445e-02 6.547802344e+00
1.051863727e+05 3.964066673e+00 7.064112541e+00 3.891595386e-03 1.197358802e-02 2.552653077e-02 6.540105437e+00
1.054028056e+05 3.959759595e+00 7.067343124e+00 3.911501017e-03 1.201012819e-02 2.517826467e-02 6.532391061e+00
1.056192385e+05 3.955453074e+00 7.070559522e+00 3.931600437e-03 1.204696971e-02 2.483477917e-02 6.524659068e+00
1.058356713e+05 3.951147106e+00 7.073761717e+00 3.951896339e-03 1.208411635e-02 2.449600861e-02 6.516909308e+00
1.060521042e+05 3.946841688e+00 7.076949691e+00 3.972391444e-03 1.212157189e-02 2.416189013e-02 6.509141629e+00
1.062685371e+05 3.942536817e+00 7.080123424e+00 3.993088564e-03 1.215934025e-02 2.383235837e-02 6.501355879e+00
1.064849699e+05 3.938232487e+00 7.083282897e+00 4.013990546e-03 1.219742539e-02 2.350735017e-02 6.493551901e+00
1.067014028e+05 3.933928694e+00 7.086428089e+00 4.035100291e-03 1.223583134e-02 2.318680323e-02 6.485729539e+00
1.069178357e+05 3.929625431e+00 7.089558976e+00 4.056420752e-03 1.227456219e-02 2.287065604e-02 6.477888633e+00
1.071342685e+05 3.925322694e+00 7.092675536e+00 4.077954938e-03 1.231362212e-02 2.255884794e-02 6.470029022e+00
1.073507014e+05 3.921020473e+00 7.095777744e+00 4.099705954e-03 1.235301543e-02 2.225132054e-02 6.462150542e+00
1.075671343e+05 3.916718763e+00 7.098865573e+00 4.121676908e-03 1.239274641e-02 2.194801425e-02 6.454253030e+00
1.077835671e+05 3.912417554e+00 7.101938997e+00 4.143870983e-03 1.243281946e-02 2.164887106e-02 6.446336317e+00
1.080000000e+05 3.908116838e+00 7.104997988e+00 4.166291428e-03 1.247323908e-02 2.135383377e-02 6.438400234e+00
