time            Cj              Ck              Br              shCj            shCk            shBr            O1              O2             
0.000000000e+00 4.000000000e+00 1.000000000e-05 4.000000000e+00 3.000000000e-01 3.000000000e-01 4.000000000e+00 4.000000000e+00 4.000000000e+00
4.008016032e+01 3.413618368e+00 5.381292036e-03 3.995695431e+00 1.473202289e-01 1.504665661e-01 3.994649564e+00 4.006412820e+00 3.993587180e+00
8.016032064e+01 3.325596904e+00 1.082897750e-02 3.990319089e+00 1.213868573e-01 1.278001098e-01 3.990287808e+00 4.012825607e+00 3.987174393e+00
1.202404810e+02 3.257036972e+00 1.671146361e-02 3.985053377e+00 1.005015505e-01 1.096595230e-01 3.986627697e+00 4.019238329e+00 3.980761671e+00
1.603206413e+02 3.200574298e+00 2.309727819e-02 3.979888408e+00 8.353145892e-02 9.492774946e-02 3.983533586e+00 4.025650951e+00 3.974349049e+00
2.004008016e+02 3.153545052e+00 2.996832365e-02 3.974805268e+00 6.965267468e-02 8.288126822e-02 3.980900113e+00 4.032063441e+00 3.967936559e+00
2.404809619e+02 3.113989209e+00 3.726832128e-02 3.969788870e+00 5.824223879e-02 7.297817059e-02 3.978643859e+00 4.038475767e+00 3.961524233e+00
2.805611222e+02 3.080414353e+00 4.492839299e-02 3.964827185e+00 4.882096103e-02 6.480179265e-02 3.976698054e+00 4.044887895e+00 3.955112105e+00
3.206412826e+02 3.051666900e+00 5.288017013e-02 3.959910559e+00 4.101494779e-02 5.802702697e-02 3.975008791e+00 4.051299792e+00 3.948700208e+00
3.607214429e+02 3.026843675e+00 6.106190564e-02 3.955031201e+00 3.452887665e-02 5.239711702e-02 3.973532232e+00 4.057711426e+00 3.942288574e+00
4.008016032e+02 3.005229694e+00 6.942073657e-02 3.950182787e+00 2.912703870e-02 4.770718698e-02 3.972232516e+00 4.064122763e+00 3.935877237e+00
4.408817635e+02 2.986253665e+00 7.791290117e-02 3.945360169e+00 2.461966216e-02 4.379234807e-02 3.971080160e+00 4.070533770e+00 3.929466230e+00
4.809619238e+02 2.969455427e+00 8.650300147e-02 3.940559132e+00 2.085281200e-02 4.051890680e-02 3.970050830e+00 4.076944415e+00 3.923055585e+00
5.210420842e+02 2.954461811e+00 9.516286610e-02 3.935776222e+00 1.770084341e-02 3.777779240e-02 3.969124368e+00 4.083354665e+00 3.916645335e+00
5.611222445e+02 2.940968463e+00 1.038703384e-01 3.931008596e+00 1.506066544e-02 3.547955865e-02 3.968284034e+00 4.089764486e+00 3.910235514e+00
6.012024048e+02 2.928725965e+00 1.126081404e-01 3.926253907e+00 1.284731853e-02 3.355052967e-02 3.967515890e+00 4.096173846e+00 3.903826154e+00
6.412825651e+02 2.917529070e+00 1.213628794e-01 3.921510219e+00 1.099052555e-02 3.192979419e-02 3.966808314e+00 4.102582712e+00 3.897417288e+00
6.813627255e+02 2.907208330e+00 1.301242167e-01 3.916775927e+00 9.431979544e-03 3.056684223e-02 3.966151593e+00 4.108991051e+00 3.891008949e+00
7.214428858e+02 2.897623448e+00 1.388841899e-01 3.912049699e+00 8.123188178e-03 2.941968731e-02 3.965537606e+00 4.115398830e+00 3.884601170e+00
7.615230461e+02 2.888657978e+00 1.476366716e-01 3.907330432e+00 7.023718135e-03 2.845333772e-02 3.964959552e+00 4.121806016e+00 3.878193984e+00
8.016032064e+02 2.880215089e+00 1.563769444e-01 3.902617208e+00 6.099816192e-03 2.763859649e-02 3.964411730e+00 4.128212577e+00 3.871787423e+00
8.416833667e+02 2.872214131e+00 1.651013716e-01 3.897909264e+00 5.323255660e-03 2.695105789e-02 3.963889361e+00 4.134618480e+00 3.865381520e+00
8.817635271e+02 2.864587827e+00 1.738071406e-01 3.893205964e+00 4.670404399e-03 2.637029726e-02 3.963388434e+00 4.141023691e+00 3.858976309e+00
9.218436874e+02 2.857279990e+00 1.824920688e-01 3.888506780e+00 4.121457027e-03 2.587920388e-02 3.962905582e+00 4.147428178e+00 3.852571822e+00
9.619238477e+02 2.850243660e+00 1.911544566e-01 3.883811273e+00 3.659805653e-03 2.546343469e-02 3.962437976e+00 4.153831908e+00 3.846168092e+00
1.002004008e+03 2.843439553e+00 1.997929744e-01 3.879119075e+00 3.271510636e-03 2.511095497e-02 3.961983241e+00 4.160234849e+00 3.839765151e+00
1.042084168e+03 2.836834759e+00 2.084065776e-01 3.874429882e+00 2.944867782e-03 2.481166330e-02 3.961539382e+00 4.166636967e+00 3.833363033e+00
1.082164329e+03 2.830401744e+00 2.169944419e-01 3.869743441e+00 2.670057789e-03 2.455708715e-02 3.961104721e+00 4.173038231e+00 3.826961769e+00
1.122244489e+03 2.824117397e+00 2.255559157e-01 3.865059542e+00 2.438795461e-03 2.434007953e-02 3.960677848e+00 4.179438606e+00 3.820561394e+00
1.162324649e+03 2.817962364e+00 2.340904842e-01 3.860378011e+00 2.244165175e-03 2.415467665e-02 3.960257579e+00 4.185838061e+00 3.814161939e+00
1.202404810e+03 2.811920384e+00 2.425977388e-01 3.855698702e+00 2.080322339e-03 2.399583914e-02 3.959842919e+00 4.192236562e+00 3.807763438e+00
1.242484970e+03 2.805977771e+00 2.510773572e-01 3.851021497e+00 1.942346013e-03 2.385932488e-02 3.959433026e+00 4.198634078e+00 3.801365922e+00
1.282565130e+03 2.800123114e+00 2.595290905e-01 3.846346297e+00 1.826128368e-03 2.374159341e-02 3.959027201e+00 4.205030575e+00 3.794969425e+00
1.322645291e+03 2.794346781e+00 2.679527452e-01 3.841673021e+00 1.728200485e-03 2.363965534e-02 3.958624852e+00 4.211426021e+00 3.788573979e+00
1.362725451e+03 2.788640663e+00 2.763481760e-01 3.837001603e+00 1.645641865e-03 2.355099426e-02 3.958225480e+00 4.217820383e+00 3.782179617e+00
1.402805611e+03 2.782997952e+00 2.847152780e-01 3.832331991e+00 1.576001101e-03 2.347349820e-02 3.957828668e+00 4.224213629e+00 3.775786371e+00
1.442885772e+03 2.777412913e+00 2.930539803e-01 3.827664139e+00 1.517217240e-03 2.340539178e-02 3.957434064e+00 4.230605726e+00 3.769394274e+00
1.482965932e+03 2.771880720e+00 3.013642409e-01 3.822998014e+00 1.467559285e-03 2.334518399e-02 3.957041373e+00 4.236996641e+00 3.763003359e+00
1.523046092e+03 2.766397294e+00 3.096460421e-01 3.818333589e+00 1.425568488e-03 2.329161842e-02 3.956650347e+00 4.243386342e+00 3.756613658e+00
1.563126253e+03 2.760959181e+00 3.178993875e-01 3.813670841e+00 1.390015715e-03 2.324363649e-02 3.956260777e+00 4.249774797e+00 3.750225203e+00
1.603206413e+03 2.755563473e+00 3.261242995e-01 3.809009756e+00 1.359871836e-03 2.320035191e-02 3.955872487e+00 4.256161973e+00 3.743838027e+00
1.643286573e+03 2.750207713e+00 3.343208167e-01 3.804350320e+00 1.334273752e-03 2.316102141e-02 3.955485329e+00 4.262547837e+00 3.737452163e+00
1.683366733e+03 2.744889814e+00 3.424889910e-01 3.799692525e+00 1.312494888e-03 2.312501931e-02 3.955099181e+00 4.268932358e+00 3.731067642e+00
1.723446894e+03 2.739607996e+00 3.506288863e-01 3.795036367e+00 1.293923305e-03 2.309181864e-02 3.954713937e+00 4.275315502e+00 3.724684498e+00
1.763527054e+03 2.734360744e+00 3.587405769e-01 3.790381841e+00 1.278044597e-03 2.306097643e-02 3.954329510e+00 4.281697238e+00 3.718302762e+00
1.803607214e+03 2.729146762e+00 3.668241463e-01 3.785728949e+00 1.264426534e-03 2.303212045e-02 3.953945826e+00 4.288077532e+00 3.711922468e+00
1.843687375e+03 2.723964942e+00 3.748796858e-01 3.781077690e+00 1.252706438e-03 2.300493836e-02 3.953562824e+00 4.294456354e+00 3.705543646e+00
1.883767535e+03 2.718814333e+00 3.829072935e-01 3.776428067e+00 1.242580949e-03 2.297916892e-02 3.953180450e+00 4.300833670e+00 3.699166330e+00
1.923847695e+03 2.713694113e+00 3.909070732e-01 3.771780084e+00 1.233794931e-03 2.295459238e-02 3.952798661e+00 4.307209449e+00 3.692790551e+00
1.963927856e+03 2.708603573e+00 3.988791337e-01 3.767133745e+00 1.226134826e-03 2.293102479e-02 3.952417420e+00 4.313583658e+00 3.686416342e+00
2.004008016e+03 2.703542085e+00 4.068235880e-01 3.762489057e+00 1.219419207e-03 2.290830987e-02 3.952036696e+00 4.319956264e+00 3.680043736e+00
2.044088176e+03 2.698509104e+00 4.147405526e-01 3.757846026e+00 1.213496365e-03 2.288631690e-02 3.951656463e+00 4.326327236e+00 3.673672764e+00
2.084168337e+03 2.693504148e+00 4.226301470e-01 3.753204658e+00 1.208239679e-03 2.286493680e-02 3.951276698e+00 4.332696542e+00 3.667303458e+00
2.124248497e+03 2.688526789e+00 4.304924932e-01 3.748564961e+00 1.203541157e-03 2.284407649e-02 3.950897382e+00 4.339064150e+00 3.660935850e+00
2.164328657e+03 2.683576645e+00 4.383277156e-01 3.743926944e+00 1.199312047e-03 2.282365948e-02 3.950518500e+00 4.345430027e+00 3.654569973e+00
2.204408818e+03 2.678653375e+00 4.461359400e-01 3.739290613e+00 1.195477762e-03 2.280362147e-02 3.950140038e+00 4.351794142e+00 3.648205858e+00
2.244488978e+03 2.673756668e+00 4.539172938e-01 3.734655979e+00 1.191975403e-03 2.278390820e-02 3.949761985e+00 4.358156462e+00 3.641843538e+00
2.284569138e+03 2.668886240e+00 4.616719055e-01 3.730023049e+00 1.188751925e-03 2.276447394e-02 3.949384331e+00 4.364516956e+00 3.635483044e+00
2.324649299e+03 2.664041832e+00 4.693999043e-01 3.725391833e+00 1.185763960e-03 2.274528125e-02 3.949007068e+00 4.370875592e+00 3.629124408e+00
2.364729459e+03 2.659223199e+00 4.771014198e-01 3.720762340e+00 1.182974209e-03 2.272629793e-02 3.948630188e+00 4.377232337e+00 3.622767663e+00
2.404809619e+03 2.654430117e+00 4.847765824e-01 3.716134579e+00 1.180351570e-03 2.270749714e-02 3.948253687e+00 4.383587161e+00 3.616412839e+00
2.444889780e+03 2.649662371e+00 4.924255224e-01 3.711508559e+00 1.177868196e-03 2.268885480e-02 3.947877558e+00 4.389940031e+00 3.610059969e+00
2.484969940e+03 2.644919762e+00 5.000483704e-01 3.706884290e+00 1.175503680e-03 2.267035327e-02 3.947501796e+00 4.396290915e+00 3.603709085e+00
2.525050100e+03 2.640202098e+00 5.076452568e-01 3.702261782e+00 1.173238947e-03 2.265197605e-02 3.947126399e+00 4.402639782e+00 3.597360218e+00
2.565130261e+03 2.635509198e+00 5.152163120e-01 3.697641044e+00 1.171059051e-03 2.263371020e-02 3.946751362e+00 4.408986601e+00 3.591013399e+00
2.605210421e+03 2.630840886e+00 5.227616660e-01 3.693022086e+00 1.168950969e-03 2.261554442e-02 3.946376683e+00 4.415331339e+00 3.584668661e+00
2.645290581e+03 2.626196994e+00 5.302814487e-01 3.688404917e+00 1.166904209e-03 2.259746961e-02 3.946002359e+00 4.421673965e+00 3.578326035e+00
2.685370741e+03 2.621577358e+00 5.377757893e-01 3.683789548e+00 1.164909467e-03 2.257947768e-02 3.945628388e+00 4.428014448e+00 3.571985552e+00
2.725450902e+03 2.616981819e+00 5.452448167e-01 3.679175988e+00 1.162959481e-03 2.256156232e-02 3.945254767e+00 4.434352755e+00 3.565647245e+00
2.765531062e+03 2.612410221e+00 5.526886594e-01 3.674564246e+00 1.161047740e-03 2.254371784e-02 3.944881495e+00 4.440688856e+00 3.559311144e+00
2.805611222e+03 2.607862413e+00 5.601074451e-01 3.669954334e+00 1.159169288e-03 2.252593991e-02 3.944508570e+00 4.447022719e+00 3.552977281e+00
2.845691383e+03 2.603338245e+00 5.675013010e-01 3.665346259e+00 1.157318963e-03 2.250822402e-02 3.944135989e+00 4.453354313e+00 3.546645687e+00
2.885771543e+03 2.598837571e+00 5.748703538e-01 3.660740033e+00 1.155493589e-03 2.249056736e-02 3.943763753e+00 4.459683607e+00 3.540316393e+00
2.925851703e+03 2.594360246e+00 5.822147294e-01 3.656135665e+00 1.153689648e-03 2.247296683e-02 3.943391859e+00 4.466010568e+00 3.533989432e+00
2.965931864e+03 2.589906128e+00 5.895345532e-01 3.651533165e+00 1.151904152e-03 2.245541981e-02 3.943020307e+00 4.472335167e+00 3.527664833e+00
3.006012024e+03 2.585475078e+00 5.968299499e-01 3.646932543e+00 1.150135519e-03 2.243792486e-02 3.942649094e+00 4.478657371e+00 3.521342629e+00
3.046092184e+03 2.581066956e+00 6.041010434e-01 3.642333808e+00 1.148381442e-03 2.242047992e-02 3.942278220e+00 4.484977150e+00 3.515022850e+00
3.086172345e+03 2.576681626e+00 6.113479570e-01 3.637736970e+00 1.146640611e-03 2.240308382e-02 3.941907684e+00 4.491294473e+00 3.508705527e+00
3.126252505e+03 2.572318953e+00 6.185708131e-01 3.633142039e+00 1.144911791e-03 2.238573541e-02 3.941537484e+00 4.497609308e+00 3.502390692e+00
3.166332665e+03 2.567978802e+00 6.257697337e-01 3.628549025e+00 1.143193870e-03 2.236843369e-02 3.941167620e+00 4.503921625e+00 3.496078375e+00
3.206412826e+03 2.563661041e+00 6.329448398e-01 3.623957937e+00 1.141486063e-03 2.235117791e-02 3.940798091e+00 4.510231392e+00 3.489768608e+00
3.246492986e+03 2.559365538e+00 6.400962518e-01 3.619368786e+00 1.139787534e-03 2.233396728e-02 3.940428895e+00 4.516538579e+00 3.483461421e+00
3.286573146e+03 2.555092162e+00 6.472240893e-01 3.614781580e+00 1.138097712e-03 2.231680127e-02 3.940060032e+00 4.522843156e+00 3.477156844e+00
3.326653307e+03 2.550840784e+00 6.543284712e-01 3.610196331e+00 1.136416041e-03 2.229967931e-02 3.939691501e+00 4.529145090e+00 3.470854910e+00
3.366733467e+03 2.546611275e+00 6.614095157e-01 3.605613047e+00 1.134742009e-03 2.228260093e-02 3.939323301e+00 4.535444352e+00 3.464555648e+00
3.406813627e+03 2.542403507e+00 6.684673402e-01 3.601031737e+00 1.133075563e-03 2.226556599e-02 3.938955432e+00 4.541740911e+00 3.458259089e+00
3.446893788e+03 2.538217354e+00 6.755020614e-01 3.596452413e+00 1.131416090e-03 2.224857392e-02 3.938587891e+00 4.548034736e+00 3.451965264e+00
3.486973948e+03 2.534052689e+00 6.825137953e-01 3.591875083e+00 1.129763117e-03 2.223162425e-02 3.938220678e+00 4.554325797e+00 3.445674203e+00
3.527054108e+03 2.529909387e+00 6.895026571e-01 3.587299757e+00 1.128116502e-03 2.221471680e-02 3.937853794e+00 4.560614063e+00 3.439385937e+00
3.567134269e+03 2.525787324e+00 6.964687614e-01 3.582726445e+00 1.126476384e-03 2.219785162e-02 3.937487235e+00 4.566899504e+00 3.433100496e+00
3.607214429e+03 2.521686376e+00 7.034122220e-01 3.578155156e+00 1.124842224e-03 2.218102819e-02 3.937121003e+00 4.573182089e+00 3.426817911e+00
3.647294589e+03 2.517606420e+00 7.103331519e-01 3.573585900e+00 1.123213707e-03 2.216424618e-02 3.936755095e+00 4.579461788e+00 3.420538212e+00
3.687374749e+03 2.513547335e+00 7.172316635e-01 3.569018686e+00 1.121590977e-03 2.214750565e-02 3.936389512e+00 4.585738571e+00 3.414261429e+00
3.727454910e+03 2.509509000e+00 7.241078685e-01 3.564453525e+00 1.119973993e-03 2.213080650e-02 3.936024251e+00 4.592012408e+00 3.407987592e+00
3.767535070e+03 2.505491294e+00 7.309618780e-01 3.559890425e+00 1.118362529e-03 2.211414849e-02 3.935659314e+00 4.598283268e+00 3.401716732e+00
3.807615230e+03 2.501494098e+00 7.377938020e-01 3.555329396e+00 1.116756484e-03 2.209753146e-02 3.935294697e+00 4.604551121e+00 3.395448879e+00
3.847695391e+03 2.497517293e+00 7.446037503e-01 3.550770448e+00 1.115155929e-03 2.208095542e-02 3.934930402e+00 4.610815937e+00 3.389184063e+00
3.887775551e+03 2.493560761e+00 7.513918317e-01 3.546213590e+00 1.113560785e-03 2.206442024e-02 3.934566427e+00 4.617077687e+00 3.382922313e+00
3.927855711e+03 2.489624384e+00 7.581581543e-01 3.541658832e+00 1.111971029e-03 2.204792583e-02 3.934202770e+00 4.623336340e+00 3.376663660e+00
3.967935872e+03 2.485708046e+00 7.649028256e-01 3.537106183e+00 1.110386640e-03 2.203147213e-02 3.933839433e+00 4.629591867e+00 3.370408133e+00
4.008016032e+03 2.481811632e+00 7.716259526e-01 3.532555652e+00 1.108807556e-03 2.201505901e-02 3.933476412e+00 4.635844237e+00 3.364155763e+00
4.048096192e+03 2.477935025e+00 7.783276412e-01 3.528007249e+00 1.107233762e-03 2.199868641e-02 3.933113709e+00 4.642093422e+00 3.357906578e+00
4.088176353e+03 2.474078111e+00 7.850079970e-01 3.523460984e+00 1.105665217e-03 2.198235423e-02 3.932751321e+00 4.648339391e+00 3.351660609e+00
4.128256513e+03 2.470240777e+00 7.916671248e-01 3.518916866e+00 1.104101895e-03 2.196606239e-02 3.932389249e+00 4.654582114e+00 3.345417886e+00
4.168336673e+03 2.466422909e+00 7.983051287e-01 3.514374904e+00 1.102543790e-03 2.194981082e-02 3.932027491e+00 4.660821563e+00 3.339178437e+00
4.208416834e+03 2.462624395e+00 8.049221122e-01 3.509835107e+00 1.100990829e-03 2.193359940e-02 3.931666047e+00 4.667057707e+00 3.332942293e+00
4.248496994e+03 2.458845123e+00 8.115181782e-01 3.505297486e+00 1.099442951e-03 2.191742803e-02 3.931304915e+00 4.673290518e+00 3.326709482e+00
4.288577154e+03 2.455084981e+00 8.180934287e-01 3.500762048e+00 1.097900298e-03 2.190129676e-02 3.930944096e+00 4.679519966e+00 3.320480034e+00
4.328657315e+03 2.451343860e+00 8.246479653e-01 3.496228804e+00 1.096362840e-03 2.188520551e-02 3.930583587e+00 4.685746022e+00 3.314253978e+00
4.368737475e+03 2.447621650e+00 8.311818890e-01 3.491697764e+00 1.094830451e-03 2.186915411e-02 3.930223389e+00 4.691968656e+00 3.308031344e+00
4.408817635e+03 2.443918241e+00 8.376952999e-01 3.487168935e+00 1.093303070e-03 2.185314245e-02 3.929863501e+00 4.698187839e+00 3.301812161e+00
4.448897796e+03 2.440233524e+00 8.441882977e-01 3.482642327e+00 1.091780621e-03 2.183717040e-02 3.929503921e+00 4.704403543e+00 3.295596457e+00
4.488977956e+03 2.436567391e+00 8.506609814e-01 3.478117951e+00 1.090263012e-03 2.182123783e-02 3.929144650e+00 4.710615738e+00 3.289384262e+00
4.529058116e+03 2.432919736e+00 8.571134493e-01 3.473595814e+00 1.088750279e-03 2.180534471e-02 3.928785686e+00 4.716824395e+00 3.283175605e+00
4.569138277e+03 2.429290453e+00 8.635457994e-01 3.469075926e+00 1.087242753e-03 2.178949127e-02 3.928427028e+00 4.723029486e+00 3.276970514e+00
4.609218437e+03 2.425679434e+00 8.699581286e-01 3.464558296e+00 1.085740132e-03 2.177367718e-02 3.928068676e+00 4.729230981e+00 3.270769019e+00
4.649298597e+03 2.422086575e+00 8.763505335e-01 3.460042934e+00 1.084242379e-03 2.175790236e-02 3.927710630e+00 4.735428853e+00 3.264571147e+00
4.689378758e+03 2.418511771e+00 8.827231101e-01 3.455529848e+00 1.082749451e-03 2.174216670e-02 3.927352887e+00 4.741623072e+00 3.258376928e+00
4.729458918e+03 2.414954917e+00 8.890759537e-01 3.451019048e+00 1.081261302e-03 2.172647012e-02 3.926995447e+00 4.747813609e+00 3.252186391e+00
4.769539078e+03 2.411415910e+00 8.954091590e-01 3.446510543e+00 1.079777883e-03 2.171081251e-02 3.926638311e+00 4.754000437e+00 3.245999563e+00
4.809619238e+03 2.407894648e+00 9.017228202e-01 3.442004342e+00 1.078299396e-03 2.169519399e-02 3.926281476e+00 4.760183526e+00 3.239816474e+00
4.849699399e+03 2.404391028e+00 9.080170309e-01 3.437500454e+00 1.076825742e-03 2.167961441e-02 3.925924942e+00 4.766362849e+00 3.233637151e+00
4.889779559e+03 2.400904948e+00 9.142918839e-01 3.432998887e+00 1.075356887e-03 2.166407368e-02 3.925568709e+00 4.772538377e+00 3.227461623e+00
4.929859719e+03 2.397436308e+00 9.205474718e-01 3.428499652e+00 1.073892828e-03 2.164857175e-02 3.925212775e+00 4.778710082e+00 3.221289918e+00
4.969939880e+03 2.393985007e+00 9.267838864e-01 3.424002757e+00 1.072433566e-03 2.163310856e-02 3.924857140e+00 4.784877935e+00 3.215122065e+00
5.010020040e+03 2.390550946e+00 9.330012188e-01 3.419508211e+00 1.070979105e-03 2.161768404e-02 3.924501803e+00 4.791041909e+00 3.208958091e+00
5.050100200e+03 2.387134024e+00 9.391995598e-01 3.415016023e+00 1.069529406e-03 2.160229812e-02 3.924146763e+00 4.797201976e+00 3.202798024e+00
5.090180361e+03 2.383734143e+00 9.453789994e-01 3.410526202e+00 1.068084424e-03 2.158695069e-02 3.923792020e+00 4.803358107e+00 3.196641893e+00
5.130260521e+03 2.380351205e+00 9.515396271e-01 3.406038757e+00 1.066644194e-03 2.157164172e-02 3.923437573e+00 4.809510276e+00 3.190489724e+00
5.170340681e+03 2.376985113e+00 9.576815321e-01 3.401553697e+00 1.065208714e-03 2.155637116e-02 3.923083421e+00 4.815658453e+00 3.184341547e+00
5.210420842e+03 2.373635769e+00 9.638048026e-01 3.397071031e+00 1.063777981e-03 2.154113894e-02 3.922729563e+00 4.821802612e+00 3.178197388e+00
5.250501002e+03 2.370303078e+00 9.699095267e-01 3.392590767e+00 1.062351995e-03 2.152594501e-02 3.922375999e+00 4.827942725e+00 3.172057275e+00
5.290581162e+03 2.366986943e+00 9.759957916e-01 3.388112915e+00 1.060930751e-03 2.151078931e-02 3.922022727e+00 4.834078764e+00 3.165921236e+00
5.330661323e+03 2.363687269e+00 9.820636841e-01 3.383637483e+00 1.059514145e-03 2.149567168e-02 3.921669748e+00 4.840210702e+00 3.159789298e+00
5.370741483e+03 2.360403962e+00 9.881132905e-01 3.379164481e+00 1.058102216e-03 2.148059211e-02 3.921317059e+00 4.846338511e+00 3.153661489e+00
5.410821643e+03 2.357136926e+00 9.941446965e-01 3.374693916e+00 1.056694945e-03 2.146555051e-02 3.920964662e+00 4.852462165e+00 3.147537835e+00
5.450901804e+03 2.353886069e+00 1.000157987e+00 3.370225798e+00 1.055292310e-03 2.145054682e-02 3.920612554e+00 4.858581635e+00 3.141418365e+00
5.490981964e+03 2.350651298e+00 1.006153248e+00 3.365760136e+00 1.053894287e-03 2.143558095e-02 3.920260735e+00 4.864696895e+00 3.135303105e+00
5.531062124e+03 2.347432519e+00 1.012130562e+00 3.361296938e+00 1.052500848e-03 2.142065282e-02 3.919909205e+00 4.870807918e+00 3.129192082e+00
5.571142285e+03 2.344229641e+00 1.018090013e+00 3.356836213e+00 1.051112017e-03 2.140576240e-02 3.919557962e+00 4.876914677e+00 3.123085323e+00
5.611222445e+03 2.341042573e+00 1.024031685e+00 3.352377969e+00 1.049727778e-03 2.139090961e-02 3.919207006e+00 4.883017144e+00 3.116982856e+00
5.651302605e+03 2.337871223e+00 1.029955659e+00 3.347922216e+00 1.048348089e-03 2.137609436e-02 3.918856337e+00 4.889115294e+00 3.110884706e+00
5.691382766e+03 2.334715502e+00 1.035862019e+00 3.343468962e+00 1.046972928e-03 2.136131658e-02 3.918505952e+00 4.895209098e+00 3.104790902e+00
5.731462926e+03 2.331575318e+00 1.041750845e+00 3.339018216e+00 1.045602272e-03 2.134657618e-02 3.918155853e+00 4.901298532e+00 3.098701468e+00
5.771543086e+03 2.328450583e+00 1.047622220e+00 3.334569986e+00 1.044236094e-03 2.133187309e-02 3.917806037e+00 4.907383567e+00 3.092616433e+00
5.811623246e+03 2.325341208e+00 1.053476222e+00 3.330124281e+00 1.042874404e-03 2.131720726e-02 3.917456505e+00 4.913464178e+00 3.086535822e+00
5.851703407e+03 2.322247105e+00 1.059312933e+00 3.325681109e+00 1.041517278e-03 2.130257869e-02 3.917107255e+00 4.919540339e+00 3.080459661e+00
5.891783567e+03 2.319168187e+00 1.065132432e+00 3.321240479e+00 1.040164618e-03 2.128798725e-02 3.916758287e+00 4.925612022e+00 3.074387978e+00
5.931863727e+03 2.316104364e+00 1.070934798e+00 3.316802400e+00 1.038816406e-03 2.127343286e-02 3.916409600e+00 4.931679201e+00 3.068320799e+00
5.971943888e+03 2.313055552e+00 1.076720109e+00 3.312366879e+00 1.037472624e-03 2.125891545e-02 3.916061193e+00 4.937741852e+00 3.062258148e+00
6.012024048e+03 2.310021662e+00 1.082488445e+00 3.307933927e+00 1.036133256e-03 2.124443495e-02 3.915713066e+00 4.943799946e+00 3.056200054e+00
6.052104208e+03 2.307002611e+00 1.088239882e+00 3.303503550e+00 1.034798283e-03 2.122999128e-02 3.915365218e+00 4.949853460e+00 3.050146540e+00
6.092184369e+03 2.303998312e+00 1.093974498e+00 3.299075758e+00 1.033467688e-03 2.121558438e-02 3.915017648e+00 4.955902365e+00 3.044097635e+00
6.132264529e+03 2.301008680e+00 1.099692370e+00 3.294650558e+00 1.032141452e-03 2.120121417e-02 3.914670355e+00 4.961946638e+00 3.038053362e+00
6.172344689e+03 2.298033631e+00 1.105393573e+00 3.290227960e+00 1.030819557e-03 2.118688058e-02 3.914323339e+00 4.967986251e+00 3.032013749e+00
6.212424850e+03 2.295073082e+00 1.111078184e+00 3.285807972e+00 1.029502024e-03 2.117258357e-02 3.913976599e+00 4.974021180e+00 3.025978820e+00
6.252505010e+03 2.292126949e+00 1.116746278e+00 3.281390601e+00 1.028188855e-03 2.115832309e-02 3.913630135e+00 4.980051399e+00 3.019948601e+00
6.292585170e+03 2.289195149e+00 1.122397929e+00 3.276975857e+00 1.026880011e-03 2.114409904e-02 3.913283945e+00 4.986076883e+00 3.013923117e+00
6.332665331e+03 2.286277600e+00 1.128033213e+00 3.272563748e+00 1.025575479e-03 2.112991136e-02 3.912938029e+00 4.992097605e+00 3.007902395e+00
6.372745491e+03 2.283374219e+00 1.133652202e+00 3.268154281e+00 1.024275250e-03 2.111575998e-02 3.912592387e+00 4.998113541e+00 3.001886459e+00
6.412825651e+03 2.280484926e+00 1.139254972e+00 3.263747466e+00 1.022979313e-03 2.110164484e-02 3.912247017e+00 5.004124666e+00 2.995875334e+00
6.452905812e+03 2.277609640e+00 1.144841594e+00 3.259343311e+00 1.021687660e-03 2.108756588e-02 3.911901918e+00 5.010130955e+00 2.989869045e+00
6.492985972e+03 2.274748279e+00 1.150412141e+00 3.254941823e+00 1.020400283e-03 2.107352303e-02 3.911557091e+00 5.016132382e+00 2.983867618e+00
6.533066132e+03 2.271900764e+00 1.155966687e+00 3.250543011e+00 1.019117173e-03 2.105951623e-02 3.911212534e+00 5.022128922e+00 2.977871078e+00
6.573146293e+03 2.269067014e+00 1.161505301e+00 3.246146883e+00 1.017838325e-03 2.104554541e-02 3.910868247e+00 5.028120552e+00 2.971879448e+00
6.613226453e+03 2.266246953e+00 1.167028056e+00 3.241753447e+00 1.016563674e-03 2.103161047e-02 3.910524229e+00 5.034107245e+00 2.965892755e+00
6.653306613e+03 2.263440499e+00 1.172535022e+00 3.237362712e+00 1.015293230e-03 2.101771136e-02 3.910180480e+00 5.040088978e+00 2.959911022e+00
6.693386774e+03 2.260647576e+00 1.178026271e+00 3.232974686e+00 1.014026996e-03 2.100384802e-02 3.909836998e+00 5.046065726e+00 2.953934274e+00
6.733466934e+03 2.257868105e+00 1.183501871e+00 3.228589376e+00 1.012764961e-03 2.099002039e-02 3.909493783e+00 5.052037464e+00 2.947962536e+00
6.773547094e+03 2.255102009e+00 1.188961893e+00 3.224206791e+00 1.011507116e-03 2.097622841e-02 3.909150834e+00 5.058004168e+00 2.941995832e+00
6.813627255e+03 2.252349211e+00 1.194406405e+00 3.219826938e+00 1.010253452e-03 2.096247201e-02 3.908808151e+00 5.063965814e+00 2.936034186e+00
6.853707415e+03 2.249609634e+00 1.199835477e+00 3.215449827e+00 1.009003960e-03 2.094875114e-02 3.908465732e+00 5.069922378e+00 2.930077622e+00
6.893787575e+03 2.246883203e+00 1.205249177e+00 3.211075464e+00 1.007758631e-03 2.093506571e-02 3.908123578e+00 5.075873835e+00 2.924126165e+00
6.933867735e+03 2.244169841e+00 1.210647573e+00 3.206703858e+00 1.006517457e-03 2.092141569e-02 3.907781688e+00 5.081820162e+00 2.918179838e+00
6.973947896e+03 2.241469475e+00 1.216030733e+00 3.202335017e+00 1.005280427e-03 2.090780099e-02 3.907440060e+00 5.087761334e+00 2.912238666e+00
7.014028056e+03 2.238782028e+00 1.221398723e+00 3.197968948e+00 1.004047465e-03 2.089422150e-02 3.907098695e+00 5.093697328e+00 2.906302672e+00
7.054108216e+03 2.236107427e+00 1.226751609e+00 3.193605660e+00 1.002818604e-03 2.088067719e-02 3.906757591e+00 5.099628121e+00 2.900371879e+00
7.094188377e+03 2.233445598e+00 1.232089460e+00 3.189245161e+00 1.001593832e-03 2.086716799e-02 3.906416747e+00 5.105553688e+00 2.894446312e+00
7.134268537e+03 2.230796467e+00 1.237412339e+00 3.184887458e+00 1.000373134e-03 2.085369385e-02 3.906076164e+00 5.111474005e+00 2.888525995e+00
7.174348697e+03 2.228159961e+00 1.242720314e+00 3.180532559e+00 9.991564970e-04 2.084025468e-02 3.905735841e+00 5.117389051e+00 2.882610949e+00
7.214428858e+03 2.225536008e+00 1.248013449e+00 3.176180472e+00 9.979439065e-04 2.082685043e-02 3.905395776e+00 5.123298800e+00 2.876701200e+00
7.254509018e+03 2.222924535e+00 1.253291809e+00 3.171831205e+00 9.967353481e-04 2.081348102e-02 3.905055969e+00 5.129203231e+00 2.870796769e+00
7.294589178e+03 2.220325470e+00 1.258555458e+00 3.167484766e+00 9.955308068e-04 2.080014640e-02 3.904716420e+00 5.135102320e+00 2.864897680e+00
7.334669339e+03 2.217738742e+00 1.263804460e+00 3.163141162e+00 9.943302673e-04 2.078684648e-02 3.904377127e+00 5.140996043e+00 2.859003957e+00
7.374749499e+03 2.215164280e+00 1.269038880e+00 3.158800402e+00 9.931337259e-04 2.077358122e-02 3.904038091e+00 5.146884379e+00 2.853115621e+00
7.414829659e+03 2.212602013e+00 1.274258779e+00 3.154462492e+00 9.919411884e-04 2.076035055e-02 3.903699310e+00 5.152767303e+00 2.847232697e+00
7.454909820e+03 2.210051872e+00 1.279464221e+00 3.150127440e+00 9.907526224e-04 2.074715441e-02 3.903360784e+00 5.158644794e+00 2.841355206e+00
7.494989980e+03 2.207513785e+00 1.284655268e+00 3.145795255e+00 9.895680143e-04 2.073399273e-02 3.903022511e+00 5.164516828e+00 2.835483172e+00
7.535070140e+03 2.204987685e+00 1.289831983e+00 3.141465943e+00 9.883873504e-04 2.072086543e-02 3.902684493e+00 5.170383384e+00 2.829616616e+00
7.575150301e+03 2.202473501e+00 1.294994427e+00 3.137139513e+00 9.872106169e-04 2.070777245e-02 3.902346727e+00 5.176244438e+00 2.823755562e+00
7.615230461e+03 2.199971166e+00 1.300142661e+00 3.132815972e+00 9.860377997e-04 2.069471373e-02 3.902009213e+00 5.182099969e+00 2.817900031e+00
7.655310621e+03 2.197480610e+00 1.305276747e+00 3.128495327e+00 9.848688846e-04 2.068168919e-02 3.901671951e+00 5.187949953e+00 2.812050047e+00
7.695390782e+03 2.195001766e+00 1.310396746e+00 3.124177587e+00 9.837038572e-04 2.066869878e-02 3.901334940e+00 5.193794370e+00 2.806205630e+00
7.735470942e+03 2.192534566e+00 1.315502716e+00 3.119862758e+00 9.825427029e-04 2.065574242e-02 3.900998179e+00 5.199633197e+00 2.800366803e+00
7.775551102e+03 2.190078944e+00 1.320594720e+00 3.115550848e+00 9.813854322e-04 2.064282007e-02 3.900661667e+00 5.205466411e+00 2.794533589e+00
7.815631263e+03 2.187634832e+00 1.325672814e+00 3.111241865e+00 9.802320356e-04 2.062993166e-02 3.900325404e+00 5.211293991e+00 2.788706009e+00
7.855711423e+03 2.185202165e+00 1.330737060e+00 3.106935816e+00 9.790824889e-04 2.061707713e-02 3.899989390e+00 5.217115916e+00 2.782884084e+00
7.895791583e+03 2.182780875e+00 1.335787517e+00 3.102632708e+00 9.779367808e-04 2.060425641e-02 3.899653623e+00 5.222932163e+00 2.777067837e+00
7.935871743e+03 2.180370899e+00 1.340824241e+00 3.098332549e+00 9.767949005e-04 2.059146944e-02 3.899318103e+00 5.228742712e+00 2.771257288e+00
7.975951904e+03 2.177972169e+00 1.345847292e+00 3.094035347e+00 9.756568374e-04 2.057871615e-02 3.898982829e+00 5.234547540e+00 2.765452460e+00
8.016032064e+03 2.175584622e+00 1.350856728e+00 3.089741107e+00 9.745225810e-04 2.056599648e-02 3.898647801e+00 5.240346626e+00 2.759653374e+00
8.056112224e+03 2.173208193e+00 1.355852606e+00 3.085449839e+00 9.733921212e-04 2.055331036e-02 3.898313018e+00 5.246139950e+00 2.753860050e+00
8.096192385e+03 2.170842817e+00 1.360834984e+00 3.081161549e+00 9.722654483e-04 2.054065774e-02 3.897978479e+00 5.251927489e+00 2.748072511e+00
8.136272545e+03 2.168488431e+00 1.365803917e+00 3.076876245e+00 9.711425527e-04 2.052803856e-02 3.897644184e+00 5.257709223e+00 2.742290777e+00
8.176352705e+03 2.166144972e+00 1.370759462e+00 3.072593933e+00 9.700233972e-04 2.051545272e-02 3.897310132e+00 5.263485131e+00 2.736514869e+00
8.216432866e+03 2.163812376e+00 1.375701676e+00 3.068314621e+00 9.689079867e-04 2.050290019e-02 3.896976323e+00 5.269255193e+00 2.730744807e+00
8.256513026e+03 2.161490581e+00 1.380630615e+00 3.064038316e+00 9.677963141e-04 2.049038089e-02 3.896642755e+00 5.275019386e+00 2.724980614e+00
8.296593186e+03 2.159179523e+00 1.385546333e+00 3.059765025e+00 9.666883690e-04 2.047789477e-02 3.896309429e+00 5.280777691e+00 2.719222309e+00
8.336673347e+03 2.156879142e+00 1.390448886e+00 3.055494756e+00 9.655841414e-04 2.046544177e-02 3.895976343e+00 5.286530087e+00 2.713469913e+00
8.376753507e+03 2.154589376e+00 1.395338329e+00 3.051227516e+00 9.644836215e-04 2.045302183e-02 3.895643497e+00 5.292276554e+00 2.707723446e+00
8.416833667e+03 2.152310162e+00 1.400214717e+00 3.046963311e+00 9.633867996e-04 2.044063487e-02 3.895310890e+00 5.298017071e+00 2.701982929e+00
8.456913828e+03 2.150041440e+00 1.405078104e+00 3.042702149e+00 9.622936664e-04 2.042828085e-02 3.894978522e+00 5.303751618e+00 2.696248382e+00
8.496993988e+03 2.147783149e+00 1.409928543e+00 3.038444037e+00 9.612042127e-04 2.041595970e-02 3.894646392e+00 5.309480176e+00 2.690519824e+00
8.537074148e+03 2.145535230e+00 1.414766088e+00 3.034188982e+00 9.601184295e-04 2.040367136e-02 3.894314500e+00 5.315202723e+00 2.684797277e+00
8.577154309e+03 2.143297621e+00 1.419590793e+00 3.029936991e+00 9.590363081e-04 2.039141578e-02 3.893982844e+00 5.320919241e+00 2.679080759e+00
8.617234469e+03 2.141070263e+00 1.424402711e+00 3.025688070e+00 9.579578400e-04 2.037919288e-02 3.893651424e+00 5.326629708e+00 2.673370292e+00
8.657314629e+03 2.138853097e+00 1.429201893e+00 3.021442228e+00 9.568829791e-04 2.036700258e-02 3.893320240e+00 5.332334106e+00 2.667665894e+00
8.697394790e+03 2.136646065e+00 1.433988392e+00 3.017199470e+00 9.558117375e-04 2.035484484e-02 3.892989291e+00 5.338032416e+00 2.661967584e+00
8.737474950e+03 2.134449107e+00 1.438762261e+00 3.012959803e+00 9.547441084e-04 2.034271960e-02 3.892658576e+00 5.343724616e+00 2.656275384e+00
8.777555110e+03 2.132262164e+00 1.443523551e+00 3.008723236e+00 9.536800816e-04 2.033062679e-02 3.892328095e+00 5.349410689e+00 2.650589311e+00
8.817635271e+03 2.130085180e+00 1.448272313e+00 3.004489773e+00 9.526196469e-04 2.031856636e-02 3.891997847e+00 5.355090614e+00 2.644909386e+00
8.857715431e+03 2.127918095e+00 1.453008599e+00 3.000259423e+00 9.515627945e-04 2.030653824e-02 3.891667831e+00 5.360764373e+00 2.639235627e+00
8.897795591e+03 2.125760853e+00 1.457732460e+00 2.996032192e+00 9.505095142e-04 2.029454238e-02 3.891338047e+00 5.366431946e+00 2.633568054e+00
8.937875752e+03 2.123613396e+00 1.462443946e+00 2.991808087e+00 9.494597962e-04 2.028257871e-02 3.891008495e+00 5.372093315e+00 2.627906685e+00
8.977955912e+03 2.121475669e+00 1.467143108e+00 2.987587114e+00 9.484136305e-04 2.027064718e-02 3.890679173e+00 5.377748461e+00 2.622251539e+00
9.018036072e+03 2.119347613e+00 1.471829995e+00 2.983369280e+00 9.473710072e-04 2.025874771e-02 3.890350081e+00 5.383397364e+00 2.616602636e+00
9.058116232e+03 2.117229173e+00 1.476504657e+00 2.979154593e+00 9.463319166e-04 2.024688026e-02 3.890021218e+00 5.389040007e+00 2.610959993e+00
9.098196393e+03 2.115120294e+00 1.481167144e+00 2.974943058e+00 9.452963489e-04 2.023504477e-02 3.889692585e+00 5.394676370e+00 2.605323630e+00
9.138276553e+03 2.113020919e+00 1.485817504e+00 2.970734682e+00 9.442642771e-04 2.022324115e-02 3.889364179e+00 5.400306435e+00 2.599693565e+00
9.178356713e+03 2.110930995e+00 1.490455786e+00 2.966529472e+00 9.432357012e-04 2.021146935e-02 3.889036001e+00 5.405930185e+00 2.594069815e+00
9.218436874e+03 2.108850465e+00 1.495082039e+00 2.962327435e+00 9.422106115e-04 2.019972932e-02 3.888708050e+00 5.411547600e+00 2.588452400e+00
9.258517034e+03 2.106779275e+00 1.499696312e+00 2.958128577e+00 9.411889971e-04 2.018802100e-02 3.888380326e+00 5.417158662e+00 2.582841338e+00
9.298597194e+03 2.104717371e+00 1.504298651e+00 2.953932905e+00 9.401708472e-04 2.017634432e-02 3.888052827e+00 5.422763354e+00 2.577236646e+00
9.338677355e+03 2.102664699e+00 1.508889106e+00 2.949740425e+00 9.391561508e-04 2.016469922e-02 3.887725554e+00 5.428361657e+00 2.571638343e+00
9.378757515e+03 2.100621204e+00 1.513467723e+00 2.945551143e+00 9.381448967e-04 2.015308564e-02 3.887398505e+00 5.433953554e+00 2.566046446e+00
9.418837675e+03 2.098586834e+00 1.518034550e+00 2.941365067e+00 9.371370738e-04 2.014150353e-02 3.887071680e+00 5.439539027e+00 2.560460973e+00
9.458917836e+03 2.096561535e+00 1.522589633e+00 2.937182202e+00 9.361326708e-04 2.012995282e-02 3.886745078e+00 5.445118059e+00 2.554881941e+00
9.498997996e+03 2.094545255e+00 1.527133020e+00 2.933002556e+00 9.351316765e-04 2.011843344e-02 3.886418699e+00 5.450690632e+00 2.549309368e+00
9.539078156e+03 2.092537941e+00 1.531664756e+00 2.928826133e+00 9.341340793e-04 2.010694535e-02 3.886092543e+00 5.456256728e+00 2.543743272e+00
9.579158317e+03 2.090539540e+00 1.536184888e+00 2.924652942e+00 9.331398676e-04 2.009548847e-02 3.885766608e+00 5.461816330e+00 2.538183670e+00
9.619238477e+03 2.088550001e+00 1.540693461e+00 2.920482988e+00 9.321490707e-04 2.008406279e-02 3.885440894e+00 5.467369422e+00 2.532630578e+00
9.659318637e+03 2.086569273e+00 1.545190521e+00 2.916316277e+00 9.311616522e-04 2.007266821e-02 3.885115401e+00 5.472915985e+00 2.527084015e+00
9.699398798e+03 2.084597304e+00 1.549676113e+00 2.912152816e+00 9.301776012e-04 2.006130469e-02 3.884790127e+00 5.478456004e+00 2.521543996e+00
9.739478958e+03 2.082634042e+00 1.554150282e+00 2.907992611e+00 9.291969084e-04 2.004997215e-02 3.884465073e+00 5.483989460e+00 2.516010540e+00
9.779559118e+03 2.080679437e+00 1.558613074e+00 2.903835668e+00 9.282195647e-04 2.003867055e-02 3.884140237e+00 5.489516338e+00 2.510483662e+00
9.819639279e+03 2.078733438e+00 1.563064532e+00 2.899681994e+00 9.272455609e-04 2.002739983e-02 3.883815620e+00 5.495036622e+00 2.504963378e+00
9.859719439e+03 2.076795994e+00 1.567504701e+00 2.895531595e+00 9.262748880e-04 2.001615992e-02 3.883491220e+00 5.500550293e+00 2.499449707e+00
9.899799599e+03 2.074867057e+00 1.571933626e+00 2.891384476e+00 9.253075373e-04 2.000495076e-02 3.883167037e+00 5.506057336e+00 2.493942664e+00
9.939879760e+03 2.072946576e+00 1.576351349e+00 2.887240645e+00 9.243434998e-04 1.999377231e-02 3.882843071e+00 5.511557735e+00 2.488442265e+00
9.979959920e+03 2.071034502e+00 1.580757915e+00 2.883100106e+00 9.233827671e-04 1.998262450e-02 3.882519320e+00 5.517051473e+00 2.482948527e+00
1.002004008e+04 2.069130784e+00 1.585153367e+00 2.878962867e+00 9.224253305e-04 1.997150728e-02 3.882195784e+00 5.522538535e+00 2.477461465e+00
1.006012024e+04 2.067235376e+00 1.589537747e+00 2.874828933e+00 9.214711817e-04 1.996042059e-02 3.881872464e+00 5.528018904e+00 2.471981096e+00
1.010020040e+04 2.065348227e+00 1.593911100e+00 2.870698310e+00 9.205202372e-04 1.994936430e-02 3.881549357e+00 5.533492564e+00 2.466507436e+00
1.014028056e+04 2.063469290e+00 1.598273466e+00 2.866571005e+00 9.195725366e-04 1.993833840e-02 3.881226463e+00 5.538959500e+00 2.461040500e+00
1.018036072e+04 2.061598516e+00 1.602624889e+00 2.862447022e+00 9.186280683e-04 1.992734284e-02 3.880903783e+00 5.544419696e+00 2.455580304e+00
1.022044088e+04 2.059735858e+00 1.606965412e+00 2.858326369e+00 9.176868196e-04 1.991637754e-02 3.880581315e+00 5.549873136e+00 2.450126864e+00
1.026052104e+04 2.057881267e+00 1.611295074e+00 2.854209052e+00 9.167487774e-04 1.990544245e-02 3.880259059e+00 5.555319805e+00 2.444680195e+00
1.030060120e+04 2.056034697e+00 1.615613920e+00 2.850095075e+00 9.158139283e-04 1.989453751e-02 3.879937014e+00 5.560759688e+00 2.439240312e+00
1.034068136e+04 2.054196099e+00 1.619921989e+00 2.845984445e+00 9.148822587e-04 1.988366266e-02 3.879615180e+00 5.566192769e+00 2.433807231e+00
1.038076152e+04 2.052365429e+00 1.624219323e+00 2.841877169e+00 9.139537546e-04 1.987281783e-02 3.879293555e+00 5.571619034e+00 2.428380966e+00
1.042084168e+04 2.050542638e+00 1.628505963e+00 2.837773250e+00 9.130284019e-04 1.986200297e-02 3.878972141e+00 5.577038466e+00 2.422961534e+00
1.046092184e+04 2.048727680e+00 1.632781950e+00 2.833672696e+00 9.121061857e-04 1.985121801e-02 3.878650935e+00 5.582451052e+00 2.417548948e+00
1.050100200e+04 2.046920510e+00 1.637047324e+00 2.829575513e+00 9.111870912e-04 1.984046288e-02 3.878329938e+00 5.587856777e+00 2.412143223e+00
1.054108216e+04 2.045121081e+00 1.641302126e+00 2.825481705e+00 9.102711053e-04 1.982973754e-02 3.878009148e+00 5.593255625e+00 2.406744375e+00
1.058116232e+04 2.043329350e+00 1.645546394e+00 2.821391279e+00 9.093584561e-04 1.981904212e-02 3.877688566e+00 5.598647583e+00 2.401352417e+00
1.062124248e+04 2.041545269e+00 1.649780169e+00 2.817304241e+00 9.084489677e-04 1.980837643e-02 3.877368191e+00 5.604032635e+00 2.395967365e+00
1.066132265e+04 2.039768794e+00 1.654003490e+00 2.813220595e+00 9.075426383e-04 1.979774042e-02 3.877048021e+00 5.609410767e+00 2.390589233e+00
1.070140281e+04 2.037999880e+00 1.658216397e+00 2.809140348e+00 9.066394670e-04 1.978713403e-02 3.876728058e+00 5.614781966e+00 2.385218034e+00
1.074148297e+04 2.036238483e+00 1.662418929e+00 2.805063506e+00 9.057394537e-04 1.977655722e-02 3.876408299e+00 5.620146216e+00 2.379853784e+00
1.078156313e+04 2.034484558e+00 1.666611125e+00 2.800990073e+00 9.048425994e-04 1.976600994e-02 3.876088745e+00 5.625503505e+00 2.374496495e+00
1.082164329e+04 2.032738060e+00 1.670793024e+00 2.796920056e+00 9.039489061e-04 1.975549214e-02 3.875769395e+00 5.630853817e+00 2.369146183e+00
1.086172345e+04 2.030998947e+00 1.674964664e+00 2.792853460e+00 9.030583770e-04 1.974500377e-02 3.875450248e+00 5.636197140e+00 2.363802860e+00
1.090180361e+04 2.029267174e+00 1.679126083e+00 2.788790290e+00 9.021710161e-04 1.973454480e-02 3.875131304e+00 5.641533459e+00 2.358466541e+00
1.094188377e+04 2.027542699e+00 1.683277319e+00 2.784730552e+00 9.012868289e-04 1.972411518e-02 3.874812563e+00 5.646862761e+00 2.353137239e+00
1.098196393e+04 2.025825477e+00 1.687418411e+00 2.780674252e+00 9.004058216e-04 1.971371486e-02 3.874494023e+00 5.652185032e+00 2.347814968e+00
1.102204409e+04 2.024115467e+00 1.691549395e+00 2.776621395e+00 8.995279859e-04 1.970334380e-02 3.874175685e+00 5.657500259e+00 2.342499741e+00
1.106212425e+04 2.022412624e+00 1.695670311e+00 2.772571986e+00 8.986528350e-04 1.969300151e-02 3.873857547e+00 5.662808428e+00 2.337191572e+00
1.110220441e+04 2.020716907e+00 1.699781195e+00 2.768526030e+00 8.977807081e-04 1.968268825e-02 3.873539609e+00 5.668109527e+00 2.331890473e+00
1.114228457e+04 2.019028273e+00 1.703882084e+00 2.764483534e+00 8.969115860e-04 1.967240395e-02 3.873221871e+00 5.673403542e+00 2.326596458e+00
1.118236473e+04 2.017346681e+00 1.707973014e+00 2.760444502e+00 8.960454478e-04 1.966214855e-02 3.872904332e+00 5.678690461e+00 2.321309539e+00
1.122244489e+04 2.015672088e+00 1.712054023e+00 2.756408939e+00 8.951822712e-04 1.965192197e-02 3.872586992e+00 5.683970270e+00 2.316029730e+00
1.126252505e+04 2.014004454e+00 1.716125147e+00 2.752376852e+00 8.943220324e-04 1.964172416e-02 3.872269849e+00 5.689242957e+00 2.310757043e+00
1.130260521e+04 2.012343736e+00 1.720186422e+00 2.748348244e+00 8.934647058e-04 1.963155503e-02 3.871952904e+00 5.694508509e+00 2.305491491e+00
1.134268537e+04 2.010689893e+00 1.724237885e+00 2.744323122e+00 8.926102643e-04 1.962141452e-02 3.871636156e+00 5.699766913e+00 2.300233087e+00
1.138276553e+04 2.009042885e+00 1.728279570e+00 2.740301491e+00 8.917586790e-04 1.961130257e-02 3.871319604e+00 5.705018157e+00 2.294981843e+00
1.142284569e+04 2.007402671e+00 1.732311515e+00 2.736283355e+00 8.909099192e-04 1.960121908e-02 3.871003248e+00 5.710262230e+00 2.289737770e+00
1.146292585e+04 2.005769210e+00 1.736333754e+00 2.732268720e+00 8.900639523e-04 1.959116399e-02 3.870687088e+00 5.715499118e+00 2.284500882e+00
1.150300601e+04 2.004142462e+00 1.740346323e+00 2.728257592e+00 8.892207819e-04 1.958113725e-02 3.870371122e+00 5.720728809e+00 2.279271191e+00
1.154308617e+04 2.002522389e+00 1.744349255e+00 2.724249974e+00 8.883810267e-04 1.957113936e-02 3.870055350e+00 5.725951292e+00 2.274048708e+00
1.158316633e+04 2.000908950e+00 1.748342586e+00 2.720245872e+00 8.875442068e-04 1.956116984e-02 3.869739772e+00 5.731166554e+00 2.268833446e+00
1.162324649e+04 1.999302104e+00 1.752326350e+00 2.716245292e+00 8.867103239e-04 1.955122865e-02 3.869424388e+00 5.736374584e+00 2.263625416e+00
1.166332665e+04 1.997701813e+00 1.756300583e+00 2.712248238e+00 8.858793815e-04 1.954131576e-02 3.869109196e+00 5.741575370e+00 2.258424630e+00
1.170340681e+04 1.996108038e+00 1.760265319e+00 2.708254714e+00 8.850513845e-04 1.953143111e-02 3.868794196e+00 5.746768901e+00 2.253231099e+00
1.174348697e+04 1.994520740e+00 1.764220591e+00 2.704264728e+00 8.842263398e-04 1.952157466e-02 3.868479388e+00 5.751955164e+00 2.248044836e+00
1.178356713e+04 1.992939879e+00 1.768166434e+00 2.700278282e+00 8.834042560e-04 1.951174638e-02 3.868164770e+00 5.757134150e+00 2.242865850e+00
1.182364729e+04 1.991365417e+00 1.772102882e+00 2.696295382e+00 8.825851437e-04 1.950194623e-02 3.867850344e+00 5.762305845e+00 2.237694155e+00
1.186372745e+04 1.989797317e+00 1.776029967e+00 2.692316032e+00 8.817690154e-04 1.949217418e-02 3.867536107e+00 5.767470240e+00 2.232529760e+00
1.190380762e+04 1.988235540e+00 1.779947724e+00 2.688340239e+00 8.809558857e-04 1.948243018e-02 3.867222060e+00 5.772627324e+00 2.227372676e+00
1.194388778e+04 1.986680048e+00 1.783856185e+00 2.684368006e+00 8.801457713e-04 1.947271420e-02 3.866908202e+00 5.777777084e+00 2.222222916e+00
1.198396794e+04 1.985130803e+00 1.787755384e+00 2.680399338e+00 8.793386399e-04 1.946302619e-02 3.866594533e+00 5.782919511e+00 2.217080489e+00
1.202404810e+04 1.983587767e+00 1.791645354e+00 2.676434240e+00 8.785339193e-04 1.945336558e-02 3.866281051e+00 5.788054594e+00 2.211945406e+00
1.206412826e+04 1.982050904e+00 1.795526128e+00 2.672472717e+00 8.777320389e-04 1.944373270e-02 3.865967757e+00 5.793182322e+00 2.206817678e+00
1.210420842e+04 1.980520176e+00 1.799397737e+00 2.668514774e+00 8.769329845e-04 1.943412751e-02 3.865654650e+00 5.798302684e+00 2.201697316e+00
1.214428858e+04 1.978995546e+00 1.803260214e+00 2.664560415e+00 8.761367408e-04 1.942454993e-02 3.865341730e+00 5.803415670e+00 2.196584330e+00
1.218436874e+04 1.977476978e+00 1.807113592e+00 2.660609644e+00 8.753432912e-04 1.941499991e-02 3.865028995e+00 5.808521271e+00 2.191478729e+00
1.222444890e+04 1.975964435e+00 1.810957902e+00 2.656662467e+00 8.745526183e-04 1.940547739e-02 3.864716446e+00 5.813619475e+00 2.186380525e+00
1.226452906e+04 1.974457881e+00 1.814793176e+00 2.652718888e+00 8.737647030e-04 1.939598230e-02 3.864404081e+00 5.818710273e+00 2.181289727e+00
1.230460922e+04 1.972957279e+00 1.818619446e+00 2.648778912e+00 8.729795251e-04 1.938651459e-02 3.864091902e+00 5.823793654e+00 2.176206346e+00
1.234468938e+04 1.971462594e+00 1.822436744e+00 2.644842543e+00 8.721970632e-04 1.937707418e-02 3.863779905e+00 5.828869609e+00 2.171130391e+00
1.238476954e+04 1.969973789e+00 1.826245100e+00 2.640909786e+00 8.714172941e-04 1.936766101e-02 3.863468093e+00 5.833938128e+00 2.166061872e+00
1.242484970e+04 1.968490830e+00 1.830044547e+00 2.636980645e+00 8.706401932e-04 1.935827501e-02 3.863156463e+00 5.838999202e+00 2.161000798e+00
1.246492986e+04 1.967013681e+00 1.833835114e+00 2.633055125e+00 8.698657796e-04 1.934891617e-02 3.862845016e+00 5.844052820e+00 2.155947180e+00
1.250501002e+04 1.965542307e+00 1.837616832e+00 2.629133230e+00 8.690944091e-04 1.933958473e-02 3.862533750e+00 5.849098974e+00 2.150901026e+00
1.254509018e+04 1.964076674e+00 1.841389732e+00 2.625214965e+00 8.683257858e-04 1.933028039e-02 3.862222666e+00 5.854137653e+00 2.145862347e+00
1.258517034e+04 1.962616745e+00 1.845153844e+00 2.621300334e+00 8.675599057e-04 1.932100312e-02 3.861911763e+00 5.859168849e+00 2.140831151e+00
1.262525050e+04 1.961162488e+00 1.848909199e+00 2.617389341e+00 8.667967658e-04 1.931175285e-02 3.861601040e+00 5.864192552e+00 2.135807448e+00
1.266533066e+04 1.959713866e+00 1.852655827e+00 2.613481990e+00 8.660363635e-04 1.930252955e-02 3.861290497e+00 5.869208754e+00 2.130791246e+00
1.270541082e+04 1.958270847e+00 1.856393758e+00 2.609578287e+00 8.652786969e-04 1.929333316e-02 3.860980133e+00 5.874217446e+00 2.125782554e+00
1.274549098e+04 1.956833395e+00 1.860123022e+00 2.605678235e+00 8.645237651e-04 1.928416365e-02 3.860669948e+00 5.879218618e+00 2.120781382e+00
1.278557114e+04 1.955401478e+00 1.863843648e+00 2.601781839e+00 8.637715678e-04 1.927502096e-02 3.860359942e+00 5.884212262e+00 2.115787738e+00
1.282565130e+04 1.953975061e+00 1.867555666e+00 2.597889103e+00 8.630221055e-04 1.926590505e-02 3.860050114e+00 5.889198370e+00 2.110801630e+00
1.286573146e+04 1.952554110e+00 1.871259106e+00 2.594000030e+00 8.622753796e-04 1.925681588e-02 3.859740463e+00 5.894176932e+00 2.105823068e+00
1.290581162e+04 1.951138594e+00 1.874953995e+00 2.590114626e+00 8.615313923e-04 1.924775341e-02 3.859430988e+00 5.899147941e+00 2.100852059e+00
1.294589178e+04 1.949728478e+00 1.878640365e+00 2.586232894e+00 8.607901102e-04 1.923871755e-02 3.859121691e+00 5.904111388e+00 2.095888612e+00
1.298597194e+04 1.948323729e+00 1.882318243e+00 2.582354839e+00 8.600512941e-04 1.922970807e-02 3.858812569e+00 5.909067265e+00 2.090932735e+00
1.302605210e+04 1.946924315e+00 1.885987659e+00 2.578480464e+00 8.593151212e-04 1.922072506e-02 3.858503623e+00 5.914015563e+00 2.085984437e+00
1.306613226e+04 1.945530202e+00 1.889648641e+00 2.574609774e+00 8.585815795e-04 1.921176848e-02 3.858194851e+00 5.918956275e+00 2.081043725e+00
1.310621242e+04 1.944141359e+00 1.893301218e+00 2.570742773e+00 8.578506563e-04 1.920283826e-02 3.857886254e+00 5.923889393e+00 2.076110607e+00
1.314629259e+04 1.942757754e+00 1.896945417e+00 2.566879464e+00 8.571223385e-04 1.919393436e-02 3.857577831e+00 5.928814909e+00 2.071185091e+00
1.318637275e+04 1.941379353e+00 1.900581268e+00 2.563019852e+00 8.563966123e-04 1.918505672e-02 3.857269582e+00 5.933732816e+00 2.066267184e+00
1.322645291e+04 1.940006126e+00 1.904208797e+00 2.559163941e+00 8.556734632e-04 1.917620527e-02 3.856961505e+00 5.938643105e+00 2.061356895e+00
1.326653307e+04 1.938638040e+00 1.907828034e+00 2.555311735e+00 8.549528759e-04 1.916737997e-02 3.856653602e+00 5.943545769e+00 2.056454231e+00
1.330661323e+04 1.937275064e+00 1.911439005e+00 2.551463237e+00 8.542348346e-04 1.915858076e-02 3.856345870e+00 5.948440801e+00 2.051559199e+00
1.334669339e+04 1.935917166e+00 1.915041739e+00 2.547618452e+00 8.535193227e-04 1.914980757e-02 3.856038310e+00 5.953328194e+00 2.046671806e+00
1.338677355e+04 1.934564315e+00 1.918636263e+00 2.543777383e+00 8.528063227e-04 1.914106035e-02 3.855730920e+00 5.958207940e+00 2.041792060e+00
1.342685371e+04 1.933216480e+00 1.922222604e+00 2.539940035e+00 8.520958614e-04 1.913233908e-02 3.855423702e+00 5.963080033e+00 2.036919967e+00
1.346693387e+04 1.931873631e+00 1.925800788e+00 2.536106410e+00 8.513881582e-04 1.912364390e-02 3.855116654e+00 5.967944464e+00 2.032055536e+00
1.350701403e+04 1.930535736e+00 1.929370843e+00 2.532276513e+00 8.506830212e-04 1.911497461e-02 3.854809775e+00 5.972801228e+00 2.027198772e+00
1.354709419e+04 1.929202766e+00 1.932932795e+00 2.528450348e+00 8.499804484e-04 1.910633115e-02 3.854503065e+00 5.977650318e+00 2.022349682e+00
1.358717435e+04 1.927874689e+00 1.936486673e+00 2.524627918e+00 8.492804383e-04 1.909771349e-02 3.854196524e+00 5.982491726e+00 2.017508274e+00
1.362725451e+04 1.926551475e+00 1.940032502e+00 2.520809227e+00 8.485829904e-04 1.908912159e-02 3.853890152e+00 5.987325447e+00 2.012674553e+00
1.366733467e+04 1.925233094e+00 1.943570308e+00 2.516994278e+00 8.478881051e-04 1.908055539e-02 3.853583947e+00 5.992151473e+00 2.007848527e+00
1.370741483e+04 1.923919516e+00 1.947100119e+00 2.513183077e+00 8.471957833e-04 1.907201486e-02 3.853277910e+00 5.996969799e+00 2.003030201e+00
1.374749499e+04 1.922610712e+00 1.950621959e+00 2.509375625e+00 8.465060273e-04 1.906349995e-02 3.852972039e+00 6.001780418e+00 1.998219582e+00
1.378757515e+04 1.921306652e+00 1.954135856e+00 2.505571926e+00 8.458188399e-04 1.905501063e-02 3.852666335e+00 6.006583324e+00 1.993416676e+00
1.382765531e+04 1.920007306e+00 1.957641835e+00 2.501771985e+00 8.451342250e-04 1.904654685e-02 3.852360796e+00 6.011378511e+00 1.988621489e+00
1.386773547e+04 1.918712645e+00 1.961139922e+00 2.497975804e+00 8.444521876e-04 1.903810858e-02 3.852055423e+00 6.016165973e+00 1.983834027e+00
1.390781563e+04 1.917422640e+00 1.964630143e+00 2.494183388e+00 8.437726788e-04 1.902969573e-02 3.851750215e+00 6.020945703e+00 1.979054297e+00
1.394789579e+04 1.916137261e+00 1.968112523e+00 2.490394740e+00 8.430954677e-04 1.902130805e-02 3.851445172e+00 6.025717697e+00 1.974282303e+00
1.398797595e+04 1.914856481e+00 1.971587087e+00 2.486609862e+00 8.424207376e-04 1.901294568e-02 3.851140293e+00 6.030481948e+00 1.969518052e+00
1.402805611e+04 1.913580270e+00 1.975053862e+00 2.482828759e+00 8.417484781e-04 1.900460854e-02 3.850835577e+00 6.035238451e+00 1.964761549e+00
1.406813627e+04 1.912308599e+00 1.978512872e+00 2.479051435e+00 8.410786784e-04 1.899629660e-02 3.850531024e+00 6.039987200e+00 1.960012800e+00
1.410821643e+04 1.911041441e+00 1.981964142e+00 2.475277892e+00 8.404113267e-04 1.898800980e-02 3.850226634e+00 6.044728190e+00 1.955271810e+00
1.414829659e+04 1.909778767e+00 1.985407696e+00 2.471508133e+00 8.397464110e-04 1.897974808e-02 3.849922406e+00 6.049461416e+00 1.950538584e+00
1.418837675e+04 1.908520549e+00 1.988843561e+00 2.467742163e+00 8.390839182e-04 1.897151139e-02 3.849618340e+00 6.054186872e+00 1.945813128e+00
1.422845691e+04 1.907266759e+00 1.992271760e+00 2.463979985e+00 8.384238347e-04 1.896329968e-02 3.849314435e+00 6.058904553e+00 1.941095447e+00
1.426853707e+04 1.906017369e+00 1.995692319e+00 2.460221601e+00 8.377661462e-04 1.895511290e-02 3.849010691e+00 6.063614455e+00 1.936385545e+00
1.430861723e+04 1.904772352e+00 1.999105260e+00 2.456467015e+00 8.371108376e-04 1.894695099e-02 3.848707107e+00 6.068316572e+00 1.931683428e+00
1.434869739e+04 1.903531680e+00 2.002510610e+00 2.452716230e+00 8.364578930e-04 1.893881389e-02 3.848403683e+00 6.073010899e+00 1.926989101e+00
1.438877756e+04 1.902295326e+00 2.005908391e+00 2.448969250e+00 8.358073444e-04 1.893070158e-02 3.848100419e+00 6.077697432e+00 1.922302568e+00
1.442885772e+04 1.901063262e+00 2.009298627e+00 2.445226078e+00 8.351593503e-04 1.892261418e-02 3.847797314e+00 6.082376167e+00 1.917623833e+00
1.446893788e+04 1.899835463e+00 2.012681343e+00 2.441486716e+00 8.345137594e-04 1.891455149e-02 3.847494367e+00 6.087047098e+00 1.912952902e+00
1.450901804e+04 1.898611900e+00 2.016056562e+00 2.437751169e+00 8.338705678e-04 1.890651348e-02 3.847191578e+00 6.091710221e+00 1.908289779e+00
1.454909820e+04 1.897392547e+00 2.019424308e+00 2.434019438e+00 8.332297718e-04 1.889850011e-02 3.846888947e+00 6.096365532e+00 1.903634468e+00
1.458917836e+04 1.896177378e+00 2.022784604e+00 2.430291528e+00 8.325913682e-04 1.889051132e-02 3.846586474e+00 6.101013026e+00 1.898986974e+00
1.462925852e+04 1.894966365e+00 2.026137475e+00 2.426567441e+00 8.319553544e-04 1.888254707e-02 3.846284157e+00 6.105652700e+00 1.894347300e+00
1.466933868e+04 1.893759483e+00 2.029482942e+00 2.422847180e+00 8.313217280e-04 1.887460733e-02 3.845981996e+00 6.110284549e+00 1.889715451e+00
1.470941884e+04 1.892556705e+00 2.032821030e+00 2.419130749e+00 8.306904873e-04 1.886669205e-02 3.845679991e+00 6.114908569e+00 1.885091431e+00
1.474949900e+04 1.891358006e+00 2.036151762e+00 2.415418150e+00 8.300616311e-04 1.885880118e-02 3.845378142e+00 6.119524757e+00 1.880475243e+00
1.478957916e+04 1.890163359e+00 2.039475159e+00 2.411709386e+00 8.294351586e-04 1.885093468e-02 3.845076447e+00 6.124133109e+00 1.875866891e+00
1.482965932e+04 1.888972739e+00 2.042791246e+00 2.408004460e+00 8.288110698e-04 1.884309252e-02 3.844774907e+00 6.128733620e+00 1.871266380e+00
1.486973948e+04 1.887786119e+00 2.046100045e+00 2.404303375e+00 8.281893245e-04 1.883527462e-02 3.844473522e+00 6.133326288e+00 1.866673712e+00
1.490981964e+04 1.886603475e+00 2.049401579e+00 2.400606134e+00 8.275698007e-04 1.882748082e-02 3.844172289e+00 6.137911109e+00 1.862088891e+00
1.494989980e+04 1.885424781e+00 2.052695870e+00 2.396912740e+00 8.269525952e-04 1.881971118e-02 3.843871210e+00 6.142488080e+00 1.857511920e+00
1.498997996e+04 1.884250012e+00 2.055982941e+00 2.393223195e+00 8.263376988e-04 1.881196565e-02 3.843570284e+00 6.147057196e+00 1.852942804e+00
1.503006012e+04 1.883079143e+00 2.059262813e+00 2.389537503e+00 8.257251021e-04 1.880424417e-02 3.843269510e+00 6.151618455e+00 1.848381545e+00
1.507014028e+04 1.881912148e+00 2.062535510e+00 2.385855666e+00 8.251147952e-04 1.879654669e-02 3.842968889e+00 6.156171855e+00 1.843828145e+00
1.511022044e+04 1.880749003e+00 2.065801053e+00 2.382177687e+00 8.245067679e-04 1.878887318e-02 3.842668418e+00 6.160717390e+00 1.839282610e+00
1.515030060e+04 1.879589684e+00 2.069059464e+00 2.378503569e+00 8.239010094e-04 1.878122357e-02 3.842368099e+00 6.165255060e+00 1.834744940e+00
1.519038076e+04 1.878434165e+00 2.072310765e+00 2.374833313e+00 8.232975088e-04 1.877359783e-02 3.842067930e+00 6.169784861e+00 1.830215139e+00
1.523046092e+04 1.877282422e+00 2.075554977e+00 2.371166924e+00 8.226962544e-04 1.876599588e-02 3.841767911e+00 6.174306789e+00 1.825693211e+00
1.527054108e+04 1.876134431e+00 2.078792123e+00 2.367504404e+00 8.220972343e-04 1.875841770e-02 3.841468042e+00 6.178820844e+00 1.821179156e+00
1.531062124e+04 1.874990167e+00 2.082022224e+00 2.363845755e+00 8.215004360e-04 1.875086322e-02 3.841168323e+00 6.183327021e+00 1.816672979e+00
1.535070140e+04 1.873849608e+00 2.085245301e+00 2.360190980e+00 8.209058934e-04 1.874333244e-02 3.840868752e+00 6.187825318e+00 1.812174682e+00
1.539078156e+04 1.872712728e+00 2.088461376e+00 2.356540081e+00 8.203137135e-04 1.873582541e-02 3.840569330e+00 6.192315734e+00 1.807684266e+00
1.543086172e+04 1.871579504e+00 2.091670469e+00 2.352893061e+00 8.197237864e-04 1.872834199e-02 3.840270055e+00 6.196798265e+00 1.803201735e+00
1.547094188e+04 1.870449913e+00 2.094872602e+00 2.349249923e+00 8.191361095e-04 1.872088214e-02 3.839970928e+00 6.201272909e+00 1.798727091e+00
1.551102204e+04 1.869323930e+00 2.098067796e+00 2.345610669e+00 8.185506806e-04 1.871344582e-02 3.839671949e+00 6.205739665e+00 1.794260335e+00
1.555110220e+04 1.868201533e+00 2.101256072e+00 2.341975301e+00 8.179674980e-04 1.870603298e-02 3.839373116e+00 6.210198529e+00 1.789801471e+00
1.559118236e+04 1.867082698e+00 2.104437450e+00 2.338343822e+00 8.173865606e-04 1.869864360e-02 3.839074430e+00 6.214649501e+00 1.785350499e+00
1.563126253e+04 1.865967401e+00 2.107611952e+00 2.334716235e+00 8.168078679e-04 1.869127762e-02 3.838775889e+00 6.219092579e+00 1.780907421e+00
1.567134269e+04 1.864855621e+00 2.110779598e+00 2.331092541e+00 8.162314197e-04 1.868393500e-02 3.838477494e+00 6.223527760e+00 1.776472240e+00
1.571142285e+04 1.863747334e+00 2.113940408e+00 2.327472744e+00 8.156572167e-04 1.867661572e-02 3.838179244e+00 6.227955043e+00 1.772044957e+00
1.575150301e+04 1.862642516e+00 2.117094403e+00 2.323856845e+00 8.150852601e-04 1.866931973e-02 3.837881138e+00 6.232374426e+00 1.767625574e+00
1.579158317e+04 1.861541146e+00 2.120241603e+00 2.320244846e+00 8.145155518e-04 1.866204699e-02 3.837583177e+00 6.236785907e+00 1.763214093e+00
1.583166333e+04 1.860443201e+00 2.123382028e+00 2.316636751e+00 8.139480410e-04 1.865479742e-02 3.837285359e+00 6.241189486e+00 1.758810514e+00
1.587174349e+04 1.859348659e+00 2.126515699e+00 2.313032561e+00 8.133826148e-04 1.864757088e-02 3.836987685e+00 6.245585161e+00 1.754414839e+00
1.591182365e+04 1.858257497e+00 2.129642635e+00 2.309432279e+00 8.128193723e-04 1.864036742e-02 3.836690154e+00 6.249972930e+00 1.750027070e+00
1.595190381e+04 1.857169692e+00 2.132762857e+00 2.305835907e+00 8.122583059e-04 1.863318700e-02 3.836392765e+00 6.254352793e+00 1.745647207e+00
1.599198397e+04 1.856085224e+00 2.135876384e+00 2.302243447e+00 8.116994076e-04 1.862602957e-02 3.836095518e+00 6.258724748e+00 1.741275252e+00
1.603206413e+04 1.855004069e+00 2.138983236e+00 2.298654901e+00 8.111426690e-04 1.861889507e-02 3.835798413e+00 6.263088795e+00 1.736911205e+00
1.607214429e+04 1.853926207e+00 2.142083432e+00 2.295070271e+00 8.105880814e-04 1.861178348e-02 3.835501450e+00 6.267444931e+00 1.732555069e+00
1.611222445e+04 1.852851615e+00 2.145176992e+00 2.291489560e+00 8.100356355e-04 1.860469473e-02 3.835204627e+00 6.271793158e+00 1.728206842e+00
1.615230461e+04 1.851780272e+00 2.148263936e+00 2.287912769e+00 8.094853219e-04 1.859762879e-02 3.834907945e+00 6.276133473e+00 1.723866527e+00
1.619238477e+04 1.850712156e+00 2.151344283e+00 2.284339901e+00 8.089371305e-04 1.859058560e-02 3.834611402e+00 6.280465876e+00 1.719534124e+00
1.623246493e+04 1.849647246e+00 2.154418053e+00 2.280770958e+00 8.083910508e-04 1.858356512e-02 3.834315000e+00 6.284790367e+00 1.715209633e+00
1.627254509e+04 1.848585520e+00 2.157485263e+00 2.277205941e+00 8.078470720e-04 1.857656730e-02 3.834018736e+00 6.289106944e+00 1.710893056e+00
1.631262525e+04 1.847526958e+00 2.160545934e+00 2.273644854e+00 8.073052149e-04 1.856959212e-02 3.833722611e+00 6.293415608e+00 1.706584392e+00
1.635270541e+04 1.846471539e+00 2.163600084e+00 2.270087697e+00 8.067655278e-04 1.856263958e-02 3.833426625e+00 6.297716359e+00 1.702283641e+00
1.639278557e+04 1.845419241e+00 2.166647733e+00 2.266534472e+00 8.062279471e-04 1.855570959e-02 3.833130777e+00 6.302009195e+00 1.697990805e+00
1.643286573e+04 1.844370044e+00 2.169688898e+00 2.262985182e+00 8.056924666e-04 1.854880211e-02 3.832835066e+00 6.306294117e+00 1.693705883e+00
1.647294589e+04 1.843323927e+00 2.172723600e+00 2.259439829e+00 8.051590802e-04 1.854191709e-02 3.832539493e+00 6.310571125e+00 1.689428875e+00
1.651302605e+04 1.842280870e+00 2.175751855e+00 2.255898414e+00 8.046277818e-04 1.853505449e-02 3.832244056e+00 6.314840218e+00 1.685159782e+00
1.655310621e+04 1.841240852e+00 2.178773684e+00 2.252360939e+00 8.040985655e-04 1.852821427e-02 3.831948756e+00 6.319101397e+00 1.680898603e+00
1.659318637e+04 1.840203852e+00 2.181789105e+00 2.248827406e+00 8.035714251e-04 1.852139638e-02 3.831653592e+00 6.323354662e+00 1.676645338e+00
1.663326653e+04 1.839169850e+00 2.184798135e+00 2.245297817e+00 8.030463548e-04 1.851460078e-02 3.831358563e+00 6.327600013e+00 1.672399987e+00
1.667334669e+04 1.838138827e+00 2.187800793e+00 2.241772174e+00 8.025233487e-04 1.850782744e-02 3.831063670e+00 6.331837450e+00 1.668162550e+00
1.671342685e+04 1.837110762e+00 2.190797097e+00 2.238250478e+00 8.020024009e-04 1.850107629e-02 3.830768911e+00 6.336066974e+00 1.663933026e+00
1.675350701e+04 1.836085635e+00 2.193787066e+00 2.234732731e+00 8.014835058e-04 1.849434731e-02 3.830474286e+00 6.340288585e+00 1.659711415e+00
1.679358717e+04 1.835063427e+00 2.196770717e+00 2.231218936e+00 8.009666680e-04 1.848764046e-02 3.830179796e+00 6.344502284e+00 1.655497716e+00
1.683366733e+04 1.834044118e+00 2.199748069e+00 2.227709092e+00 8.004518965e-04 1.848095571e-02 3.829885439e+00 6.348708072e+00 1.651291928e+00
1.687374749e+04 1.833027687e+00 2.202719139e+00 2.224203203e+00 7.999391700e-04 1.847429300e-02 3.829591216e+00 6.352905948e+00 1.647094052e+00
1.691382766e+04 1.832014117e+00 2.205683945e+00 2.220701270e+00 7.994284840e-04 1.846765230e-02 3.829297125e+00 6.357095914e+00 1.642904086e+00
1.695390782e+04 1.831003386e+00 2.208642504e+00 2.217203294e+00 7.989198345e-04 1.846103356e-02 3.829003166e+00 6.361277971e+00 1.638722029e+00
1.699398798e+04 1.829995477e+00 2.211594835e+00 2.213709277e+00 7.984132175e-04 1.845443674e-02 3.828709340e+00 6.365452120e+00 1.634547880e+00
1.703406814e+04 1.828990369e+00 2.214540955e+00 2.210219220e+00 7.979086292e-04 1.844786180e-02 3.828415645e+00 6.369618361e+00 1.630381639e+00
1.707414830e+04 1.827988044e+00 2.217480881e+00 2.206733126e+00 7.974060661e-04 1.844130871e-02 3.828122082e+00 6.373776696e+00 1.626223304e+00
1.711422846e+04 1.826988482e+00 2.220414631e+00 2.203250996e+00 7.969055248e-04 1.843477741e-02 3.827828649e+00 6.377927126e+00 1.622072874e+00
1.715430862e+04 1.825991665e+00 2.223342222e+00 2.199772830e+00 7.964070020e-04 1.842826788e-02 3.827535346e+00 6.382069652e+00 1.617930348e+00
1.719438878e+04 1.824997574e+00 2.226263672e+00 2.196298631e+00 7.959104947e-04 1.842178007e-02 3.827242174e+00 6.386204276e+00 1.613795724e+00
1.723446894e+04 1.824006190e+00 2.229178996e+00 2.192828401e+00 7.954160001e-04 1.841531394e-02 3.826949132e+00 6.390330999e+00 1.609669001e+00
1.727454910e+04 1.823017495e+00 2.232088214e+00 2.189362139e+00 7.949235158e-04 1.840886946e-02 3.826656218e+00 6.394449822e+00 1.605550178e+00
1.731462926e+04 1.822031471e+00 2.234991340e+00 2.185899849e+00 7.944330391e-04 1.840244658e-02 3.826363434e+00 6.398560746e+00 1.601439254e+00
1.735470942e+04 1.821048097e+00 2.237888393e+00 2.182441531e+00 7.939445682e-04 1.839604527e-02 3.826070778e+00 6.402663775e+00 1.597336225e+00
1.739478958e+04 1.820067358e+00 2.240779390e+00 2.178987186e+00 7.934581010e-04 1.838966549e-02 3.825778250e+00 6.406758909e+00 1.593241091e+00
1.743486974e+04 1.819089234e+00 2.243664345e+00 2.175536817e+00 7.929735354e-04 1.838330712e-02 3.825485850e+00 6.410846149e+00 1.589153851e+00
1.747494990e+04 1.818113707e+00 2.246543277e+00 2.172090424e+00 7.924909122e-04 1.837697015e-02 3.825193577e+00 6.414925499e+00 1.585074501e+00
1.751503006e+04 1.817140760e+00 2.249416203e+00 2.168648008e+00 7.920102496e-04 1.837065456e-02 3.824901431e+00 6.418996959e+00 1.581003041e+00
1.755511022e+04 1.816170374e+00 2.252283137e+00 2.165209571e+00 7.915315420e-04 1.836436032e-02 3.824609412e+00 6.423060532e+00 1.576939468e+00
1.759519038e+04 1.815202532e+00 2.255144098e+00 2.161775114e+00 7.910547833e-04 1.835808738e-02 3.824317519e+00 6.427116220e+00 1.572883780e+00
1.763527054e+04 1.814237215e+00 2.257999101e+00 2.158344639e+00 7.905799676e-04 1.835183570e-02 3.824025752e+00 6.431164025e+00 1.568835975e+00
1.767535070e+04 1.813274407e+00 2.260848163e+00 2.154918145e+00 7.901070890e-04 1.834560524e-02 3.823734110e+00 6.435203949e+00 1.564796051e+00
1.771543086e+04 1.812314090e+00 2.263691300e+00 2.151495636e+00 7.896361412e-04 1.833939596e-02 3.823442593e+00 6.439235995e+00 1.560764005e+00
1.775551102e+04 1.811356246e+00 2.266528528e+00 2.148077111e+00 7.891671182e-04 1.833320781e-02 3.823151201e+00 6.443260164e+00 1.556739836e+00
1.779559118e+04 1.810400857e+00 2.269359863e+00 2.144662572e+00 7.887000137e-04 1.832704076e-02 3.822859933e+00 6.447276460e+00 1.552723540e+00
1.783567134e+04 1.809447908e+00 2.272185322e+00 2.141252020e+00 7.882348212e-04 1.832089477e-02 3.822568789e+00 6.451284885e+00 1.548715115e+00
1.787575150e+04 1.808497380e+00 2.275004919e+00 2.137845456e+00 7.877715344e-04 1.831476979e-02 3.822277769e+00 6.455285441e+00 1.544714559e+00
1.791583166e+04 1.807549257e+00 2.277818672e+00 2.134442881e+00 7.873101466e-04 1.830866579e-02 3.821986872e+00 6.459278131e+00 1.540721869e+00
1.795591182e+04 1.806603522e+00 2.280626595e+00 2.131044296e+00 7.868506513e-04 1.830258271e-02 3.821696097e+00 6.463262957e+00 1.536737043e+00
1.799599198e+04 1.805660157e+00 2.283428705e+00 2.127649703e+00 7.863930416e-04 1.829652053e-02 3.821405445e+00 6.467239923e+00 1.532760077e+00
1.803607214e+04 1.804719146e+00 2.286225017e+00 2.124259101e+00 7.859373348e-04 1.829047922e-02 3.821114916e+00 6.471209032e+00 1.528790968e+00
1.807615230e+04 1.803780473e+00 2.289015547e+00 2.120872493e+00 7.854836008e-04 1.828445879e-02 3.820824507e+00 6.475170286e+00 1.524829714e+00
1.811623246e+04 1.802844121e+00 2.291800310e+00 2.117489879e+00 7.850317642e-04 1.827845917e-02 3.820534221e+00 6.479123688e+00 1.520876312e+00
1.815631263e+04 1.801910073e+00 2.294579321e+00 2.114111259e+00 7.845818218e-04 1.827248029e-02 3.820244055e+00 6.483069241e+00 1.516930759e+00
1.819639279e+04 1.800978313e+00 2.297352597e+00 2.110736636e+00 7.841337710e-04 1.826652214e-02 3.819954009e+00 6.487006949e+00 1.512993051e+00
1.823647295e+04 1.800048825e+00 2.300120152e+00 2.107366009e+00 7.836876091e-04 1.826058467e-02 3.819664084e+00 6.490936814e+00 1.509063186e+00
1.827655311e+04 1.799121592e+00 2.302882002e+00 2.103999380e+00 7.832433337e-04 1.825466784e-02 3.819374279e+00 6.494858840e+00 1.505141160e+00
1.831663327e+04 1.798196598e+00 2.305638161e+00 2.100636749e+00 7.828009425e-04 1.824877162e-02 3.819084593e+00 6.498773031e+00 1.501226969e+00
1.835671343e+04 1.797273827e+00 2.308388646e+00 2.097278117e+00 7.823604333e-04 1.824289597e-02 3.818795026e+00 6.502679389e+00 1.497320611e+00
1.839679359e+04 1.796353264e+00 2.311133470e+00 2.093923486e+00 7.819218045e-04 1.823704086e-02 3.818505578e+00 6.506577918e+00 1.493422082e+00
1.843687375e+04 1.795434892e+00 2.313872650e+00 2.090572855e+00 7.814850542e-04 1.823120624e-02 3.818216249e+00 6.510468622e+00 1.489531378e+00
1.847695391e+04 1.794518695e+00 2.316606199e+00 2.087226225e+00 7.810501810e-04 1.822539209e-02 3.817927037e+00 6.514351504e+00 1.485648496e+00
1.851703407e+04 1.793604658e+00 2.319334134e+00 2.083883598e+00 7.806171838e-04 1.821959836e-02 3.817637943e+00 6.518226568e+00 1.481773432e+00
1.855711423e+04 1.792692766e+00 2.322056468e+00 2.080544974e+00 7.801860614e-04 1.821382503e-02 3.817348966e+00 6.522093818e+00 1.477906182e+00
1.859719439e+04 1.791783001e+00 2.324773216e+00 2.077210353e+00 7.797568130e-04 1.820807205e-02 3.817060107e+00 6.525953257e+00 1.474046743e+00
1.863727455e+04 1.790875350e+00 2.327484393e+00 2.073879736e+00 7.793294382e-04 1.820233939e-02 3.816771363e+00 6.529804889e+00 1.470195111e+00
1.867735471e+04 1.789969798e+00 2.330190013e+00 2.070553125e+00 7.789038266e-04 1.819662693e-02 3.816482737e+00 6.533648719e+00 1.466351281e+00
1.871743487e+04 1.789066328e+00 2.332890091e+00 2.067230518e+00 7.784799952e-04 1.819093464e-02 3.816194225e+00 6.537484749e+00 1.462515251e+00
1.875751503e+04 1.788164925e+00 2.335584641e+00 2.063911918e+00 7.780579866e-04 1.818526253e-02 3.815905830e+00 6.541312985e+00 1.458687015e+00
1.879759519e+04 1.787265575e+00 2.338273677e+00 2.060597324e+00 7.776377951e-04 1.817961057e-02 3.815617549e+00 6.545133431e+00 1.454866569e+00
1.883767535e+04 1.786368261e+00 2.340957215e+00 2.057286738e+00 7.772194143e-04 1.817397870e-02 3.815329383e+00 6.548946089e+00 1.451053911e+00
1.887775551e+04 1.785472971e+00 2.343635268e+00 2.053980159e+00 7.768028380e-04 1.816836689e-02 3.815041332e+00 6.552750966e+00 1.447249034e+00
1.891783567e+04 1.784579687e+00 2.346307850e+00 2.050677588e+00 7.763880595e-04 1.816277510e-02 3.814753395e+00 6.556548065e+00 1.443451935e+00
1.895791583e+04 1.783688397e+00 2.348974976e+00 2.047379026e+00 7.759750723e-04 1.815720329e-02 3.814465571e+00 6.560337390e+00 1.439662610e+00
1.899799599e+04 1.782799084e+00 2.351636660e+00 2.044084473e+00 7.755638692e-04 1.815165143e-02 3.814177861e+00 6.564118946e+00 1.435881054e+00
1.903807615e+04 1.781911734e+00 2.354292915e+00 2.040793930e+00 7.751544432e-04 1.814611946e-02 3.813890263e+00 6.567892737e+00 1.432107263e+00
1.907815631e+04 1.781026333e+00 2.356943756e+00 2.037507396e+00 7.747467869e-04 1.814060736e-02 3.813602779e+00 6.571658768e+00 1.428341232e+00
1.911823647e+04 1.780142867e+00 2.359589197e+00 2.034224873e+00 7.743408925e-04 1.813511509e-02 3.813315406e+00 6.575417044e+00 1.424582956e+00
1.915831663e+04 1.779261320e+00 2.362229251e+00 2.030946360e+00 7.739367522e-04 1.812964259e-02 3.813028146e+00 6.579167569e+00 1.420832431e+00
1.919839679e+04 1.778381679e+00 2.364863932e+00 2.027671859e+00 7.735343580e-04 1.812418984e-02 3.812740997e+00 6.582910348e+00 1.417089652e+00
1.923847695e+04 1.777503929e+00 2.367493254e+00 2.024401368e+00 7.731337014e-04 1.811875680e-02 3.812453960e+00 6.586645385e+00 1.413354615e+00
1.927855711e+04 1.776628057e+00 2.370117230e+00 2.021134890e+00 7.727347831e-04 1.811334342e-02 3.812167033e+00 6.590372687e+00 1.409627313e+00
1.931863727e+04 1.775754048e+00 2.372735875e+00 2.017872423e+00 7.723376805e-04 1.810794973e-02 3.811880217e+00 6.594092256e+00 1.405907744e+00
1.935871743e+04 1.774881888e+00 2.375349202e+00 2.014613969e+00 7.719423164e-04 1.810257565e-02 3.811593511e+00 6.597804099e+00 1.402195901e+00
1.939879760e+04 1.774011564e+00 2.377957224e+00 2.011359527e+00 7.715486851e-04 1.809722113e-02 3.811306915e+00 6.601508221e+00 1.398491779e+00
1.943887776e+04 1.773143061e+00 2.380559955e+00 2.008109098e+00 7.711567806e-04 1.809188614e-02 3.811020428e+00 6.605204626e+00 1.394795374e+00
1.947895792e+04 1.772276365e+00 2.383157407e+00 2.004862682e+00 7.707665971e-04 1.808657064e-02 3.810734050e+00 6.608893320e+00 1.391106680e+00
1.951903808e+04 1.771411464e+00 2.385749595e+00 2.001620278e+00 7.703781285e-04 1.808127458e-02 3.810447782e+00 6.612574307e+00 1.387425693e+00
1.955911824e+04 1.770548343e+00 2.388336532e+00 1.998381888e+00 7.699913689e-04 1.807599794e-02 3.810161622e+00 6.616247594e+00 1.383752406e+00
1.959919840e+04 1.769686989e+00 2.390918231e+00 1.995147512e+00 7.696063121e-04 1.807074067e-02 3.809875569e+00 6.619913186e+00 1.380086814e+00
1.963927856e+04 1.768827388e+00 2.393494705e+00 1.991917149e+00 7.692229521e-04 1.806550274e-02 3.809589625e+00 6.623571087e+00 1.376428913e+00
1.967935872e+04 1.767969527e+00 2.396065966e+00 1.988690799e+00 7.688412826e-04 1.806028410e-02 3.809303788e+00 6.627221304e+00 1.372778696e+00
1.971943888e+04 1.767113393e+00 2.398632030e+00 1.985468463e+00 7.684612977e-04 1.805508473e-02 3.809018059e+00 6.630863841e+00 1.369136159e+00
1.975951904e+04 1.766258973e+00 2.401192907e+00 1.982250141e+00 7.680829909e-04 1.804990458e-02 3.808732436e+00 6.634498705e+00 1.365501295e+00
1.979959920e+04 1.765406252e+00 2.403748611e+00 1.979035832e+00 7.677063561e-04 1.804474361e-02 3.808446919e+00 6.638125900e+00 1.361874100e+00
1.983967936e+04 1.764555219e+00 2.406299156e+00 1.975825537e+00 7.673313869e-04 1.803960179e-02 3.808161509e+00 6.641745433e+00 1.358254567e+00
1.987975952e+04 1.763705860e+00 2.408844553e+00 1.972619256e+00 7.669580769e-04 1.803447908e-02 3.807876204e+00 6.645357310e+00 1.354642690e+00
1.991983968e+04 1.762858162e+00 2.411384816e+00 1.969416989e+00 7.665865026e-04 1.802937551e-02 3.807591005e+00 6.648961535e+00 1.351038465e+00
1.995991984e+04 1.762012113e+00 2.413919957e+00 1.966218735e+00 7.662166765e-04 1.802429107e-02 3.807305910e+00 6.652558116e+00 1.347441884e+00
2.000000000e+04 1.761167700e+00 2.416449989e+00 1.963024495e+00 7.658485367e-04 1.801922567e-02 3.807020921e+00 6.656147057e+00 1.343852943e+00
