time            Ap              Aq              Br              Bs              Cj              Ck             
0.000000000e+00 1.100000000e+01 0.000000000e+00 1.000000000e+01 0.000000000e+00 3.000000000e+00 0.000000000e+00
4.328657315e+02 9.227723522e+00 4.886459087e-01 8.949614061e+00 1.042487433e+00 2.503807851e+00 4.458927835e-01
8.657314629e+02 8.340283057e+00 9.274257605e-01 8.823152181e+00 2.068089359e+00 2.337178856e+00 8.718464662e-01
1.298597194e+03 7.496622650e+00 1.309754121e+00 8.755719405e+00 3.000387760e+00 2.245667578e+00 1.268289855e+00
1.731462926e+03 6.709475947e+00 1.637115719e+00 8.724048703e+00 3.840784967e+00 2.225096501e+00 1.646490226e+00
2.164328657e+03 5.988957337e+00 1.913057418e+00 8.706958076e+00 4.588831831e+00 2.272087155e+00 2.017117516e+00
2.597194389e+03 5.342268887e+00 2.142852993e+00 8.685747938e+00 5.242898879e+00 2.383910388e+00 2.390025035e+00
3.030060120e+03 4.773718299e+00 2.333084167e+00 8.644558783e+00 5.800858470e+00 2.558217276e+00 2.773967457e+00
3.462925852e+03 4.285003724e+00 2.491203133e+00 8.570687776e+00 6.260762709e+00 2.792647156e+00 3.176240801e+00
3.895791583e+03 3.875688212e+00 2.625132508e+00 8.454863770e+00 6.621510473e+00 3.084324974e+00 3.602244781e+00
4.328657315e+03 3.543775449e+00 2.742940208e+00 8.291467509e+00 6.883489261e+00 3.429284491e+00 4.054993338e+00
4.761523046e+03 3.286303830e+00 2.852605523e+00 8.078664432e+00 7.049156587e+00 3.821882918e+00 4.534628914e+00
5.194388778e+03 3.099894242e+00 2.961872918e+00 7.818392311e+00 7.123496018e+00 4.254301707e+00 5.038028400e+00
5.627254509e+03 2.981205690e+00 3.078174943e+00 7.516140980e+00 7.114265314e+00 4.716242135e+00 5.558604030e+00
6.060120240e+03 2.927269114e+00 3.208595579e+00 7.180477470e+00 7.031957241e+00 5.194916732e+00 6.086397748e+00
6.492985972e+03 2.935684652e+00 3.359838559e+00 6.822316532e+00 6.889436160e+00 5.675393737e+00 6.608526288e+00
6.925851703e+03 3.004671062e+00 3.538163727e+00 6.453994696e+00 6.701272829e+00 6.141294201e+00 7.109978556e+00
7.358717435e+03 3.132960335e+00 3.749255052e+00 6.088267055e+00 6.482875628e+00 6.575767800e+00 7.574693765e+00
7.791583166e+03 3.319533676e+00 3.997989630e+00 5.737366419e+00 6.249560078e+00 6.962629150e+00 7.986805467e+00
8.224448898e+03 3.563203217e+00 4.288089914e+00 5.412254313e+00 6.015709513e+00 7.287515849e+00 8.331914716e+00
8.657314629e+03 3.862060900e+00 4.621663316e+00 5.122143679e+00 5.794144827e+00 7.538944888e+00 8.598269434e+00
9.090180361e+03 4.212843862e+00 4.998665754e+00 4.874310526e+00 5.595762048e+00 7.709171609e+00 8.777751590e+00
9.523046092e+03 4.610301178e+00 5.416365237e+00 4.674154779e+00 5.429432667e+00 7.794781476e+00 8.866596054e+00
9.955911824e+03 5.046679181e+00 5.868917482e+00 4.525434666e+00 5.302113147e+00 7.796959997e+00 8.865776052e+00
1.038877756e+04 5.511457197e+00 6.347183142e+00 4.430586520e+00 5.219084248e+00 7.721397779e+00 8.780999049e+00
1.082164329e+04 5.991446403e+00 6.838899684e+00 4.391048143e+00 5.184236544e+00 7.577811455e+00 8.622281023e+00
1.125450902e+04 6.471306374e+00 7.329264652e+00 4.407521256e+00 5.200329526e+00 7.379107141e+00 8.403117558e+00
1.168737475e+04 6.934448416e+00 7.801902548e+00 4.480129446e+00 5.269170317e+00 7.140275752e+00 8.139341045e+00
1.212024048e+04 7.364208938e+00 8.240101613e+00 4.608449156e+00 5.391679611e+00 6.877167059e+00 7.847820209e+00
1.255310621e+04 7.745119847e+00 8.628149644e+00 4.791411066e+00 5.567834167e+00 6.605316321e+00 7.545192307e+00
1.298597194e+04 8.064094036e+00 8.952587415e+00 5.027088584e+00 5.796496907e+00 6.338978904e+00 7.246802314e+00
1.341883768e+04 8.311377558e+00 9.203230063e+00 5.312409698e+00 6.075167285e+00 6.090471706e+00 6.965963997e+00
1.385170341e+04 8.481176381e+00 9.373861268e+00 5.642846940e+00 6.399704801e+00 5.869846719e+00 6.713577945e+00
1.428456914e+04 8.571922133e+00 9.462560202e+00 6.012154405e+00 6.764094047e+00 5.684856858e+00 6.498069280e+00
1.471743487e+04 8.586183897e+00 9.471663121e+00 6.412225662e+00 7.160325488e+00 5.541133655e+00 6.325561454e+00
1.515030060e+04 8.530263215e+00 9.407391828e+00 6.833136724e+00 7.578457282e+00 5.442482820e+00 6.200185712e+00
1.558316633e+04 8.413531135e+00 9.279204442e+00 7.263412304e+00 8.006897911e+00 5.391212411e+00 6.124433687e+00
1.601603206e+04 8.247585298e+00 9.098945651e+00 7.690515026e+00 8.432910988e+00 5.388428805e+00 6.099481941e+00
1.644889780e+04 8.045320815e+00 8.879892535e+00 8.101514595e+00 8.843300771e+00 5.434260000e+00 6.125443256e+00
1.688176353e+04 7.820014760e+00 8.635800952e+00 8.483859895e+00 9.225202381e+00 5.527988236e+00 6.201523754e+00
1.731462926e+04 7.584515968e+00 8.380051010e+00 8.826159508e+00 9.566882621e+00 5.668092903e+00 6.326085437e+00
1.774749499e+04 7.350607975e+00 8.124966448e+00 9.118879571e+00 9.858459933e+00 5.852219480e+00 6.496629641e+00
1.818036072e+04 7.128579404e+00 7.881347831e+00 9.354887684e+00 1.009247118e+01 6.077101066e+00 6.709728401e+00
1.861322645e+04 6.927000932e+00 7.658222113e+00 9.529799157e+00 1.026423997e+01 6.338466620e+00 6.960938661e+00
1.904609218e+04 6.752679664e+00 7.462780448e+00 9.642110299e+00 1.037202939e+01 6.630973033e+00 7.244737475e+00
1.947895792e+04 6.610744752e+00 7.300457231e+00 9.693126114e+00 1.041698466e+01 6.948196481e+00 7.554514613e+00
1.991182365e+04 6.504813083e+00 7.175097125e+00 9.686706754e+00 1.040288856e+01 7.282710920e+00 7.882651444e+00
2.034468938e+04 6.437188225e+00 7.089160740e+00 9.628868800e+00 1.033576472e+01 7.626268833e+00 8.220702036e+00
2.077755511e+04 6.409055854e+00 7.043929775e+00 9.527285381e+00 1.022337282e+01 7.970082941e+00 8.559675850e+00
2.121042084e+04 6.420651206e+00 7.039685213e+00 9.390733753e+00 1.007464505e+01 8.305190583e+00 8.890404252e+00
2.164328657e+04 6.471386159e+00 7.075844769e+00 9.228539333e+00 9.899114468e+00 8.622868564e+00 9.203958846e+00
2.207615230e+04 6.559933513e+00 7.151056320e+00 9.050061051e+00 9.706382248e+00 8.915058236e+00 9.492081355e+00
2.250901804e+04 6.684274901e+00 7.263253397e+00 8.864253183e+00 9.505661017e+00 9.174758863e+00 9.747582838e+00
2.294188377e+04 6.841723746e+00 7.409684045e+00 8.679326204e+00 9.305418893e+00 9.396353495e+00 9.964675946e+00
2.337474950e+04 7.028938581e+00 7.586928596e+00 8.502514591e+00 9.113133411e+00 9.575841037e+00 1.013921329e+01
2.380761523e+04 7.241942759e+00 7.790922588e+00 8.339947114e+00 8.935151637e+00 9.710960054e+00 1.026881678e+01
2.424048096e+04 7.476165301e+00 8.016999946e+00 8.196604805e+00 8.776641771e+00 9.801202004e+00 1.035289498e+01
2.467334669e+04 7.726514087e+00 8.259967925e+00 8.076346854e+00 8.641616114e+00 9.847721142e+00 1.039255527e+01
2.510621242e+04 7.987487198e+00 8.514219912e+00 7.981982592e+00 8.533002929e+00 9.853156719e+00 1.039042612e+01
2.553907816e+04 8.253322003e+00 8.773885923e+00 7.915369721e+00 8.452746567e+00 9.821388130e+00 1.035041011e+01
2.597194389e+04 8.518175280e+00 9.033014251e+00 7.877522280e+00 8.401918644e+00 9.757246986e+00 1.027739193e+01
2.640480962e+04 8.776322410e+00 9.285772385e+00 7.868716534e+00 8.380827790e+00 9.666210822e+00 1.017692648e+01
2.683767535e+04 9.022360733e+00 9.526652336e+00 7.888587549e+00 8.389120269e+00 9.554101199e+00 1.005493041e+01
2.727054108e+04 9.251400920e+00 9.750664138e+00 7.936212908e+00 8.425867589e+00 9.426806465e+00 9.917397954e+00
2.770340681e+04 9.459232063e+00 9.953503167e+00 8.010183758e+00 8.489641083e+00 9.290043363e+00 9.770156006e+00
2.813627255e+04 9.642449178e+00 1.013167978e+01 8.108665115e+00 8.578575311e+00 9.149166816e+00 9.618667990e+00
2.856913828e+04 9.798536377e+00 1.028260444e+01 8.229448931e+00 8.690423733e+00 9.009031105e+00 9.467890279e+00
2.900200401e+04 9.925903277e+00 1.040462566e+01 8.370003800e+00 8.822610594e+00 8.873900700e+00 9.322179475e+00
2.943486974e+04 1.002387636e+01 1.049702250e+01 8.527524970e+00 8.972282718e+00 8.747405497e+00 9.185245337e+00
2.986773547e+04 1.009265016e+01 1.055995624e+01 8.698987576e+00 9.136364194e+00 8.632532570e+00 9.060141353e+00
3.030060120e+04 1.013320554e+01 1.059438856e+01 8.881204850e+00 9.311615793e+00 8.531645786e+00 8.949284136e+00
3.073346693e+04 1.014720315e+01 1.060197440e+01 9.070891841e+00 9.494699684e+00 8.446524707e+00 8.854492824e+00
3.116633267e+04 1.013686098e+01 1.058493835e+01 9.264733836e+00 9.682248726e+00 8.378415139e+00 8.777040657e+00
3.159919840e+04 1.010482435e+01 1.054594295e+01 9.459457632e+00 9.870938490e+00 8.328085047e+00 8.717712232e+00
3.203206413e+04 1.005403554e+01 1.048795662e+01 9.651903075e+00 1.005755949e+01 8.295881246e+00 8.676861689e+00
3.246492986e+04 9.987609779e+00 1.041412740e+01 9.839091771e+00 1.023908649e+01 8.281783633e+00 8.654468466e+00
3.289779559e+04 9.908722412e+00 1.032766821e+01 1.001828978e+01 1.041274179e+01 8.285454993e+00 8.650188571e+00
3.333066132e+04 9.820510684e+00 1.023175655e+01 1.018706165e+01 1.057604976e+01 8.306285671e+00 8.663400586e+00
3.376352705e+04 9.725992052e+00 1.012945104e+01 1.034331375e+01 1.072688057e+01 8.343433076e+00 8.693246366e+00
3.419639279e+04 9.627998879e+00 1.002362451e+01 1.048532562e+01 1.086348195e+01 8.395857065e+00 8.738667467e+00
3.462925852e+04 9.529131784e+00 9.916916116e+00 1.061176774e+01 1.098449719e+01 8.462350517e+00 8.798436570e+00
3.506212425e+04 9.431728280e+00 9.811698941e+00 1.072170572e+01 1.108896947e+01 8.541568172e+00 8.871187058e+00
3.549498998e+04 9.337843354e+00 9.710059917e+00 1.081459561e+01 1.117633725e+01 8.632052204e+00 8.955439175e+00
3.592785571e+04 9.249244347e+00 9.613794267e+00 1.089026453e+01 1.124641484e+01 8.732257955e+00 9.049626232e+00
3.636072144e+04 9.167413341e+00 9.524407699e+00 1.094888503e+01 1.129936651e+01 8.840578136e+00 9.152119200e+00
3.679358717e+04 9.093557688e+00 9.443126936e+00 1.099094064e+01 1.133567184e+01 8.955367300e+00 9.261251479e+00
3.722645291e+04 9.028625125e+00 9.370914979e+00 1.101718702e+01 1.135608648e+01 9.074965924e+00 9.375343222e+00
3.765931864e+04 8.973322354e+00 9.308489947e+00 1.102860959e+01 1.136159931e+01 9.197724329e+00 9.492725439e+00
3.809218437e+04 8.928135456e+00 9.256345817e+00 1.102637951e+01 1.135338795e+01 9.322026216e+00 9.611763682e+00
3.852505010e+04 8.893350941e+00 9.214773855e+00 1.101181003e+01 1.133277456e+01 9.446311131e+00 9.730880625e+00
3.895791583e+04 8.869076698e+00 9.183883956e+00 1.098631399e+01 1.130118287e+01 9.569095849e+00 9.848577529e+00
3.939078156e+04 8.855262181e+00 9.163625223e+00 1.095136431e+01 1.126009803e+01 9.688993616e+00 9.963453552e+00
3.982364729e+04 8.851717496e+00 9.153805430e+00 1.090845769e+01 1.121102992e+01 9.804731221e+00 1.007422286e+01
4.025651303e+04 8.858131172e+00 9.154109149e+00 1.085908261e+01 1.115548057e+01 9.915163331e+00 1.017972897e+01
4.068937876e+04 8.874086592e+00 9.164114498e+00 1.080469176e+01 1.109491628e+01 1.001928362e+01 1.027895593e+01
4.112224449e+04 8.899077220e+00 9.183308669e+00 1.074667890e+01 1.103074405e+01 1.011623296e+01 1.037103641e+01
4.155511022e+04 8.932520553e+00 9.211102124e+00 1.068636048e+01 1.096429291e+01 1.020530399e+01 1.045525636e+01
4.198797595e+04 8.973771124e+00 9.246841833e+00 1.062496141e+01 1.089679948e+01 1.028594272e+01 1.053105642e+01
4.242084168e+04 9.022132780e+00 9.289823740e+00 1.056360473e+01 1.082939743e+01 1.035774679e+01 1.059803026e+01
4.285370741e+04 9.076869591e+00 9.339303837e+00 1.050330554e+01 1.076311131e+01 1.042046103e+01 1.065591994e+01
4.328657315e+04 9.137216783e+00 9.394509240e+00 1.044496727e+01 1.069885273e+01 1.047397047e+01 1.070460890e+01
4.371943888e+04 9.202390750e+00 9.454648310e+00 1.038938111e+01 1.063741977e+01 1.051829124e+01 1.074411273e+01
4.415230461e+04 9.271598608e+00 9.518920310e+00 1.033722755e+01 1.057949852e+01 1.055355966e+01 1.077456812e+01
4.458517034e+04 9.344047295e+00 9.586524576e+00 1.028907958e+01 1.052566631e+01 1.058002015e+01 1.079622069e+01
4.501803607e+04 9.418952085e+00 9.656669100e+00 1.024540746e+01 1.047639655e+01 1.059801204e+01 1.080941166e+01
4.545090180e+04 9.495544599e+00 9.728578586e+00 1.020658436e+01 1.043206445e+01 1.060795611e+01 1.081456422e+01
4.588376754e+04 9.573080212e+00 9.801501890e+00 1.017289272e+01 1.039295346e+01 1.061034078e+01 1.081216965e+01
4.631663327e+04 9.650844854e+00 9.874718853e+00 1.014453095e+01 1.035926205e+01 1.060570864e+01 1.080277370e+01
4.674949900e+04 9.728161068e+00 9.947546377e+00 1.012162050e+01 1.033111089e+01 1.059464336e+01 1.078696336e+01
4.718236473e+04 9.804393302e+00 1.001934372e+01 1.010421282e+01 1.030854993e+01 1.057775731e+01 1.076535440e+01
4.761523046e+04 9.878952422e+00 1.008951701e+01 1.009229630e+01 1.029156537e+01 1.055568007e+01 1.073857978e+01
4.804809619e+04 9.951299422e+00 1.015752296e+01 1.008580289e+01 1.028008642e+01 1.052904800e+01 1.070727906e+01
4.848096192e+04 1.002094823e+01 1.022287167e+01 1.008461468e+01 1.027399195e+01 1.049849473e+01 1.067208892e+01
4.891382766e+04 1.008746763e+01 1.028512850e+01 1.008856981e+01 1.027311647e+01 1.046464319e+01 1.063363503e+01
4.934669339e+04 1.015048230e+01 1.034391513e+01 1.009746858e+01 1.027725629e+01 1.042809840e+01 1.059252481e+01
4.977955912e+04 1.020967360e+01 1.039891030e+01 1.011107848e+01 1.028617462e+01 1.038944142e+01 1.054934131e+01
5.021242485e+04 1.026477855e+01 1.044984877e+01 1.012913964e+01 1.029960707e+01 1.034922485e+01 1.050463872e+01
5.064529058e+04 1.031558916e+01 1.049652063e+01 1.015136935e+01 1.031726621e+01 1.030796881e+01 1.045893829e+01
5.107815631e+04 1.036195051e+01 1.053876933e+01 1.017746653e+01 1.033884604e+01 1.026615829e+01 1.041272559e+01
5.151102204e+04 1.040375846e+01 1.057648938e+01 1.020711596e+01 1.036402626e+01 1.022424101e+01 1.036644850e+01
5.194388778e+04 1.044095686e+01 1.060962348e+01 1.023999207e+01 1.039247611e+01 1.018262634e+01 1.032051595e+01
5.237675351e+04 1.047353457e+01 1.063815957e+01 1.027576217e+01 1.042385752e+01 1.014168490e+01 1.027529764e+01
5.280961924e+04 1.050152186e+01 1.066212715e+01 1.031408992e+01 1.045782862e+01 1.010174856e+01 1.023112396e+01
5.324248497e+04 1.052498687e+01 1.068159370e+01 1.035463824e+01 1.049404664e+01 1.006311092e+01 1.018828650e+01
5.367535070e+04 1.054403177e+01 1.069666082e+01 1.039707201e+01 1.053217056e+01 1.002602840e+01 1.014703907e+01
5.410821643e+04 1.055878889e+01 1.070746035e+01 1.044106052e+01 1.057186351e+01 9.990721453e+00 1.010759897e+01
5.454108216e+04 1.056941692e+01 1.071415044e+01 1.048627964e+01 1.061279493e+01 9.957376123e+00 1.007014849e+01
5.497394790e+04 1.057609704e+01 1.071691175e+01 1.053241387e+01 1.065464251e+01 9.926145712e+00 1.003483656e+01
5.540681363e+04 1.057902921e+01 1.071594366e+01 1.057915811e+01 1.069709392e+01 9.897152613e+00 1.000178055e+01
5.583967936e+04 1.057842865e+01 1.071146068e+01 1.062621910e+01 1.073984809e+01 9.870490241e+00 9.971068120e+00
5.627254509e+04 1.057452239e+01 1.070368904e+01 1.067331674e+01 1.078261651e+01 9.846224972e+00 9.942759159e+00
5.670541082e+04 1.056754616e+01 1.069286346e+01 1.072018523e+01 1.082512409e+01 9.824398059e+00 9.916887566e+00
5.713827655e+04 1.055774138e+01 1.067922417e+01 1.076657385e+01 1.086710989e+01 9.805027517e+00 9.893463063e+00
5.757114228e+04 1.054535246e+01 1.066301417e+01 1.081224772e+01 1.090832761e+01 9.788109962e+00 9.872472906e+00
5.800400802e+04 1.053062431e+01 1.064447664e+01 1.085698823e+01 1.094854574e+01 9.773622373e+00 9.853883471e+00
5.843687375e+04 1.051380015e+01 1.062385280e+01 1.090059324e+01 1.098754745e+01 9.761523738e+00 9.837641693e+00
5.886973948e+04 1.049511956e+01 1.060137986e+01 1.094287720e+01 1.102513044e+01 9.751756593e+00 9.823676446e+00
5.930260521e+04 1.047481666e+01 1.057728917e+01 1.098367103e+01 1.106110613e+01 9.744248438e+00 9.811899521e+00
5.973547094e+04 1.045311875e+01 1.055180482e+01 1.102282163e+01 1.109529870e+01 9.738913098e+00 9.802206674e+00
6.016833667e+04 1.043024484e+01 1.052514212e+01 1.106019167e+01 1.112754417e+01 9.735651628e+00 9.794478061e+00
6.060120240e+04 1.040640476e+01 1.049750667e+01 1.109565857e+01 1.115768832e+01 9.734353498e+00 9.788578797e+00
6.103406814e+04 1.038179822e+01 1.046909332e+01 1.112911369e+01 1.118558478e+01 9.734897198e+00 9.784358815e+00
6.146693387e+04 1.035661417e+01 1.044008546e+01 1.116046113e+01 1.121109227e+01 9.737150829e+00 9.781652504e+00
6.189979960e+04 1.033103023e+01 1.041065443e+01 1.118961628e+01 1.123407112e+01 9.740972384e+00 9.780277756e+00
6.233266533e+04 1.030521239e+01 1.038095907e+01 1.121650404e+01 1.125437910e+01 9.746209727e+00 9.780034453e+00
6.276553106e+04 1.027931481e+01 1.035114542e+01 1.124105673e+01 1.127186586e+01 9.752700220e+00 9.780702065e+00
6.319839679e+04 1.025347971e+01 1.032134653e+01 1.126321145e+01 1.128636591e+01 9.760269915e+00 9.782036292e+00
6.363126253e+04 1.022783748e+01 1.029168243e+01 1.128290685e+01 1.129768961e+01 9.768732190e+00 9.783764384e+00
6.406412826e+04 1.020250683e+01 1.026226012e+01 1.130007907e+01 1.130561137e+01 9.777885701e+00 9.785578780e+00
6.449699399e+04 1.017759518e+01 1.023317381e+01 1.131465666e+01 1.130985414e+01 9.787511448e+00 9.787128530e+00
6.492985972e+04 1.015319911e+01 1.020450522e+01 1.132655408e+01 1.131006906e+01 9.797368729e+00 9.788007916e+00
6.536272545e+04 1.012940503e+01 1.017632410e+01 1.133566318e+01 1.130580840e+01 9.807189602e+00 9.787741271e+00
6.579559118e+04 1.010629011e+01 1.014868902e+01 1.134184242e+01 1.129649046e+01 9.816671530e+00 9.785763341e+00
6.622845691e+04 1.008392344e+01 1.012164836e+01 1.134490303e+01 1.128135406e+01 9.825467748e+00 9.781393824e+00
6.666132265e+04 1.006236755e+01 1.009524188e+01 1.134459184e+01 1.125940271e+01 9.833174893e+00 9.773805644e+00
6.709418838e+04 1.004168029e+01 1.006950264e+01 1.134057120e+01 1.122934093e+01 9.839317726e+00 9.761987069e+00
6.752705411e+04 1.002191702e+01 1.004445941e+01 1.133239866e+01 1.118951440e+01 9.843331377e+00 9.744700503e+00
6.795991984e+04 1.000313273e+01 1.002013927e+01 1.131951288e+01 1.113788259e+01 9.844542986e+00 9.720446082e+00
6.839278557e+04 9.985383086e+00 9.996569352e+00 1.130124011e+01 1.107208018e+01 9.842157554e+00 9.687447874e+00
6.882565130e+04 9.968722828e+00 9.973775981e+00 1.127684502e+01 1.098965747e+01 9.835257594e+00 9.643695755e+00
6.925851703e+04 9.953198399e+00 9.951777906e+00 1.124565456e+01 1.088859576e+01 9.822832557e+00 9.587093549e+00
6.969138277e+04 9.938832286e+00 9.930570333e+00 1.120726714e+01 1.076810287e+01 9.803858336e+00 9.515769301e+00
7.012424850e+04 9.925599335e+00 9.910099211e+00 1.116180152e+01 1.062945127e+01 9.777441592e+00 9.428567200e+00
7.055711423e+04 9.913402579e+00 9.890232655e+00 1.111005962e+01 1.047634689e+01 9.743015519e+00 9.325629584e+00
7.098997996e+04 9.902062853e+00 9.870744348e+00 1.105346171e+01 1.031437756e+01 9.700526109e+00 9.208819644e+00
7.142284569e+04 9.891333721e+00 9.851322859e+00 1.099373958e+01 1.014968340e+01 9.650512619e+00 9.081670014e+00
7.185571142e+04 9.880938128e+00 9.831606529e+00 1.093255386e+01 9.987601537e+00 9.594017148e+00 8.948740368e+00
7.228857715e+04 9.870608657e+00 9.811227362e+00 1.087123598e+01 9.831955985e+00 9.532356995e+00 8.814651670e+00
7.272144289e+04 9.860114052e+00 9.789844874e+00 1.081072131e+01 9.685056452e+00 9.466875281e+00 8.683273200e+00
7.315430862e+04 9.849267423e+00 9.767162132e+00 1.075160789e+01 9.548058865e+00 9.398772281e+00 8.557359315e+00
7.358717435e+04 9.837922166e+00 9.742928147e+00 1.069425162e+01 9.421364381e+00 9.329042137e+00 8.438596550e+00
7.402004008e+04 9.825963521e+00 9.716934894e+00 1.063884852e+01 9.304921378e+00 9.258480406e+00 8.327849283e+00
7.445290581e+04 9.813300637e+00 9.689015160e+00 1.058549235e+01 9.198421029e+00 9.187719042e+00 8.225426037e+00
7.488577154e+04 9.799860762e+00 9.659043901e+00 1.053421175e+01 9.101416071e+00 9.117262981e+00 8.131288505e+00
7.531863727e+04 9.785585599e+00 9.626943363e+00 1.048499362e+01 9.013391499e+00 9.047519438e+00 8.045193761e+00
7.575150301e+04 9.770429340e+00 9.592690980e+00 1.043779809e+01 8.933806371e+00 8.978819315e+00 7.966784679e+00
7.618436874e+04 9.754357901e+00 9.556328344e+00 1.039256821e+01 8.862118290e+00 8.911432484e+00 7.895645688e+00
7.661723447e+04 9.737348954e+00 9.517969119e+00 1.034923645e+01 8.797797437e+00 8.845578778e+00 7.831336677e+00
7.705010020e+04 9.719392376e+00 9.477803548e+00 1.030772913e+01 8.740334216e+00 8.781436037e+00 7.773413316e+00
7.748296593e+04 9.700490800e+00 9.436097401e+00 1.026796964e+01 8.689242980e+00 8.719146141e+00 7.721438969e+00
7.791583166e+04 9.680659975e+00 9.393183971e+00 1.022988069e+01 8.644063418e+00 8.658819683e+00 7.674991415e+00
7.834869739e+04 9.659928690e+00 9.349448989e+00 1.019338595e+01 8.604360588e+00 8.600539762e+00 7.633666402e+00
7.878156313e+04 9.638338143e+00 9.305309938e+00 1.015841120e+01 8.569724286e+00 8.544365226e+00 7.597079369e+00
7.921442886e+04 9.615940730e+00 9.261192425e+00 1.012488519e+01 8.539768072e+00 8.490333579e+00 7.564866038e+00
7.964729459e+04 9.592798331e+00 9.217506937e+00 1.009274002e+01 8.514128302e+00 8.438463720e+00 7.536682520e+00
8.008016032e+04 9.568980279e+00 9.174629076e+00 1.006191148e+01 8.492463153e+00 8.388758506e+00 7.512205049e+00
8.051302605e+04 9.544561198e+00 9.132885262e+00 1.003233897e+01 8.474451770e+00 8.341207208e+00 7.491129611e+00
8.094589178e+04 9.519618895e+00 9.092544666e+00 1.000396545e+01 8.459793460e+00 8.295787791e+00 7.473171480e+00
8.137875752e+04 9.494232454e+00 9.053816923e+00 9.976737245e+00 8.448206939e+00 8.252469000e+00 7.458064675e+00
8.181162325e+04 9.468480601e+00 9.016854411e+00 9.950603747e+00 8.439429574e+00 8.211212213e+00 7.445561347e+00
8.224448898e+04 9.442440388e+00 8.981757604e+00 9.925517187e+00 8.433216602e+00 8.171973063e+00 7.435431101e+00
8.267735471e+04 9.416186189e+00 8.948582067e+00 9.901432365e+00 8.429340331e+00 8.134702813e+00 7.427460246e+00
8.311022044e+04 9.389788964e+00 8.917345992e+00 9.878306412e+00 8.427589303e+00 8.099349517e+00 7.421451000e+00
8.354308617e+04 9.363315767e+00 8.888037519e+00 9.856098584e+00 8.427767434e+00 8.065858970e+00 7.417220645e+00
8.397595190e+04 9.336829447e+00 8.860621365e+00 9.834770080e+00 8.429693155e+00 8.034175483e+00 7.414600675e+00
8.440881764e+04 9.310388496e+00 8.835044582e+00 9.814283883e+00 8.433198536e+00 8.004242516e+00 7.413435925e+00
8.484168337e+04 9.284047018e+00 8.811241376e+00 9.794604634e+00 8.438128440e+00 7.976003174e+00 7.413583715e+00
8.527454910e+04 9.257854779e+00 8.789137075e+00 9.775698516e+00 8.444339689e+00 7.949400611e+00 7.414913009e+00
8.570741483e+04 9.231857326e+00 8.768651280e+00 9.757533159e+00 8.451700260e+00 7.924378339e+00 7.417303611e+00
8.614028056e+04 9.206096139e+00 8.749700382e+00 9.740077563e+00 8.460088519e+00 7.900880480e+00 7.420645380e+00
8.657314629e+04 9.180608819e+00 8.732199489e+00 9.723302018e+00 8.469392491e+00 7.878851953e+00 7.424837497e+00
8.700601202e+04 9.155429285e+00 8.716063916e+00 9.707178050e+00 8.479509172e+00 7.858238625e+00 7.429787766e+00
8.743887776e+04 9.130587991e+00 8.701210298e+00 9.691678358e+00 8.490343875e+00 7.838987424e+00 7.435411957e+00
8.787174349e+04 9.106112133e+00 8.687557410e+00 9.676776769e+00 8.501809627e+00 7.821046421e+00 7.441633192e+00
8.830460922e+04 9.082025862e+00 8.675026756e+00 9.662448185e+00 8.513826598e+00 7.804364892e+00 7.448381369e+00
8.873747495e+04 9.058350490e+00 8.663542978e+00 9.648668548e+00 8.526321568e+00 7.788893362e+00 7.455592629e+00
8.917034068e+04 9.035104688e+00 8.653034114e+00 9.635414794e+00 8.539227437e+00 7.774583636e+00 7.463208856e+00
8.960320641e+04 9.012304680e+00 8.643431748e+00 9.622664816e+00 8.552482763e+00 7.761388816e+00 7.471177219e+00
9.003607214e+04 8.989964417e+00 8.634671082e+00 9.610397433e+00 8.566031337e+00 7.749263304e+00 7.479449743e+00
9.046893788e+04 8.968095754e+00 8.626690945e+00 9.598592349e+00 8.579821786e+00 7.738162814e+00 7.487982912e+00
9.090180361e+04 8.946708614e+00 8.619433739e+00 9.587230126e+00 8.593807204e+00 7.728044356e+00 7.496737304e+00
9.133466934e+04 8.925811131e+00 8.612845374e+00 9.576292149e+00 8.607944815e+00 7.718866234e+00 7.505677251e+00
9.176753507e+04 8.905409804e+00 8.606875143e+00 9.565760600e+00 8.622195663e+00 7.710588031e+00 7.514770533e+00
9.220040080e+04 8.885509609e+00 8.601475615e+00 9.555618424e+00 8.636524302e+00 7.703170586e+00 7.523988080e+00
9.263326653e+04 8.866114174e+00 8.596602474e+00 9.545849307e+00 8.650898563e+00 7.696575996e+00 7.533303723e+00
9.306613226e+04 8.847225808e+00 8.592214407e+00 9.536437637e+00 8.665289245e+00 7.690767561e+00 7.542693923e+00
9.349899800e+04 8.828845697e+00 8.588272939e+00 9.527368496e+00 8.679669943e+00 7.685709797e+00 7.552137570e+00
9.393186373e+04 8.810973968e+00 8.584742285e+00 9.518627620e+00 8.694016810e+00 7.681368397e+00 7.561615767e+00
9.436472946e+04 8.793609755e+00 8.581589207e+00 9.510201374e+00 8.708308332e+00 7.677710198e+00 7.571111627e+00
9.479759519e+04 8.776751334e+00 8.578782864e+00 9.502076739e+00 8.722525192e+00 7.674703177e+00 7.580610113e+00
9.523046092e+04 8.760396195e+00 8.576294668e+00 9.494241285e+00 8.736650084e+00 7.672316420e+00 7.590097877e+00
9.566332665e+04 8.744541064e+00 8.574098169e+00 9.486683132e+00 8.750667509e+00 7.670520074e+00 7.599563082e+00
9.609619238e+04 8.729182049e+00 8.572168889e+00 9.479390956e+00 8.764563710e+00 7.669285360e+00 7.608995305e+00
9.652905812e+04 8.714314667e+00 8.570484218e+00 9.472353954e+00 8.778326494e+00 7.668584525e+00 7.618385392e+00
9.696192385e+04 8.699933874e+00 8.569023306e+00 9.465561805e+00 8.791945066e+00 7.668390799e+00 7.627725320e+00
9.739478958e+04 8.686034185e+00 8.567766912e+00 9.459004692e+00 8.805410008e+00 7.668678419e+00 7.637008139e+00
9.782765531e+04 8.672609675e+00 8.566697327e+00 9.452673243e+00 8.818713085e+00 7.669422551e+00 7.646227827e+00
9.826052104e+04 8.659654045e+00 8.565798259e+00 9.446558534e+00 8.831847194e+00 7.670599300e+00 7.655379230e+00
9.869338677e+04 8.647160668e+00 8.565054738e+00 9.440652066e+00 8.844806261e+00 7.672185671e+00 7.664457972e+00
9.912625251e+04 8.635122614e+00 8.564453032e+00 9.434945741e+00 8.857585141e+00 7.674159540e+00 7.673460371e+00
9.955911824e+04 8.623532712e+00 8.563980543e+00 9.429431859e+00 8.870179570e+00 7.676499646e+00 7.682383387e+00
9.999198397e+04 8.612383559e+00 8.563625748e+00 9.424103085e+00 8.882586056e+00 7.679185547e+00 7.691224537e+00
1.004248497e+05 8.601667573e+00 8.563378105e+00 9.418952450e+00 8.894801841e+00 7.682197611e+00 7.699981858e+00
1.008577154e+05 8.591377008e+00 8.563227993e+00 9.413973320e+00 8.906824819e+00 7.685516984e+00 7.708653838e+00
1.012905812e+05 8.581503990e+00 8.563166639e+00 9.409159388e+00 8.918653483e+00 7.689125568e+00 7.717239374e+00
1.017234469e+05 8.572040537e+00 8.563186055e+00 9.404504670e+00 8.930286889e+00 7.693006007e+00 7.725737735e+00
1.021563126e+05 8.562978582e+00 8.563278994e+00 9.400003463e+00 8.941724559e+00 7.697141643e+00 7.734148499e+00
1.025891784e+05 8.554310000e+00 8.563438868e+00 9.395650373e+00 8.952966516e+00 7.701516528e+00 7.742471555e+00
1.030220441e+05 8.546026618e+00 8.563659735e+00 9.391440253e+00 8.964013131e+00 7.706115355e+00 7.750707015e+00
1.034549098e+05 8.538120242e+00 8.563936195e+00 9.387368251e+00 8.974865229e+00 7.710923507e+00 7.758855259e+00
1.038877756e+05 8.530582669e+00 8.564263431e+00 9.383429713e+00 8.985523849e+00 7.715926928e+00 7.766916797e+00
1.043206413e+05 8.523405701e+00 8.564637058e+00 9.379620281e+00 8.995990472e+00 7.721112242e+00 7.774892387e+00
1.047535070e+05 8.516581159e+00 8.565053196e+00 9.375935773e+00 9.006266722e+00 7.726466595e+00 7.782782867e+00
1.051863727e+05 8.510100899e+00 8.565508344e+00 9.372372254e+00 9.016354551e+00 7.731977742e+00 7.790589247e+00
1.056192385e+05 8.503956819e+00 8.565999404e+00 9.368925981e+00 9.026256082e+00 7.737633962e+00 7.798312624e+00
1.060521042e+05 8.498140872e+00 8.566523623e+00 9.365593408e+00 9.035973643e+00 7.743424070e+00 7.805954192e+00
1.064849699e+05 8.492645073e+00 8.567078572e+00 9.362371175e+00 9.045509726e+00 7.749337389e+00 7.813515223e+00
1.069178357e+05 8.487461511e+00 8.567662120e+00 9.359256100e+00 9.054866973e+00 7.755363736e+00 7.820997049e+00
1.073507014e+05 8.482582354e+00 8.568272402e+00 9.356245166e+00 9.064048149e+00 7.761493400e+00 7.828401051e+00
1.077835671e+05 8.477999853e+00 8.568907810e+00 9.353335520e+00 9.073056137e+00 7.767717130e+00 7.835728656e+00
1.082164329e+05 8.473706356e+00 8.569566956e+00 9.350524457e+00 9.081893913e+00 7.774026118e+00 7.842981315e+00
1.086492986e+05 8.469694306e+00 8.570248659e+00 9.347809415e+00 9.090564526e+00 7.780411977e+00 7.850160500e+00
1.090821643e+05 8.465956252e+00 8.570951922e+00 9.345187971e+00 9.099071096e+00 7.786866727e+00 7.857267695e+00
1.095150301e+05 8.462484849e+00 8.571675921e+00 9.342657826e+00 9.107416793e+00 7.793382785e+00 7.864304390e+00
1.099478958e+05 8.459272861e+00 8.572419988e+00 9.340216808e+00 9.115604831e+00 7.799952947e+00 7.871272075e+00
1.103807615e+05 8.456313167e+00 8.573183597e+00 9.337862861e+00 9.123638460e+00 7.806570375e+00 7.878172238e+00
1.108136273e+05 8.453598762e+00 8.573966345e+00 9.335594035e+00 9.131520950e+00 7.813228582e+00 7.885006353e+00
1.112464930e+05 8.451122762e+00 8.574767945e+00 9.333408487e+00 9.139255582e+00 7.819921417e+00 7.891775881e+00
1.116793587e+05 8.448878401e+00 8.575588213e+00 9.331304471e+00 9.146845650e+00 7.826643056e+00 7.898482266e+00
1.121122244e+05 8.446859039e+00 8.576427051e+00 9.329280333e+00 9.154294436e+00 7.833387983e+00 7.905126929e+00
1.125450902e+05 8.445058163e+00 8.577284436e+00 9.327334502e+00 9.161605217e+00 7.840150979e+00 7.911711263e+00
1.129779559e+05 8.443469377e+00 8.578160436e+00 9.325465498e+00 9.168781263e+00 7.846927119e+00 7.918236646e+00
1.134108216e+05 8.442086421e+00 8.579055153e+00 9.323671907e+00 9.175825808e+00 7.853711741e+00 7.924704414e+00
1.138436874e+05 8.440903150e+00 8.579968774e+00 9.321952399e+00 9.182742082e+00 7.860500460e+00 7.931115887e+00
1.142765531e+05 8.439913556e+00 8.580901512e+00 9.320305704e+00 9.189533271e+00 7.867289135e+00 7.937472346e+00
1.147094188e+05 8.439111751e+00 8.581853630e+00 9.318730620e+00 9.196202535e+00 7.874073869e+00 7.943775044e+00
1.151422846e+05 8.438491973e+00 8.582825429e+00 9.317226006e+00 9.202753003e+00 7.880851003e+00 7.950025205e+00
1.155751503e+05 8.438048587e+00 8.583817229e+00 9.315790777e+00 9.209187756e+00 7.887617093e+00 7.956224016e+00
1.160080160e+05 8.437776082e+00 8.584829388e+00 9.314423902e+00 9.215509845e+00 7.894368915e+00 7.962372636e+00
1.164408818e+05 8.437669072e+00 8.585862271e+00 9.313124398e+00 9.221722265e+00 7.901103445e+00 7.968472187e+00
1.168737475e+05 8.437722295e+00 8.586916263e+00 9.311891331e+00 9.227827975e+00 7.907817853e+00 7.974523761e+00
1.173066132e+05 8.437930609e+00 8.587991761e+00 9.310723809e+00 9.233829882e+00 7.914509499e+00 7.980528417e+00
1.177394790e+05 8.438288997e+00 8.589089162e+00 9.309620980e+00 9.239730840e+00 7.921175916e+00 7.986487179e+00
1.181723447e+05 8.438792556e+00 8.590208876e+00 9.308582033e+00 9.245533661e+00 7.927814814e+00 7.992401044e+00
1.186052104e+05 8.439436509e+00 8.591351301e+00 9.307606187e+00 9.251241098e+00 7.934424056e+00 7.998270972e+00
1.190380762e+05 8.440216189e+00 8.592516841e+00 9.306692699e+00 9.256855857e+00 7.941001670e+00 8.004097897e+00
1.194709419e+05 8.441127048e+00 8.593705892e+00 9.305840854e+00 9.262380587e+00 7.947545826e+00 8.009882719e+00
1.199038076e+05 8.442164652e+00 8.594918839e+00 9.305049964e+00 9.267817885e+00 7.954054834e+00 8.015626312e+00
1.203366733e+05 8.443324677e+00 8.596156065e+00 9.304319371e+00 9.273170297e+00 7.960527145e+00 8.021329519e+00
1.207695391e+05 8.444602912e+00 8.597417936e+00 9.303648438e+00 9.278440312e+00 7.966961330e+00 8.026993155e+00
1.212024048e+05 8.445995253e+00 8.598704807e+00 9.303036551e+00 9.283630366e+00 7.973356092e+00 8.032618009e+00
1.216352705e+05 8.447497702e+00 8.600017017e+00 9.302483117e+00 9.288742841e+00 7.979710240e+00 8.038204844e+00
1.220681363e+05 8.449106367e+00 8.601354890e+00 9.301987562e+00 9.293780065e+00 7.986022700e+00 8.043754395e+00
1.225010020e+05 8.450817461e+00 8.602718730e+00 9.301549328e+00 9.298744313e+00 7.992292503e+00 8.049267374e+00
1.229338677e+05 8.452627295e+00 8.604108822e+00 9.301167874e+00 9.303637806e+00 7.998518776e+00 8.054744469e+00
1.233667335e+05 8.454532281e+00 8.605525436e+00 9.300842675e+00 9.308462715e+00 8.004700748e+00 8.060186345e+00
1.237995992e+05 8.456528928e+00 8.606968814e+00 9.300573216e+00 9.313221155e+00 8.010837731e+00 8.065593644e+00
1.242324649e+05 8.458613840e+00 8.608439183e+00 9.300358994e+00 9.317915190e+00 8.016929125e+00 8.070966986e+00
1.246653307e+05 8.460783715e+00 8.609936747e+00 9.300199519e+00 9.322546837e+00 8.022974415e+00 8.076306974e+00
1.250981964e+05 8.463035342e+00 8.611461686e+00 9.300094309e+00 9.327118055e+00 8.028973157e+00 8.081614187e+00
1.255310621e+05 8.465365600e+00 8.613014161e+00 9.300042891e+00 9.331630761e+00 8.034924986e+00 8.086889188e+00
1.259639279e+05 8.467771456e+00 8.614594308e+00 9.300044801e+00 9.336086820e+00 8.040829601e+00 8.092132521e+00
1.263967936e+05 8.470249960e+00 8.616202240e+00 9.300099578e+00 9.340488047e+00 8.046686769e+00 8.097344714e+00
1.268296593e+05 8.472798249e+00 8.617838047e+00 9.300206771e+00 9.344836214e+00 8.052496322e+00 8.102526275e+00
1.272625251e+05 8.475413539e+00 8.619501796e+00 9.300365933e+00 9.349133041e+00 8.058258145e+00 8.107677702e+00
1.276953908e+05 8.478093128e+00 8.621193532e+00 9.300576620e+00 9.353380208e+00 8.063972182e+00 8.112799472e+00
1.281282565e+05 8.480834391e+00 8.622913276e+00 9.300838395e+00 9.357579348e+00 8.069638428e+00 8.117892053e+00
1.285611222e+05 8.483634778e+00 8.624661027e+00 9.301150820e+00 9.361732048e+00 8.075256927e+00 8.122955896e+00
1.289939880e+05 8.486491815e+00 8.626436760e+00 9.301513463e+00 9.365839855e+00 8.080827772e+00 8.127991440e+00
1.294268537e+05 8.489403100e+00 8.628240427e+00 9.301925893e+00 9.369904272e+00 8.086351097e+00 8.132999111e+00
1.298597194e+05 8.492366300e+00 8.630071959e+00 9.302387678e+00 9.373926760e+00 8.091827076e+00 8.137979325e+00
1.302925852e+05 8.495379154e+00 8.631931270e+00 9.302898393e+00 9.377908745e+00 8.097255927e+00 8.142932488e+00
1.307254509e+05 8.498439464e+00 8.633818247e+00 9.303457610e+00 9.381851610e+00 8.102637899e+00 8.147858995e+00
1.311583166e+05 8.501545101e+00 8.635732758e+00 9.304064901e+00 9.385756697e+00 8.107973275e+00 8.152759229e+00
1.315911824e+05 8.504693999e+00 8.637674643e+00 9.304719837e+00 9.389625310e+00 8.113262376e+00 8.157633561e+00
1.320240481e+05 8.507884153e+00 8.639643724e+00 9.305421988e+00 9.393458714e+00 8.118505545e+00 8.162482355e+00
1.324569138e+05 8.511113617e+00 8.641639816e+00 9.306170930e+00 9.397258150e+00 8.123703159e+00 8.167305974e+00
1.328897796e+05 8.514380505e+00 8.643662724e+00 9.306966239e+00 9.401024827e+00 8.128855619e+00 8.172104777e+00
1.333226453e+05 8.517682990e+00 8.645712213e+00 9.307807484e+00 9.404759907e+00 8.133963348e+00 8.176879103e+00
1.337555110e+05 8.521019300e+00 8.647788022e+00 9.308694226e+00 9.408464510e+00 8.139026794e+00 8.181629277e+00
1.341883768e+05 8.524387719e+00 8.649889892e+00 9.309626037e+00 9.412139739e+00 8.144046427e+00 8.186355636e+00
1.346212425e+05 8.527786579e+00 8.652017545e+00 9.310602483e+00 9.415786662e+00 8.149022735e+00 8.191058501e+00
1.350541082e+05 8.531214269e+00 8.654170683e+00 9.311623130e+00 9.419406315e+00 8.153956223e+00 8.195738191e+00
1.354869739e+05 8.534669218e+00 8.656348997e+00 9.312687539e+00 9.422999709e+00 8.158847413e+00 8.200395018e+00
1.359198397e+05 8.538149905e+00 8.658552162e+00 9.313795272e+00 9.426567823e+00 8.163696840e+00 8.205029291e+00
1.363527054e+05 8.541654866e+00 8.660779837e+00 9.314945887e+00 9.430111604e+00 8.168505057e+00 8.209641311e+00
1.367855711e+05 8.545182681e+00 8.663031667e+00 9.316138943e+00 9.433631972e+00 8.173272630e+00 8.214231376e+00
1.372184369e+05 8.548731972e+00 8.665307289e+00 9.317373993e+00 9.437129820e+00 8.178000135e+00 8.218799780e+00
1.376513026e+05 8.552301407e+00 8.667606324e+00 9.318650592e+00 9.440606015e+00 8.182688157e+00 8.223346813e+00
1.380841683e+05 8.555889689e+00 8.669928387e+00 9.319968289e+00 9.444061401e+00 8.187337292e+00 8.227872763e+00
1.385170341e+05 8.559495568e+00 8.672273079e+00 9.321326635e+00 9.447496796e+00 8.191948143e+00 8.232377911e+00
1.389498998e+05 8.563117830e+00 8.674639991e+00 9.322725177e+00 9.450912993e+00 8.196521322e+00 8.236862539e+00
1.393827655e+05 8.566755300e+00 8.677028708e+00 9.324163459e+00 9.454310762e+00 8.201057445e+00 8.241326923e+00
1.398156313e+05 8.570406846e+00 8.679438801e+00 9.325641025e+00 9.457690849e+00 8.205557139e+00 8.245771337e+00
1.402484970e+05 8.574071365e+00 8.681869838e+00 9.327157416e+00 9.461053981e+00 8.210021029e+00 8.250196053e+00
1.406813627e+05 8.577747798e+00 8.684321376e+00 9.328712172e+00 9.464400856e+00 8.214449752e+00 8.254601339e+00
1.411142285e+05 8.581435113e+00 8.686792971e+00 9.330304832e+00 9.467732158e+00 8.218843941e+00 8.258987463e+00
1.415470942e+05 8.585132318e+00 8.689284165e+00 9.331934930e+00 9.471048547e+00 8.223204237e+00 8.263354690e+00
1.419799599e+05 8.588838447e+00 8.691794504e+00 9.333602003e+00 9.474350664e+00 8.227531279e+00 8.267703280e+00
1.424128257e+05 8.592552573e+00 8.694323523e+00 9.335305582e+00 9.477639129e+00 8.231825712e+00 8.272033496e+00
1.428456914e+05 8.596273792e+00 8.696870756e+00 9.337045201e+00 9.480914547e+00 8.236088175e+00 8.276345596e+00
1.432785571e+05 8.600001235e+00 8.699435731e+00 9.338820390e+00 9.484177500e+00 8.240319313e+00 8.280639837e+00
1.437114228e+05 8.603734065e+00 8.702017972e+00 9.340630677e+00 9.487428552e+00 8.244519772e+00 8.284916474e+00
1.441442886e+05 8.607471470e+00 8.704617005e+00 9.342475591e+00 9.490668252e+00 8.248690194e+00 8.289175760e+00
1.445771543e+05 8.611212665e+00 8.707232352e+00 9.344354660e+00 9.493897131e+00 8.252831219e+00 8.293417948e+00
1.450100200e+05 8.614956889e+00 8.709863534e+00 9.346267411e+00 9.497115705e+00 8.256943486e+00 8.297643288e+00
1.454428858e+05 8.618703416e+00 8.712510069e+00 9.348213369e+00 9.500324470e+00 8.261027635e+00 8.301852029e+00
1.458757515e+05 8.622451536e+00 8.715171474e+00 9.350192060e+00 9.503523910e+00 8.265084297e+00 8.306044420e+00
1.463086172e+05 8.626200564e+00 8.717847271e+00 9.352203007e+00 9.506714495e+00 8.269114101e+00 8.310220707e+00
1.467414830e+05 8.629949846e+00 8.720536980e+00 9.354245737e+00 9.509896676e+00 8.273117679e+00 8.314381135e+00
1.471743487e+05 8.633698745e+00 8.723240123e+00 9.356319774e+00 9.513070892e+00 8.277095655e+00 8.318525948e+00
1.476072144e+05 8.637446646e+00 8.725956225e+00 9.358424644e+00 9.516237569e+00 8.281048646e+00 8.322655388e+00
1.480400802e+05 8.641192963e+00 8.728684810e+00 9.360559869e+00 9.519397115e+00 8.284977270e+00 8.326769697e+00
1.484729459e+05 8.644937130e+00 8.731425406e+00 9.362724975e+00 9.522549927e+00 8.288882139e+00 8.330869114e+00
1.489058116e+05 8.648678598e+00 8.734177544e+00 9.364919487e+00 9.525696389e+00 8.292763859e+00 8.334953879e+00
1.493386774e+05 8.652416842e+00 8.736940752e+00 9.367142930e+00 9.528836873e+00 8.296623032e+00 8.339024228e+00
1.497715431e+05 8.656151353e+00 8.739714565e+00 9.369394832e+00 9.531971736e+00 8.300460257e+00 8.343080397e+00
1.502044088e+05 8.659881646e+00 8.742498518e+00 9.371674721e+00 9.535101325e+00 8.304276124e+00 8.347122620e+00
1.506372745e+05 8.663607253e+00 8.745292157e+00 9.373982123e+00 9.538225974e+00 8.308071217e+00 8.351151132e+00
1.510701403e+05 8.667327724e+00 8.748095029e+00 9.376316567e+00 9.541346008e+00 8.311846115e+00 8.355166164e+00
1.515030060e+05 8.671042626e+00 8.750906685e+00 9.378677582e+00 9.544461737e+00 8.315601390e+00 8.359167947e+00
1.519358717e+05 8.674751545e+00 8.753726684e+00 9.381064702e+00 9.547573464e+00 8.319337608e+00 8.363156711e+00
1.523687375e+05 8.678454085e+00 8.756554589e+00 9.383477457e+00 9.550681478e+00 8.323055329e+00 8.367132683e+00
1.528016032e+05 8.682149862e+00 8.759389970e+00 9.385915383e+00 9.553786062e+00 8.326755104e+00 8.371096090e+00
1.532344689e+05 8.685838510e+00 8.762232398e+00 9.388378017e+00 9.556887484e+00 8.330437481e+00 8.375047156e+00
1.536673347e+05 8.689519679e+00 8.765081451e+00 9.390864898e+00 9.559986006e+00 8.334102999e+00 8.378986107e+00
1.541002004e+05 8.693193031e+00 8.767936716e+00 9.393375567e+00 9.563081881e+00 8.337752191e+00 8.382913163e+00
1.545330661e+05 8.696858249e+00 8.770797781e+00 9.395909564e+00 9.566175347e+00 8.341385580e+00 8.386828545e+00
1.549659319e+05 8.700515027e+00 8.773664244e+00 9.398466435e+00 9.569266639e+00 8.345003684e+00 8.390732472e+00
1.553987976e+05 8.704163072e+00 8.776535705e+00 9.401045726e+00 9.572355979e+00 8.348607014e+00 8.394625161e+00
1.558316633e+05 8.707802110e+00 8.779411778e+00 9.403646985e+00 9.575443583e+00 8.352196070e+00 8.398506829e+00
1.562645291e+05 8.711431878e+00 8.782292079e+00 9.406269765e+00 9.578529657e+00 8.355771348e+00 8.402377689e+00
1.566973948e+05 8.715052126e+00 8.785176233e+00 9.408913617e+00 9.581614398e+00 8.359333333e+00 8.406237953e+00
1.571302605e+05 8.718662610e+00 8.788063871e+00 9.411578102e+00 9.584697998e+00 8.362882507e+00 8.410087832e+00
1.575631263e+05 8.722263104e+00 8.790954635e+00 9.414262779e+00 9.587780640e+00 8.366419342e+00 8.413927536e+00
1.579959920e+05 8.725853390e+00 8.793848171e+00 9.416967214e+00 9.590862498e+00 8.369944304e+00 8.417757270e+00
1.584288577e+05 8.729433271e+00 8.796744129e+00 9.419690971e+00 9.593943740e+00 8.373457846e+00 8.421577239e+00
1.588617234e+05 8.733002557e+00 8.799642169e+00 9.422433618e+00 9.597024525e+00 8.376960418e+00 8.425387648e+00
1.592945892e+05 8.736561069e+00 8.802541957e+00 9.425194729e+00 9.600105007e+00 8.380452458e+00 8.429188698e+00
1.597274549e+05 8.740108631e+00 8.805443172e+00 9.427973880e+00 9.603185332e+00 8.383934400e+00 8.432980587e+00
1.601603206e+05 8.743645085e+00 8.808345497e+00 9.430770650e+00 9.606265640e+00 8.387406668e+00 8.436763514e+00
1.605931864e+05 8.747170279e+00 8.811248623e+00 9.433584621e+00 9.609346065e+00 8.390869680e+00 8.440537674e+00
1.610260521e+05 8.750684082e+00 8.814152245e+00 9.436415382e+00 9.612426733e+00 8.394323843e+00 8.444303260e+00
1.614589178e+05 8.754186365e+00 8.817056070e+00 9.439262523e+00 9.615507763e+00 8.397769557e+00 8.448060463e+00
1.618917836e+05 8.757677014e+00 8.819959811e+00 9.442125639e+00 9.618589269e+00 8.401207214e+00 8.451809473e+00
1.623246493e+05 8.761155908e+00 8.822863191e+00 9.445004326e+00 9.621671361e+00 8.404637201e+00 8.455550476e+00
1.627575150e+05 8.764622945e+00 8.825765939e+00 9.447898186e+00 9.624754143e+00 8.408059894e+00 8.459283657e+00
1.631903808e+05 8.768078029e+00 8.828667794e+00 9.450806826e+00 9.627837713e+00 8.411475662e+00 8.463009201e+00
1.636232465e+05 8.771521085e+00 8.831568496e+00 9.453729856e+00 9.630922159e+00 8.414884864e+00 8.466727286e+00
1.640561122e+05 8.774952037e+00 8.834467797e+00 9.456666891e+00 9.634007570e+00 8.418287855e+00 8.470438091e+00
1.644889780e+05 8.778370819e+00 8.837365458e+00 9.459617550e+00 9.637094024e+00 8.421684979e+00 8.474141791e+00
1.649218437e+05 8.781777366e+00 8.840261244e+00 9.462581454e+00 9.640181601e+00 8.425076574e+00 8.477838562e+00
1.653547094e+05 8.785171626e+00 8.843154930e+00 9.465558232e+00 9.643270371e+00 8.428462969e+00 8.481528573e+00
1.657875752e+05 8.788553550e+00 8.846046298e+00 9.468547513e+00 9.646360402e+00 8.431844486e+00 8.485211995e+00
1.662204409e+05 8.791923106e+00 8.848935137e+00 9.471548934e+00 9.649451753e+00 8.435221440e+00 8.488888994e+00
1.666533066e+05 8.795280261e+00 8.851821243e+00 9.474562137e+00 9.652544484e+00 8.438594136e+00 8.492559734e+00
1.670861723e+05 8.798624991e+00 8.854704422e+00 9.477586765e+00 9.655638647e+00 8.441962874e+00 8.496224378e+00
1.675190381e+05 8.801957278e+00 8.857584482e+00 9.480622468e+00 9.658734291e+00 8.445327945e+00 8.499883085e+00
1.679519038e+05 8.805277109e+00 8.860461244e+00 9.483668899e+00 9.661831461e+00 8.448689633e+00 8.503536013e+00
1.683847695e+05 8.808584480e+00 8.863334532e+00 9.486725718e+00 9.664930198e+00 8.452048213e+00 8.507183316e+00
1.688176353e+05 8.811879392e+00 8.866204179e+00 9.489792588e+00 9.668030538e+00 8.455403957e+00 8.510825146e+00
1.692505010e+05 8.815161852e+00 8.869070023e+00 9.492869177e+00 9.671132515e+00 8.458757124e+00 8.514461655e+00
1.696833667e+05 8.818431870e+00 8.871931909e+00 9.495955157e+00 9.674236157e+00 8.462107970e+00 8.518092988e+00
1.701162325e+05 8.821689466e+00 8.874789692e+00 9.499050205e+00 9.677341492e+00 8.465456742e+00 8.521719293e+00
1.705490982e+05 8.824934661e+00 8.877643231e+00 9.502154003e+00 9.680448539e+00 8.468803681e+00 8.525340710e+00
1.709819639e+05 8.828167483e+00 8.880492391e+00 9.505266240e+00 9.683557320e+00 8.472149019e+00 8.528957381e+00
1.714148297e+05 8.831387966e+00 8.883337044e+00 9.508386605e+00 9.686667850e+00 8.475492982e+00 8.532569443e+00
1.718476954e+05 8.834596146e+00 8.886177070e+00 9.511514796e+00 9.689780141e+00 8.478835791e+00 8.536177032e+00
1.722805611e+05 8.837792067e+00 8.889012354e+00 9.514650513e+00 9.692894202e+00 8.482177658e+00 8.539780280e+00
1.727134269e+05 8.840975774e+00 8.891842787e+00 9.517793463e+00 9.696010041e+00 8.485518788e+00 8.543379318e+00
1.731462926e+05 8.844147318e+00 8.894668267e+00 9.520943357e+00 9.699127660e+00 8.488859381e+00 8.546974273e+00
1.735791583e+05 8.847306756e+00 8.897488696e+00 9.524099910e+00 9.702247062e+00 8.492199629e+00 8.550565272e+00
1.740120240e+05 8.850454145e+00 8.900303985e+00 9.527262842e+00 9.705368244e+00 8.495539719e+00 8.554152436e+00
1.744448898e+05 8.853589548e+00 8.903114048e+00 9.530431880e+00 9.708491202e+00 8.498879830e+00 8.557735888e+00
1.748777555e+05 8.856713033e+00 8.905918806e+00 9.533606752e+00 9.711615930e+00 8.502220135e+00 8.561315744e+00
1.753106212e+05 8.859824669e+00 8.908718185e+00 9.536787194e+00 9.714742418e+00 8.505560802e+00 8.564892120e+00
1.757434870e+05 8.862924529e+00 8.911512116e+00 9.539972946e+00 9.717870654e+00 8.508901992e+00 8.568465131e+00
1.761763527e+05 8.866012692e+00 8.914300538e+00 9.543163752e+00 9.721000625e+00 8.512243860e+00 8.572034886e+00
1.766092184e+05 8.869089236e+00 8.917083391e+00 9.546359361e+00 9.724132316e+00 8.515586554e+00 8.575601493e+00
1.770420842e+05 8.872154244e+00 8.919860624e+00 9.549559528e+00 9.727265707e+00 8.518930217e+00 8.579165060e+00
1.774749499e+05 8.875207804e+00 8.922632188e+00 9.552764010e+00 9.730400780e+00 8.522274988e+00 8.582725689e+00
1.779078156e+05 8.878250003e+00 8.925398042e+00 9.555972572e+00 9.733537512e+00 8.525620997e+00 8.586283482e+00
1.783406814e+05 8.881280932e+00 8.928158146e+00 9.559184982e+00 9.736675881e+00 8.528968371e+00 8.589838538e+00
1.787735471e+05 8.884300687e+00 8.930912469e+00 9.562401013e+00 9.739815859e+00 8.532317230e+00 8.593390953e+00
1.792064128e+05 8.887309362e+00 8.933660981e+00 9.565620441e+00 9.742957421e+00 8.535667688e+00 8.596940821e+00
1.796392786e+05 8.890307057e+00 8.936403658e+00 9.568843051e+00 9.746100538e+00 8.539019856e+00 8.600488234e+00
1.800721443e+05 8.893293872e+00 8.939140479e+00 9.572068627e+00 9.749245178e+00 8.542373838e+00 8.604033282e+00
1.805050100e+05 8.896269910e+00 8.941871431e+00 9.575296962e+00 9.752391312e+00 8.545729734e+00 8.607576053e+00
1.809378758e+05 8.899235276e+00 8.944596500e+00 9.578527852e+00 9.755538904e+00 8.549087636e+00 8.611116630e+00
1.813707415e+05 8.902190077e+00 8.947315679e+00 9.581761097e+00 9.758687922e+00 8.552447635e+00 8.614655096e+00
1.818036072e+05 8.905134420e+00 8.950028966e+00 9.584996502e+00 9.761838330e+00 8.555809815e+00 8.618191533e+00
1.822364729e+05 8.908068416e+00 8.952736359e+00 9.588233877e+00 9.764990090e+00 8.559174255e+00 8.621726018e+00
1.826693387e+05 8.910992177e+00 8.955437864e+00 9.591473036e+00 9.768143163e+00 8.562541030e+00 8.625258628e+00
1.831022044e+05 8.913905815e+00 8.958133488e+00 9.594713797e+00 9.771297513e+00 8.565910210e+00 8.628789437e+00
1.835350701e+05 8.916809444e+00 8.960823242e+00 9.597955983e+00 9.774453097e+00 8.569281861e+00 8.632318515e+00
1.839679359e+05 8.919703180e+00 8.963507140e+00 9.601199421e+00 9.777609875e+00 8.572656044e+00 8.635845933e+00
1.844008016e+05 8.922587141e+00 8.966185200e+00 9.604443942e+00 9.780767805e+00 8.576032817e+00 8.639371758e+00
1.848336673e+05 8.925461443e+00 8.968857443e+00 9.607689382e+00 9.783926844e+00 8.579412231e+00 8.642896056e+00
1.852665331e+05 8.928326206e+00 8.971523891e+00 9.610935580e+00 9.787086949e+00 8.582794335e+00 8.646418890e+00
1.856993988e+05 8.931181549e+00 8.974184573e+00 9.614182382e+00 9.790248074e+00 8.586179173e+00 8.649940321e+00
1.861322645e+05 8.934027591e+00 8.976839517e+00 9.617429634e+00 9.793410175e+00 8.589566787e+00 8.653460409e+00
1.865651303e+05 8.936864456e+00 8.979488755e+00 9.620677189e+00 9.796573206e+00 8.592957213e+00 8.656979210e+00
1.869979960e+05 8.939692265e+00 8.982132323e+00 9.623924904e+00 9.799737121e+00 8.596350483e+00 8.660496781e+00
1.874308617e+05 8.942511140e+00 8.984770257e+00 9.627172637e+00 9.802901873e+00 8.599746626e+00 8.664013174e+00
1.878637275e+05 8.945321203e+00 8.987402597e+00 9.630420255e+00 9.806067414e+00 8.603145669e+00 8.667528440e+00
1.882965932e+05 8.948122579e+00 8.990029385e+00 9.633667624e+00 9.809233697e+00 8.606547634e+00 8.671042630e+00
1.887294589e+05 8.950915391e+00 8.992650668e+00 9.636914617e+00 9.812400672e+00 8.609952537e+00 8.674555792e+00
1.891623246e+05 8.953699763e+00 8.995266492e+00 9.640161109e+00 9.815568293e+00 8.613360396e+00 8.678067970e+00
1.895951904e+05 8.956475819e+00 8.997876906e+00 9.643406980e+00 9.818736509e+00 8.616771222e+00 8.681579210e+00
1.900280561e+05 8.959243683e+00 9.000481961e+00 9.646652114e+00 9.821905273e+00 8.620185023e+00 8.685089553e+00
1.904609218e+05 8.962003480e+00 9.003081709e+00 9.649896396e+00 9.825074533e+00 8.623601806e+00 8.688599040e+00
1.908937876e+05 8.964755335e+00 9.005676206e+00 9.653139718e+00 9.828244241e+00 8.627021573e+00 8.692107710e+00
1.913266533e+05 8.967499372e+00 9.008265508e+00 9.656381973e+00 9.831414346e+00 8.630444323e+00 8.695615600e+00
1.917595190e+05 8.970235713e+00 9.010849673e+00 9.659623059e+00 9.834584800e+00 8.633870054e+00 8.699122745e+00
1.921923848e+05 8.972964485e+00 9.013428761e+00 9.662862878e+00 9.837755552e+00 8.637298759e+00 8.702629179e+00
1.926252505e+05 8.975685810e+00 9.016002833e+00 9.666101333e+00 9.840926552e+00 8.640730431e+00 8.706134935e+00
1.930581162e+05 8.978399812e+00 9.018571948e+00 9.669338333e+00 9.844097750e+00 8.644165058e+00 8.709640041e+00
1.934909820e+05 8.981106615e+00 9.021136172e+00 9.672573788e+00 9.847269097e+00 8.647602626e+00 8.713144529e+00
1.939238477e+05 8.983806341e+00 9.023695567e+00 9.675807613e+00 9.850440541e+00 8.651043119e+00 8.716648424e+00
1.943567134e+05 8.986499112e+00 9.026250199e+00 9.679039726e+00 9.853612034e+00 8.654486519e+00 8.720151753e+00
1.947895792e+05 8.989185051e+00 9.028800140e+00 9.682270047e+00 9.856783525e+00 8.657932805e+00 8.723654541e+00
1.952224449e+05 8.991864279e+00 9.031345456e+00 9.685498501e+00 9.859954966e+00 8.661381953e+00 8.727156809e+00
1.956553106e+05 8.994536916e+00 9.033886216e+00 9.688725013e+00 9.863126306e+00 8.664833940e+00 8.730658581e+00
1.960881764e+05 8.997203083e+00 9.036422491e+00 9.691949515e+00 9.866297497e+00 8.668288736e+00 8.734159876e+00
1.965210421e+05 8.999862899e+00 9.038954352e+00 9.695171939e+00 9.869468489e+00 8.671746315e+00 8.737660713e+00
1.969539078e+05 9.002516484e+00 9.041481867e+00 9.698392220e+00 9.872639234e+00 8.675206643e+00 8.741161109e+00
1.973867735e+05 9.005163955e+00 9.044005110e+00 9.701610298e+00 9.875809683e+00 8.678669689e+00 8.744661080e+00
1.978196393e+05 9.007805429e+00 9.046524152e+00 9.704826113e+00 9.878979789e+00 8.682135417e+00 8.748160641e+00
1.982525050e+05 9.010441022e+00 9.049039067e+00 9.708039610e+00 9.882149503e+00 8.685603792e+00 8.751659807e+00
1.986853707e+05 9.013070850e+00 9.051549928e+00 9.711250736e+00 9.885318779e+00 8.689074775e+00 8.755158589e+00
1.991182365e+05 9.015695029e+00 9.054056812e+00 9.714459439e+00 9.888487568e+00 8.692548326e+00 8.758656998e+00
1.995511022e+05 9.018313671e+00 9.056559791e+00 9.717665673e+00 9.891655824e+00 8.696024404e+00 8.762155044e+00
1.999839679e+05 9.020926890e+00 9.059058939e+00 9.720869390e+00 9.894823502e+00 8.699502967e+00 8.765652737e+00
2.004168337e+05 9.023534797e+00 9.061554332e+00 9.724070550e+00 9.897990555e+00 8.702983971e+00 8.769150084e+00
2.008496994e+05 9.026137503e+00 9.064046045e+00 9.727269110e+00 9.901156938e+00 8.706467370e+00 8.772647091e+00
2.012825651e+05 9.028735118e+00 9.066534153e+00 9.730465033e+00 9.904322605e+00 8.709953118e+00 8.776143764e+00
2.017154309e+05 9.031327750e+00 9.069018731e+00 9.733658283e+00 9.907487513e+00 8.713441167e+00 8.779640108e+00
2.021482966e+05 9.033915507e+00 9.071499854e+00 9.736848826e+00 9.910651618e+00 8.716931469e+00 8.783136126e+00
2.025811623e+05 9.036498496e+00 9.073977596e+00 9.740036631e+00 9.913814875e+00 8.720423973e+00 8.786631821e+00
2.030140281e+05 9.039076821e+00 9.076452034e+00 9.743221669e+00 9.916977243e+00 8.723918628e+00 8.790127194e+00
2.034468938e+05 9.041650587e+00 9.078923240e+00 9.746403912e+00 9.920138679e+00 8.727415383e+00 8.793622245e+00
2.038797595e+05 9.044219897e+00 9.081391289e+00 9.749583336e+00 9.923299141e+00 8.730914184e+00 8.797116976e+00
2.043126253e+05 9.046784852e+00 9.083856255e+00 9.752759917e+00 9.926458587e+00 8.734414979e+00 8.800611384e+00
2.047454910e+05 9.049345553e+00 9.086318212e+00 9.755933634e+00 9.929616978e+00 8.737917713e+00 8.804105467e+00
2.051783567e+05 9.051902099e+00 9.088777235e+00 9.759104469e+00 9.932774273e+00 8.741422330e+00 8.807599223e+00
2.056112224e+05 9.054454589e+00 9.091233399e+00 9.762272404e+00 9.935930432e+00 8.744928774e+00 8.811092648e+00
2.060440882e+05 9.057003119e+00 9.093686777e+00 9.765437424e+00 9.939085418e+00 8.748436990e+00 8.814585737e+00
2.064769539e+05 9.059547784e+00 9.096137440e+00 9.768599514e+00 9.942239190e+00 8.751946919e+00 8.818078486e+00
2.069098196e+05 9.062088679e+00 9.098585463e+00 9.771758664e+00 9.945391713e+00 8.755458505e+00 8.821570888e+00
2.073426854e+05 9.064625896e+00 9.101030913e+00 9.774914863e+00 9.948542949e+00 8.758971689e+00 8.825062936e+00
2.077755511e+05 9.067159528e+00 9.103473863e+00 9.778068102e+00 9.951692861e+00 8.762486413e+00 8.828554625e+00
2.082084168e+05 9.069689663e+00 9.105914383e+00 9.781218374e+00 9.954841414e+00 8.766002617e+00 8.832045944e+00
2.086412826e+05 9.072216391e+00 9.108352542e+00 9.784365674e+00 9.957988573e+00 8.769520243e+00 8.835536887e+00
2.090741483e+05 9.074739799e+00 9.110788409e+00 9.787509997e+00 9.961134304e+00 8.773039231e+00 8.839027443e+00
2.095070140e+05 9.077259974e+00 9.113222056e+00 9.790651343e+00 9.964278572e+00 8.776559521e+00 8.842517603e+00
2.099398798e+05 9.079777001e+00 9.115653548e+00 9.793789708e+00 9.967421345e+00 8.780081052e+00 8.846007357e+00
2.103727455e+05 9.082290962e+00 9.118082953e+00 9.796925095e+00 9.970562590e+00 8.783603765e+00 8.849496693e+00
2.108056112e+05 9.084801939e+00 9.120510337e+00 9.800057503e+00 9.973702276e+00 8.787127599e+00 8.852985600e+00
2.112384770e+05 9.087310014e+00 9.122935766e+00 9.803186937e+00 9.976840371e+00 8.790652493e+00 8.856474066e+00
2.116713427e+05 9.089815266e+00 9.125359304e+00 9.806313400e+00 9.979976846e+00 8.794178387e+00 8.859962079e+00
2.121042084e+05 9.092317771e+00 9.127781016e+00 9.809436898e+00 9.983111671e+00 8.797705221e+00 8.863449626e+00
2.125370741e+05 9.094817608e+00 9.130200966e+00 9.812557437e+00 9.986244816e+00 8.801232932e+00 8.866936693e+00
2.129699399e+05 9.097314850e+00 9.132619214e+00 9.815675024e+00 9.989376253e+00 8.804761462e+00 8.870423267e+00
2.134028056e+05 9.099809571e+00 9.135035823e+00 9.818789669e+00 9.992505955e+00 8.808290749e+00 8.873909333e+00
2.138356713e+05 9.102301845e+00 9.137450853e+00 9.821901382e+00 9.995633895e+00 8.811820733e+00 8.877394877e+00
2.142685371e+05 9.104791741e+00 9.139864363e+00 9.825010172e+00 9.998760047e+00 8.815351354e+00 8.880879884e+00
2.147014028e+05 9.107279329e+00 9.142276413e+00 9.828116052e+00 1.000188438e+01 8.818882551e+00 8.884364339e+00
2.151342685e+05 9.109764677e+00 9.144687059e+00 9.831219035e+00 1.000500688e+01 8.822414264e+00 8.887848226e+00
2.155671343e+05 9.112247852e+00 9.147096360e+00 9.834319134e+00 1.000812752e+01 8.825946434e+00 8.891331530e+00
2.160000000e+05 9.114728920e+00 9.149504371e+00 9.837416363e+00 1.001124627e+01 8.829479001e+00 8.894814234e+00
