time            Cj              Ck              Br              shCj            shCk            shBr            CancelC        
0.000000000e+00 1.000000000e+01 1.000000000e-05 1.000000000e+01 0.000000000e+00 0.000000000e+00 1.000000000e+01 3.000000000e+01
4.008016032e+01 6.848654657e+00 4.594853675e-02 9.937276039e+00 9.812849426e-06 7.281844761e-03 9.999975184e+00 2.741175638e+01
8.016032064e+01 6.845062139e+00 1.011743816e-01 9.867975545e+00 4.044384847e-05 1.086739022e-02 9.999896145e+00 2.738427227e+01
1.202404810e+02 6.840094129e+00 1.559615996e-01 9.798695726e+00 7.301527971e-05 1.274598359e-02 9.999784288e+00 2.735565600e+01
1.603206413e+02 6.834564097e+00 2.102958447e-01 9.729459163e+00 9.877930558e-05 1.370889082e-02 9.999654985e+00 2.732646712e+01
2.004008016e+02 6.828926992e+00 2.641767976e-01 9.660280383e+00 1.165912418e-04 1.418157306e-02 9.999516689e+00 2.729699230e+01
2.404809619e+02 6.823423222e+00 3.176088907e-01 9.591170062e+00 1.278594655e-04 1.439306123e-02 9.999373966e+00 2.726738797e+01
2.805611222e+02 6.818177251e+00 3.705980731e-01 9.522136786e+00 1.344290916e-04 1.446617840e-02 9.999229271e+00 2.723773946e+01
3.206412826e+02 6.813251046e+00 4.231505004e-01 9.453188009e+00 1.378688540e-04 1.446652086e-02 9.999083914e+00 2.720809334e+01
3.607214429e+02 6.808673198e+00 4.752721091e-01 9.384330558e+00 1.393244399e-04 1.442898644e-02 9.998938588e+00 2.717847528e+01
4.008016032e+02 6.804454475e+00 5.269684984e-01 9.315570909e+00 1.395681879e-04 1.437206432e-02 9.998793660e+00 2.714889960e+01
4.408817635e+02 6.800596233e+00 5.782449511e-01 9.246915334e+00 1.390946415e-04 1.430550115e-02 9.998649315e+00 2.711937452e+01
4.809619238e+02 6.797094947e+00 6.291064877e-01 9.178369973e+00 1.382112742e-04 1.423444957e-02 9.998505648e+00 2.708990505e+01
5.210420842e+02 6.793944496e+00 6.795579059e-01 9.109940876e+00 1.371012410e-04 1.416155775e-02 9.998362703e+00 2.706049439e+01
5.611222445e+02 6.791137533e+00 7.296038256e-01 9.041634022e+00 1.358734616e-04 1.408822631e-02 9.998220498e+00 2.703114484e+01
6.012024048e+02 6.788666109e+00 7.792487131e-01 8.973455328e+00 1.345908631e-04 1.401517343e-02 9.998079037e+00 2.700185818e+01
6.412825651e+02 6.786522024e+00 8.284968996e-01 8.905410657e+00 1.332892415e-04 1.394276395e-02 9.997938317e+00 2.697263594e+01
6.813627255e+02 6.784697017e+00 8.773525954e-01 8.837505811e+00 1.319884584e-04 1.387117820e-02 9.997798331e+00 2.694347946e+01
7.214428858e+02 6.783182858e+00 9.258198979e-01 8.769746541e+00 1.306994421e-04 1.380050255e-02 9.997659072e+00 2.691439001e+01
7.615230461e+02 6.781971399e+00 9.739027992e-01 8.702138536e+00 1.294281272e-04 1.373077558e-02 9.997520529e+00 2.688536882e+01
8.016032064e+02 6.781054595e+00 1.021605191e+00 8.634687430e+00 1.281773694e-04 1.366200832e-02 9.997382694e+00 2.685641706e+01
8.416833667e+02 6.780424518e+00 1.068930867e+00 8.567398796e+00 1.269484680e-04 1.359419931e-02 9.997245556e+00 2.682753586e+01
8.817635271e+02 6.780073364e+00 1.115883531e+00 8.500278145e+00 1.257419606e-04 1.352734175e-02 9.997109105e+00 2.679872636e+01
9.218436874e+02 6.779993453e+00 1.162466796e+00 8.433330924e+00 1.245579794e-04 1.346142604e-02 9.996973333e+00 2.676998965e+01
9.619238477e+02 6.780177227e+00 1.208684189e+00 8.366562516e+00 1.233962841e-04 1.339644003e-02 9.996838229e+00 2.674132681e+01
1.002004008e+03 6.780617253e+00 1.254539154e+00 8.299978239e+00 1.222565320e-04 1.333237102e-02 9.996703783e+00 2.671273889e+01
1.042084168e+03 6.781306221e+00 1.300035053e+00 8.233583340e+00 1.211383248e-04 1.326920614e-02 9.996569987e+00 2.668422691e+01
1.082164329e+03 6.782236942e+00 1.345175173e+00 8.167383002e+00 1.200412024e-04 1.320693225e-02 9.996436832e+00 2.665579190e+01
1.122244489e+03 6.783402348e+00 1.389962722e+00 8.101382333e+00 1.189647794e-04 1.314553697e-02 9.996304307e+00 2.662743484e+01
1.162324649e+03 6.784795486e+00 1.434400841e+00 8.035586369e+00 1.179086378e-04 1.308500776e-02 9.996172405e+00 2.659915671e+01
1.202404810e+03 6.786409524e+00 1.478492597e+00 7.970000075e+00 1.168723617e-04 1.302533225e-02 9.996041116e+00 2.657095843e+01
1.242484970e+03 6.788237743e+00 1.522240991e+00 7.904628341e+00 1.158555372e-04 1.296649818e-02 9.995910431e+00 2.654284095e+01
1.282565130e+03 6.790273540e+00 1.565648960e+00 7.839475980e+00 1.148577566e-04 1.290849345e-02 9.995780343e+00 2.651480515e+01
1.322645291e+03 6.792510426e+00 1.608719372e+00 7.774547732e+00 1.138786126e-04 1.285130608e-02 9.995650842e+00 2.648685193e+01
1.362725451e+03 6.794942020e+00 1.651455043e+00 7.709848253e+00 1.129177179e-04 1.279492435e-02 9.995521921e+00 2.645898213e+01
1.402805611e+03 6.797562056e+00 1.693858721e+00 7.645382128e+00 1.119746851e-04 1.273933662e-02 9.995393571e+00 2.643119659e+01
1.442885772e+03 6.800364373e+00 1.735933108e+00 7.581153856e+00 1.110491475e-04 1.268453154e-02 9.995265784e+00 2.640349613e+01
1.482965932e+03 6.803342923e+00 1.777680842e+00 7.517167858e+00 1.101407421e-04 1.263049787e-02 9.995138552e+00 2.637588153e+01
1.523046092e+03 6.806491756e+00 1.819104520e+00 7.453428472e+00 1.092491162e-04 1.257722456e-02 9.995011867e+00 2.634835356e+01
1.563126253e+03 6.809805038e+00 1.860206676e+00 7.389939956e+00 1.083739269e-04 1.252470073e-02 9.994885722e+00 2.632091297e+01
1.603206413e+03 6.813277029e+00 1.900989808e+00 7.326706481e+00 1.075148353e-04 1.247291564e-02 9.994760108e+00 2.629356046e+01
1.643286573e+03 6.816902101e+00 1.941456356e+00 7.263732140e+00 1.066715139e-04 1.242185871e-02 9.994635019e+00 2.626629676e+01
1.683366733e+03 6.820674724e+00 1.981608719e+00 7.201020939e+00 1.058436407e-04 1.237151952e-02 9.994510447e+00 2.623912252e+01
1.723446894e+03 6.824589469e+00 2.021449257e+00 7.138576797e+00 1.050308996e-04 1.232188779e-02 9.994386384e+00 2.621203841e+01
1.763527054e+03 6.828641006e+00 2.060980287e+00 7.076403549e+00 1.042329814e-04 1.227295338e-02 9.994262824e+00 2.618504506e+01
1.803607214e+03 6.832824101e+00 2.100204084e+00 7.014504946e+00 1.034495896e-04 1.222470636e-02 9.994139759e+00 2.615814306e+01
1.843687375e+03 6.837133614e+00 2.139122892e+00 6.952884647e+00 1.026804290e-04 1.217713687e-02 9.994017183e+00 2.613133301e+01
1.883767535e+03 6.841564511e+00 2.177738914e+00 6.891546229e+00 1.019252127e-04 1.213023524e-02 9.993895088e+00 2.610461547e+01
1.923847695e+03 6.846111859e+00 2.216054314e+00 6.830493180e+00 1.011836602e-04 1.208399193e-02 9.993773468e+00 2.607799099e+01
1.963927856e+03 6.850770809e+00 2.254071229e+00 6.769728900e+00 1.004554976e-04 1.203839754e-02 9.993652316e+00 2.605146008e+01
2.004008016e+03 6.855536575e+00 2.291791764e+00 6.709256705e+00 9.974045678e-05 1.199344280e-02 9.993531625e+00 2.602502323e+01
2.044088176e+03 6.860404480e+00 2.329217993e+00 6.649079819e+00 9.903827583e-05 1.194911857e-02 9.993411389e+00 2.599868089e+01
2.084168337e+03 6.865370039e+00 2.366351943e+00 6.589201382e+00 9.834872070e-05 1.190541610e-02 9.993291602e+00 2.597243359e+01
2.124248497e+03 6.870428674e+00 2.403195641e+00 6.529624444e+00 9.767150394e-05 1.186232614e-02 9.993172257e+00 2.594628168e+01
2.164328657e+03 6.875576040e+00 2.439751065e+00 6.470351966e+00 9.700641056e-05 1.181984025e-02 9.993053347e+00 2.592022560e+01
2.204408818e+03 6.880807811e+00 2.476020180e+00 6.411386821e+00 9.635319109e-05 1.177794974e-02 9.992934868e+00 2.589426573e+01
2.244488978e+03 6.886119775e+00 2.512004920e+00 6.352731794e+00 9.571161559e-05 1.173664616e-02 9.992816813e+00 2.586840244e+01
2.284569138e+03 6.891507792e+00 2.547707198e+00 6.294389585e+00 9.508145573e-05 1.169592116e-02 9.992699175e+00 2.584263608e+01
2.324649299e+03 6.896967811e+00 2.583128905e+00 6.236362804e+00 9.446248844e-05 1.165576652e-02 9.992581949e+00 2.581696695e+01
2.364729459e+03 6.902495861e+00 2.618271910e+00 6.178653978e+00 9.385449580e-05 1.161617413e-02 9.992465130e+00 2.579139536e+01
2.404809619e+03 6.908088052e+00 2.653138064e+00 6.121265546e+00 9.325726467e-05 1.157713602e-02 9.992348711e+00 2.576592161e+01
2.444889780e+03 6.913740571e+00 2.687729197e+00 6.064199867e+00 9.267058669e-05 1.153864430e-02 9.992232687e+00 2.574054593e+01
2.484969940e+03 6.919449703e+00 2.722047118e+00 6.007459194e+00 9.209425893e-05 1.150069125e-02 9.992117052e+00 2.571526858e+01
2.525050100e+03 6.925211810e+00 2.756093619e+00 5.951045696e+00 9.152808280e-05 1.146326926e-02 9.992001801e+00 2.569008977e+01
2.565130261e+03 6.931023329e+00 2.789870474e+00 5.894961463e+00 9.097186364e-05 1.142637079e-02 9.991886929e+00 2.566500970e+01
2.605210421e+03 6.936880774e+00 2.823379441e+00 5.839208501e+00 9.042541053e-05 1.138998841e-02 9.991772430e+00 2.564002855e+01
2.645290581e+03 6.942780727e+00 2.856622268e+00 5.783788730e+00 8.988853692e-05 1.135411481e-02 9.991658298e+00 2.561514647e+01
2.685370741e+03 6.948719850e+00 2.889600686e+00 5.728703989e+00 8.936106022e-05 1.131874279e-02 9.991544530e+00 2.559036361e+01
2.725450902e+03 6.954694880e+00 2.922316413e+00 5.673956028e+00 8.884280254e-05 1.128386526e-02 9.991431119e+00 2.556568009e+01
2.765531062e+03 6.960702630e+00 2.954771151e+00 5.619546516e+00 8.833358981e-05 1.124947526e-02 9.991318061e+00 2.554109601e+01
2.805611222e+03 6.966739988e+00 2.986966589e+00 5.565477037e+00 8.783325208e-05 1.121556592e-02 9.991205351e+00 2.551661145e+01
2.845691383e+03 6.972803910e+00 3.018904407e+00 5.511749096e+00 8.734162234e-05 1.118213044e-02 9.991092983e+00 2.549222648e+01
2.885771543e+03 6.978891422e+00 3.050586272e+00 5.458364112e+00 8.685853734e-05 1.114916214e-02 9.990980954e+00 2.546794115e+01
2.925851703e+03 6.984999616e+00 3.082013846e+00 5.405323426e+00 8.638383685e-05 1.111665441e-02 9.990869258e+00 2.544375548e+01
2.965931864e+03 6.991125663e+00 3.113188773e+00 5.352628300e+00 8.591736492e-05 1.108460079e-02 9.990757890e+00 2.541966948e+01
3.006012024e+03 6.997266800e+00 3.144112687e+00 5.300279914e+00 8.545896867e-05 1.105299488e-02 9.990646847e+00 2.539568316e+01
3.046092184e+03 7.003420321e+00 3.174787222e+00 5.248279370e+00 8.500849825e-05 1.102183037e-02 9.990536123e+00 2.537179648e+01
3.086172345e+03 7.009583582e+00 3.205214003e+00 5.196627693e+00 8.456580666e-05 1.099110103e-02 9.990425714e+00 2.534800940e+01
3.126252505e+03 7.015754015e+00 3.235394644e+00 5.145325832e+00 8.413075055e-05 1.096080073e-02 9.990315616e+00 2.532432187e+01
3.166332665e+03 7.021929152e+00 3.265330723e+00 5.094374657e+00 8.370319207e-05 1.093092357e-02 9.990205825e+00 2.530073382e+01
3.206412826e+03 7.028106571e+00 3.295023825e+00 5.043774967e+00 8.328299495e-05 1.090146367e-02 9.990096335e+00 2.527724517e+01
3.246492986e+03 7.034283748e+00 3.324475634e+00 4.993527484e+00 8.287001413e-05 1.087241474e-02 9.989987143e+00 2.525385578e+01
3.286573146e+03 7.040458514e+00 3.353687635e+00 4.943632856e+00 8.246413113e-05 1.084377151e-02 9.989878245e+00 2.523056557e+01
3.326653307e+03 7.046628560e+00 3.382661441e+00 4.894091658e+00 8.206521092e-05 1.081552805e-02 9.989769636e+00 2.520737438e+01
3.366733467e+03 7.052791691e+00 3.411398621e+00 4.844904394e+00 8.167312838e-05 1.078767882e-02 9.989661313e+00 2.518428208e+01
3.406813627e+03 7.058945772e+00 3.439900738e+00 4.796071493e+00 8.128775987e-05 1.076021830e-02 9.989553272e+00 2.516128848e+01
3.446893788e+03 7.065088720e+00 3.468169353e+00 4.747593321e+00 8.090898438e-05 1.073314104e-02 9.989445508e+00 2.513839343e+01
3.486973948e+03 7.071218508e+00 3.496206020e+00 4.699470177e+00 8.053668347e-05 1.070644168e-02 9.989338018e+00 2.511559672e+01
3.527054108e+03 7.077333165e+00 3.524012289e+00 4.651702291e+00 8.017074115e-05 1.068011495e-02 9.989230797e+00 2.509289814e+01
3.567134269e+03 7.083430776e+00 3.551589706e+00 4.604289827e+00 7.981104379e-05 1.065415565e-02 9.989123843e+00 2.507029749e+01
3.607214429e+03 7.089509471e+00 3.578939813e+00 4.557232892e+00 7.945747996e-05 1.062855864e-02 9.989017151e+00 2.504779453e+01
3.647294589e+03 7.095567454e+00 3.606064144e+00 4.510531504e+00 7.910994134e-05 1.060331889e-02 9.988910718e+00 2.502538901e+01
3.687374749e+03 7.101602976e+00 3.632964230e+00 4.464185625e+00 7.876832145e-05 1.057843143e-02 9.988804540e+00 2.500308067e+01
3.727454910e+03 7.107614337e+00 3.659641600e+00 4.418195159e+00 7.843251580e-05 1.055389136e-02 9.988698613e+00 2.498086925e+01
3.767535070e+03 7.113599889e+00 3.686097776e+00 4.372559946e+00 7.810242185e-05 1.052969383e-02 9.988592935e+00 2.495875445e+01
3.807615230e+03 7.119558026e+00 3.712334278e+00 4.327279771e+00 7.777793887e-05 1.050583405e-02 9.988487501e+00 2.493673600e+01
3.847695391e+03 7.125487196e+00 3.738352626e+00 4.282354360e+00 7.745896856e-05 1.048230734e-02 9.988382309e+00 2.491481358e+01
3.887775551e+03 7.131385892e+00 3.764154333e+00 4.237783379e+00 7.714541462e-05 1.045910906e-02 9.988277354e+00 2.489298688e+01
3.927855711e+03 7.137252660e+00 3.789740907e+00 4.193566434e+00 7.683718303e-05 1.043623468e-02 9.988172634e+00 2.487125557e+01
3.967935872e+03 7.143086089e+00 3.815113855e+00 4.149703079e+00 7.653418135e-05 1.041367970e-02 9.988068144e+00 2.484961932e+01
4.008016032e+03 7.148884816e+00 3.840274679e+00 4.106192808e+00 7.623631925e-05 1.039143971e-02 9.987963883e+00 2.482807777e+01
4.048096192e+03 7.154647521e+00 3.865224882e+00 4.063035064e+00 7.594350779e-05 1.036951031e-02 9.987859847e+00 2.480663058e+01
4.088176353e+03 7.160372930e+00 3.889965958e+00 4.020229236e+00 7.565566004e-05 1.034788722e-02 9.987756032e+00 2.478527737e+01
4.128256513e+03 7.166059811e+00 3.914499403e+00 3.977774663e+00 7.537269068e-05 1.032656620e-02 9.987652436e+00 2.476401776e+01
4.168336673e+03 7.171706976e+00 3.938826707e+00 3.935670632e+00 7.509451616e-05 1.030554306e-02 9.987549056e+00 2.474285139e+01
4.208416834e+03 7.177313276e+00 3.962949356e+00 3.893916379e+00 7.482105458e-05 1.028481370e-02 9.987445888e+00 2.472177784e+01
4.248496994e+03 7.182877607e+00 3.986868836e+00 3.852511094e+00 7.455222569e-05 1.026437405e-02 9.987342929e+00 2.470079671e+01
4.288577154e+03 7.188398902e+00 4.010586629e+00 3.811453918e+00 7.428795079e-05 1.024422011e-02 9.987240177e+00 2.467990761e+01
4.328657315e+03 7.193876133e+00 4.034104213e+00 3.770743947e+00 7.402815277e-05 1.022434796e-02 9.987137629e+00 2.465911010e+01
4.368737475e+03 7.199308314e+00 4.057423063e+00 3.730380231e+00 7.377275604e-05 1.020475370e-02 9.987035282e+00 2.463840376e+01
4.408817635e+03 7.204694494e+00 4.080544650e+00 3.690361778e+00 7.352168643e-05 1.018543350e-02 9.986933133e+00 2.461778817e+01
4.448897796e+03 7.210033759e+00 4.103470446e+00 3.650687550e+00 7.327487116e-05 1.016638360e-02 9.986831179e+00 2.459726286e+01
4.488977956e+03 7.215325232e+00 4.126201918e+00 3.611356469e+00 7.303223886e-05 1.014760026e-02 9.986729417e+00 2.457682741e+01
4.529058116e+03 7.220568074e+00 4.148740525e+00 3.572367415e+00 7.279371986e-05 1.012907984e-02 9.986627846e+00 2.455648136e+01
4.569138277e+03 7.225761483e+00 4.171087724e+00 3.533719227e+00 7.255924569e-05 1.011081872e-02 9.986526462e+00 2.453622424e+01
4.609218437e+03 7.230904682e+00 4.193244980e+00 3.495410707e+00 7.232874875e-05 1.009281333e-02 9.986425262e+00 2.451605558e+01
4.649298597e+03 7.235996931e+00 4.215213749e+00 3.457440619e+00 7.210216295e-05 1.007506015e-02 9.986324245e+00 2.449597492e+01
4.689378758e+03 7.241037533e+00 4.236995469e+00 3.419807688e+00 7.187942420e-05 1.005755575e-02 9.986223407e+00 2.447598177e+01
4.729458918e+03 7.246025820e+00 4.258591582e+00 3.382510606e+00 7.166046938e-05 1.004029673e-02 9.986122746e+00 2.445607566e+01
4.769539078e+03 7.250961143e+00 4.280003542e+00 3.345548029e+00 7.144523563e-05 1.002327971e-02 9.986022259e+00 2.443625608e+01
4.809619238e+03 7.255842881e+00 4.301232803e+00 3.308918581e+00 7.123366116e-05 1.000650133e-02 9.985921945e+00 2.441652256e+01
4.849699399e+03 7.260670465e+00 4.322280787e+00 3.272620851e+00 7.102568682e-05 9.989958373e-03 9.985821800e+00 2.439687458e+01
4.889779559e+03 7.265443363e+00 4.343148898e+00 3.236653397e+00 7.082125510e-05 9.973647669e-03 9.985721822e+00 2.437731164e+01
4.929859719e+03 7.270161036e+00 4.363838592e+00 3.201014750e+00 7.062030724e-05 9.957565997e-03 9.985622010e+00 2.435783324e+01
4.969939880e+03 7.274822977e+00 4.384351312e+00 3.165703404e+00 7.042278595e-05 9.941710198e-03 9.985522359e+00 2.433843886e+01
5.010020040e+03 7.279428739e+00 4.404688451e+00 3.130717832e+00 7.022863692e-05 9.926077241e-03 9.985422870e+00 2.431912799e+01
5.050100200e+03 7.283977886e+00 4.424851424e+00 3.096056473e+00 7.003780579e-05 9.910664092e-03 9.985323538e+00 2.429990011e+01
5.090180361e+03 7.288469997e+00 4.444841656e+00 3.061717742e+00 6.985023819e-05 9.895467713e-03 9.985224362e+00 2.428075469e+01
5.130260521e+03 7.292904689e+00 4.464660552e+00 3.027700028e+00 6.966588168e-05 9.880485152e-03 9.985125340e+00 2.426169121e+01
5.170340681e+03 7.297281601e+00 4.484309515e+00 2.994001694e+00 6.948468530e-05 9.865713527e-03 9.985026470e+00 2.424270914e+01
5.210420842e+03 7.301600396e+00 4.503789945e+00 2.960621081e+00 6.930659853e-05 9.851149967e-03 9.984927749e+00 2.422380794e+01
5.250501002e+03 7.305860763e+00 4.523103236e+00 2.927556506e+00 6.913157178e-05 9.836791642e-03 9.984829175e+00 2.420498708e+01
5.290581162e+03 7.310062414e+00 4.542250781e+00 2.894806261e+00 6.895955654e-05 9.822635771e-03 9.984730747e+00 2.418624603e+01
5.330661323e+03 7.314205080e+00 4.561233964e+00 2.862368622e+00 6.879050488e-05 9.808679598e-03 9.984632461e+00 2.416758424e+01
5.370741483e+03 7.318288520e+00 4.580054169e+00 2.830241838e+00 6.862437000e-05 9.794920419e-03 9.984534317e+00 2.414900117e+01
5.410821643e+03 7.322312511e+00 4.598712770e+00 2.798424145e+00 6.846110581e-05 9.781355561e-03 9.984436312e+00 2.413049627e+01
5.450901804e+03 7.326276854e+00 4.617211139e+00 2.766913754e+00 6.830066713e-05 9.767982391e-03 9.984338444e+00 2.411206901e+01
5.490981964e+03 7.330181365e+00 4.635550645e+00 2.735708864e+00 6.814300945e-05 9.754798307e-03 9.984240712e+00 2.409371883e+01
5.531062124e+03 7.334025888e+00 4.653732649e+00 2.704807651e+00 6.798808922e-05 9.741800750e-03 9.984143113e+00 2.407544518e+01
5.571142285e+03 7.337810283e+00 4.671758506e+00 2.674208280e+00 6.783586383e-05 9.728987211e-03 9.984045645e+00 2.405724752e+01
5.611222445e+03 7.341534430e+00 4.689629565e+00 2.643908896e+00 6.768629132e-05 9.716355203e-03 9.983948307e+00 2.403912529e+01
5.651302605e+03 7.345198221e+00 4.707347180e+00 2.613907632e+00 6.753933007e-05 9.703902255e-03 9.983851097e+00 2.402107794e+01
5.691382766e+03 7.348801574e+00 4.724912689e+00 2.584202606e+00 6.739493962e-05 9.691625952e-03 9.983754013e+00 2.400310492e+01
5.731462926e+03 7.352344427e+00 4.742327421e+00 2.554791923e+00 6.725308069e-05 9.679523939e-03 9.983657053e+00 2.398520568e+01
5.771543086e+03 7.355826734e+00 4.759592704e+00 2.525673674e+00 6.711371436e-05 9.667593872e-03 9.983560216e+00 2.396737965e+01
5.811623246e+03 7.359248449e+00 4.776709874e+00 2.496845941e+00 6.697680121e-05 9.655833386e-03 9.983463499e+00 2.394962629e+01
5.851703407e+03 7.362609556e+00 4.793680252e+00 2.468306793e+00 6.684230342e-05 9.644240186e-03 9.983366902e+00 2.393194504e+01
5.891783567e+03 7.365910067e+00 4.810505133e+00 2.440054289e+00 6.671018527e-05 9.632812090e-03 9.983270422e+00 2.391433534e+01
5.931863727e+03 7.369150001e+00 4.827185821e+00 2.412086477e+00 6.658041076e-05 9.621546892e-03 9.983174057e+00 2.389679665e+01
5.971943888e+03 7.372329371e+00 4.843723632e+00 2.384401400e+00 6.645294252e-05 9.610442327e-03 9.983077807e+00 2.387932840e+01
6.012024048e+03 7.375448222e+00 4.860119864e+00 2.356997087e+00 6.632774520e-05 9.599496227e-03 9.982981669e+00 2.386193004e+01
6.052104208e+03 7.378506626e+00 4.876375786e+00 2.329871565e+00 6.620478601e-05 9.588706543e-03 9.982885642e+00 2.384460102e+01
6.092184369e+03 7.381504663e+00 4.892492672e+00 2.303022849e+00 6.608403153e-05 9.578071200e-03 9.982789724e+00 2.382734079e+01
6.132264529e+03 7.384442394e+00 4.908471825e+00 2.276448951e+00 6.596544626e-05 9.567588027e-03 9.982693913e+00 2.381014879e+01
6.172344689e+03 7.387319911e+00 4.924314521e+00 2.250147874e+00 6.584899672e-05 9.557254951e-03 9.982598209e+00 2.379302447e+01
6.212424850e+03 7.390137341e+00 4.940022004e+00 2.224117620e+00 6.573465271e-05 9.547070048e-03 9.982502610e+00 2.377596728e+01
6.252505010e+03 7.392894814e+00 4.955595522e+00 2.198356182e+00 6.562238350e-05 9.537031374e-03 9.982407114e+00 2.375897666e+01
6.292585170e+03 7.395592454e+00 4.971036334e+00 2.172861553e+00 6.551215696e-05 9.527136925e-03 9.982311719e+00 2.374205208e+01
6.332665331e+03 7.398230407e+00 4.986345686e+00 2.147631718e+00 6.540394220e-05 9.517384755e-03 9.982216425e+00 2.372519298e+01
6.372745491e+03 7.400808835e+00 5.001524806e+00 2.122664663e+00 6.529770982e-05 9.507772990e-03 9.982121229e+00 2.370839882e+01
6.412825651e+03 7.403327908e+00 5.016574919e+00 2.097958370e+00 6.519343066e-05 9.498299774e-03 9.982026131e+00 2.369166905e+01
6.452905812e+03 7.405787797e+00 5.031497256e+00 2.073510818e+00 6.509107493e-05 9.488963221e-03 9.981931129e+00 2.367500312e+01
6.492985972e+03 7.408188676e+00 5.046293049e+00 2.049319987e+00 6.499061313e-05 9.479761460e-03 9.981836222e+00 2.365840051e+01
6.533066132e+03 7.410530752e+00 5.060963492e+00 2.025383853e+00 6.489201824e-05 9.470692740e-03 9.981741407e+00 2.364186066e+01
6.573146293e+03 7.412814248e+00 5.075509771e+00 2.001700395e+00 6.479526425e-05 9.461755355e-03 9.981646685e+00 2.362538303e+01
6.613226453e+03 7.415039371e+00 5.089933086e+00 1.978267590e+00 6.470032341e-05 9.452947527e-03 9.981552053e+00 2.360896710e+01
6.653306613e+03 7.417206333e+00 5.104234639e+00 1.955083416e+00 6.460716779e-05 9.444267471e-03 9.981457511e+00 2.359261232e+01
6.693386774e+03 7.419315370e+00 5.118415607e+00 1.932145851e+00 6.451577161e-05 9.435713504e-03 9.981363056e+00 2.357631817e+01
6.733466934e+03 7.421366725e+00 5.132477157e+00 1.909452876e+00 6.442610965e-05 9.427283975e-03 9.981268689e+00 2.356008411e+01
6.773547094e+03 7.423360647e+00 5.146420456e+00 1.887002474e+00 6.433815649e-05 9.418977225e-03 9.981174406e+00 2.354390961e+01
6.813627255e+03 7.425297389e+00 5.160246662e+00 1.864792628e+00 6.425188738e-05 9.410791627e-03 9.981080208e+00 2.352779415e+01
6.853707415e+03 7.427177214e+00 5.173956925e+00 1.842821327e+00 6.416727785e-05 9.402725574e-03 9.980986093e+00 2.351173721e+01
6.893787575e+03 7.429000389e+00 5.187552390e+00 1.821086562e+00 6.408430370e-05 9.394777472e-03 9.980892060e+00 2.349573826e+01
6.933867735e+03 7.430767193e+00 5.201034191e+00 1.799586324e+00 6.400294147e-05 9.386945768e-03 9.980798108e+00 2.347979678e+01
6.973947896e+03 7.432477907e+00 5.214403459e+00 1.778318612e+00 6.392316783e-05 9.379228914e-03 9.980704235e+00 2.346391225e+01
7.014028056e+03 7.434132817e+00 5.227661312e+00 1.757281429e+00 6.384495981e-05 9.371625388e-03 9.980610440e+00 2.344808417e+01
7.054108216e+03 7.435732221e+00 5.240808867e+00 1.736472776e+00 6.376829499e-05 9.364133691e-03 9.980516722e+00 2.343231202e+01
7.094188377e+03 7.437276415e+00 5.253847227e+00 1.715890670e+00 6.369315121e-05 9.356752344e-03 9.980423081e+00 2.341659529e+01
7.134268537e+03 7.438765704e+00 5.266777491e+00 1.695533124e+00 6.361950670e-05 9.349479888e-03 9.980329514e+00 2.340093347e+01
7.174348697e+03 7.440200401e+00 5.279600750e+00 1.675398159e+00 6.354734012e-05 9.342314888e-03 9.980236021e+00 2.338532607e+01
7.214428858e+03 7.441580818e+00 5.292318087e+00 1.655483805e+00 6.347663032e-05 9.335255920e-03 9.980142601e+00 2.336977257e+01
7.254509018e+03 7.442907274e+00 5.304930577e+00 1.635788096e+00 6.340735661e-05 9.328301587e-03 9.980049253e+00 2.335427249e+01
7.294589178e+03 7.444180096e+00 5.317439287e+00 1.616309068e+00 6.333949868e-05 9.321450511e-03 9.979955975e+00 2.333882532e+01
7.334669339e+03 7.445399607e+00 5.329845278e+00 1.597044774e+00 6.327303634e-05 9.314701325e-03 9.979862767e+00 2.332343057e+01
7.374749499e+03 7.446566142e+00 5.342149601e+00 1.577993265e+00 6.320794994e-05 9.308052691e-03 9.979769628e+00 2.330808776e+01
7.414829659e+03 7.447680037e+00 5.354353301e+00 1.559152601e+00 6.314422010e-05 9.301503284e-03 9.979676556e+00 2.329279640e+01
7.454909820e+03 7.448741628e+00 5.366457414e+00 1.540520855e+00 6.308182762e-05 9.295051795e-03 9.979583550e+00 2.327755600e+01
7.494989980e+03 7.449751260e+00 5.378462971e+00 1.522096101e+00 6.302075377e-05 9.288696938e-03 9.979490610e+00 2.326236608e+01
7.535070140e+03 7.450709280e+00 5.390370990e+00 1.503876422e+00 6.296098007e-05 9.282437443e-03 9.979397735e+00 2.324722617e+01
7.575150301e+03 7.451616032e+00 5.402182486e+00 1.485859915e+00 6.290248824e-05 9.276272054e-03 9.979304923e+00 2.323213580e+01
7.615230461e+03 7.452471871e+00 5.413898465e+00 1.468044679e+00 6.284526044e-05 9.270199536e-03 9.979212174e+00 2.321709448e+01
7.655310621e+03 7.453277151e+00 5.425519924e+00 1.450428823e+00 6.278927905e-05 9.264218672e-03 9.979119487e+00 2.320210175e+01
7.695390782e+03 7.454032227e+00 5.437047852e+00 1.433010469e+00 6.273452664e-05 9.258328254e-03 9.979026860e+00 2.318715716e+01
7.735470942e+03 7.454737459e+00 5.448483233e+00 1.415787743e+00 6.268098621e-05 9.252527099e-03 9.978934294e+00 2.317226023e+01
7.775551102e+03 7.455393208e+00 5.459827040e+00 1.398758782e+00 6.262864095e-05 9.246814037e-03 9.978841786e+00 2.315741050e+01
7.815631263e+03 7.455999835e+00 5.471080239e+00 1.381921734e+00 6.257747426e-05 9.241187911e-03 9.978749337e+00 2.314260753e+01
7.855711423e+03 7.456557708e+00 5.482243790e+00 1.365274755e+00 6.252746991e-05 9.235647584e-03 9.978656945e+00 2.312785086e+01
7.895791583e+03 7.457067193e+00 5.493318644e+00 1.348816010e+00 6.247861188e-05 9.230191933e-03 9.978564609e+00 2.311314004e+01
7.935871743e+03 7.457528657e+00 5.504305743e+00 1.332543675e+00 6.243088440e-05 9.224819850e-03 9.978472329e+00 2.309847463e+01
7.975951904e+03 7.457942470e+00 5.515206023e+00 1.316455937e+00 6.238427193e-05 9.219530242e-03 9.978380104e+00 2.308385418e+01
8.016032064e+03 7.458309001e+00 5.526020412e+00 1.300550993e+00 6.233875916e-05 9.214322031e-03 9.978287932e+00 2.306927826e+01
8.056112224e+03 7.458628624e+00 5.536749829e+00 1.284827050e+00 6.229433106e-05 9.209194154e-03 9.978195813e+00 2.305474642e+01
8.096192385e+03 7.458901711e+00 5.547395187e+00 1.269282324e+00 6.225097282e-05 9.204145560e-03 9.978103747e+00 2.304025825e+01
8.136272545e+03 7.459128633e+00 5.557957389e+00 1.253915045e+00 6.220866980e-05 9.199175214e-03 9.978011732e+00 2.302581330e+01
8.176352705e+03 7.459309766e+00 5.568437332e+00 1.238723454e+00 6.216740762e-05 9.194282093e-03 9.977919768e+00 2.301141116e+01
8.216432866e+03 7.459445484e+00 5.578835906e+00 1.223705798e+00 6.212717220e-05 9.189465193e-03 9.977827854e+00 2.299705139e+01
8.256513026e+03 7.459536163e+00 5.589153992e+00 1.208860338e+00 6.208794956e-05 9.184723519e-03 9.977735989e+00 2.298273359e+01
8.296593186e+03 7.459582177e+00 5.599392464e+00 1.194185349e+00 6.204972599e-05 9.180056090e-03 9.977644172e+00 2.296845734e+01
8.336673347e+03 7.459583904e+00 5.609552187e+00 1.179679111e+00 6.201248800e-05 9.175461941e-03 9.977552403e+00 2.295422222e+01
8.376753507e+03 7.459541718e+00 5.619634020e+00 1.165339920e+00 6.197622231e-05 9.170940117e-03 9.977460680e+00 2.294002783e+01
8.416833667e+03 7.459455998e+00 5.629638812e+00 1.151166081e+00 6.194091583e-05 9.166489679e-03 9.977369004e+00 2.292587376e+01
8.456913828e+03 7.459327118e+00 5.639567407e+00 1.137155911e+00 6.190655568e-05 9.162109697e-03 9.977277373e+00 2.291175961e+01
8.496993988e+03 7.459155455e+00 5.649420642e+00 1.123307739e+00 6.187312911e-05 9.157799254e-03 9.977185787e+00 2.289768498e+01
8.537074148e+03 7.458941385e+00 5.659199346e+00 1.109619905e+00 6.184062362e-05 9.153557447e-03 9.977094245e+00 2.288364948e+01
8.577154309e+03 7.458685282e+00 5.668904339e+00 1.096090761e+00 6.180902689e-05 9.149383382e-03 9.977002746e+00 2.286965272e+01
8.617234469e+03 7.458387523e+00 5.678536432e+00 1.082718670e+00 6.177832684e-05 9.145276186e-03 9.976911290e+00 2.285569430e+01
8.657314629e+03 7.458048482e+00 5.688096431e+00 1.069502009e+00 6.174851151e-05 9.141234989e-03 9.976819876e+00 2.284177384e+01
8.697394790e+03 7.457668533e+00 5.697585134e+00 1.056439164e+00 6.171956911e-05 9.137258934e-03 9.976728504e+00 2.282789095e+01
8.737474950e+03 7.457248049e+00 5.707003332e+00 1.043528535e+00 6.169148805e-05 9.133347178e-03 9.976637172e+00 2.281404527e+01
8.777555110e+03 7.456787403e+00 5.716351810e+00 1.030768532e+00 6.166425687e-05 9.129498885e-03 9.976545879e+00 2.280023642e+01
8.817635271e+03 7.456286966e+00 5.725631343e+00 1.018157579e+00 6.163786432e-05 9.125713231e-03 9.976454627e+00 2.278646402e+01
8.857715431e+03 7.455747109e+00 5.734842702e+00 1.005694112e+00 6.161229929e-05 9.121989405e-03 9.976363413e+00 2.277272771e+01
8.897795591e+03 7.455168202e+00 5.743986647e+00 9.933765767e-01 6.158755082e-05 9.118326604e-03 9.976272237e+00 2.275902712e+01
8.937875752e+03 7.454550614e+00 5.753063933e+00 9.812034324e-01 6.156360823e-05 9.114724044e-03 9.976181099e+00 2.274536189e+01
8.977955912e+03 7.453894713e+00 5.762075306e+00 9.691731501e-01 6.154046093e-05 9.111180945e-03 9.976089997e+00 2.273173166e+01
9.018036072e+03 7.453200865e+00 5.771021507e+00 9.572842136e-01 6.151809846e-05 9.107696540e-03 9.975998932e+00 2.271813607e+01
9.058116232e+03 7.452469436e+00 5.779903268e+00 9.455351183e-01 6.149651056e-05 9.104270071e-03 9.975907903e+00 2.270457479e+01
9.098196393e+03 7.451700790e+00 5.788721315e+00 9.339243713e-01 6.147568707e-05 9.100900788e-03 9.975816908e+00 2.269104745e+01
9.138276553e+03 7.450895290e+00 5.797476368e+00 9.224504916e-01 6.145561799e-05 9.097587951e-03 9.975725949e+00 2.267755371e+01
9.178356713e+03 7.450053297e+00 5.806169137e+00 9.111120111e-01 6.143629349e-05 9.094330833e-03 9.975635023e+00 2.266409323e+01
9.218436874e+03 7.449175171e+00 5.814800329e+00 8.999074738e-01 6.141770388e-05 9.091128715e-03 9.975544131e+00 2.265066567e+01
9.258517034e+03 7.448261272e+00 5.823370641e+00 8.888354350e-01 6.139983960e-05 9.087980889e-03 9.975453271e+00 2.263727070e+01
9.298597194e+03 7.447311956e+00 5.831880763e+00 8.778944622e-01 6.138269122e-05 9.084886653e-03 9.975362444e+00 2.262390798e+01
9.338677355e+03 7.446327578e+00 5.840331380e+00 8.670831357e-01 6.136624946e-05 9.081845317e-03 9.975271649e+00 2.261057718e+01
9.378757515e+03 7.445308494e+00 5.848723170e+00 8.564000475e-01 6.135050516e-05 9.078856199e-03 9.975180885e+00 2.259727799e+01
9.418837675e+03 7.444255054e+00 5.857056802e+00 8.458438015e-01 6.133544932e-05 9.075918626e-03 9.975090151e+00 2.258401007e+01
9.458917836e+03 7.443167610e+00 5.865332942e+00 8.354130132e-01 6.132107307e-05 9.073031937e-03 9.974999448e+00 2.257077311e+01
9.498997996e+03 7.442046510e+00 5.873552245e+00 8.251063112e-01 6.130736764e-05 9.070195477e-03 9.974908775e+00 2.255756678e+01
9.539078156e+03 7.440892102e+00 5.881715362e+00 8.149223355e-01 6.129432441e-05 9.067408600e-03 9.974818131e+00 2.254439079e+01
9.579158317e+03 7.439704730e+00 5.889822938e+00 8.048597381e-01 6.128193486e-05 9.064670668e-03 9.974727515e+00 2.253124481e+01
9.619238477e+03 7.438484740e+00 5.897875610e+00 7.949171818e-01 6.127019065e-05 9.061981052e-03 9.974636928e+00 2.251812854e+01
9.659318637e+03 7.437232471e+00 5.905874009e+00 7.850933431e-01 6.125908349e-05 9.059339133e-03 9.974546368e+00 2.250504168e+01
9.699398798e+03 7.435948264e+00 5.913818758e+00 7.753869101e-01 6.124860526e-05 9.056744297e-03 9.974455836e+00 2.249198392e+01
9.739478958e+03 7.434632456e+00 5.921710476e+00 7.657965824e-01 6.123874792e-05 9.054195940e-03 9.974365330e+00 2.247895497e+01
9.779559118e+03 7.433285383e+00 5.929549775e+00 7.563210719e-01 6.122950356e-05 9.051693467e-03 9.974274851e+00 2.246595453e+01
9.819639279e+03 7.431907379e+00 5.937337260e+00 7.469590995e-01 6.122086438e-05 9.049236288e-03 9.974184397e+00 2.245298231e+01
9.859719439e+03 7.430498776e+00 5.945073528e+00 7.377094010e-01 6.121282270e-05 9.046823825e-03 9.974093969e+00 2.244003802e+01
9.899799599e+03 7.429059904e+00 5.952759174e+00 7.285707233e-01 6.120537092e-05 9.044455502e-03 9.974003566e+00 2.242712138e+01
9.939879760e+03 7.427591090e+00 5.960394784e+00 7.195418248e-01 6.119850158e-05 9.042130756e-03 9.973913188e+00 2.241423210e+01
9.979959920e+03 7.426092660e+00 5.967980937e+00 7.106214756e-01 6.119220729e-05 9.039849028e-03 9.973822833e+00 2.240136990e+01
1.002004008e+04 7.424564937e+00 5.975518208e+00 7.018084558e-01 6.118648082e-05 9.037609767e-03 9.973732502e+00 2.238853451e+01
1.006012024e+04 7.423008244e+00 5.983007167e+00 6.931015576e-01 6.118131504e-05 9.035412430e-03 9.973642194e+00 2.237572565e+01
1.010020040e+04 7.421422899e+00 5.990448374e+00 6.844995859e-01 6.117670287e-05 9.033256480e-03 9.973551909e+00 2.236294304e+01
1.014028056e+04 7.419809219e+00 5.997842387e+00 6.760013565e-01 6.117263735e-05 9.031141388e-03 9.973461647e+00 2.235018643e+01
1.018036072e+04 7.418167520e+00 6.005189756e+00 6.676056964e-01 6.116911162e-05 9.029066631e-03 9.973371406e+00 2.233745555e+01
1.022044088e+04 7.416498114e+00 6.012491025e+00 6.593114436e-01 6.116611892e-05 9.027031695e-03 9.973281187e+00 2.232475013e+01
1.026052104e+04 7.414801313e+00 6.019746728e+00 6.511174462e-01 6.116365262e-05 9.025036076e-03 9.973190989e+00 2.231206991e+01
1.030060120e+04 7.413077425e+00 6.026957401e+00 6.430225656e-01 6.116170613e-05 9.023079270e-03 9.973100812e+00 2.229941463e+01
1.034068136e+04 7.411326757e+00 6.034123569e+00 6.350256733e-01 6.116027296e-05 9.021160783e-03 9.973010655e+00 2.228678405e+01
1.038076152e+04 7.409549612e+00 6.041245753e+00 6.271256522e-01 6.115934675e-05 9.019280128e-03 9.972920518e+00 2.227417789e+01
1.042084168e+04 7.407746292e+00 6.048324466e+00 6.193213961e-01 6.115892118e-05 9.017436823e-03 9.972830401e+00 2.226159593e+01
1.046092184e+04 7.405917097e+00 6.055360233e+00 6.116118083e-01 6.115898982e-05 9.015630370e-03 9.972740303e+00 2.224903791e+01
1.050100200e+04 7.404062324e+00 6.062353553e+00 6.039958047e-01 6.115954659e-05 9.013860308e-03 9.972650223e+00 2.223650359e+01
1.054108216e+04 7.402182269e+00 6.069304927e+00 5.964723117e-01 6.116058538e-05 9.012126166e-03 9.972560163e+00 2.222399274e+01
1.058116232e+04 7.400277223e+00 6.076214853e+00 5.890402663e-01 6.116210016e-05 9.010427483e-03 9.972470120e+00 2.221150511e+01
1.062124248e+04 7.398347477e+00 6.083083821e+00 5.816986161e-01 6.116408496e-05 9.008763798e-03 9.972380095e+00 2.219904048e+01
1.066132265e+04 7.396393323e+00 6.089912251e+00 5.744463193e-01 6.116653670e-05 9.007134846e-03 9.972290087e+00 2.218659855e+01
1.070140281e+04 7.394415047e+00 6.096700658e+00 5.672823441e-01 6.116944688e-05 9.005540005e-03 9.972200097e+00 2.217417914e+01
1.074148297e+04 7.392412928e+00 6.103449562e+00 5.602056696e-01 6.117280861e-05 9.003978775e-03 9.972110123e+00 2.216178204e+01
1.078156313e+04 7.390387251e+00 6.110159387e+00 5.532152853e-01 6.117661866e-05 9.002450868e-03 9.972020166e+00 2.214940700e+01
1.082164329e+04 7.388338294e+00 6.116830606e+00 5.463101911e-01 6.118087066e-05 9.000955801e-03 9.971930225e+00 2.213705381e+01
1.086172345e+04 7.386266335e+00 6.123463669e+00 5.394893970e-01 6.118555969e-05 8.999493187e-03 9.971840299e+00 2.212472223e+01
1.090180361e+04 7.384171650e+00 6.130059030e+00 5.327519233e-01 6.119068023e-05 8.998062602e-03 9.971750389e+00 2.211241205e+01
1.094188377e+04 7.382054510e+00 6.136617136e+00 5.260968003e-01 6.119622688e-05 8.996663633e-03 9.971660494e+00 2.210012306e+01
1.098196393e+04 7.379915185e+00 6.143138428e+00 5.195230685e-01 6.120219451e-05 8.995295882e-03 9.971570613e+00 2.208785504e+01
1.102204409e+04 7.377753944e+00 6.149623341e+00 5.130297782e-01 6.120857801e-05 8.993958955e-03 9.971480748e+00 2.207560778e+01
1.106212425e+04 7.375571053e+00 6.156072308e+00 5.066159896e-01 6.121537238e-05 8.992652463e-03 9.971390896e+00 2.206338107e+01
1.110220441e+04 7.373366775e+00 6.162485755e+00 5.002807730e-01 6.122257260e-05 8.991376018e-03 9.971301058e+00 2.205117471e+01
1.114228457e+04 7.371141372e+00 6.168864104e+00 4.940232081e-01 6.123017375e-05 8.990129239e-03 9.971211233e+00 2.203898849e+01
1.118236473e+04 7.368895102e+00 6.175207771e+00 4.878423845e-01 6.123817097e-05 8.988911752e-03 9.971121422e+00 2.202682220e+01
1.122244489e+04 7.366628223e+00 6.181517171e+00 4.817374010e-01 6.124655951e-05 8.987723184e-03 9.971031624e+00 2.201467565e+01
1.126252505e+04 7.364340988e+00 6.187792709e+00 4.757073664e-01 6.125533464e-05 8.986563171e-03 9.970941838e+00 2.200254865e+01
1.130260521e+04 7.362033651e+00 6.194034789e+00 4.697513992e-01 6.126449170e-05 8.985431351e-03 9.970852065e+00 2.199044099e+01
1.134268537e+04 7.359706461e+00 6.200243809e+00 4.638686260e-01 6.127402612e-05 8.984327367e-03 9.970762304e+00 2.197835248e+01
1.138276553e+04 7.357359667e+00 6.206420164e+00 4.580581845e-01 6.128393337e-05 8.983250869e-03 9.970672554e+00 2.196628294e+01
1.142284569e+04 7.354993513e+00 6.212564241e+00 4.523192206e-01 6.129420899e-05 8.982201508e-03 9.970582816e+00 2.195423217e+01
1.146292585e+04 7.352608244e+00 6.218676427e+00 4.466508890e-01 6.130484857e-05 8.981178943e-03 9.970493089e+00 2.194219999e+01
1.150300601e+04 7.350204101e+00 6.224757101e+00 4.410523548e-01 6.131584776e-05 8.980182835e-03 9.970403374e+00 2.193018621e+01
1.154308617e+04 7.347781323e+00 6.230806640e+00 4.355227909e-01 6.132720229e-05 8.979212849e-03 9.970313669e+00 2.191819065e+01
1.158316633e+04 7.345340146e+00 6.236825415e+00 4.300613794e-01 6.133890792e-05 8.978268657e-03 9.970223974e+00 2.190621314e+01
1.162324649e+04 7.342880806e+00 6.242813793e+00 4.246673120e-01 6.135096048e-05 8.977349934e-03 9.970134290e+00 2.189425348e+01
1.166332665e+04 7.340403535e+00 6.248772138e+00 4.193397879e-01 6.136335584e-05 8.976456358e-03 9.970044615e+00 2.188231151e+01
1.170340681e+04 7.337908564e+00 6.254700808e+00 4.140780160e-01 6.137608996e-05 8.975587612e-03 9.969954950e+00 2.187038706e+01
1.174348697e+04 7.335396120e+00 6.260600158e+00 4.088812141e-01 6.138915883e-05 8.974743384e-03 9.969865295e+00 2.185847995e+01
1.178356713e+04 7.332866430e+00 6.266470540e+00 4.037486067e-01 6.140255848e-05 8.973923365e-03 9.969775649e+00 2.184659000e+01
1.182364729e+04 7.330319719e+00 6.272312299e+00 3.986794290e-01 6.141628502e-05 8.973127250e-03 9.969686011e+00 2.183471706e+01
1.186372745e+04 7.327756207e+00 6.278125777e+00 3.936729241e-01 6.143033461e-05 8.972354739e-03 9.969596383e+00 2.182286096e+01
1.190380762e+04 7.325176114e+00 6.283911314e+00 3.887283432e-01 6.144470345e-05 8.971605535e-03 9.969506763e+00 2.181102153e+01
1.194388778e+04 7.322579659e+00 6.289669243e+00 3.838449452e-01 6.145938779e-05 8.970879345e-03 9.969417151e+00 2.179919861e+01
1.198396794e+04 7.319967057e+00 6.295399896e+00 3.790219979e-01 6.147438394e-05 8.970175879e-03 9.969327547e+00 2.178739204e+01
1.202404810e+04 7.317338521e+00 6.301103598e+00 3.742587767e-01 6.148968825e-05 8.969494853e-03 9.969237951e+00 2.177560167e+01
1.206412826e+04 7.314694263e+00 6.306780673e+00 3.695545658e-01 6.150529711e-05 8.968835984e-03 9.969148362e+00 2.176382733e+01
1.210420842e+04 7.312034492e+00 6.312431440e+00 3.649086567e-01 6.152120699e-05 8.968198995e-03 9.969058781e+00 2.175206887e+01
1.214428858e+04 7.309359416e+00 6.318056214e+00 3.603203486e-01 6.153741437e-05 8.967583611e-03 9.968969206e+00 2.174032613e+01
1.218436874e+04 7.306669240e+00 6.323655308e+00 3.557889484e-01 6.155391578e-05 8.966989560e-03 9.968879639e+00 2.172859898e+01
1.222444890e+04 7.303964168e+00 6.329229028e+00 3.513137724e-01 6.157070784e-05 8.966416576e-03 9.968790078e+00 2.171688725e+01
1.226452906e+04 7.301244399e+00 6.334777678e+00 3.468941428e-01 6.158778717e-05 8.965864395e-03 9.968700524e+00 2.170519080e+01
1.230460922e+04 7.298510135e+00 6.340301560e+00 3.425293899e-01 6.160515045e-05 8.965332755e-03 9.968610976e+00 2.169350948e+01
1.234468938e+04 7.295761572e+00 6.345800970e+00 3.382188518e-01 6.162279438e-05 8.964821400e-03 9.968521434e+00 2.168184316e+01
1.238476954e+04 7.292998907e+00 6.351276203e+00 3.339618743e-01 6.164071574e-05 8.964330074e-03 9.968431898e+00 2.167019168e+01
1.242484970e+04 7.290222332e+00 6.356727551e+00 3.297578101e-01 6.165891131e-05 8.963858527e-03 9.968342368e+00 2.165855491e+01
1.246492986e+04 7.287432040e+00 6.362155301e+00 3.256060197e-01 6.167737795e-05 8.963406511e-03 9.968252843e+00 2.164693271e+01
1.250501002e+04 7.284628219e+00 6.367559730e+00 3.215058704e-01 6.169611257e-05 8.962973784e-03 9.968163323e+00 2.163532494e+01
1.254509018e+04 7.281811056e+00 6.372941118e+00 3.174567370e-01 6.171511215e-05 8.962560109e-03 9.968073808e+00 2.162373146e+01
1.258517034e+04 7.278980735e+00 6.378299737e+00 3.134580016e-01 6.173437367e-05 8.962165249e-03 9.967984298e+00 2.161215213e+01
1.262525050e+04 7.276137441e+00 6.383635859e+00 3.095090530e-01 6.175389416e-05 8.961788972e-03 9.967894793e+00 2.160058682e+01
1.266533066e+04 7.273281360e+00 6.388949770e+00 3.056092870e-01 6.177367053e-05 8.961431030e-03 9.967805292e+00 2.158903542e+01
1.270541082e+04 7.270412672e+00 6.394241739e+00 3.017581064e-01 6.179369985e-05 8.961091191e-03 9.967715796e+00 2.157749780e+01
1.274549098e+04 7.267531560e+00 6.399512039e+00 2.979549209e-01 6.181397913e-05 8.960769220e-03 9.967626304e+00 2.156597384e+01
1.278557114e+04 7.264638187e+00 6.404760889e+00 2.941991467e-01 6.183450597e-05 8.960464940e-03 9.967536815e+00 2.155446336e+01
1.282565130e+04 7.261732734e+00 6.409988567e+00 2.904902070e-01 6.185527728e-05 8.960178102e-03 9.967447331e+00 2.154296628e+01
1.286573146e+04 7.258815374e+00 6.415195327e+00 2.868275317e-01 6.187629042e-05 8.959908493e-03 9.967357850e+00 2.153148246e+01
1.290581162e+04 7.255886278e+00 6.420381419e+00 2.832105576e-01 6.189754261e-05 8.959655899e-03 9.967268372e+00 2.152001178e+01
1.294589178e+04 7.252945615e+00 6.425547093e+00 2.796387275e-01 6.191903114e-05 8.959420106e-03 9.967178898e+00 2.150855413e+01
1.298597194e+04 7.249993552e+00 6.430692592e+00 2.761114905e-01 6.194075336e-05 8.959200905e-03 9.967089426e+00 2.149710938e+01
1.302605210e+04 7.247030256e+00 6.435818160e+00 2.726283020e-01 6.196270668e-05 8.958998091e-03 9.966999958e+00 2.148567742e+01
1.306613226e+04 7.244055891e+00 6.440924034e+00 2.691886244e-01 6.198488850e-05 8.958811459e-03 9.966910492e+00 2.147425812e+01
1.310621242e+04 7.241070619e+00 6.446010453e+00 2.657919230e-01 6.200729625e-05 8.958640809e-03 9.966821029e+00 2.146285139e+01
1.314629259e+04 7.238074600e+00 6.451077648e+00 2.624376733e-01 6.202992742e-05 8.958485941e-03 9.966731568e+00 2.145145709e+01
1.318637275e+04 7.235067994e+00 6.456125851e+00 2.591253565e-01 6.205277952e-05 8.958346661e-03 9.966642110e+00 2.144007513e+01
1.322645291e+04 7.232050958e+00 6.461155288e+00 2.558544600e-01 6.207585011e-05 8.958222775e-03 9.966552653e+00 2.142870539e+01
1.326653307e+04 7.229023646e+00 6.466166184e+00 2.526244765e-01 6.209913676e-05 8.958114092e-03 9.966463199e+00 2.141734775e+01
1.330661323e+04 7.225986212e+00 6.471158761e+00 2.494349051e-01 6.212263710e-05 8.958020425e-03 9.966373746e+00 2.140600212e+01
1.334669339e+04 7.222938810e+00 6.476133238e+00 2.462852497e-01 6.214634875e-05 8.957941586e-03 9.966284295e+00 2.139466839e+01
1.338677355e+04 7.219881589e+00 6.481089833e+00 2.431750205e-01 6.217026939e-05 8.957877393e-03 9.966194846e+00 2.138334645e+01
1.342685371e+04 7.216814698e+00 6.486028759e+00 2.401037334e-01 6.219439671e-05 8.957827664e-03 9.966105398e+00 2.137203619e+01
1.346693387e+04 7.213738285e+00 6.490950228e+00 2.370709098e-01 6.221872845e-05 8.957792219e-03 9.966015951e+00 2.136073752e+01
1.350701403e+04 7.210652496e+00 6.495854449e+00 2.340760768e-01 6.224326236e-05 8.957770884e-03 9.965926505e+00 2.134945034e+01
1.354709419e+04 7.207557474e+00 6.500741628e+00 2.311187672e-01 6.226799624e-05 8.957763482e-03 9.965837060e+00 2.133817453e+01
1.358717435e+04 7.204453363e+00 6.505611968e+00 2.281985197e-01 6.229292791e-05 8.957769843e-03 9.965747616e+00 2.132691001e+01
1.362725451e+04 7.201340303e+00 6.510465672e+00 2.253148774e-01 6.231805520e-05 8.957789795e-03 9.965658172e+00 2.131565668e+01
1.366733467e+04 7.198218434e+00 6.515302938e+00 2.224673902e-01 6.234337599e-05 8.957823172e-03 9.965568729e+00 2.130441443e+01
1.370741483e+04 7.195087895e+00 6.520123962e+00 2.196556126e-01 6.236888820e-05 8.957869808e-03 9.965479286e+00 2.129318318e+01
1.374749499e+04 7.191948820e+00 6.524928938e+00 2.168791039e-01 6.239458973e-05 8.957929539e-03 9.965389844e+00 2.128196283e+01
1.378757515e+04 7.188801347e+00 6.529718057e+00 2.141374300e-01 6.242047856e-05 8.958002205e-03 9.965300402e+00 2.127075328e+01
1.382765531e+04 7.185645607e+00 6.534491510e+00 2.114301606e-01 6.244655265e-05 8.958087645e-03 9.965210959e+00 2.125955445e+01
1.386773547e+04 7.182481734e+00 6.539249482e+00 2.087568709e-01 6.247281002e-05 8.958185703e-03 9.965121517e+00 2.124836624e+01
1.390781563e+04 7.179309857e+00 6.543992159e+00 2.061171418e-01 6.249924870e-05 8.958296224e-03 9.965032074e+00 2.123718856e+01
1.394789579e+04 7.176130106e+00 6.548719722e+00 2.035105570e-01 6.252586674e-05 8.958419053e-03 9.964942631e+00 2.122602133e+01
1.398797595e+04 7.172942609e+00 6.553432352e+00 2.009367080e-01 6.255266223e-05 8.958554040e-03 9.964853187e+00 2.121486446e+01
1.402805611e+04 7.169747492e+00 6.558130227e+00 1.983951902e-01 6.257963328e-05 8.958701036e-03 9.964763743e+00 2.120371786e+01
1.406813627e+04 7.166544880e+00 6.562813521e+00 1.958856041e-01 6.260677803e-05 8.958859893e-03 9.964674297e+00 2.119258144e+01
1.410821643e+04 7.163334896e+00 6.567482409e+00 1.934075545e-01 6.263409463e-05 8.959030467e-03 9.964584851e+00 2.118145513e+01
1.414829659e+04 7.160117663e+00 6.572137061e+00 1.909606503e-01 6.266158125e-05 8.959212613e-03 9.964495404e+00 2.117033883e+01
1.418837675e+04 7.156893301e+00 6.576777647e+00 1.885445063e-01 6.268923611e-05 8.959406189e-03 9.964405956e+00 2.115923247e+01
1.422845691e+04 7.153661930e+00 6.581404334e+00 1.861587410e-01 6.271705743e-05 8.959611056e-03 9.964316507e+00 2.114813596e+01
1.426853707e+04 7.150423667e+00 6.586017286e+00 1.838029777e-01 6.274504345e-05 8.959827075e-03 9.964227056e+00 2.113704923e+01
1.430861723e+04 7.147178631e+00 6.590616667e+00 1.814768451e-01 6.277319246e-05 8.960054110e-03 9.964137603e+00 2.112597219e+01
1.434869739e+04 7.143926935e+00 6.595202638e+00 1.791799756e-01 6.280150274e-05 8.960292027e-03 9.964048150e+00 2.111490477e+01
1.438877756e+04 7.140668694e+00 6.599775357e+00 1.769120052e-01 6.282997261e-05 8.960540692e-03 9.963958694e+00 2.110384689e+01
1.442885772e+04 7.137404022e+00 6.604334982e+00 1.746725747e-01 6.285860039e-05 8.960799974e-03 9.963869237e+00 2.109279847e+01
1.446893788e+04 7.134133031e+00 6.608881668e+00 1.724613289e-01 6.288738445e-05 8.961069743e-03 9.963779778e+00 2.108175943e+01
1.450901804e+04 7.130855829e+00 6.613415568e+00 1.702779200e-01 6.291632318e-05 8.961349872e-03 9.963690316e+00 2.107072971e+01
1.454909820e+04 7.127572526e+00 6.617936833e+00 1.681220006e-01 6.294541497e-05 8.961640234e-03 9.963600853e+00 2.105970923e+01
1.458917836e+04 7.124283231e+00 6.622445612e+00 1.659932286e-01 6.297465824e-05 8.961940705e-03 9.963511387e+00 2.104869791e+01
1.462925852e+04 7.120988049e+00 6.626942053e+00 1.638912660e-01 6.300405142e-05 8.962251161e-03 9.963421920e+00 2.103769569e+01
1.466933868e+04 7.117687088e+00 6.631426302e+00 1.618157793e-01 6.303359298e-05 8.962571481e-03 9.963332449e+00 2.102670249e+01
1.470941884e+04 7.114380449e+00 6.635898502e+00 1.597664398e-01 6.306328140e-05 8.962901545e-03 9.963242977e+00 2.101571825e+01
1.474949900e+04 7.111068237e+00 6.640358795e+00 1.577429213e-01 6.309311518e-05 8.963241235e-03 9.963153501e+00 2.100474288e+01
1.478957916e+04 7.107750554e+00 6.644807322e+00 1.557449025e-01 6.312309284e-05 8.963590434e-03 9.963064023e+00 2.099377634e+01
1.482965932e+04 7.104427500e+00 6.649244220e+00 1.537720656e-01 6.315321292e-05 8.963949027e-03 9.962974542e+00 2.098281854e+01
1.486973948e+04 7.101099174e+00 6.653669627e+00 1.518240967e-01 6.318347398e-05 8.964316899e-03 9.962885058e+00 2.097186943e+01
1.490981964e+04 7.097765675e+00 6.658083678e+00 1.499006859e-01 6.321387458e-05 8.964693939e-03 9.962795572e+00 2.096092893e+01
1.494989980e+04 7.094427101e+00 6.662486505e+00 1.480015271e-01 6.324441332e-05 8.965080035e-03 9.962706082e+00 2.094999698e+01
1.498997996e+04 7.091083546e+00 6.666878242e+00 1.461263178e-01 6.327508882e-05 8.965475078e-03 9.962616589e+00 2.093907351e+01
1.503006012e+04 7.087735108e+00 6.671259016e+00 1.442747593e-01 6.330589970e-05 8.965878960e-03 9.962527092e+00 2.092815848e+01
1.507014028e+04 7.084381878e+00 6.675628958e+00 1.424465560e-01 6.333684461e-05 8.966291574e-03 9.962437593e+00 2.091725180e+01
1.511022044e+04 7.081023951e+00 6.679988193e+00 1.406414166e-01 6.336792221e-05 8.966712814e-03 9.962348090e+00 2.090635342e+01
1.515030060e+04 7.077661417e+00 6.684336847e+00 1.388590530e-01 6.339913118e-05 8.967142577e-03 9.962258583e+00 2.089546328e+01
1.519038076e+04 7.074294368e+00 6.688675044e+00 1.370991808e-01 6.343047022e-05 8.967580760e-03 9.962169073e+00 2.088458131e+01
1.523046092e+04 7.070922893e+00 6.693002905e+00 1.353615189e-01 6.346193804e-05 8.968027260e-03 9.962079559e+00 2.087370747e+01
1.527054108e+04 7.067547082e+00 6.697320551e+00 1.336457896e-01 6.349353337e-05 8.968481979e-03 9.961990041e+00 2.086284168e+01
1.531062124e+04 7.064167020e+00 6.701628102e+00 1.319517189e-01 6.352525497e-05 8.968944818e-03 9.961900520e+00 2.085198389e+01
1.535070140e+04 7.060782795e+00 6.705925674e+00 1.302790360e-01 6.355710158e-05 8.969415678e-03 9.961810994e+00 2.084113405e+01
1.539078156e+04 7.057394493e+00 6.710213383e+00 1.286274732e-01 6.358907200e-05 8.969894464e-03 9.961721465e+00 2.083029209e+01
1.543086172e+04 7.054002198e+00 6.714491345e+00 1.269967662e-01 6.362116501e-05 8.970381081e-03 9.961631931e+00 2.081945797e+01
1.547094188e+04 7.050605993e+00 6.718759673e+00 1.253866537e-01 6.365337942e-05 8.970875434e-03 9.961542393e+00 2.080863162e+01
1.551102204e+04 7.047205962e+00 6.723018478e+00 1.237968778e-01 6.368571406e-05 8.971377431e-03 9.961452851e+00 2.079781299e+01
1.555110220e+04 7.043802185e+00 6.727267871e+00 1.222271836e-01 6.371816776e-05 8.971886980e-03 9.961363305e+00 2.078700203e+01
1.559118236e+04 7.040394743e+00 6.731507960e+00 1.206773210e-01 6.375073938e-05 8.972403991e-03 9.961273754e+00 2.077619868e+01
1.563126253e+04 7.036983717e+00 6.735738853e+00 1.191470405e-01 6.378342779e-05 8.972928376e-03 9.961184199e+00 2.076540290e+01
1.567134269e+04 7.033569184e+00 6.739960657e+00 1.176360968e-01 6.381623188e-05 8.973460045e-03 9.961094639e+00 2.075461462e+01
1.571142285e+04 7.030151224e+00 6.744173476e+00 1.161442472e-01 6.384915053e-05 8.973998913e-03 9.961005075e+00 2.074383380e+01
1.575150301e+04 7.026729911e+00 6.748377415e+00 1.146712523e-01 6.388218265e-05 8.974544893e-03 9.960915505e+00 2.073306039e+01
1.579158317e+04 7.023305324e+00 6.752572574e+00 1.132168754e-01 6.391532718e-05 8.975097900e-03 9.960825931e+00 2.072229434e+01
1.583166333e+04 7.019877536e+00 6.756759056e+00 1.117808839e-01 6.394858306e-05 8.975657851e-03 9.960736353e+00 2.071153560e+01
1.587174349e+04 7.016446621e+00 6.760936960e+00 1.103630469e-01 6.398194923e-05 8.976224665e-03 9.960646769e+00 2.070078411e+01
1.591182365e+04 7.013012654e+00 6.765106384e+00 1.089631364e-01 6.401542466e-05 8.976798258e-03 9.960557180e+00 2.069003984e+01
1.595190381e+04 7.009575707e+00 6.769267425e+00 1.075809272e-01 6.404900833e-05 8.977378551e-03 9.960467587e+00 2.067930273e+01
1.599198397e+04 7.006135851e+00 6.773420181e+00 1.062161971e-01 6.408269922e-05 8.977965464e-03 9.960377988e+00 2.066857273e+01
1.603206413e+04 7.002693157e+00 6.777564745e+00 1.048687266e-01 6.411649636e-05 8.978558918e-03 9.960288384e+00 2.065784981e+01
1.607214429e+04 6.999247695e+00 6.781701211e+00 1.035382989e-01 6.415039874e-05 8.979158837e-03 9.960198774e+00 2.064713391e+01
1.611222445e+04 6.995799533e+00 6.785829671e+00 1.022247005e-01 6.418440541e-05 8.979765145e-03 9.960109160e+00 2.063642499e+01
1.615230461e+04 6.992348741e+00 6.789950217e+00 1.009277197e-01 6.421851540e-05 8.980377765e-03 9.960019540e+00 2.062572301e+01
1.619238477e+04 6.988895385e+00 6.794062938e+00 9.964714740e-02 6.425272777e-05 8.980996624e-03 9.959929915e+00 2.061502791e+01
1.623246493e+04 6.985439533e+00 6.798167924e+00 9.838277750e-02 6.428704159e-05 8.981621648e-03 9.959840284e+00 2.060433967e+01
1.627254509e+04 6.981981249e+00 6.802265263e+00 9.713440621e-02 6.432145592e-05 8.982252763e-03 9.959750647e+00 2.059365822e+01
1.631262525e+04 6.978520600e+00 6.806355042e+00 9.590183230e-02 6.435596987e-05 8.982889900e-03 9.959661005e+00 2.058298354e+01
1.635270541e+04 6.975057649e+00 6.810437345e+00 9.468485775e-02 6.439058254e-05 8.983532986e-03 9.959571357e+00 2.057231558e+01
1.639278557e+04 6.971592459e+00 6.814512257e+00 9.348328595e-02 6.442529303e-05 8.984181953e-03 9.959481704e+00 2.056165429e+01
1.643286573e+04 6.968125094e+00 6.818579862e+00 9.229692310e-02 6.446010048e-05 8.984836731e-03 9.959392044e+00 2.055099964e+01
1.647294589e+04 6.964655615e+00 6.822640243e+00 9.112557780e-02 6.449500401e-05 8.985497253e-03 9.959302379e+00 2.054035159e+01
1.651302605e+04 6.961184084e+00 6.826693481e+00 8.996906097e-02 6.453000278e-05 8.986163451e-03 9.959212708e+00 2.052971010e+01
1.655310621e+04 6.957710560e+00 6.830739655e+00 8.882718589e-02 6.456509594e-05 8.986835258e-03 9.959123031e+00 2.051907512e+01
1.659318637e+04 6.954235105e+00 6.834778847e+00 8.769976862e-02 6.460028266e-05 8.987512611e-03 9.959033348e+00 2.050844662e+01
1.663326653e+04 6.950757776e+00 6.838811133e+00 8.658662719e-02 6.463556211e-05 8.988195443e-03 9.958943658e+00 2.049782456e+01
1.667334669e+04 6.947278632e+00 6.842836591e+00 8.548758158e-02 6.467093350e-05 8.988883691e-03 9.958853963e+00 2.048720890e+01
1.671342685e+04 6.943797730e+00 6.846855298e+00 8.440245420e-02 6.470639601e-05 8.989577293e-03 9.958764262e+00 2.047659961e+01
1.675350701e+04 6.940315128e+00 6.850867328e+00 8.333106963e-02 6.474194886e-05 8.990276186e-03 9.958674554e+00 2.046599665e+01
1.679358717e+04 6.936830882e+00 6.854872758e+00 8.227325462e-02 6.477759126e-05 8.990980309e-03 9.958584840e+00 2.045539997e+01
1.683366733e+04 6.933345047e+00 6.858871660e+00 8.122883827e-02 6.481332245e-05 8.991689600e-03 9.958495119e+00 2.044480955e+01
1.687374749e+04 6.929857678e+00 6.862864105e+00 8.019765232e-02 6.484914167e-05 8.992404002e-03 9.958405392e+00 2.043422535e+01
1.691382766e+04 6.926368828e+00 6.866850168e+00 7.917952952e-02 6.488504816e-05 8.993123454e-03 9.958315659e+00 2.042364733e+01
1.695390782e+04 6.922878553e+00 6.870829917e+00 7.817430516e-02 6.492104119e-05 8.993847898e-03 9.958225919e+00 2.041307546e+01
1.699398798e+04 6.919386904e+00 6.874803424e+00 7.718181654e-02 6.495712002e-05 8.994577277e-03 9.958136172e+00 2.040250971e+01
1.703406814e+04 6.915893933e+00 6.878770756e+00 7.620190297e-02 6.499328392e-05 8.995311534e-03 9.958046419e+00 2.039195003e+01
1.707414830e+04 6.912399693e+00 6.882731983e+00 7.523440573e-02 6.502953220e-05 8.996050612e-03 9.957956660e+00 2.038139641e+01
1.711422846e+04 6.908904234e+00 6.886687171e+00 7.427916891e-02 6.506586414e-05 8.996794457e-03 9.957866893e+00 2.037084879e+01
1.715430862e+04 6.905407606e+00 6.890636387e+00 7.333603751e-02 6.510227905e-05 8.997543015e-03 9.957777120e+00 2.036030716e+01
1.719438878e+04 6.901909859e+00 6.894579696e+00 7.240485868e-02 6.513877624e-05 8.998296230e-03 9.957687340e+00 2.034977148e+01
1.723446894e+04 6.898411043e+00 6.898517164e+00 7.148548157e-02 6.517535503e-05 8.999054051e-03 9.957597553e+00 2.033924171e+01
1.727454910e+04 6.894911205e+00 6.902448853e+00 7.057775716e-02 6.521201476e-05 8.999816424e-03 9.957507760e+00 2.032871783e+01
1.731462926e+04 6.891410393e+00 6.906374828e+00 6.968153830e-02 6.524875477e-05 9.000583297e-03 9.957417959e+00 2.031819981e+01
1.735470942e+04 6.887908656e+00 6.910295151e+00 6.879667999e-02 6.528557441e-05 9.001354620e-03 9.957328151e+00 2.030768761e+01
1.739478958e+04 6.884406038e+00 6.914209882e+00 6.792303901e-02 6.532247302e-05 9.002130341e-03 9.957238337e+00 2.029718120e+01
1.743486974e+04 6.880902587e+00 6.918119084e+00 6.706047347e-02 6.535944999e-05 9.002910412e-03 9.957148515e+00 2.028668055e+01
1.747494990e+04 6.877398348e+00 6.922022815e+00 6.620884347e-02 6.539650468e-05 9.003694782e-03 9.957058686e+00 2.027618564e+01
1.751503006e+04 6.873893366e+00 6.925921136e+00 6.536801086e-02 6.543363646e-05 9.004483404e-03 9.956968850e+00 2.026569644e+01
1.755511022e+04 6.870387686e+00 6.929814104e+00 6.453783918e-02 6.547084474e-05 9.005276228e-03 9.956879007e+00 2.025521291e+01
1.759519038e+04 6.866881350e+00 6.933701778e+00 6.371819376e-02 6.550812891e-05 9.006073209e-03 9.956789156e+00 2.024473502e+01
1.763527054e+04 6.863374404e+00 6.937584215e+00 6.290894212e-02 6.554548837e-05 9.006874298e-03 9.956699298e+00 2.023426276e+01
1.767535070e+04 6.859866888e+00 6.941461470e+00 6.210995259e-02 6.558292254e-05 9.007679451e-03 9.956609433e+00 2.022379608e+01
1.771543086e+04 6.856358846e+00 6.945333599e+00 6.132109546e-02 6.562043083e-05 9.008488621e-03 9.956519561e+00 2.021333497e+01
1.775551102e+04 6.852850320e+00 6.949200658e+00 6.054224263e-02 6.565801268e-05 9.009301763e-03 9.956429681e+00 2.020287940e+01
1.779559118e+04 6.849341350e+00 6.953062700e+00 5.977326761e-02 6.569566752e-05 9.010118834e-03 9.956339794e+00 2.019242934e+01
1.783567134e+04 6.845831977e+00 6.956919780e+00 5.901404543e-02 6.573339479e-05 9.010939788e-03 9.956249899e+00 2.018198476e+01
1.787575150e+04 6.842322241e+00 6.960771949e+00 5.826445325e-02 6.577119394e-05 9.011764584e-03 9.956159997e+00 2.017154564e+01
1.791583166e+04 6.838812183e+00 6.964619260e+00 5.752436919e-02 6.580906442e-05 9.012593178e-03 9.956070087e+00 2.016111194e+01
1.795591182e+04 6.835301840e+00 6.968461765e+00 5.679367291e-02 6.584700571e-05 9.013425528e-03 9.955980169e+00 2.015068366e+01
1.799599198e+04 6.831791252e+00 6.972299515e+00 5.607224565e-02 6.588501727e-05 9.014261593e-03 9.955890244e+00 2.014026075e+01
1.803607214e+04 6.828280457e+00 6.976132559e+00 5.535997014e-02 6.592309858e-05 9.015101332e-03 9.955800311e+00 2.012984321e+01
1.807615230e+04 6.824769493e+00 6.979960948e+00 5.465673055e-02 6.596124912e-05 9.015944703e-03 9.955710371e+00 2.011943099e+01
1.811623246e+04 6.821258397e+00 6.983784730e+00 5.396241273e-02 6.599946838e-05 9.016791667e-03 9.955620422e+00 2.010902408e+01
1.815631263e+04 6.817747205e+00 6.987603954e+00 5.327690412e-02 6.603775587e-05 9.017642185e-03 9.955530466e+00 2.009862245e+01
1.819639279e+04 6.814235955e+00 6.991418667e+00 5.260009298e-02 6.607611108e-05 9.018496217e-03 9.955440502e+00 2.008822608e+01
1.823647295e+04 6.810724681e+00 6.995228917e+00 5.193186925e-02 6.611453353e-05 9.019353726e-03 9.955350531e+00 2.007783495e+01
1.827655311e+04 6.807213419e+00 6.999034750e+00 5.127212422e-02 6.615302272e-05 9.020214672e-03 9.955260551e+00 2.006744903e+01
1.831663327e+04 6.803702204e+00 7.002836212e+00 5.062075053e-02 6.619157820e-05 9.021079019e-03 9.955170563e+00 2.005706830e+01
1.835671343e+04 6.800191071e+00 7.006633349e+00 4.997764218e-02 6.623019948e-05 9.021946730e-03 9.955080568e+00 2.004669273e+01
1.839679359e+04 6.796680054e+00 7.010426205e+00 4.934269510e-02 6.626888610e-05 9.022817768e-03 9.954990564e+00 2.003632232e+01
1.843687375e+04 6.793169185e+00 7.014214825e+00 4.871580564e-02 6.630763760e-05 9.023692097e-03 9.954900553e+00 2.002595702e+01
1.847695391e+04 6.789658499e+00 7.017999252e+00 4.809687177e-02 6.634645353e-05 9.024569682e-03 9.954810533e+00 2.001559683e+01
1.851703407e+04 6.786148028e+00 7.021779530e+00 4.748579276e-02 6.638533345e-05 9.025450486e-03 9.954720505e+00 2.000524171e+01
1.855711423e+04 6.782637805e+00 7.025555701e+00 4.688246910e-02 6.642427690e-05 9.026334477e-03 9.954630470e+00 1.999489166e+01
1.859719439e+04 6.779127861e+00 7.029327808e+00 4.628680254e-02 6.646328346e-05 9.027221619e-03 9.954540426e+00 1.998454664e+01
1.863727455e+04 6.775618228e+00 7.033095891e+00 4.569869638e-02 6.650235270e-05 9.028111878e-03 9.954450373e+00 1.997420664e+01
1.867735471e+04 6.772108937e+00 7.036859992e+00 4.511805493e-02 6.654148419e-05 9.029005223e-03 9.954360313e+00 1.996387164e+01
1.871743487e+04 6.768600019e+00 7.040620152e+00 4.454478348e-02 6.658067752e-05 9.029901618e-03 9.954270244e+00 1.995354161e+01
1.875751503e+04 6.765091503e+00 7.044376410e+00 4.397878869e-02 6.661993228e-05 9.030801033e-03 9.954180167e+00 1.994321654e+01
1.879759519e+04 6.761583421e+00 7.048128805e+00 4.341997833e-02 6.665924804e-05 9.031703434e-03 9.954090082e+00 1.993289641e+01
1.883767535e+04 6.758075802e+00 7.051877378e+00 4.286826136e-02 6.669862442e-05 9.032608791e-03 9.953999989e+00 1.992258119e+01
1.887775551e+04 6.754568674e+00 7.055622167e+00 4.232354801e-02 6.673806102e-05 9.033517072e-03 9.953909887e+00 1.991227087e+01
1.891783567e+04 6.751062066e+00 7.059363208e+00 4.178574994e-02 6.677755745e-05 9.034428247e-03 9.953819776e+00 1.990196543e+01
1.895791583e+04 6.747556008e+00 7.063100541e+00 4.125477922e-02 6.681711331e-05 9.035342284e-03 9.953729657e+00 1.989166485e+01
1.899799599e+04 6.744050526e+00 7.066834202e+00 4.073054932e-02 6.685672823e-05 9.036259154e-03 9.953639530e+00 1.988136911e+01
1.903807615e+04 6.740545649e+00 7.070564228e+00 4.021297480e-02 6.689640184e-05 9.037178828e-03 9.953549394e+00 1.987107820e+01
1.907815631e+04 6.737041404e+00 7.074290655e+00 3.970197125e-02 6.693613375e-05 9.038101275e-03 9.953459250e+00 1.986079209e+01
1.911823647e+04 6.733537817e+00 7.078013518e+00 3.919745535e-02 6.697592361e-05 9.039026468e-03 9.953369097e+00 1.985051077e+01
1.915831663e+04 6.730034917e+00 7.081732854e+00 3.869934478e-02 6.701577106e-05 9.039954377e-03 9.953278936e+00 1.984023422e+01
1.919839679e+04 6.726532728e+00 7.085448696e+00 3.820755917e-02 6.705567573e-05 9.040884975e-03 9.953188766e+00 1.982996242e+01
1.923847695e+04 6.723031276e+00 7.089161080e+00 3.772201783e-02 6.709563728e-05 9.041818234e-03 9.953098588e+00 1.981969535e+01
1.927855711e+04 6.719530588e+00 7.092870039e+00 3.724264156e-02 6.713565535e-05 9.042754126e-03 9.953008400e+00 1.980943300e+01
1.931863727e+04 6.716030689e+00 7.096575606e+00 3.676935218e-02 6.717572962e-05 9.043692624e-03 9.952918204e+00 1.979917536e+01
1.935871743e+04 6.712531603e+00 7.100277816e+00 3.630207248e-02 6.721585973e-05 9.044633703e-03 9.952828000e+00 1.978892240e+01
1.939879760e+04 6.709033355e+00 7.103976700e+00 3.584072618e-02 6.725604535e-05 9.045577334e-03 9.952737787e+00 1.977867410e+01
1.943887776e+04 6.705535969e+00 7.107672291e+00 3.538523797e-02 6.729628616e-05 9.046523493e-03 9.952647564e+00 1.976843046e+01
1.947895792e+04 6.702039470e+00 7.111364621e+00 3.493553413e-02 6.733658184e-05 9.047472154e-03 9.952557334e+00 1.975819146e+01
1.951903808e+04 6.698543880e+00 7.115053722e+00 3.449154123e-02 6.737693205e-05 9.048423292e-03 9.952467094e+00 1.974795707e+01
1.955911824e+04 6.695049224e+00 7.118739624e+00 3.405318665e-02 6.741733649e-05 9.049376881e-03 9.952376845e+00 1.973772729e+01
1.959919840e+04 6.691555524e+00 7.122422358e+00 3.362039884e-02 6.745779485e-05 9.050332897e-03 9.952286588e+00 1.972750210e+01
1.963927856e+04 6.688062803e+00 7.126101955e+00 3.319310718e-02 6.749830680e-05 9.051291315e-03 9.952196322e+00 1.971728148e+01
1.967935872e+04 6.684571083e+00 7.129778444e+00 3.277124190e-02 6.753887207e-05 9.052252112e-03 9.952106047e+00 1.970706542e+01
1.971943888e+04 6.681080387e+00 7.133451856e+00 3.235473410e-02 6.757949033e-05 9.053215264e-03 9.952015763e+00 1.969685390e+01
1.975951904e+04 6.677590736e+00 7.137122219e+00 3.194351607e-02 6.762016130e-05 9.054180747e-03 9.951925470e+00 1.968664692e+01
1.979959920e+04 6.674102151e+00 7.140789562e+00 3.153752102e-02 6.766088470e-05 9.055148539e-03 9.951835168e+00 1.967644444e+01
1.983967936e+04 6.670614655e+00 7.144453915e+00 3.113668238e-02 6.770166022e-05 9.056118616e-03 9.951744857e+00 1.966624647e+01
1.987975952e+04 6.667128268e+00 7.148115304e+00 3.074093472e-02 6.774248759e-05 9.057090957e-03 9.951654537e+00 1.965605298e+01
1.991983968e+04 6.663643010e+00 7.151773757e+00 3.035021342e-02 6.778336653e-05 9.058065539e-03 9.951564208e+00 1.964586396e+01
1.995991984e+04 6.660158903e+00 7.155429304e+00 2.996445468e-02 6.782429676e-05 9.059042340e-03 9.951473870e+00 1.963567940e+01
2.000000000e+04 6.656675966e+00 7.159081969e+00 2.958359548e-02 6.786527802e-05 9.060021339e-03 9.951383523e+00 1.962549929e+01
