time            Cj              shCj           
0.000000000e+00 4.000000000e+00 4.000000000e+00
2.004008016e+00 3.550793015e+00 3.550793015e+00
4.008016032e+00 3.195478123e+00 3.195478123e+00
6.012024048e+00 2.912655789e+00 2.912655789e+00
8.016032064e+00 2.686223937e+00 2.686223937e+00
1.002004008e+01 2.503922824e+00 2.503922824e+00
1.202404810e+01 2.356328458e+00 2.356328458e+00
1.402805611e+01 2.236140150e+00 2.236140150e+00
1.603206413e+01 2.137666349e+00 2.137666349e+00
1.803607214e+01 2.056447161e+00 2.056447161e+00
2.004008016e+01 1.988973232e+00 1.988973232e+00
2.204408818e+01 1.932473753e+00 1.932473753e+00
2.404809619e+01 1.884754930e+00 1.884754930e+00
2.605210421e+01 1.844075829e+00 1.844075829e+00
2.805611222e+01 1.809052273e+00 1.809052273e+00
3.006012024e+01 1.778581972e+00 1.778581972e+00
3.206412826e+01 1.751785927e+00 1.751785927e+00
3.406813627e+01 1.727962363e+00 1.727962363e+00
3.607214429e+01 1.706550422e+00 1.706550422e+00
3.807615230e+01 1.687101416e+00 1.687101416e+00
4.008016032e+01 1.669256088e+00 1.669256088e+00
4.208416834e+01 1.652726521e+00 1.652726521e+00
4.408817635e+01 1.637281762e+00 1.637281762e+00
4.609218437e+01 1.622736377e+00 1.622736377e+00
4.809619238e+01 1.608941326e+00 1.608941326e+00
5.010020040e+01 1.595776684e+00 1.595776684e+00
5.210420842e+01 1.583145827e+00 1.583145827e+00
5.410821643e+01 1.570970792e+00 1.570970792e+00
5.611222445e+01 1.559188565e+00 1.559188565e+00
5.811623246e+01 1.547748113e+00 1.547748113e+00
6.012024048e+01 1.536608009e+00 1.536608009e+00
6.212424850e+01 1.525734537e+00 1.525734537e+00
6.412825651e+01 1.515100171e+00 1.515100171e+00
6.613226453e+01 1.504682350e+00 1.504682350e+00
6.813627255e+01 1.494462509e+00 1.494462509e+00
7.014028056e+01 1.484425300e+00 1.484425300e+00
7.214428858e+01 1.474557956e+00 1.474557956e+00
7.414829659e+01 1.464849800e+00 1.464849800e+00
7.615230461e+01 1.455291837e+00 1.455291837e+00
7.815631263e+01 1.445876430e+00 1.445876430e+00
8.016032064e+01 1.436597043e+00 1.436597043e+00
8.216432866e+01 1.427448039e+00 1.427448039e+00
8.416833667e+01 1.418424496e+00 1.418424496e+00
8.617234469e+01 1.409522089e+00 1.409522089e+00
8.817635271e+01 1.400736977e+00 1.400736977e+00
9.018036072e+01 1.392065717e+00 1.392065717e+00
9.218436874e+01 1.383505191e+00 1.383505191e+00
9.418837675e+01 1.375052553e+00 1.375052553e+00
9.619238477e+01 1.366705183e+00 1.366705183e+00
9.819639279e+01 1.358460644e+00 1.358460644e+00
1.002004008e+02 1.350316667e+00 1.350316667e+00
1.022044088e+02 1.342271113e+00 1.342271113e+00
1.042084168e+02 1.334321960e+00 1.334321960e+00
1.062124248e+02 1.326467287e+00 1.326467287e+00
1.082164329e+02 1.318705256e+00 1.318705256e+00
1.102204409e+02 1.311034110e+00 1.311034110e+00
1.122244489e+02 1.303452158e+00 1.303452158e+00
1.142284569e+02 1.295957769e+00 1.295957769e+00
1.162324649e+02 1.288549368e+00 1.288549368e+00
1.182364729e+02 1.281225426e+00 1.281225426e+00
1.202404810e+02 1.273984467e+00 1.273984467e+00
1.222444890e+02 1.266825054e+00 1.266825054e+00
1.242484970e+02 1.259745788e+00 1.259745788e+00
1.262525050e+02 1.252745309e+00 1.252745309e+00
1.282565130e+02 1.245822289e+00 1.245822289e+00
1.302605210e+02 1.238975434e+00 1.238975434e+00
1.322645291e+02 1.232203483e+00 1.232203483e+00
1.342685371e+02 1.225505204e+00 1.225505204e+00
1.362725451e+02 1.218879394e+00 1.218879394e+00
1.382765531e+02 1.212324877e+00 1.212324877e+00
1.402805611e+02 1.205840503e+00 1.205840503e+00
1.422845691e+02 1.199425148e+00 1.199425148e+00
1.442885772e+02 1.193077713e+00 1.193077713e+00
1.462925852e+02 1.186797123e+00 1.186797123e+00
1.482965932e+02 1.180582324e+00 1.180582324e+00
1.503006012e+02 1.174432287e+00 1.174432287e+00
1.523046092e+02 1.168346004e+00 1.168346004e+00
1.543086172e+02 1.162322486e+00 1.162322486e+00
1.563126253e+02 1.156360765e+00 1.156360765e+00
1.583166333e+02 1.150459896e+00 1.150459896e+00
1.603206413e+02 1.144618954e+00 1.144618954e+00
1.623246493e+02 1.138837027e+00 1.138837027e+00
1.643286573e+02 1.133113224e+00 1.133113224e+00
1.663326653e+02 1.127446676e+00 1.127446676e+00
1.683366733e+02 1.121836527e+00 1.121836527e+00
1.703406814e+02 1.116281936e+00 1.116281936e+00
1.723446894e+02 1.110782084e+00 1.110782084e+00
1.743486974e+02 1.105336166e+00 1.105336166e+00
1.763527054e+02 1.099943391e+00 1.099943391e+00
1.783567134e+02 1.094602984e+00 1.094602984e+00
1.803607214e+02 1.089314189e+00 1.089314189e+00
1.823647295e+02 1.084076259e+00 1.084076259e+00
1.843687375e+02 1.078888463e+00 1.078888463e+00
1.863727455e+02 1.073750086e+00 1.073750086e+00
1.883767535e+02 1.068660427e+00 1.068660427e+00
1.903807615e+02 1.063618793e+00 1.063618793e+00
1.923847695e+02 1.058624509e+00 1.058624509e+00
1.943887776e+02 1.053676910e+00 1.053676910e+00
1.963927856e+02 1.048775346e+00 1.048775346e+00
1.983967936e+02 1.043919178e+00 1.043919178e+00
2.004008016e+02 1.039107779e+00 1.039107779e+00
2.024048096e+02 1.034340531e+00 1.034340531e+00
2.044088176e+02 1.029616828e+00 1.029616828e+00
2.064128257e+02 1.024936074e+00 1.024936074e+00
2.084168337e+02 1.020297686e+00 1.020297686e+00
2.104208417e+02 1.015701095e+00 1.015701095e+00
2.124248497e+02 1.011145737e+00 1.011145737e+00
2.144288577e+02 1.006631060e+00 1.006631060e+00
2.164328657e+02 1.002156522e+00 1.002156522e+00
2.184368737e+02 9.977215895e-01 9.977215895e-01
2.204408818e+02 9.933257398e-01 9.933257398e-01
2.224448898e+02 9.889684584e-01 9.889684584e-01
2.244488978e+02 9.846492395e-01 9.846492395e-01
2.264529058e+02 9.803675866e-01 9.803675866e-01
2.284569138e+02 9.761230116e-01 9.761230116e-01
2.304609218e+02 9.719150347e-01 9.719150347e-01
2.324649299e+02 9.677431839e-01 9.677431839e-01
2.344689379e+02 9.636069922e-01 9.636069922e-01
2.364729459e+02 9.595060126e-01 9.595060126e-01
2.384769539e+02 9.554397912e-01 9.554397912e-01
2.404809619e+02 9.514078891e-01 9.514078891e-01
2.424849699e+02 9.474098741e-01 9.474098741e-01
2.444889780e+02 9.434453212e-01 9.434453212e-01
2.464929860e+02 9.395138125e-01 9.395138125e-01
2.484969940e+02 9.356149375e-01 9.356149375e-01
2.505010020e+02 9.317482924e-01 9.317482924e-01
2.525050100e+02 9.279134783e-01 9.279134783e-01
2.545090180e+02 9.241101024e-01 9.241101024e-01
2.565130261e+02 9.203377790e-01 9.203377790e-01
2.585170341e+02 9.165961292e-01 9.165961292e-01
2.605210421e+02 9.128847804e-01 9.128847804e-01
2.625250501e+02 9.092033665e-01 9.092033665e-01
2.645290581e+02 9.055515267e-01 9.055515267e-01
2.665330661e+02 9.019289067e-01 9.019289067e-01
2.685370741e+02 8.983351583e-01 8.983351583e-01
2.705410822e+02 8.947699368e-01 8.947699368e-01
2.725450902e+02 8.912329036e-01 8.912329036e-01
2.745490982e+02 8.877237257e-01 8.877237257e-01
2.765531062e+02 8.842420748e-01 8.842420748e-01
2.785571142e+02 8.807876282e-01 8.807876282e-01
2.805611222e+02 8.773600684e-01 8.773600684e-01
2.825651303e+02 8.739590827e-01 8.739590827e-01
2.845691383e+02 8.705843640e-01 8.705843640e-01
2.865731463e+02 8.672356091e-01 8.672356091e-01
2.885771543e+02 8.639125191e-01 8.639125191e-01
2.905811623e+02 8.606148004e-01 8.606148004e-01
2.925851703e+02 8.573421631e-01 8.573421631e-01
2.945891784e+02 8.540943221e-01 8.540943221e-01
2.965931864e+02 8.508709967e-01 8.508709967e-01
2.985971944e+02 8.476719104e-01 8.476719104e-01
3.006012024e+02 8.444967909e-01 8.444967909e-01
3.026052104e+02 8.413453698e-01 8.413453698e-01
3.046092184e+02 8.382173824e-01 8.382173824e-01
3.066132265e+02 8.351125687e-01 8.351125687e-01
3.086172345e+02 8.320306728e-01 8.320306728e-01
3.106212425e+02 8.289714414e-01 8.289714414e-01
3.126252505e+02 8.259346247e-01 8.259346247e-01
3.146292585e+02 8.229199776e-01 8.229199776e-01
3.166332665e+02 8.199272586e-01 8.199272586e-01
3.186372745e+02 8.169562289e-01 8.169562289e-01
3.206412826e+02 8.140066532e-01 8.140066532e-01
3.226452906e+02 8.110783003e-01 8.110783003e-01
3.246492986e+02 8.081709424e-01 8.081709424e-01
3.266533066e+02 8.052843541e-01 8.052843541e-01
3.286573146e+02 8.024183135e-01 8.024183135e-01
3.306613226e+02 7.995726023e-01 7.995726023e-01
3.326653307e+02 7.967470056e-01 7.967470056e-01
3.346693387e+02 7.939413101e-01 7.939413101e-01
3.366733467e+02 7.911553062e-01 7.911553062e-01
3.386773547e+02 7.883887875e-01 7.883887875e-01
3.406813627e+02 7.856415506e-01 7.856415506e-01
3.426853707e+02 7.829133935e-01 7.829133935e-01
3.446893788e+02 7.802041180e-01 7.802041180e-01
3.466933868e+02 7.775135289e-01 7.775135289e-01
3.486973948e+02 7.748414340e-01 7.748414340e-01
3.507014028e+02 7.721876439e-01 7.721876439e-01
3.527054108e+02 7.695519717e-01 7.695519717e-01
3.547094188e+02 7.669342308e-01 7.669342308e-01
3.567134269e+02 7.643342387e-01 7.643342387e-01
3.587174349e+02 7.617518160e-01 7.617518160e-01
3.607214429e+02 7.591867857e-01 7.591867857e-01
3.627254509e+02 7.566389735e-01 7.566389735e-01
3.647294589e+02 7.541082064e-01 7.541082064e-01
3.667334669e+02 7.515943127e-01 7.515943127e-01
3.687374749e+02 7.490971244e-01 7.490971244e-01
3.707414830e+02 7.466164758e-01 7.466164758e-01
3.727454910e+02 7.441522039e-01 7.441522039e-01
3.747494990e+02 7.417041478e-01 7.417041478e-01
3.767535070e+02 7.392721467e-01 7.392721467e-01
3.787575150e+02 7.368560425e-01 7.368560425e-01
3.807615230e+02 7.344556799e-01 7.344556799e-01
3.827655311e+02 7.320709057e-01 7.320709057e-01
3.847695391e+02 7.297015690e-01 7.297015690e-01
3.867735471e+02 7.273475214e-01 7.273475214e-01
3.887775551e+02 7.250086120e-01 7.250086120e-01
3.907815631e+02 7.226846967e-01 7.226846967e-01
3.927855711e+02 7.203756317e-01 7.203756317e-01
3.947895792e+02 7.180812753e-01 7.180812753e-01
3.967935872e+02 7.158014878e-01 7.158014878e-01
3.987975952e+02 7.135361309e-01 7.135361309e-01
4.008016032e+02 7.112850677e-01 7.112850677e-01
4.028056112e+02 7.090481634e-01 7.090481634e-01
4.048096192e+02 7.068252851e-01 7.068252851e-01
4.068136273e+02 7.046163017e-01 7.046163017e-01
4.088176353e+02 7.024210835e-01 7.024210835e-01
4.108216433e+02 7.002395025e-01 7.002395025e-01
4.128256513e+02 6.980714324e-01 6.980714324e-01
4.148296593e+02 6.959167483e-01 6.959167483e-01
4.168336673e+02 6.937753266e-01 6.937753266e-01
4.188376754e+02 6.916470455e-01 6.916470455e-01
4.208416834e+02 6.895317841e-01 6.895317841e-01
4.228456914e+02 6.874294231e-01 6.874294231e-01
4.248496994e+02 6.853398446e-01 6.853398446e-01
4.268537074e+02 6.832629323e-01 6.832629323e-01
4.288577154e+02 6.811985711e-01 6.811985711e-01
4.308617234e+02 6.791466468e-01 6.791466468e-01
4.328657315e+02 6.771070465e-01 6.771070465e-01
4.348697395e+02 6.750796586e-01 6.750796586e-01
4.368737475e+02 6.730643725e-01 6.730643725e-01
4.388777555e+02 6.710610786e-01 6.710610786e-01
4.408817635e+02 6.690696692e-01 6.690696692e-01
4.428857715e+02 6.670900431e-01 6.670900431e-01
4.448897796e+02 6.651221026e-01 6.651221026e-01
4.468937876e+02 6.631657411e-01 6.631657411e-01
4.488977956e+02 6.612208540e-01 6.612208540e-01
4.509018036e+02 6.592873414e-01 6.592873414e-01
4.529058116e+02 6.573651047e-01 6.573651047e-01
4.549098196e+02 6.554540468e-01 6.554540468e-01
4.569138277e+02 6.535540688e-01 6.535540688e-01
4.589178357e+02 6.516650745e-01 6.516650745e-01
4.609218437e+02 6.497869685e-01 6.497869685e-01
4.629258517e+02 6.479196567e-01 6.479196567e-01
4.649298597e+02 6.460630472e-01 6.460630472e-01
4.669338677e+02 6.442170485e-01 6.442170485e-01
4.689378758e+02 6.423815697e-01 6.423815697e-01
4.709418838e+02 6.405565210e-01 6.405565210e-01
4.729458918e+02 6.387418133e-01 6.387418133e-01
4.749498998e+02 6.369373590e-01 6.369373590e-01
4.769539078e+02 6.351430716e-01 6.351430716e-01
4.789579158e+02 6.333588657e-01 6.333588657e-01
4.809619238e+02 6.315846567e-01 6.315846567e-01
4.829659319e+02 6.298203601e-01 6.298203601e-01
4.849699399e+02 6.280658939e-01 6.280658939e-01
4.869739479e+02 6.263211756e-01 6.263211756e-01
4.889779559e+02 6.245861236e-01 6.245861236e-01
4.909819639e+02 6.228606590e-01 6.228606590e-01
4.929859719e+02 6.211447026e-01 6.211447026e-01
4.949899800e+02 6.194381733e-01 6.194381733e-01
4.969939880e+02 6.177409967e-01 6.177409967e-01
4.989979960e+02 6.160530947e-01 6.160530947e-01
5.010020040e+02 6.143743919e-01 6.143743919e-01
5.030060120e+02 6.127048130e-01 6.127048130e-01
5.050100200e+02 6.110442837e-01 6.110442837e-01
5.070140281e+02 6.093927309e-01 6.093927309e-01
5.090180361e+02 6.077500824e-01 6.077500824e-01
5.110220441e+02 6.061162657e-01 6.061162657e-01
5.130260521e+02 6.044912095e-01 6.044912095e-01
5.150300601e+02 6.028748438e-01 6.028748438e-01
5.170340681e+02 6.012670997e-01 6.012670997e-01
5.190380762e+02 5.996679089e-01 5.996679089e-01
5.210420842e+02 5.980772031e-01 5.980772031e-01
5.230460922e+02 5.964949142e-01 5.964949142e-01
5.250501002e+02 5.949209758e-01 5.949209758e-01
5.270541082e+02 5.933553218e-01 5.933553218e-01
5.290581162e+02 5.917978873e-01 5.917978873e-01
5.310621242e+02 5.902486075e-01 5.902486075e-01
5.330661323e+02 5.887074186e-01 5.887074186e-01
5.350701403e+02 5.871742572e-01 5.871742572e-01
5.370741483e+02 5.856490608e-01 5.856490608e-01
5.390781563e+02 5.841317678e-01 5.841317678e-01
5.410821643e+02 5.826223170e-01 5.826223170e-01
5.430861723e+02 5.811206472e-01 5.811206472e-01
5.450901804e+02 5.796266987e-01 5.796266987e-01
5.470941884e+02 5.781404120e-01 5.781404120e-01
5.490981964e+02 5.766617285e-01 5.766617285e-01
5.511022044e+02 5.751905900e-01 5.751905900e-01
5.531062124e+02 5.737269387e-01 5.737269387e-01
5.551102204e+02 5.722707176e-01 5.722707176e-01
5.571142285e+02 5.708218701e-01 5.708218701e-01
5.591182365e+02 5.693803405e-01 5.693803405e-01
5.611222445e+02 5.679460735e-01 5.679460735e-01
5.631262525e+02 5.665190145e-01 5.665190145e-01
5.651302605e+02 5.650991092e-01 5.650991092e-01
5.671342685e+02 5.636863042e-01 5.636863042e-01
5.691382766e+02 5.622805463e-01 5.622805463e-01
5.711422846e+02 5.608817830e-01 5.608817830e-01
5.731462926e+02 5.594899621e-01 5.594899621e-01
5.751503006e+02 5.581050322e-01 5.581050322e-01
5.771543086e+02 5.567269421e-01 5.567269421e-01
5.791583166e+02 5.553556411e-01 5.553556411e-01
5.811623246e+02 5.539910791e-01 5.539910791e-01
5.831663327e+02 5.526332063e-01 5.526332063e-01
5.851703407e+02 5.512819734e-01 5.512819734e-01
5.871743487e+02 5.499373315e-01 5.499373315e-01
5.891783567e+02 5.485992326e-01 5.485992326e-01
5.911823647e+02 5.472676296e-01 5.472676296e-01
5.931863727e+02 5.459424753e-01 5.459424753e-01
5.951903808e+02 5.446237230e-01 5.446237230e-01
5.971943888e+02 5.433113264e-01 5.433113264e-01
5.991983968e+02 5.420052397e-01 5.420052397e-01
6.012024048e+02 5.407054174e-01 5.407054174e-01
6.032064128e+02 5.394118147e-01 5.394118147e-01
6.052104208e+02 5.381243869e-01 5.381243869e-01
6.072144289e+02 5.368430899e-01 5.368430899e-01
6.092184369e+02 5.355678804e-01 5.355678804e-01
6.112224449e+02 5.342987152e-01 5.342987152e-01
6.132264529e+02 5.330355516e-01 5.330355516e-01
6.152304609e+02 5.317783471e-01 5.317783471e-01
6.172344689e+02 5.305270599e-01 5.305270599e-01
6.192384770e+02 5.292816484e-01 5.292816484e-01
6.212424850e+02 5.280420715e-01 5.280420715e-01
6.232464930e+02 5.268082885e-01 5.268082885e-01
6.252505010e+02 5.255802590e-01 5.255802590e-01
6.272545090e+02 5.243579426e-01 5.243579426e-01
6.292585170e+02 5.231412994e-01 5.231412994e-01
6.312625251e+02 5.219302891e-01 5.219302891e-01
6.332665331e+02 5.207248718e-01 5.207248718e-01
6.352705411e+02 5.195250081e-01 5.195250081e-01
6.372745491e+02 5.183306605e-01 5.183306605e-01
6.392785571e+02 5.171417922e-01 5.171417922e-01
6.412825651e+02 5.159583654e-01 5.159583654e-01
6.432865731e+02 5.147803427e-01 5.147803427e-01
6.452905812e+02 5.136076870e-01 5.136076870e-01
6.472945892e+02 5.124403614e-01 5.124403614e-01
6.492985972e+02 5.112783292e-01 5.112783292e-01
6.513026052e+02 5.101215552e-01 5.101215552e-01
6.533066132e+02 5.089700044e-01 5.089700044e-01
6.553106212e+02 5.078236411e-01 5.078236411e-01
6.573146293e+02 5.066824305e-01 5.066824305e-01
6.593186373e+02 5.055463376e-01 5.055463376e-01
6.613226453e+02 5.044153281e-01 5.044153281e-01
6.633266533e+02 5.032893678e-01 5.032893678e-01
6.653306613e+02 5.021684231e-01 5.021684231e-01
6.673346693e+02 5.010524608e-01 5.010524608e-01
6.693386774e+02 4.999414475e-01 4.999414475e-01
6.713426854e+02 4.988353507e-01 4.988353507e-01
6.733466934e+02 4.977341375e-01 4.977341375e-01
6.753507014e+02 4.966377758e-01 4.966377758e-01
6.773547094e+02 4.955462336e-01 4.955462336e-01
6.793587174e+02 4.944594790e-01 4.944594790e-01
6.813627255e+02 4.933774809e-01 4.933774809e-01
6.833667335e+02 4.923002079e-01 4.923002079e-01
6.853707415e+02 4.912276291e-01 4.912276291e-01
6.873747495e+02 4.901597141e-01 4.901597141e-01
6.893787575e+02 4.890964322e-01 4.890964322e-01
6.913827655e+02 4.880377536e-01 4.880377536e-01
6.933867735e+02 4.869836484e-01 4.869836484e-01
6.953907816e+02 4.859340871e-01 4.859340871e-01
6.973947896e+02 4.848890412e-01 4.848890412e-01
6.993987976e+02 4.838484815e-01 4.838484815e-01
7.014028056e+02 4.828123786e-01 4.828123786e-01
7.034068136e+02 4.817807032e-01 4.817807032e-01
7.054108216e+02 4.807534261e-01 4.807534261e-01
7.074148297e+02 4.797305213e-01 4.797305213e-01
7.094188377e+02 4.787119611e-01 4.787119611e-01
7.114228457e+02 4.776977174e-01 4.776977174e-01
7.134268537e+02 4.766877620e-01 4.766877620e-01
7.154308617e+02 4.756820671e-01 4.756820671e-01
7.174348697e+02 4.746806072e-01 4.746806072e-01
7.194388778e+02 4.736833561e-01 4.736833561e-01
7.214428858e+02 4.726902870e-01 4.726902870e-01
7.234468938e+02 4.717013730e-01 4.717013730e-01
7.254509018e+02 4.707165940e-01 4.707165940e-01
7.274549098e+02 4.697359076e-01 4.697359076e-01
7.294589178e+02 4.687593020e-01 4.687593020e-01
7.314629259e+02 4.677867505e-01 4.677867505e-01
7.334669339e+02 4.668182268e-01 4.668182268e-01
7.354709419e+02 4.658537049e-01 4.658537049e-01
7.374749499e+02 4.648931597e-01 4.648931597e-01
7.394789579e+02 4.639365675e-01 4.639365675e-01
7.414829659e+02 4.629839037e-01 4.629839037e-01
7.434869739e+02 4.620351442e-01 4.620351442e-01
7.454909820e+02 4.610902648e-01 4.610902648e-01
7.474949900e+02 4.601492419e-01 4.601492419e-01
7.494989980e+02 4.592120521e-01 4.592120521e-01
7.515030060e+02 4.582786723e-01 4.582786723e-01
7.535070140e+02 4.573490798e-01 4.573490798e-01
7.555110220e+02 4.564232514e-01 4.564232514e-01
7.575150301e+02 4.555011634e-01 4.555011634e-01
7.595190381e+02 4.545827929e-01 4.545827929e-01
7.615230461e+02 4.536681178e-01 4.536681178e-01
7.635270541e+02 4.527571159e-01 4.527571159e-01
7.655310621e+02 4.518497654e-01 4.518497654e-01
7.675350701e+02 4.509460445e-01 4.509460445e-01
7.695390782e+02 4.500459318e-01 4.500459318e-01
7.715430862e+02 4.491494063e-01 4.491494063e-01
7.735470942e+02 4.482564466e-01 4.482564466e-01
7.755511022e+02 4.473670305e-01 4.473670305e-01
7.775551102e+02 4.464811369e-01 4.464811369e-01
7.795591182e+02 4.455987449e-01 4.455987449e-01
7.815631263e+02 4.447198339e-01 4.447198339e-01
7.835671343e+02 4.438443834e-01 4.438443834e-01
7.855711423e+02 4.429723729e-01 4.429723729e-01
7.875751503e+02 4.421037824e-01 4.421037824e-01
7.895791583e+02 4.412385919e-01 4.412385919e-01
7.915831663e+02 4.403767814e-01 4.403767814e-01
7.935871743e+02 4.395183309e-01 4.395183309e-01
7.955911824e+02 4.386632209e-01 4.386632209e-01
7.975951904e+02 4.378114318e-01 4.378114318e-01
7.995991984e+02 4.369629444e-01 4.369629444e-01
8.016032064e+02 4.361177394e-01 4.361177394e-01
8.036072144e+02 4.352757981e-01 4.352757981e-01
8.056112224e+02 4.344371016e-01 4.344371016e-01
8.076152305e+02 4.336016311e-01 4.336016311e-01
8.096192385e+02 4.327693683e-01 4.327693683e-01
8.116232465e+02 4.319402944e-01 4.319402944e-01
8.136272545e+02 4.311143909e-01 4.311143909e-01
8.156312625e+02 4.302916399e-01 4.302916399e-01
8.176352705e+02 4.294720231e-01 4.294720231e-01
8.196392786e+02 4.286555228e-01 4.286555228e-01
8.216432866e+02 4.278421213e-01 4.278421213e-01
8.236472946e+02 4.270318009e-01 4.270318009e-01
8.256513026e+02 4.262245442e-01 4.262245442e-01
8.276553106e+02 4.254203339e-01 4.254203339e-01
8.296593186e+02 4.246191527e-01 4.246191527e-01
8.316633267e+02 4.238209832e-01 4.238209832e-01
8.336673347e+02 4.230258087e-01 4.230258087e-01
8.356713427e+02 4.222336120e-01 4.222336120e-01
8.376753507e+02 4.214443766e-01 4.214443766e-01
8.396793587e+02 4.206580858e-01 4.206580858e-01
8.416833667e+02 4.198747232e-01 4.198747232e-01
8.436873747e+02 4.190942727e-01 4.190942727e-01
8.456913828e+02 4.183167180e-01 4.183167180e-01
8.476953908e+02 4.175420433e-01 4.175420433e-01
8.496993988e+02 4.167702326e-01 4.167702326e-01
8.517034068e+02 4.160012704e-01 4.160012704e-01
8.537074148e+02 4.152351408e-01 4.152351408e-01
8.557114228e+02 4.144718284e-01 4.144718284e-01
8.577154309e+02 4.137113176e-01 4.137113176e-01
8.597194389e+02 4.129535931e-01 4.129535931e-01
8.617234469e+02 4.121986398e-01 4.121986398e-01
8.637274549e+02 4.114464426e-01 4.114464426e-01
8.657314629e+02 4.106969866e-01 4.106969866e-01
8.677354709e+02 4.099502564e-01 4.099502564e-01
8.697394790e+02 4.092062370e-01 4.092062370e-01
8.717434870e+02 4.084649136e-01 4.084649136e-01
8.737474950e+02 4.077262712e-01 4.077262712e-01
8.757515030e+02 4.069902952e-01 4.069902952e-01
8.777555110e+02 4.062569650e-01 4.062569650e-01
8.797595190e+02 4.055262812e-01 4.055262812e-01
8.817635271e+02 4.047982192e-01 4.047982192e-01
8.837675351e+02 4.040727652e-01 4.040727652e-01
8.857715431e+02 4.033499054e-01 4.033499054e-01
8.877755511e+02 4.026296260e-01 4.026296260e-01
8.897795591e+02 4.019119133e-01 4.019119133e-01
8.917835671e+02 4.011967540e-01 4.011967540e-01
8.937875752e+02 4.004841363e-01 4.004841363e-01
8.957915832e+02 3.997740475e-01 3.997740475e-01
8.977955912e+02 3.990664738e-01 3.990664738e-01
8.997995992e+02 3.983614011e-01 3.983614011e-01
9.018036072e+02 3.976588156e-01 3.976588156e-01
9.038076152e+02 3.969587040e-01 3.969587040e-01
9.058116232e+02 3.962610531e-01 3.962610531e-01
9.078156313e+02 3.955658495e-01 3.955658495e-01
9.098196393e+02 3.948730809e-01 3.948730809e-01
9.118236473e+02 3.941827347e-01 3.941827347e-01
9.138276553e+02 3.934947982e-01 3.934947982e-01
9.158316633e+02 3.928092589e-01 3.928092589e-01
9.178356713e+02 3.921261044e-01 3.921261044e-01
9.198396794e+02 3.914453221e-01 3.914453221e-01
9.218436874e+02 3.907668996e-01 3.907668996e-01
9.238476954e+02 3.900908245e-01 3.900908245e-01
9.258517034e+02 3.894170849e-01 3.894170849e-01
9.278557114e+02 3.887456685e-01 3.887456685e-01
9.298597194e+02 3.880765635e-01 3.880765635e-01
9.318637275e+02 3.874097579e-01 3.874097579e-01
9.338677355e+02 3.867452398e-01 3.867452398e-01
9.358717435e+02 3.860829981e-01 3.860829981e-01
9.378757515e+02 3.854230210e-01 3.854230210e-01
9.398797595e+02 3.847652970e-01 3.847652970e-01
9.418837675e+02 3.841098142e-01 3.841098142e-01
9.438877756e+02 3.834565610e-01 3.834565610e-01
9.458917836e+02 3.828055256e-01 3.828055256e-01
9.478957916e+02 3.821566965e-01 3.821566965e-01
9.498997996e+02 3.815100633e-01 3.815100633e-01
9.519038076e+02 3.808656153e-01 3.808656153e-01
9.539078156e+02 3.802233413e-01 3.802233413e-01
9.559118236e+02 3.795832302e-01 3.795832302e-01
9.579158317e+02 3.789452706e-01 3.789452706e-01
9.599198397e+02 3.783094515e-01 3.783094515e-01
9.619238477e+02 3.776757616e-01 3.776757616e-01
9.639278557e+02 3.770441912e-01 3.770441912e-01
9.659318637e+02 3.764147301e-01 3.764147301e-01
9.679358717e+02 3.757873677e-01 3.757873677e-01
9.699398798e+02 3.751620931e-01 3.751620931e-01
9.719438878e+02 3.745388958e-01 3.745388958e-01
9.739478958e+02 3.739177651e-01 3.739177651e-01
9.759519038e+02 3.732986968e-01 3.732986968e-01
9.779559118e+02 3.726816655e-01 3.726816655e-01
9.799599198e+02 3.720666723e-01 3.720666723e-01
9.819639279e+02 3.714537067e-01 3.714537067e-01
9.839679359e+02 3.708427581e-01 3.708427581e-01
9.859719439e+02 3.702338163e-01 3.702338163e-01
9.879759519e+02 3.696268708e-01 3.696268708e-01
9.899799599e+02 3.690219114e-01 3.690219114e-01
9.919839679e+02 3.684189286e-01 3.684189286e-01
9.939879760e+02 3.678179132e-01 3.678179132e-01
9.959919840e+02 3.672188553e-01 3.672188553e-01
9.979959920e+02 3.666217455e-01 3.666217455e-01
1.000000000e+03 3.660265742e-01 3.660265742e-01
