time            Ap              Aq              Br              Bs              Cj              Ck             
0.000000000e+00 1.100000000e+01 0.000000000e+00 1.000000000e+01 0.000000000e+00 3.000000000e+00 0.000000000e+00
7.214428858e+01 8.621610904e+00 3.353175386e-03 7.873069247e+00 1.117369516e-02 2.338193442e+00 3.072690712e-03
1.442885772e+02 8.508250943e+00 1.839740856e-02 7.823641771e+00 6.143656035e-02 2.302068149e+00 1.690447147e-02
2.164328657e+02 8.408193984e+00 4.128314074e-02 7.794462042e+00 1.381965194e-01 2.272339319e+00 3.794250143e-02
2.885771543e+02 8.309739371e+00 6.739950854e-02 7.769404072e+00 2.262769328e-01 2.244181365e+00 6.194600497e-02
3.607214429e+02 8.212058525e+00 9.442153930e-02 7.746364785e+00 3.180759177e-01 2.217048013e+00 8.683977620e-02
4.328657315e+02 8.114928738e+00 1.213732901e-01 7.724771128e+00 4.104354492e-01 2.190813448e+00 1.118000663e-01
5.050100200e+02 8.018289851e+00 1.478763524e-01 7.704428364e+00 5.021438123e-01 2.165440790e+00 1.365339003e-01
5.771543086e+02 7.922131594e+00 1.737925775e-01 7.685245337e+00 5.927598225e-01 2.140911716e+00 1.609482360e-01
6.492985972e+02 7.826460004e+00 1.990765006e-01 7.667162000e+00 6.821337002e-01 2.117211672e+00 1.850207682e-01
7.214428858e+02 7.731286687e+00 2.237176436e-01 7.650128727e+00 7.702229370e-01 2.094326967e+00 2.087531486e-01
7.935871743e+02 7.636624995e+00 2.477186360e-01 7.634099740e+00 8.570237767e-01 2.072244250e+00 2.321548561e-01
8.657314629e+02 7.542488946e+00 2.710869573e-01 7.619031299e+00 9.425460724e-01 2.050950502e+00 2.552377642e-01
9.378757515e+02 7.448892612e+00 2.938318788e-01 7.604880752e+00 1.026804071e+00 2.030432997e+00 2.780143830e-01
1.010020040e+03 7.355849968e+00 3.159633007e-01 7.591606417e+00 1.109813186e+00 2.010679341e+00 3.004972654e-01
1.082164329e+03 7.263374834e+00 3.374913375e-01 7.579167465e+00 1.191588729e+00 1.991677464e+00 3.226988462e-01
1.154308617e+03 7.171480823e+00 3.584261594e-01 7.567523829e+00 1.272145562e+00 1.973415606e+00 3.446313901e-01
1.226452906e+03 7.080181316e+00 3.787779236e-01 7.556636237e+00 1.351497980e+00 1.955882328e+00 3.663069686e-01
1.298597194e+03 6.989489434e+00 3.985567472e-01 7.546466236e+00 1.429659630e+00 1.939066512e+00 3.877374513e-01
1.370741483e+03 6.899418065e+00 4.177727345e-01 7.536976007e+00 1.506643537e+00 1.922957325e+00 4.089345499e-01
1.442885772e+03 6.809979798e+00 4.364359290e-01 7.528128560e+00 1.582462181e+00 1.907544246e+00 4.299097735e-01
1.515030060e+03 6.721186929e+00 4.545563264e-01 7.519887637e+00 1.657127409e+00 1.892817058e+00 4.506744461e-01
1.587174349e+03 6.633051463e+00 4.721438907e-01 7.512217657e+00 1.730650567e+00 1.878765821e+00 4.712397324e-01
1.659318637e+03 6.545585081e+00 4.892085278e-01 7.505083806e+00 1.803042481e+00 1.865380887e+00 4.916166121e-01
1.731462926e+03 6.458799142e+00 5.057601015e-01 7.498451928e+00 1.874313427e+00 1.852652895e+00 5.118159021e-01
1.803607214e+03 6.372704658e+00 5.218084166e-01 7.492288630e+00 1.944473267e+00 1.840572757e+00 5.318482448e-01
1.875751503e+03 6.287312312e+00 5.373632409e-01 7.486561137e+00 2.013531379e+00 1.829131651e+00 5.517241350e-01
1.947895792e+03 6.202632405e+00 5.524342674e-01 7.481237438e+00 2.081496709e+00 1.818321039e+00 5.714538852e-01
2.020040080e+03 6.118674902e+00 5.670311616e-01 7.476286137e+00 2.148377846e+00 1.808132617e+00 5.910476813e-01
2.092184369e+03 6.035449380e+00 5.811635122e-01 7.471676528e+00 2.214182925e+00 1.798558365e+00 6.105155337e-01
2.164328657e+03 5.952965037e+00 5.948408524e-01 7.467378588e+00 2.278919751e+00 1.789590505e+00 6.298673061e-01
2.236472946e+03 5.871230696e+00 6.080726662e-01 7.463362915e+00 2.342595791e+00 1.781221498e+00 6.491127266e-01
2.308617234e+03 5.790254790e+00 6.208683719e-01 7.459600760e+00 2.405218170e+00 1.773444055e+00 6.682613741e-01
2.380761523e+03 5.710045351e+00 6.332373133e-01 7.456064031e+00 2.466793715e+00 1.766251125e+00 6.873226759e-01
2.452905812e+03 5.630610014e+00 6.451887830e-01 7.452725281e+00 2.527328956e+00 1.759635884e+00 7.063059337e-01
2.525050100e+03 5.551956016e+00 6.567319949e-01 7.449557666e+00 2.586830158e+00 1.753591742e+00 7.252203024e-01
2.597194389e+03 5.474090192e+00 6.678760990e-01 7.446534964e+00 2.645303332e+00 1.748112325e+00 7.440748080e-01
2.669338677e+03 5.397018969e+00 6.786301765e-01 7.443631571e+00 2.702754241e+00 1.743191477e+00 7.628783465e-01
2.741482966e+03 5.320748358e+00 6.890032265e-01 7.440822529e+00 2.759188439e+00 1.738823259e+00 7.816396755e-01
2.813627255e+03 5.245283986e+00 6.990041787e-01 7.438083407e+00 2.814611259e+00 1.735001932e+00 8.003674327e-01
2.885771543e+03 5.170631076e+00 7.086418872e-01 7.435390394e+00 2.869027861e+00 1.731721953e+00 8.190701323e-01
2.957915832e+03 5.096794421e+00 7.179251216e-01 7.432720290e+00 2.922443206e+00 1.728977990e+00 8.377561560e-01
3.030060120e+03 5.023778406e+00 7.268625702e-01 7.430050482e+00 2.974862086e+00 1.726764905e+00 8.564337614e-01
3.102204409e+03 4.951587032e+00 7.354628408e-01 7.427358908e+00 3.026289152e+00 1.725077737e+00 8.751110908e-01
3.174348697e+03 4.880223899e+00 7.437344569e-01 7.424624070e+00 3.076728914e+00 1.723911707e+00 8.937961673e-01
3.246492986e+03 4.809692208e+00 7.516858551e-01 7.421825037e+00 3.126185752e+00 1.723262214e+00 9.124968945e-01
3.318637275e+03 4.739994765e+00 7.593253834e-01 7.418941435e+00 3.174663927e+00 1.723124829e+00 9.312210586e-01
3.390781563e+03 4.671133987e+00 7.666612999e-01 7.415953435e+00 3.222167594e+00 1.723495290e+00 9.499763296e-01
3.462925852e+03 4.603111907e+00 7.737017716e-01 7.412841751e+00 3.268700813e+00 1.724369495e+00 9.687702627e-01
3.535070140e+03 4.535930178e+00 7.804548731e-01 7.409587629e+00 3.314267555e+00 1.725743500e+00 9.876102986e-01
3.607214429e+03 4.469590080e+00 7.869285845e-01 7.406172849e+00 3.358871718e+00 1.727613509e+00 1.006503765e+00
3.679358717e+03 4.404092525e+00 7.931307905e-01 7.402579705e+00 3.402517133e+00 1.729975872e+00 1.025457876e+00
3.751503006e+03 4.339438061e+00 7.990692789e-01 7.398791011e+00 3.445207573e+00 1.732827079e+00 1.044479734e+00
3.823647295e+03 4.275626883e+00 8.047517398e-01 7.394790086e+00 3.486946760e+00 1.736163756e+00 1.063576328e+00
3.895791583e+03 4.212658837e+00 8.101857644e-01 7.390560757e+00 3.527738370e+00 1.739982657e+00 1.082754537e+00
3.967935872e+03 4.150533424e+00 8.153788444e-01 7.386087346e+00 3.567586048e+00 1.744280663e+00 1.102021125e+00
4.040080160e+03 4.089249814e+00 8.203383703e-01 7.381354665e+00 3.606493409e+00 1.749054771e+00 1.121382745e+00
4.112224449e+03 4.028806851e+00 8.250716314e-01 7.376348011e+00 3.644464049e+00 1.754302094e+00 1.140845939e+00
4.184368737e+03 3.969203060e+00 8.295858145e-01 7.371053158e+00 3.681501548e+00 1.760019851e+00 1.160417134e+00
4.256513026e+03 3.910436654e+00 8.338880034e-01 7.365456353e+00 3.717609482e+00 1.766205364e+00 1.180102648e+00
4.328657315e+03 3.852505548e+00 8.379851787e-01 7.359544309e+00 3.752791420e+00 1.772856054e+00 1.199908681e+00
4.400801603e+03 3.795407361e+00 8.418842170e-01 7.353304199e+00 3.787050939e+00 1.779969429e+00 1.219841322e+00
4.472945892e+03 3.739139428e+00 8.455918910e-01 7.346723653e+00 3.820391622e+00 1.787543088e+00 1.239906541e+00
4.545090180e+03 3.683698809e+00 8.491148688e-01 7.339790749e+00 3.852817067e+00 1.795574708e+00 1.260110195e+00
4.617234469e+03 3.629082298e+00 8.524597139e-01 7.332494007e+00 3.884330893e+00 1.804062039e+00 1.280458023e+00
4.689378758e+03 3.575286431e+00 8.556328855e-01 7.324822388e+00 3.914936741e+00 1.813002904e+00 1.300955646e+00
4.761523046e+03 3.522307493e+00 8.586407379e-01 7.316765285e+00 3.944638280e+00 1.822395186e+00 1.321608562e+00
4.833667335e+03 3.470141535e+00 8.614895218e-01 7.308312519e+00 3.973439213e+00 1.832236827e+00 1.342422152e+00
4.905811623e+03 3.418784374e+00 8.641853821e-01 7.299454331e+00 4.001343280e+00 1.842525821e+00 1.363401671e+00
4.977955912e+03 3.368231606e+00 8.667343605e-01 7.290181383e+00 4.028354263e+00 1.853260206e+00 1.384552253e+00
5.050100200e+03 3.318478619e+00 8.691423958e-01 7.280484748e+00 4.054475985e+00 1.864438063e+00 1.405878900e+00
5.122244489e+03 3.269520593e+00 8.714153211e-01 7.270355906e+00 4.079712324e+00 1.876057505e+00 1.427386494e+00
5.194388778e+03 3.221352521e+00 8.735588707e-01 7.259786744e+00 4.104067203e+00 1.888116675e+00 1.449079778e+00
5.266533066e+03 3.173969209e+00 8.755786734e-01 7.248769543e+00 4.127544607e+00 1.900613737e+00 1.470963368e+00
5.338677355e+03 3.127365287e+00 8.774802576e-01 7.237296981e+00 4.150148576e+00 1.913546874e+00 1.493041745e+00
5.410821643e+03 3.081535222e+00 8.792690528e-01 7.225362128e+00 4.171883210e+00 1.926914275e+00 1.515319250e+00
5.482965932e+03 3.036473324e+00 8.809503863e-01 7.212958435e+00 4.192752681e+00 1.940714139e+00 1.537800088e+00
5.555110220e+03 2.992173754e+00 8.825294885e-01 7.200079743e+00 4.212761221e+00 1.954944659e+00 1.560488319e+00
5.627254509e+03 2.948630534e+00 8.840114910e-01 7.186720264e+00 4.231913140e+00 1.969604023e+00 1.583387861e+00
5.699398798e+03 2.905837557e+00 8.854014279e-01 7.172874588e+00 4.250212819e+00 1.984690406e+00 1.606502483e+00
5.771543086e+03 2.863788592e+00 8.867042393e-01 7.158537679e+00 4.267664714e+00 2.000201961e+00 1.629835803e+00
5.843687375e+03 2.822477299e+00 8.879247686e-01 7.143704861e+00 4.284273366e+00 2.016136817e+00 1.653391290e+00
5.915831663e+03 2.781897227e+00 8.890677670e-01 7.128371830e+00 4.300043394e+00 2.032493072e+00 1.677172252e+00
5.987975952e+03 2.742041833e+00 8.901378932e-01 7.112534640e+00 4.314979503e+00 2.049268784e+00 1.701181841e+00
6.060120240e+03 2.702904484e+00 8.911397141e-01 7.096189701e+00 4.329086487e+00 2.066461971e+00 1.725423048e+00
6.132264529e+03 2.664478464e+00 8.920777086e-01 7.079333782e+00 4.342369229e+00 2.084070598e+00 1.749898695e+00
6.204408818e+03 2.626756986e+00 8.929562658e-01 7.061964002e+00 4.354832704e+00 2.102092576e+00 1.774611440e+00
6.276553106e+03 2.589733198e+00 8.937796888e-01 7.044077828e+00 4.366481985e+00 2.120525754e+00 1.799563766e+00
6.348697395e+03 2.553400186e+00 8.945521954e-01 7.025673077e+00 4.377322238e+00 2.139367913e+00 1.824757983e+00
6.420841683e+03 2.517750990e+00 8.952779189e-01 7.006747906e+00 4.387358734e+00 2.158616762e+00 1.850196224e+00
6.492985972e+03 2.482778600e+00 8.959609115e-01 6.987300819e+00 4.396596843e+00 2.178269929e+00 1.875880439e+00
6.565130261e+03 2.448475975e+00 8.966051434e-01 6.967330654e+00 4.405042041e+00 2.198324958e+00 1.901812392e+00
6.637274549e+03 2.414836041e+00 8.972145062e-01 6.946836588e+00 4.412699909e+00 2.218779302e+00 1.927993663e+00
6.709418838e+03 2.381851696e+00 8.977928143e-01 6.925818132e+00 4.419576139e+00 2.239630318e+00 1.954425637e+00
6.781563126e+03 2.349515827e+00 8.983438054e-01 6.904275129e+00 4.425676534e+00 2.260875260e+00 1.981109507e+00
6.853707415e+03 2.317821304e+00 8.988711438e-01 6.882207752e+00 4.431007009e+00 2.282511276e+00 2.008046267e+00
6.925851703e+03 2.286760995e+00 8.993784206e-01 6.859616501e+00 4.435573595e+00 2.304535400e+00 2.035236709e+00
6.997995992e+03 2.256327767e+00 8.998691563e-01 6.836502203e+00 4.439382440e+00 2.326944548e+00 2.062681424e+00
7.070140281e+03 2.226514490e+00 9.003468026e-01 6.812866006e+00 4.442439812e+00 2.349735512e+00 2.090380791e+00
7.142284569e+03 2.197314050e+00 9.008147430e-01 6.788709380e+00 4.444752100e+00 2.372904956e+00 2.118334982e+00
7.214428858e+03 2.168719344e+00 9.012762962e-01 6.764034113e+00 4.446325813e+00 2.396449412e+00 2.146543955e+00
7.286573146e+03 2.140723294e+00 9.017347163e-01 6.738842312e+00 4.447167588e+00 2.420365271e+00 2.175007449e+00
7.358717435e+03 2.113318849e+00 9.021931955e-01 6.713136396e+00 4.447284188e+00 2.444648781e+00 2.203724985e+00
7.430861723e+03 2.086498981e+00 9.026548658e-01 6.686919095e+00 4.446682498e+00 2.469296046e+00 2.232695864e+00
7.503006012e+03 2.060256709e+00 9.031227999e-01 6.660193452e+00 4.445369540e+00 2.494303013e+00 2.261919158e+00
7.575150301e+03 2.034585083e+00 9.036000142e-01 6.632962813e+00 4.443352459e+00 2.519665477e+00 2.291393714e+00
7.647294589e+03 2.009477197e+00 9.040894697e-01 6.605230832e+00 4.440638536e+00 2.545379072e+00 2.321118149e+00
7.719438878e+03 1.984926200e+00 9.045940739e-01 6.577001462e+00 4.437235184e+00 2.571439264e+00 2.351090846e+00
7.791583166e+03 1.960925283e+00 9.051166830e-01 6.548278958e+00 4.433149945e+00 2.597841359e+00 2.381309958e+00
7.863727455e+03 1.937467698e+00 9.056601031e-01 6.519067869e+00 4.428390501e+00 2.624580482e+00 2.411773395e+00
7.935871743e+03 1.914546755e+00 9.062270920e-01 6.489373038e+00 4.422964665e+00 2.651651591e+00 2.442478833e+00
8.008016032e+03 1.892155823e+00 9.068203614e-01 6.459199600e+00 4.416880385e+00 2.679049465e+00 2.473423709e+00
8.080160321e+03 1.870288340e+00 9.074425781e-01 6.428552975e+00 4.410145749e+00 2.706768698e+00 2.504605213e+00
8.152304609e+03 1.848937808e+00 9.080963660e-01 6.397438865e+00 4.402768972e+00 2.734803712e+00 2.536020302e+00
8.224448898e+03 1.828097803e+00 9.087843079e-01 6.365863256e+00 4.394758415e+00 2.763148733e+00 2.567665680e+00
8.296593186e+03 1.807761976e+00 9.095089468e-01 6.333832412e+00 4.386122571e+00 2.791797799e+00 2.599537806e+00
8.368737475e+03 1.787924048e+00 9.102727879e-01 6.301352859e+00 4.376870061e+00 2.820744773e+00 2.631632904e+00
8.440881764e+03 1.768577826e+00 9.110783003e-01 6.268431405e+00 4.367009653e+00 2.849983311e+00 2.663946940e+00
8.513026052e+03 1.749717195e+00 9.119279186e-01 6.235075115e+00 4.356550242e+00 2.879506883e+00 2.696475639e+00
8.585170341e+03 1.731336120e+00 9.128240438e-01 6.201291309e+00 4.345500853e+00 2.909308775e+00 2.729214485e+00
8.657314629e+03 1.713428658e+00 9.137690465e-01 6.167087574e+00 4.333870652e+00 2.939382064e+00 2.762158706e+00
8.729458918e+03 1.695988947e+00 9.147652671e-01 6.132471737e+00 4.321668929e+00 2.969719643e+00 2.795303290e+00
8.801603206e+03 1.679011216e+00 9.158150177e-01 6.097451872e+00 4.308905103e+00 3.000314211e+00 2.828642984e+00
8.873747495e+03 1.662489786e+00 9.169205843e-01 6.062036297e+00 4.295588725e+00 3.031158265e+00 2.862172281e+00
8.945891784e+03 1.646419069e+00 9.180842276e-01 6.026233558e+00 4.281729466e+00 3.062244118e+00 2.895885443e+00
9.018036072e+03 1.630793568e+00 9.193081848e-01 5.990052430e+00 4.267337121e+00 3.093563890e+00 2.929776489e+00
9.090180361e+03 1.615607888e+00 9.205946716e-01 5.953501917e+00 4.252421612e+00 3.125109499e+00 2.963839192e+00
9.162324649e+03 1.600856721e+00 9.219458823e-01 5.916591229e+00 4.236992969e+00 3.156872687e+00 2.998067100e+00
9.234468938e+03 1.586534863e+00 9.233639929e-01 5.879329791e+00 4.221061343e+00 3.188844998e+00 3.032453518e+00
9.306613226e+03 1.572637210e+00 9.248511619e-01 5.841727234e+00 4.204637002e+00 3.221017788e+00 3.066991517e+00
9.378757515e+03 1.559158748e+00 9.264095305e-01 5.803793373e+00 4.187730308e+00 3.253382242e+00 3.101673956e+00
9.450901804e+03 1.546094573e+00 9.280412261e-01 5.765538224e+00 4.170351742e+00 3.285929349e+00 3.136493450e+00
9.523046092e+03 1.533439879e+00 9.297483627e-01 5.726971982e+00 4.152511886e+00 3.318649920e+00 3.171442397e+00
9.595190381e+03 1.521189958e+00 9.315330410e-01 5.688105006e+00 4.134221407e+00 3.351534608e+00 3.206512991e+00
9.667334669e+03 1.509340209e+00 9.333973520e-01 5.648947834e+00 4.115491078e+00 3.384573873e+00 3.241697193e+00
9.739478958e+03 1.497886133e+00 9.353433771e-01 5.609511155e+00 4.096331759e+00 3.417758015e+00 3.276986762e+00
9.811623246e+03 1.486823331e+00 9.373731886e-01 5.569805805e+00 4.076754386e+00 3.451077179e+00 3.312373262e+00
9.883767535e+03 1.476147513e+00 9.394888530e-01 5.529842768e+00 4.056769984e+00 3.484521335e+00 3.347848041e+00
9.955911824e+03 1.465854489e+00 9.416924302e-01 5.489633158e+00 4.036389650e+00 3.518080307e+00 3.383402263e+00
1.002805611e+04 1.455940173e+00 9.439859753e-01 5.449188208e+00 4.015624544e+00 3.551743774e+00 3.419026904e+00
1.010020040e+04 1.446400588e+00 9.463715410e-01 5.408519277e+00 3.994485900e+00 3.585501258e+00 3.454712749e+00
1.017234469e+04 1.437231856e+00 9.488511767e-01 5.367637819e+00 3.972985004e+00 3.619342150e+00 3.490450412e+00
1.024448898e+04 1.428430207e+00 9.514269305e-01 5.326555389e+00 3.951133193e+00 3.653255709e+00 3.526230335e+00
1.031663327e+04 1.419991975e+00 9.541008514e-01 5.285283635e+00 3.928941860e+00 3.687231057e+00 3.562042791e+00
1.038877756e+04 1.411913597e+00 9.568749879e-01 5.243834273e+00 3.906422427e+00 3.721257208e+00 3.597877903e+00
1.046092184e+04 1.404191616e+00 9.597513912e-01 5.202219095e+00 3.883586358e+00 3.755323051e+00 3.633725635e+00
1.053306613e+04 1.396822681e+00 9.627321158e-01 5.160449952e+00 3.860445149e+00 3.789417366e+00 3.669575808e+00
1.060521042e+04 1.389803540e+00 9.658192182e-01 5.118538739e+00 3.837010305e+00 3.823528844e+00 3.705418115e+00
1.067735471e+04 1.383131048e+00 9.690147618e-01 5.076497395e+00 3.813293360e+00 3.857646065e+00 3.741242108e+00
1.074949900e+04 1.376802165e+00 9.723208148e-01 5.034337890e+00 3.789305852e+00 3.891757529e+00 3.777037219e+00
1.082164329e+04 1.370813950e+00 9.757394510e-01 4.992072209e+00 3.765059318e+00 3.925851662e+00 3.812792777e+00
1.089378758e+04 1.365163567e+00 9.792727530e-01 4.949712353e+00 3.740565297e+00 3.959916806e+00 3.848497991e+00
1.096593186e+04 1.359848283e+00 9.829228111e-01 4.907270320e+00 3.715835313e+00 3.993941241e+00 3.884141977e+00
1.103807615e+04 1.354865463e+00 9.866917232e-01 4.864758099e+00 3.690880872e+00 4.027913195e+00 3.919713765e+00
1.111022044e+04 1.350212578e+00 9.905815988e-01 4.822187663e+00 3.665713457e+00 4.061820840e+00 3.955202298e+00
1.118236473e+04 1.345887196e+00 9.945945565e-01 4.779570952e+00 3.640344520e+00 4.095652307e+00 3.990596445e+00
1.125450902e+04 1.341886986e+00 9.987327255e-01 4.736919872e+00 3.614785472e+00 4.129395696e+00 4.025885017e+00
1.132665331e+04 1.338209716e+00 1.002998248e+00 4.694246278e+00 3.589047682e+00 4.163039075e+00 4.061056757e+00
1.139879760e+04 1.334853253e+00 1.007393277e+00 4.651561971e+00 3.563142464e+00 4.196570498e+00 4.096100370e+00
1.147094188e+04 1.331815560e+00 1.011919979e+00 4.608878683e+00 3.537081076e+00 4.229978008e+00 4.131004517e+00
1.154308617e+04 1.329094700e+00 1.016580534e+00 4.566208070e+00 3.510874709e+00 4.263249644e+00 4.165757825e+00
1.161523046e+04 1.326688829e+00 1.021377134e+00 4.523561708e+00 3.484534483e+00 4.296373452e+00 4.200348905e+00
1.168737475e+04 1.324596200e+00 1.026311986e+00 4.480951076e+00 3.458071438e+00 4.329337492e+00 4.234766347e+00
1.175951904e+04 1.322815161e+00 1.031387315e+00 4.438387549e+00 3.431496529e+00 4.362129843e+00 4.268998741e+00
1.183166333e+04 1.321344151e+00 1.036605354e+00 4.395882399e+00 3.404820623e+00 4.394738614e+00 4.303034675e+00
1.190380762e+04 1.320181703e+00 1.041968357e+00 4.353446772e+00 3.378054485e+00 4.427151955e+00 4.336862751e+00
1.197595190e+04 1.319326442e+00 1.047478592e+00 4.311091688e+00 3.351208776e+00 4.459358056e+00 4.370471589e+00
1.204809619e+04 1.318777082e+00 1.053138341e+00 4.268828039e+00 3.324294053e+00 4.491345161e+00 4.403849838e+00
1.212024048e+04 1.318532427e+00 1.058949904e+00 4.226666568e+00 3.297320751e+00 4.523101575e+00 4.436986181e+00
1.219238477e+04 1.318591370e+00 1.064915596e+00 4.184617868e+00 3.270299185e+00 4.554615671e+00 4.469869347e+00
1.226452906e+04 1.318952888e+00 1.071037748e+00 4.142692386e+00 3.243239547e+00 4.585875893e+00 4.502488112e+00
1.233667335e+04 1.319616048e+00 1.077318708e+00 4.100900392e+00 3.216151893e+00 4.616870772e+00 4.534831319e+00
1.240881764e+04 1.320579999e+00 1.083760840e+00 4.059251995e+00 3.189046141e+00 4.647588926e+00 4.566887872e+00
1.248096192e+04 1.321843973e+00 1.090366524e+00 4.017757130e+00 3.161932072e+00 4.678019066e+00 4.598646749e+00
1.255310621e+04 1.323407285e+00 1.097138156e+00 3.976425540e+00 3.134819312e+00 4.708150010e+00 4.630097016e+00
1.262525050e+04 1.325269330e+00 1.104078148e+00 3.935266790e+00 3.107717344e+00 4.737970683e+00 4.661227822e+00
1.269739479e+04 1.327429583e+00 1.111188928e+00 3.894290253e+00 3.080635489e+00 4.767470123e+00 4.692028413e+00
1.276953908e+04 1.329887596e+00 1.118472939e+00 3.853505094e+00 3.053582908e+00 4.796637496e+00 4.722488143e+00
1.284168337e+04 1.332642997e+00 1.125932640e+00 3.812920290e+00 3.026568603e+00 4.825462087e+00 4.752596468e+00
1.291382766e+04 1.335695490e+00 1.133570505e+00 3.772544603e+00 2.999601405e+00 4.853933322e+00 4.782342963e+00
1.298597194e+04 1.339044851e+00 1.141389021e+00 3.732386581e+00 2.972689969e+00 4.882040766e+00 4.811717331e+00
1.305811623e+04 1.342690929e+00 1.149390689e+00 3.692454573e+00 2.945842790e+00 4.909774118e+00 4.840709388e+00
1.313026052e+04 1.346633640e+00 1.157578026e+00 3.652756694e+00 2.919068171e+00 4.937123236e+00 4.869309099e+00
1.320240481e+04 1.350872972e+00 1.165953561e+00 3.613300843e+00 2.892374239e+00 4.964078133e+00 4.897506562e+00
1.327454910e+04 1.355408977e+00 1.174519831e+00 3.574094708e+00 2.865768948e+00 4.990628971e+00 4.925292016e+00
1.334669339e+04 1.360241771e+00 1.183279391e+00 3.535145734e+00 2.839260054e+00 5.016766087e+00 4.952655858e+00
1.341883768e+04 1.365371536e+00 1.192234804e+00 3.496461146e+00 2.812855131e+00 5.042479983e+00 4.979588635e+00
1.349098196e+04 1.370798510e+00 1.201388640e+00 3.458047947e+00 2.786561573e+00 5.067761325e+00 5.006081049e+00
1.356312625e+04 1.376522995e+00 1.210743484e+00 3.419912896e+00 2.760386570e+00 5.092600966e+00 5.032123977e+00
1.363527054e+04 1.382545347e+00 1.220301923e+00 3.382062527e+00 2.734337131e+00 5.116989933e+00 5.057708457e+00
1.370741483e+04 1.388865976e+00 1.230066555e+00 3.344503148e+00 2.708420072e+00 5.140919433e+00 5.082825697e+00
1.377955912e+04 1.395485347e+00 1.240039983e+00 3.307240820e+00 2.682642009e+00 5.164380869e+00 5.107467089e+00
1.385170341e+04 1.402403975e+00 1.250224813e+00 3.270281383e+00 2.657009372e+00 5.187365822e+00 5.131624199e+00
1.392384770e+04 1.409622420e+00 1.260623657e+00 3.233630440e+00 2.631528398e+00 5.209866070e+00 5.155288774e+00
1.399599198e+04 1.417141294e+00 1.271239130e+00 3.197293356e+00 2.606205119e+00 5.231873591e+00 5.178452758e+00
1.406813627e+04 1.424961247e+00 1.282073842e+00 3.161275276e+00 2.581045388e+00 5.253380549e+00 5.201108271e+00
1.414028056e+04 1.433082973e+00 1.293130408e+00 3.125581105e+00 2.556054856e+00 5.274379315e+00 5.223247633e+00
1.421242485e+04 1.441507205e+00 1.304411442e+00 3.090215515e+00 2.531238978e+00 5.294862465e+00 5.244863361e+00
1.428456914e+04 1.450234708e+00 1.315919546e+00 3.055182966e+00 2.506603029e+00 5.314822766e+00 5.265948158e+00
1.435671343e+04 1.459266286e+00 1.327657325e+00 3.020487675e+00 2.482152080e+00 5.334253203e+00 5.286494939e+00
1.442885772e+04 1.468602772e+00 1.339627374e+00 2.986133637e+00 2.457891015e+00 5.353146963e+00 5.306496818e+00
1.450100200e+04 1.478245024e+00 1.351832275e+00 2.952124636e+00 2.433824538e+00 5.371497437e+00 5.325947104e+00
1.457314629e+04 1.488193929e+00 1.364274605e+00 2.918464223e+00 2.409957155e+00 5.389298234e+00 5.344839323e+00
1.464529058e+04 1.498450396e+00 1.376956925e+00 2.885155736e+00 2.386293188e+00 5.406543169e+00 5.363167202e+00
1.471743487e+04 1.509015350e+00 1.389881779e+00 2.852202304e+00 2.362836784e+00 5.423226266e+00 5.380924673e+00
1.478957916e+04 1.519889737e+00 1.403051697e+00 2.819606835e+00 2.339591897e+00 5.439341770e+00 5.398105886e+00
1.486172345e+04 1.531074514e+00 1.416469188e+00 2.787372033e+00 2.316562307e+00 5.454884132e+00 5.414705199e+00
1.493386774e+04 1.542570647e+00 1.430136737e+00 2.755500400e+00 2.293751619e+00 5.469848020e+00 5.430717177e+00
1.500601202e+04 1.554379112e+00 1.444056809e+00 2.723994230e+00 2.271163257e+00 5.484228318e+00 5.446136605e+00
1.507815631e+04 1.566500887e+00 1.458231838e+00 2.692855624e+00 2.248800478e+00 5.498020125e+00 5.460958480e+00
1.515030060e+04 1.578936948e+00 1.472664230e+00 2.662086487e+00 2.226666369e+00 5.511218752e+00 5.475178010e+00
1.522244489e+04 1.591688273e+00 1.487356362e+00 2.631688531e+00 2.204763845e+00 5.523819734e+00 5.488790626e+00
1.529458918e+04 1.604755829e+00 1.502310568e+00 2.601663288e+00 2.183095664e+00 5.535818815e+00 5.501791967e+00
1.536673347e+04 1.618140574e+00 1.517529153e+00 2.572012102e+00 2.161664421e+00 5.547211958e+00 5.514177894e+00
1.543887776e+04 1.631843454e+00 1.533014378e+00 2.542736138e+00 2.140472549e+00 5.557995347e+00 5.525944486e+00
1.551102204e+04 1.645865393e+00 1.548768457e+00 2.513836395e+00 2.119522334e+00 5.568165376e+00 5.537088034e+00
1.558316633e+04 1.660207300e+00 1.564793563e+00 2.485313695e+00 2.098815906e+00 5.577718661e+00 5.547605052e+00
1.565531062e+04 1.674870055e+00 1.581091817e+00 2.457168696e+00 2.078355246e+00 5.586652036e+00 5.557492271e+00
1.572745491e+04 1.689854507e+00 1.597665283e+00 2.429401902e+00 2.058142197e+00 5.594962546e+00 5.566746639e+00
1.579959920e+04 1.705161477e+00 1.614515975e+00 2.402013653e+00 2.038178454e+00 5.602647460e+00 5.575365325e+00
1.587174349e+04 1.720791746e+00 1.631645844e+00 2.375004142e+00 2.018465578e+00 5.609704262e+00 5.583345715e+00
1.594388778e+04 1.736746054e+00 1.649056777e+00 2.348373416e+00 1.999004997e+00 5.616130652e+00 5.590685417e+00
1.601603206e+04 1.753025097e+00 1.666750596e+00 2.322121378e+00 1.979798007e+00 5.621924548e+00 5.597382255e+00
1.608817635e+04 1.769629520e+00 1.684729052e+00 2.296247795e+00 1.960845779e+00 5.627084086e+00 5.603434276e+00
1.616032064e+04 1.786559916e+00 1.702993821e+00 2.270752302e+00 1.942149359e+00 5.631607617e+00 5.608839743e+00
1.623246493e+04 1.803816820e+00 1.721546505e+00 2.245634405e+00 1.923709677e+00 5.635493711e+00 5.613597142e+00
1.630460922e+04 1.821400706e+00 1.740388621e+00 2.220893486e+00 1.905527544e+00 5.638741156e+00 5.617705179e+00
1.637675351e+04 1.839311977e+00 1.759521601e+00 2.196528813e+00 1.887603663e+00 5.641348956e+00 5.621162778e+00
1.644889780e+04 1.857550970e+00 1.778946791e+00 2.172539535e+00 1.869938626e+00 5.643316331e+00 5.623969086e+00
1.652104208e+04 1.876117948e+00 1.798665444e+00 2.148924696e+00 1.852532921e+00 5.644642721e+00 5.626123468e+00
1.659318637e+04 1.895013085e+00 1.818678710e+00 2.125683233e+00 1.835386938e+00 5.645327781e+00 5.627625510e+00
1.666533066e+04 1.914236482e+00 1.838987645e+00 2.102813986e+00 1.818500968e+00 5.645371383e+00 5.628475021e+00
1.673747495e+04 1.933788146e+00 1.859593198e+00 2.080315699e+00 1.801875210e+00 5.644773617e+00 5.628672027e+00
1.680961924e+04 1.953667990e+00 1.880496207e+00 2.058187022e+00 1.785509773e+00 5.643534793e+00 5.628216780e+00
1.688176353e+04 1.973875831e+00 1.901697400e+00 2.036426526e+00 1.769404681e+00 5.641655436e+00 5.627109749e+00
1.695390782e+04 1.994411385e+00 1.923197387e+00 2.015032695e+00 1.753559875e+00 5.639136288e+00 5.625351627e+00
1.702605210e+04 2.015274258e+00 1.944996655e+00 1.994003937e+00 1.737975219e+00 5.635978311e+00 5.622943328e+00
1.709819639e+04 2.036463948e+00 1.967095569e+00 1.973338588e+00 1.722650500e+00 5.632182683e+00 5.619885984e+00
1.717034068e+04 2.057979835e+00 1.989494361e+00 1.953034915e+00 1.707585436e+00 5.627750799e+00 5.616180955e+00
1.724248497e+04 2.079821182e+00 2.012193133e+00 1.933091121e+00 1.692779675e+00 5.622684276e+00 5.611829819e+00
1.731462926e+04 2.101987124e+00 2.035191847e+00 1.913505349e+00 1.678232801e+00 5.616984947e+00 5.606834378e+00
1.738677355e+04 2.124476671e+00 2.058490325e+00 1.894275685e+00 1.663944340e+00 5.610654864e+00 5.601196657e+00
1.745891784e+04 2.147288696e+00 2.082088244e+00 1.875400164e+00 1.649913757e+00 5.603696297e+00 5.594918902e+00
1.753106212e+04 2.170421938e+00 2.105985129e+00 1.856876771e+00 1.636140461e+00 5.596111733e+00 5.588003581e+00
1.760320641e+04 2.193874991e+00 2.130180353e+00 1.838703450e+00 1.622623816e+00 5.587903882e+00 5.580453386e+00
1.767535070e+04 2.217646305e+00 2.154673132e+00 1.820878106e+00 1.609363135e+00 5.579075669e+00 5.572271233e+00
1.774749499e+04 2.241734184e+00 2.179462522e+00 1.803398597e+00 1.596357683e+00 5.569630238e+00 5.563460256e+00
1.781963928e+04 2.266136773e+00 2.204547412e+00 1.786262761e+00 1.583606690e+00 5.559570953e+00 5.554023816e+00
1.789178357e+04 2.290852058e+00 2.229926522e+00 1.769468401e+00 1.571109345e+00 5.548901396e+00 5.543965497e+00
1.796392786e+04 2.315877867e+00 2.255598401e+00 1.753013295e+00 1.558864801e+00 5.537625366e+00 5.533289101e+00
1.803607214e+04 2.341211864e+00 2.281561421e+00 1.736895191e+00 1.546872175e+00 5.525746877e+00 5.521998649e+00
1.810821643e+04 2.366851538e+00 2.307813774e+00 1.721111830e+00 1.535130561e+00 5.513270165e+00 5.510098390e+00
1.818036072e+04 2.392794204e+00 2.334353466e+00 1.705660934e+00 1.523639025e+00 5.500199684e+00 5.497592792e+00
1.825250501e+04 2.419037022e+00 2.361178335e+00 1.690540201e+00 1.512396603e+00 5.486540101e+00 5.484486545e+00
1.832464930e+04 2.445576954e+00 2.388286014e+00 1.675747331e+00 1.501402315e+00 5.472296306e+00 5.470784559e+00
1.839679359e+04 2.472410783e+00 2.415673946e+00 1.661280018e+00 1.490655164e+00 5.457473402e+00 5.456491966e+00
1.846893788e+04 2.499535107e+00 2.443339380e+00 1.647135949e+00 1.480154136e+00 5.442076706e+00 5.441614112e+00
1.854108216e+04 2.526946341e+00 2.471279373e+00 1.633312801e+00 1.469898195e+00 5.426111736e+00 5.426156553e+00
1.861322645e+04 2.554640703e+00 2.499490773e+00 1.619808265e+00 1.459886303e+00 5.409584237e+00 5.410125071e+00
1.868537074e+04 2.582614224e+00 2.527970233e+00 1.606620029e+00 1.450117410e+00 5.392500162e+00 5.393525660e+00
1.875751503e+04 2.610862747e+00 2.556714206e+00 1.593745790e+00 1.440590460e+00 5.374865674e+00 5.376364529e+00
1.882965932e+04 2.639381908e+00 2.585718931e+00 1.581183256e+00 1.431304392e+00 5.356687147e+00 5.358648100e+00
1.890180361e+04 2.668167155e+00 2.614980447e+00 1.568930145e+00 1.422258144e+00 5.337971160e+00 5.340383006e+00
1.897394790e+04 2.697213739e+00 2.644494588e+00 1.556984188e+00 1.413450653e+00 5.318724501e+00 5.321576089e+00
1.904609218e+04 2.726516704e+00 2.674256969e+00 1.545343138e+00 1.404880863e+00 5.298954166e+00 5.302234402e+00
1.911823647e+04 2.756070894e+00 2.704262997e+00 1.534004759e+00 1.396547714e+00 5.278667335e+00 5.282365189e+00
1.919038076e+04 2.785870946e+00 2.734507865e+00 1.522966837e+00 1.388450157e+00 5.257871390e+00 5.261975900e+00
1.926252505e+04 2.815911292e+00 2.764986549e+00 1.512227185e+00 1.380587152e+00 5.236573918e+00 5.241074189e+00
1.933466934e+04 2.846186172e+00 2.795693821e+00 1.501783635e+00 1.372957665e+00 5.214782692e+00 5.219667901e+00
1.940681363e+04 2.876689611e+00 2.826624234e+00 1.491634048e+00 1.365560677e+00 5.192505676e+00 5.197765076e+00
1.947895792e+04 2.907415427e+00 2.857772118e+00 1.481776316e+00 1.358395181e+00 5.169751024e+00 5.175373948e+00
1.955110220e+04 2.938357268e+00 2.889131622e+00 1.472208357e+00 1.351460187e+00 5.146527082e+00 5.152502940e+00
1.962324649e+04 2.969508555e+00 2.920696659e+00 1.462928125e+00 1.344754721e+00 5.122842375e+00 5.129160661e+00
1.969539078e+04 3.000862516e+00 2.952460936e+00 1.453933607e+00 1.338277830e+00 5.098705613e+00 5.105355906e+00
1.976753507e+04 3.032412180e+00 2.984417953e+00 1.445222819e+00 1.332028573e+00 5.074125655e+00 5.081097623e+00
1.983967936e+04 3.064150377e+00 3.016560997e+00 1.436793817e+00 1.326006038e+00 5.049111545e+00 5.056394947e+00
1.991182365e+04 3.096069729e+00 3.048883145e+00 1.428644690e+00 1.320209328e+00 5.023672474e+00 5.031257163e+00
1.998396794e+04 3.128162660e+00 3.081377260e+00 1.420773564e+00 1.314637570e+00 4.997817781e+00 5.005693710e+00
2.005611222e+04 3.160421406e+00 3.114036011e+00 1.413178609e+00 1.309289919e+00 4.971556972e+00 4.979714196e+00
2.012825651e+04 3.192838049e+00 3.146851899e+00 1.405858044e+00 1.304165562e+00 4.944899748e+00 4.953328424e+00
2.020040080e+04 3.225404475e+00 3.179817210e+00 1.398810131e+00 1.299263713e+00 4.917855936e+00 4.926546324e+00
2.027254509e+04 3.258112382e+00 3.212924025e+00 1.392033166e+00 1.294583608e+00 4.890435484e+00 4.899377945e+00
2.034468938e+04 3.290953264e+00 3.246164219e+00 1.385525488e+00 1.290124514e+00 4.862648453e+00 4.871833455e+00
2.041683367e+04 3.323918453e+00 3.279529496e+00 1.379285484e+00 1.285885729e+00 4.834505048e+00 4.843923172e+00
2.048897796e+04 3.356999124e+00 3.313011390e+00 1.373311594e+00 1.281866588e+00 4.806015616e+00 4.815657557e+00
2.056112224e+04 3.390186290e+00 3.346601258e+00 1.367602301e+00 1.278066455e+00 4.777190614e+00 4.787047181e+00
2.063326653e+04 3.423470781e+00 3.380290264e+00 1.362156133e+00 1.274484725e+00 4.748040592e+00 4.758102709e+00
2.070541082e+04 3.456843273e+00 3.414069397e+00 1.356971669e+00 1.271120827e+00 4.718576198e+00 4.728834907e+00
2.077755511e+04 3.490294295e+00 3.447929496e+00 1.352047537e+00 1.267974231e+00 4.688808189e+00 4.699254652e+00
2.084969940e+04 3.523814241e+00 3.481861244e+00 1.347382420e+00 1.265044442e+00 4.658747418e+00 4.669372916e+00
2.092184369e+04 3.557393354e+00 3.515855170e+00 1.342975048e+00 1.262331001e+00 4.628404812e+00 4.639200751e+00
2.099398798e+04 3.591021738e+00 3.549901644e+00 1.338824200e+00 1.259833483e+00 4.597791364e+00 4.608749272e+00
2.106613226e+04 3.624689375e+00 3.583990901e+00 1.334928710e+00 1.257551505e+00 4.566918138e+00 4.578029670e+00
2.113827655e+04 3.658386115e+00 3.618113032e+00 1.331287463e+00 1.255484720e+00 4.535796266e+00 4.547053203e+00
2.121042084e+04 3.692101701e+00 3.652258006e+00 1.327899398e+00 1.253632822e+00 4.504436926e+00 4.515831177e+00
2.128256513e+04 3.725825759e+00 3.686415665e+00 1.324763506e+00 1.251995544e+00 4.472851343e+00 4.484374944e+00
2.135470942e+04 3.759547815e+00 3.720575734e+00 1.321878833e+00 1.250572659e+00 4.441050778e+00 4.452695898e+00
2.142685371e+04 3.793257306e+00 3.754727834e+00 1.319244475e+00 1.249363983e+00 4.409046513e+00 4.420805449e+00
2.149899800e+04 3.826943560e+00 3.788861471e+00 1.316859586e+00 1.248369368e+00 4.376849869e+00 4.388715050e+00
2.157114228e+04 3.860595845e+00 3.822966069e+00 1.314723372e+00 1.247588714e+00 4.344472160e+00 4.356436149e+00
2.164328657e+04 3.894203337e+00 3.857030950e+00 1.312835094e+00 1.247021956e+00 4.311924724e+00 4.323980216e+00
2.171543086e+04 3.927755153e+00 3.891045363e+00 1.311194066e+00 1.246669076e+00 4.279218883e+00 4.291358706e+00
2.178757515e+04 3.961240350e+00 3.924998484e+00 1.309799659e+00 1.246530094e+00 4.246365953e+00 4.258583070e+00
2.185971944e+04 3.994647928e+00 3.958879417e+00 1.308651296e+00 1.246605076e+00 4.213377238e+00 4.225664746e+00
2.193186373e+04 4.027966853e+00 3.992677219e+00 1.307748455e+00 1.246894129e+00 4.180263996e+00 4.192615127e+00
2.200400802e+04 4.061186034e+00 4.026380877e+00 1.307090669e+00 1.247397402e+00 4.147037477e+00 4.159445597e+00
2.207615230e+04 4.094294380e+00 4.059979364e+00 1.306677526e+00 1.248115087e+00 4.113708863e+00 4.126167475e+00
2.214829659e+04 4.127280751e+00 4.093461588e+00 1.306508667e+00 1.249047421e+00 4.080289313e+00 4.092792055e+00
2.222044088e+04 4.160134010e+00 4.126816454e+00 1.306583786e+00 1.250194679e+00 4.046789896e+00 4.059330541e+00
2.229258517e+04 4.192843001e+00 4.160032829e+00 1.306902631e+00 1.251557184e+00 4.013221644e+00 4.025794100e+00
2.236472946e+04 4.225396595e+00 4.193099593e+00 1.307465008e+00 1.253135298e+00 3.979595508e+00 3.992193819e+00
2.243687375e+04 4.257783647e+00 4.226005603e+00 1.308270771e+00 1.254929427e+00 3.945922356e+00 3.958540699e+00
2.250901804e+04 4.289993029e+00 4.258739716e+00 1.309319827e+00 1.256940018e+00 3.912212959e+00 3.924845647e+00
2.258116232e+04 4.322013662e+00 4.291290827e+00 1.310612136e+00 1.259167561e+00 3.878478005e+00 3.891119484e+00
2.265330661e+04 4.353834478e+00 4.323647827e+00 1.312147715e+00 1.261612591e+00 3.844728092e+00 3.857372944e+00
2.272545090e+04 4.385444468e+00 4.355799661e+00 1.313926627e+00 1.264275680e+00 3.810973681e+00 3.823616618e+00
2.279759519e+04 4.416832649e+00 4.387735279e+00 1.315948987e+00 1.267157443e+00 3.777225147e+00 3.789861015e+00
2.286973948e+04 4.447988115e+00 4.419443705e+00 1.318214962e+00 1.270258536e+00 3.743492718e+00 3.756116495e+00
2.294188377e+04 4.478900003e+00 4.450913989e+00 1.320724768e+00 1.273579658e+00 3.709786517e+00 3.722393310e+00
2.301402806e+04 4.509557537e+00 4.482135260e+00 1.323478671e+00 1.277121543e+00 3.676116513e+00 3.688701562e+00
2.308617234e+04 4.539950003e+00 4.513096699e+00 1.326476986e+00 1.280884970e+00 3.642492553e+00 3.655051225e+00
2.315831663e+04 4.570066783e+00 4.543787567e+00 1.329720075e+00 1.284870755e+00 3.608924327e+00 3.621452118e+00
2.323046092e+04 4.599897340e+00 4.574197205e+00 1.333208349e+00 1.289079753e+00 3.575421381e+00 3.587913913e+00
2.330260521e+04 4.629431235e+00 4.604315034e+00 1.336942263e+00 1.293512856e+00 3.541993104e+00 3.554446127e+00
2.337474950e+04 4.658658129e+00 4.634130571e+00 1.340922322e+00 1.298170995e+00 3.508648728e+00 3.521058116e+00
2.344689379e+04 4.687567803e+00 4.663633440e+00 1.345149071e+00 1.303055137e+00 3.475397312e+00 3.487759063e+00
2.351903808e+04 4.716150148e+00 4.692813370e+00 1.349623100e+00 1.308166285e+00 3.442247749e+00 3.454557981e+00
2.359118236e+04 4.744395178e+00 4.721660202e+00 1.354345045e+00 1.313505478e+00 3.409208754e+00 3.421463708e+00
2.366332665e+04 4.772293040e+00 4.750163906e+00 1.359315579e+00 1.319073787e+00 3.376288862e+00 3.388484899e+00
2.373547094e+04 4.799834003e+00 4.778314560e+00 1.364535419e+00 1.324872319e+00 3.343496436e+00 3.355630034e+00
2.380761523e+04 4.827008480e+00 4.806102385e+00 1.370005322e+00 1.330902213e+00 3.310839647e+00 3.322907400e+00
2.387975952e+04 4.853807021e+00 4.833517728e+00 1.375726083e+00 1.337164640e+00 3.278326484e+00 3.290325103e+00
2.395190381e+04 4.880220324e+00 4.860551079e+00 1.381698533e+00 1.343660800e+00 3.245964745e+00 3.257891053e+00
2.402404810e+04 4.906239241e+00 4.887193077e+00 1.387923542e+00 1.350391925e+00 3.213762035e+00 3.225612966e+00
2.409619238e+04 4.931854778e+00 4.913434507e+00 1.394402014e+00 1.357359275e+00 3.181725762e+00 3.193498363e+00
2.416833667e+04 4.957058103e+00 4.939266315e+00 1.401134883e+00 1.364564135e+00 3.149863140e+00 3.161554564e+00
2.424048096e+04 4.981840552e+00 4.964679606e+00 1.408123121e+00 1.372007819e+00 3.118181178e+00 3.129788685e+00
2.431262525e+04 5.006193629e+00 4.989665650e+00 1.415367727e+00 1.379691665e+00 3.086686688e+00 3.098207642e+00
2.438476954e+04 5.030109003e+00 5.014215879e+00 1.422869729e+00 1.387617034e+00 3.055386282e+00 3.066818153e+00
2.445691383e+04 5.053578534e+00 5.038321910e+00 1.430630184e+00 1.395785309e+00 3.024286359e+00 3.035626715e+00
2.452905812e+04 5.076594250e+00 5.061975528e+00 1.438650175e+00 1.404197895e+00 2.993393123e+00 3.004639633e+00
2.460120240e+04 5.099148358e+00 5.085168691e+00 1.446930807e+00 1.412856214e+00 2.962712579e+00 2.973863008e+00
2.467334669e+04 5.121233263e+00 5.107893554e+00 1.455473213e+00 1.421761709e+00 2.932250511e+00 2.943302721e+00
2.474549098e+04 5.142841546e+00 5.130142445e+00 1.464278540e+00 1.430915837e+00 2.902012513e+00 2.912964458e+00
2.481763527e+04 5.163965979e+00 5.151907883e+00 1.473347958e+00 1.440320067e+00 2.872003975e+00 2.882853702e+00
2.488977956e+04 5.184599531e+00 5.173182582e+00 1.482682656e+00 1.449975888e+00 2.842230074e+00 2.852975718e+00
2.496192385e+04 5.204735360e+00 5.193959442e+00 1.492283832e+00 1.459884791e+00 2.812695795e+00 2.823335580e+00
2.503406814e+04 5.224366819e+00 5.214231561e+00 1.502152703e+00 1.470048283e+00 2.783405917e+00 2.793938151e+00
2.510621242e+04 5.243487466e+00 5.233992239e+00 1.512290495e+00 1.480467876e+00 2.754365015e+00 2.764788090e+00
2.517835671e+04 5.262091048e+00 5.253234966e+00 1.522698441e+00 1.491145086e+00 2.725577473e+00 2.735889863e+00
2.525050100e+04 5.280171520e+00 5.271953440e+00 1.533377785e+00 1.502081433e+00 2.697047471e+00 2.707247729e+00
2.532264529e+04 5.297723041e+00 5.290141563e+00 1.544329773e+00 1.513278441e+00 2.668778991e+00 2.678865748e+00
2.539478958e+04 5.314739961e+00 5.307793432e+00 1.555555652e+00 1.524737628e+00 2.640775833e+00 2.650747793e+00
2.546693387e+04 5.331216847e+00 5.324903358e+00 1.567056672e+00 1.536460512e+00 2.613041591e+00 2.622897535e+00
2.553907816e+04 5.347148467e+00 5.341465858e+00 1.578834079e+00 1.548448608e+00 2.585579673e+00 2.595318450e+00
2.561122244e+04 5.362529787e+00 5.357475648e+00 1.590889113e+00 1.560703417e+00 2.558393311e+00 2.568013841e+00
2.568336673e+04 5.377355989e+00 5.372927662e+00 1.603223007e+00 1.573226436e+00 2.531485538e+00 2.540986808e+00
2.575551102e+04 5.391622459e+00 5.387817039e+00 1.615836988e+00 1.586019147e+00 2.504859209e+00 2.514240271e+00
2.582765531e+04 5.405324783e+00 5.402139125e+00 1.628732263e+00 1.599083016e+00 2.478517010e+00 2.487776978e+00
2.589979960e+04 5.418458764e+00 5.415889480e+00 1.641910028e+00 1.612419492e+00 2.452461438e+00 2.461599489e+00
2.597194389e+04 5.431020408e+00 5.429063875e+00 1.655371462e+00 1.626030008e+00 2.426694823e+00 2.435710192e+00
2.604408818e+04 5.443005923e+00 5.441658286e+00 1.669117719e+00 1.639915966e+00 2.401219329e+00 2.410111308e+00
2.611623246e+04 5.454411736e+00 5.453668906e+00 1.683149932e+00 1.654078751e+00 2.376036947e+00 2.384804884e+00
2.618837675e+04 5.465234472e+00 5.465092139e+00 1.697469207e+00 1.668519714e+00 2.351149507e+00 2.359792803e+00
2.626052104e+04 5.475470966e+00 5.475924596e+00 1.712076618e+00 1.683240176e+00 2.326558686e+00 2.335076792e+00
2.633266533e+04 5.485118264e+00 5.486163105e+00 1.726973208e+00 1.698241426e+00 2.302265996e+00 2.310658414e+00
2.640480962e+04 5.494173615e+00 5.495804701e+00 1.742159985e+00 1.713524715e+00 2.278272802e+00 2.286539081e+00
2.647695391e+04 5.502634474e+00 5.504846632e+00 1.757637915e+00 1.729091251e+00 2.254580321e+00 2.262720056e+00
2.654909820e+04 5.510498507e+00 5.513286360e+00 1.773407924e+00 1.744942204e+00 2.231189624e+00 2.239202452e+00
2.662124248e+04 5.517763582e+00 5.521121553e+00 1.789470892e+00 1.761078694e+00 2.208101641e+00 2.215987243e+00
2.669338677e+04 5.524427776e+00 5.528350093e+00 1.805827649e+00 1.777501793e+00 2.185317166e+00 2.193075262e+00
2.676553106e+04 5.530489371e+00 5.534970073e+00 1.822478976e+00 1.794212520e+00 2.162836860e+00 2.170467208e+00
2.683767535e+04 5.535946851e+00 5.540979794e+00 1.839425595e+00 1.811211840e+00 2.140661255e+00 2.148163650e+00
2.690981964e+04 5.540798909e+00 5.546377769e+00 1.856668171e+00 1.828500655e+00 2.118790758e+00 2.126165029e+00
2.698196393e+04 5.545044441e+00 5.551162720e+00 1.874207308e+00 1.846079809e+00 2.097225653e+00 2.104471663e+00
2.705410822e+04 5.548682545e+00 5.555333578e+00 1.892043541e+00 1.863950077e+00 2.075966110e+00 2.083083752e+00
2.712625251e+04 5.551712525e+00 5.558889484e+00 1.910177339e+00 1.882112167e+00 2.055012184e+00 2.062001383e+00
2.719839679e+04 5.554133888e+00 5.561829788e+00 1.928609096e+00 1.900566714e+00 2.034363821e+00 2.041224528e+00
2.727054108e+04 5.555946340e+00 5.564154044e+00 1.947339131e+00 1.919314274e+00 2.014020863e+00 2.020753055e+00
2.734268537e+04 5.557149794e+00 5.565862019e+00 1.966367683e+00 1.938355327e+00 1.993983049e+00 2.000586730e+00
2.741482966e+04 5.557744362e+00 5.566953686e+00 1.985694908e+00 1.957690271e+00 1.974250022e+00 1.980725217e+00
2.748697395e+04 5.557730358e+00 5.567429224e+00 2.005320877e+00 1.977319415e+00 1.954821331e+00 1.961168087e+00
2.755911824e+04 5.557108298e+00 5.567289020e+00 2.025245566e+00 1.997242977e+00 1.935696436e+00 1.941914822e+00
2.763126253e+04 5.555878897e+00 5.566533668e+00 2.045468862e+00 2.017461086e+00 1.916874712e+00 1.922964813e+00
2.770340681e+04 5.554043071e+00 5.565163966e+00 2.065990552e+00 2.037973771e+00 1.898355451e+00 1.904317372e+00
2.777555110e+04 5.551601934e+00 5.563180915e+00 2.086810321e+00 2.058780958e+00 1.880137866e+00 1.885971727e+00
2.784769539e+04 5.548556799e+00 5.560585724e+00 2.107927751e+00 2.079882474e+00 1.862221100e+00 1.867927035e+00
2.791983968e+04 5.544909178e+00 5.557379807e+00 2.129342315e+00 2.101278035e+00 1.844604224e+00 1.850182379e+00
2.799198397e+04 5.540660784e+00 5.553564780e+00 2.151053376e+00 2.122967249e+00 1.827286239e+00 1.832736774e+00
2.806412826e+04 5.535813526e+00 5.549142466e+00 2.173060181e+00 2.144949607e+00 1.810266087e+00 1.815589170e+00
2.813627255e+04 5.530369513e+00 5.544114889e+00 2.195361858e+00 2.167224483e+00 1.793542650e+00 1.798738460e+00
2.820841683e+04 5.524331048e+00 5.538484277e+00 2.217957415e+00 2.189791129e+00 1.777114755e+00 1.782183479e+00
2.828056112e+04 5.517700621e+00 5.532253049e+00 2.240845730e+00 2.212648673e+00 1.760981169e+00 1.765923000e+00
2.835270541e+04 5.510480925e+00 5.525423833e+00 2.264025554e+00 2.235796113e+00 1.745140616e+00 1.749955752e+00
2.842484970e+04 5.502674848e+00 5.517999456e+00 2.287495506e+00 2.259232315e+00 1.729591776e+00 1.734280421e+00
2.849699399e+04 5.494285475e+00 5.509982949e+00 2.311254072e+00 2.282956014e+00 1.714333285e+00 1.718895644e+00
2.856913828e+04 5.485316101e+00 5.501377557e+00 2.335299609e+00 2.306965814e+00 1.699363740e+00 1.703800022e+00
2.864128257e+04 5.475770206e+00 5.492186715e+00 2.359630325e+00 2.331260172e+00 1.684681703e+00 1.688992118e+00
2.871342685e+04 5.465651455e+00 5.482414049e+00 2.384244284e+00 2.355837401e+00 1.670285703e+00 1.674470460e+00
2.878557114e+04 5.454963676e+00 5.472063359e+00 2.409139391e+00 2.380695655e+00 1.656174230e+00 1.660233537e+00
2.885771543e+04 5.443710907e+00 5.461138654e+00 2.434313405e+00 2.405832948e+00 1.642345753e+00 1.646279816e+00
2.892985972e+04 5.431897403e+00 5.449644167e+00 2.459763952e+00 2.431247151e+00 1.628798720e+00 1.632607743e+00
2.900200401e+04 5.419527600e+00 5.437584314e+00 2.485488496e+00 2.456935979e+00 1.615531559e+00 1.619215739e+00
2.907414830e+04 5.406606116e+00 5.424963701e+00 2.511484341e+00 2.482896984e+00 1.602542674e+00 1.606102208e+00
2.914629259e+04 5.393137752e+00 5.411787121e+00 2.537748630e+00 2.509127559e+00 1.589830457e+00 1.593265533e+00
2.921843687e+04 5.379127477e+00 5.398059542e+00 2.564278336e+00 2.535624927e+00 1.577393281e+00 1.580704080e+00
2.929058116e+04 5.364580475e+00 5.383786151e+00 2.591070284e+00 2.562386159e+00 1.565229514e+00 1.568416212e+00
2.936272545e+04 5.349502101e+00 5.368972312e+00 2.618121124e+00 2.589408157e+00 1.553337516e+00 1.556400277e+00
2.943486974e+04 5.333897903e+00 5.353623583e+00 2.645427350e+00 2.616687658e+00 1.541715640e+00 1.544654622e+00
2.950701403e+04 5.317773609e+00 5.337745708e+00 2.672985282e+00 2.644221227e+00 1.530362239e+00 1.533177589e+00
2.957915832e+04 5.301135100e+00 5.321344586e+00 2.700791059e+00 2.672005249e+00 1.519275655e+00 1.521967509e+00
2.965130261e+04 5.283988452e+00 5.304426317e+00 2.728840658e+00 2.700035942e+00 1.508454239e+00 1.511022723e+00
2.972344689e+04 5.266339915e+00 5.286997185e+00 2.757129883e+00 2.728309354e+00 1.497896342e+00 1.500341569e+00
2.979559118e+04 5.248195917e+00 5.269063654e+00 2.785654369e+00 2.756821360e+00 1.487600324e+00 1.489922395e+00
2.986773547e+04 5.229563063e+00 5.250632368e+00 2.814409576e+00 2.785567659e+00 1.477564554e+00 1.479763554e+00
2.993987976e+04 5.210448114e+00 5.231710127e+00 2.843390785e+00 2.814543766e+00 1.467787403e+00 1.469863406e+00
3.001202405e+04 5.190858004e+00 5.212303905e+00 2.872593103e+00 2.843745019e+00 1.458267259e+00 1.460220323e+00
3.008416834e+04 5.170799814e+00 5.192420837e+00 2.902011460e+00 2.873166582e+00 1.449002518e+00 1.450832685e+00
3.015631263e+04 5.150280797e+00 5.172068230e+00 2.931640614e+00 2.902803438e+00 1.439991591e+00 1.441698890e+00
3.022845691e+04 5.129308382e+00 5.151253574e+00 2.961475154e+00 2.932650407e+00 1.431232913e+00 1.432817353e+00
3.030060120e+04 5.107890139e+00 5.129984499e+00 2.991509489e+00 2.962702118e+00 1.422724931e+00 1.424186507e+00
3.037274549e+04 5.086033796e+00 5.108268798e+00 3.021737858e+00 2.992953027e+00 1.414466115e+00 1.415804802e+00
3.044488978e+04 5.063747220e+00 5.086114403e+00 3.052154323e+00 3.023397411e+00 1.406454951e+00 1.407670709e+00
3.051703407e+04 5.041038421e+00 5.063529394e+00 3.082752771e+00 3.054029368e+00 1.398689951e+00 1.399782718e+00
3.058917836e+04 5.017915551e+00 5.040521999e+00 3.113526926e+00 3.084842829e+00 1.391169646e+00 1.392139346e+00
3.066132265e+04 4.994386909e+00 5.017100595e+00 3.144470342e+00 3.115831552e+00 1.383892599e+00 1.384739133e+00
3.073346693e+04 4.970460963e+00 4.993273734e+00 3.175576422e+00 3.146989138e+00 1.376857404e+00 1.377580654e+00
3.080561122e+04 4.946146270e+00 4.969050058e+00 3.206838383e+00 3.178308998e+00 1.370062676e+00 1.370662504e+00
3.087775551e+04 4.921451492e+00 4.944438311e+00 3.238249271e+00 3.209784364e+00 1.363507053e+00 1.363983301e+00
3.094989980e+04 4.896385447e+00 4.919447399e+00 3.269801994e+00 3.241408327e+00 1.357189211e+00 1.357541700e+00
3.102204409e+04 4.870957068e+00 4.894086348e+00 3.301489297e+00 3.273173809e+00 1.351107856e+00 1.351336386e+00
3.109418838e+04 4.845175411e+00 4.868364308e+00 3.333303772e+00 3.305073574e+00 1.345261729e+00 1.345366079e+00
3.116633267e+04 4.819049615e+00 4.842290519e+00 3.365237852e+00 3.337100221e+00 1.339649600e+00 1.339629526e+00
3.123847695e+04 4.792588933e+00 4.815874332e+00 3.397283824e+00 3.369246197e+00 1.334270274e+00 1.334125510e+00
3.131062124e+04 4.765802715e+00 4.789125197e+00 3.429433832e+00 3.401503797e+00 1.329122591e+00 1.328852850e+00
3.138276553e+04 4.738700411e+00 4.762052667e+00 3.461679880e+00 3.433865172e+00 1.324205428e+00 1.323810400e+00
3.145490982e+04 4.711291552e+00 4.734666380e+00 3.494013833e+00 3.466322326e+00 1.319517700e+00 1.318997050e+00
3.152705411e+04 4.683585752e+00 4.706976057e+00 3.526427424e+00 3.498867123e+00 1.315058355e+00 1.314411729e+00
3.159919840e+04 4.655592699e+00 4.678991498e+00 3.558912253e+00 3.531491291e+00 1.310826384e+00 1.310053401e+00
3.167134269e+04 4.627322157e+00 4.650722576e+00 3.591459801e+00 3.564186426e+00 1.306820812e+00 1.305921070e+00
3.174348697e+04 4.598783950e+00 4.622179229e+00 3.624061426e+00 3.596943996e+00 1.303040708e+00 1.302013780e+00
3.181563126e+04 4.569987964e+00 4.593371458e+00 3.656708371e+00 3.629755347e+00 1.299485178e+00 1.298330614e+00
3.188777555e+04 4.540944136e+00 4.564309314e+00 3.689391772e+00 3.662611708e+00 1.296153370e+00 1.294870695e+00
3.195991984e+04 4.511662453e+00 4.535002902e+00 3.722102655e+00 3.695504189e+00 1.293044471e+00 1.291633189e+00
3.203206413e+04 4.482152941e+00 4.505462368e+00 3.754831948e+00 3.728423798e+00 1.290157712e+00 1.288617300e+00
3.210420842e+04 4.452425661e+00 4.475697893e+00 3.787570484e+00 3.761361435e+00 1.287492364e+00 1.285822275e+00
3.217635271e+04 4.422490708e+00 4.445719692e+00 3.820309003e+00 3.794307902e+00 1.285047741e+00 1.283247405e+00
3.224849699e+04 4.392358188e+00 4.415537992e+00 3.853038171e+00 3.827253917e+00 1.282823198e+00 1.280892022e+00
3.232064128e+04 4.362038238e+00 4.385163054e+00 3.885748562e+00 3.860190096e+00 1.280818135e+00 1.278755499e+00
3.239278557e+04 4.331540980e+00 4.354605124e+00 3.918430702e+00 3.893106998e+00 1.279031995e+00 1.276837256e+00
3.246492986e+04 4.300876572e+00 4.323874483e+00 3.951075019e+00 3.925995077e+00 1.277464262e+00 1.275136753e+00
3.253707415e+04 4.270055154e+00 4.292981395e+00 3.983671897e+00 3.958844733e+00 1.276114465e+00 1.273653495e+00
3.260921844e+04 4.239086847e+00 4.261936109e+00 4.016211669e+00 3.991646305e+00 1.274982177e+00 1.272387031e+00
3.268136273e+04 4.207981762e+00 4.230748859e+00 4.048684620e+00 4.024390077e+00 1.274067016e+00 1.271336953e+00
3.275350701e+04 4.176749995e+00 4.199429867e+00 4.081080989e+00 4.057066275e+00 1.273368640e+00 1.270502898e+00
3.282565130e+04 4.145401587e+00 4.167989300e+00 4.113390999e+00 4.089665102e+00 1.272886756e+00 1.269884548e+00
3.289779559e+04 4.113946569e+00 4.136437318e+00 4.145604817e+00 4.122176696e+00 1.272621112e+00 1.269481627e+00
3.296993988e+04 4.082394915e+00 4.104784018e+00 4.177712602e+00 4.154591178e+00 1.272571500e+00 1.269293904e+00
3.304208417e+04 4.050756556e+00 4.073039459e+00 4.209704498e+00 4.186898643e+00 1.272737758e+00 1.269321193e+00
3.311422846e+04 4.019041383e+00 4.041213657e+00 4.241570644e+00 4.219089169e+00 1.273119764e+00 1.269563350e+00
3.318637275e+04 3.987259219e+00 4.009316559e+00 4.273301166e+00 4.251152819e+00 1.273717443e+00 1.270020278e+00
3.325851703e+04 3.955419807e+00 3.977358037e+00 4.304886175e+00 4.283079631e+00 1.274530763e+00 1.270691919e+00
3.333066132e+04 3.923532826e+00 3.945347895e+00 4.336315795e+00 4.314859644e+00 1.275559735e+00 1.271578264e+00
3.340280561e+04 3.891607887e+00 3.913295867e+00 4.367580193e+00 4.346482935e+00 1.276804413e+00 1.272679344e+00
3.347494990e+04 3.859654519e+00 3.881211607e+00 4.398669560e+00 4.377939593e+00 1.278264894e+00 1.273995235e+00
3.354709419e+04 3.827682167e+00 3.849104680e+00 4.429574130e+00 4.409219734e+00 1.279941318e+00 1.275526056e+00
3.361923848e+04 3.795700138e+00 3.816984518e+00 4.460284085e+00 4.440313426e+00 1.281833867e+00 1.277271969e+00
3.369138277e+04 3.763717681e+00 3.784860493e+00 4.490789721e+00 4.471210843e+00 1.283942767e+00 1.279233177e+00
3.376352705e+04 3.731743924e+00 3.752741852e+00 4.521081353e+00 4.501902163e+00 1.286268283e+00 1.281409927e+00
3.383567134e+04 3.699787894e+00 3.720637744e+00 4.551149364e+00 4.532377628e+00 1.288810723e+00 1.283802506e+00
3.390781563e+04 3.667858502e+00 3.688557197e+00 4.580984191e+00 4.562627522e+00 1.291570435e+00 1.286411244e+00
3.397995992e+04 3.635964532e+00 3.656509114e+00 4.610576327e+00 4.592642181e+00 1.294547809e+00 1.289236510e+00
3.405210421e+04 3.604114649e+00 3.624502276e+00 4.639916335e+00 4.622412005e+00 1.297743272e+00 1.292278716e+00
3.412424850e+04 3.572317391e+00 3.592545337e+00 4.668994856e+00 4.651927460e+00 1.301157293e+00 1.295538311e+00
3.419639279e+04 3.540581163e+00 3.560646817e+00 4.697802609e+00 4.681179089e+00 1.304790379e+00 1.299015787e+00
3.426853707e+04 3.508914233e+00 3.528815096e+00 4.726330398e+00 4.710157508e+00 1.308643075e+00 1.302711672e+00
3.434068136e+04 3.477324728e+00 3.497058413e+00 4.754569114e+00 4.738853418e+00 1.312715963e+00 1.306626533e+00
3.441282565e+04 3.445820629e+00 3.465384858e+00 4.782509754e+00 4.767257617e+00 1.317009662e+00 1.310760973e+00
3.448496994e+04 3.414409777e+00 3.433802384e+00 4.810143395e+00 4.795360979e+00 1.321524828e+00 1.315115636e+00
3.455711423e+04 3.383099854e+00 3.402318776e+00 4.837461242e+00 4.823154498e+00 1.326262152e+00 1.319691197e+00
3.462925852e+04 3.351898404e+00 3.370941686e+00 4.864454581e+00 4.850629246e+00 1.331222361e+00 1.324488372e+00
3.470140281e+04 3.320812795e+00 3.339678585e+00 4.891114838e+00 4.877776429e+00 1.336406212e+00 1.329507906e+00
3.477354709e+04 3.289850257e+00 3.308536807e+00 4.917433529e+00 4.904587338e+00 1.341814499e+00 1.334750584e+00
3.484569138e+04 3.259017841e+00 3.277523503e+00 4.943402320e+00 4.931053410e+00 1.347448046e+00 1.340217216e+00
3.491783567e+04 3.228322452e+00 3.246645675e+00 4.969012974e+00 4.957166174e+00 1.353307709e+00 1.345908654e+00
3.498997996e+04 3.197770813e+00 3.215910144e+00 4.994257411e+00 4.982917313e+00 1.359394371e+00 1.351825771e+00
3.506212425e+04 3.167369496e+00 3.185323578e+00 5.019127656e+00 5.008298611e+00 1.365708951e+00 1.357969479e+00
3.513426854e+04 3.137124891e+00 3.154892462e+00 5.043615892e+00 5.033302008e+00 1.372252388e+00 1.364340711e+00
3.520641283e+04 3.107043232e+00 3.124623117e+00 5.067714423e+00 5.057919560e+00 1.379025654e+00 1.370940435e+00
3.527855711e+04 3.077130575e+00 3.094521694e+00 5.091415702e+00 5.082143468e+00 1.386029744e+00 1.377769643e+00
3.535070140e+04 3.047392805e+00 3.064594162e+00 5.114712329e+00 5.105966083e+00 1.393265678e+00 1.384829353e+00
3.542284569e+04 3.017835634e+00 3.034846319e+00 5.137597054e+00 5.129379896e+00 1.400734499e+00 1.392120606e+00
3.549498998e+04 2.988464604e+00 3.005283793e+00 5.160062769e+00 5.152377547e+00 1.408437272e+00 1.399644469e+00
3.556713427e+04 2.959285076e+00 2.975912027e+00 5.182102536e+00 5.174951837e+00 1.416375082e+00 1.407402028e+00
3.563927856e+04 2.930302250e+00 2.946736299e+00 5.203709547e+00 5.197095701e+00 1.424549035e+00 1.415394391e+00
3.571142285e+04 2.901521143e+00 2.917761705e+00 5.224877171e+00 5.218802247e+00 1.432960253e+00 1.423622687e+00
3.578356713e+04 2.872946606e+00 2.888993171e+00 5.245598925e+00 5.240064732e+00 1.441609877e+00 1.432088061e+00
3.585571142e+04 2.844583314e+00 2.860435448e+00 5.265868490e+00 5.260876573e+00 1.450499061e+00 1.440791676e+00
3.592785571e+04 2.816435775e+00 2.832093114e+00 5.285679706e+00 5.281231350e+00 1.459628975e+00 1.449734711e+00
3.600000000e+04 2.788508321e+00 2.803970572e+00 5.305026575e+00 5.301122805e+00 1.469000799e+00 1.458918356e+00
