time            Cj              Ck              shCj            shCk            Br              shBr           
0.000000000e+00 1.000000000e+01 1.000000000e-05 0.000000000e+00 0.000000000e+00 1.000000000e+01 1.000000000e+01
2.164328657e+01 8.577790088e+00 3.054614262e-03 3.767569966e-06 1.787857365e-03 9.983693728e+00 9.999979194e+00
4.328657315e+01 7.632013388e+00 6.229344096e-03 3.540657913e-05 3.148622390e-03 9.942798281e+00 9.999877696e+00
6.492985972e+01 7.003486519e+00 1.051277917e-02 1.142599153e-04 4.408421197e-03 9.886253016e+00 9.999677510e+00
8.657314629e+01 6.585970235e+00 1.682554849e-02 2.459343424e-04 5.638477794e-03 9.819933412e+00 9.999375165e+00
1.082164329e+02 6.308745299e+00 2.585677319e-02 4.310554382e-04 6.859118818e-03 9.747656766e+00 9.998968322e+00
1.298597194e+02 6.124806853e+00 3.802833409e-02 6.692381951e-04 8.078461435e-03 9.671876747e+00 9.998453967e+00
1.515030060e+02 6.002937938e+00 5.352241015e-02 9.601421703e-04 9.300910858e-03 9.594152466e+00 9.997828454e+00
1.731462926e+02 5.922415316e+00 7.233233955e-02 1.303642468e-03 1.052950562e-02 9.515460856e+00 9.997087714e+00
1.947895792e+02 5.869484217e+00 9.431651128e-02 1.699805008e-03 1.176673542e-02 9.436402786e+00 9.996227384e+00
2.164328657e+02 5.835014986e+00 1.192460212e-01 2.148843905e-03 1.301486623e-02 9.357338170e+00 9.995242875e+00
2.380761523e+02 5.812946955e+00 1.468428400e-01 2.651092353e-03 1.427607678e-02 9.278474056e+00 9.994129399e+00
2.597194389e+02 5.799255553e+00 1.768082830e-01 3.206987324e-03 1.555251529e-02 9.199921790e+00 9.992881974e+00
2.813627255e+02 5.791266907e+00 2.088429732e-01 3.817061535e-03 1.684632431e-02 9.121733916e+00 9.991495430e+00
3.030060120e+02 5.787203143e+00 2.426599367e-01 4.481933960e-03 1.815966891e-02 9.043927833e+00 9.989964401e+00
3.246492986e+02 5.785880765e+00 2.779924780e-01 5.202333017e-03 1.949468359e-02 8.966500840e+00 9.988283322e+00
3.462925852e+02 5.786510528e+00 3.145982759e-01 5.979034579e-03 2.085361094e-02 8.889439584e+00 9.986446420e+00
3.679358717e+02 5.788564762e+00 3.522608595e-01 6.812970187e-03 2.223858618e-02 8.812725899e+00 9.984447711e+00
3.895791583e+02 5.791689354e+00 3.907893588e-01 7.705098452e-03 2.365189760e-02 8.736340319e+00 9.982280987e+00
4.112224449e+02 5.795645386e+00 4.300171880e-01 8.656503120e-03 2.509578621e-02 8.660264110e+00 9.979939814e+00
4.328657315e+02 5.800270440e+00 4.698001282e-01 9.668350601e-03 2.657255068e-02 8.584480366e+00 9.977417523e+00
4.545090180e+02 5.805452968e+00 5.100141485e-01 1.074190191e-02 2.808452104e-02 8.508974525e+00 9.974707202e+00
4.761523046e+02 5.811115147e+00 5.505530658e-01 1.187851066e-02 2.963406738e-02 8.433734522e+00 9.971801687e+00
4.977955912e+02 5.817201864e+00 5.913264842e-01 1.307962565e-02 3.122360238e-02 8.358750765e+00 9.968693557e+00
5.194388778e+02 5.823672957e+00 6.322576289e-01 1.434679144e-02 3.285558444e-02 8.284015961e+00 9.965375123e+00
5.410821643e+02 5.830498416e+00 6.732815083e-01 1.568164977e-02 3.453252158e-02 8.209524900e+00 9.961838420e+00
5.627254509e+02 5.837655046e+00 7.143432863e-01 1.708594044e-02 3.625697520e-02 8.135274236e+00 9.958075200e+00
5.843687375e+02 5.845124090e+00 7.553966726e-01 1.856150481e-02 3.803155957e-02 8.061262226e+00 9.954076924e+00
6.060120240e+02 5.852890276e+00 7.964028179e-01 2.011028644e-02 3.985894886e-02 7.987488530e+00 9.949834751e+00
6.276553106e+02 5.860940237e+00 8.373290796e-01 2.173432418e-02 4.174189527e-02 7.913953998e+00 9.945339529e+00
6.492985972e+02 5.869262307e+00 8.781481033e-01 2.343577620e-02 4.368318545e-02 7.840660485e+00 9.940581789e+00
6.709418838e+02 5.877845825e+00 9.188370025e-01 2.521690108e-02 4.568569887e-02 7.767610694e+00 9.935551734e+00
6.925851703e+02 5.886680975e+00 9.593766572e-01 2.708005420e-02 4.775240104e-02 7.694808026e+00 9.930239229e+00
7.142284569e+02 5.895758537e+00 9.997511258e-01 2.902772191e-02 4.988629980e-02 7.622256465e+00 9.924633793e+00
7.358717435e+02 5.905069758e+00 1.039947133e+00 3.106249185e-02 5.209050463e-02 7.549960465e+00 9.918724592e+00
7.575150301e+02 5.914606258e+00 1.079953654e+00 3.318706901e-02 5.436820441e-02 7.477924859e+00 9.912500424e+00
7.791583166e+02 5.924359961e+00 1.119761550e+00 3.540427498e-02 5.672267519e-02 7.406154788e+00 9.905949718e+00
8.008016032e+02 5.934323051e+00 1.159363281e+00 3.771705235e-02 5.915728389e-02 7.334655625e+00 9.899060513e+00
8.224448898e+02 5.944487934e+00 1.198752621e+00 4.012846420e-02 6.167548940e-02 7.263432923e+00 9.891820463e+00
8.440881764e+02 5.954847215e+00 1.237924463e+00 4.264169601e-02 6.428085244e-02 7.192492365e+00 9.884216817e+00
8.657314629e+02 5.965393676e+00 1.276874637e+00 4.526006235e-02 6.697703238e-02 7.121839723e+00 9.876236413e+00
8.873747495e+02 5.976120265e+00 1.315599749e+00 4.798700844e-02 6.976778626e-02 7.051480823e+00 9.867865674e+00
9.090180361e+02 5.987020081e+00 1.354097056e+00 5.082610338e-02 7.265699120e-02 6.981421515e+00 9.859090593e+00
9.306613226e+02 5.998086365e+00 1.392364362e+00 5.378105442e-02 7.564862881e-02 6.911667647e+00 9.849896726e+00
9.523046092e+02 6.009312493e+00 1.430399924e+00 5.685570382e-02 7.874679616e-02 6.842225046e+00 9.840269187e+00
9.739478958e+02 6.020691972e+00 1.468202377e+00 6.005403170e-02 8.195570787e-02 6.773099497e+00 9.830192639e+00
9.955911824e+02 6.032218429e+00 1.505770669e+00 6.338015826e-02 8.527970033e-02 6.704296727e+00 9.819651285e+00
1.017234469e+03 6.043885612e+00 1.543104005e+00 6.683834456e-02 8.872323291e-02 6.635822397e+00 9.808628864e+00
1.038877756e+03 6.055687383e+00 1.580201810e+00 7.043299940e-02 9.229089450e-02 6.567682084e+00 9.797108641e+00
1.060521042e+03 6.067617716e+00 1.617063687e+00 7.416867983e-02 9.598740550e-02 6.499881275e+00 9.785073401e+00
1.082164329e+03 6.079670694e+00 1.653689380e+00 7.805008538e-02 9.981761790e-02 6.432425358e+00 9.772505453e+00
1.103807615e+03 6.091840506e+00 1.690078754e+00 8.208206157e-02 1.037865167e-01 6.365319617e+00 9.759386613e+00
1.125450902e+03 6.104121443e+00 1.726231772e+00 8.626961987e-02 1.078992249e-01 6.298569221e+00 9.745698211e+00
1.147094188e+03 6.116507902e+00 1.762148476e+00 9.061793386e-02 1.121610209e-01 6.232179227e+00 9.731421078e+00
1.168737475e+03 6.128994375e+00 1.797828973e+00 9.513229243e-02 1.165773233e-01 6.166154566e+00 9.716535557e+00
1.190380762e+03 6.141575457e+00 1.833273418e+00 9.981816994e-02 1.211536685e-01 6.100500049e+00 9.701021493e+00
1.212024048e+03 6.154245839e+00 1.868482012e+00 1.046812015e-01 1.258957657e-01 6.035220356e+00 9.684858237e+00
1.233667335e+03 6.167000308e+00 1.903454984e+00 1.097271686e-01 1.308094827e-01 5.970320039e+00 9.668024645e+00
1.255310621e+03 6.179833745e+00 1.938192591e+00 1.149620131e-01 1.359008210e-01 5.905803517e+00 9.650499088e+00
1.276953908e+03 6.192741126e+00 1.972695108e+00 1.203918349e-01 1.411759375e-01 5.841675075e+00 9.632259453e+00
1.298597194e+03 6.205717520e+00 2.006962826e+00 1.260228906e-01 1.466411423e-01 5.777938861e+00 9.613283147e+00
1.320240481e+03 6.218758088e+00 2.040996048e+00 1.318615827e-01 1.523028900e-01 5.714598890e+00 9.593547120e+00
1.341883768e+03 6.231858079e+00 2.074795086e+00 1.379145208e-01 1.581678246e-01 5.651659037e+00 9.573027849e+00
1.363527054e+03 6.245012838e+00 2.108360257e+00 1.441883905e-01 1.642426907e-01 5.589123039e+00 9.551701379e+00
1.385170341e+03 6.258217796e+00 2.141691883e+00 1.506900775e-01 1.705344158e-01 5.526994494e+00 9.529543316e+00
1.406813627e+03 6.271468475e+00 2.174790291e+00 1.574266098e-01 1.770500744e-01 5.465276862e+00 9.506528858e+00
1.428456914e+03 6.284760484e+00 2.207655807e+00 1.644051588e-01 1.837968876e-01 5.403973461e+00 9.482632807e+00
1.450100200e+03 6.298089519e+00 2.240288764e+00 1.716330364e-01 1.907822222e-01 5.343087474e+00 9.457829600e+00
1.471743487e+03 6.311451365e+00 2.272689494e+00 1.791176952e-01 1.980135901e-01 5.282621945e+00 9.432093328e+00
1.493386774e+03 6.324841890e+00 2.304858330e+00 1.868667120e-01 2.054986373e-01 5.222579778e+00 9.405397769e+00
1.515030060e+03 6.338257051e+00 2.336795610e+00 1.948877942e-01 2.132451486e-01 5.162963738e+00 9.377716409e+00
1.536673347e+03 6.351692890e+00 2.368501670e+00 2.031887920e-01 2.212610530e-01 5.103776453e+00 9.349022482e+00
1.558316633e+03 6.365145532e+00 2.399976853e+00 2.117776375e-01 2.295543940e-01 5.045020414e+00 9.319289017e+00
1.579959920e+03 6.378611187e+00 2.431221501e+00 2.206623581e-01 2.381333100e-01 4.986697977e+00 9.288488875e+00
1.601603206e+03 6.392086146e+00 2.462235963e+00 2.298510966e-01 2.470060741e-01 4.928811361e+00 9.256594791e+00
1.623246493e+03 6.405566786e+00 2.493020589e+00 2.393520731e-01 2.561810558e-01 4.871362654e+00 9.223579427e+00
1.644889780e+03 6.419049562e+00 2.523575737e+00 2.491735773e-01 2.656667148e-01 4.814353805e+00 9.189415423e+00
1.666533066e+03 6.432531014e+00 2.553901766e+00 2.593239573e-01 2.754715913e-01 4.757786637e+00 9.154075459e+00
1.688176353e+03 6.446007759e+00 2.583999046e+00 2.698116054e-01 2.856042946e-01 4.701662838e+00 9.117532314e+00
1.709819639e+03 6.459476498e+00 2.613867951e+00 2.806449427e-01 2.960734898e-01 4.645983966e+00 9.079758932e+00
1.731462926e+03 6.472934008e+00 2.643508863e+00 2.918324034e-01 3.068878840e-01 4.590751452e+00 9.040728497e+00
1.753106212e+03 6.486377146e+00 2.672922171e+00 3.033824168e-01 3.180562110e-01 4.535966599e+00 9.000414503e+00
1.774749499e+03 6.499802846e+00 2.702108275e+00 3.153033885e-01 3.295872149e-01 4.481630584e+00 8.958790839e+00
1.796392786e+03 6.513208121e+00 2.731067584e+00 3.276036804e-01 3.414896319e-01 4.427744460e+00 8.915831866e+00
1.818036072e+03 6.526590059e+00 2.759800515e+00 3.402915895e-01 3.537721723e-01 4.374309157e+00 8.871512514e+00
1.839679359e+03 6.539945824e+00 2.788307497e+00 3.533753226e-01 3.664434973e-01 4.321325484e+00 8.825808370e+00
1.861322645e+03 6.553272655e+00 2.816588973e+00 3.668629771e-01 3.795122015e-01 4.268794129e+00 8.778695774e+00
1.882965932e+03 6.566567865e+00 2.844645393e+00 3.807625046e-01 3.929867816e-01 4.216715663e+00 8.730151929e+00
1.904609218e+03 6.579828842e+00 2.872477223e+00 3.950817025e-01 4.068756246e-01 4.165090542e+00 8.680154990e+00
1.926252505e+03 6.593053045e+00 2.900084940e+00 4.098281699e-01 4.211869724e-01 4.113919105e+00 8.628684191e+00
1.947895792e+03 6.606238005e+00 2.927469037e+00 4.250092732e-01 4.359288884e-01 4.063201580e+00 8.575719941e+00
1.969539078e+03 6.619381325e+00 2.954630018e+00 4.406321389e-01 4.511092458e-01 4.012938083e+00 8.521243962e+00
1.991182365e+03 6.632480679e+00 2.981568403e+00 4.567036035e-01 4.667356907e-01 3.963128621e+00 8.465239373e+00
2.012825651e+03 6.645533809e+00 3.008284726e+00 4.732301678e-01 4.828155901e-01 3.913773095e+00 8.407690852e+00
2.034468938e+03 6.658538525e+00 3.034779537e+00 4.902180044e-01 4.993560377e-01 3.864871300e+00 8.348584696e+00
2.056112224e+03 6.671492707e+00 3.061053401e+00 5.076728869e-01 5.163638034e-01 3.816422927e+00 8.287909030e+00
2.077755511e+03 6.684394303e+00 3.087106899e+00 5.256001585e-01 5.338452805e-01 3.768427563e+00 8.225653896e+00
2.099398798e+03 6.697241324e+00 3.112940627e+00 5.440046570e-01 5.518064134e-01 3.720884700e+00 8.161811343e+00
2.121042084e+03 6.710031849e+00 3.138555199e+00 5.628907862e-01 5.702528075e-01 3.673793730e+00 8.096375577e+00
2.142685371e+03 6.722764019e+00 3.163951246e+00 5.822623910e-01 5.891895428e-01 3.627153949e+00 8.029343093e+00
2.164328657e+03 6.735436041e+00 3.189129413e+00 6.021227274e-01 6.086211923e-01 3.580964561e+00 7.960712783e+00
2.185971944e+03 6.748046183e+00 3.214090364e+00 6.224744377e-01 6.285517792e-01 3.535224678e+00 7.890486058e+00
2.207615230e+03 6.760592776e+00 3.238834780e+00 6.433195056e-01 6.489847342e-01 3.489933322e+00 7.818666958e+00
2.229258517e+03 6.773074210e+00 3.263363359e+00 6.646592379e-01 6.699228746e-01 3.445089428e+00 7.745262233e+00
2.250901804e+03 6.785488939e+00 3.287676816e+00 6.864942156e-01 6.913683489e-01 3.400691845e+00 7.670281554e+00
2.272545090e+03 6.797835473e+00 3.311775884e+00 7.088242194e-01 7.133225865e-01 3.356739338e+00 7.593737457e+00
2.294188377e+03 6.810112379e+00 3.335661312e+00 7.316482425e-01 7.357862675e-01 3.313230592e+00 7.515645538e+00
2.315831663e+03 6.822318286e+00 3.359333869e+00 7.549644546e-01 7.587593113e-01 3.270164213e+00 7.436024495e+00
2.337474950e+03 6.834451875e+00 3.382794339e+00 7.787701497e-01 7.822408166e-01 3.227538728e+00 7.354896199e+00
2.359118236e+03 6.846511885e+00 3.406043524e+00 8.030617186e-01 8.062290262e-01 3.185352591e+00 7.272285769e+00
2.380761523e+03 6.858497107e+00 3.429082245e+00 8.278346416e-01 8.307213160e-01 3.143604181e+00 7.188221558e+00
2.402404810e+03 6.870406390e+00 3.451911338e+00 8.530834278e-01 8.557141306e-01 3.102291806e+00 7.102735326e+00
2.424048096e+03 6.882238632e+00 3.474531657e+00 8.788016017e-01 8.812029680e-01 3.061413707e+00 7.015862114e+00
2.445691383e+03 6.893992784e+00 3.496944075e+00 9.049817151e-01 9.071823729e-01 3.020968054e+00 6.927640323e+00
2.467334669e+03 6.905667848e+00 3.519149478e+00 9.316153075e-01 9.336459003e-01 2.980952957e+00 6.838111698e+00
2.488977956e+03 6.917262877e+00 3.541148772e+00 9.586928864e-01 9.605860892e-01 2.941366458e+00 6.747321297e+00
2.510621242e+03 6.928776970e+00 3.562942880e+00 9.862039294e-01 9.879944527e-01 2.902206542e+00 6.655317469e+00
2.532264529e+03 6.940209278e+00 3.584532738e+00 1.014136900e+00 1.015861485e+00 2.863471133e+00 6.562151738e+00
2.553907816e+03 6.951558996e+00 3.605919302e+00 1.042479192e+00 1.044176603e+00 2.825158096e+00 6.467878860e+00
2.575551102e+03 6.962825367e+00 3.627103542e+00 1.071217163e+00 1.072928181e+00 2.787265246e+00 6.372556611e+00
2.597194389e+03 6.974007680e+00 3.648086445e+00 1.100336160e+00 1.102103534e+00 2.749790339e+00 6.276245722e+00
2.618837675e+03 6.985105266e+00 3.668869012e+00 1.129820580e+00 1.131688966e+00 2.712731083e+00 6.179009762e+00
2.640480962e+03 6.996117503e+00 3.689452261e+00 1.159653788e+00 1.161669745e+00 2.676085136e+00 6.080914993e+00
2.662124248e+03 7.007043808e+00 3.709837224e+00 1.189818189e+00 1.192030099e+00 2.639850108e+00 5.982030215e+00
2.683767535e+03 7.017883642e+00 3.730024948e+00 1.220295266e+00 1.222753263e+00 2.604023564e+00 5.882426602e+00
2.705410822e+03 7.028636506e+00 3.750016495e+00 1.251065623e+00 1.253821515e+00 2.568603025e+00 5.782177500e+00
2.727054108e+03 7.039301942e+00 3.769812941e+00 1.282108959e+00 1.285216154e+00 2.533585968e+00 5.681358253e+00
2.748697395e+03 7.049879530e+00 3.789415375e+00 1.313404242e+00 1.316917618e+00 2.498969833e+00 5.580045970e+00
2.770340681e+03 7.060368889e+00 3.808824900e+00 1.344929641e+00 1.348905463e+00 2.464752019e+00 5.478319311e+00
2.791983968e+03 7.070769675e+00 3.828042634e+00 1.376662629e+00 1.381158419e+00 2.430929888e+00 5.376258255e+00
2.813627255e+03 7.081081579e+00 3.847069706e+00 1.408580059e+00 1.413654473e+00 2.397500769e+00 5.273943843e+00
2.835270541e+03 7.091304330e+00 3.865907257e+00 1.440658177e+00 1.446370879e+00 2.364461956e+00 5.171457937e+00
2.856913828e+03 7.101437691e+00 3.884556441e+00 1.472872698e+00 1.479284221e+00 2.331810712e+00 5.068882970e+00
2.878557114e+03 7.111481456e+00 3.903018426e+00 1.505198966e+00 1.512370542e+00 2.299544270e+00 4.966301684e+00
2.900200401e+03 7.121435457e+00 3.921294387e+00 1.537611927e+00 1.545605344e+00 2.267659834e+00 4.863796868e+00
2.921843687e+03 7.131299555e+00 3.939385514e+00 1.570086230e+00 1.578963676e+00 2.236154581e+00 4.761451089e+00
2.943486974e+03 7.141073642e+00 3.957293007e+00 1.602596311e+00 1.612420212e+00 2.205025664e+00 4.659346439e+00
2.965130261e+03 7.150757643e+00 3.975018074e+00 1.635116482e+00 1.645949330e+00 2.174270209e+00 4.557564261e+00
2.986773547e+03 7.160351511e+00 3.992561936e+00 1.667621003e+00 1.679525193e+00 2.143885324e+00 4.456184921e+00
3.008416834e+03 7.169855228e+00 4.009925821e+00 1.700084130e+00 1.713121795e+00 2.113868093e+00 4.355287552e+00
3.030060120e+03 7.179268804e+00 4.027110969e+00 1.732480261e+00 1.746713092e+00 2.084215583e+00 4.254949800e+00
3.051703407e+03 7.188592277e+00 4.044118627e+00 1.764783994e+00 1.780273069e+00 2.054924840e+00 4.155247595e+00
3.073346693e+03 7.197825711e+00 4.060950051e+00 1.796970168e+00 1.813775797e+00 2.025992897e+00 4.056254948e+00
3.094989980e+03 7.206969197e+00 4.077606504e+00 1.829013976e+00 1.847195532e+00 1.997416769e+00 3.958043724e+00
3.116633267e+03 7.216022850e+00 4.094089258e+00 1.860891054e+00 1.880506810e+00 1.969193458e+00 3.860683457e+00
3.138276553e+03 7.224986808e+00 4.110399592e+00 1.892577486e+00 1.913684473e+00 1.941319954e+00 3.764241226e+00
3.159919840e+03 7.233861236e+00 4.126538792e+00 1.924049876e+00 1.946703743e+00 1.913793236e+00 3.668781392e+00
3.181563126e+03 7.242646318e+00 4.142508149e+00 1.955285538e+00 1.979540382e+00 1.886610272e+00 3.574365528e+00
3.203206413e+03 7.251342263e+00 4.158308963e+00 1.986262516e+00 2.012170757e+00 1.859768021e+00 3.481052197e+00
3.224849699e+03 7.259949300e+00 4.173942537e+00 2.016959481e+00 2.044571753e+00 1.833263436e+00 3.388896927e+00
3.246492986e+03 7.268467680e+00 4.189410181e+00 2.047355992e+00 2.076721016e+00 1.807093462e+00 3.297952074e+00
3.268136273e+03 7.276897672e+00 4.204713208e+00 2.077432405e+00 2.108596897e+00 1.781255039e+00 3.208266777e+00
3.289779559e+03 7.285239566e+00 4.219852939e+00 2.107169934e+00 2.140178495e+00 1.755745103e+00 3.119886883e+00
3.311422846e+03 7.293493671e+00 4.234830696e+00 2.136550807e+00 2.171445835e+00 1.730560587e+00 3.032854774e+00
3.333066132e+03 7.301660312e+00 4.249647807e+00 2.165558242e+00 2.202379891e+00 1.705698422e+00 2.947209495e+00
3.354709419e+03 7.309739835e+00 4.264305600e+00 2.194176349e+00 2.232962424e+00 1.681155538e+00 2.862986718e+00
3.376352705e+03 7.317732598e+00 4.278805411e+00 2.222390281e+00 2.263176218e+00 1.656928863e+00 2.780218694e+00
3.397995992e+03 7.325638978e+00 4.293148576e+00 2.250186234e+00 2.293005045e+00 1.633015330e+00 2.698934289e+00
3.419639279e+03 7.333459369e+00 4.307336432e+00 2.277551452e+00 2.322433703e+00 1.609411871e+00 2.619159020e+00
3.441282565e+03 7.341194177e+00 4.321370321e+00 2.304474233e+00 2.351448022e+00 1.586115420e+00 2.540915085e+00
3.462925852e+03 7.348843823e+00 4.335251584e+00 2.330943910e+00 2.380034866e+00 1.563122917e+00 2.464221468e+00
3.484569138e+03 7.356408744e+00 4.348981566e+00 2.356950888e+00 2.408182172e+00 1.540431305e+00 2.389093885e+00
3.506212425e+03 7.363889387e+00 4.362561611e+00 2.382486614e+00 2.435878928e+00 1.518037534e+00 2.315545007e+00
3.527855711e+03 7.371286214e+00 4.375993063e+00 2.407543599e+00 2.463115203e+00 1.495938557e+00 2.243584467e+00
3.549498998e+03 7.378599699e+00 4.389277269e+00 2.432115299e+00 2.489882073e+00 1.474131338e+00 2.173218976e+00
3.571142285e+03 7.385830326e+00 4.402415573e+00 2.456196234e+00 2.516171691e+00 1.452612845e+00 2.104452423e+00
3.592785571e+03 7.392978591e+00 4.415409321e+00 2.479781884e+00 2.541977228e+00 1.431380058e+00 2.037285992e+00
3.614428858e+03 7.400045001e+00 4.428259856e+00 2.502868686e+00 2.567292866e+00 1.410429963e+00 1.971718264e+00
3.636072144e+03 7.407030073e+00 4.440968523e+00 2.525453984e+00 2.592113761e+00 1.389759558e+00 1.907745383e+00
3.657715431e+03 7.413934333e+00 4.453536662e+00 2.547536049e+00 2.616436057e+00 1.369365850e+00 1.845361075e+00
3.679358717e+03 7.420758316e+00 4.465965615e+00 2.569114020e+00 2.640256836e+00 1.349245859e+00 1.784556879e+00
3.701002004e+03 7.427502567e+00 4.478256720e+00 2.590187878e+00 2.663574106e+00 1.329396614e+00 1.725322240e+00
3.722645291e+03 7.434167637e+00 4.490411313e+00 2.610758329e+00 2.686386714e+00 1.309815160e+00 1.667644630e+00
3.744288577e+03 7.440754087e+00 4.502430727e+00 2.630826863e+00 2.708694323e+00 1.290498552e+00 1.611509689e+00
3.765931864e+03 7.447262483e+00 4.514316295e+00 2.650395710e+00 2.730497455e+00 1.271443860e+00 1.556901345e+00
3.787575150e+03 7.453693401e+00 4.526069343e+00 2.669467771e+00 2.751797385e+00 1.252648167e+00 1.503801941e+00
3.809218437e+03 7.460047420e+00 4.537691196e+00 2.688046571e+00 2.772596109e+00 1.234108571e+00 1.452192376e+00
3.830861723e+03 7.466325127e+00 4.549183177e+00 2.706136242e+00 2.792896322e+00 1.215822186e+00 1.402052217e+00
3.852505010e+03 7.472527114e+00 4.560546601e+00 2.723741511e+00 2.812701396e+00 1.197786141e+00 1.353359784e+00
3.874148297e+03 7.478653979e+00 4.571782783e+00 2.740867596e+00 2.832015290e+00 1.179997579e+00 1.306092335e+00
3.895791583e+03 7.484706325e+00 4.582893031e+00 2.757520151e+00 2.850842514e+00 1.162453662e+00 1.260226151e+00
3.917434870e+03 7.490684757e+00 4.593878651e+00 2.773705323e+00 2.869188139e+00 1.145151568e+00 1.215736637e+00
3.939078156e+03 7.496589887e+00 4.604740940e+00 2.789429653e+00 2.887057727e+00 1.128088491e+00 1.172598435e+00
3.960721443e+03 7.502422331e+00 4.615481196e+00 2.804700043e+00 2.904457287e+00 1.111261645e+00 1.130785528e+00
3.982364729e+03 7.508182705e+00 4.626100706e+00 2.819523718e+00 2.921393238e+00 1.094668259e+00 1.090271340e+00
4.004008016e+03 7.513871633e+00 4.636600756e+00 2.833908226e+00 2.937872404e+00 1.078305582e+00 1.051028810e+00
4.025651303e+03 7.519489738e+00 4.646982623e+00 2.847861387e+00 2.953901954e+00 1.062170881e+00 1.013030503e+00
4.047294589e+03 7.525037647e+00 4.657247582e+00 2.861391178e+00 2.969489320e+00 1.046261442e+00 9.762486854e-01
4.068937876e+03 7.530515990e+00 4.667396898e+00 2.874505822e+00 2.984642226e+00 1.030574571e+00 9.406554074e-01
4.090581162e+03 7.535925396e+00 4.677431832e+00 2.887213711e+00 2.999368649e+00 1.015107592e+00 9.062225705e-01
4.112224449e+03 7.541266500e+00 4.687353639e+00 2.899523367e+00 3.013676763e+00 9.998578498e-01 8.729220001e-01
4.133867735e+03 7.546539934e+00 4.697163567e+00 2.911443433e+00 3.027574927e+00 9.848227078e-01 8.407255100e-01
4.155511022e+03 7.551746335e+00 4.706862857e+00 2.922982632e+00 3.041071644e+00 9.699995506e-01 8.096049622e-01
4.177154309e+03 7.556886337e+00 4.716452743e+00 2.934149746e+00 3.054175534e+00 9.553857828e-01 7.795323236e-01
4.198797595e+03 7.561960578e+00 4.725934452e+00 2.944953611e+00 3.066895325e+00 9.409788296e-01 7.504797153e-01
4.220440882e+03 7.566969694e+00 4.735309206e+00 2.955403072e+00 3.079239807e+00 9.267761367e-01 7.224194626e-01
4.242084168e+03 7.571914323e+00 4.744578216e+00 2.965506964e+00 3.091217810e+00 9.127751709e-01 6.953241382e-01
4.263727455e+03 7.576795100e+00 4.753742689e+00 2.975274119e+00 3.102838203e+00 8.989734206e-01 6.691666061e-01
4.285370741e+03 7.581612663e+00 4.762803822e+00 2.984713318e+00 3.114109849e+00 8.853683943e-01 6.439200445e-01
4.307014028e+03 7.586367648e+00 4.771762806e+00 2.993833288e+00 3.125041595e+00 8.719576223e-01 6.195579850e-01
4.328657315e+03 7.591060689e+00 4.780620823e+00 3.002642724e+00 3.135642283e+00 8.587386563e-01 5.960543447e-01
4.350300601e+03 7.595692421e+00 4.789379049e+00 3.011150242e+00 3.145920716e+00 8.457090695e-01 5.733834498e-01
4.371943888e+03 7.600263477e+00 4.798038650e+00 3.019364312e+00 3.155885586e+00 8.328664571e-01 5.515200636e-01
4.393587174e+03 7.604774489e+00 4.806600784e+00 3.027293281e+00 3.165545491e+00 8.202084347e-01 5.304393765e-01
4.415230461e+03 7.609226087e+00 4.815066603e+00 3.034945500e+00 3.174909035e+00 8.077326412e-01 5.101170719e-01
4.436873747e+03 7.613618898e+00 4.823437247e+00 3.042329100e+00 3.183984649e+00 7.954367371e-01 4.905293147e-01
4.458517034e+03 7.617953551e+00 4.831713852e+00 3.049452115e+00 3.192780676e+00 7.833184043e-01 4.716527584e-01
4.480160321e+03 7.622230669e+00 4.839897541e+00 3.056322443e+00 3.201305338e+00 7.713753471e-01 4.534645612e-01
4.501803607e+03 7.626450875e+00 4.847989432e+00 3.062947834e+00 3.209566727e+00 7.596052914e-01 4.359423947e-01
4.523446894e+03 7.630614789e+00 4.855990634e+00 3.069335897e+00 3.217572805e+00 7.480059849e-01 4.190644397e-01
4.545090180e+03 7.634723028e+00 4.863902244e+00 3.075494093e+00 3.225331398e+00 7.365751981e-01 4.028094188e-01
4.566733467e+03 7.638776208e+00 4.871725355e+00 3.081429728e+00 3.232850184e+00 7.253107229e-01 3.871565643e-01
4.588376754e+03 7.642774940e+00 4.879461047e+00 3.087149910e+00 3.240136666e+00 7.142103734e-01 3.720856386e-01
4.610020040e+03 7.646719835e+00 4.887110395e+00 3.092661662e+00 3.247198237e+00 7.032719855e-01 3.575769304e-01
4.631663327e+03 7.650611499e+00 4.894674461e+00 3.097971772e+00 3.254042087e+00 6.924934175e-01 3.436112527e-01
4.653306613e+03 7.654450535e+00 4.902154302e+00 3.103086904e+00 3.260675273e+00 6.818725492e-01 3.301699393e-01
4.674949900e+03 7.658237543e+00 4.909550963e+00 3.108013546e+00 3.267104680e+00 6.714072827e-01 3.172348429e-01
4.696593186e+03 7.661973120e+00 4.916865482e+00 3.112758026e+00 3.273337035e+00 6.610955415e-01 3.047883235e-01
4.718236473e+03 7.665657859e+00 4.924098886e+00 3.117326510e+00 3.279378899e+00 6.509352715e-01 2.928132585e-01
4.739879760e+03 7.669292351e+00 4.931252195e+00 3.121724998e+00 3.285236668e+00 6.409244403e-01 2.812930214e-01
4.761523046e+03 7.672877183e+00 4.938326418e+00 3.125959313e+00 3.290916561e+00 6.310610368e-01 2.702114777e-01
4.783166333e+03 7.676412935e+00 4.945322557e+00 3.130035111e+00 3.296424627e+00 6.213430721e-01 2.595529819e-01
4.804809619e+03 7.679900188e+00 4.952241602e+00 3.133957921e+00 3.301766782e+00 6.117685784e-01 2.493023653e-01
4.826452906e+03 7.683339517e+00 4.959084537e+00 3.137733105e+00 3.306948766e+00 6.023356099e-01 2.394449340e-01
4.848096192e+03 7.686731493e+00 4.965852333e+00 3.141365861e+00 3.311976157e+00 5.930422418e-01 2.299664535e-01
4.869739479e+03 7.690076683e+00 4.972545956e+00 3.144861225e+00 3.316854363e+00 5.838865710e-01 2.208531399e-01
4.891382766e+03 7.693375651e+00 4.979166360e+00 3.148224086e+00 3.321588642e+00 5.748667154e-01 2.120916509e-01
4.913026052e+03 7.696628955e+00 4.985714491e+00 3.151459183e+00 3.326184092e+00 5.659808142e-01 2.036690821e-01
4.934669339e+03 7.699837150e+00 4.992191285e+00 3.154571113e+00 3.330645662e+00 5.572270277e-01 1.955729479e-01
4.956312625e+03 7.703000788e+00 4.998597669e+00 3.157564325e+00 3.334978151e+00 5.486035370e-01 1.877911752e-01
4.977955912e+03 7.706120415e+00 5.004934561e+00 3.160443131e+00 3.339186208e+00 5.401085442e-01 1.803120966e-01
4.999599198e+03 7.709196572e+00 5.011202870e+00 3.163211700e+00 3.343274335e+00 5.317402720e-01 1.731244384e-01
5.021242485e+03 7.712229798e+00 5.017403496e+00 3.165874068e+00 3.347246892e+00 5.234969639e-01 1.662173074e-01
5.042885772e+03 7.715220627e+00 5.023537328e+00 3.168434136e+00 3.351108099e+00 5.153768838e-01 1.595801888e-01
5.064529058e+03 7.718169587e+00 5.029605249e+00 3.170895679e+00 3.354862039e+00 5.073783159e-01 1.532029224e-01
5.086172345e+03 7.721077203e+00 5.035608131e+00 3.173262347e+00 3.358512664e+00 4.994995647e-01 1.470757044e-01
5.107815631e+03 7.723943994e+00 5.041546836e+00 3.175537669e+00 3.362063795e+00 4.917389548e-01 1.411890663e-01
5.129458918e+03 7.726770478e+00 5.047422219e+00 3.177725051e+00 3.365519125e+00 4.840948309e-01 1.355338791e-01
5.151102204e+03 7.729557164e+00 5.053235125e+00 3.179827783e+00 3.368882223e+00 4.765655573e-01 1.301013356e-01
5.172745491e+03 7.732304559e+00 5.058986390e+00 3.181849041e+00 3.372156535e+00 4.691495183e-01 1.248829447e-01
5.194388778e+03 7.735013165e+00 5.064676840e+00 3.183791894e+00 3.375345391e+00 4.618451176e-01 1.198705178e-01
5.216032064e+03 7.737683479e+00 5.070307294e+00 3.185659299e+00 3.378452005e+00 4.546507785e-01 1.150561617e-01
5.237675351e+03 7.740315994e+00 5.075878561e+00 3.187454116e+00 3.381479482e+00 4.475649434e-01 1.104322666e-01
5.259318637e+03 7.742911199e+00 5.081391442e+00 3.189179098e+00 3.384430816e+00 4.405860740e-01 1.059914999e-01
5.280961924e+03 7.745469576e+00 5.086846726e+00 3.190836903e+00 3.387308896e+00 4.337126507e-01 1.017267947e-01
5.302605210e+03 7.747991604e+00 5.092245198e+00 3.192430094e+00 3.390116509e+00 4.269431732e-01 9.763134494e-02
5.324248497e+03 7.750477757e+00 5.097587631e+00 3.193961140e+00 3.392856344e+00 4.202761594e-01 9.369859324e-02
5.345891784e+03 7.752928505e+00 5.102874791e+00 3.195432425e+00 3.395530995e+00 4.137101462e-01 8.992222642e-02
5.367535070e+03 7.755344313e+00 5.108107433e+00 3.196846244e+00 3.398142960e+00 4.072436884e-01 8.629616450e-02
5.389178357e+03 7.757725641e+00 5.113286305e+00 3.198204808e+00 3.400694649e+00 4.008753596e-01 8.281455452e-02
5.410821643e+03 7.760072944e+00 5.118412147e+00 3.199510251e+00 3.403188384e+00 3.946037509e-01 7.947176156e-02
5.432464930e+03 7.762386672e+00 5.123485690e+00 3.200764622e+00 3.405626399e+00 3.884274717e-01 7.626236239e-02
5.454108216e+03 7.764667273e+00 5.128507656e+00 3.201969898e+00 3.408010849e+00 3.823451491e-01 7.318113716e-02
5.475751503e+03 7.766915188e+00 5.133478758e+00 3.203127985e+00 3.410343810e+00 3.763554275e-01 7.022306409e-02
5.497394790e+03 7.769130854e+00 5.138399702e+00 3.204240715e+00 3.412627280e+00 3.704569691e-01 6.738330777e-02
5.519038076e+03 7.771314702e+00 5.143271186e+00 3.205309852e+00 3.414863183e+00 3.646484533e-01 6.465722171e-02
5.540681363e+03 7.773467161e+00 5.148093898e+00 3.206337094e+00 3.417053371e+00 3.589285763e-01 6.204033046e-02
5.562324649e+03 7.775588654e+00 5.152868519e+00 3.207324078e+00 3.419199629e+00 3.532960518e-01 5.952833135e-02
5.583967936e+03 7.777679598e+00 5.157595721e+00 3.208272378e+00 3.421303674e+00 3.477496097e-01 5.711708853e-02
5.605611222e+03 7.779740409e+00 5.162276170e+00 3.209183511e+00 3.423367162e+00 3.422879970e-01 5.480261959e-02
5.627254509e+03 7.781771495e+00 5.166910521e+00 3.210058929e+00 3.425391676e+00 3.369099769e-01 5.258110140e-02
5.648897796e+03 7.783773261e+00 5.171499423e+00 3.210900034e+00 3.427378749e+00 3.316143290e-01 5.044885245e-02
5.670541082e+03 7.785746108e+00 5.176043516e+00 3.211708176e+00 3.429329852e+00 3.263998489e-01 4.840233580e-02
5.692184369e+03 7.787690431e+00 5.180543433e+00 3.212484656e+00 3.431246403e+00 3.212653484e-01 4.643815220e-02
5.713827655e+03 7.789606621e+00 5.184999800e+00 3.213230722e+00 3.433129767e+00 3.162096549e-01 4.455303066e-02
5.735470942e+03 7.791495066e+00 5.189413233e+00 3.213947565e+00 3.434981243e+00 3.112316115e-01 4.274383177e-02
5.757114228e+03 7.793356147e+00 5.193784342e+00 3.214636337e+00 3.436802090e+00 3.063300769e-01 4.100753333e-02
5.778757515e+03 7.795190243e+00 5.198113728e+00 3.215298151e+00 3.438593522e+00 3.015039250e-01 3.934123355e-02
5.800400802e+03 7.796997728e+00 5.202401987e+00 3.215934083e+00 3.440356713e+00 2.967520449e-01 3.774214406e-02
5.822044088e+03 7.798778970e+00 5.206649705e+00 3.216545163e+00 3.442092785e+00 2.920733407e-01 3.620758260e-02
5.843687375e+03 7.800534335e+00 5.210857461e+00 3.217132352e+00 3.443802793e+00 2.874667313e-01 3.473497600e-02
5.865330661e+03 7.802264183e+00 5.215025828e+00 3.217696593e+00 3.445487763e+00 2.829311503e-01 3.332184738e-02
5.886973948e+03 7.803968871e+00 5.219155371e+00 3.218238804e+00 3.447148700e+00 2.784655459e-01 3.196581930e-02
5.908617234e+03 7.805648750e+00 5.223246648e+00 3.218759890e+00 3.448786587e+00 2.740688804e-01 3.066460826e-02
5.930260521e+03 7.807304168e+00 5.227300208e+00 3.219260694e+00 3.450402343e+00 2.697401305e-01 2.941601982e-02
5.951903808e+03 7.808935470e+00 5.231316596e+00 3.219741996e+00 3.451996825e+00 2.654782870e-01 2.821794656e-02
5.973547094e+03 7.810542994e+00 5.235296348e+00 3.220204575e+00 3.453570882e+00 2.612823543e-01 2.706836395e-02
5.995190381e+03 7.812127076e+00 5.239239993e+00 3.220649165e+00 3.455125314e+00 2.571513509e-01 2.596532715e-02
6.016833667e+03 7.813688048e+00 5.243148054e+00 3.221076497e+00 3.456660921e+00 2.530843085e-01 2.490696821e-02
6.038476954e+03 7.815226235e+00 5.247021047e+00 3.221487264e+00 3.458178457e+00 2.490802724e-01 2.389149294e-02
6.060120240e+03 7.816741962e+00 5.250859480e+00 3.221882132e+00 3.459678650e+00 2.451383011e-01 2.291717815e-02
6.081763527e+03 7.818235548e+00 5.254663857e+00 3.222261733e+00 3.461162187e+00 2.412574662e-01 2.198236923e-02
6.103406814e+03 7.819707307e+00 5.258434674e+00 3.222626673e+00 3.462629732e+00 2.374368522e-01 2.108547702e-02
6.125050100e+03 7.821157552e+00 5.262172418e+00 3.222977538e+00 3.464081923e+00 2.336755566e-01 2.022497568e-02
6.146693387e+03 7.822586588e+00 5.265877573e+00 3.223314890e+00 3.465519376e+00 2.299726892e-01 1.939940001e-02
6.168336673e+03 7.823994720e+00 5.269550616e+00 3.223639277e+00 3.466942686e+00 2.263273725e-01 1.860734294e-02
6.189979960e+03 7.825382247e+00 5.273192016e+00 3.223951217e+00 3.468352418e+00 2.227387414e-01 1.784745363e-02
6.211623246e+03 7.826749465e+00 5.276802236e+00 3.224251212e+00 3.469749119e+00 2.192059428e-01 1.711843487e-02
6.233266533e+03 7.828096666e+00 5.280381736e+00 3.224539737e+00 3.471133309e+00 2.157281358e-01 1.641904129e-02
6.254909820e+03 7.829424138e+00 5.283930965e+00 3.224817256e+00 3.472505493e+00 2.123044912e-01 1.574807760e-02
6.276553106e+03 7.830732166e+00 5.287450369e+00 3.225084206e+00 3.473866148e+00 2.089341919e-01 1.510439554e-02
6.298196393e+03 7.832021030e+00 5.290940387e+00 3.225341013e+00 3.475215738e+00 2.056164320e-01 1.448689338e-02
6.319839679e+03 7.833291008e+00 5.294401452e+00 3.225588087e+00 3.476554709e+00 2.023504173e-01 1.389451306e-02
6.341482966e+03 7.834542373e+00 5.297833993e+00 3.225825818e+00 3.477883489e+00 1.991353649e-01 1.332623883e-02
6.363126253e+03 7.835775395e+00 5.301238430e+00 3.226054584e+00 3.479202487e+00 1.959705030e-01 1.278109610e-02
6.384769539e+03 7.836990341e+00 5.304615179e+00 3.226274748e+00 3.480512099e+00 1.928550709e-01 1.225814853e-02
6.406412826e+03 7.838187474e+00 5.307964650e+00 3.226486653e+00 3.481812700e+00 1.897883188e-01 1.175649841e-02
6.428056112e+03 7.839367053e+00 5.311287248e+00 3.226690632e+00 3.483104652e+00 1.867695076e-01 1.127528289e-02
6.449699399e+03 7.840529334e+00 5.314583372e+00 3.226887006e+00 3.484388305e+00 1.837979090e-01 1.081367496e-02
6.471342685e+03 7.841674570e+00 5.317853415e+00 3.227076080e+00 3.485663990e+00 1.808728049e-01 1.037087975e-02
6.492985972e+03 7.842803010e+00 5.321097764e+00 3.227258148e+00 3.486932030e+00 1.779934878e-01 9.946135221e-03
6.514629259e+03 7.843914901e+00 5.324316804e+00 3.227433495e+00 3.488192731e+00 1.751592603e-01 9.538709378e-03
6.536272545e+03 7.845010485e+00 5.327510910e+00 3.227602391e+00 3.489446391e+00 1.723694351e-01 9.147900266e-03
6.557915832e+03 7.846090001e+00 5.330680455e+00 3.227765095e+00 3.490693290e+00 1.696233350e-01 8.773034038e-03
6.579559118e+03 7.847153686e+00 5.333825806e+00 3.227921860e+00 3.491933704e+00 1.669202925e-01 8.413462892e-03
6.601202405e+03 7.848201772e+00 5.336947324e+00 3.228072924e+00 3.493167892e+00 1.642596498e-01 8.068566937e-03
6.622845691e+03 7.849234490e+00 5.340045366e+00 3.228218520e+00 3.494396107e+00 1.616407587e-01 7.737750138e-03
6.644488978e+03 7.850252066e+00 5.343120284e+00 3.228358870e+00 3.495618590e+00 1.590629803e-01 7.420439447e-03
6.666132265e+03 7.851254724e+00 5.346172424e+00 3.228494183e+00 3.496835569e+00 1.565256854e-01 7.116087767e-03
6.687775551e+03 7.852242685e+00 5.349202128e+00 3.228624663e+00 3.498047266e+00 1.540282537e-01 6.824167670e-03
6.709418838e+03 7.853216166e+00 5.352209734e+00 3.228750504e+00 3.499253893e+00 1.515700741e-01 6.544172915e-03
6.731062124e+03 7.854175382e+00 5.355195572e+00 3.228871898e+00 3.500455657e+00 1.491505443e-01 6.275620297e-03
6.752705411e+03 7.855120544e+00 5.358159972e+00 3.228989026e+00 3.501652756e+00 1.467690710e-01 6.018043475e-03
6.774348697e+03 7.856051862e+00 5.361103254e+00 3.229102063e+00 3.502845378e+00 1.444250696e-01 5.770995540e-03
6.795991984e+03 7.856969540e+00 5.364025739e+00 3.229211166e+00 3.504033697e+00 1.421179641e-01 5.534049265e-03
6.817635271e+03 7.857873783e+00 5.366927739e+00 3.229316495e+00 3.505217885e+00 1.398471870e-01 5.306792719e-03
6.839278557e+03 7.858764789e+00 5.369809564e+00 3.229418202e+00 3.506398106e+00 1.376121790e-01 5.088831234e-03
6.860921844e+03 7.859642758e+00 5.372671518e+00 3.229516437e+00 3.507574526e+00 1.354123894e-01 4.879787300e-03
6.882565130e+03 7.860507883e+00 5.375513903e+00 3.229611342e+00 3.508747296e+00 1.332472754e-01 4.679296978e-03
6.904208417e+03 7.861360356e+00 5.378337013e+00 3.229703051e+00 3.509916565e+00 1.311163022e-01 4.487011794e-03
6.925851703e+03 7.862200367e+00 5.381141141e+00 3.229791695e+00 3.511082472e+00 1.290189432e-01 4.302598131e-03
6.947494990e+03 7.863028102e+00 5.383926574e+00 3.229877402e+00 3.512245156e+00 1.269546792e-01 4.125734477e-03
6.969138277e+03 7.863843745e+00 5.386693597e+00 3.229960288e+00 3.513404745e+00 1.249229992e-01 3.956113190e-03
6.990781563e+03 7.864647477e+00 5.389442488e+00 3.230040467e+00 3.514561361e+00 1.229233994e-01 3.793439387e-03
7.012424850e+03 7.865439479e+00 5.392173523e+00 3.230118047e+00 3.515715122e+00 1.209553838e-01 3.637429059e-03
7.034068136e+03 7.866219924e+00 5.394886972e+00 3.230193134e+00 3.516866144e+00 1.190184635e-01 3.487810704e-03
7.055711423e+03 7.866988989e+00 5.397583105e+00 3.230265834e+00 3.518014539e+00 1.171121572e-01 3.344323692e-03
7.077354709e+03 7.867746843e+00 5.400262183e+00 3.230336242e+00 3.519160413e+00 1.152359906e-01 3.206717230e-03
7.098997996e+03 7.868493656e+00 5.402924467e+00 3.230404449e+00 3.520303864e+00 1.133894965e-01 3.074751811e-03
7.120641283e+03 7.869229594e+00 5.405570212e+00 3.230470545e+00 3.521444987e+00 1.115722148e-01 2.948197089e-03
7.142284569e+03 7.869954822e+00 5.408199672e+00 3.230534612e+00 3.522583875e+00 1.097836922e-01 2.826831732e-03
7.163927856e+03 7.870669501e+00 5.410813093e+00 3.230596739e+00 3.523720622e+00 1.080234822e-01 2.710444374e-03
7.185571142e+03 7.871373790e+00 5.413410722e+00 3.230657006e+00 3.524855314e+00 1.062911452e-01 2.598831383e-03
7.207214429e+03 7.872067848e+00 5.415992799e+00 3.230715491e+00 3.525988038e+00 1.045862479e-01 2.491797412e-03
7.228857715e+03 7.872751828e+00 5.418559562e+00 3.230772259e+00 3.527118862e+00 1.029083638e-01 2.389155929e-03
7.250501002e+03 7.873425884e+00 5.421111245e+00 3.230827377e+00 3.528247860e+00 1.012570725e-01 2.290726998e-03
7.272144289e+03 7.874090166e+00 5.423648079e+00 3.230880910e+00 3.529375102e+00 9.963196034e-02 2.196338208e-03
7.293787575e+03 7.874744822e+00 5.426170291e+00 3.230932930e+00 3.530500666e+00 9.803261960e-02 2.105824904e-03
7.315430862e+03 7.875389999e+00 5.428678106e+00 3.230983496e+00 3.531624615e+00 9.645864882e-02 2.019028211e-03
7.337074148e+03 7.876025841e+00 5.431171743e+00 3.231032669e+00 3.532747015e+00 9.490965259e-02 1.935796019e-03
7.358717435e+03 7.876652489e+00 5.433651421e+00 3.231080505e+00 3.533867928e+00 9.338524152e-02 1.855982903e-03
7.380360721e+03 7.877270083e+00 5.436117354e+00 3.231127064e+00 3.534987419e+00 9.188503208e-02 1.779448654e-03
7.402004008e+03 7.877878762e+00 5.438569752e+00 3.231172399e+00 3.536105543e+00 9.040864654e-02 1.706059078e-03
7.423647295e+03 7.878478662e+00 5.441008824e+00 3.231216553e+00 3.537222349e+00 8.895571295e-02 1.635685690e-03
7.445290581e+03 7.879069915e+00 5.443434774e+00 3.231259575e+00 3.538337889e+00 8.752586495e-02 1.568204726e-03
7.466933868e+03 7.879652655e+00 5.445847804e+00 3.231301511e+00 3.539452213e+00 8.611874179e-02 1.503497819e-03
7.488577154e+03 7.880227011e+00 5.448248113e+00 3.231342406e+00 3.540565369e+00 8.473398818e-02 1.441451524e-03
7.510220441e+03 7.880793111e+00 5.450635896e+00 3.231382299e+00 3.541677399e+00 8.337125423e-02 1.381956600e-03
7.531863727e+03 7.881351082e+00 5.453011346e+00 3.231421233e+00 3.542788349e+00 8.203019540e-02 1.324908662e-03
7.553507014e+03 7.881901048e+00 5.455374654e+00 3.231459247e+00 3.543898264e+00 8.071047241e-02 1.270207496e-03
7.575150301e+03 7.882443132e+00 5.457726007e+00 3.231496382e+00 3.545007186e+00 7.941175108e-02 1.217756716e-03
7.596793587e+03 7.882977453e+00 5.460065588e+00 3.231532672e+00 3.546115151e+00 7.813370244e-02 1.167464285e-03
7.618436874e+03 7.883504133e+00 5.462393579e+00 3.231568150e+00 3.547222197e+00 7.687600246e-02 1.119241668e-03
7.640080160e+03 7.884023286e+00 5.464710160e+00 3.231602853e+00 3.548328361e+00 7.563833208e-02 1.073003828e-03
7.661723447e+03 7.884535030e+00 5.467015505e+00 3.231636809e+00 3.549433677e+00 7.442037716e-02 1.028669631e-03
7.683366733e+03 7.885039477e+00 5.469309790e+00 3.231670050e+00 3.550538175e+00 7.322182832e-02 9.861608505e-04
7.705010020e+03 7.885536740e+00 5.471593184e+00 3.231702602e+00 3.551641888e+00 7.204238093e-02 9.454024943e-04
7.726653307e+03 7.886026930e+00 5.473865856e+00 3.231734497e+00 3.552744846e+00 7.088173505e-02 9.063229815e-04
7.748296593e+03 7.886510155e+00 5.476127971e+00 3.231765759e+00 3.553847078e+00 6.973959532e-02 8.688532600e-04
7.769939880e+03 7.886986522e+00 5.478379694e+00 3.231796416e+00 3.554948611e+00 6.861567090e-02 8.329271926e-04
7.791583166e+03 7.887456138e+00 5.480621184e+00 3.231826491e+00 3.556049473e+00 6.750967546e-02 7.984816040e-04
7.813226453e+03 7.887919105e+00 5.482852600e+00 3.231856009e+00 3.557149691e+00 6.642132703e-02 7.654555667e-04
7.834869739e+03 7.888375527e+00 5.485074098e+00 3.231884993e+00 3.558249287e+00 6.535034799e-02 7.337908490e-04
7.856513026e+03 7.888825504e+00 5.487285832e+00 3.231913463e+00 3.559348285e+00 6.429646505e-02 7.034318537e-04
7.878156313e+03 7.889269136e+00 5.489487953e+00 3.231941442e+00 3.560446707e+00 6.325940903e-02 6.743246911e-04
7.899799599e+03 7.889706521e+00 5.491680609e+00 3.231968949e+00 3.561544578e+00 6.223891489e-02 6.464177644e-04
7.921442886e+03 7.890137756e+00 5.493863948e+00 3.231996006e+00 3.562641917e+00 6.123472170e-02 6.196616489e-04
7.943086172e+03 7.890562935e+00 5.496038114e+00 3.232022627e+00 3.563738742e+00 6.024657274e-02 5.940098701e-04
7.964729459e+03 7.890982152e+00 5.498203249e+00 3.232048833e+00 3.564835074e+00 5.927421497e-02 5.694164649e-04
7.986372745e+03 7.891395499e+00 5.500359494e+00 3.232074639e+00 3.565930930e+00 5.831739932e-02 5.458376965e-04
8.008016032e+03 7.891803068e+00 5.502506985e+00 3.232100061e+00 3.567026329e+00 5.737588056e-02 5.232315087e-04
8.029659319e+03 7.892204947e+00 5.504645860e+00 3.232125117e+00 3.568121286e+00 5.644941755e-02 5.015591047e-04
8.051302605e+03 7.892601225e+00 5.506776252e+00 3.232149820e+00 3.569215819e+00 5.553777250e-02 4.807813653e-04
8.072945892e+03 7.892991989e+00 5.508898293e+00 3.232174186e+00 3.570309942e+00 5.464071139e-02 4.608613076e-04
8.094589178e+03 7.893377324e+00 5.511012112e+00 3.232198227e+00 3.571403670e+00 5.375800380e-02 4.417633532e-04
8.116232465e+03 7.893757314e+00 5.513117838e+00 3.232221957e+00 3.572497018e+00 5.288942315e-02 4.234544734e-04
8.137875752e+03 7.894132042e+00 5.515215595e+00 3.232245389e+00 3.573589999e+00 5.203474611e-02 4.059019304e-04
8.159519038e+03 7.894501590e+00 5.517305508e+00 3.232268535e+00 3.574682627e+00 5.119375282e-02 3.890743829e-04
8.181162325e+03 7.894866039e+00 5.519387699e+00 3.232291407e+00 3.575774915e+00 5.036622683e-02 3.729418105e-04
8.202805611e+03 7.895225468e+00 5.521462288e+00 3.232314017e+00 3.576866873e+00 4.955195523e-02 3.574759815e-04
8.224448898e+03 7.895579954e+00 5.523529393e+00 3.232336373e+00 3.577958515e+00 4.875072830e-02 3.426495086e-04
8.246092184e+03 7.895929575e+00 5.525589131e+00 3.232358488e+00 3.579049849e+00 4.796233950e-02 3.284358415e-04
8.267735471e+03 7.896274406e+00 5.527641616e+00 3.232380371e+00 3.580140889e+00 4.718658555e-02 3.148096189e-04
8.289378758e+03 7.896614522e+00 5.529686961e+00 3.232402031e+00 3.581231643e+00 4.642326639e-02 3.017468146e-04
8.311022044e+03 7.896949996e+00 5.531725278e+00 3.232423478e+00 3.582322121e+00 4.567218513e-02 2.892244303e-04
8.332665331e+03 7.897280901e+00 5.533756675e+00 3.232444720e+00 3.583412333e+00 4.493314775e-02 2.772199607e-04
8.354308617e+03 7.897607307e+00 5.535781260e+00 3.232465765e+00 3.584502287e+00 4.420596334e-02 2.657119488e-04
8.375951904e+03 7.897929286e+00 5.537799140e+00 3.232486622e+00 3.585591992e+00 4.349044400e-02 2.546800676e-04
8.397595190e+03 7.898246905e+00 5.539810419e+00 3.232507298e+00 3.586681457e+00 4.278640492e-02 2.441051463e-04
8.419238477e+03 7.898560233e+00 5.541815200e+00 3.232527801e+00 3.587770689e+00 4.209366385e-02 2.339679654e-04
8.440881764e+03 7.898869337e+00 5.543813584e+00 3.232548137e+00 3.588859696e+00 4.141204147e-02 2.242503542e-04
8.462525050e+03 7.899174283e+00 5.545805670e+00 3.232568315e+00 3.589948486e+00 4.074136126e-02 2.149348077e-04
8.484168337e+03 7.899475136e+00 5.547791557e+00 3.232588339e+00 3.591037065e+00 4.008144959e-02 2.060049941e-04
8.505811623e+03 7.899771960e+00 5.549771342e+00 3.232608216e+00 3.592125439e+00 3.943213565e-02 1.974454857e-04
8.527454910e+03 7.900064817e+00 5.551745119e+00 3.232627952e+00 3.593213616e+00 3.879325093e-02 1.892405115e-04
8.549098196e+03 7.900353770e+00 5.553712983e+00 3.232647553e+00 3.594301600e+00 3.816462967e-02 1.813752921e-04
8.570741483e+03 7.900638879e+00 5.555675025e+00 3.232667024e+00 3.595389399e+00 3.754610868e-02 1.738355797e-04
8.592384770e+03 7.900920206e+00 5.557631336e+00 3.232686371e+00 3.596477018e+00 3.693752758e-02 1.666082881e-04
8.614028056e+03 7.901197809e+00 5.559582005e+00 3.232705599e+00 3.597564463e+00 3.633872846e-02 1.596808773e-04
8.635671343e+03 7.901471746e+00 5.561527121e+00 3.232724713e+00 3.598651738e+00 3.574955559e-02 1.530405350e-04
8.657314629e+03 7.901742075e+00 5.563466770e+00 3.232743718e+00 3.599738850e+00 3.516985578e-02 1.466752955e-04
8.678957916e+03 7.902008852e+00 5.565401037e+00 3.232762618e+00 3.600825803e+00 3.459947823e-02 1.405736334e-04
8.700601202e+03 7.902272133e+00 5.567330007e+00 3.232781417e+00 3.601912601e+00 3.403827476e-02 1.347250001e-04
8.722244489e+03 7.902531973e+00 5.569253762e+00 3.232800119e+00 3.602999248e+00 3.348609942e-02 1.291191075e-04
8.743887776e+03 7.902788425e+00 5.571172382e+00 3.232818728e+00 3.604085747e+00 3.294280831e-02 1.237456640e-04
8.765531062e+03 7.903041544e+00 5.573085949e+00 3.232837246e+00 3.605172103e+00 3.240825991e-02 1.185949982e-04
8.787174349e+03 7.903291380e+00 5.574994541e+00 3.232855678e+00 3.606258320e+00 3.188231489e-02 1.136578013e-04
8.808817635e+03 7.903537987e+00 5.576898236e+00 3.232874028e+00 3.607344402e+00 3.136483636e-02 1.089255394e-04
8.830460922e+03 7.903781413e+00 5.578797110e+00 3.232892301e+00 3.608430354e+00 3.085568941e-02 1.043897816e-04
8.852104208e+03 7.904021710e+00 5.580691238e+00 3.232910500e+00 3.609516181e+00 3.035474114e-02 1.000422541e-04
8.873747495e+03 7.904258926e+00 5.582580695e+00 3.232928629e+00 3.610601884e+00 2.986186079e-02 9.587512158e-05
8.895390782e+03 7.904493110e+00 5.584465552e+00 3.232946690e+00 3.611687470e+00 2.937691963e-02 9.188083909e-05
8.917034068e+03 7.904724310e+00 5.586345883e+00 3.232964684e+00 3.612772935e+00 2.889979125e-02 8.805253935e-05
8.938677355e+03 7.904952572e+00 5.588221757e+00 3.232982613e+00 3.613858284e+00 2.843035097e-02 8.438331895e-05
8.960320641e+03 7.905177942e+00 5.590093243e+00 3.233000479e+00 3.614943519e+00 2.796847601e-02 8.086648358e-05
8.981963928e+03 7.905400467e+00 5.591960412e+00 3.233018283e+00 3.616028641e+00 2.751404560e-02 7.749566630e-05
9.003607214e+03 7.905620190e+00 5.593823328e+00 3.233036028e+00 3.617113651e+00 2.706694082e-02 7.426472906e-05
9.025250501e+03 7.905837156e+00 5.595682060e+00 3.233053720e+00 3.618198558e+00 2.662704494e-02 7.116822153e-05
9.046893788e+03 7.906051409e+00 5.597536672e+00 3.233071360e+00 3.619283363e+00 2.619424276e-02 6.820047002e-05
9.068537074e+03 7.906262990e+00 5.599387229e+00 3.233088950e+00 3.620368066e+00 2.576842089e-02 6.535605547e-05
9.090180361e+03 7.906471943e+00 5.601233793e+00 3.233106492e+00 3.621452672e+00 2.534946777e-02 6.262981596e-05
9.111823647e+03 7.906678308e+00 5.603076427e+00 3.233123990e+00 3.622537183e+00 2.493727355e-02 6.001677536e-05
9.133466934e+03 7.906882127e+00 5.604915192e+00 3.233141442e+00 3.623621599e+00 2.453173049e-02 5.751257342e-05
9.155110220e+03 7.907083438e+00 5.606750148e+00 3.233158852e+00 3.624705921e+00 2.413273212e-02 5.511255187e-05
9.176753507e+03 7.907282283e+00 5.608581356e+00 3.233176222e+00 3.625790154e+00 2.374017375e-02 5.281234706e-05
9.198396794e+03 7.907478700e+00 5.610408872e+00 3.233193554e+00 3.626874299e+00 2.335395234e-02 5.060778359e-05
9.220040080e+03 7.907672726e+00 5.612232755e+00 3.233210849e+00 3.627958358e+00 2.297396647e-02 4.849483869e-05
9.241683367e+03 7.907864401e+00 5.614053061e+00 3.233228108e+00 3.629042331e+00 2.260011666e-02 4.646997584e-05
9.263326653e+03 7.908053760e+00 5.615869846e+00 3.233245334e+00 3.630126221e+00 2.223230453e-02 4.452939117e-05
9.284969940e+03 7.908240840e+00 5.617683165e+00 3.233262526e+00 3.631210029e+00 2.187043344e-02 4.266956860e-05
9.306613226e+03 7.908425679e+00 5.619493072e+00 3.233279688e+00 3.632293755e+00 2.151440824e-02 4.088712381e-05
9.328256513e+03 7.908608310e+00 5.621299619e+00 3.233296819e+00 3.633377403e+00 2.116413529e-02 3.917881965e-05
9.349899800e+03 7.908788768e+00 5.623102859e+00 3.233313921e+00 3.634460972e+00 2.081952287e-02 3.754190344e-05
9.371543086e+03 7.908967089e+00 5.624902844e+00 3.233330994e+00 3.635544464e+00 2.048048005e-02 3.597320599e-05
9.393186373e+03 7.909143305e+00 5.626699624e+00 3.233348041e+00 3.636627879e+00 2.014691758e-02 3.446987262e-05
9.414829659e+03 7.909317450e+00 5.628493248e+00 3.233365060e+00 3.637711219e+00 1.981874759e-02 3.302915041e-05
9.436472946e+03 7.909489557e+00 5.630283767e+00 3.233382053e+00 3.638794483e+00 1.949588358e-02 3.164838029e-05
9.458116232e+03 7.909659658e+00 5.632071228e+00 3.233399021e+00 3.639877672e+00 1.917824042e-02 3.032498893e-05
9.479759519e+03 7.909827784e+00 5.633855679e+00 3.233415967e+00 3.640960791e+00 1.886573499e-02 2.905706161e-05
9.501402806e+03 7.909993968e+00 5.635637166e+00 3.233432890e+00 3.642043839e+00 1.855828461e-02 2.784206098e-05
9.523046092e+03 7.910158239e+00 5.637415736e+00 3.233449793e+00 3.643126817e+00 1.825580812e-02 2.667772323e-05
9.544689379e+03 7.910320628e+00 5.639191434e+00 3.233466674e+00 3.644209726e+00 1.795822567e-02 2.556190097e-05
9.566332665e+03 7.910481164e+00 5.640964304e+00 3.233483536e+00 3.645292567e+00 1.766545866e-02 2.449251754e-05
9.587975952e+03 7.910639878e+00 5.642734391e+00 3.233500380e+00 3.646375341e+00 1.737742971e-02 2.346756070e-05
9.609619238e+03 7.910796797e+00 5.644501737e+00 3.233517205e+00 3.647458047e+00 1.709406328e-02 2.248552535e-05
9.631262525e+03 7.910951951e+00 5.646266385e+00 3.233534013e+00 3.648540688e+00 1.681528445e-02 2.154457153e-05
9.652905812e+03 7.911105367e+00 5.648028377e+00 3.233550803e+00 3.649623263e+00 1.654101937e-02 2.064286964e-05
9.674549098e+03 7.911257072e+00 5.649787754e+00 3.233567578e+00 3.650705774e+00 1.627119552e-02 1.977875858e-05
9.696192385e+03 7.911407094e+00 5.651544557e+00 3.233584338e+00 3.651788222e+00 1.600574150e-02 1.895063426e-05
9.717835671e+03 7.911555460e+00 5.653298825e+00 3.233601084e+00 3.652870608e+00 1.574458704e-02 1.815694492e-05
9.739478958e+03 7.911702196e+00 5.655050598e+00 3.233617815e+00 3.653952931e+00 1.548766335e-02 1.739642585e-05
9.761122244e+03 7.911847327e+00 5.656799914e+00 3.233634532e+00 3.655035192e+00 1.523490260e-02 1.666777172e-05
9.782765531e+03 7.911990879e+00 5.658546811e+00 3.233651236e+00 3.656117391e+00 1.498623764e-02 1.596953333e-05
9.804408818e+03 7.912132877e+00 5.660291327e+00 3.233667927e+00 3.657199529e+00 1.474160262e-02 1.530043057e-05
9.826052104e+03 7.912273346e+00 5.662033499e+00 3.233684606e+00 3.658281607e+00 1.450093270e-02 1.465922927e-05
9.847695391e+03 7.912412310e+00 5.663773362e+00 3.233701272e+00 3.659363624e+00 1.426416405e-02 1.404473760e-05
9.869338677e+03 7.912549792e+00 5.665510953e+00 3.233717927e+00 3.660445582e+00 1.403123409e-02 1.345590633e-05
9.890981964e+03 7.912685817e+00 5.667246306e+00 3.233734571e+00 3.661527481e+00 1.380208134e-02 1.289177868e-05
9.912625251e+03 7.912820407e+00 5.668979456e+00 3.233751205e+00 3.662609322e+00 1.357664478e-02 1.235122656e-05
9.934268537e+03 7.912953586e+00 5.670710437e+00 3.233767828e+00 3.663691104e+00 1.335486462e-02 1.183325939e-05
9.955911824e+03 7.913085375e+00 5.672439282e+00 3.233784442e+00 3.664772829e+00 1.313668196e-02 1.133692188e-05
9.977555110e+03 7.913215797e+00 5.674166025e+00 3.233801046e+00 3.665854496e+00 1.292203886e-02 1.086129120e-05
9.999198397e+03 7.913344873e+00 5.675890698e+00 3.233817640e+00 3.666936106e+00 1.271087838e-02 1.040552136e-05
1.002084168e+04 7.913472625e+00 5.677613332e+00 3.233834226e+00 3.668017659e+00 1.250314482e-02 9.968914137e-06
1.004248497e+04 7.913599073e+00 5.679333959e+00 3.233850804e+00 3.669099156e+00 1.229878273e-02 9.550576934e-06
1.006412826e+04 7.913724239e+00 5.681052610e+00 3.233867373e+00 3.670180597e+00 1.209773780e-02 9.149739466e-06
1.008577154e+04 7.913848143e+00 5.682769315e+00 3.233883935e+00 3.671261982e+00 1.189995656e-02 8.765657970e-06
1.010741483e+04 7.913970804e+00 5.684484104e+00 3.233900489e+00 3.672343312e+00 1.170538638e-02 8.397612945e-06
1.012905812e+04 7.914092244e+00 5.686197007e+00 3.233917036e+00 3.673424588e+00 1.151397551e-02 8.044927827e-06
1.015070140e+04 7.914212480e+00 5.687908052e+00 3.233933575e+00 3.674505808e+00 1.132567362e-02 7.707165740e-06
1.017234469e+04 7.914331532e+00 5.689617268e+00 3.233950108e+00 3.675586973e+00 1.114043021e-02 7.383567879e-06
1.019398798e+04 7.914449420e+00 5.691324683e+00 3.233966634e+00 3.676668084e+00 1.095819596e-02 7.073534707e-06
1.021563126e+04 7.914566160e+00 5.693030324e+00 3.233983153e+00 3.677749141e+00 1.077892232e-02 6.776486254e-06
1.023727455e+04 7.914681773e+00 5.694734219e+00 3.233999667e+00 3.678830144e+00 1.060256149e-02 6.491860254e-06
1.025891784e+04 7.914796275e+00 5.696436395e+00 3.234016174e+00 3.679911093e+00 1.042906641e-02 6.219110285e-06
1.028056112e+04 7.914909685e+00 5.698136878e+00 3.234032675e+00 3.680991989e+00 1.025839082e-02 5.957719487e-06
1.030220441e+04 7.915022019e+00 5.699835693e+00 3.234049172e+00 3.682072832e+00 1.009049004e-02 5.707459763e-06
1.032384770e+04 7.915133295e+00 5.701532865e+00 3.234065662e+00 3.683153622e+00 9.925318745e-03 5.467701793e-06
1.034549098e+04 7.915243529e+00 5.703228421e+00 3.234082148e+00 3.684234359e+00 9.762832878e-03 5.237996827e-06
1.036713427e+04 7.915352739e+00 5.704922385e+00 3.234098629e+00 3.685315044e+00 9.602989052e-03 5.017910418e-06
1.038877756e+04 7.915460940e+00 5.706614781e+00 3.234115106e+00 3.686395677e+00 9.445744558e-03 4.807021034e-06
1.041042084e+04 7.915568149e+00 5.708305633e+00 3.234131578e+00 3.687476258e+00 9.291057350e-03 4.604918683e-06
1.043206413e+04 7.915674382e+00 5.709994964e+00 3.234148046e+00 3.688556787e+00 9.138886053e-03 4.411209640e-06
1.045370741e+04 7.915779653e+00 5.711682798e+00 3.234164508e+00 3.689637263e+00 8.989190908e-03 4.225770145e-06
1.047535070e+04 7.915883978e+00 5.713369157e+00 3.234180967e+00 3.690717687e+00 8.841931361e-03 4.048107551e-06
1.049699399e+04 7.915987372e+00 5.715054063e+00 3.234197421e+00 3.691798060e+00 8.697068048e-03 3.877890559e-06
1.051863727e+04 7.916089851e+00 5.716737539e+00 3.234213870e+00 3.692878380e+00 8.554562222e-03 3.714799319e-06
1.054028056e+04 7.916191428e+00 5.718419606e+00 3.234230315e+00 3.693958648e+00 8.414375745e-03 3.558524481e-06
1.056192385e+04 7.916292118e+00 5.720100287e+00 3.234246755e+00 3.695038864e+00 8.276471070e-03 3.408766234e-06
1.058356713e+04 7.916391936e+00 5.721779601e+00 3.234263191e+00 3.696119028e+00 8.140811231e-03 3.265233350e-06
1.060521042e+04 7.916490894e+00 5.723457568e+00 3.234279625e+00 3.697199143e+00 8.007360690e-03 3.127807597e-06
1.062685371e+04 7.916589008e+00 5.725134211e+00 3.234296056e+00 3.698279206e+00 7.876083265e-03 2.996146118e-06
1.064849699e+04 7.916686289e+00 5.726809548e+00 3.234312483e+00 3.699359220e+00 7.746943804e-03 2.870004805e-06
1.067014028e+04 7.916782752e+00 5.728483600e+00 3.234328908e+00 3.700439183e+00 7.619907710e-03 2.749149234e-06
1.069178357e+04 7.916878409e+00 5.730156385e+00 3.234345331e+00 3.701519097e+00 7.494940932e-03 2.633353153e-06
1.071342685e+04 7.916973273e+00 5.731827923e+00 3.234361752e+00 3.702598961e+00 7.372009948e-03 2.522397786e-06
1.073507014e+04 7.917067358e+00 5.733498232e+00 3.234378171e+00 3.703678777e+00 7.251081758e-03 2.416071129e-06
1.075671343e+04 7.917160675e+00 5.735167331e+00 3.234394585e+00 3.704758539e+00 7.132124528e-03 2.314255039e-06
1.077835671e+04 7.917253236e+00 5.736835238e+00 3.234410995e+00 3.705838251e+00 7.015106039e-03 2.216718399e-06
1.080000000e+04 7.917345054e+00 5.738501971e+00 3.234427403e+00 3.706917912e+00 6.899994883e-03 2.123277861e-06
