time            Cj              Ck              Br              shCj            shCk            shBr            O1              O2             
0.000000000e+00 4.000000000e+00 1.000000000e-05 4.000000000e+00 3.000000000e-01 3.000000000e-01 4.000000000e+00 4.000000000e+00 4.000000000e+00
4.008016032e+01 3.405125689e+00 1.476175107e-02 3.964564124e+00 1.477768645e-01 1.504443039e-01 3.994643623e+00 4.042750757e+00 3.957249243e+00
8.016032064e+01 3.323131446e+00 4.523571191e-02 3.929065940e+00 1.216560399e-01 1.272167155e-01 3.990280216e+00 4.085491748e+00 3.914508252e+00
1.202404810e+02 3.257221040e+00 7.876661444e-02 3.894325638e+00 1.004529121e-01 1.084424423e-01 3.986632142e+00 4.128213218e+00 3.871786782e+00
1.603206413e+02 3.203349934e+00 1.118454246e-01 3.860176127e+00 8.311673477e-02 9.306657757e-02 3.983565770e+00 4.170905427e+00 3.829094573e+00
2.004008016e+02 3.159023890e+00 1.440514789e-01 3.826505135e+00 6.887686321e-02 8.040664515e-02 3.980975869e+00 4.213558663e+00 3.786441337e+00
2.404809619e+02 3.122385123e+00 1.754821226e-01 3.793227011e+00 5.714075681e-02 6.994352384e-02 3.978777990e+00 4.256163250e+00 3.743836750e+00
2.805611222e+02 3.091994417e+00 2.062768497e-01 3.760274147e+00 4.744410533e-02 6.127061485e-02 3.976903724e+00 4.298709556e+00 3.701290444e+00
3.206412826e+02 3.066718472e+00 2.365494133e-01 3.727592669e+00 3.941821162e-02 5.406497168e-02 3.975297284e+00 4.341188001e+00 3.658811999e+00
3.607214429e+02 3.045654815e+00 2.663854086e-01 3.695139523e+00 3.276711683e-02 4.806730272e-02 3.973912921e+00 4.383589067e+00 3.616410933e+00
4.008016032e+02 3.028078528e+00 2.958480353e-01 3.662880308e+00 2.725118339e-02 4.306762389e-02 3.972712967e+00 4.425903307e+00 3.574096693e+00
4.408817635e+02 3.013403038e+00 3.249835551e-01 3.630787602e+00 2.267496069e-02 3.889464741e-02 3.971666303e+00 4.468121351e+00 3.531878649e+00
4.809619238e+02 3.001150831e+00 3.538255215e-01 3.598839642e+00 1.887809816e-02 3.540783036e-02 3.970747162e+00 4.510233915e+00 3.489766085e+00
5.210420842e+02 2.990931235e+00 3.823979904e-01 3.567019278e+00 1.572842841e-02 3.249131899e-02 3.969934166e+00 4.552231812e+00 3.447768188e+00
5.611222445e+02 2.982423310e+00 4.107179312e-01 3.535313141e+00 1.311662091e-02 3.004926622e-02 3.969209560e+00 4.594105953e+00 3.405894047e+00
6.012024048e+02 2.975362459e+00 4.387970762e-01 3.503710955e+00 1.095196211e-02 2.800213434e-02 3.968558585e+00 4.635847363e+00 3.364152637e+00
6.412825651e+02 2.969529986e+00 4.666432978e-01 3.472204995e+00 9.159084246e-03 2.628382969e-02 3.967968972e+00 4.677447181e+00 3.322552819e+00
6.813627255e+02 2.964744461e+00 4.942617024e-01 3.440789619e+00 7.675179049e-03 2.483926025e-02 3.967430510e+00 4.718896673e+00 3.281103327e+00
7.214428858e+02 2.960855390e+00 5.216554014e-01 3.409460921e+00 6.447990248e-03 2.362257715e-02 3.966934720e+00 4.760187235e+00 3.239812765e+00
7.615230461e+02 2.957737402e+00 5.488261465e-01 3.378216403e+00 5.433917691e-03 2.259551360e-02 3.966474549e+00 4.801310401e+00 3.198689599e+00
8.016032064e+02 2.955286005e+00 5.757747752e-01 3.347054733e+00 4.596630989e-03 2.172617047e-02 3.966044141e+00 4.842257851e+00 3.157742149e+00
8.416833667e+02 2.953413897e+00 6.025015551e-01 3.315975530e+00 3.905849880e-03 2.098794812e-02 3.965638634e+00 4.883021415e+00 3.116978585e+00
8.817635271e+02 2.952047975e+00 6.290064336e-01 3.284979194e+00 3.336341071e-03 2.035866800e-02 3.965253993e+00 4.923593079e+00 3.076406921e+00
9.218436874e+02 2.951126968e+00 6.552892091e-01 3.254066757e+00 2.867117854e-03 1.981987187e-02 3.964886876e+00 4.963964993e+00 3.036035007e+00
9.619238477e+02 2.950599333e+00 6.813496657e-01 3.223239768e+00 2.480716756e-03 1.935618870e-02 3.964534516e+00 5.004129474e+00 2.995870526e+00
1.002004008e+03 2.950421618e+00 7.071876510e-01 3.192500188e+00 2.162634666e-03 1.895484187e-02 3.964194621e+00 5.044079013e+00 2.955920987e+00
1.042084168e+03 2.950557080e+00 7.328031318e-01 3.161850313e+00 1.900838377e-03 1.860522000e-02 3.963865297e+00 5.083806278e+00 2.916193722e+00
1.082164329e+03 2.950974524e+00 7.581962261e-01 3.131292699e+00 1.685354121e-03 1.829851771e-02 3.963544980e+00 5.123304119e+00 2.876695881e+00
1.122244489e+03 2.951647344e+00 7.833672182e-01 3.100830107e+00 1.507924319e-03 1.802743517e-02 3.963232376e+00 5.162565573e+00 2.837434427e+00
1.162324649e+03 2.952552758e+00 8.083165607e-01 3.070465457e+00 1.361725964e-03 1.778593160e-02 3.962926417e+00 5.201583868e+00 2.798416132e+00
1.202404810e+03 2.953671151e+00 8.330448681e-01 3.040201787e+00 1.241130218e-03 1.756901484e-02 3.962626224e+00 5.240352425e+00 2.759647575e+00
1.242484970e+03 2.954985524e+00 8.575529075e-01 3.010042222e+00 1.141497897e-03 1.737256226e-02 3.962331069e+00 5.278864864e+00 2.721135136e+00
1.282565130e+03 2.956481052e+00 8.818415847e-01 2.979989942e+00 1.059010989e-03 1.719317318e-02 3.962040353e+00 5.317115002e+00 2.682884998e+00
1.322645291e+03 2.958144709e+00 9.059119287e-01 2.950048165e+00 9.905325687e-04 1.702804616e-02 3.961753579e+00 5.355096863e+00 2.644903137e+00
1.362725451e+03 2.959964971e+00 9.297650754e-01 2.920220126e+00 9.334896763e-04 1.687487630e-02 3.961470338e+00 5.392804673e+00 2.607195327e+00
1.402805611e+03 2.961931555e+00 9.534022517e-01 2.890509061e+00 8.857745638e-04 1.673176870e-02 3.961190291e+00 5.430232867e+00 2.569767133e+00
1.442885772e+03 2.964035218e+00 9.768247606e-01 2.860918193e+00 8.456640704e-04 1.659716770e-02 3.960913155e+00 5.467376089e+00 2.532623911e+00
1.482965932e+03 2.966267578e+00 1.000033967e+00 2.831450726e+00 8.117499891e-04 1.646979573e-02 3.960638697e+00 5.504229192e+00 2.495770808e+00
1.523046092e+03 2.968620978e+00 1.023031284e+00 2.802109828e+00 7.828833277e-04 1.634860441e-02 3.960366720e+00 5.540787242e+00 2.459212758e+00
1.563126253e+03 2.971088368e+00 1.045818165e+00 2.772898633e+00 7.581287628e-04 1.623273447e-02 3.960097061e+00 5.577045517e+00 2.422954483e+00
1.603206413e+03 2.973663215e+00 1.068396087e+00 2.743820226e+00 7.367257484e-04 1.612148156e-02 3.959829582e+00 5.612999509e+00 2.387000491e+00
1.643286573e+03 2.976339418e+00 1.090766550e+00 2.714877646e+00 7.180577064e-04 1.601426913e-02 3.959564165e+00 5.648644920e+00 2.351355080e+00
1.683366733e+03 2.979111252e+00 1.112931063e+00 2.686073874e+00 7.016236727e-04 1.591062345e-02 3.959300711e+00 5.683977669e+00 2.316022331e+00
1.723446894e+03 2.981973305e+00 1.134891142e+00 2.657411836e+00 6.870172073e-04 1.581015501e-02 3.959039133e+00 5.718993886e+00 2.281006114e+00
1.763527054e+03 2.984920442e+00 1.156648302e+00 2.628894393e+00 6.739102463e-04 1.571254431e-02 3.958779358e+00 5.753689913e+00 2.246310087e+00
1.803607214e+03 2.987947769e+00 1.178204054e+00 2.600524347e+00 6.620365364e-04 1.561752717e-02 3.958521319e+00 5.788062305e+00 2.211937695e+00
1.843687375e+03 2.991050606e+00 1.199559902e+00 2.572304430e+00 6.511816905e-04 1.552488593e-02 3.958264961e+00 5.822107826e+00 2.177892174e+00
1.883767535e+03 2.994224461e+00 1.220717339e+00 2.544237309e+00 6.411728537e-04 1.543444038e-02 3.958010231e+00 5.855823450e+00 2.144176550e+00
1.923847695e+03 2.997465013e+00 1.241677847e+00 2.516325582e+00 6.318704562e-04 1.534604037e-02 3.957757083e+00 5.889206358e+00 2.110793642e+00
1.963927856e+03 3.000768093e+00 1.262442893e+00 2.488571774e+00 6.231622450e-04 1.525956055e-02 3.957505476e+00 5.922253937e+00 2.077746063e+00
2.004008016e+03 3.004129672e+00 1.283013930e+00 2.460978342e+00 6.149566483e-04 1.517489448e-02 3.957255371e+00 5.954963778e+00 2.045036222e+00
2.044088176e+03 3.007545850e+00 1.303392395e+00 2.433547669e+00 6.071802729e-04 1.509195240e-02 3.957006733e+00 5.987333675e+00 2.012666325e+00
2.084168337e+03 3.011012851e+00 1.323579708e+00 2.406282065e+00 5.997734892e-04 1.501065726e-02 3.956759528e+00 6.019361619e+00 1.980638381e+00
2.124248497e+03 3.014527010e+00 1.343577275e+00 2.379183765e+00 5.926874982e-04 1.493094217e-02 3.956513725e+00 6.051045799e+00 1.948954201e+00
2.164328657e+03 3.018084772e+00 1.363386486e+00 2.352254934e+00 5.858845277e-04 1.485275048e-02 3.956269294e+00 6.082384599e+00 1.917615401e+00
2.204408818e+03 3.021682685e+00 1.383008714e+00 2.325497659e+00 5.793318356e-04 1.477603051e-02 3.956026208e+00 6.113376592e+00 1.886623408e+00
2.244488978e+03 3.025317395e+00 1.402445320e+00 2.298913953e+00 5.730037498e-04 1.470073731e-02 3.955784438e+00 6.144020541e+00 1.855979459e+00
2.284569138e+03 3.028985636e+00 1.421697645e+00 2.272505757e+00 5.668840346e-04 1.462683471e-02 3.955543961e+00 6.174315392e+00 1.825684608e+00
2.324649299e+03 3.032684249e+00 1.440767024e+00 2.246274934e+00 5.609488007e-04 1.455428028e-02 3.955304750e+00 6.204260274e+00 1.795739726e+00
2.364729459e+03 3.036410155e+00 1.459654773e+00 2.220223273e+00 5.551813605e-04 1.448303838e-02 3.955066782e+00 6.233854494e+00 1.766145506e+00
2.404809619e+03 3.040160353e+00 1.478362199e+00 2.194352490e+00 5.495761186e-04 1.441308353e-02 3.954830032e+00 6.263097533e+00 1.736902467e+00
2.444889780e+03 3.043931933e+00 1.496890593e+00 2.168664225e+00 5.441243931e-04 1.434438794e-02 3.954594479e+00 6.291989043e+00 1.708010957e+00
2.484969940e+03 3.047722067e+00 1.515241238e+00 2.143160044e+00 5.388162043e-04 1.427692312e-02 3.954360101e+00 6.320528842e+00 1.679471158e+00
2.525050100e+03 3.051528017e+00 1.533415407e+00 2.117841440e+00 5.336393270e-04 1.421065897e-02 3.954126875e+00 6.348716913e+00 1.651283087e+00
2.565130261e+03 3.055347105e+00 1.551414362e+00 2.092709830e+00 5.285907953e-04 1.414557388e-02 3.953894780e+00 6.376553394e+00 1.623446606e+00
2.605210421e+03 3.059176739e+00 1.569239357e+00 2.067766560e+00 5.236648781e-04 1.408164420e-02 3.953663796e+00 6.404038583e+00 1.595961417e+00
2.645290581e+03 3.063014406e+00 1.586891637e+00 2.043012904e+00 5.188565105e-04 1.401884720e-02 3.953433903e+00 6.431172928e+00 1.568827072e+00
2.685370741e+03 3.066857664e+00 1.604372440e+00 2.018450060e+00 5.141615285e-04 1.395716131e-02 3.953205081e+00 6.457957022e+00 1.542042978e+00
2.725450902e+03 3.070704142e+00 1.621682999e+00 1.994079157e+00 5.095756533e-04 1.389656517e-02 3.952977311e+00 6.484391606e+00 1.515608394e+00
2.765531062e+03 3.074551543e+00 1.638824538e+00 1.969901254e+00 5.050954434e-04 1.383703849e-02 3.952750574e+00 6.510477549e+00 1.489522451e+00
2.805611222e+03 3.078397640e+00 1.655798277e+00 1.945917336e+00 5.007177064e-04 1.377856152e-02 3.952524851e+00 6.536215869e+00 1.463784131e+00
2.845691383e+03 3.082240272e+00 1.672605430e+00 1.922128321e+00 4.964392714e-04 1.372111482e-02 3.952300124e+00 6.561607701e+00 1.438392299e+00
2.885771543e+03 3.086077352e+00 1.689247207e+00 1.898535057e+00 4.922573194e-04 1.366467961e-02 3.952076375e+00 6.586654316e+00 1.413345684e+00
2.925851703e+03 3.089906852e+00 1.705724814e+00 1.875138323e+00 4.881690307e-04 1.360923736e-02 3.951853587e+00 6.611357099e+00 1.388642901e+00
2.965931864e+03 3.093726814e+00 1.722039453e+00 1.851938832e+00 4.841717284e-04 1.355476998e-02 3.951631743e+00 6.635717553e+00 1.364282447e+00
3.006012024e+03 3.097535343e+00 1.738192324e+00 1.828937228e+00 4.802630330e-04 1.350125990e-02 3.951410826e+00 6.659737296e+00 1.340262704e+00
3.046092184e+03 3.101330605e+00 1.754184624e+00 1.806134094e+00 4.764404924e-04 1.344868980e-02 3.951190819e+00 6.683418048e+00 1.316581952e+00
3.086172345e+03 3.105110829e+00 1.770017545e+00 1.783529942e+00 4.727018113e-04 1.339704274e-02 3.950971706e+00 6.706761640e+00 1.293238360e+00
3.126252505e+03 3.108874307e+00 1.785692281e+00 1.761125224e+00 4.690448086e-04 1.334630219e-02 3.950753472e+00 6.729770001e+00 1.270229999e+00
3.166332665e+03 3.112619388e+00 1.801210021e+00 1.738920328e+00 4.654675559e-04 1.329645207e-02 3.950536100e+00 6.752445156e+00 1.247554844e+00
3.206412826e+03 3.116344481e+00 1.816571952e+00 1.716915578e+00 4.619680767e-04 1.324747653e-02 3.950319575e+00 6.774789225e+00 1.225210775e+00
3.246492986e+03 3.120048054e+00 1.831779263e+00 1.695111241e+00 4.585442991e-04 1.319935990e-02 3.950103883e+00 6.796804413e+00 1.203195587e+00
3.286573146e+03 3.123728627e+00 1.846833138e+00 1.673507519e+00 4.551944365e-04 1.315208700e-02 3.949889009e+00 6.818493011e+00 1.181506989e+00
3.326653307e+03 3.127384779e+00 1.861734763e+00 1.652104558e+00 4.519168405e-04 1.310564301e-02 3.949674937e+00 6.839857385e+00 1.160142615e+00
3.366733467e+03 3.131015141e+00 1.876485322e+00 1.630902446e+00 4.487097332e-04 1.306001323e-02 3.949461655e+00 6.860899982e+00 1.139100018e+00
3.406813627e+03 3.134618398e+00 1.891085998e+00 1.609901214e+00 4.455713282e-04 1.301518320e-02 3.949249148e+00 6.881623316e+00 1.118376684e+00
3.446893788e+03 3.138193286e+00 1.905537975e+00 1.589100835e+00 4.424999088e-04 1.297113875e-02 3.949037401e+00 6.902029972e+00 1.097970028e+00
3.486973948e+03 3.141738592e+00 1.919842436e+00 1.568501231e+00 4.394938438e-04 1.292786600e-02 3.948826403e+00 6.922122596e+00 1.077877404e+00
3.527054108e+03 3.145253154e+00 1.934000561e+00 1.548102267e+00 4.365516818e-04 1.288535146e-02 3.948616139e+00 6.941903898e+00 1.058096102e+00
3.567134269e+03 3.148735856e+00 1.948013535e+00 1.527903757e+00 4.336718714e-04 1.284358176e-02 3.948406597e+00 6.961376640e+00 1.038623360e+00
3.607214429e+03 3.152185634e+00 1.961882538e+00 1.507905465e+00 4.308529308e-04 1.280254383e-02 3.948197764e+00 6.980543643e+00 1.019456357e+00
3.647294589e+03 3.155601467e+00 1.975608752e+00 1.488107103e+00 4.280934631e-04 1.276222484e-02 3.947989628e+00 6.999407775e+00 1.000592225e+00
3.687374749e+03 3.158982381e+00 1.989193359e+00 1.468508335e+00 4.253920963e-04 1.272261223e-02 3.947782175e+00 7.017971948e+00 9.820280518e-01
3.727454910e+03 3.162327447e+00 2.002637539e+00 1.449108776e+00 4.227474611e-04 1.268369362e-02 3.947575395e+00 7.036239122e+00 9.637608781e-01
3.767535070e+03 3.165635780e+00 2.015942473e+00 1.429907995e+00 4.201582607e-04 1.264545690e-02 3.947369275e+00 7.054212292e+00 9.457877081e-01
3.807615230e+03 3.168906536e+00 2.029109342e+00 1.410905517e+00 4.176232199e-04 1.260789017e-02 3.947163804e+00 7.071894493e+00 9.281055073e-01
3.847695391e+03 3.172138914e+00 2.042139326e+00 1.392100820e+00 4.151410884e-04 1.257098175e-02 3.946958970e+00 7.089288790e+00 9.107112095e-01
3.887775551e+03 3.175332153e+00 2.055033605e+00 1.373493341e+00 4.127106537e-04 1.253472016e-02 3.946754762e+00 7.106398282e+00 8.936017175e-01
3.927855711e+03 3.178485533e+00 2.067793357e+00 1.355082474e+00 4.103307523e-04 1.249909418e-02 3.946551169e+00 7.123226095e+00 8.767739049e-01
3.967935872e+03 3.181598370e+00 2.080419762e+00 1.336867572e+00 4.080002178e-04 1.246409273e-02 3.946348181e+00 7.139775375e+00 8.602246246e-01
4.008016032e+03 3.184670021e+00 2.092913997e+00 1.318847950e+00 4.057179244e-04 1.242970496e-02 3.946145786e+00 7.156049293e+00 8.439507070e-01
4.048096192e+03 3.187699879e+00 2.105277240e+00 1.301022882e+00 4.034828044e-04 1.239592026e-02 3.945943974e+00 7.172051042e+00 8.279489578e-01
4.088176353e+03 3.190687370e+00 2.117510667e+00 1.283391606e+00 4.012937852e-04 1.236272817e-02 3.945742736e+00 7.187783826e+00 8.122161740e-01
4.128256513e+03 3.193631960e+00 2.129615454e+00 1.265953325e+00 3.991498329e-04 1.233011841e-02 3.945542060e+00 7.203250862e+00 7.967491378e-01
4.168336673e+03 3.196533145e+00 2.141592773e+00 1.248707205e+00 3.970499456e-04 1.229808094e-02 3.945341937e+00 7.218455389e+00 7.815446110e-01
4.208416834e+03 3.199390456e+00 2.153443799e+00 1.231652380e+00 3.949931440e-04 1.226660586e-02 3.945142358e+00 7.233400644e+00 7.665993564e-01
4.248496994e+03 3.202203456e+00 2.165169703e+00 1.214787949e+00 3.929784769e-04 1.223568348e-02 3.944943313e+00 7.248089872e+00 7.519101283e-01
4.288577154e+03 3.204971741e+00 2.176771654e+00 1.198112982e+00 3.910050490e-04 1.220530430e-02 3.944744791e+00 7.262526330e+00 7.374736699e-01
4.328657315e+03 3.207694935e+00 2.188250820e+00 1.181626516e+00 3.890719776e-04 1.217545899e-02 3.944546786e+00 7.276713273e+00 7.232867275e-01
4.368737475e+03 3.210372695e+00 2.199608369e+00 1.165327560e+00 3.871784125e-04 1.214613839e-02 3.944349286e+00 7.290653952e+00 7.093460477e-01
4.408817635e+03 3.213004703e+00 2.210845463e+00 1.149215096e+00 3.853233996e-04 1.211733340e-02 3.944152283e+00 7.304351626e+00 6.956483742e-01
4.448897796e+03 3.215590672e+00 2.221963264e+00 1.133288076e+00 3.835060032e-04 1.208903509e-02 3.943955770e+00 7.317809545e+00 6.821904554e-01
4.488977956e+03 3.218130340e+00 2.232962932e+00 1.117545427e+00 3.817253397e-04 1.206123469e-02 3.943759736e+00 7.331030952e+00 6.689690483e-01
4.529058116e+03 3.220623476e+00 2.243845624e+00 1.101986052e+00 3.799807888e-04 1.203392383e-02 3.943564174e+00 7.344019087e+00 6.559809133e-01
4.569138277e+03 3.223069873e+00 2.254612495e+00 1.086608829e+00 3.782720083e-04 1.200709453e-02 3.943369075e+00 7.356777182e+00 6.432228179e-01
4.609218437e+03 3.225469349e+00 2.265264697e+00 1.071412613e+00 3.765983879e-04 1.198073868e-02 3.943174431e+00 7.369308455e+00 6.306915451e-01
4.649298597e+03 3.227821744e+00 2.275803377e+00 1.056396238e+00 3.749590052e-04 1.195484804e-02 3.942980235e+00 7.381616113e+00 6.183838868e-01
4.689378758e+03 3.230126915e+00 2.286229680e+00 1.041558513e+00 3.733515289e-04 1.192941320e-02 3.942786478e+00 7.393703356e+00 6.062966443e-01
4.729458918e+03 3.232384748e+00 2.296544746e+00 1.026898233e+00 3.717749385e-04 1.190442609e-02 3.942593152e+00 7.405573360e+00 5.944266399e-01
4.769539078e+03 3.234595150e+00 2.306749713e+00 1.012414170e+00 3.702283654e-04 1.187987889e-02 3.942400251e+00 7.417229289e+00 5.827707108e-01
4.809619238e+03 3.236758099e+00 2.316845727e+00 9.981050810e-01 3.687207154e-04 1.185577274e-02 3.942207766e+00 7.428674291e+00 5.713257087e-01
4.849699399e+03 3.238873506e+00 2.326833911e+00 9.839697022e-01 3.672410900e-04 1.183209099e-02 3.942015690e+00 7.439911498e+00 5.600885015e-01
4.889779559e+03 3.240941316e+00 2.336715379e+00 9.700067553e-01 3.657857623e-04 1.180882357e-02 3.941824017e+00 7.450944021e+00 5.490559794e-01
4.929859719e+03 3.242961564e+00 2.346491267e+00 9.562149466e-01 3.643635666e-04 1.178597195e-02 3.941632739e+00 7.461774947e+00 5.382250526e-01
4.969939880e+03 3.244934264e+00 2.356162699e+00 9.425929680e-01 3.629708012e-04 1.176352631e-02 3.941441849e+00 7.472407347e+00 5.275926531e-01
5.010020040e+03 3.246859409e+00 2.365730773e+00 9.291394978e-01 3.616042110e-04 1.174147737e-02 3.941251340e+00 7.482844265e+00 5.171557350e-01
5.050100200e+03 3.248737069e+00 2.375196608e+00 9.158532017e-01 3.602657444e-04 1.171982067e-02 3.941061205e+00 7.493088724e+00 5.069112759e-01
5.090180361e+03 3.250567296e+00 2.384561304e+00 9.027327334e-01 3.589538844e-04 1.169854871e-02 3.940871439e+00 7.503143722e+00 4.968562777e-01
5.130260521e+03 3.252350174e+00 2.393825961e+00 8.897767352e-01 3.576684307e-04 1.167765531e-02 3.940682034e+00 7.513012232e+00 4.869877678e-01
5.170340681e+03 3.254085793e+00 2.402991672e+00 8.769838404e-01 3.564086777e-04 1.165713391e-02 3.940492985e+00 7.522697203e+00 4.773027971e-01
5.210420842e+03 3.255774262e+00 2.412059526e+00 8.643526721e-01 3.551741718e-04 1.163697828e-02 3.940304284e+00 7.532201557e+00 4.677984435e-01
5.250501002e+03 3.257415707e+00 2.421030605e+00 8.518818438e-01 3.539643937e-04 1.161718227e-02 3.940115926e+00 7.541528183e+00 4.584718168e-01
5.290581162e+03 3.259010260e+00 2.429905990e+00 8.395699651e-01 3.527788364e-04 1.159773976e-02 3.939927905e+00 7.550679961e+00 4.493200392e-01
5.330661323e+03 3.260558072e+00 2.438686751e+00 8.274156350e-01 3.516170125e-04 1.157864480e-02 3.939740214e+00 7.559659726e+00 4.403402742e-01
5.370741483e+03 3.262059309e+00 2.447373953e+00 8.154174450e-01 3.504784441e-04 1.155989157e-02 3.939552848e+00 7.568470287e+00 4.315297130e-01
5.410821643e+03 3.263514147e+00 2.455968657e+00 8.035739809e-01 3.493626695e-04 1.154147432e-02 3.939365802e+00 7.577114422e+00 4.228855776e-01
5.450901804e+03 3.264922774e+00 2.464471916e+00 7.918838252e-01 3.482692319e-04 1.152338740e-02 3.939179069e+00 7.585594884e+00 4.144051157e-01
5.490981964e+03 3.266285391e+00 2.472884776e+00 7.803455539e-01 3.471976873e-04 1.150562528e-02 3.938992644e+00 7.593914393e+00 4.060856071e-01
5.531062124e+03 3.267602206e+00 2.481208280e+00 7.689577418e-01 3.461475988e-04 1.148818247e-02 3.938806522e+00 7.602075642e+00 3.979243584e-01
5.571142285e+03 3.268873439e+00 2.489443461e+00 7.577189601e-01 3.451185412e-04 1.147105363e-02 3.938620697e+00 7.610081290e+00 3.899187095e-01
5.611222445e+03 3.270099320e+00 2.497591349e+00 7.466277762e-01 3.441100984e-04 1.145423349e-02 3.938435164e+00 7.617933972e+00 3.820660279e-01
5.651302605e+03 3.271280089e+00 2.505652964e+00 7.356827564e-01 3.431218641e-04 1.143771686e-02 3.938249918e+00 7.625636286e+00 3.743637137e-01
5.691382766e+03 3.272415994e+00 2.513629321e+00 7.248824657e-01 3.421534416e-04 1.142149868e-02 3.938064953e+00 7.633190801e+00 3.668091992e-01
5.731462926e+03 3.273507294e+00 2.521521429e+00 7.142254662e-01 3.412044434e-04 1.140557395e-02 3.937880265e+00 7.640600054e+00 3.593999457e-01
5.771543086e+03 3.274554252e+00 2.529330287e+00 7.037103235e-01 3.402744895e-04 1.138993776e-02 3.937695849e+00 7.647866551e+00 3.521334493e-01
5.811623246e+03 3.275557145e+00 2.537056889e+00 6.933355982e-01 3.393632104e-04 1.137458530e-02 3.937511700e+00 7.654992765e+00 3.450072350e-01
5.851703407e+03 3.276516251e+00 2.544702222e+00 6.830998580e-01 3.384702421e-04 1.135951182e-02 3.937327813e+00 7.661981138e+00 3.380188618e-01
5.891783567e+03 3.277431860e+00 2.552267264e+00 6.730016654e-01 3.375952315e-04 1.134471268e-02 3.937144183e+00 7.668834081e+00 3.311659190e-01
5.931863727e+03 3.278304265e+00 2.559752988e+00 6.630395900e-01 3.367378307e-04 1.133018330e-02 3.936960807e+00 7.675553972e+00 3.244460284e-01
5.971943888e+03 3.279133768e+00 2.567160357e+00 6.532122003e-01 3.358977010e-04 1.131591918e-02 3.936777678e+00 7.682143157e+00 3.178568434e-01
6.012024048e+03 3.279920676e+00 2.574490329e+00 6.435180684e-01 3.350745107e-04 1.130191590e-02 3.936594794e+00 7.688603951e+00 3.113960492e-01
6.052104208e+03 3.280665301e+00 2.581743852e+00 6.339557703e-01 3.342679347e-04 1.128816913e-02 3.936412150e+00 7.694938637e+00 3.050613629e-01
6.092184369e+03 3.281367961e+00 2.588921869e+00 6.245238834e-01 3.334776561e-04 1.127467459e-02 3.936229740e+00 7.701149467e+00 2.988505333e-01
6.132264529e+03 3.282028981e+00 2.596025314e+00 6.152209902e-01 3.327033644e-04 1.126142810e-02 3.936047562e+00 7.707238659e+00 2.927613406e-01
6.172344689e+03 3.282648686e+00 2.603055113e+00 6.060456781e-01 3.319447555e-04 1.124842553e-02 3.935865611e+00 7.713208403e+00 2.867915970e-01
6.212424850e+03 3.283227408e+00 2.610012184e+00 5.969965396e-01 3.312015315e-04 1.123566283e-02 3.935683883e+00 7.719060854e+00 2.809391463e-01
6.252505010e+03 3.283765485e+00 2.616897437e+00 5.880721695e-01 3.304734024e-04 1.122313603e-02 3.935502374e+00 7.724798137e+00 2.752018629e-01
6.292585170e+03 3.284263253e+00 2.623711776e+00 5.792711723e-01 3.297600823e-04 1.121084121e-02 3.935321079e+00 7.730422347e+00 2.695776534e-01
6.332665331e+03 3.284721057e+00 2.630456095e+00 5.705921557e-01 3.290612925e-04 1.119877451e-02 3.935139996e+00 7.735935545e+00 2.640644550e-01
6.372745491e+03 3.285139242e+00 2.637131281e+00 5.620337325e-01 3.283767605e-04 1.118693218e-02 3.934959120e+00 7.741339764e+00 2.586602355e-01
6.412825651e+03 3.285518158e+00 2.643738213e+00 5.535945242e-01 3.277062188e-04 1.117531048e-02 3.934778447e+00 7.746637006e+00 2.533629942e-01
6.452905812e+03 3.285858157e+00 2.650277761e+00 5.452731567e-01 3.270494065e-04 1.116390578e-02 3.934597975e+00 7.751829240e+00 2.481707601e-01
6.492985972e+03 3.286159594e+00 2.656750788e+00 5.370682635e-01 3.264060678e-04 1.115271448e-02 3.934417698e+00 7.756918407e+00 2.430815929e-01
6.533066132e+03 3.286422825e+00 2.663158149e+00 5.289784852e-01 3.257759524e-04 1.114173307e-02 3.934237614e+00 7.761906417e+00 2.380935826e-01
6.573146293e+03 3.286648210e+00 2.669500691e+00 5.210024700e-01 3.251588148e-04 1.113095806e-02 3.934057720e+00 7.766795151e+00 2.332048485e-01
6.613226453e+03 3.286836109e+00 2.675779251e+00 5.131388734e-01 3.245544150e-04 1.112038606e-02 3.933878011e+00 7.771586460e+00 2.284135401e-01
6.653306613e+03 3.286986885e+00 2.681994661e+00 5.053863588e-01 3.239625179e-04 1.111001372e-02 3.933698484e+00 7.776282164e+00 2.237178358e-01
6.693386774e+03 3.287100900e+00 2.688147742e+00 4.977435981e-01 3.233828937e-04 1.109983774e-02 3.933519137e+00 7.780884057e+00 2.191159432e-01
6.733466934e+03 3.287178520e+00 2.694239308e+00 4.902092717e-01 3.228153166e-04 1.108985490e-02 3.933339965e+00 7.785393901e+00 2.146060994e-01
6.773547094e+03 3.287220111e+00 2.700270165e+00 4.827820686e-01 3.222595654e-04 1.108006201e-02 3.933160966e+00 7.789813430e+00 2.101865699e-01
6.813627255e+03 3.287226039e+00 2.706241111e+00 4.754606856e-01 3.217154241e-04 1.107045594e-02 3.932982136e+00 7.794144352e+00 2.058556480e-01
6.853707415e+03 3.287196672e+00 2.712152935e+00 4.682438290e-01 3.211826808e-04 1.106103361e-02 3.932803472e+00 7.798388345e+00 2.016116551e-01
6.893787575e+03 3.287132376e+00 2.718006419e+00 4.611302151e-01 3.206611274e-04 1.105179201e-02 3.932624971e+00 7.802547059e+00 1.974529412e-01
6.933867735e+03 3.287033518e+00 2.723802336e+00 4.541185698e-01 3.201505600e-04 1.104272817e-02 3.932446631e+00 7.806622116e+00 1.933778840e-01
6.973947896e+03 3.286900469e+00 2.729541450e+00 4.472076255e-01 3.196507802e-04 1.103383915e-02 3.932268448e+00 7.810615113e+00 1.893848866e-01
7.014028056e+03 3.286733595e+00 2.735224520e+00 4.403961261e-01 3.191615927e-04 1.102512210e-02 3.932090419e+00 7.814527620e+00 1.854723801e-01
7.054108216e+03 3.286533264e+00 2.740852293e+00 4.336828261e-01 3.186828059e-04 1.101657420e-02 3.931912541e+00 7.818361177e+00 1.816388227e-01
7.094188377e+03 3.286299842e+00 2.746425509e+00 4.270664895e-01 3.182142321e-04 1.100819266e-02 3.931734812e+00 7.822117301e+00 1.778826986e-01
7.134268537e+03 3.286033698e+00 2.751944903e+00 4.205458876e-01 3.177556882e-04 1.099997476e-02 3.931557230e+00 7.825797483e+00 1.742025168e-01
7.174348697e+03 3.285735198e+00 2.757411199e+00 4.141198043e-01 3.173069940e-04 1.099191781e-02 3.931379790e+00 7.829403187e+00 1.705968129e-01
7.214428858e+03 3.285404707e+00 2.762825113e+00 4.077870333e-01 3.168679731e-04 1.098401920e-02 3.931202490e+00 7.832935852e+00 1.670641482e-01
7.254509018e+03 3.285042589e+00 2.768187353e+00 4.015463787e-01 3.164384525e-04 1.097627631e-02 3.931025329e+00 7.836396891e+00 1.636031086e-01
7.294589178e+03 3.284649209e+00 2.773498620e+00 3.953966529e-01 3.160182630e-04 1.096868660e-02 3.930848302e+00 7.839787696e+00 1.602123039e-01
7.334669339e+03 3.284224930e+00 2.778759607e+00 3.893366807e-01 3.156072384e-04 1.096124758e-02 3.930671409e+00 7.843109630e+00 1.568903695e-01
7.374749499e+03 3.283770113e+00 2.783970999e+00 3.833652972e-01 3.152052159e-04 1.095395677e-02 3.930494645e+00 7.846364036e+00 1.536359643e-01
7.414829659e+03 3.283285119e+00 2.789133472e+00 3.774813479e-01 3.148120357e-04 1.094681175e-02 3.930318010e+00 7.849552229e+00 1.504477710e-01
7.454909820e+03 3.282770306e+00 2.794247696e+00 3.716836874e-01 3.144275416e-04 1.093981015e-02 3.930141499e+00 7.852675504e+00 1.473244955e-01
7.494989980e+03 3.282226032e+00 2.799314331e+00 3.659711829e-01 3.140515799e-04 1.093294962e-02 3.929965112e+00 7.855735133e+00 1.442648672e-01
7.535070140e+03 3.281652652e+00 2.804334031e+00 3.603427118e-01 3.136840001e-04 1.092622786e-02 3.929788845e+00 7.858732362e+00 1.412676380e-01
7.575150301e+03 3.281050522e+00 2.809307442e+00 3.547971620e-01 3.133246547e-04 1.091964260e-02 3.929612696e+00 7.861668418e+00 1.383315825e-01
7.615230461e+03 3.280419993e+00 2.814235201e+00 3.493334308e-01 3.129733994e-04 1.091319162e-02 3.929436663e+00 7.864544503e+00 1.354554969e-01
7.655310621e+03 3.279761417e+00 2.819117939e+00 3.439504286e-01 3.126300920e-04 1.090687274e-02 3.929260744e+00 7.867361800e+00 1.326381999e-01
7.695390782e+03 3.279075142e+00 2.823956279e+00 3.386470760e-01 3.122945933e-04 1.090068380e-02 3.929084937e+00 7.870121469e+00 1.298785313e-01
7.735470942e+03 3.278361514e+00 2.828750835e+00 3.334223045e-01 3.119667666e-04 1.089462269e-02 3.928909239e+00 7.872824648e+00 1.271753523e-01
7.775551102e+03 3.277620879e+00 2.833502216e+00 3.282750542e-01 3.116464787e-04 1.088868732e-02 3.928733648e+00 7.875472455e+00 1.245275447e-01
7.815631263e+03 3.276853581e+00 2.838211022e+00 3.232042785e-01 3.113335981e-04 1.088287566e-02 3.928558163e+00 7.878065989e+00 1.219340110e-01
7.855711423e+03 3.276059958e+00 2.842877844e+00 3.182089416e-01 3.110279960e-04 1.087718568e-02 3.928382781e+00 7.880606326e+00 1.193936740e-01
7.895791583e+03 3.275240350e+00 2.847503269e+00 3.132880182e-01 3.107295458e-04 1.087161541e-02 3.928207500e+00 7.883094524e+00 1.169054762e-01
7.935871743e+03 3.274395093e+00 2.852087875e+00 3.084404929e-01 3.104381239e-04 1.086616291e-02 3.928032318e+00 7.885531620e+00 1.144683801e-01
7.975951904e+03 3.273524521e+00 2.856632232e+00 3.036653610e-01 3.101536090e-04 1.086082627e-02 3.927857233e+00 7.887918633e+00 1.120813673e-01
8.016032064e+03 3.272628966e+00 2.861136904e+00 2.989616302e-01 3.098758817e-04 1.085560360e-02 3.927682244e+00 7.890256562e+00 1.097434382e-01
8.056112224e+03 3.271708756e+00 2.865602448e+00 2.943283184e-01 3.096048249e-04 1.085049305e-02 3.927507347e+00 7.892546388e+00 1.074536121e-01
8.096192385e+03 3.270764219e+00 2.870029412e+00 2.897644540e-01 3.093403238e-04 1.084549282e-02 3.927332543e+00 7.894789073e+00 1.052109267e-01
8.136272545e+03 3.269795678e+00 2.874418340e+00 2.852690747e-01 3.090822663e-04 1.084060110e-02 3.927157828e+00 7.896985562e+00 1.030144383e-01
8.176352705e+03 3.268803457e+00 2.878769766e+00 2.808412313e-01 3.088305416e-04 1.083581615e-02 3.926983201e+00 7.899136780e+00 1.008632202e-01
8.216432866e+03 3.267787873e+00 2.883084218e+00 2.764799843e-01 3.085850413e-04 1.083113623e-02 3.926808660e+00 7.901243637e+00 9.875636347e-02
8.256513026e+03 3.266749244e+00 2.887362219e+00 2.721844050e-01 3.083456591e-04 1.082655965e-02 3.926634204e+00 7.903307024e+00 9.669297632e-02
8.296593186e+03 3.265687885e+00 2.891604283e+00 2.679535742e-01 3.081122906e-04 1.082208473e-02 3.926459830e+00 7.905327815e+00 9.467218481e-02
8.336673347e+03 3.264604105e+00 2.895810918e+00 2.637865844e-01 3.078848334e-04 1.081770982e-02 3.926285537e+00 7.907306869e+00 9.269313076e-02
8.376753507e+03 3.263498216e+00 2.899982625e+00 2.596825385e-01 3.076631867e-04 1.081343331e-02 3.926111324e+00 7.909245028e+00 9.075497243e-02
8.416833667e+03 3.262370522e+00 2.904119900e+00 2.556405500e-01 3.074472517e-04 1.080925361e-02 3.925937188e+00 7.911143116e+00 8.885688421e-02
8.456913828e+03 3.261221327e+00 2.908223228e+00 2.516597420e-01 3.072369319e-04 1.080516915e-02 3.925763129e+00 7.913001943e+00 8.699805679e-02
8.496993988e+03 3.260050932e+00 2.912293093e+00 2.477392480e-01 3.070321324e-04 1.080117840e-02 3.925589144e+00 7.914822303e+00 8.517769652e-02
8.537074148e+03 3.258859636e+00 2.916329970e+00 2.438782128e-01 3.068327596e-04 1.079727985e-02 3.925415232e+00 7.916604976e+00 8.339502430e-02
8.577154309e+03 3.257647733e+00 2.920334326e+00 2.400757909e-01 3.066387220e-04 1.079347201e-02 3.925241391e+00 7.918350724e+00 8.164927633e-02
8.617234469e+03 3.256415516e+00 2.924306624e+00 2.363311471e-01 3.064499296e-04 1.078975341e-02 3.925067620e+00 7.920060296e+00 7.993970370e-02
8.657314629e+03 3.255163276e+00 2.928247321e+00 2.326434550e-01 3.062662939e-04 1.078612262e-02 3.924893918e+00 7.921734427e+00 7.826557306e-02
8.697394790e+03 3.253891299e+00 2.932156866e+00 2.290119002e-01 3.060877283e-04 1.078257821e-02 3.924720283e+00 7.923373836e+00 7.662616370e-02
8.737474950e+03 3.252599871e+00 2.936035704e+00 2.254356775e-01 3.059141473e-04 1.077911879e-02 3.924546714e+00 7.924979231e+00 7.502076938e-02
8.777555110e+03 3.251289271e+00 2.939884272e+00 2.219139920e-01 3.057454673e-04 1.077574299e-02 3.924373208e+00 7.926551302e+00 7.344869757e-02
8.817635271e+03 3.249959780e+00 2.943703001e+00 2.184460579e-01 3.055816067e-04 1.077244948e-02 3.924199766e+00 7.928090730e+00 7.190926985e-02
8.857715431e+03 3.248611672e+00 2.947492315e+00 2.150310989e-01 3.054224863e-04 1.076923694e-02 3.924026385e+00 7.929598178e+00 7.040182160e-02
8.897795591e+03 3.247245222e+00 2.951252636e+00 2.116683495e-01 3.052680264e-04 1.076610407e-02 3.923853064e+00 7.931074300e+00 6.892569964e-02
8.937875752e+03 3.245860699e+00 2.954984374e+00 2.083570536e-01 3.051181499e-04 1.076304960e-02 3.923679801e+00 7.932519736e+00 6.748026414e-02
8.977955912e+03 3.244458370e+00 2.958687940e+00 2.050964646e-01 3.049727808e-04 1.076007227e-02 3.923506597e+00 7.933935112e+00 6.606488773e-02
9.018036072e+03 3.243038502e+00 2.962363737e+00 2.018858449e-01 3.048318419e-04 1.075717081e-02 3.923333448e+00 7.935321043e+00 6.467895669e-02
9.058116232e+03 3.241601358e+00 2.966012165e+00 1.987244666e-01 3.046952580e-04 1.075434395e-02 3.923160355e+00 7.936678131e+00 6.332186873e-02
9.098196393e+03 3.240147196e+00 2.969633615e+00 1.956116114e-01 3.045629571e-04 1.075159052e-02 3.922987315e+00 7.938006967e+00 6.199303262e-02
9.138276553e+03 3.238676274e+00 2.973228475e+00 1.925465704e-01 3.044348667e-04 1.074890931e-02 3.922814327e+00 7.939308131e+00 6.069186917e-02
9.178356713e+03 3.237188845e+00 2.976797126e+00 1.895286435e-01 3.043109154e-04 1.074629912e-02 3.922641391e+00 7.940582189e+00 5.941781056e-02
9.218436874e+03 3.235685148e+00 2.980339903e+00 1.865571395e-01 3.041910697e-04 1.074375941e-02 3.922468506e+00 7.941829699e+00 5.817030055e-02
9.258517034e+03 3.234165448e+00 2.983857227e+00 1.836313757e-01 3.040752144e-04 1.074128825e-02 3.922295669e+00 7.943051205e+00 5.694879479e-02
9.298597194e+03 3.232629985e+00 2.987349444e+00 1.807506796e-01 3.039633036e-04 1.073888487e-02 3.922122880e+00 7.944247241e+00 5.575275915e-02
9.338677355e+03 3.231079001e+00 2.990816913e+00 1.779143873e-01 3.038552699e-04 1.073654814e-02 3.921950138e+00 7.945418330e+00 5.458167049e-02
9.378757515e+03 3.229512736e+00 2.994259988e+00 1.751218434e-01 3.037510498e-04 1.073427699e-02 3.921777441e+00 7.946564984e+00 5.343501553e-02
9.418837675e+03 3.227931428e+00 2.997679017e+00 1.723724014e-01 3.036505835e-04 1.073207044e-02 3.921604789e+00 7.947687708e+00 5.231229160e-02
9.458917836e+03 3.226335310e+00 3.001074343e+00 1.696654246e-01 3.035538082e-04 1.072992741e-02 3.921432180e+00 7.948786992e+00 5.121300760e-02
9.498997996e+03 3.224724615e+00 3.004446305e+00 1.670002828e-01 3.034606634e-04 1.072784689e-02 3.921259614e+00 7.949863320e+00 5.013667972e-02
9.539078156e+03 3.223099573e+00 3.007795238e+00 1.643763533e-01 3.033710895e-04 1.072582788e-02 3.921087089e+00 7.950917167e+00 4.908283286e-02
9.579158317e+03 3.221460409e+00 3.011121471e+00 1.617930238e-01 3.032850283e-04 1.072386939e-02 3.920914605e+00 7.951948996e+00 4.805100382e-02
9.619238477e+03 3.219807348e+00 3.014425327e+00 1.592496890e-01 3.032024225e-04 1.072197046e-02 3.920742160e+00 7.952959263e+00 4.704073722e-02
9.659318637e+03 3.218140611e+00 3.017707126e+00 1.567457547e-01 3.031232161e-04 1.072013014e-02 3.920569753e+00 7.953948410e+00 4.605159004e-02
9.699398798e+03 3.216460417e+00 3.020967184e+00 1.542806281e-01 3.030473533e-04 1.071834749e-02 3.920397384e+00 7.954916879e+00 4.508312090e-02
9.739478958e+03 3.214766984e+00 3.024205813e+00 1.518537278e-01 3.029747795e-04 1.071662158e-02 3.920225052e+00 7.955865099e+00 4.413490074e-02
9.779559118e+03 3.213060523e+00 3.027423316e+00 1.494644848e-01 3.029054420e-04 1.071495151e-02 3.920052755e+00 7.956793485e+00 4.320651473e-02
9.819639279e+03 3.211341246e+00 3.030619994e+00 1.471123340e-01 3.028392882e-04 1.071333640e-02 3.919880492e+00 7.957702449e+00 4.229755135e-02
9.859719439e+03 3.209609359e+00 3.033796143e+00 1.447967217e-01 3.027762670e-04 1.071177537e-02 3.919708263e+00 7.958592388e+00 4.140761189e-02
9.899799599e+03 3.207865070e+00 3.036952055e+00 1.425170988e-01 3.027163276e-04 1.071026757e-02 3.919536068e+00 7.959463698e+00 4.053630218e-02
9.939879760e+03 3.206108581e+00 3.040088017e+00 1.402729244e-01 3.026594206e-04 1.070881214e-02 3.919363904e+00 7.960316763e+00 3.968323670e-02
9.979959920e+03 3.204340093e+00 3.043204313e+00 1.380636645e-01 3.026054969e-04 1.070740825e-02 3.919191771e+00 7.961151963e+00 3.884803721e-02
1.002004008e+04 3.202559804e+00 3.046301222e+00 1.358887923e-01 3.025545085e-04 1.070605508e-02 3.919019668e+00 7.961969668e+00 3.803033242e-02
1.006012024e+04 3.200767910e+00 3.049379021e+00 1.337477885e-01 3.025064080e-04 1.070475182e-02 3.918847595e+00 7.962770241e+00 3.722975925e-02
1.010020040e+04 3.198964605e+00 3.052437979e+00 1.316401411e-01 3.024611491e-04 1.070349768e-02 3.918675550e+00 7.963554038e+00 3.644596174e-02
1.014028056e+04 3.197150079e+00 3.055478366e+00 1.295653452e-01 3.024186860e-04 1.070229188e-02 3.918503534e+00 7.964321409e+00 3.567859131e-02
1.018036072e+04 3.195324522e+00 3.058500442e+00 1.275229035e-01 3.023789741e-04 1.070113364e-02 3.918331544e+00 7.965072693e+00 3.492730658e-02
1.022044088e+04 3.193488120e+00 3.061504468e+00 1.255123255e-01 3.023419693e-04 1.070002222e-02 3.918159580e+00 7.965808226e+00 3.419177381e-02
1.026052104e+04 3.191641056e+00 3.064490699e+00 1.235331276e-01 3.023076284e-04 1.069895688e-02 3.917987642e+00 7.966528335e+00 3.347166480e-02
1.030060120e+04 3.189783511e+00 3.067459385e+00 1.215848334e-01 3.022759089e-04 1.069793687e-02 3.917815728e+00 7.967233340e+00 3.276665951e-02
1.034068136e+04 3.187915666e+00 3.070410775e+00 1.196669732e-01 3.022467690e-04 1.069696149e-02 3.917643839e+00 7.967923556e+00 3.207644396e-02
1.038076152e+04 3.186037696e+00 3.073345111e+00 1.177790835e-01 3.022201676e-04 1.069603002e-02 3.917471972e+00 7.968599290e+00 3.140070973e-02
1.042084168e+04 3.184149776e+00 3.076262635e+00 1.159207085e-01 3.021960644e-04 1.069514177e-02 3.917300128e+00 7.969260843e+00 3.073915658e-02
1.046092184e+04 3.182252079e+00 3.079163582e+00 1.140913973e-01 3.021744195e-04 1.069429606e-02 3.917128306e+00 7.969908512e+00 3.009148772e-02
1.050100200e+04 3.180344774e+00 3.082048185e+00 1.122907071e-01 3.021551940e-04 1.069349221e-02 3.916956505e+00 7.970542585e+00 2.945741511e-02
1.054108216e+04 3.178428030e+00 3.084916674e+00 1.105182002e-01 3.021383495e-04 1.069272955e-02 3.916784724e+00 7.971163345e+00 2.883665476e-02
1.058116232e+04 3.176502012e+00 3.087769274e+00 1.087734456e-01 3.021238484e-04 1.069200745e-02 3.916612963e+00 7.971771071e+00 2.822892888e-02
1.062124248e+04 3.174566883e+00 3.090606208e+00 1.070560192e-01 3.021116535e-04 1.069132525e-02 3.916441221e+00 7.972366033e+00 2.763396653e-02
1.066132265e+04 3.172622805e+00 3.093427694e+00 1.053655028e-01 3.021017286e-04 1.069068232e-02 3.916269497e+00 7.972948498e+00 2.705150198e-02
1.070140281e+04 3.170669937e+00 3.096233948e+00 1.037014835e-01 3.020940376e-04 1.069007805e-02 3.916097791e+00 7.973518726e+00 2.648127404e-02
1.074148297e+04 3.168708436e+00 3.099025183e+00 1.020635551e-01 3.020885453e-04 1.068951182e-02 3.915926102e+00 7.974076972e+00 2.592302761e-02
1.078156313e+04 3.166738456e+00 3.101801607e+00 1.004513169e-01 3.020852171e-04 1.068898304e-02 3.915754430e+00 7.974623488e+00 2.537651224e-02
1.082164329e+04 3.164760152e+00 3.104563426e+00 9.886437426e-02 3.020840189e-04 1.068849110e-02 3.915582773e+00 7.975158517e+00 2.484148316e-02
1.086172345e+04 3.162773673e+00 3.107310843e+00 9.730233863e-02 3.020849179e-04 1.068803545e-02 3.915411132e+00 7.975682299e+00 2.431770119e-02
1.090180361e+04 3.160779168e+00 3.110044056e+00 9.576482610e-02 3.020878811e-04 1.068761550e-02 3.915239505e+00 7.976195070e+00 2.380493027e-02
1.094188377e+04 3.158776785e+00 3.112763262e+00 9.425145851e-02 3.020928763e-04 1.068723070e-02 3.915067892e+00 7.976697061e+00 2.330293941e-02
1.098196393e+04 3.156766668e+00 3.115468657e+00 9.276186466e-02 3.020998706e-04 1.068688048e-02 3.914896293e+00 7.977188495e+00 2.281150476e-02
1.102204409e+04 3.154748960e+00 3.118160429e+00 9.129567758e-02 3.021088325e-04 1.068656428e-02 3.914724707e+00 7.977669595e+00 2.233040502e-02
1.106212425e+04 3.152723803e+00 3.120838769e+00 8.985253571e-02 3.021197306e-04 1.068628156e-02 3.914553133e+00 7.978140577e+00 2.185942349e-02
1.110220441e+04 3.150691335e+00 3.123503860e+00 8.843208309e-02 3.021325348e-04 1.068603179e-02 3.914381571e+00 7.978601652e+00 2.139834834e-02
1.114228457e+04 3.148651692e+00 3.126155879e+00 8.703396945e-02 3.021472194e-04 1.068581453e-02 3.914210020e+00 7.979053027e+00 2.094697302e-02
1.118236473e+04 3.146605010e+00 3.128795005e+00 8.565784921e-02 3.021637549e-04 1.068562926e-02 3.914038480e+00 7.979494906e+00 2.050509419e-02
1.122244489e+04 3.144551421e+00 3.131421412e+00 8.430338212e-02 3.021821145e-04 1.068547552e-02 3.913866950e+00 7.979927487e+00 2.007251319e-02
1.126252505e+04 3.142491059e+00 3.134035281e+00 8.297023291e-02 3.022022639e-04 1.068535270e-02 3.913695429e+00 7.980350965e+00 1.964903530e-02
1.130260521e+04 3.140424055e+00 3.136636789e+00 8.165807135e-02 3.022241700e-04 1.068526022e-02 3.913523918e+00 7.980765530e+00 1.923446995e-02
1.134268537e+04 3.138350537e+00 3.139226106e+00 8.036657231e-02 3.022478044e-04 1.068519759e-02 3.913352416e+00 7.981171369e+00 1.882863071e-02
1.138276553e+04 3.136270630e+00 3.141803388e+00 7.909541513e-02 3.022731461e-04 1.068516443e-02 3.913180921e+00 7.981568665e+00 1.843133470e-02
1.142284569e+04 3.134184454e+00 3.144368787e+00 7.784428397e-02 3.023001783e-04 1.068516046e-02 3.913009435e+00 7.981957597e+00 1.804240285e-02
1.146292585e+04 3.132092133e+00 3.146922459e+00 7.661286799e-02 3.023288775e-04 1.068518527e-02 3.912837956e+00 7.982338340e+00 1.766166007e-02
1.150300601e+04 3.129993788e+00 3.149464570e+00 7.540086074e-02 3.023592129e-04 1.068523832e-02 3.912666483e+00 7.982711066e+00 1.728893437e-02
1.154308617e+04 3.127889537e+00 3.151995270e+00 7.420796084e-02 3.023911639e-04 1.068531925e-02 3.912495017e+00 7.983075942e+00 1.692405809e-02
1.158316633e+04 3.125779503e+00 3.154514733e+00 7.303387056e-02 3.024246896e-04 1.068542733e-02 3.912323556e+00 7.983433134e+00 1.656686614e-02
1.162324649e+04 3.123663804e+00 3.157023116e+00 7.187829752e-02 3.024597589e-04 1.068556201e-02 3.912152101e+00 7.983782802e+00 1.621719773e-02
1.166332665e+04 3.121542553e+00 3.159520562e+00 7.074095334e-02 3.024963515e-04 1.068572294e-02 3.911980651e+00 7.984125105e+00 1.587489505e-02
1.170340681e+04 3.119415858e+00 3.162007196e+00 6.962155387e-02 3.025344587e-04 1.068590997e-02 3.911809205e+00 7.984460197e+00 1.553980348e-02
1.174348697e+04 3.117283831e+00 3.164483164e+00 6.851981938e-02 3.025740564e-04 1.068612268e-02 3.911637764e+00 7.984788228e+00 1.521177165e-02
1.178356713e+04 3.115146579e+00 3.166948606e+00 6.743547444e-02 3.026151263e-04 1.068636075e-02 3.911466326e+00 7.985109349e+00 1.489065144e-02
1.182364729e+04 3.113004214e+00 3.169403668e+00 6.636824759e-02 3.026576374e-04 1.068662364e-02 3.911294891e+00 7.985423702e+00 1.457629762e-02
1.186372745e+04 3.110856842e+00 3.171848493e+00 6.531787176e-02 3.027015639e-04 1.068691087e-02 3.911123460e+00 7.985731432e+00 1.426856827e-02
1.190380762e+04 3.108704567e+00 3.174283207e+00 6.428408365e-02 3.027468901e-04 1.068722219e-02 3.910952030e+00 7.986032676e+00 1.396732415e-02
1.194388778e+04 3.106547493e+00 3.176707944e+00 6.326662419e-02 3.027935932e-04 1.068755719e-02 3.910780603e+00 7.986327571e+00 1.367242919e-02
1.198396794e+04 3.104385721e+00 3.179122836e+00 6.226523805e-02 3.028416527e-04 1.068791550e-02 3.910609178e+00 7.986616250e+00 1.338374992e-02
1.202404810e+04 3.102219353e+00 3.181528010e+00 6.127967386e-02 3.028910482e-04 1.068829677e-02 3.910437753e+00 7.986898844e+00 1.310115577e-02
1.206412826e+04 3.100048487e+00 3.183923592e+00 6.030968396e-02 3.029417586e-04 1.068870063e-02 3.910266330e+00 7.987175481e+00 1.282451877e-02
1.210420842e+04 3.097873220e+00 3.186309708e+00 5.935502490e-02 3.029937649e-04 1.068912674e-02 3.910094907e+00 7.987446286e+00 1.255371405e-02
1.214428858e+04 3.095693649e+00 3.188686479e+00 5.841545616e-02 3.030470469e-04 1.068957474e-02 3.909923485e+00 7.987711381e+00 1.228861858e-02
1.218436874e+04 3.093509869e+00 3.191054025e+00 5.749074175e-02 3.031015852e-04 1.069004429e-02 3.909752062e+00 7.987970887e+00 1.202911275e-02
1.222444890e+04 3.091321972e+00 3.193412466e+00 5.658064887e-02 3.031573611e-04 1.069053507e-02 3.909580638e+00 7.988224921e+00 1.177507903e-02
1.226452906e+04 3.089130052e+00 3.195761918e+00 5.568494806e-02 3.032143560e-04 1.069104674e-02 3.909409214e+00 7.988473598e+00 1.152640215e-02
1.230460922e+04 3.086934198e+00 3.198102495e+00 5.480341404e-02 3.032725516e-04 1.069157899e-02 3.909237789e+00 7.988717030e+00 1.128296988e-02
1.234468938e+04 3.084734501e+00 3.200434311e+00 5.393582405e-02 3.033319299e-04 1.069213148e-02 3.909066362e+00 7.988955329e+00 1.104467142e-02
1.238476954e+04 3.082531048e+00 3.202757476e+00 5.308195962e-02 3.033924730e-04 1.069270392e-02 3.908894933e+00 7.989188601e+00 1.081139917e-02
1.242484970e+04 3.080323926e+00 3.205072100e+00 5.224160523e-02 3.034541637e-04 1.069329598e-02 3.908723502e+00 7.989416953e+00 1.058304738e-02
1.246492986e+04 3.078113221e+00 3.207378290e+00 5.141454846e-02 3.035169847e-04 1.069390738e-02 3.908552068e+00 7.989640488e+00 1.035951228e-02
1.250501002e+04 3.075899016e+00 3.209676153e+00 5.060058075e-02 3.035809192e-04 1.069453780e-02 3.908380632e+00 7.989859307e+00 1.014069290e-02
1.254509018e+04 3.073681396e+00 3.211965793e+00 4.979949546e-02 3.036459504e-04 1.069518696e-02 3.908209192e+00 7.990073511e+00 9.926489093e-03
1.258517034e+04 3.071460442e+00 3.214247313e+00 4.901109070e-02 3.037120622e-04 1.069585456e-02 3.908037749e+00 7.990283196e+00 9.716804340e-03
1.262525050e+04 3.069236233e+00 3.216520812e+00 4.823516729e-02 3.037792384e-04 1.069654033e-02 3.907866302e+00 7.990488456e+00 9.511543754e-03
1.266533066e+04 3.067008851e+00 3.218786391e+00 4.747152921e-02 3.038474633e-04 1.069724398e-02 3.907694852e+00 7.990689385e+00 9.310614518e-03
1.270541082e+04 3.064778373e+00 3.221044147e+00 4.671998271e-02 3.039167214e-04 1.069796524e-02 3.907523396e+00 7.990886075e+00 9.113925068e-03
1.274549098e+04 3.062544876e+00 3.223294176e+00 4.598033761e-02 3.039869973e-04 1.069870383e-02 3.907351936e+00 7.991078614e+00 8.921386284e-03
1.278557114e+04 3.060308436e+00 3.225536574e+00 4.525240662e-02 3.040582760e-04 1.069945950e-02 3.907180472e+00 7.991267089e+00 8.732910839e-03
1.282565130e+04 3.058069128e+00 3.227771432e+00 4.453600511e-02 3.041305426e-04 1.070023197e-02 3.907009002e+00 7.991451587e+00 8.548413022e-03
1.286573146e+04 3.055827026e+00 3.229998844e+00 4.383095173e-02 3.042037827e-04 1.070102100e-02 3.906837526e+00 7.991632191e+00 8.367809376e-03
1.290581162e+04 3.053582203e+00 3.232218898e+00 4.313706778e-02 3.042779819e-04 1.070182632e-02 3.906666045e+00 7.991808982e+00 8.191018026e-03
1.294589178e+04 3.051334729e+00 3.234431684e+00 4.245417676e-02 3.043531261e-04 1.070264769e-02 3.906494558e+00 7.991982042e+00 8.017958215e-03
1.298597194e+04 3.049084676e+00 3.236637289e+00 4.178210499e-02 3.044292014e-04 1.070348486e-02 3.906323064e+00 7.992151449e+00 7.848550969e-03
1.302605210e+04 3.046832113e+00 3.238835800e+00 4.112068191e-02 3.045061941e-04 1.070433758e-02 3.906151564e+00 7.992317281e+00 7.682719408e-03
1.306613226e+04 3.044577109e+00 3.241027300e+00 4.046974030e-02 3.045840910e-04 1.070520563e-02 3.905980058e+00 7.992479611e+00 7.520388995e-03
1.310621242e+04 3.042319730e+00 3.243211873e+00 3.982911410e-02 3.046628787e-04 1.070608877e-02 3.905808544e+00 7.992638515e+00 7.361485246e-03
1.314629259e+04 3.040060044e+00 3.245389601e+00 3.919864030e-02 3.047425443e-04 1.070698677e-02 3.905637023e+00 7.992794064e+00 7.205935756e-03
1.318637275e+04 3.037798115e+00 3.247560565e+00 3.857815853e-02 3.048230749e-04 1.070789939e-02 3.905465494e+00 7.992946330e+00 7.053669706e-03
1.322645291e+04 3.035534009e+00 3.249724844e+00 3.796751159e-02 3.049044581e-04 1.070882642e-02 3.905293958e+00 7.993095381e+00 6.904618527e-03
1.326653307e+04 3.033267788e+00 3.251882515e+00 3.736654384e-02 3.049866815e-04 1.070976764e-02 3.905122413e+00 7.993241286e+00 6.758714114e-03
1.330661323e+04 3.030999515e+00 3.254033656e+00 3.677510243e-02 3.050697328e-04 1.071072283e-02 3.904950861e+00 7.993384110e+00 6.615890157e-03
1.334669339e+04 3.028729252e+00 3.256178343e+00 3.619303687e-02 3.051536001e-04 1.071169177e-02 3.904779300e+00 7.993523918e+00 6.476081761e-03
1.338677355e+04 3.026457059e+00 3.258316649e+00 3.562019895e-02 3.052382717e-04 1.071267427e-02 3.904607730e+00 7.993660775e+00 6.339225348e-03
1.342685371e+04 3.024182995e+00 3.260448648e+00 3.505644293e-02 3.053237360e-04 1.071367012e-02 3.904436151e+00 7.993794741e+00 6.205258754e-03
1.346693387e+04 3.021907121e+00 3.262574411e+00 3.450162527e-02 3.054099815e-04 1.071467910e-02 3.904264564e+00 7.993925879e+00 6.074121110e-03
1.350701403e+04 3.019629493e+00 3.264694010e+00 3.395560473e-02 3.054969971e-04 1.071570103e-02 3.904092967e+00 7.994054247e+00 5.945752836e-03
1.354709419e+04 3.017350168e+00 3.266807514e+00 3.341824202e-02 3.055847717e-04 1.071673570e-02 3.903921360e+00 7.994179905e+00 5.820095447e-03
1.358717435e+04 3.015069204e+00 3.268914992e+00 3.288940023e-02 3.056732944e-04 1.071778293e-02 3.903749744e+00 7.994302908e+00 5.697091823e-03
1.362725451e+04 3.012786654e+00 3.271016511e+00 3.236894466e-02 3.057625546e-04 1.071884252e-02 3.903578118e+00 7.994423314e+00 5.576686066e-03
1.366733467e+04 3.010502574e+00 3.273112138e+00 3.185674262e-02 3.058525418e-04 1.071991429e-02 3.903406481e+00 7.994541177e+00 5.458823389e-03
1.370741483e+04 3.008217018e+00 3.275201938e+00 3.135266348e-02 3.059432455e-04 1.072099806e-02 3.903234835e+00 7.994656550e+00 5.343450136e-03
1.374749499e+04 3.005930037e+00 3.277285975e+00 3.085657865e-02 3.060346557e-04 1.072209363e-02 3.903063178e+00 7.994769486e+00 5.230513748e-03
1.378757515e+04 3.003641684e+00 3.279364313e+00 3.036836151e-02 3.061267623e-04 1.072320084e-02 3.902891510e+00 7.994880037e+00 5.119962730e-03
1.382765531e+04 3.001352011e+00 3.281437013e+00 2.988788801e-02 3.062195555e-04 1.072431952e-02 3.902719831e+00 7.994988252e+00 5.011747516e-03
1.386773547e+04 2.999061067e+00 3.283504138e+00 2.941503528e-02 3.063130256e-04 1.072544947e-02 3.902548141e+00 7.995094182e+00 4.905818491e-03
1.390781563e+04 2.996768903e+00 3.285565747e+00 2.894968250e-02 3.064071630e-04 1.072659055e-02 3.902376440e+00 7.995197873e+00 4.802127262e-03
1.394789579e+04 2.994475567e+00 3.287621900e+00 2.849171078e-02 3.065019583e-04 1.072774258e-02 3.902204727e+00 7.995299373e+00 4.700626506e-03
1.398797595e+04 2.992181107e+00 3.289672655e+00 2.804100304e-02 3.065974024e-04 1.072890540e-02 3.902033003e+00 7.995398730e+00 4.601269846e-03
1.402805611e+04 2.989885571e+00 3.291718070e+00 2.759744399e-02 3.066934860e-04 1.073007883e-02 3.901861266e+00 7.995495988e+00 4.504011818e-03
1.406813627e+04 2.987589007e+00 3.293758202e+00 2.716092011e-02 3.067902001e-04 1.073126274e-02 3.901689518e+00 7.995591192e+00 4.408807852e-03
1.410821643e+04 2.985291458e+00 3.295793104e+00 2.673132171e-02 3.068875363e-04 1.073245696e-02 3.901517758e+00 7.995684383e+00 4.315616729e-03
1.414829659e+04 2.982992971e+00 3.297822834e+00 2.630853782e-02 3.069854857e-04 1.073366133e-02 3.901345986e+00 7.995775605e+00 4.224394573e-03
1.418837675e+04 2.980693591e+00 3.299847443e+00 2.589246030e-02 3.070840398e-04 1.073487571e-02 3.901174200e+00 7.995864900e+00 4.135099728e-03
1.422845691e+04 2.978393361e+00 3.301866987e+00 2.548298271e-02 3.071831902e-04 1.073609994e-02 3.901002403e+00 7.995952309e+00 4.047691378e-03
1.426853707e+04 2.976092325e+00 3.303881516e+00 2.508000020e-02 3.072829286e-04 1.073733388e-02 3.900830592e+00 7.996037870e+00 3.962129517e-03
1.430861723e+04 2.973790525e+00 3.305891082e+00 2.468340957e-02 3.073832468e-04 1.073857738e-02 3.900658769e+00 7.996121625e+00 3.878374926e-03
1.434869739e+04 2.971488003e+00 3.307895736e+00 2.429310939e-02 3.074841370e-04 1.073983031e-02 3.900486932e+00 7.996203611e+00 3.796389431e-03
1.438877756e+04 2.969184800e+00 3.309895527e+00 2.390900156e-02 3.075855914e-04 1.074109252e-02 3.900315082e+00 7.996283863e+00 3.716137475e-03
1.442885772e+04 2.966880957e+00 3.311890504e+00 2.353098665e-02 3.076876021e-04 1.074236387e-02 3.900143219e+00 7.996362419e+00 3.637581207e-03
1.446893788e+04 2.964576513e+00 3.313880716e+00 2.315896795e-02 3.077901615e-04 1.074364424e-02 3.899971342e+00 7.996439315e+00 3.560684763e-03
1.450901804e+04 2.962271509e+00 3.315866209e+00 2.279285022e-02 3.078932622e-04 1.074493348e-02 3.899799452e+00 7.996514587e+00 3.485413011e-03
1.454909820e+04 2.959965982e+00 3.317847031e+00 2.243253970e-02 3.079968967e-04 1.074623146e-02 3.899627547e+00 7.996588268e+00 3.411731531e-03
1.458917836e+04 2.957659971e+00 3.319823227e+00 2.207794409e-02 3.081010579e-04 1.074753807e-02 3.899455629e+00 7.996660393e+00 3.339606593e-03
1.462925852e+04 2.955353514e+00 3.321794842e+00 2.172897287e-02 3.082057385e-04 1.074885316e-02 3.899283697e+00 7.996730994e+00 3.269005521e-03
1.466933868e+04 2.953046647e+00 3.323761921e+00 2.138553769e-02 3.083109316e-04 1.075017661e-02 3.899111750e+00 7.996800103e+00 3.199897065e-03
1.470941884e+04 2.950739407e+00 3.325724508e+00 2.104754996e-02 3.084166303e-04 1.075150831e-02 3.898939789e+00 7.996867751e+00 3.132248993e-03
1.474949900e+04 2.948431829e+00 3.327682645e+00 2.071492317e-02 3.085228278e-04 1.075284813e-02 3.898767813e+00 7.996933970e+00 3.066030440e-03
1.478957916e+04 2.946123949e+00 3.329636375e+00 2.038757214e-02 3.086295173e-04 1.075419595e-02 3.898595823e+00 7.996998789e+00 3.001211173e-03
1.482965932e+04 2.943815802e+00 3.331585740e+00 2.006541306e-02 3.087366923e-04 1.075555166e-02 3.898423817e+00 7.997062238e+00 2.937761577e-03
1.486973948e+04 2.941507421e+00 3.333530780e+00 1.974836338e-02 3.088443462e-04 1.075691513e-02 3.898251797e+00 7.997124347e+00 2.875652634e-03
1.490981964e+04 2.939198840e+00 3.335471536e+00 1.943634225e-02 3.089524728e-04 1.075828626e-02 3.898079762e+00 7.997185144e+00 2.814856301e-03
1.494989980e+04 2.936890092e+00 3.337408048e+00 1.912927027e-02 3.090610658e-04 1.075966493e-02 3.897907712e+00 7.997244655e+00 2.755345282e-03
1.498997996e+04 2.934581210e+00 3.339340354e+00 1.882706842e-02 3.091701189e-04 1.076105104e-02 3.897735646e+00 7.997302908e+00 2.697092027e-03
1.503006012e+04 2.932272225e+00 3.341268494e+00 1.852965931e-02 3.092796262e-04 1.076244448e-02 3.897563565e+00 7.997359930e+00 2.640069945e-03
1.507014028e+04 2.929963170e+00 3.343192505e+00 1.823696676e-02 3.093895816e-04 1.076384514e-02 3.897391469e+00 7.997415747e+00 2.584252982e-03
1.511022044e+04 2.927654075e+00 3.345112424e+00 1.794891578e-02 3.094999791e-04 1.076525291e-02 3.897219357e+00 7.997470384e+00 2.529615612e-03
1.515030060e+04 2.925344972e+00 3.347028288e+00 1.766543252e-02 3.096108131e-04 1.076666769e-02 3.897047229e+00 7.997523867e+00 2.476132816e-03
1.519038076e+04 2.923035888e+00 3.348940133e+00 1.738644489e-02 3.097220778e-04 1.076808939e-02 3.896875085e+00 7.997576219e+00 2.423780619e-03
1.523046092e+04 2.920726856e+00 3.350847995e+00 1.711188167e-02 3.098337678e-04 1.076951789e-02 3.896702925e+00 7.997627465e+00 2.372535341e-03
1.527054108e+04 2.918417902e+00 3.352751908e+00 1.684167222e-02 3.099458773e-04 1.077095312e-02 3.896530750e+00 7.997677627e+00 2.322373261e-03
1.531062124e+04 2.916109057e+00 3.354651907e+00 1.657574732e-02 3.100584010e-04 1.077239495e-02 3.896358558e+00 7.997726729e+00 2.273271454e-03
1.535070140e+04 2.913800348e+00 3.356548026e+00 1.631403881e-02 3.101713335e-04 1.077384331e-02 3.896186349e+00 7.997774793e+00 2.225207454e-03
1.539078156e+04 2.911491803e+00 3.358440298e+00 1.605647960e-02 3.102846696e-04 1.077529810e-02 3.896014125e+00 7.997821841e+00 2.178159241e-03
1.543086172e+04 2.909183450e+00 3.360328756e+00 1.580300364e-02 3.103984041e-04 1.077675922e-02 3.895841883e+00 7.997867895e+00 2.132105232e-03
1.547094188e+04 2.906875315e+00 3.362213433e+00 1.555354672e-02 3.105125319e-04 1.077822659e-02 3.895669626e+00 7.997912975e+00 2.087025035e-03
1.551102204e+04 2.904567424e+00 3.364094359e+00 1.530804493e-02 3.106270480e-04 1.077970011e-02 3.895497351e+00 7.997957102e+00 2.042898040e-03
1.555110220e+04 2.902259804e+00 3.365971567e+00 1.506643512e-02 3.107419475e-04 1.078117971e-02 3.895325060e+00 7.998000296e+00 1.999703834e-03
1.559118236e+04 2.899952480e+00 3.367845087e+00 1.482865539e-02 3.108572255e-04 1.078266528e-02 3.895152752e+00 7.998042577e+00 1.957422663e-03
1.563126253e+04 2.897645478e+00 3.369714949e+00 1.459464481e-02 3.109728772e-04 1.078415676e-02 3.894980427e+00 7.998083965e+00 1.916035168e-03
1.567134269e+04 2.895338821e+00 3.371581184e+00 1.436434337e-02 3.110888979e-04 1.078565404e-02 3.894808084e+00 7.998124478e+00 1.875522379e-03
1.571142285e+04 2.893032536e+00 3.373443821e+00 1.413769200e-02 3.112052830e-04 1.078715706e-02 3.894635725e+00 7.998164134e+00 1.835865699e-03
1.575150301e+04 2.890726644e+00 3.375302888e+00 1.391463351e-02 3.113220280e-04 1.078866573e-02 3.894463348e+00 7.998202952e+00 1.797047742e-03
1.579158317e+04 2.888421171e+00 3.377158414e+00 1.369511049e-02 3.114391284e-04 1.079017997e-02 3.894290954e+00 7.998240949e+00 1.759050516e-03
1.583166333e+04 2.886116138e+00 3.379010427e+00 1.347906657e-02 3.115565797e-04 1.079169971e-02 3.894118543e+00 7.998278143e+00 1.721856534e-03
1.587174349e+04 2.883811570e+00 3.380858955e+00 1.326644642e-02 3.116743776e-04 1.079322485e-02 3.893946113e+00 7.998314551e+00 1.685448788e-03
1.591182365e+04 2.881507489e+00 3.382704024e+00 1.305719556e-02 3.117925178e-04 1.079475534e-02 3.893773667e+00 7.998350189e+00 1.649810614e-03
1.595190381e+04 2.879203916e+00 3.384545663e+00 1.285126036e-02 3.119109962e-04 1.079629109e-02 3.893601202e+00 7.998385074e+00 1.614925683e-03
1.599198397e+04 2.876900873e+00 3.386383896e+00 1.264858802e-02 3.120298085e-04 1.079783204e-02 3.893428720e+00 7.998419222e+00 1.580777991e-03
1.603206413e+04 2.874598382e+00 3.388218749e+00 1.244912752e-02 3.121489508e-04 1.079937810e-02 3.893256220e+00 7.998452647e+00 1.547352624e-03
1.607214429e+04 2.872296464e+00 3.390050249e+00 1.225282731e-02 3.122684191e-04 1.080092921e-02 3.893083702e+00 7.998485366e+00 1.514633920e-03
1.611222445e+04 2.869995140e+00 3.391878420e+00 1.205963712e-02 3.123882093e-04 1.080248530e-02 3.892911166e+00 7.998517393e+00 1.482606915e-03
1.615230461e+04 2.867694429e+00 3.393703287e+00 1.186950748e-02 3.125083176e-04 1.080404629e-02 3.892738612e+00 7.998548743e+00 1.451256966e-03
1.619238477e+04 2.865394352e+00 3.395524874e+00 1.168238971e-02 3.126287402e-04 1.080561213e-02 3.892566040e+00 7.998579430e+00 1.420569725e-03
1.623246493e+04 2.863094928e+00 3.397343206e+00 1.149823585e-02 3.127494732e-04 1.080718274e-02 3.892393449e+00 7.998609469e+00 1.390531136e-03
1.627254509e+04 2.860796177e+00 3.399158305e+00 1.131699879e-02 3.128705131e-04 1.080875806e-02 3.892220840e+00 7.998638873e+00 1.361127476e-03
1.631262525e+04 2.858498119e+00 3.400970196e+00 1.113863281e-02 3.129918563e-04 1.081033802e-02 3.892048213e+00 7.998667654e+00 1.332345797e-03
1.635270541e+04 2.856200770e+00 3.402778900e+00 1.096309184e-02 3.131134990e-04 1.081192256e-02 3.891875567e+00 7.998695827e+00 1.304172638e-03
1.639278557e+04 2.853904151e+00 3.404584440e+00 1.079033097e-02 3.132354378e-04 1.081351162e-02 3.891702903e+00 7.998723405e+00 1.276595122e-03
1.643286573e+04 2.851608279e+00 3.406386840e+00 1.062030598e-02 3.133576692e-04 1.081510513e-02 3.891530220e+00 7.998750399e+00 1.249600633e-03
1.647294589e+04 2.849313172e+00 3.408186119e+00 1.045297333e-02 3.134801897e-04 1.081670304e-02 3.891357518e+00 7.998776823e+00 1.223176812e-03
1.651302605e+04 2.847018848e+00 3.409982301e+00 1.028829017e-02 3.136029961e-04 1.081830529e-02 3.891184798e+00 7.998802688e+00 1.197311546e-03
1.655310621e+04 2.844725323e+00 3.411775405e+00 1.012621446e-02 3.137260850e-04 1.081991181e-02 3.891012058e+00 7.998828007e+00 1.171993080e-03
1.659318637e+04 2.842432615e+00 3.413565454e+00 9.966705248e-03 3.138494532e-04 1.082152255e-02 3.890839300e+00 7.998852790e+00 1.147210202e-03
1.663326653e+04 2.840140740e+00 3.415352466e+00 9.809721373e-03 3.139730975e-04 1.082313745e-02 3.890666523e+00 7.998877049e+00 1.122951326e-03
1.667334669e+04 2.837849715e+00 3.417136463e+00 9.655222683e-03 3.140970147e-04 1.082475645e-02 3.890493727e+00 7.998900795e+00 1.099205359e-03
1.671342685e+04 2.835559556e+00 3.418917465e+00 9.503169648e-03 3.142212017e-04 1.082637951e-02 3.890320912e+00 7.998924039e+00 1.075961432e-03
1.675350701e+04 2.833270279e+00 3.420695490e+00 9.353523354e-03 3.143456555e-04 1.082800656e-02 3.890148077e+00 7.998946791e+00 1.053208894e-03
1.679358717e+04 2.830981899e+00 3.422470559e+00 9.206245484e-03 3.144703730e-04 1.082963756e-02 3.889975223e+00 7.998969063e+00 1.030937306e-03
1.683366733e+04 2.828694431e+00 3.424242690e+00 9.061298565e-03 3.145953513e-04 1.083127245e-02 3.889802350e+00 7.998990863e+00 1.009136616e-03
1.687374749e+04 2.826407891e+00 3.426011902e+00 8.918645880e-03 3.147205876e-04 1.083291117e-02 3.889629458e+00 7.999012203e+00 9.877970987e-04
1.691382766e+04 2.824122294e+00 3.427778213e+00 8.778250674e-03 3.148460788e-04 1.083455369e-02 3.889456546e+00 7.999033091e+00 9.669087907e-04
1.695390782e+04 2.821837654e+00 3.429541641e+00 8.640077055e-03 3.149718223e-04 1.083619994e-02 3.889283615e+00 7.999053538e+00 9.464621366e-04
1.699398798e+04 2.819553984e+00 3.431302205e+00 8.504089689e-03 3.150978152e-04 1.083784988e-02 3.889110665e+00 7.999073552e+00 9.264477745e-04
1.703406814e+04 2.817271301e+00 3.433059922e+00 8.370253792e-03 3.152240548e-04 1.083950346e-02 3.888937694e+00 7.999093143e+00 9.068565306e-04
1.707414830e+04 2.814989616e+00 3.434814810e+00 8.238535114e-03 3.153505384e-04 1.084116063e-02 3.888764704e+00 7.999112321e+00 8.876794136e-04
1.711422846e+04 2.812708945e+00 3.436566884e+00 8.108900258e-03 3.154772634e-04 1.084282135e-02 3.888591695e+00 7.999131092e+00 8.689078302e-04
1.715430862e+04 2.810429299e+00 3.438316163e+00 7.981316278e-03 3.156042272e-04 1.084448557e-02 3.888418666e+00 7.999149467e+00 8.505333157e-04
1.719438878e+04 2.808150693e+00 3.440062662e+00 7.855750371e-03 3.157314273e-04 1.084615324e-02 3.888245616e+00 7.999167453e+00 8.325473247e-04
1.723446894e+04 2.805873139e+00 3.441806399e+00 7.732170457e-03 3.158588610e-04 1.084782432e-02 3.888072547e+00 7.999185058e+00 8.149416293e-04
1.727454910e+04 2.803596650e+00 3.443547388e+00 7.610544958e-03 3.159865259e-04 1.084949876e-02 3.887899459e+00 7.999202292e+00 7.977081685e-04
1.731462926e+04 2.801321239e+00 3.445285647e+00 7.490842784e-03 3.161144196e-04 1.085117653e-02 3.887726350e+00 7.999219161e+00 7.808390440e-04
1.735470942e+04 2.799046917e+00 3.447021189e+00 7.373033327e-03 3.162425397e-04 1.085285757e-02 3.887553221e+00 7.999235673e+00 7.643265145e-04
1.739478958e+04 2.796773696e+00 3.448754032e+00 7.257086818e-03 3.163708838e-04 1.085454185e-02 3.887380072e+00 7.999251837e+00 7.481632277e-04
1.743486974e+04 2.794501590e+00 3.450484190e+00 7.142973682e-03 3.164994496e-04 1.085622933e-02 3.887206903e+00 7.999267658e+00 7.323418091e-04
1.747494990e+04 2.792230608e+00 3.452211677e+00 7.030664657e-03 3.166282348e-04 1.085791996e-02 3.887033714e+00 7.999283145e+00 7.168549384e-04
1.751503006e+04 2.789960763e+00 3.453936509e+00 6.920131070e-03 3.167572372e-04 1.085961371e-02 3.886860504e+00 7.999298304e+00 7.016955306e-04
1.755511022e+04 2.787692066e+00 3.455658700e+00 6.811344700e-03 3.168864545e-04 1.086131054e-02 3.886687275e+00 7.999313143e+00 6.868566447e-04
1.759519038e+04 2.785424527e+00 3.457378264e+00 6.704277759e-03 3.170158845e-04 1.086301040e-02 3.886514025e+00 7.999327669e+00 6.723314790e-04
1.763527054e+04 2.783158159e+00 3.459095216e+00 6.598902892e-03 3.171455251e-04 1.086471325e-02 3.886340754e+00 7.999341887e+00 6.581133677e-04
1.767535070e+04 2.780892970e+00 3.460809568e+00 6.495193660e-03 3.172753743e-04 1.086641908e-02 3.886167464e+00 7.999355804e+00 6.441960793e-04
1.771543086e+04 2.778628973e+00 3.462521335e+00 6.393123469e-03 3.174054299e-04 1.086812782e-02 3.885994153e+00 7.999369427e+00 6.305731636e-04
1.775551102e+04 2.776366176e+00 3.464230530e+00 6.292666193e-03 3.175356898e-04 1.086983945e-02 3.885820821e+00 7.999382762e+00 6.172383344e-04
1.779559118e+04 2.774104591e+00 3.465937167e+00 6.193796202e-03 3.176661521e-04 1.087155394e-02 3.885647469e+00 7.999395815e+00 6.041854877e-04
1.783567134e+04 2.771844227e+00 3.467641258e+00 6.096488267e-03 3.177968148e-04 1.087327124e-02 3.885474096e+00 7.999408591e+00 5.914086418e-04
1.787575150e+04 2.769585093e+00 3.469342817e+00 6.000717544e-03 3.179276759e-04 1.087499132e-02 3.885300703e+00 7.999421098e+00 5.789019338e-04
1.791583166e+04 2.767327201e+00 3.471041855e+00 5.906459572e-03 3.180587336e-04 1.087671416e-02 3.885127289e+00 7.999433340e+00 5.666596155e-04
1.795591182e+04 2.765070558e+00 3.472738386e+00 5.813690358e-03 3.181899858e-04 1.087843970e-02 3.884953854e+00 7.999445324e+00 5.546761067e-04
1.799599198e+04 2.762815174e+00 3.474432421e+00 5.722386840e-03 3.183214308e-04 1.088016793e-02 3.884780399e+00 7.999457054e+00 5.429462712e-04
1.803607214e+04 2.760561058e+00 3.476123973e+00 5.632525340e-03 3.184530668e-04 1.088189881e-02 3.884606923e+00 7.999468536e+00 5.314644997e-04
1.807615230e+04 2.758308219e+00 3.477813054e+00 5.544082952e-03 3.185848919e-04 1.088363231e-02 3.884433426e+00 7.999479774e+00 5.202255344e-04
1.811623246e+04 2.756056666e+00 3.479499675e+00 5.457037125e-03 3.187169044e-04 1.088536839e-02 3.884259908e+00 7.999490776e+00 5.092242231e-04
1.815631263e+04 2.753806408e+00 3.481183849e+00 5.371365655e-03 3.188491025e-04 1.088710703e-02 3.884086369e+00 7.999501544e+00 4.984555155e-04
1.819639279e+04 2.751557452e+00 3.482865586e+00 5.287046680e-03 3.189814845e-04 1.088884819e-02 3.883912809e+00 7.999512086e+00 4.879144603e-04
1.823647295e+04 2.749309808e+00 3.484544898e+00 5.204058670e-03 3.191140487e-04 1.089059184e-02 3.883739228e+00 7.999522404e+00 4.775962017e-04
1.827655311e+04 2.747063482e+00 3.486221796e+00 5.122380776e-03 3.192467935e-04 1.089233796e-02 3.883565627e+00 7.999532504e+00 4.674961847e-04
1.831663327e+04 2.744818484e+00 3.487896290e+00 5.041992430e-03 3.193797172e-04 1.089408652e-02 3.883392004e+00 7.999542390e+00 4.576099210e-04
1.835671343e+04 2.742574821e+00 3.489568393e+00 4.962872886e-03 3.195128183e-04 1.089583748e-02 3.883218360e+00 7.999552067e+00 4.479327227e-04
1.839679359e+04 2.740332501e+00 3.491238113e+00 4.885001996e-03 3.196460951e-04 1.089759082e-02 3.883044695e+00 7.999561540e+00 4.384601573e-04
1.843687375e+04 2.738091531e+00 3.492905463e+00 4.808359926e-03 3.197795461e-04 1.089934652e-02 3.882871009e+00 7.999570812e+00 4.291878813e-04
1.847695391e+04 2.735851919e+00 3.494570451e+00 4.732927147e-03 3.199131697e-04 1.090110453e-02 3.882697302e+00 7.999579888e+00 4.201116373e-04
1.851703407e+04 2.733613672e+00 3.496233089e+00 4.658684428e-03 3.200469645e-04 1.090286485e-02 3.882523573e+00 7.999588773e+00 4.112272520e-04
1.855711423e+04 2.731376797e+00 3.497893387e+00 4.585612835e-03 3.201809290e-04 1.090462743e-02 3.882349823e+00 7.999597469e+00 4.025306326e-04
1.859719439e+04 2.729141301e+00 3.499551354e+00 4.513694274e-03 3.203150616e-04 1.090639227e-02 3.882176052e+00 7.999605982e+00 3.940180738e-04
1.863727455e+04 2.726907191e+00 3.501206999e+00 4.442910265e-03 3.204493611e-04 1.090815932e-02 3.882002260e+00 7.999614314e+00 3.856855759e-04
1.867735471e+04 2.724674474e+00 3.502860334e+00 4.373242726e-03 3.205838259e-04 1.090992856e-02 3.881828446e+00 7.999622471e+00 3.775292801e-04
1.871743487e+04 2.722443157e+00 3.504511366e+00 4.304673939e-03 3.207184547e-04 1.091169998e-02 3.881654611e+00 7.999630455e+00 3.695454518e-04
1.875751503e+04 2.720213245e+00 3.506160107e+00 4.237186461e-03 3.208532461e-04 1.091347354e-02 3.881480754e+00 7.999638270e+00 3.617304317e-04
1.879759519e+04 2.717984746e+00 3.507806564e+00 4.170763117e-03 3.209881987e-04 1.091524922e-02 3.881306876e+00 7.999645919e+00 3.540806336e-04
1.883767535e+04 2.715757665e+00 3.509450747e+00 4.105386998e-03 3.211233113e-04 1.091702700e-02 3.881132977e+00 7.999653407e+00 3.465925419e-04
1.887775551e+04 2.713532008e+00 3.511092665e+00 4.041041532e-03 3.212585824e-04 1.091880685e-02 3.880959055e+00 7.999660737e+00 3.392627512e-04
1.891783567e+04 2.711307783e+00 3.512732327e+00 3.977710762e-03 3.213940110e-04 1.092058876e-02 3.880785113e+00 7.999667912e+00 3.320881096e-04
1.895791583e+04 2.709084994e+00 3.514369741e+00 3.915378328e-03 3.215295956e-04 1.092237269e-02 3.880611149e+00 7.999674935e+00 3.250651933e-04
1.899799599e+04 2.706863647e+00 3.516004917e+00 3.854028398e-03 3.216653351e-04 1.092415863e-02 3.880437163e+00 7.999681809e+00 3.181907890e-04
1.903807615e+04 2.704643748e+00 3.517637862e+00 3.793645387e-03 3.218012282e-04 1.092594656e-02 3.880263155e+00 7.999688538e+00 3.114617487e-04
1.907815631e+04 2.702425303e+00 3.519268585e+00 3.734213953e-03 3.219372737e-04 1.092773645e-02 3.880089126e+00 7.999695125e+00 3.048749875e-04
1.911823647e+04 2.700208317e+00 3.520897095e+00 3.675718986e-03 3.220734705e-04 1.092952829e-02 3.879915075e+00 7.999701573e+00 2.984274818e-04
1.915831663e+04 2.697992795e+00 3.522523399e+00 3.618145611e-03 3.222098173e-04 1.093132204e-02 3.879741003e+00 7.999707884e+00 2.921162672e-04
1.919839679e+04 2.695778743e+00 3.524147506e+00 3.561479404e-03 3.223463131e-04 1.093311770e-02 3.879566908e+00 7.999714061e+00 2.859385473e-04
1.923847695e+04 2.693566165e+00 3.525769423e+00 3.505706102e-03 3.224829566e-04 1.093491524e-02 3.879392792e+00 7.999720108e+00 2.798915527e-04
1.927855711e+04 2.691355067e+00 3.527389159e+00 3.450811400e-03 3.226197469e-04 1.093671464e-02 3.879218654e+00 7.999726028e+00 2.739724399e-04
1.931863727e+04 2.689145454e+00 3.529006720e+00 3.396781370e-03 3.227566828e-04 1.093851589e-02 3.879044494e+00 7.999731822e+00 2.681784986e-04
1.935871743e+04 2.686937330e+00 3.530622115e+00 3.343602299e-03 3.228937633e-04 1.094031895e-02 3.878870313e+00 7.999737493e+00 2.625070729e-04
1.939879760e+04 2.684730701e+00 3.532235352e+00 3.291260686e-03 3.230309872e-04 1.094212383e-02 3.878696109e+00 7.999743044e+00 2.569555597e-04
1.943887776e+04 2.682525570e+00 3.533846437e+00 3.239743237e-03 3.231683536e-04 1.094393048e-02 3.878521884e+00 7.999748479e+00 2.515214068e-04
1.947895792e+04 2.680321943e+00 3.535455379e+00 3.189036860e-03 3.233058613e-04 1.094573891e-02 3.878347636e+00 7.999753798e+00 2.462021112e-04
1.951903808e+04 2.678119824e+00 3.537062183e+00 3.139129149e-03 3.234435096e-04 1.094754909e-02 3.878173367e+00 7.999759005e+00 2.409954570e-04
1.955911824e+04 2.675919217e+00 3.538666858e+00 3.090007248e-03 3.235812972e-04 1.094936099e-02 3.877999075e+00 7.999764101e+00 2.358989585e-04
1.959919840e+04 2.673720127e+00 3.540269411e+00 3.041658647e-03 3.237192234e-04 1.095117462e-02 3.877824762e+00 7.999769090e+00 2.309102527e-04
1.963927856e+04 2.671522557e+00 3.541869847e+00 2.994071090e-03 3.238572870e-04 1.095298994e-02 3.877650427e+00 7.999773973e+00 2.260270525e-04
1.967935872e+04 2.669326512e+00 3.543468176e+00 2.947232508e-03 3.239954872e-04 1.095480694e-02 3.877476069e+00 7.999778753e+00 2.212471160e-04
1.971943888e+04 2.667131995e+00 3.545064402e+00 2.901131017e-03 3.241338230e-04 1.095662560e-02 3.877301689e+00 7.999783432e+00 2.165682447e-04
1.975951904e+04 2.664939012e+00 3.546658533e+00 2.855754912e-03 3.242722935e-04 1.095844592e-02 3.877127288e+00 7.999788012e+00 2.119882822e-04
1.979959920e+04 2.662747565e+00 3.548250575e+00 2.811092665e-03 3.244108979e-04 1.096026786e-02 3.876952864e+00 7.999792495e+00 2.075051128e-04
1.983967936e+04 2.660557658e+00 3.549840536e+00 2.767133048e-03 3.245496352e-04 1.096209142e-02 3.876778418e+00 7.999796883e+00 2.031167213e-04
1.987975952e+04 2.658369295e+00 3.551428420e+00 2.723865422e-03 3.246885046e-04 1.096391659e-02 3.876603950e+00 7.999801179e+00 1.988213300e-04
1.991983968e+04 2.656182480e+00 3.553014236e+00 2.681278455e-03 3.248275052e-04 1.096574334e-02 3.876429459e+00 7.999805383e+00 1.946167908e-04
1.995991984e+04 2.653997215e+00 3.554597988e+00 2.639361364e-03 3.249666363e-04 1.096757165e-02 3.876254946e+00 7.999809499e+00 1.905011760e-04
2.000000000e+04 2.651813505e+00 3.556179683e+00 2.598103535e-03 3.251058969e-04 1.096940153e-02 3.876080412e+00 7.999813527e+00 1.864725958e-04
