time            Cj              Ck              Br              shCj            shCk            shBr            O1              O2             
0.000000000e+00 4.000000000e+00 1.000000000e-05 4.000000000e+00 3.000000000e-01 3.000000000e-01 4.000000000e+00 4.000000000e+00 4.000000000e+00
4.008016032e+01 3.626125232e+00 2.878684870e-02 3.943834666e+00 2.747926804e-01 2.783962769e-01 3.991458553e+00 4.064122763e+00 3.935877237e+00
8.016032064e+01 3.626672392e+00 8.259891953e-02 3.886595605e+00 2.788040301e-01 2.877532308e-01 3.982560979e+00 4.128212577e+00 3.871787423e+00
1.202404810e+02 3.628370934e+00 1.383802908e-01 3.829364309e+00 2.829799796e-01 2.975317146e-01 3.973466521e+00 4.192236563e+00 3.807763437e+00
1.603206413e+02 3.630833264e+00 1.936080475e-01 3.772148810e+00 2.872874278e-01 3.073802027e-01 3.964171589e+00 4.256161973e+00 3.743838027e+00
2.004008016e+02 3.634008831e+00 2.481173340e-01 3.714973815e+00 2.917257175e-01 3.172797514e-01 3.954674797e+00 4.319956264e+00 3.680043736e+00
2.404809619e+02 3.637863498e+00 3.019062962e-01 3.657864967e+00 2.962946389e-01 3.272306603e-01 3.944974912e+00 4.383587161e+00 3.616412839e+00
2.805611222e+02 3.642364751e+00 3.549832226e-01 3.600847797e+00 3.009939746e-01 3.372341903e-01 3.935070753e+00 4.447022720e+00 3.552977280e+00
3.206412826e+02 3.647480820e+00 4.073565762e-01 3.543947607e+00 3.058234961e-01 3.472916220e-01 3.924961181e+00 4.510231393e+00 3.489768607e+00
3.607214429e+02 3.653180622e+00 4.590343935e-01 3.487189429e+00 3.107829630e-01 3.574042096e-01 3.914645106e+00 4.573182092e+00 3.426817908e+00
4.008016032e+02 3.659433763e+00 5.100242689e-01 3.430597983e+00 3.158721223e-01 3.675731773e-01 3.904121485e+00 4.635844243e+00 3.364155757e+00
4.408817635e+02 3.666210540e+00 5.603333893e-01 3.374197637e+00 3.210907071e-01 3.777997185e-01 3.893389328e+00 4.698187852e+00 3.301812148e+00
4.809619238e+02 3.673481941e+00 6.099685644e-01 3.318012370e+00 3.264384360e-01 3.880849950e-01 3.882447696e+00 4.760183550e+00 3.239816450e+00
5.210420842e+02 3.681219654e+00 6.589362603e-01 3.262065739e+00 3.319150120e-01 3.984301366e-01 3.871295704e+00 4.821802646e+00 3.178197354e+00
5.611222445e+02 3.689396062e+00 7.072426304e-01 3.206380835e+00 3.375201214e-01 4.088362401e-01 3.859932524e+00 4.883017188e+00 3.116982812e+00
6.012024048e+02 3.697984252e+00 7.548935476e-01 3.150980254e+00 3.432534332e-01 4.193043683e-01 3.848357386e+00 4.943800000e+00 3.056200000e+00
6.412825651e+02 3.706958012e+00 8.018946288e-01 3.095886069e+00 3.491145979e-01 4.298355498e-01 3.836569581e+00 5.004124730e+00 2.995875270e+00
6.813627255e+02 3.716291832e+00 8.482512602e-01 3.041119800e+00 3.551032465e-01 4.404307777e-01 3.824568459e+00 5.063965876e+00 2.936034124e+00
7.214428858e+02 3.725960910e+00 8.939686342e-01 2.986702378e+00 3.612189897e-01 4.510910091e-01 3.812353438e+00 5.123298850e+00 2.876701150e+00
7.615230461e+02 3.735941145e+00 9.390517737e-01 2.932654115e+00 3.674614168e-01 4.618171642e-01 3.799923998e+00 5.182100005e+00 2.817899995e+00
8.016032064e+02 3.746209144e+00 9.835055514e-01 2.878994696e+00 3.738300946e-01 4.726101254e-01 3.787279690e+00 5.240346649e+00 2.759653351e+00
8.416833667e+02 3.756742212e+00 1.027334710e+00 2.825743142e+00 3.803245670e-01 4.834707371e-01 3.774420133e+00 5.298017089e+00 2.701982911e+00
8.817635271e+02 3.767518353e+00 1.070543882e+00 2.772917811e+00 3.869443538e-01 4.943998043e-01 3.761345017e+00 5.355090632e+00 2.644909368e+00
9.218436874e+02 3.778516311e+00 1.113137634e+00 2.720536364e+00 3.936889495e-01 5.053980922e-01 3.748054104e+00 5.411547619e+00 2.588452381e+00
9.619238477e+02 3.789715420e+00 1.155120414e+00 2.668615749e+00 4.005578236e-01 5.164663260e-01 3.734547234e+00 5.467369443e+00 2.532630557e+00
1.002004008e+03 3.801095838e+00 1.196496692e+00 2.617172190e+00 4.075504174e-01 5.276051884e-01 3.720824321e+00 5.522538562e+00 2.477461438e+00
1.042084168e+03 3.812638338e+00 1.237270867e+00 2.566221171e+00 4.146661450e-01 5.388153202e-01 3.706885361e+00 5.577038514e+00 2.422961486e+00
1.082164329e+03 3.824324383e+00 1.277447331e+00 2.515777447e+00 4.219043923e-01 5.500973202e-01 3.692730425e+00 5.630853891e+00 2.369146109e+00
1.122244489e+03 3.836136105e+00 1.317030475e+00 2.465855027e+00 4.292645161e-01 5.614517442e-01 3.678359668e+00 5.683970356e+00 2.316029644e+00
1.162324649e+03 3.848056314e+00 1.356024703e+00 2.416467161e+00 4.367458428e-01 5.728791035e-01 3.663773329e+00 5.736374653e+00 2.263625347e+00
1.202404810e+03 3.860068514e+00 1.394434444e+00 2.367626303e+00 4.443476663e-01 5.843798624e-01 3.648971733e+00 5.788054656e+00 2.211945344e+00
1.242484970e+03 3.872156844e+00 1.432264161e+00 2.319344169e+00 4.520692497e-01 5.959544414e-01 3.633955292e+00 5.838999268e+00 2.161000732e+00
1.282565130e+03 3.884306083e+00 1.469518364e+00 2.271631726e+00 4.599098238e-01 6.076032150e-01 3.618724504e+00 5.889198439e+00 2.110801561e+00
1.322645291e+03 3.896501656e+00 1.506201613e+00 2.224499173e+00 4.678685858e-01 6.193265109e-01 3.603279957e+00 5.938643173e+00 2.061356827e+00
1.362725451e+03 3.908729620e+00 1.542318531e+00 2.177955954e+00 4.759446987e-01 6.311246094e-01 3.587622331e+00 5.987325512e+00 2.012674488e+00
1.402805611e+03 3.920976652e+00 1.577873811e+00 2.132010759e+00 4.841372909e-01 6.429977424e-01 3.571752396e+00 6.035238513e+00 1.964761487e+00
1.442885772e+03 3.933230039e+00 1.612872218e+00 2.086671541e+00 4.924454551e-01 6.549460939e-01 3.555671019e+00 6.082376224e+00 1.917623776e+00
1.482965932e+03 3.945477668e+00 1.647318592e+00 2.041945516e+00 5.008682484e-01 6.669697988e-01 3.539379158e+00 6.128733677e+00 1.871266323e+00
1.523046092e+03 3.957708011e+00 1.681217860e+00 1.997839177e+00 5.094046910e-01 6.790689426e-01 3.522877870e+00 6.174306848e+00 1.825693152e+00
1.563126253e+03 3.969910115e+00 1.714575033e+00 1.954358306e+00 5.180537659e-01 6.912435609e-01 3.506168307e+00 6.219092639e+00 1.780907361e+00
1.603206413e+03 3.982073590e+00 1.747395208e+00 1.911507984e+00 5.268144185e-01 7.034936389e-01 3.489251719e+00 6.263088857e+00 1.736911143e+00
1.643286573e+03 3.994188596e+00 1.779683572e+00 1.869292605e+00 5.356855558e-01 7.158191111e-01 3.472129455e+00 6.306294178e+00 1.693705822e+00
1.683366733e+03 4.006245834e+00 1.811445400e+00 1.827715891e+00 5.446660464e-01 7.282198612e-01 3.454802964e+00 6.348708130e+00 1.651291870e+00
1.723446894e+03 4.018236529e+00 1.842686056e+00 1.786780906e+00 5.537547198e-01 7.406957214e-01 3.437273795e+00 6.390331055e+00 1.609668945e+00
1.763527054e+03 4.030152414e+00 1.873410994e+00 1.746490076e+00 5.629503661e-01 7.532464724e-01 3.419543596e+00 6.431164080e+00 1.568835920e+00
1.803607214e+03 4.041985724e+00 1.903625754e+00 1.706845204e+00 5.722517358e-01 7.658718431e-01 3.401614118e+00 6.471209085e+00 1.528790915e+00
1.843687375e+03 4.053729172e+00 1.933335963e+00 1.667847486e+00 5.816575392e-01 7.785715103e-01 3.383487214e+00 6.510468674e+00 1.489531326e+00
1.883767535e+03 4.065375945e+00 1.962547333e+00 1.629497536e+00 5.911664464e-01 7.913450985e-01 3.365164838e+00 6.548946140e+00 1.451053860e+00
1.923847695e+03 4.076919682e+00 1.991265655e+00 1.591795395e+00 6.007770871e-01 8.041921801e-01 3.346649047e+00 6.586645435e+00 1.413354565e+00
1.963927856e+03 4.088354464e+00 2.019496799e+00 1.554740562e+00 6.104880507e-01 8.171122753e-01 3.327942000e+00 6.623571135e+00 1.376428865e+00
2.004008016e+03 4.099674801e+00 2.047246709e+00 1.518332002e+00 6.202978856e-01 8.301048517e-01 3.309045958e+00 6.659728411e+00 1.340271589e+00
2.044088176e+03 4.110875613e+00 2.074521399e+00 1.482568178e+00 6.302050999e-01 8.431693247e-01 3.289963285e+00 6.695122993e+00 1.304877007e+00
2.084168337e+03 4.121952221e+00 2.101326952e+00 1.447447061e+00 6.402081609e-01 8.563050577e-01 3.270696446e+00 6.729761139e+00 1.270238861e+00
2.124248497e+03 4.132900327e+00 2.127669511e+00 1.412966157e+00 6.503054954e-01 8.695113618e-01 3.251248009e+00 6.763649606e+00 1.236350394e+00
2.164328657e+03 4.143716007e+00 2.153555276e+00 1.379122525e+00 6.604954903e-01 8.827874968e-01 3.231620641e+00 6.796795614e+00 1.203204386e+00
2.204408818e+03 4.154395690e+00 2.178990504e+00 1.345912797e+00 6.707764913e-01 8.961326701e-01 3.211817112e+00 6.829206815e+00 1.170793185e+00
2.244488978e+03 4.164936149e+00 2.203981499e+00 1.313333200e+00 6.811468047e-01 9.095460381e-01 3.191840290e+00 6.860891267e+00 1.139108733e+00
2.284569138e+03 4.175334487e+00 2.228534606e+00 1.281379577e+00 6.916046974e-01 9.230267067e-01 3.171693142e+00 6.891857401e+00 1.108142599e+00
2.324649299e+03 4.185588117e+00 2.252656214e+00 1.250047403e+00 7.021483956e-01 9.365737301e-01 3.151378736e+00 6.922113985e+00 1.077886015e+00
2.364729459e+03 4.195694761e+00 2.276352739e+00 1.219331809e+00 7.127760884e-01 9.501861137e-01 3.130900233e+00 6.951670116e+00 1.048329884e+00
2.404809619e+03 4.205652422e+00 2.299630629e+00 1.189227603e+00 7.234859250e-01 9.638628124e-01 3.110260893e+00 6.980535164e+00 1.019464836e+00
2.444889780e+03 4.215459383e+00 2.322496355e+00 1.159729287e+00 7.342760166e-01 9.776027319e-01 3.089464071e+00 7.008718760e+00 9.912812401e-01
2.484969940e+03 4.225114191e+00 2.344956405e+00 1.130831074e+00 7.451444383e-01 9.914047304e-01 3.068513211e+00 7.036230782e+00 9.637692180e-01
2.525050100e+03 4.234615638e+00 2.367017278e+00 1.102526915e+00 7.560892272e-01 1.005267618e+00 3.047411852e+00 7.063081304e+00 9.369186956e-01
2.565130261e+03 4.243962762e+00 2.388685482e+00 1.074810504e+00 7.671083853e-01 1.019190157e+00 3.026163622e+00 7.089280598e+00 9.107194024e-01
2.605210421e+03 4.253154822e+00 2.409967527e+00 1.047675313e+00 7.781998788e-01 1.033171066e+00 3.004772235e+00 7.114839085e+00 8.851609155e-01
2.645290581e+03 4.262191294e+00 2.430869922e+00 1.021114591e+00 7.893616397e-01 1.047209015e+00 2.983241494e+00 7.139767335e+00 8.602326647e-01
2.685370741e+03 4.271071858e+00 2.451399168e+00 9.951214003e-01 8.005915660e-01 1.061302633e+00 2.961575284e+00 7.164076028e+00 8.359239722e-01
2.725450902e+03 4.279796387e+00 2.471561756e+00 9.696886153e-01 8.118875233e-01 1.075450502e+00 2.939777573e+00 7.187775947e+00 8.122240528e-01
2.765531062e+03 4.288364934e+00 2.491364160e+00 9.448089538e-01 8.232473449e-01 1.089651163e+00 2.917852408e+00 7.210877943e+00 7.891220572e-01
2.805611222e+03 4.296777726e+00 2.510812832e+00 9.204749799e-01 8.346688340e-01 1.103903117e+00 2.895803914e+00 7.233392936e+00 7.666070639e-01
2.845691383e+03 4.305035148e+00 2.529914199e+00 8.966791313e-01 8.461497634e-01 1.118204823e+00 2.873636290e+00 7.255331875e+00 7.446681246e-01
2.885771543e+03 4.313137741e+00 2.548674658e+00 8.734137224e-01 8.576878781e-01 1.132554700e+00 2.851353808e+00 7.276705744e+00 7.232942556e-01
2.925851703e+03 4.321086183e+00 2.567100573e+00 8.506709684e-01 8.692808951e-01 1.146951131e+00 2.828960807e+00 7.297525526e+00 7.024744740e-01
2.965931864e+03 4.328881291e+00 2.585198271e+00 8.284429911e-01 8.809265056e-01 1.161392462e+00 2.806461696e+00 7.317802202e+00 6.821977980e-01
3.006012024e+03 4.336524006e+00 2.602974039e+00 8.067218373e-01 8.926223757e-01 1.175877002e+00 2.783860945e+00 7.337546729e+00 6.624532711e-01
3.046092184e+03 4.344015384e+00 2.620434122e+00 7.854994882e-01 9.043661480e-01 1.190403028e+00 2.761163085e+00 7.356770030e+00 6.432299699e-01
3.086172345e+03 4.351356590e+00 2.637584714e+00 7.647678724e-01 9.161554427e-01 1.204968782e+00 2.738372707e+00 7.375482981e+00 6.245170186e-01
3.126252505e+03 4.358548886e+00 2.654431957e+00 7.445188784e-01 9.279878592e-01 1.219572477e+00 2.715494453e+00 7.393696398e+00 6.063036016e-01
3.166332665e+03 4.365593627e+00 2.670981939e+00 7.247443630e-01 9.398609776e-01 1.234212295e+00 2.692533018e+00 7.411421029e+00 5.885789706e-01
3.206412826e+03 4.372492252e+00 2.687240689e+00 7.054361660e-01 9.517723597e-01 1.248886389e+00 2.669493144e+00 7.428667538e+00 5.713324616e-01
3.246492986e+03 4.379246282e+00 2.703214178e+00 6.865861146e-01 9.637195512e-01 1.263592887e+00 2.646379619e+00 7.445446506e+00 5.545534945e-01
3.286573146e+03 4.385857307e+00 2.718908316e+00 6.681860394e-01 9.757000824e-01 1.278329890e+00 2.623197271e+00 7.461768407e+00 5.382315934e-01
3.326653307e+03 4.392326996e+00 2.734328956e+00 6.502277741e-01 9.877114707e-01 1.293095477e+00 2.599950964e+00 7.477643618e+00 5.223563818e-01
3.366733467e+03 4.398657070e+00 2.749481880e+00 6.327031751e-01 9.997512212e-01 1.307887703e+00 2.576645598e+00 7.493082397e+00 5.069176033e-01
3.406813627e+03 4.404849295e+00 2.764372798e+00 6.156041175e-01 1.011816829e+00 1.322704605e+00 2.553286102e+00 7.508094886e+00 4.919051144e-01
3.446893788e+03 4.410905492e+00 2.779007349e+00 5.989225147e-01 1.023905781e+00 1.337544200e+00 2.529877432e+00 7.522691095e+00 4.773089051e-01
3.486973948e+03 4.416827510e+00 2.793391093e+00 5.826503167e-01 1.036015556e+00 1.352404487e+00 2.506424566e+00 7.536880911e+00 4.631190892e-01
3.527054108e+03 4.422617236e+00 2.807529512e+00 5.667795247e-01 1.048143629e+00 1.367283451e+00 2.482932503e+00 7.550674075e+00 4.493259245e-01
3.567134269e+03 4.428276622e+00 2.821428036e+00 5.513021868e-01 1.060287471e+00 1.382179065e+00 2.459406254e+00 7.564080198e+00 4.359198024e-01
3.607214429e+03 4.433807634e+00 2.835092007e+00 5.362104163e-01 1.072444551e+00 1.397089288e+00 2.435850844e+00 7.577108734e+00 4.228912661e-01
3.647294589e+03 4.439212279e+00 2.848526701e+00 5.214963768e-01 1.084612338e+00 1.412012068e+00 2.412271307e+00 7.589769000e+00 4.102309998e-01
3.687374749e+03 4.444492594e+00 2.861737325e+00 5.071523076e-01 1.096788301e+00 1.426945347e+00 2.388672676e+00 7.602070154e+00 3.979298458e-01
3.727454910e+03 4.449650517e+00 2.874728940e+00 4.931705260e-01 1.108969914e+00 1.441887059e+00 2.365059990e+00 7.614021203e+00 3.859787973e-01
3.767535070e+03 4.454688128e+00 2.887506588e+00 4.795434234e-01 1.121154656e+00 1.456835135e+00 2.341438279e+00 7.625631000e+00 3.743690000e-01
3.807615230e+03 4.459607479e+00 2.900075218e+00 4.662634729e-01 1.133340012e+00 1.471787500e+00 2.317812569e+00 7.636908238e+00 3.630917616e-01
3.847695391e+03 4.464410622e+00 2.912439691e+00 4.533232341e-01 1.145523477e+00 1.486742081e+00 2.294187873e+00 7.647861451e+00 3.521385495e-01
3.887775551e+03 4.469099617e+00 2.924604791e+00 4.407153541e-01 1.157702553e+00 1.501696804e+00 2.270569188e+00 7.658499011e+00 3.415009887e-01
3.927855711e+03 4.473676525e+00 2.936575223e+00 4.284325662e-01 1.169874756e+00 1.516649596e+00 2.246961495e+00 7.668829144e+00 3.311708562e-01
3.967935872e+03 4.478143404e+00 2.948355609e+00 4.164677014e-01 1.182037613e+00 1.531598390e+00 2.223369751e+00 7.678859904e+00 3.211400963e-01
4.008016032e+03 4.482502310e+00 2.959950491e+00 4.048136812e-01 1.194188669e+00 1.546541122e+00 2.199798888e+00 7.688599196e+00 3.114008040e-01
4.048096192e+03 4.486755290e+00 2.971364320e+00 3.934635394e-01 1.206325484e+00 1.561475739e+00 2.176253807e+00 7.698054741e+00 3.019452593e-01
4.088176353e+03 4.490904384e+00 2.982601466e+00 3.824104090e-01 1.218445637e+00 1.576400194e+00 2.152739375e+00 7.707234100e+00 2.927659000e-01
4.128256513e+03 4.494951622e+00 2.993666219e+00 3.716475199e-01 1.230546729e+00 1.591312452e+00 2.129260421e+00 7.716144686e+00 2.838553143e-01
4.168336673e+03 4.498899021e+00 3.004562791e+00 3.611682054e-01 1.242626378e+00 1.606210490e+00 2.105821736e+00 7.724793751e+00 2.752062489e-01
4.208416834e+03 4.502748584e+00 3.015295315e+00 3.509659018e-01 1.254682227e+00 1.621092300e+00 2.082428068e+00 7.733188393e+00 2.668116065e-01
4.248496994e+03 4.506502298e+00 3.025867840e+00 3.410341535e-01 1.266711945e+00 1.635955887e+00 2.059084117e+00 7.741335549e+00 2.586644512e-01
4.288577154e+03 4.510162134e+00 3.036284334e+00 3.313666124e-01 1.278713223e+00 1.650799275e+00 2.035794534e+00 7.749241997e+00 2.507580030e-01
4.328657315e+03 4.513730045e+00 3.046548688e+00 3.219570376e-01 1.290683785e+00 1.665620506e+00 2.012563914e+00 7.756914363e+00 2.430856370e-01
4.368737475e+03 4.517207963e+00 3.056664710e+00 3.127992965e-01 1.302621378e+00 1.680417641e+00 1.989396799e+00 7.764359118e+00 2.356408818e-01
4.408817635e+03 4.520597801e+00 3.066636133e+00 3.038873643e-01 1.314523783e+00 1.695188763e+00 1.966297668e+00 7.771582584e+00 2.284174162e-01
4.448897796e+03 4.523901447e+00 3.076466613e+00 2.952153249e-01 1.326388813e+00 1.709931981e+00 1.943270938e+00 7.778590933e+00 2.214090665e-01
4.488977956e+03 4.527120770e+00 3.086159725e+00 2.867773698e-01 1.338214310e+00 1.724645423e+00 1.920320967e+00 7.785390189e+00 2.146098110e-01
4.529058116e+03 4.530257614e+00 3.095718974e+00 2.785677992e-01 1.349998153e+00 1.739327245e+00 1.897452037e+00 7.791986231e+00 2.080137687e-01
4.569138277e+03 4.533313800e+00 3.105147785e+00 2.705810212e-01 1.361738253e+00 1.753975629e+00 1.874668367e+00 7.798384794e+00 2.016152064e-01
4.609218437e+03 4.536291123e+00 3.114449510e+00 2.628115513e-01 1.373432561e+00 1.768588787e+00 1.851974098e+00 7.804591471e+00 1.954085291e-01
4.649298597e+03 4.539191352e+00 3.123627429e+00 2.552540124e-01 1.385079063e+00 1.783164956e+00 1.829373300e+00 7.810611718e+00 1.893882822e-01
4.689378758e+03 4.542016232e+00 3.132684746e+00 2.479031342e-01 1.396675783e+00 1.797702407e+00 1.806869965e+00 7.816450851e+00 1.835491494e-01
4.729458918e+03 4.544767480e+00 3.141624600e+00 2.407537510e-01 1.408220787e+00 1.812199442e+00 1.784468000e+00 7.822114057e+00 1.778859431e-01
4.769539078e+03 4.547446788e+00 3.150450051e+00 2.338008044e-01 1.419712178e+00 1.826654392e+00 1.762171239e+00 7.827606383e+00 1.723936169e-01
4.809619238e+03 4.550055819e+00 3.159164097e+00 2.270393376e-01 1.431148103e+00 1.841065626e+00 1.739983425e+00 7.832932755e+00 1.670672451e-01
4.849699399e+03 4.552596211e+00 3.167769662e+00 2.204645002e-01 1.442526748e+00 1.855431543e+00 1.717908224e+00 7.838097961e+00 1.619020389e-01
4.889779559e+03 4.555069572e+00 3.176269606e+00 2.140715416e-01 1.453846343e+00 1.869750578e+00 1.695949210e+00 7.843106672e+00 1.568933282e-01
4.929859719e+03 4.557477484e+00 3.184666721e+00 2.078558137e-01 1.465105162e+00 1.884021204e+00 1.674109867e+00 7.847963434e+00 1.520365664e-01
4.969939880e+03 4.559821502e+00 3.192963734e+00 2.018127681e-01 1.476301524e+00 1.898241928e+00 1.652393594e+00 7.852672672e+00 1.473273284e-01
5.010020040e+03 4.562103149e+00 3.201163309e+00 1.959379548e-01 1.487433790e+00 1.912411299e+00 1.630803694e+00 7.857238696e+00 1.427613035e-01
5.050100200e+03 4.564323925e+00 3.209268045e+00 1.902270217e-01 1.498500372e+00 1.926527901e+00 1.609343376e+00 7.861665703e+00 1.383342969e-01
5.090180361e+03 4.566485301e+00 3.217280483e+00 1.846757136e-01 1.509499720e+00 1.940590353e+00 1.588015762e+00 7.865957771e+00 1.340422292e-01
5.130260521e+03 4.568588718e+00 3.225203098e+00 1.792798703e-01 1.520430335e+00 1.954597321e+00 1.566823874e+00 7.870118872e+00 1.298811284e-01
5.170340681e+03 4.570635592e+00 3.233038305e+00 1.740354255e-01 1.531290766e+00 1.968547505e+00 1.545770644e+00 7.874152866e+00 1.258471339e-01
5.210420842e+03 4.572627309e+00 3.240788463e+00 1.689384061e-01 1.542079605e+00 1.982439646e+00 1.524858905e+00 7.878063510e+00 1.219364901e-01
5.250501002e+03 4.574565231e+00 3.248455874e+00 1.639849292e-01 1.552795490e+00 1.996272524e+00 1.504091395e+00 7.881854456e+00 1.181455435e-01
5.290581162e+03 4.576450694e+00 3.256042785e+00 1.591712029e-01 1.563437106e+00 2.010044959e+00 1.483470755e+00 7.885529256e+00 1.144707436e-01
5.330661323e+03 4.578284999e+00 3.263551376e+00 1.544935222e-01 1.574003197e+00 2.023755820e+00 1.462999528e+00 7.889091363e+00 1.109086366e-01
5.370741483e+03 4.580069422e+00 3.270983777e+00 1.499482696e-01 1.584492550e+00 2.037404017e+00 1.442680159e+00 7.892544135e+00 1.074558653e-01
5.410821643e+03 4.581805219e+00 3.278342072e+00 1.455319133e-01 1.594903989e+00 2.050988490e+00 1.422514996e+00 7.895890834e+00 1.041091664e-01
5.450901804e+03 4.583493625e+00 3.285628309e+00 1.412410055e-01 1.605236380e+00 2.064508213e+00 1.402506284e+00 7.899134632e+00 1.008653680e-01
5.490981964e+03 4.585135836e+00 3.292844454e+00 1.370721795e-01 1.615488658e+00 2.077962224e+00 1.382656179e+00 7.902278612e+00 9.772138777e-02
5.531062124e+03 4.586733024e+00 3.299992429e+00 1.330221504e-01 1.625659799e+00 2.091349597e+00 1.362966735e+00 7.905325769e+00 9.467423050e-02
5.571142285e+03 4.588286326e+00 3.307074091e+00 1.290877135e-01 1.635748848e+00 2.104669466e+00 1.343439906e+00 7.908279013e+00 9.172098666e-02
5.611222445e+03 4.589796874e+00 3.314091283e+00 1.252657417e-01 1.645754861e+00 2.117920971e+00 1.324077549e+00 7.911141171e+00 8.885882876e-02
5.651302605e+03 4.591265771e+00 3.321045800e+00 1.215531859e-01 1.655676946e+00 2.131103298e+00 1.304881426e+00 7.913914987e+00 8.608501256e-02
5.691382766e+03 4.592694104e+00 3.327939396e+00 1.179470696e-01 1.665514247e+00 2.144215670e+00 1.285853207e+00 7.916603129e+00 8.339687077e-02
5.731462926e+03 4.594082904e+00 3.334773725e+00 1.144444928e-01 1.675266008e+00 2.157257399e+00 1.266994462e+00 7.919208184e+00 8.079181560e-02
5.771543086e+03 4.595433202e+00 3.341550446e+00 1.110426252e-01 1.684931479e+00 2.170227792e+00 1.248306664e+00 7.921732670e+00 7.826733012e-02
5.811623246e+03 4.596746003e+00 3.348271164e+00 1.077387090e-01 1.694509959e+00 2.183126209e+00 1.229791196e+00 7.924179027e+00 7.582097274e-02
5.851703407e+03 4.598022287e+00 3.354937443e+00 1.045300539e-01 1.704000798e+00 2.195952051e+00 1.211449345e+00 7.926549629e+00 7.345037113e-02
5.891783567e+03 4.599263013e+00 3.361550806e+00 1.014140349e-01 1.713403387e+00 2.208704757e+00 1.193282314e+00 7.928846780e+00 7.115321953e-02
5.931863727e+03 4.600469115e+00 3.368112731e+00 9.838809975e-02 1.722717166e+00 2.221383809e+00 1.175291203e+00 7.931072714e+00 6.892728562e-02
5.971943888e+03 4.601641506e+00 3.374624660e+00 9.544976034e-02 1.731941619e+00 2.233988728e+00 1.157477024e+00 7.933229598e+00 6.677040187e-02
6.012024048e+03 4.602781078e+00 3.381087995e+00 9.259659002e-02 1.741076272e+00 2.246519072e+00 1.139840703e+00 7.935319538e+00 6.468046200e-02
6.052104208e+03 4.603888702e+00 3.387504104e+00 8.982622399e-02 1.750120694e+00 2.258974438e+00 1.122383079e+00 7.937344579e+00 6.265542133e-02
6.092184369e+03 4.604965227e+00 3.393874315e+00 8.713635889e-02 1.759074497e+00 2.271354461e+00 1.105104903e+00 7.939306704e+00 6.069329598e-02
6.132264529e+03 4.606011482e+00 3.400199922e+00 8.452475110e-02 1.767937334e+00 2.283658813e+00 1.088006842e+00 7.941207839e+00 5.879216090e-02
6.172344689e+03 4.607028278e+00 3.406482184e+00 8.198921612e-02 1.776708901e+00 2.295887203e+00 1.071089477e+00 7.943049851e+00 5.695014904e-02
6.212424850e+03 4.608016403e+00 3.412722326e+00 7.952762596e-02 1.785388932e+00 2.308039378e+00 1.054353305e+00 7.944834552e+00 5.516544820e-02
6.252505010e+03 4.608976628e+00 3.418921538e+00 7.713790771e-02 1.793977204e+00 2.320115116e+00 1.037798748e+00 7.946563701e+00 5.343629939e-02
6.292585170e+03 4.609909704e+00 3.425080979e+00 7.481804347e-02 1.802473530e+00 2.332114236e+00 1.021426141e+00 7.948239003e+00 5.176099682e-02
6.332665331e+03 4.610816364e+00 3.431201779e+00 7.256606785e-02 1.810877764e+00 2.344036587e+00 1.005235748e+00 7.949862115e+00 5.013788486e-02
6.372745491e+03 4.611697323e+00 3.437285031e+00 7.038007024e-02 1.819189797e+00 2.355882053e+00 9.892277490e-01 7.951434639e+00 4.856536077e-02
6.412825651e+03 4.612553277e+00 3.443331804e+00 6.825818782e-02 1.827409555e+00 2.367650553e+00 9.734022545e-01 7.952958134e+00 4.704186650e-02
6.452905812e+03 4.613384907e+00 3.449343133e+00 6.619860779e-02 1.835537003e+00 2.379342035e+00 9.577593003e-01 7.954434109e+00 4.556589127e-02
6.492985972e+03 4.614192873e+00 3.455320028e+00 6.419956711e-02 1.843572140e+00 2.390956482e+00 9.422988498e-01 7.955864028e+00 4.413597153e-02
6.533066132e+03 4.614977822e+00 3.461263470e+00 6.225934680e-02 1.851514997e+00 2.402493905e+00 9.270207995e-01 7.957249316e+00 4.275068400e-02
6.573146293e+03 4.615740384e+00 3.467174414e+00 6.037627475e-02 1.859365643e+00 2.413954345e+00 9.119249769e-01 7.958591351e+00 4.140864927e-02
6.613226453e+03 4.616481172e+00 3.473053786e+00 5.854872596e-02 1.867124177e+00 2.425337875e+00 8.970111413e-01 7.959891468e+00 4.010853219e-02
6.653306613e+03 4.617200785e+00 3.478902490e+00 5.677511608e-02 1.874790729e+00 2.436644595e+00 8.822789899e-01 7.961150966e+00 3.884903406e-02
6.693386774e+03 4.617899803e+00 3.484721400e+00 5.505390685e-02 1.882365463e+00 2.447874634e+00 8.677281545e-01 7.962371100e+00 3.762889960e-02
6.733466934e+03 4.618578796e+00 3.490511370e+00 5.338360036e-02 1.889848574e+00 2.459028148e+00 8.533582061e-01 7.963553090e+00 3.644690977e-02
6.773547094e+03 4.619238315e+00 3.496273226e+00 5.176273965e-02 1.897240283e+00 2.470105319e+00 8.391686568e-01 7.964698117e+00 3.530188301e-02
6.813627255e+03 4.619878900e+00 3.502007775e+00 5.018990793e-02 1.904540842e+00 2.481106355e+00 8.251589602e-01 7.965807326e+00 3.419267415e-02
6.853707415e+03 4.620501073e+00 3.507715798e+00 4.866372688e-02 1.911750532e+00 2.492031489e+00 8.113285143e-01 7.966881827e+00 3.311817268e-02
6.893787575e+03 4.621105347e+00 3.513398054e+00 4.718285549e-02 1.918869657e+00 2.502880979e+00 7.976766640e-01 7.967922699e+00 3.207730147e-02
6.933867735e+03 4.621692220e+00 3.519055284e+00 4.574598994e-02 1.925898551e+00 2.513655105e+00 7.842027000e-01 7.968930983e+00 3.106901657e-02
6.973947896e+03 4.622262174e+00 3.524688206e+00 4.435186212e-02 1.932837573e+00 2.524354170e+00 7.709058635e-01 7.969907694e+00 3.009230585e-02
7.014028056e+03 4.622815682e+00 3.530297515e+00 4.299923916e-02 1.939687103e+00 2.534978501e+00 7.577853472e-01 7.970853811e+00 2.914618861e-02
7.054108216e+03 4.623353205e+00 3.535883891e+00 4.168692106e-02 1.946447547e+00 2.545528442e+00 7.448402961e-01 7.971770288e+00 2.822971249e-02
7.094188377e+03 4.623875188e+00 3.541447994e+00 4.041374147e-02 1.953119335e+00 2.556004362e+00 7.320698104e-01 7.972658045e+00 2.734195493e-02
7.134268537e+03 4.624382067e+00 3.546990461e+00 3.917856795e-02 1.959702916e+00 2.566406645e+00 7.194729458e-01 7.973517976e+00 2.648202377e-02
7.174348697e+03 4.624874266e+00 3.552511915e+00 3.798029706e-02 1.966198762e+00 2.576735697e+00 7.070487169e-01 7.974350949e+00 2.564905098e-02
7.214428858e+03 4.625352197e+00 3.558012961e+00 3.681785683e-02 1.972607366e+00 2.586991941e+00 6.947960981e-01 7.975157804e+00 2.484219618e-02
7.254509018e+03 4.625816263e+00 3.563494184e+00 3.569020699e-02 1.978929237e+00 2.597175817e+00 6.827140238e-01 7.975939353e+00 2.406064720e-02
7.294589178e+03 4.626266854e+00 3.568956155e+00 3.459633413e-02 1.985164907e+00 2.607287784e+00 6.708013931e-01 7.976696386e+00 2.330361396e-02
7.334669339e+03 4.626704350e+00 3.574399428e+00 3.353525380e-02 1.991314922e+00 2.617328314e+00 6.590570691e-01 7.977429668e+00 2.257033153e-02
7.374749499e+03 4.627129120e+00 3.579824539e+00 3.250601036e-02 1.997379849e+00 2.627297896e+00 6.474798805e-01 7.978139940e+00 2.186006009e-02
7.414829659e+03 4.627541527e+00 3.585232011e+00 3.150767364e-02 2.003360269e+00 2.637197032e+00 6.360686249e-01 7.978827919e+00 2.117208088e-02
7.454909820e+03 4.627941918e+00 3.590622351e+00 3.053933989e-02 2.009256778e+00 2.647026239e+00 6.248220692e-01 7.979494302e+00 2.050569765e-02
7.494989980e+03 4.628330636e+00 3.595996051e+00 2.960013182e-02 2.015069988e+00 2.656786048e+00 6.137389500e-01 7.980139763e+00 1.986023689e-02
7.535070140e+03 4.628708013e+00 3.601353590e+00 2.868919573e-02 2.020800525e+00 2.666477000e+00 6.028179782e-01 7.980764956e+00 1.923504445e-02
7.575150301e+03 4.629074370e+00 3.606695432e+00 2.780570211e-02 2.026449028e+00 2.676099650e+00 5.920578382e-01 7.981370514e+00 1.862948649e-02
7.615230461e+03 4.629430021e+00 3.612022027e+00 2.694884650e-02 2.032016150e+00 2.685654563e+00 5.814571879e-01 7.981957049e+00 1.804295068e-02
7.655310621e+03 4.629775272e+00 3.617333814e+00 2.611784547e-02 2.037502555e+00 2.695142315e+00 5.710146647e-01 7.982525159e+00 1.747484148e-02
7.695390782e+03 4.630110419e+00 3.622631219e+00 2.531193789e-02 2.042908916e+00 2.704563491e+00 5.607288840e-01 7.983075418e+00 1.692458189e-02
7.735470942e+03 4.630435753e+00 3.627914652e+00 2.453038486e-02 2.048235919e+00 2.713918686e+00 5.505984401e-01 7.983608387e+00 1.639161346e-02
7.775551102e+03 4.630751552e+00 3.633184516e+00 2.377246972e-02 2.053484262e+00 2.723208505e+00 5.406219066e-01 7.984124604e+00 1.587539650e-02
7.815631263e+03 4.631058091e+00 3.638441199e+00 2.303749388e-02 2.058654647e+00 2.732433558e+00 5.307978431e-01 7.984624595e+00 1.537540525e-02
7.855711423e+03 4.631355635e+00 3.643685080e+00 2.232477912e-02 2.063747789e+00 2.741594465e+00 5.211247921e-01 7.985108869e+00 1.489113081e-02
7.895791583e+03 4.631644443e+00 3.648916524e+00 2.163366885e-02 2.068764409e+00 2.750691852e+00 5.116012773e-01 7.985577917e+00 1.442208262e-02
7.935871743e+03 4.631924765e+00 3.654135888e+00 2.096352338e-02 2.073705237e+00 2.759726351e+00 5.022258119e-01 7.986032217e+00 1.396778320e-02
7.975951904e+03 4.632196846e+00 3.659343517e+00 2.031372110e-02 2.078571007e+00 2.768698601e+00 4.929968969e-01 7.986472230e+00 1.352776963e-02
8.016032064e+03 4.632460923e+00 3.664539747e+00 1.968365881e-02 2.083362462e+00 2.777609244e+00 4.839130210e-01 7.986898406e+00 1.310159402e-02
8.056112224e+03 4.632717228e+00 3.669724903e+00 1.907275210e-02 2.088080350e+00 2.786458931e+00 4.749726591e-01 7.987311176e+00 1.268882400e-02
8.096192385e+03 4.632965984e+00 3.674899300e+00 1.848043118e-02 2.092725424e+00 2.795248313e+00 4.661742820e-01 7.987710962e+00 1.228903826e-02
8.136272545e+03 4.633207409e+00 3.680063246e+00 1.790614319e-02 2.097298441e+00 2.803978046e+00 4.575163511e-01 7.988098171e+00 1.190182917e-02
8.176352705e+03 4.633441717e+00 3.685217039e+00 1.734935244e-02 2.101800162e+00 2.812648792e+00 4.489973176e-01 7.988473197e+00 1.152680311e-02
8.216432866e+03 4.633669112e+00 3.690360966e+00 1.680953797e-02 2.106231354e+00 2.821261212e+00 4.406156287e-01 7.988836422e+00 1.116357790e-02
8.256513026e+03 4.633889795e+00 3.695495308e+00 1.628619329e-02 2.110592783e+00 2.829815971e+00 4.323697278e-01 7.989188217e+00 1.081178269e-02
8.296593186e+03 4.634103962e+00 3.700620338e+00 1.577882695e-02 2.114885221e+00 2.838313737e+00 4.242580532e-01 7.989528941e+00 1.047105853e-02
8.336673347e+03 4.634311801e+00 3.705736318e+00 1.528696310e-02 2.119109443e+00 2.846755180e+00 4.162790366e-01 7.989858941e+00 1.014105915e-02
8.376753507e+03 4.634513496e+00 3.710843505e+00 1.481013778e-02 2.123266222e+00 2.855140969e+00 4.084311122e-01 7.990178553e+00 9.821447013e-03
8.416833667e+03 4.634709227e+00 3.715942149e+00 1.434790088e-02 2.127356334e+00 2.863471775e+00 4.007127118e-01 7.990488104e+00 9.511895565e-03
8.456913828e+03 4.634899166e+00 3.721032488e+00 1.389981637e-02 2.131380556e+00 2.871748270e+00 3.931222639e-01 7.990787911e+00 9.212089439e-03
8.496993988e+03 4.635083483e+00 3.726114759e+00 1.346546062e-02 2.135339667e+00 2.879971124e+00 3.856581980e-01 7.991078277e+00 8.921722801e-03
8.537074148e+03 4.635262342e+00 3.731189187e+00 1.304442146e-02 2.139234441e+00 2.888141008e+00 3.783189469e-01 7.991359502e+00 8.640498490e-03
8.577154309e+03 4.635435903e+00 3.736255994e+00 1.263629904e-02 2.143065657e+00 2.896258592e+00 3.711029442e-01 7.991631871e+00 8.368128926e-03
8.617234469e+03 4.635604320e+00 3.741315392e+00 1.224070676e-02 2.146834094e+00 2.904324550e+00 3.640086221e-01 7.991895663e+00 8.104337094e-03
8.657314629e+03 4.635767744e+00 3.746367589e+00 1.185726734e-02 2.150540527e+00 2.912339547e+00 3.570344210e-01 7.992151147e+00 7.848852670e-03
8.697394790e+03 4.635926320e+00 3.751412786e+00 1.148561501e-02 2.154185730e+00 2.920304252e+00 3.501787842e-01 7.992398586e+00 7.601414228e-03
8.737474950e+03 4.636080192e+00 3.756451179e+00 1.112539534e-02 2.157770476e+00 2.928219328e+00 3.434401569e-01 7.992638231e+00 7.361769160e-03
8.777555110e+03 4.636229497e+00 3.761482955e+00 1.077626440e-02 2.161295531e+00 2.936085436e+00 3.368169893e-01 7.992870327e+00 7.129672854e-03
8.817635271e+03 4.636374370e+00 3.766508301e+00 1.043788743e-02 2.164761663e+00 2.943903235e+00 3.303077399e-01 7.993095113e+00 6.904887450e-03
8.857715431e+03 4.636514942e+00 3.771527393e+00 1.010993969e-02 2.168169634e+00 2.951673380e+00 3.239108730e-01 7.993312817e+00 6.687182724e-03
8.897795591e+03 4.636651338e+00 3.776540404e+00 9.792106950e-03 2.171520217e+00 2.959396534e+00 3.176248582e-01 7.993523663e+00 6.476336595e-03
8.937875752e+03 4.636783680e+00 3.781547502e+00 9.484083298e-03 2.174814175e+00 2.967073352e+00 3.114481742e-01 7.993727867e+00 6.272133030e-03
8.977955912e+03 4.636912088e+00 3.786548847e+00 9.185572077e-03 2.178052267e+00 2.974704485e+00 3.053793071e-01 7.993925637e+00 6.074363003e-03
9.018036072e+03 4.637036679e+00 3.791544599e+00 8.896285704e-03 2.181235241e+00 2.982290574e+00 2.994167473e-01 7.994117176e+00 5.882824317e-03
9.058116232e+03 4.637157564e+00 3.796534911e+00 8.615944862e-03 2.184363847e+00 2.989832258e+00 2.935589959e-01 7.994302679e+00 5.697320914e-03
9.098196393e+03 4.637274855e+00 3.801519930e+00 8.344278545e-03 2.187438819e+00 2.997330168e+00 2.878045649e-01 7.994482337e+00 5.517662947e-03
9.138276553e+03 4.637388660e+00 3.806499804e+00 8.081023742e-03 2.190460883e+00 3.004784923e+00 2.821519757e-01 7.994656333e+00 5.343666502e-03
9.178356713e+03 4.637499081e+00 3.811474670e+00 7.825925182e-03 2.193430776e+00 3.012197155e+00 2.765997597e-01 7.994824847e+00 5.175153386e-03
9.218436874e+03 4.637606214e+00 3.816444661e+00 7.578735177e-03 2.196349275e+00 3.019567525e+00 2.711464578e-01 7.994988049e+00 5.011951014e-03
9.258517034e+03 4.637710159e+00 3.821409909e+00 7.339213509e-03 2.199217080e+00 3.026896630e+00 2.657906205e-01 7.995146108e+00 4.853892300e-03
9.298597194e+03 4.637811011e+00 3.826370542e+00 7.107127224e-03 2.202034914e+00 3.034185085e+00 2.605308108e-01 7.995299184e+00 4.700815506e-03
9.338677355e+03 4.637908861e+00 3.831326683e+00 6.882250048e-03 2.204803492e+00 3.041433500e+00 2.553656023e-01 7.995447436e+00 4.552563796e-03
9.378757515e+03 4.638003799e+00 3.836278452e+00 6.664362932e-03 2.207523524e+00 3.048642479e+00 2.502935811e-01 7.995591014e+00 4.408985616e-03
9.418837675e+03 4.638095911e+00 3.841225965e+00 6.453252755e-03 2.210195716e+00 3.055812621e+00 2.453133439e-01 7.995730066e+00 4.269933742e-03
9.458917836e+03 4.638185280e+00 3.846169333e+00 6.248713686e-03 2.212820767e+00 3.062944521e+00 2.404235014e-01 7.995864734e+00 4.135266259e-03
9.498997996e+03 4.638271990e+00 3.851108668e+00 6.050543449e-03 2.215399374e+00 3.070038768e+00 2.356226714e-01 7.995995156e+00 4.004843829e-03
9.539078156e+03 4.638356120e+00 3.856044074e+00 5.858547460e-03 2.217932224e+00 3.077095947e+00 2.309094876e-01 7.996121467e+00 3.878532702e-03
9.579158317e+03 4.638437746e+00 3.860975654e+00 5.672536631e-03 2.220420001e+00 3.084116635e+00 2.262825954e-01 7.996243797e+00 3.756203100e-03
9.619238477e+03 4.638516943e+00 3.865903508e+00 5.492328387e-03 2.222863380e+00 3.091101405e+00 2.217406555e-01 7.996362270e+00 3.637729942e-03
9.659318637e+03 4.638593786e+00 3.870827733e+00 5.317742676e-03 2.225263035e+00 3.098050825e+00 2.172823342e-01 7.996477010e+00 3.522989967e-03
9.699398798e+03 4.638668343e+00 3.875748423e+00 5.148608212e-03 2.227619628e+00 3.104965456e+00 2.129063195e-01 7.996588134e+00 3.411866215e-03
9.739478958e+03 4.638740683e+00 3.880665667e+00 4.984759436e-03 2.229933815e+00 3.111845851e+00 2.086113131e-01 7.996695754e+00 3.304245849e-03
9.779559118e+03 4.638810871e+00 3.885579552e+00 4.826035172e-03 2.232206248e+00 3.118692558e+00 2.043960291e-01 7.996799981e+00 3.200019150e-03
9.819639279e+03 4.638878973e+00 3.890490165e+00 4.672277837e-03 2.234437570e+00 3.125506121e+00 2.002591935e-01 7.996900921e+00 3.099078946e-03
9.859719439e+03 4.638945051e+00 3.895397586e+00 4.523335721e-03 2.236628419e+00 3.132287075e+00 1.961995471e-01 7.996998678e+00 3.001322276e-03
9.899799599e+03 4.639009165e+00 3.900301897e+00 4.379060196e-03 2.238779428e+00 3.139035951e+00 1.922158425e-01 7.997093352e+00 2.906648331e-03
9.939879760e+03 4.639071374e+00 3.905203175e+00 4.239307681e-03 2.240891221e+00 3.145753275e+00 1.883068474e-01 7.997185040e+00 2.814959892e-03
9.979959920e+03 4.639131737e+00 3.910101495e+00 4.103938841e-03 2.242964417e+00 3.152439566e+00 1.844713432e-01 7.997273837e+00 2.726162743e-03
1.002004008e+04 4.639190308e+00 3.914996931e+00 3.972818537e-03 2.244999628e+00 3.159095336e+00 1.807081231e-01 7.997359834e+00 2.640165663e-03
1.006012024e+04 4.639247142e+00 3.919889553e+00 3.845815511e-03 2.246997458e+00 3.165721092e+00 1.770159989e-01 7.997443120e+00 2.556880097e-03
1.010020040e+04 4.639302291e+00 3.924779431e+00 3.722803215e-03 2.248958506e+00 3.172317333e+00 1.733937925e-01 7.997523779e+00 2.476220890e-03
1.014028056e+04 4.639355805e+00 3.929666629e+00 3.603658641e-03 2.250883363e+00 3.178884554e+00 1.698403415e-01 7.997601895e+00 2.398105338e-03
1.018036072e+04 4.639407734e+00 3.934551213e+00 3.488261783e-03 2.252772615e+00 3.185423243e+00 1.663544988e-01 7.997677547e+00 2.322452790e-03
1.022044088e+04 4.639458126e+00 3.939433245e+00 3.376497991e-03 2.254626838e+00 3.191933882e+00 1.629351299e-01 7.997750814e+00 2.249186445e-03
1.026052104e+04 4.639507027e+00 3.944312785e+00 3.268254202e-03 2.256446602e+00 3.198416945e+00 1.595811154e-01 7.997821769e+00 2.178230504e-03
1.030060120e+04 4.639554483e+00 3.949189892e+00 3.163421819e-03 2.258232469e+00 3.204872899e+00 1.562913499e-01 7.997890488e+00 2.109512331e-03
1.034068136e+04 4.639600536e+00 3.954064623e+00 3.061896000e-03 2.259984997e+00 3.211302207e+00 1.530647422e-01 7.997957038e+00 2.042961924e-03
1.038076152e+04 4.639645229e+00 3.958937033e+00 2.963573169e-03 2.261704741e+00 3.217705331e+00 1.499002149e-01 7.998021490e+00 1.978510065e-03
1.042084168e+04 4.639688604e+00 3.963807176e+00 2.868355053e-03 2.263392246e+00 3.224082724e+00 1.467967052e-01 7.998083909e+00 1.916091316e-03
1.046092184e+04 4.639730701e+00 3.968675102e+00 2.776145181e-03 2.265048044e+00 3.230434825e+00 1.437531640e-01 7.998144359e+00 1.855641424e-03
1.050100200e+04 4.639771558e+00 3.973540862e+00 2.686849831e-03 2.266672656e+00 3.236762064e+00 1.407685560e-01 7.998202902e+00 1.797098025e-03
1.054108216e+04 4.639811212e+00 3.978404504e+00 2.600379319e-03 2.268266603e+00 3.243064872e+00 1.378418605e-01 7.998259598e+00 1.740401595e-03
1.058116232e+04 4.639849701e+00 3.983266076e+00 2.516645264e-03 2.269830415e+00 3.249343688e+00 1.349720702e-01 7.998314507e+00 1.685493437e-03
1.062124248e+04 4.639887060e+00 3.988125624e+00 2.435562963e-03 2.271364604e+00 3.255598935e+00 1.321581921e-01 7.998367683e+00 1.632317426e-03
1.066132265e+04 4.639923323e+00 3.992983192e+00 2.357049779e-03 2.272869669e+00 3.261831023e+00 1.293992466e-01 7.998419181e+00 1.580818828e-03
1.070140281e+04 4.639958524e+00 3.997838822e+00 2.281025743e-03 2.274346100e+00 3.268040354e+00 1.266942678e-01 7.998469055e+00 1.530944741e-03
1.074148297e+04 4.639992694e+00 4.002692556e+00 2.207413217e-03 2.275794381e+00 3.274227325e+00 1.240423040e-01 7.998517356e+00 1.482643853e-03
1.078156313e+04 4.640025866e+00 4.007544433e+00 2.136137106e-03 2.277214990e+00 3.280392328e+00 1.214424170e-01 7.998564133e+00 1.435866586e-03
1.082164329e+04 4.640058070e+00 4.012394493e+00 2.067124495e-03 2.278608417e+00 3.286535770e+00 1.188936817e-01 7.998609435e+00 1.390564851e-03
1.086172345e+04 4.640089335e+00 4.017242776e+00 2.000304807e-03 2.279975135e+00 3.292658037e+00 1.163951867e-01 7.998653308e+00 1.346692145e-03
1.090180361e+04 4.640119690e+00 4.022089317e+00 1.935609599e-03 2.281315613e+00 3.298759512e+00 1.139460331e-01 7.998695797e+00 1.304203416e-03
1.094188377e+04 4.640149163e+00 4.026934151e+00 1.872972459e-03 2.282630292e+00 3.304840552e+00 1.115453360e-01 7.998736945e+00 1.263054983e-03
1.098196393e+04 4.640177781e+00 4.031777311e+00 1.812329154e-03 2.283919610e+00 3.310901512e+00 1.091922237e-01 7.998776795e+00 1.223204647e-03
1.102204409e+04 4.640205570e+00 4.036618832e+00 1.753617235e-03 2.285184013e+00 3.316942758e+00 1.068858380e-01 7.998815389e+00 1.184611402e-03
1.106212425e+04 4.640232555e+00 4.041458744e+00 1.696776346e-03 2.286423937e+00 3.322964649e+00 1.046253332e-01 7.998852764e+00 1.147235665e-03
1.110220441e+04 4.640258761e+00 4.046297083e+00 1.641747839e-03 2.287639841e+00 3.328967562e+00 1.024098759e-01 7.998888961e+00 1.111038995e-03
1.114228457e+04 4.640284212e+00 4.051133878e+00 1.588475000e-03 2.288832147e+00 3.334951838e+00 1.002386456e-01 7.998924016e+00 1.075984257e-03
1.118236473e+04 4.640308931e+00 4.055969155e+00 1.536902755e-03 2.290001250e+00 3.340917785e+00 9.811083404e-02 7.998957965e+00 1.042035413e-03
1.122244489e+04 4.640332941e+00 4.060802945e+00 1.486977740e-03 2.291147560e+00 3.346865742e+00 9.602564610e-02 7.998990842e+00 1.009157573e-03
1.126252505e+04 4.640356262e+00 4.065635274e+00 1.438648241e-03 2.292271491e+00 3.352796049e+00 9.398229894e-02 7.999022683e+00 9.773169507e-04
1.130260521e+04 4.640378918e+00 4.070466170e+00 1.391864144e-03 2.293373445e+00 3.358709028e+00 9.198002199e-02 7.999053519e+00 9.464808307e-04
1.134268537e+04 4.640400927e+00 4.075295659e+00 1.346576890e-03 2.294453811e+00 3.364604991e+00 9.001805673e-02 7.999083382e+00 9.166175350e-04
1.138276553e+04 4.640422310e+00 4.080123765e+00 1.302739405e-03 2.295512979e+00 3.370484254e+00 8.809565661e-02 7.999112304e+00 8.876963765e-04
1.142284569e+04 4.640443087e+00 4.084950513e+00 1.260306056e-03 2.296551330e+00 3.376347124e+00 8.621208689e-02 7.999140312e+00 8.596876266e-04
1.146292585e+04 4.640463275e+00 4.089775926e+00 1.219232654e-03 2.297569240e+00 3.382193902e+00 8.436662467e-02 7.999167437e+00 8.325625183e-04
1.150300601e+04 4.640482893e+00 4.094600027e+00 1.179476368e-03 2.298567075e+00 3.388024883e+00 8.255855866e-02 7.999193707e+00 8.062931864e-04
1.154308617e+04 4.640501958e+00 4.099422838e+00 1.140995655e-03 2.299545206e+00 3.393840367e+00 8.078718903e-02 7.999219147e+00 7.808526195e-04
1.158316633e+04 4.640520489e+00 4.104244381e+00 1.103750321e-03 2.300503989e+00 3.399640638e+00 7.905182745e-02 7.999243785e+00 7.562147003e-04
1.162324649e+04 4.640538500e+00 4.109064675e+00 1.067701369e-03 2.301443764e+00 3.405425958e+00 7.735179669e-02 7.999267646e+00 7.323541029e-04
1.166332665e+04 4.640556009e+00 4.113883742e+00 1.032811028e-03 2.302364899e+00 3.411196635e+00 7.568643081e-02 7.999290754e+00 7.092463132e-04
1.170340681e+04 4.640573030e+00 4.118701602e+00 9.990427437e-04 2.303267737e+00 3.416952947e+00 7.405507519e-02 7.999313132e+00 6.868676187e-04
1.174348697e+04 4.640589579e+00 4.123518271e+00 9.663611087e-04 2.304152594e+00 3.422695130e+00 7.245708625e-02 7.999334805e+00 6.651950634e-04
1.178356713e+04 4.640605671e+00 4.128333768e+00 9.347317028e-04 2.305019803e+00 3.428423450e+00 7.089183024e-02 7.999355794e+00 6.442063414e-04
1.182364729e+04 4.640621319e+00 4.133148112e+00 9.041211619e-04 2.305869704e+00 3.434138187e+00 6.935868369e-02 7.999376120e+00 6.238798418e-04
1.186372745e+04 4.640636538e+00 4.137961319e+00 8.744973470e-04 2.306702611e+00 3.439839589e+00 6.785703543e-02 7.999395805e+00 6.041947587e-04
1.190380762e+04 4.640651340e+00 4.142773406e+00 8.458288685e-04 2.307518834e+00 3.445527895e+00 6.638628210e-02 7.999414869e+00 5.851307783e-04
1.194388778e+04 4.640665739e+00 4.147584391e+00 8.180854183e-04 2.308318699e+00 3.451203375e+00 6.494583177e-02 7.999433332e+00 5.666682962e-04
1.198396794e+04 4.640679747e+00 4.152394285e+00 7.912377860e-04 2.309102486e+00 3.456866235e+00 6.353510398e-02 7.999451212e+00 5.487884271e-04
1.202404810e+04 4.640693377e+00 4.157203106e+00 7.652570771e-04 2.309870508e+00 3.462516728e+00 6.215352202e-02 7.999468528e+00 5.314724920e-04
1.206412826e+04 4.640706640e+00 4.162010869e+00 7.401159577e-04 2.310623077e+00 3.468155113e+00 6.080052611e-02 7.999485297e+00 5.147028334e-04
1.210420842e+04 4.640719547e+00 4.166817588e+00 7.157878127e-04 2.311360463e+00 3.473781589e+00 5.947556442e-02 7.999501538e+00 4.984622623e-04
1.214428858e+04 4.640732110e+00 4.171623275e+00 6.922468161e-04 2.312082945e+00 3.479396374e+00 5.817809454e-02 7.999517266e+00 4.827341047e-04
1.218436874e+04 4.640744339e+00 4.176427944e+00 6.694679271e-04 2.312790818e+00 3.484999707e+00 5.690758312e-02 7.999532498e+00 4.675021985e-04
1.222444890e+04 4.640756246e+00 4.181231608e+00 6.474268793e-04 2.313484354e+00 3.490591799e+00 5.566350598e-02 7.999547249e+00 4.527508859e-04
1.226452906e+04 4.640767839e+00 4.186034280e+00 6.261001661e-04 2.314163823e+00 3.496172861e+00 5.444534815e-02 7.999561535e+00 4.384650036e-04
1.230460922e+04 4.640779128e+00 4.190835971e+00 6.054651329e-04 2.314829491e+00 3.501743101e+00 5.325260513e-02 7.999575370e+00 4.246299422e-04
1.234468938e+04 4.640790124e+00 4.195636694e+00 5.854996372e-04 2.315481620e+00 3.507302726e+00 5.208477885e-02 7.999588769e+00 4.112314250e-04
1.238476954e+04 4.640800835e+00 4.200436459e+00 5.661823583e-04 2.316120469e+00 3.512851936e+00 5.094138164e-02 7.999601744e+00 3.982557087e-04
1.242484970e+04 4.640811270e+00 4.205235277e+00 5.474925947e-04 2.316746289e+00 3.518390927e+00 4.982193393e-02 7.999614311e+00 3.856894514e-04
1.246492986e+04 4.640821438e+00 4.210033159e+00 5.294101603e-04 2.317359330e+00 3.523919896e+00 4.872596283e-02 7.999626480e+00 3.735196453e-04
1.250501002e+04 4.640831347e+00 4.214830116e+00 5.119155477e-04 2.317959839e+00 3.529439031e+00 4.765300444e-02 7.999638266e+00 3.617337221e-04
1.254509018e+04 4.640841005e+00 4.219626156e+00 4.949898524e-04 2.318548056e+00 3.534948521e+00 4.660260300e-02 7.999649680e+00 3.503195038e-04
1.258517034e+04 4.640850421e+00 4.224421291e+00 4.786151715e-04 2.319124214e+00 3.540448547e+00 4.557431643e-02 7.999660735e+00 3.392654599e-04
1.262525050e+04 4.640859602e+00 4.229215528e+00 4.627738629e-04 2.319688546e+00 3.545939288e+00 4.456770662e-02 7.999671440e+00 3.285602284e-04
1.266533066e+04 4.640868554e+00 4.234008878e+00 4.474488403e-04 2.320241280e+00 3.551420921e+00 4.358234338e-02 7.999681807e+00 3.181928060e-04
1.270541082e+04 4.640877286e+00 4.238801348e+00 4.326235347e-04 2.320782640e+00 3.556893619e+00 4.261780401e-02 7.999691847e+00 3.081525231e-04
1.274549098e+04 4.640885805e+00 4.243592948e+00 4.182819041e-04 2.321312846e+00 3.562357552e+00 4.167367356e-02 7.999701571e+00 2.984290501e-04
1.278557114e+04 4.640894116e+00 4.248383685e+00 4.044084962e-04 2.321832114e+00 3.567812885e+00 4.074954593e-02 7.999710988e+00 2.890124371e-04
1.282565130e+04 4.640902227e+00 4.253173567e+00 3.909880248e-04 2.322340659e+00 3.573259784e+00 3.984501754e-02 7.999720107e+00 2.798928416e-04
1.286573146e+04 4.640910143e+00 4.257962603e+00 3.780059636e-04 2.322838687e+00 3.578698409e+00 3.895969653e-02 7.999728939e+00 2.710609094e-04
1.290581162e+04 4.640917872e+00 4.262750799e+00 3.654483252e-04 2.323326404e+00 3.584128916e+00 3.809319910e-02 7.999737492e+00 2.625076341e-04
1.294589178e+04 4.640925418e+00 4.267538163e+00 3.533014092e-04 2.323804012e+00 3.589551460e+00 3.724514659e-02 7.999745776e+00 2.542241928e-04
1.298597194e+04 4.640932788e+00 4.272324701e+00 3.415521565e-04 2.324271706e+00 3.594966191e+00 3.641517006e-02 7.999753798e+00 2.462021757e-04
1.302605210e+04 4.640939987e+00 4.277110421e+00 3.301876825e-04 2.324729682e+00 3.600373258e+00 3.560290421e-02 7.999761567e+00 2.384332840e-04
1.306613226e+04 4.640947021e+00 4.281895329e+00 3.191956576e-04 2.325178129e+00 3.605772806e+00 3.480799244e-02 7.999769090e+00 2.309095759e-04
1.310621242e+04 4.640953894e+00 4.286679431e+00 3.085640205e-04 2.325617236e+00 3.611164978e+00 3.403008321e-02 7.999776377e+00 2.236232811e-04
1.314629259e+04 4.640960613e+00 4.291462733e+00 2.982811375e-04 2.326047186e+00 3.616549913e+00 3.326883221e-02 7.999783433e+00 2.165669037e-04
1.318637275e+04 4.640967181e+00 4.296245242e+00 2.883357323e-04 2.326468159e+00 3.621927750e+00 3.252390136e-02 7.999790267e+00 2.097331768e-04
1.322645291e+04 4.640973603e+00 4.301026963e+00 2.787169247e-04 2.326880334e+00 3.627298622e+00 3.179495910e-02 7.999796885e+00 2.031150881e-04
1.326653307e+04 4.640979885e+00 4.305807902e+00 2.694140996e-04 2.327283884e+00 3.632662662e+00 3.108167981e-02 7.999803294e+00 1.967057934e-04
1.330661323e+04 4.640986030e+00 4.310588064e+00 2.604170986e-04 2.327678980e+00 3.638019999e+00 3.038374474e-02 7.999809501e+00 1.904987429e-04
1.334669339e+04 4.640992043e+00 4.315367454e+00 2.517160130e-04 2.328065790e+00 3.643370760e+00 2.970084064e-02 7.999815512e+00 1.844875454e-04
1.338677355e+04 4.640997929e+00 4.320146078e+00 2.433012341e-04 2.328444479e+00 3.648715068e+00 2.903266013e-02 7.999821334e+00 1.786660016e-04
1.342685371e+04 4.641003690e+00 4.324923940e+00 2.351635793e-04 2.328815207e+00 3.654053046e+00 2.837890272e-02 7.999826972e+00 1.730281858e-04
1.346693387e+04 4.641009331e+00 4.329701045e+00 2.272939540e-04 2.329178135e+00 3.659384814e+00 2.773927169e-02 7.999832432e+00 1.675682269e-04
1.350701403e+04 4.641014857e+00 4.334477397e+00 2.196837545e-04 2.329533417e+00 3.664710487e+00 2.711347798e-02 7.999837719e+00 1.622805691e-04
1.354709419e+04 4.641020270e+00 4.339253002e+00 2.123245684e-04 2.329881206e+00 3.670030182e+00 2.650123722e-02 7.999842840e+00 1.571597782e-04
1.358717435e+04 4.641025574e+00 4.344027863e+00 2.052081813e-04 2.330221653e+00 3.675344009e+00 2.590226972e-02 7.999847799e+00 1.522005462e-04
1.362725451e+04 4.641030772e+00 4.348801984e+00 1.983267953e-04 2.330554904e+00 3.680652080e+00 2.531630283e-02 7.999852602e+00 1.473978319e-04
1.366733467e+04 4.641035869e+00 4.353575371e+00 1.916725840e-04 2.330881106e+00 3.685954504e+00 2.474306607e-02 7.999857253e+00 1.427465746e-04
1.370741483e+04 4.641040867e+00 4.358348026e+00 1.852382641e-04 2.331200398e+00 3.691251385e+00 2.418229745e-02 7.999861758e+00 1.382420615e-04
1.374749499e+04 4.641045769e+00 4.363119953e+00 1.790167345e-04 2.331512921e+00 3.696542827e+00 2.363373947e-02 7.999866120e+00 1.338796965e-04
1.378757515e+04 4.641050579e+00 4.367891156e+00 1.730011239e-04 2.331818810e+00 3.701828932e+00 2.309713965e-02 7.999870345e+00 1.296550293e-04
1.382765531e+04 4.641055299e+00 4.372661638e+00 1.671847300e-04 2.332118199e+00 3.707109799e+00 2.257224976e-02 7.999874436e+00 1.255637183e-04
1.386773547e+04 4.641059932e+00 4.377431404e+00 1.615610083e-04 2.332411221e+00 3.712385526e+00 2.205882570e-02 7.999878398e+00 1.216015221e-04
1.390781563e+04 4.641064481e+00 4.382200456e+00 1.561237223e-04 2.332698004e+00 3.717656208e+00 2.155662946e-02 7.999882236e+00 1.177643957e-04
1.394789579e+04 4.641068949e+00 4.386968797e+00 1.508667634e-04 2.332978674e+00 3.722921939e+00 2.106542685e-02 7.999885952e+00 1.140483751e-04
1.398797595e+04 4.641073338e+00 4.391736432e+00 1.457841852e-04 2.333253356e+00 3.728182812e+00 2.058498794e-02 7.999889550e+00 1.104496000e-04
1.402805611e+04 4.641077651e+00 4.396503361e+00 1.408705193e-04 2.333522171e+00 3.733438915e+00 2.011508979e-02 7.999893035e+00 1.069645184e-04
1.406813627e+04 4.641081890e+00 4.401269590e+00 1.361201199e-04 2.333785239e+00 3.738690337e+00 1.965551073e-02 7.999896411e+00 1.035894606e-04
1.410821643e+04 4.641086058e+00 4.406035120e+00 1.315275702e-04 2.334042678e+00 3.743937164e+00 1.920603382e-02 7.999899679e+00 1.003209043e-04
1.414829659e+04 4.641090156e+00 4.410799954e+00 1.270876091e-04 2.334294602e+00 3.749179482e+00 1.876644625e-02 7.999902845e+00 9.715542579e-05
1.418837675e+04 4.641094188e+00 4.415564096e+00 1.227952881e-04 2.334541126e+00 3.754417374e+00 1.833654074e-02 7.999905910e+00 9.408980254e-05
1.422845691e+04 4.641098155e+00 4.420327546e+00 1.186459769e-04 2.334782357e+00 3.759650918e+00 1.791611557e-02 7.999908879e+00 9.112101625e-05
1.426853707e+04 4.641102059e+00 4.425090309e+00 1.146347998e-04 2.335018406e+00 3.764880196e+00 1.750496932e-02 7.999911754e+00 8.824588844e-05
1.430861723e+04 4.641105902e+00 4.429852387e+00 1.107571818e-04 2.335249380e+00 3.770105286e+00 1.710290596e-02 7.999914539e+00 8.546143405e-05
1.434869739e+04 4.641109687e+00 4.434613781e+00 1.070086822e-04 2.335475383e+00 3.775326264e+00 1.670973320e-02 7.999917235e+00 8.276475339e-05
1.438877756e+04 4.641113415e+00 4.439374494e+00 1.033852360e-04 2.335696516e+00 3.780543204e+00 1.632526469e-02 7.999919847e+00 8.015318919e-05
1.442885772e+04 4.641117088e+00 4.444134529e+00 9.988266916e-05 2.335912880e+00 3.785756180e+00 1.594931563e-02 7.999922376e+00 7.762401195e-05
1.446893788e+04 4.641120708e+00 4.448893887e+00 9.649699757e-05 2.336124574e+00 3.790965263e+00 1.558170545e-02 7.999924825e+00 7.517461399e-05
1.450901804e+04 4.641124276e+00 4.453652571e+00 9.322438411e-05 2.336331695e+00 3.796170523e+00 1.522225733e-02 7.999927198e+00 7.280248176e-05
1.454909820e+04 4.641127794e+00 4.458410583e+00 9.006111667e-05 2.336534336e+00 3.801372029e+00 1.487079798e-02 7.999929495e+00 7.050518167e-05
1.458917836e+04 4.641131264e+00 4.463167924e+00 8.700360324e-05 2.336732591e+00 3.806569847e+00 1.452715750e-02 7.999931720e+00 6.828035695e-05
1.462925852e+04 4.641134688e+00 4.467924596e+00 8.404837550e-05 2.336926550e+00 3.811764045e+00 1.419116964e-02 7.999933874e+00 6.612572977e-05
1.466933868e+04 4.641138066e+00 4.472680601e+00 8.119207652e-05 2.337116304e+00 3.816954686e+00 1.386267146e-02 7.999935961e+00 6.403909365e-05
1.470941884e+04 4.641141400e+00 4.477435942e+00 7.843145864e-05 2.337301938e+00 3.822141833e+00 1.354150329e-02 7.999937982e+00 6.201831202e-05
1.474949900e+04 4.641144692e+00 4.482190619e+00 7.576335178e-05 2.337483540e+00 3.827325548e+00 1.322750816e-02 7.999939939e+00 6.006129733e-05
1.478957916e+04 4.641147943e+00 4.486944634e+00 7.318471797e-05 2.337661193e+00 3.832505892e+00 1.292053291e-02 7.999941834e+00 5.816604737e-05
1.482965932e+04 4.641151155e+00 4.491697990e+00 7.069260616e-05 2.337834979e+00 3.837682923e+00 1.262042727e-02 7.999943669e+00 5.633061538e-05
1.486973948e+04 4.641154328e+00 4.496450687e+00 6.828415348e-05 2.338004980e+00 3.842856701e+00 1.232704398e-02 7.999945447e+00 5.455311107e-05
1.490981964e+04 4.641157463e+00 4.501202727e+00 6.595658295e-05 2.338171274e+00 3.848027281e+00 1.204023866e-02 7.999947168e+00 5.283169918e-05
1.494989980e+04 4.641160563e+00 4.505954112e+00 6.370719891e-05 2.338333940e+00 3.853194719e+00 1.175986985e-02 7.999948835e+00 5.116459661e-05
1.498997996e+04 4.641163628e+00 4.510704842e+00 6.153352277e-05 2.338493052e+00 3.858359069e+00 1.148579989e-02 7.999950450e+00 4.955015929e-05
1.503006012e+04 4.641166660e+00 4.515454920e+00 5.943302513e-05 2.338648687e+00 3.863520385e+00 1.121789294e-02 7.999952013e+00 4.798671080e-05
1.507014028e+04 4.641169658e+00 4.520204347e+00 5.740323721e-05 2.338800916e+00 3.868678718e+00 1.095601579e-02 7.999953527e+00 4.647261365e-05
1.511022044e+04 4.641172626e+00 4.524953124e+00 5.544179245e-05 2.338949813e+00 3.873834121e+00 1.070003808e-02 7.999954994e+00 4.500629599e-05
1.515030060e+04 4.641175562e+00 4.529701251e+00 5.354639068e-05 2.339095447e+00 3.878986643e+00 1.044983205e-02 7.999956414e+00 4.358622863e-05
1.519038076e+04 4.641178469e+00 4.534448732e+00 5.171479411e-05 2.339237887e+00 3.884136332e+00 1.020527242e-02 7.999957789e+00 4.221092256e-05
1.523046092e+04 4.641181348e+00 4.539195566e+00 4.994502508e-05 2.339377200e+00 3.889283237e+00 9.966238190e-03 7.999959121e+00 4.087905536e-05
1.527054108e+04 4.641184199e+00 4.543941755e+00 4.823506742e-05 2.339513453e+00 3.894427404e+00 9.732609904e-03 7.999960411e+00 3.958928032e-05
1.531062124e+04 4.641187023e+00 4.548687300e+00 4.658283297e-05 2.339646710e+00 3.899568879e+00 9.504269308e-03 7.999961660e+00 3.834020500e-05
1.535070140e+04 4.641189822e+00 4.553432201e+00 4.498638166e-05 2.339777035e+00 3.904707708e+00 9.281101312e-03 7.999962869e+00 3.713053201e-05
1.539078156e+04 4.641192595e+00 4.558176461e+00 4.344382969e-05 2.339904491e+00 3.909843933e+00 9.062993134e-03 7.999964041e+00 3.595900029e-05
1.543086172e+04 4.641195344e+00 4.562920080e+00 4.195334647e-05 2.340029138e+00 3.914977599e+00 8.849834238e-03 7.999965176e+00 3.482438320e-05
1.547094188e+04 4.641198070e+00 4.567663060e+00 4.051327138e-05 2.340151036e+00 3.920108747e+00 8.641517501e-03 7.999966274e+00 3.372556283e-05
1.551102204e+04 4.641200773e+00 4.572405400e+00 3.912201496e-05 2.340270244e+00 3.925237418e+00 8.437938180e-03 7.999967339e+00 3.266146715e-05
1.555110220e+04 4.641203454e+00 4.577147102e+00 3.777785389e-05 2.340386818e+00 3.930363652e+00 8.238991793e-03 7.999968369e+00 3.163093946e-05
1.559118236e+04 4.641206114e+00 4.581888167e+00 3.647920916e-05 2.340500815e+00 3.935487488e+00 8.044576933e-03 7.999969367e+00 3.063291549e-05
1.563126253e+04 4.641208753e+00 4.586628596e+00 3.522455069e-05 2.340612291e+00 3.940608966e+00 7.854594265e-03 7.999970334e+00 2.966636271e-05
1.567134269e+04 4.641211372e+00 4.591368390e+00 3.401239500e-05 2.340721299e+00 3.945728123e+00 7.668946478e-03 7.999971270e+00 2.873027888e-05
1.571142285e+04 4.641213972e+00 4.596107549e+00 3.284134212e-05 2.340827893e+00 3.950844997e+00 7.487538737e-03 7.999972176e+00 2.782371547e-05
1.575150301e+04 4.641216554e+00 4.600846074e+00 3.171008935e-05 2.340932123e+00 3.955959621e+00 7.310278834e-03 7.999973054e+00 2.694578646e-05
1.579158317e+04 4.641219117e+00 4.605583966e+00 3.061725271e-05 2.341034040e+00 3.961072033e+00 7.137074897e-03 7.999973904e+00 2.609555479e-05
1.583166333e+04 4.641221663e+00 4.610321227e+00 2.956154500e-05 2.341133695e+00 3.966182267e+00 6.967837633e-03 7.999974728e+00 2.527214563e-05
1.587174349e+04 4.641224193e+00 4.615057855e+00 2.854171936e-05 2.341231135e+00 3.971290356e+00 6.802479597e-03 7.999975525e+00 2.447471046e-05
1.591182365e+04 4.641226705e+00 4.619793853e+00 2.755656732e-05 2.341326410e+00 3.976396334e+00 6.640915138e-03 7.999976298e+00 2.370242586e-05
1.595190381e+04 4.641229203e+00 4.624529221e+00 2.660493021e-05 2.341419564e+00 3.981500233e+00 6.483060567e-03 7.999977045e+00 2.295450055e-05
1.599198397e+04 4.641231684e+00 4.629263960e+00 2.568574171e-05 2.341510645e+00 3.986602084e+00 6.328834805e-03 7.999977770e+00 2.223020176e-05
1.603206413e+04 4.641234151e+00 4.633998070e+00 2.479787523e-05 2.341599696e+00 3.991701919e+00 6.178156988e-03 7.999978471e+00 2.152876057e-05
1.607214429e+04 4.641236604e+00 4.638731552e+00 2.394027605e-05 2.341686762e+00 3.996799767e+00 6.030948516e-03 7.999979151e+00 2.084945385e-05
1.611222445e+04 4.641239043e+00 4.643464407e+00 2.311192132e-05 2.341771886e+00 4.001895659e+00 5.887132410e-03 7.999979808e+00 2.019157938e-05
1.615230461e+04 4.641241469e+00 4.648196634e+00 2.231181828e-05 2.341855110e+00 4.006989624e+00 5.746633271e-03 7.999980446e+00 1.955445478e-05
1.619238477e+04 4.641243881e+00 4.652928236e+00 2.153900720e-05 2.341936475e+00 4.012081689e+00 5.609377306e-03 7.999981063e+00 1.893741931e-05
1.623246493e+04 4.641246281e+00 4.657659212e+00 2.079265752e-05 2.342016021e+00 4.017171882e+00 5.475293678e-03 7.999981660e+00 1.833989385e-05
1.627254509e+04 4.641248669e+00 4.662389562e+00 2.007182244e-05 2.342093789e+00 4.022260231e+00 5.344310996e-03 7.999982239e+00 1.776122772e-05
1.631262525e+04 4.641251045e+00 4.667119289e+00 1.937563719e-05 2.342169815e+00 4.027346761e+00 5.216360125e-03 7.999982799e+00 1.720082242e-05
1.635270541e+04 4.641253410e+00 4.671848391e+00 1.870326255e-05 2.342244140e+00 4.032431500e+00 5.091373355e-03 7.999983342e+00 1.665809633e-05
1.639278557e+04 4.641255764e+00 4.676576870e+00 1.805388342e-05 2.342316800e+00 4.037514472e+00 4.969284375e-03 7.999983868e+00 1.613248389e-05
1.643286573e+04 4.641258107e+00 4.681304726e+00 1.742670739e-05 2.342387831e+00 4.042595702e+00 4.850028224e-03 7.999984377e+00 1.562343458e-05
1.647294589e+04 4.641260440e+00 4.686031959e+00 1.682107501e-05 2.342457268e+00 4.047675215e+00 4.733542841e-03 7.999984870e+00 1.513048258e-05
1.651302605e+04 4.641262763e+00 4.690758570e+00 1.623621365e-05 2.342525147e+00 4.052753033e+00 4.619765567e-03 7.999985347e+00 1.465309140e-05
1.655310621e+04 4.641265076e+00 4.695484560e+00 1.567140975e-05 2.342591502e+00 4.057829181e+00 4.508635560e-03 7.999985809e+00 1.419076261e-05
1.659318637e+04 4.641267380e+00 4.700209929e+00 1.512597867e-05 2.342656366e+00 4.062903680e+00 4.400093356e-03 7.999986257e+00 1.374301676e-05
1.663326653e+04 4.641269675e+00 4.704934677e+00 1.459925610e-05 2.342719772e+00 4.067976554e+00 4.294080724e-03 7.999986691e+00 1.330938801e-05
1.667334669e+04 4.641271961e+00 4.709658804e+00 1.409059691e-05 2.342781752e+00 4.073047824e+00 4.190540639e-03 7.999987111e+00 1.288942333e-05
1.671342685e+04 4.641274239e+00 4.714382312e+00 1.359944235e-05 2.342842337e+00 4.078117511e+00 4.089418363e-03 7.999987517e+00 1.248272499e-05
1.675350701e+04 4.641276508e+00 4.719105201e+00 1.312518836e-05 2.342901559e+00 4.083185635e+00 3.990659275e-03 7.999987911e+00 1.208886736e-05
1.679358717e+04 4.641278770e+00 4.723827471e+00 1.266724617e-05 2.342959446e+00 4.088252218e+00 3.894209853e-03 7.999988293e+00 1.170743521e-05
1.683366733e+04 4.641281024e+00 4.728549122e+00 1.222505940e-05 2.343016029e+00 4.093317278e+00 3.800017934e-03 7.999988662e+00 1.133803449e-05
1.687374749e+04 4.641283270e+00 4.733270154e+00 1.179808891e-05 2.343071337e+00 4.098380836e+00 3.708032453e-03 7.999989020e+00 1.098028272e-05
1.691382766e+04 4.641285510e+00 4.737990569e+00 1.138581181e-05 2.343125397e+00 4.103442910e+00 3.618203411e-03 7.999989366e+00 1.063380842e-05
1.695390782e+04 4.641287742e+00 4.742710367e+00 1.098775288e-05 2.343178237e+00 4.108503519e+00 3.530482538e-03 7.999989702e+00 1.029827066e-05
1.699398798e+04 4.641289968e+00 4.747429547e+00 1.060343500e-05 2.343229885e+00 4.113562680e+00 3.444822220e-03 7.999990027e+00 9.973328135e-06
1.703406814e+04 4.641292187e+00 4.752148111e+00 1.023237725e-05 2.343280366e+00 4.118620412e+00 3.361175455e-03 7.999990341e+00 9.658637979e-06
1.707414830e+04 4.641294400e+00 4.756866058e+00 9.874126875e-06 2.343329706e+00 4.123676732e+00 3.279496520e-03 7.999990646e+00 9.353875675e-06
1.711422846e+04 4.641296607e+00 4.761583389e+00 9.528245154e-06 2.343377932e+00 4.128731657e+00 3.199740659e-03 7.999990941e+00 9.058726249e-06
1.715430862e+04 4.641298808e+00 4.766300104e+00 9.194306677e-06 2.343425067e+00 4.133785204e+00 3.121864059e-03 7.999991227e+00 8.772883795e-06
1.719438878e+04 4.641301003e+00 4.771016204e+00 8.871916534e-06 2.343471136e+00 4.138837388e+00 3.045824265e-03 7.999991504e+00 8.496062124e-06
1.723446894e+04 4.641303193e+00 4.775731689e+00 8.560693779e-06 2.343516163e+00 4.143888225e+00 2.971579760e-03 7.999991772e+00 8.227984497e-06
1.727454910e+04 4.641305377e+00 4.780446559e+00 8.260243894e-06 2.343560171e+00 4.148937731e+00 2.899089293e-03 7.999992032e+00 7.968366530e-06
1.731462926e+04 4.641307556e+00 4.785160814e+00 7.970197379e-06 2.343603182e+00 4.153985922e+00 2.828312805e-03 7.999992283e+00 7.716940117e-06
1.735470942e+04 4.641309730e+00 4.789874455e+00 7.690195956e-06 2.343645220e+00 4.159032811e+00 2.759211094e-03 7.999992527e+00 7.473444855e-06
1.739478958e+04 4.641311900e+00 4.794587482e+00 7.419891933e-06 2.343686305e+00 4.164078413e+00 2.691745781e-03 7.999992762e+00 7.237627642e-06
1.743486974e+04 4.641314064e+00 4.799299896e+00 7.158960246e-06 2.343726460e+00 4.169122743e+00 2.625879586e-03 7.999992991e+00 7.009250220e-06
1.747494990e+04 4.641316224e+00 4.804011695e+00 6.907100982e-06 2.343765704e+00 4.174165814e+00 2.561576374e-03 7.999993212e+00 6.788090754e-06
1.751503006e+04 4.641318380e+00 4.808722882e+00 6.663986549e-06 2.343804059e+00 4.179207639e+00 2.498799930e-03 7.999993426e+00 6.573910659e-06
1.755511022e+04 4.641320531e+00 4.813433456e+00 6.429315523e-06 2.343841544e+00 4.184248232e+00 2.437515193e-03 7.999993634e+00 6.366488395e-06
1.759519038e+04 4.641322678e+00 4.818143418e+00 6.202795573e-06 2.343878179e+00 4.189287606e+00 2.377687849e-03 7.999993834e+00 6.165608730e-06
1.763527054e+04 4.641324821e+00 4.822852767e+00 5.984142934e-06 2.343913983e+00 4.194325774e+00 2.319284313e-03 7.999994029e+00 5.971062412e-06
1.767535070e+04 4.641326961e+00 4.827561503e+00 5.773088806e-06 2.343948975e+00 4.199362747e+00 2.262271866e-03 7.999994217e+00 5.782650199e-06
1.771543086e+04 4.641329096e+00 4.832269628e+00 5.569398775e-06 2.343983173e+00 4.204398538e+00 2.206619091e-03 7.999994400e+00 5.600195126e-06
1.775551102e+04 4.641331228e+00 4.836977142e+00 5.372801506e-06 2.344016595e+00 4.209433158e+00 2.152294230e-03 7.999994577e+00 5.423497435e-06
1.779559118e+04 4.641333357e+00 4.841684044e+00 5.183051878e-06 2.344049259e+00 4.214466619e+00 2.099266623e-03 7.999994748e+00 5.252374467e-06
1.783567134e+04 4.641335482e+00 4.846390334e+00 4.999912314e-06 2.344081181e+00 4.219498933e+00 2.047506269e-03 7.999994913e+00 5.086648857e-06
1.787575150e+04 4.641337603e+00 4.851096014e+00 4.823152369e-06 2.344112379e+00 4.224530110e+00 1.996983810e-03 7.999995074e+00 4.926148267e-06
1.791583166e+04 4.641339722e+00 4.855801083e+00 4.652549981e-06 2.344142869e+00 4.229560161e+00 1.947670555e-03 7.999995229e+00 4.770706164e-06
1.795591182e+04 4.641341837e+00 4.860505542e+00 4.487917926e-06 2.344172666e+00 4.234589096e+00 1.899539173e-03 7.999995380e+00 4.620178497e-06
1.799599198e+04 4.641343949e+00 4.865209390e+00 4.329035159e-06 2.344201787e+00 4.239616925e+00 1.852561869e-03 7.999995526e+00 4.474400397e-06
1.803607214e+04 4.641346059e+00 4.869912628e+00 4.175702775e-06 2.344230248e+00 4.244643660e+00 1.806711857e-03 7.999995667e+00 4.333221452e-06
1.807615230e+04 4.641348165e+00 4.874615257e+00 4.027728129e-06 2.344258062e+00 4.249669309e+00 1.761962932e-03 7.999995804e+00 4.196495689e-06
1.811623246e+04 4.641350269e+00 4.879317276e+00 3.884924512e-06 2.344285245e+00 4.254693882e+00 1.718289455e-03 7.999995936e+00 4.064081361e-06
1.815631263e+04 4.641352370e+00 4.884018685e+00 3.747110817e-06 2.344311811e+00 4.259717389e+00 1.675666336e-03 7.999996064e+00 3.935840731e-06
1.819639279e+04 4.641354469e+00 4.888719485e+00 3.614131398e-06 2.344337775e+00 4.264739838e+00 1.634069677e-03 7.999996188e+00 3.811652535e-06
1.823647295e+04 4.641356565e+00 4.893419676e+00 3.485811082e-06 2.344363149e+00 4.269761238e+00 1.593475298e-03 7.999996309e+00 3.691383716e-06
1.827655311e+04 4.641358659e+00 4.898119258e+00 3.361987285e-06 2.344387948e+00 4.274781599e+00 1.553859779e-03 7.999996425e+00 3.574909589e-06
1.831663327e+04 4.641360750e+00 4.902818232e+00 3.242503642e-06 2.344412184e+00 4.279800928e+00 1.515200247e-03 7.999996538e+00 3.462109832e-06
1.835671343e+04 4.641362839e+00 4.907516597e+00 3.127208617e-06 2.344435871e+00 4.284819235e+00 1.477474328e-03 7.999996647e+00 3.352867603e-06
1.839679359e+04 4.641364926e+00 4.912214353e+00 3.015955231e-06 2.344459021e+00 4.289836527e+00 1.440660128e-03 7.999996753e+00 3.247069363e-06
1.843687375e+04 4.641367010e+00 4.916911502e+00 2.908616558e-06 2.344481646e+00 4.294852812e+00 1.404736790e-03 7.999996855e+00 3.144614672e-06
1.847695391e+04 4.641369093e+00 4.921608043e+00 2.805053583e-06 2.344503759e+00 4.299868098e+00 1.369683330e-03 7.999996955e+00 3.045395846e-06
1.851703407e+04 4.641371174e+00 4.926303976e+00 2.705131892e-06 2.344525370e+00 4.304882392e+00 1.335479234e-03 7.999997051e+00 2.949308508e-06
1.855711423e+04 4.641373252e+00 4.930999301e+00 2.608724265e-06 2.344546493e+00 4.309895702e+00 1.302104548e-03 7.999997144e+00 2.856253222e-06
1.859719439e+04 4.641375329e+00 4.935694019e+00 2.515707292e-06 2.344567137e+00 4.314908036e+00 1.269539750e-03 7.999997234e+00 2.766133347e-06
1.863727455e+04 4.641377404e+00 4.940388130e+00 2.425961133e-06 2.344587315e+00 4.319919400e+00 1.237765738e-03 7.999997321e+00 2.678854876e-06
1.867735471e+04 4.641379477e+00 4.945081634e+00 2.339369284e-06 2.344607036e+00 4.324929801e+00 1.206763817e-03 7.999997406e+00 2.594326282e-06
1.871743487e+04 4.641381548e+00 4.949774531e+00 2.255843298e-06 2.344626311e+00 4.329939247e+00 1.176516577e-03 7.999997488e+00 2.512474388e-06
1.875751503e+04 4.641383618e+00 4.954466821e+00 2.175263669e-06 2.344645151e+00 4.334947742e+00 1.147005776e-03 7.999997567e+00 2.433206399e-06
1.879759519e+04 4.641385686e+00 4.959158505e+00 2.097526685e-06 2.344663566e+00 4.339955295e+00 1.118214011e-03 7.999997644e+00 2.356439982e-06
1.883767535e+04 4.641387752e+00 4.963849582e+00 2.022532107e-06 2.344681565e+00 4.344961911e+00 1.090124270e-03 7.999997718e+00 2.282095356e-06
1.887775551e+04 4.641389817e+00 4.968540053e+00 1.950182603e-06 2.344699158e+00 4.349967597e+00 1.062719912e-03 7.999997790e+00 2.210094917e-06
1.891783567e+04 4.641391880e+00 4.973229918e+00 1.880383555e-06 2.344716355e+00 4.354972358e+00 1.035984650e-03 7.999997860e+00 2.140363111e-06
1.895791583e+04 4.641393942e+00 4.977919177e+00 1.813046362e-06 2.344733164e+00 4.359976201e+00 1.009902672e-03 7.999997927e+00 2.072828549e-06
1.899799599e+04 4.641396002e+00 4.982607831e+00 1.748102438e-06 2.344749595e+00 4.364979131e+00 9.844591466e-04 7.999997993e+00 2.007432974e-06
1.903807615e+04 4.641398061e+00 4.987295878e+00 1.685456018e-06 2.344765657e+00 4.369981154e+00 9.596384924e-04 7.999998056e+00 1.944100999e-06
1.907815631e+04 4.641400119e+00 4.991983321e+00 1.625026165e-06 2.344781358e+00 4.374982275e+00 9.354259096e-04 7.999998117e+00 1.882767033e-06
1.911823647e+04 4.641402175e+00 4.996670158e+00 1.566734415e-06 2.344796706e+00 4.379982500e+00 9.118069248e-04 7.999998177e+00 1.823367356e-06
1.915831663e+04 4.641404230e+00 5.001356390e+00 1.510504633e-06 2.344811710e+00 4.384981834e+00 8.887673802e-04 7.999998234e+00 1.765840021e-06
1.919839679e+04 4.641406284e+00 5.006042017e+00 1.456262865e-06 2.344826378e+00 4.389980282e+00 8.662934247e-04 7.999998290e+00 1.710124755e-06
1.923847695e+04 4.641408337e+00 5.010727039e+00 1.403942893e-06 2.344840718e+00 4.394977849e+00 8.443717405e-04 7.999998344e+00 1.656166524e-06
1.927855711e+04 4.641410388e+00 5.015411457e+00 1.353485877e-06 2.344854736e+00 4.399974539e+00 8.229895250e-04 7.999998396e+00 1.603915296e-06
1.931863727e+04 4.641412439e+00 5.020095270e+00 1.304819312e-06 2.344868442e+00 4.404970359e+00 8.021336114e-04 7.999998447e+00 1.553312513e-06
1.935871743e+04 4.641414488e+00 5.024778478e+00 1.257880059e-06 2.344881841e+00 4.409965311e+00 7.817914233e-04 7.999998496e+00 1.504305890e-06
1.939879760e+04 4.641416536e+00 5.029461083e+00 1.212606958e-06 2.344894942e+00 4.414959402e+00 7.619506635e-04 7.999998543e+00 1.456844662e-06
1.943887776e+04 4.641418583e+00 5.034143083e+00 1.168940717e-06 2.344907752e+00 4.419952635e+00 7.425993059e-04 7.999998589e+00 1.410879502e-06
1.947895792e+04 4.641420629e+00 5.038824479e+00 1.126823798e-06 2.344920276e+00 4.424945015e+00 7.237255868e-04 7.999998634e+00 1.366362454e-06
1.951903808e+04 4.641422674e+00 5.043505272e+00 1.086206247e-06 2.344932523e+00 4.429936546e+00 7.053182974e-04 7.999998677e+00 1.323250699e-06
1.955911824e+04 4.641424718e+00 5.048185461e+00 1.047037796e-06 2.344944497e+00 4.434927232e+00 6.873663815e-04 7.999998718e+00 1.281501435e-06
1.959919840e+04 4.641426761e+00 5.052865046e+00 1.009264032e-06 2.344956207e+00 4.439917077e+00 6.698587385e-04 7.999998759e+00 1.241069386e-06
1.963927856e+04 4.641428803e+00 5.057544028e+00 9.728356518e-07 2.344967657e+00 4.444906085e+00 6.527846897e-04 7.999998798e+00 1.201912800e-06
1.967935872e+04 4.641430844e+00 5.062222407e+00 9.377048868e-07 2.344978855e+00 4.449894260e+00 6.361337943e-04 7.999998836e+00 1.163991126e-06
1.971943888e+04 4.641432885e+00 5.066900183e+00 9.038254088e-07 2.344989806e+00 4.454881606e+00 6.198958418e-04 7.999998873e+00 1.127264951e-06
1.975951904e+04 4.641434924e+00 5.071577355e+00 8.711522397e-07 2.345000516e+00 4.459868126e+00 6.040608449e-04 7.999998908e+00 1.091695931e-06
1.979959920e+04 4.641436963e+00 5.076253925e+00 8.396481337e-07 2.345010990e+00 4.464853824e+00 5.886193986e-04 7.999998943e+00 1.057251063e-06
1.983967936e+04 4.641439001e+00 5.080929892e+00 8.092709732e-07 2.345021235e+00 4.469838704e+00 5.735619646e-04 7.999998976e+00 1.023894250e-06
1.987975952e+04 4.641441038e+00 5.085605256e+00 7.799792710e-07 2.345031255e+00 4.474822769e+00 5.588791808e-04 7.999999008e+00 9.915899828e-07
1.991983968e+04 4.641443074e+00 5.090280019e+00 7.517343791e-07 2.345041056e+00 4.479806023e+00 5.445619840e-04 7.999999040e+00 9.603048107e-07
1.995991984e+04 4.641445109e+00 5.094954178e+00 7.244988069e-07 2.345050643e+00 4.484788468e+00 5.306015124e-04 7.999999070e+00 9.300062148e-07
2.000000000e+04 4.641447144e+00 5.099627736e+00 6.982361452e-07 2.345060022e+00 4.489770107e+00 5.169890996e-04 7.999999099e+00 9.006625556e-07
