time            Cj              Ck              Br              shCj            shCk            shBr            O1              O2             
0.000000000e+00 4.000000000e+00 1.000000000e-05 4.000000000e+00 3.000000000e-01 3.000000000e-01 4.000000000e+00 4.000000000e+00 4.000000000e+00
4.008016032e+01 3.627793099e+00 1.082614030e-02 3.972484261e+00 2.747917688e-01 2.781833487e-01 3.991460175e+00 4.032063441e+00 3.967936559e+00
8.016032064e+01 3.626149688e+00 3.423891105e-02 3.943793905e+00 2.787993559e-01 2.873286447e-01 3.982567614e+00 4.064122763e+00 3.935877237e+00
1.202404810e+02 3.626233705e+00 6.310259066e-02 3.915119662e+00 2.829685012e-01 2.968955490e-01 3.973481579e+00 4.096173846e+00 3.903826154e+00
1.603206413e+02 3.626792466e+00 9.346386919e-02 3.886431098e+00 2.872661442e-01 3.065324845e-01 3.964198500e+00 4.128212577e+00 3.871787423e+00
2.004008016e+02 3.627616376e+00 1.240911772e-01 3.857722793e+00 2.916916384e-01 3.162204518e-01 3.954717012e+00 4.160234849e+00 3.839765151e+00
2.404809619e+02 3.628660927e+00 1.546485419e-01 3.828996039e+00 2.962447944e-01 3.259597150e-01 3.945035902e+00 4.192236562e+00 3.807763438e+00
2.805611222e+02 3.629912713e+00 1.850490758e-01 3.800253861e+00 3.009254149e-01 3.357514983e-01 3.935154003e+00 4.224213629e+00 3.775786371e+00
3.206412826e+02 3.631365070e+00 2.152713775e-01 3.771499725e+00 3.057332926e-01 3.455970475e-01 3.925070194e+00 4.256161973e+00 3.743838027e+00
3.607214429e+02 3.633012955e+00 2.453109011e-01 3.742737208e+00 3.106682082e-01 3.554975821e-01 3.914783398e+00 4.288077533e+00 3.711922467e+00
4.008016032e+02 3.634851749e+00 2.751673768e-01 3.713969906e+00 3.157299304e-01 3.654542927e-01 3.904292587e+00 4.319956264e+00 3.680043736e+00
4.408817635e+02 3.636876970e+00 3.048415806e-01 3.685201422e+00 3.209182146e-01 3.754683403e-01 3.893596780e+00 4.351794142e+00 3.648205858e+00
4.809619238e+02 3.639084204e+00 3.343345606e-01 3.656435349e+00 3.262328022e-01 3.855408552e-01 3.882695049e+00 4.383587161e+00 3.616412839e+00
5.210420842e+02 3.641469079e+00 3.636473644e-01 3.627675274e+00 3.316734192e-01 3.956729364e-01 3.871586516e+00 4.415331339e+00 3.584668661e+00
5.611222445e+02 3.644027272e+00 3.927810533e-01 3.598924772e+00 3.372397757e-01 4.058656511e-01 3.860270359e+00 4.447022719e+00 3.552977281e+00
6.012024048e+02 3.646754496e+00 4.217366413e-01 3.570187408e+00 3.429315650e-01 4.161200336e-01 3.848745814e+00 4.478657371e+00 3.521342629e+00
6.412825651e+02 3.649646510e+00 4.505151126e-01 3.541466730e+00 3.487484625e-01 4.264370850e-01 3.837012172e+00 4.510231392e+00 3.489768608e+00
6.813627255e+02 3.652699112e+00 4.791174254e-01 3.512766273e+00 3.546901245e-01 4.368177718e-01 3.825068786e+00 4.541740912e+00 3.458259088e+00
7.214428858e+02 3.655908143e+00 5.075445097e-01 3.484089556e+00 3.607561879e-01 4.472630258e-01 3.812915070e+00 4.573182090e+00 3.426817910e+00
7.615230461e+02 3.659269490e+00 5.357972656e-01 3.455440077e+00 3.669462690e-01 4.577737432e-01 3.800550504e+00 4.604551122e+00 3.395448878e+00
8.016032064e+02 3.662779077e+00 5.638765651e-01 3.426821316e+00 3.732599622e-01 4.683507835e-01 3.787974630e+00 4.635844239e+00 3.364155761e+00
8.416833667e+02 3.666432877e+00 5.917832548e-01 3.398236729e+00 3.796968391e-01 4.789949687e-01 3.775187060e+00 4.667057711e+00 3.332942289e+00
8.817635271e+02 3.670226901e+00 6.195181541e-01 3.369689752e+00 3.862564489e-01 4.897070838e-01 3.762187475e+00 4.698187845e+00 3.301812155e+00
9.218436874e+02 3.674157208e+00 6.470820611e-01 3.341183796e+00 3.929383156e-01 5.004878742e-01 3.748975626e+00 4.729230991e+00 3.270769009e+00
9.619238477e+02 3.678219897e+00 6.744757487e-01 3.312722247e+00 3.997419393e-01 5.113380471e-01 3.735551336e+00 4.760183539e+00 3.239816461e+00
1.002004008e+03 3.682411115e+00 7.016999693e-01 3.284308462e+00 4.066667932e-01 5.222582687e-01 3.721914503e+00 4.791041926e+00 3.208958074e+00
1.042084168e+03 3.686727049e+00 7.287554544e-01 3.255945770e+00 4.137123235e-01 5.332491647e-01 3.708065102e+00 4.821802633e+00 3.178197367e+00
1.082164329e+03 3.691163934e+00 7.556429141e-01 3.227637473e+00 4.208779500e-01 5.443113199e-01 3.694003182e+00 4.852462188e+00 3.147537812e+00
1.122244489e+03 3.695718049e+00 7.823630430e-01 3.199386837e+00 4.281630610e-01 5.554452750e-01 3.679728880e+00 4.883017171e+00 3.116982829e+00
1.162324649e+03 3.700385717e+00 8.089165137e-01 3.171197100e+00 4.355670191e-01 5.666515306e-01 3.665242403e+00 4.913464208e+00 3.086535792e+00
1.202404810e+03 3.705163307e+00 8.353039868e-01 3.143071462e+00 4.430891529e-01 5.779305407e-01 3.650544050e+00 4.943799981e+00 3.056200019e+00
1.242484970e+03 3.710047232e+00 8.615261015e-01 3.115013093e+00 4.507287643e-01 5.892827186e-01 3.635634198e+00 4.974021218e+00 3.025978782e+00
1.282565130e+03 3.715033953e+00 8.875834851e-01 3.087025126e+00 4.584851216e-01 6.007084314e-01 3.620513308e+00 5.004124704e+00 2.995875296e+00
1.322645291e+03 3.720119974e+00 9.134767514e-01 3.059110655e+00 4.663574601e-01 6.122080001e-01 3.605181935e+00 5.034107282e+00 2.965892718e+00
1.362725451e+03 3.725301847e+00 9.392065015e-01 3.031272734e+00 4.743449816e-01 6.237816999e-01 3.589640717e+00 5.063965849e+00 2.936034151e+00
1.402805611e+03 3.730576168e+00 9.647733216e-01 3.003514383e+00 4.824468566e-01 6.354297614e-01 3.573890383e+00 5.093697358e+00 2.906302642e+00
1.442885772e+03 3.735939582e+00 9.901777919e-01 2.975838574e+00 4.906622168e-01 6.471523644e-01 3.557931758e+00 5.123298826e+00 2.876701174e+00
1.482965932e+03 3.741388778e+00 1.015420479e+00 2.948248242e+00 4.989901617e-01 6.589496437e-01 3.541765751e+00 5.152767324e+00 2.847232676e+00
1.523046092e+03 3.746920493e+00 1.040501939e+00 2.920746279e+00 5.074297542e-01 6.708216853e-01 3.525393371e+00 5.182099986e+00 2.817900014e+00
1.563126253e+03 3.752531509e+00 1.065422724e+00 2.893335533e+00 5.159800204e-01 6.827685260e-01 3.508815717e+00 5.211294006e+00 2.788705994e+00
1.603206413e+03 3.758218654e+00 1.090183371e+00 2.866018810e+00 5.246399540e-01 6.947901581e-01 3.492033984e+00 5.240346640e+00 2.759653360e+00
1.643286573e+03 3.763978803e+00 1.114784413e+00 2.838798868e+00 5.334085089e-01 7.068865219e-01 3.475049462e+00 5.269255206e+00 2.730744794e+00
1.683366733e+03 3.769808881e+00 1.139226380e+00 2.811678423e+00 5.422845975e-01 7.190575049e-01 3.457863539e+00 5.298017085e+00 2.701982915e+00
1.723446894e+03 3.775705859e+00 1.163509793e+00 2.784660140e+00 5.512670940e-01 7.313029449e-01 3.440477698e+00 5.326629723e+00 2.673370277e+00
1.763527054e+03 3.781666754e+00 1.187635170e+00 2.757746641e+00 5.603548373e-01 7.436226315e-01 3.422893524e+00 5.355090629e+00 2.644909371e+00
1.803607214e+03 3.787688618e+00 1.211603015e+00 2.730940496e+00 5.695466428e-01 7.560163174e-01 3.405112697e+00 5.383397380e+00 2.616602620e+00
1.843687375e+03 3.793768560e+00 1.235413835e+00 2.704244228e+00 5.788412761e-01 7.684836949e-01 3.387137001e+00 5.411547616e+00 2.588452384e+00
1.883767535e+03 3.799903752e+00 1.259068149e+00 2.677660309e+00 5.882374311e-01 7.810243807e-01 3.368968313e+00 5.439539045e+00 2.560460955e+00
1.923847695e+03 3.806091388e+00 1.282566454e+00 2.651191163e+00 5.977338071e-01 7.936379738e-01 3.350608616e+00 5.467369440e+00 2.532630560e+00
1.963927856e+03 3.812328721e+00 1.305909250e+00 2.624839160e+00 6.073290442e-01 8.063240101e-01 3.332059993e+00 5.495036644e+00 2.504963356e+00
2.004008016e+03 3.818613045e+00 1.329097040e+00 2.598606623e+00 6.170217467e-01 8.190819754e-01 3.313324619e+00 5.522538562e+00 2.477461438e+00
2.044088176e+03 3.824941702e+00 1.352130324e+00 2.572495823e+00 6.268104795e-01 8.319113062e-01 3.294404773e+00 5.549873168e+00 2.450126832e+00
2.084168337e+03 3.831312079e+00 1.375009601e+00 2.546508983e+00 6.366937695e-01 8.448113902e-01 3.275302827e+00 5.577038496e+00 2.422961504e+00
2.124248497e+03 3.837721614e+00 1.397735372e+00 2.520648263e+00 6.466700980e-01 8.577815583e-01 3.256021265e+00 5.604032662e+00 2.395967338e+00
2.164328657e+03 3.844167793e+00 1.420308139e+00 2.494915776e+00 6.567379082e-01 8.708210895e-01 3.236562670e+00 5.630853844e+00 2.369146156e+00
2.204408818e+03 3.850648140e+00 1.442728404e+00 2.469313580e+00 6.668956056e-01 8.839292195e-01 3.216929715e+00 5.657500287e+00 2.342499713e+00
2.244488978e+03 3.857160236e+00 1.464996676e+00 2.443843684e+00 6.771415561e-01 8.971051269e-01 3.197125174e+00 5.683970299e+00 2.316029701e+00
2.284569138e+03 3.863701696e+00 1.487113459e+00 2.418508042e+00 6.874740880e-01 9.103479475e-01 3.177151916e+00 5.710262260e+00 2.289737740e+00
2.324649299e+03 3.870270185e+00 1.509079265e+00 2.393308552e+00 6.978914898e-01 9.236567651e-01 3.157012906e+00 5.736374614e+00 2.263625386e+00
2.364729459e+03 3.876863416e+00 1.530894608e+00 2.368247062e+00 7.083920106e-01 9.370306128e-01 3.136711207e+00 5.762305876e+00 2.237694124e+00
2.404809619e+03 3.883479148e+00 1.552560005e+00 2.343325361e+00 7.189738631e-01 9.504684762e-01 3.116249975e+00 5.788054625e+00 2.211945375e+00
2.444889780e+03 3.890115180e+00 1.574075977e+00 2.318545188e+00 7.296352220e-01 9.639692930e-01 3.095632458e+00 5.813619506e+00 2.186380494e+00
2.484969940e+03 3.896769361e+00 1.595443052e+00 2.293908227e+00 7.403742261e-01 9.775319545e-01 3.074861995e+00 5.838999233e+00 2.161000767e+00
2.525050100e+03 3.903439581e+00 1.616661757e+00 2.269416106e+00 7.511889761e-01 9.911553032e-01 3.053942017e+00 5.864192583e+00 2.135807417e+00
2.565130261e+03 3.910123777e+00 1.637732631e+00 2.245070401e+00 7.620775395e-01 1.004838138e+00 3.032876040e+00 5.889198400e+00 2.110801600e+00
2.605210421e+03 3.916819929e+00 1.658656211e+00 2.220872633e+00 7.730379457e-01 1.018579210e+00 3.011667673e+00 5.914015592e+00 2.085984408e+00
2.645290581e+03 3.923526060e+00 1.679433046e+00 2.196824270e+00 7.840681940e-01 1.032377227e+00 2.990320601e+00 5.938643133e+00 2.061356867e+00
2.685370741e+03 3.930240239e+00 1.700063686e+00 2.172926725e+00 7.951662453e-01 1.046230853e+00 2.968838603e+00 5.963080060e+00 2.036919940e+00
2.725450902e+03 3.936960576e+00 1.720548689e+00 2.149181358e+00 8.063300337e-01 1.060138710e+00 2.947225525e+00 5.987325472e+00 2.012674528e+00
2.765531062e+03 3.943685224e+00 1.740888619e+00 2.125589475e+00 8.175574558e-01 1.074099375e+00 2.925485309e+00 6.011378536e+00 1.988621464e+00
2.805611222e+03 3.950412381e+00 1.761084047e+00 2.102152329e+00 8.288463841e-01 1.088111390e+00 2.903621954e+00 6.035238473e+00 1.964761527e+00
2.845691383e+03 3.957140285e+00 1.781135548e+00 2.078871120e+00 8.401946544e-01 1.102173251e+00 2.881639553e+00 6.058904574e+00 1.941095426e+00
2.885771543e+03 3.963867216e+00 1.801043707e+00 2.055746995e+00 8.516000815e-01 1.116283420e+00 2.859542250e+00 6.082376185e+00 1.917623815e+00
2.925851703e+03 3.970591497e+00 1.820809114e+00 2.032781048e+00 8.630604456e-01 1.130440318e+00 2.837334277e+00 6.105652716e+00 1.894347284e+00
2.965931864e+03 3.977311493e+00 1.840432365e+00 2.009974322e+00 8.745735030e-01 1.144642330e+00 2.815019925e+00 6.128733636e+00 1.871266364e+00
3.006012024e+03 3.984025606e+00 1.859914066e+00 1.987327807e+00 8.861369874e-01 1.158887808e+00 2.792603547e+00 6.151618471e+00 1.848381529e+00
3.046092184e+03 3.990732283e+00 1.879254827e+00 1.964842442e+00 8.977486070e-01 1.173175070e+00 2.770089557e+00 6.174306805e+00 1.825693195e+00
3.086172345e+03 3.997430008e+00 1.898455266e+00 1.942519116e+00 9.094060461e-01 1.187502398e+00 2.747482428e+00 6.196798282e+00 1.803201718e+00
3.126252505e+03 4.004117305e+00 1.917516011e+00 1.920358665e+00 9.211069710e-01 1.201868049e+00 2.724786684e+00 6.219092598e+00 1.780907402e+00
3.166332665e+03 4.010792739e+00 1.936437695e+00 1.898361877e+00 9.328490274e-01 1.216270247e+00 2.702006901e+00 6.241189506e+00 1.758810494e+00
3.206412826e+03 4.017454912e+00 1.955220958e+00 1.876529490e+00 9.446298417e-01 1.230707189e+00 2.679147707e+00 6.263088816e+00 1.736911184e+00
3.246492986e+03 4.024102464e+00 1.973866449e+00 1.854862192e+00 9.564470250e-01 1.245177043e+00 2.656213773e+00 6.284790388e+00 1.715209612e+00
3.286573146e+03 4.030734077e+00 1.992374822e+00 1.833360622e+00 9.682981688e-01 1.259677953e+00 2.633209810e+00 6.306294139e+00 1.693705861e+00
3.326653307e+03 4.037348466e+00 2.010746742e+00 1.812025373e+00 9.801808520e-01 1.274208036e+00 2.610140573e+00 6.327600034e+00 1.672399966e+00
3.366733467e+03 4.043944386e+00 2.028982877e+00 1.790856986e+00 9.920926418e-01 1.288765390e+00 2.587010849e+00 6.348708092e+00 1.651291908e+00
3.406813627e+03 4.050520625e+00 2.047083905e+00 1.769855960e+00 1.004031100e+00 1.303348096e+00 2.563825456e+00 6.369618381e+00 1.630381619e+00
3.446893788e+03 4.057076011e+00 2.065050510e+00 1.749022744e+00 1.015993773e+00 1.317954214e+00 2.540589243e+00 6.390331018e+00 1.609668982e+00
3.486973948e+03 4.063609409e+00 2.082883386e+00 1.728357743e+00 1.027978194e+00 1.332581776e+00 2.517307077e+00 6.410846169e+00 1.589153831e+00
3.527054108e+03 4.070119718e+00 2.100583234e+00 1.707861316e+00 1.039981888e+00 1.347228802e+00 2.493983852e+00 6.431164045e+00 1.568835955e+00
3.567134269e+03 4.076605866e+00 2.118150757e+00 1.687533776e+00 1.052002400e+00 1.361893314e+00 2.470624474e+00 6.451284905e+00 1.548715095e+00
3.607214429e+03 4.083066822e+00 2.135586670e+00 1.667375393e+00 1.064037251e+00 1.376573310e+00 2.447233869e+00 6.471209052e+00 1.528790948e+00
3.647294589e+03 4.089501586e+00 2.152891693e+00 1.647386395e+00 1.076083963e+00 1.391266773e+00 2.423816965e+00 6.490936835e+00 1.509063165e+00
3.687374749e+03 4.095909194e+00 2.170066555e+00 1.627566965e+00 1.088140060e+00 1.405971681e+00 2.400378699e+00 6.510468645e+00 1.489531355e+00
3.727454910e+03 4.102288714e+00 2.187111990e+00 1.607917244e+00 1.100203071e+00 1.420686009e+00 2.376924011e+00 6.529804916e+00 1.470195084e+00
3.767535070e+03 4.108639248e+00 2.204028739e+00 1.588437331e+00 1.112270526e+00 1.435407720e+00 2.353457838e+00 6.548946124e+00 1.451053876e+00
3.807615230e+03 4.114959924e+00 2.220817549e+00 1.569127287e+00 1.124339961e+00 1.450134776e+00 2.329985113e+00 6.567892783e+00 1.432107217e+00
3.847695391e+03 4.121249904e+00 2.237479174e+00 1.549987134e+00 1.136408919e+00 1.464865138e+00 2.306510760e+00 6.586645443e+00 1.413354557e+00
3.887775551e+03 4.127508380e+00 2.254014373e+00 1.531016856e+00 1.148474951e+00 1.479596765e+00 2.283039692e+00 6.605204693e+00 1.394795307e+00
3.927855711e+03 4.133734579e+00 2.270423914e+00 1.512216391e+00 1.160535621e+00 1.494327617e+00 2.259576800e+00 6.623571166e+00 1.376428834e+00
3.967935872e+03 4.139927743e+00 2.286708567e+00 1.493585660e+00 1.172588497e+00 1.509055658e+00 2.236126967e+00 6.641745511e+00 1.358254489e+00
4.008016032e+03 4.146087160e+00 2.302869111e+00 1.475124524e+00 1.184631169e+00 1.523778855e+00 2.212695045e+00 6.659728434e+00 1.340271566e+00
4.048096192e+03 4.152212143e+00 2.318906331e+00 1.456832811e+00 1.196661239e+00 1.538495181e+00 2.189285857e+00 6.677520671e+00 1.322479329e+00
4.088176353e+03 4.158302041e+00 2.334821016e+00 1.438710310e+00 1.208676328e+00 1.553202619e+00 2.165904199e+00 6.695122997e+00 1.304877003e+00
4.128256513e+03 4.164356219e+00 2.350613962e+00 1.420756782e+00 1.220674074e+00 1.567899160e+00 2.142554832e+00 6.712536207e+00 1.287463793e+00
4.168336673e+03 4.170374075e+00 2.366285969e+00 1.402971952e+00 1.232652134e+00 1.582582807e+00 2.119242480e+00 6.729761134e+00 1.270238866e+00
4.208416834e+03 4.176355031e+00 2.381837841e+00 1.385355517e+00 1.244608187e+00 1.597251575e+00 2.095971828e+00 6.746798636e+00 1.253201364e+00
4.248496994e+03 4.182298535e+00 2.397270389e+00 1.367907136e+00 1.256539937e+00 1.611903496e+00 2.072747512e+00 6.763649599e+00 1.236350401e+00
4.288577154e+03 4.188204060e+00 2.412584427e+00 1.350626441e+00 1.268445104e+00 1.626536611e+00 2.049574132e+00 6.780314941e+00 1.219685059e+00
4.328657315e+03 4.194071107e+00 2.427780773e+00 1.333513029e+00 1.280321446e+00 1.641148987e+00 2.026456224e+00 6.796795603e+00 1.203204397e+00
4.368737475e+03 4.199899202e+00 2.442860251e+00 1.316566468e+00 1.292166736e+00 1.655738700e+00 2.003398288e+00 6.813092557e+00 1.186907443e+00
4.408817635e+03 4.205687893e+00 2.457823689e+00 1.299786296e+00 1.303978784e+00 1.670303856e+00 1.980404749e+00 6.829206797e+00 1.170793203e+00
4.448897796e+03 4.211436756e+00 2.472671918e+00 1.283172020e+00 1.315755424e+00 1.684842571e+00 1.957479993e+00 6.845139344e+00 1.154860656e+00
4.488977956e+03 4.217145385e+00 2.487405772e+00 1.266723123e+00 1.327494527e+00 1.699352998e+00 1.934628324e+00 6.860891238e+00 1.139108762e+00
4.529058116e+03 4.222813403e+00 2.502026092e+00 1.250439055e+00 1.339193989e+00 1.713833299e+00 1.911854002e+00 6.876463549e+00 1.123536451e+00
4.569138277e+03 4.228440451e+00 2.516533717e+00 1.234319246e+00 1.350851747e+00 1.728281675e+00 1.889161200e+00 6.891857359e+00 1.108142641e+00
4.609218437e+03 4.234026194e+00 2.530929495e+00 1.218363094e+00 1.362465765e+00 1.742696343e+00 1.866554041e+00 6.907073779e+00 1.092926221e+00
4.649298597e+03 4.239570317e+00 2.545214272e+00 1.202569977e+00 1.374034050e+00 1.757075554e+00 1.844036560e+00 6.922113934e+00 1.077886066e+00
4.689378758e+03 4.245072528e+00 2.559388900e+00 1.186939244e+00 1.385554637e+00 1.771417584e+00 1.821612731e+00 6.936978970e+00 1.063021030e+00
4.729458918e+03 4.250532553e+00 2.573454231e+00 1.171470222e+00 1.397025605e+00 1.785720741e+00 1.799286448e+00 6.951670053e+00 1.048329947e+00
4.769539078e+03 4.255950141e+00 2.587411121e+00 1.156162216e+00 1.408445070e+00 1.799983365e+00 1.777061521e+00 6.966188362e+00 1.033811638e+00
4.809619238e+03 4.261325058e+00 2.601260429e+00 1.141014510e+00 1.419811188e+00 1.814203825e+00 1.754941686e+00 6.980535093e+00 1.019464907e+00
4.849699399e+03 4.266657091e+00 2.615003013e+00 1.126026363e+00 1.431122155e+00 1.828380525e+00 1.732930594e+00 6.994711461e+00 1.005288539e+00
4.889779559e+03 4.271946042e+00 2.628639734e+00 1.111197017e+00 1.442376209e+00 1.842511906e+00 1.711031807e+00 7.008718689e+00 9.912813110e-01
4.929859719e+03 4.277191736e+00 2.642171456e+00 1.096525690e+00 1.453571628e+00 1.856596437e+00 1.689248815e+00 7.022558020e+00 9.774419797e-01
4.969939880e+03 4.282394014e+00 2.655599042e+00 1.082011584e+00 1.464706734e+00 1.870632628e+00 1.667585007e+00 7.036230707e+00 9.637692926e-01
5.010020040e+03 4.287552732e+00 2.668923359e+00 1.067653880e+00 1.475779891e+00 1.884619020e+00 1.646043696e+00 7.049738017e+00 9.502619830e-01
5.050100200e+03 4.292667768e+00 2.682145272e+00 1.053451740e+00 1.486789507e+00 1.898554195e+00 1.624628101e+00 7.063081228e+00 9.369187725e-01
5.090180361e+03 4.297739012e+00 2.695265649e+00 1.039404310e+00 1.497734032e+00 1.912436768e+00 1.603341351e+00 7.076261628e+00 9.237383723e-01
5.130260521e+03 4.302766371e+00 2.708285357e+00 1.025510720e+00 1.508611964e+00 1.926265394e+00 1.582186485e+00 7.089280516e+00 9.107194836e-01
5.170340681e+03 4.307749771e+00 2.721205265e+00 1.011770081e+00 1.519421843e+00 1.940038767e+00 1.561166449e+00 7.102139202e+00 8.978607977e-01
5.210420842e+03 4.312689148e+00 2.734026241e+00 9.981814917e-01 1.530162257e+00 1.953755619e+00 1.540284097e+00 7.114839002e+00 8.851609979e-01
5.250501002e+03 4.317584457e+00 2.746749153e+00 9.847440334e-01 1.540831839e+00 1.967414721e+00 1.519542186e+00 7.127381241e+00 8.726187593e-01
5.290581162e+03 4.322435665e+00 2.759374869e+00 9.714567750e-01 1.551429268e+00 1.981014887e+00 1.498943377e+00 7.139767250e+00 8.602327502e-01
5.330661323e+03 4.327242754e+00 2.771904257e+00 9.583187701e-01 1.561953267e+00 1.994554963e+00 1.478490248e+00 7.151998369e+00 8.480016305e-01
5.370741483e+03 4.332005719e+00 2.784338185e+00 9.453290610e-01 1.572402610e+00 2.008033844e+00 1.458185266e+00 7.164075944e+00 8.359240563e-01
5.410821643e+03 4.336724569e+00 2.796677518e+00 9.324866774e-01 1.582776116e+00 2.021450464e+00 1.438030808e+00 7.176001322e+00 8.239986779e-01
5.450901804e+03 4.341399324e+00 2.808923123e+00 9.197906360e-01 1.593072649e+00 2.034803794e+00 1.418029159e+00 7.187775860e+00 8.122241398e-01
5.490981964e+03 4.346030020e+00 2.821075864e+00 9.072399427e-01 1.603291119e+00 2.048092846e+00 1.398182510e+00 7.199400918e+00 8.005990821e-01
5.531062124e+03 4.350616701e+00 2.833136604e+00 8.948335936e-01 1.613430487e+00 2.061316677e+00 1.378492947e+00 7.210877857e+00 7.891221431e-01
5.571142285e+03 4.355159424e+00 2.845106206e+00 8.825705742e-01 1.623489758e+00 2.074474382e+00 1.358962464e+00 7.222208043e+00 7.777919569e-01
5.611222445e+03 4.359658260e+00 2.856985529e+00 8.704498593e-01 1.633467978e+00 2.087565093e+00 1.339592971e+00 7.233392846e+00 7.666071537e-01
5.651302605e+03 4.364113288e+00 2.868775433e+00 8.584704161e-01 1.643364248e+00 2.100587990e+00 1.320386269e+00 7.244433636e+00 7.555663639e-01
5.691382766e+03 4.368524598e+00 2.880476774e+00 8.466312032e-01 1.653177712e+00 2.113542290e+00 1.301344068e+00 7.255331784e+00 7.446682158e-01
5.731462926e+03 4.372892292e+00 2.892090408e+00 8.349311701e-01 1.662907555e+00 2.126427249e+00 1.282467993e+00 7.266088664e+00 7.339113355e-01
5.771543086e+03 4.377216480e+00 2.903617187e+00 8.233692598e-01 1.672553013e+00 2.139242164e+00 1.263759567e+00 7.276705650e+00 7.232943499e-01
5.811623246e+03 4.381497282e+00 2.915057961e+00 8.119444084e-01 1.682113366e+00 2.151986375e+00 1.245220220e+00 7.287184114e+00 7.128158858e-01
5.851703407e+03 4.385734830e+00 2.926413579e+00 8.006555449e-01 1.691587939e+00 2.164659259e+00 1.226851296e+00 7.297525430e+00 7.024745700e-01
5.891783567e+03 4.389929261e+00 2.937684885e+00 7.895015927e-01 1.700976097e+00 2.177260230e+00 1.208654047e+00 7.307730970e+00 6.922690299e-01
5.931863727e+03 4.394080722e+00 2.948872723e+00 7.784814699e-01 1.710277255e+00 2.189788748e+00 1.190629629e+00 7.317802104e+00 6.821978956e-01
5.971943888e+03 4.398189370e+00 2.959977931e+00 7.675940895e-01 1.719490871e+00 2.202244308e+00 1.172779114e+00 7.327740202e+00 6.722597981e-01
6.012024048e+03 4.402255369e+00 2.971001348e+00 7.568383590e-01 1.728616439e+00 2.214626439e+00 1.155103489e+00 7.337546630e+00 6.624533697e-01
6.052104208e+03 4.406278890e+00 2.981943805e+00 7.462131832e-01 1.737653504e+00 2.226934716e+00 1.137603648e+00 7.347222753e+00 6.527772471e-01
6.092184369e+03 4.410260112e+00 2.992806134e+00 7.357174627e-01 1.746601650e+00 2.239168748e+00 1.120280399e+00 7.356769931e+00 6.432300695e-01
6.132264529e+03 4.414199222e+00 3.003589162e+00 7.253500941e-01 1.755460500e+00 2.251328179e+00 1.103134473e+00 7.366189522e+00 6.338104780e-01
6.172344689e+03 4.418096413e+00 3.014293712e+00 7.151099716e-01 1.764229719e+00 2.263412691e+00 1.086166512e+00 7.375482881e+00 6.245171189e-01
6.212424850e+03 4.421951884e+00 3.024920603e+00 7.049959875e-01 1.772909014e+00 2.275422005e+00 1.069377076e+00 7.384651358e+00 6.153486424e-01
6.252505010e+03 4.425765841e+00 3.035470653e+00 6.950070313e-01 1.781498129e+00 2.287355872e+00 1.052766645e+00 7.393696297e+00 6.063037026e-01
6.292585170e+03 4.429538498e+00 3.045944673e+00 6.851419906e-01 1.789996848e+00 2.299214080e+00 1.036335625e+00 7.402619042e+00 5.973809580e-01
6.332665331e+03 4.433270072e+00 3.056343471e+00 6.753997524e-01 1.798404993e+00 2.310996453e+00 1.020084338e+00 7.411420927e+00 5.885790730e-01
6.372745491e+03 4.436960786e+00 3.066667853e+00 6.657792026e-01 1.806722424e+00 2.322702848e+00 1.004013030e+00 7.420103283e+00 5.798967172e-01
6.412825651e+03 4.440610871e+00 3.076918618e+00 6.562792257e-01 1.814949035e+00 2.334333151e+00 9.881218804e-01 7.428667436e+00 5.713325644e-01
6.452905812e+03 4.444220560e+00 3.087096562e+00 6.468987068e-01 1.823084758e+00 2.345887285e+00 9.724109873e-01 7.437114704e+00 5.628852959e-01
6.492985972e+03 4.447790092e+00 3.097202476e+00 6.376365311e-01 1.831129561e+00 2.357365203e+00 9.568803794e-01 7.445446401e+00 5.545535990e-01
6.533066132e+03 4.451319710e+00 3.107237149e+00 6.284915835e-01 1.839083443e+00 2.368766889e+00 9.415300185e-01 7.453663834e+00 5.463361662e-01
6.573146293e+03 4.454809664e+00 3.117201363e+00 6.194627500e-01 1.846946441e+00 2.380092356e+00 9.263597965e-01 7.461768302e+00 5.382316975e-01
6.613226453e+03 4.458260206e+00 3.127095895e+00 6.105489180e-01 1.854718621e+00 2.391341648e+00 9.113695376e-01 7.469761100e+00 5.302389000e-01
6.653306613e+03 4.461671591e+00 3.136921521e+00 6.017489760e-01 1.862400083e+00 2.402514838e+00 8.965590024e-01 7.477643513e+00 5.223564874e-01
6.693386774e+03 4.465044079e+00 3.146679007e+00 5.930618133e-01 1.869990957e+00 2.413612026e+00 8.819278901e-01 7.485416820e+00 5.145831804e-01
6.733466934e+03 4.468377935e+00 3.156369119e+00 5.844863224e-01 1.877491405e+00 2.424633339e+00 8.674758355e-01 7.493082292e+00 5.069177079e-01
6.773547094e+03 4.471673425e+00 3.165992616e+00 5.760213977e-01 1.884901617e+00 2.435578933e+00 8.532024144e-01 7.500641193e+00 4.993588068e-01
6.813627255e+03 4.474930820e+00 3.175550251e+00 5.676659348e-01 1.892221813e+00 2.446448987e+00 8.391071471e-01 7.508094780e+00 4.919052202e-01
6.853707415e+03 4.478150393e+00 3.185042775e+00 5.594188336e-01 1.899452239e+00 2.457243707e+00 8.251894948e-01 7.515444299e+00 4.845557009e-01
6.893787575e+03 4.481332419e+00 3.194470930e+00 5.512789965e-01 1.906593170e+00 2.467963323e+00 8.114488649e-01 7.522690990e+00 4.773090098e-01
6.933867735e+03 4.484477178e+00 3.203835457e+00 5.432453284e-01 1.913644907e+00 2.478608088e+00 7.978846126e-01 7.529836085e+00 4.701639152e-01
6.973947896e+03 4.487584950e+00 3.213137089e+00 5.353167382e-01 1.920607775e+00 2.489178279e+00 7.844960419e-01 7.536880806e+00 4.631191945e-01
7.014028056e+03 4.490656019e+00 3.222376554e+00 5.274921387e-01 1.927482126e+00 2.499674194e+00 7.712824068e-01 7.543826366e+00 4.561736341e-01
7.054108216e+03 4.493690669e+00 3.231554577e+00 5.197704462e-01 1.934268334e+00 2.510096153e+00 7.582429140e-01 7.550673971e+00 4.493260289e-01
7.094188377e+03 4.496689190e+00 3.240671875e+00 5.121505806e-01 1.940966796e+00 2.520444496e+00 7.453767241e-01 7.557424818e+00 4.425751821e-01
7.134268537e+03 4.499651869e+00 3.249729160e+00 5.046314670e-01 1.947577932e+00 2.530719585e+00 7.326829536e-01 7.564080093e+00 4.359199071e-01
7.174348697e+03 4.502578997e+00 3.258727141e+00 4.972120349e-01 1.954102182e+00 2.540921799e+00 7.201606761e-01 7.570640974e+00 4.293590260e-01
7.214428858e+03 4.505470868e+00 3.267666519e+00 4.898912169e-01 1.960540010e+00 2.551051535e+00 7.078089234e-01 7.577108631e+00 4.228913691e-01
7.254509018e+03 4.508327775e+00 3.276547990e+00 4.826679524e-01 1.966891896e+00 2.561109211e+00 6.956266893e-01 7.583484223e+00 4.165157775e-01
7.294589178e+03 4.511150011e+00 3.285372246e+00 4.755411853e-01 1.973158340e+00 2.571095259e+00 6.836129296e-01 7.589768898e+00 4.102311016e-01
7.334669339e+03 4.513937874e+00 3.294139971e+00 4.685098649e-01 1.979339861e+00 2.581010127e+00 6.717665641e-01 7.595963799e+00 4.040362014e-01
7.374749499e+03 4.516691661e+00 3.302851846e+00 4.615729441e-01 1.985436996e+00 2.590854282e+00 6.600864759e-01 7.602070055e+00 3.979299449e-01
7.414829659e+03 4.519411669e+00 3.311508544e+00 4.547293831e-01 1.991450298e+00 2.600628204e+00 6.485715173e-01 7.608088789e+00 3.919112112e-01
7.454909820e+03 4.522098196e+00 3.320110735e+00 4.479781477e-01 1.997380334e+00 2.610332385e+00 6.372205096e-01 7.614021110e+00 3.859788897e-01
7.494989980e+03 4.524751541e+00 3.328659080e+00 4.413182097e-01 2.003227689e+00 2.619967333e+00 6.260322442e-01 7.619868121e+00 3.801318791e-01
7.535070140e+03 4.527372004e+00 3.337154238e+00 4.347485450e-01 2.008992962e+00 2.629533570e+00 6.150054808e-01 7.625630913e+00 3.743690866e-01
7.575150301e+03 4.529959884e+00 3.345596860e+00 4.282681366e-01 2.014676765e+00 2.639031628e+00 6.041389543e-01 7.631310570e+00 3.686894304e-01
7.615230461e+03 4.532515482e+00 3.353987592e+00 4.218759745e-01 2.020279722e+00 2.648462050e+00 5.934313761e-01 7.636908161e+00 3.630918391e-01
7.655310621e+03 4.535039098e+00 3.362327074e+00 4.155710548e-01 2.025802472e+00 2.657825392e+00 5.828814329e-01 7.642424749e+00 3.575752512e-01
7.695390782e+03 4.537531031e+00 3.370615940e+00 4.093523787e-01 2.031245664e+00 2.667122220e+00 5.724877853e-01 7.647861386e+00 3.521386141e-01
7.735470942e+03 4.539991582e+00 3.378854820e+00 4.032189541e-01 2.036609959e+00 2.676353110e+00 5.622490737e-01 7.653219115e+00 3.467808853e-01
7.775551102e+03 4.542421050e+00 3.387044336e+00 3.971697970e-01 2.041896029e+00 2.685518646e+00 5.521639219e-01 7.658498966e+00 3.415010337e-01
7.815631263e+03 4.544819736e+00 3.395185106e+00 3.912039292e-01 2.047104552e+00 2.694619420e+00 5.422309343e-01 7.663701962e+00 3.362980375e-01
7.855711423e+03 4.547187938e+00 3.403277741e+00 3.853203792e-01 2.052236218e+00 2.703656034e+00 5.324486949e-01 7.668829115e+00 3.311708848e-01
7.895791583e+03 4.549525955e+00 3.411322847e+00 3.795181815e-01 2.057291727e+00 2.712629095e+00 5.228157700e-01 7.673881427e+00 3.261185731e-01
7.935871743e+03 4.551834086e+00 3.419321025e+00 3.737963793e-01 2.062271782e+00 2.721539218e+00 5.133307171e-01 7.678859889e+00 3.211401114e-01
7.975951904e+03 4.554112628e+00 3.427272868e+00 3.681540221e-01 2.067177096e+00 2.730387023e+00 5.039920784e-01 7.683765482e+00 3.162345183e-01
8.016032064e+03 4.556361877e+00 3.435178966e+00 3.625901664e-01 2.072008388e+00 2.739173137e+00 4.947983819e-01 7.688599178e+00 3.114008222e-01
8.056112224e+03 4.558582132e+00 3.443039901e+00 3.571038749e-01 2.076766392e+00 2.747898199e+00 4.857481405e-01 7.693361939e+00 3.066380609e-01
8.096192385e+03 4.560773686e+00 3.450856250e+00 3.516942193e-01 2.081451837e+00 2.756562843e+00 4.768398645e-01 7.698054716e+00 3.019452837e-01
8.136272545e+03 4.562936834e+00 3.458628586e+00 3.463602779e-01 2.086065459e+00 2.765167712e+00 4.680720530e-01 7.702678451e+00 2.973215492e-01
8.176352705e+03 4.565071870e+00 3.466357473e+00 3.411011364e-01 2.090608001e+00 2.773713451e+00 4.594431965e-01 7.707234074e+00 2.927659264e-01
8.216432866e+03 4.567179086e+00 3.474043472e+00 3.359158869e-01 2.095080204e+00 2.782200706e+00 4.509517728e-01 7.711722507e+00 2.882774932e-01
8.256513026e+03 4.569258774e+00 3.481687138e+00 3.308036302e-01 2.099482817e+00 2.790630128e+00 4.425962604e-01 7.716144661e+00 2.838553386e-01
8.296593186e+03 4.571311223e+00 3.489289019e+00 3.257634740e-01 2.103816589e+00 2.799002366e+00 4.343751309e-01 7.720501439e+00 2.794985611e-01
8.336673347e+03 4.573336723e+00 3.496849659e+00 3.207945334e-01 2.108082280e+00 2.807318084e+00 4.262868493e-01 7.724793731e+00 2.752062689e-01
8.376753507e+03 4.575335561e+00 3.504369594e+00 3.158959312e-01 2.112280647e+00 2.815577937e+00 4.183298790e-01 7.729022420e+00 2.709775805e-01
8.416833667e+03 4.577308025e+00 3.511849358e+00 3.110667977e-01 2.116412449e+00 2.823782586e+00 4.105026815e-01 7.733188376e+00 2.668116238e-01
8.456913828e+03 4.579254398e+00 3.519289475e+00 3.063062709e-01 2.120478446e+00 2.831932689e+00 4.028037154e-01 7.737292463e+00 2.627075369e-01
8.496993988e+03 4.581174965e+00 3.526690468e+00 3.016134962e-01 2.124479400e+00 2.840028910e+00 3.952314386e-01 7.741335533e+00 2.586644672e-01
8.537074148e+03 4.583070008e+00 3.534052852e+00 2.969876269e-01 2.128416076e+00 2.848071911e+00 3.877843106e-01 7.745318428e+00 2.546815722e-01
8.577154309e+03 4.584939808e+00 3.541377135e+00 2.924278238e-01 2.132289236e+00 2.856062352e+00 3.804607911e-01 7.749241981e+00 2.507580190e-01
8.617234469e+03 4.586784644e+00 3.548663823e+00 2.879332553e-01 2.136099634e+00 2.864000888e+00 3.732593388e-01 7.753107016e+00 2.468929841e-01
8.657314629e+03 4.588604793e+00 3.555913413e+00 2.835030976e-01 2.139848031e+00 2.871888178e+00 3.661784185e-01 7.756914346e+00 2.430856538e-01
8.697394790e+03 4.590400531e+00 3.563126400e+00 2.791365348e-01 2.143535184e+00 2.879724878e+00 3.592164973e-01 7.760664776e+00 2.393352239e-01
8.737474950e+03 4.592172132e+00 3.570303272e+00 2.748327580e-01 2.147161858e+00 2.887511649e+00 3.523720422e-01 7.764359101e+00 2.356408993e-01
8.777555110e+03 4.593919869e+00 3.577444510e+00 2.705909666e-01 2.150728811e+00 2.895249144e+00 3.456435281e-01 7.767998105e+00 2.320018948e-01
8.817635271e+03 4.595644014e+00 3.584550591e+00 2.664103676e-01 2.154236796e+00 2.902938016e+00 3.390294345e-01 7.771582566e+00 2.284174342e-01
8.857715431e+03 4.597344834e+00 3.591621989e+00 2.622901754e-01 2.157686567e+00 2.910578916e+00 3.325282447e-01 7.775113249e+00 2.248867508e-01
8.897795591e+03 4.599022598e+00 3.598659168e+00 2.582296122e-01 2.161078877e+00 2.918172492e+00 3.261384472e-01 7.778590913e+00 2.214090869e-01
8.937875752e+03 4.600677570e+00 3.605662590e+00 2.542279081e-01 2.164414474e+00 2.925719390e+00 3.198585394e-01 7.782016306e+00 2.179836941e-01
8.977955912e+03 4.602310015e+00 3.612632712e+00 2.502843004e-01 2.167694103e+00 2.933220253e+00 3.136870248e-01 7.785390167e+00 2.146098331e-01
9.018036072e+03 4.603920195e+00 3.619569983e+00 2.463980344e-01 2.170918503e+00 2.940675716e+00 3.076224125e-01 7.788713226e+00 2.112867735e-01
9.058116232e+03 4.605508368e+00 3.626474849e+00 2.425683628e-01 2.174088409e+00 2.948086415e+00 3.016632219e-01 7.791986206e+00 2.080137940e-01
9.098196393e+03 4.607074793e+00 3.633347752e+00 2.387945461e-01 2.177204554e+00 2.955452978e+00 2.958079805e-01 7.795209818e+00 2.047901822e-01
9.138276553e+03 4.608619727e+00 3.640189125e+00 2.350758522e-01 2.180267673e+00 2.962776039e+00 2.900552231e-01 7.798384766e+00 2.016152344e-01
9.178356713e+03 4.610143423e+00 3.646999400e+00 2.314115568e-01 2.183278495e+00 2.970056221e+00 2.844034949e-01 7.801511744e+00 1.984882559e-01
9.218436874e+03 4.611646134e+00 3.653779001e+00 2.278009428e-01 2.186237743e+00 2.977294146e+00 2.788513507e-01 7.804591440e+00 1.954085604e-01
9.258517034e+03 4.613128110e+00 3.660528348e+00 2.242433010e-01 2.189146131e+00 2.984490426e+00 2.733973540e-01 7.807624530e+00 1.923754704e-01
9.298597194e+03 4.614589599e+00 3.667247857e+00 2.207379293e-01 2.192004374e+00 2.991645671e+00 2.680400798e-01 7.810611683e+00 1.893883169e-01
9.338677355e+03 4.616030847e+00 3.673937937e+00 2.172841335e-01 2.194813178e+00 2.998760489e+00 2.627781133e-01 7.813553560e+00 1.864464395e-01
9.378757515e+03 4.617452099e+00 3.680598995e+00 2.138812264e-01 2.197573249e+00 3.005835483e+00 2.576100500e-01 7.816450814e+00 1.835491861e-01
9.418837675e+03 4.618853596e+00 3.687231430e+00 2.105285284e-01 2.200285282e+00 3.012871248e+00 2.525344976e-01 7.819304087e+00 1.806959129e-01
9.458917836e+03 4.620235580e+00 3.693835638e+00 2.072253675e-01 2.202949971e+00 3.019868377e+00 2.475500745e-01 7.822114016e+00 1.778859845e-01
9.498997996e+03 4.621598287e+00 3.700412010e+00 2.039710786e-01 2.205568005e+00 3.026827456e+00 2.426554109e-01 7.824881227e+00 1.751187735e-01
9.539078156e+03 4.622941954e+00 3.706960932e+00 2.007650041e-01 2.208140064e+00 3.033749066e+00 2.378491493e-01 7.827606339e+00 1.723936607e-01
9.579158317e+03 4.624266815e+00 3.713482785e+00 1.976064939e-01 2.210666824e+00 3.040633784e+00 2.331299438e-01 7.830289965e+00 1.697100351e-01
9.619238477e+03 4.625573101e+00 3.719977946e+00 1.944949046e-01 2.213148956e+00 3.047482180e+00 2.284964612e-01 7.832932706e+00 1.670672935e-01
9.659318637e+03 4.626861044e+00 3.726446787e+00 1.914296006e-01 2.215587125e+00 3.054294818e+00 2.239473809e-01 7.835535159e+00 1.644648405e-01
9.699398798e+03 4.628130870e+00 3.732889675e+00 1.884099529e-01 2.217981988e+00 3.061072259e+00 2.194813945e-01 7.838097911e+00 1.619020888e-01
9.739478958e+03 4.629382805e+00 3.739306973e+00 1.854353399e-01 2.220334198e+00 3.067815056e+00 2.150972069e-01 7.840621542e+00 1.593784585e-01
9.779559118e+03 4.630617072e+00 3.745699040e+00 1.825051470e-01 2.222644402e+00 3.074523759e+00 2.107935361e-01 7.843106622e+00 1.568933776e-01
9.819639279e+03 4.631833894e+00 3.752066228e+00 1.796187667e-01 2.224913240e+00 3.081198908e+00 2.065691125e-01 7.845553718e+00 1.544462816e-01
9.859719439e+03 4.633033490e+00 3.758408889e+00 1.767755983e-01 2.227141344e+00 3.087841041e+00 2.024226805e-01 7.847963386e+00 1.520366136e-01
9.899799599e+03 4.634216077e+00 3.764727366e+00 1.739750482e-01 2.229329344e+00 3.094450689e+00 1.983529980e-01 7.850336176e+00 1.496638240e-01
9.939879760e+03 4.635381870e+00 3.771022000e+00 1.712165296e-01 2.231477859e+00 3.101028376e+00 1.943588350e-01 7.852672629e+00 1.473273706e-01
9.979959920e+03 4.636531082e+00 3.777293127e+00 1.684994625e-01 2.233587504e+00 3.107574622e+00 1.904389768e-01 7.854973281e+00 1.450267186e-01
1.002004008e+04 4.637663926e+00 3.783541080e+00 1.658232739e-01 2.235658887e+00 3.114089940e+00 1.865922216e-01 7.857238660e+00 1.427613402e-01
1.006012024e+04 4.638780608e+00 3.789766186e+00 1.631873973e-01 2.237692611e+00 3.120574835e+00 1.828173805e-01 7.859469285e+00 1.405307149e-01
1.010020040e+04 4.639881338e+00 3.795968769e+00 1.605912730e-01 2.239689269e+00 3.127029809e+00 1.791132795e-01 7.861665671e+00 1.383343292e-01
1.014028056e+04 4.640966319e+00 3.802149148e+00 1.580343479e-01 2.241649450e+00 3.133455355e+00 1.754787580e-01 7.863828324e+00 1.361716765e-01
1.018036072e+04 4.642035754e+00 3.808307638e+00 1.555160757e-01 2.243573735e+00 3.139851964e+00 1.719126687e-01 7.865957743e+00 1.340422572e-01
1.022044088e+04 4.643089845e+00 3.814444551e+00 1.530359164e-01 2.245462701e+00 3.146220119e+00 1.684138785e-01 7.868054421e+00 1.319455785e-01
1.026052104e+04 4.644128789e+00 3.820560193e+00 1.505933365e-01 2.247316914e+00 3.152560295e+00 1.649812684e-01 7.870118846e+00 1.298811545e-01
1.030060120e+04 4.645152784e+00 3.826654868e+00 1.481878092e-01 2.249136938e+00 3.158872964e+00 1.616137328e-01 7.872151494e+00 1.278485056e-01
1.034068136e+04 4.646162024e+00 3.832728875e+00 1.458188137e-01 2.250923327e+00 3.165158588e+00 1.583101799e-01 7.874152841e+00 1.258471591e-01
1.038076152e+04 4.647156702e+00 3.838782508e+00 1.434858361e-01 2.252676629e+00 3.171417627e+00 1.550695323e-01 7.876123351e+00 1.238766488e-01
1.042084168e+04 4.648137009e+00 3.844816060e+00 1.411883682e-01 2.254397386e+00 3.177650532e+00 1.518907259e-01 7.878063485e+00 1.219365149e-01
1.046092184e+04 4.649103132e+00 3.850829818e+00 1.389259083e-01 2.256086132e+00 3.183857751e+00 1.487727102e-01 7.879973696e+00 1.200263039e-01
1.050100200e+04 4.650055258e+00 3.856824065e+00 1.366979611e-01 2.257743397e+00 3.190039724e+00 1.457144490e-01 7.881854431e+00 1.181455688e-01
1.054108216e+04 4.650993572e+00 3.862799082e+00 1.345040370e-01 2.259369700e+00 3.196196884e+00 1.427149197e-01 7.883706131e+00 1.162938687e-01
1.058116232e+04 4.651918257e+00 3.868755144e+00 1.323436528e-01 2.260965559e+00 3.202329661e+00 1.397731128e-01 7.885529231e+00 1.144707689e-01
1.062124248e+04 4.652829493e+00 3.874692524e+00 1.302163313e-01 2.262531482e+00 3.208438476e+00 1.368880332e-01 7.887324159e+00 1.126758408e-01
1.066132265e+04 4.653727459e+00 3.880611491e+00 1.281216010e-01 2.264067970e+00 3.214523747e+00 1.340586992e-01 7.889091338e+00 1.109086616e-01
1.070140281e+04 4.654612331e+00 3.886512310e+00 1.260589967e-01 2.265575519e+00 3.220585883e+00 1.312841421e-01 7.890831185e+00 1.091688149e-01
1.074148297e+04 4.655484284e+00 3.892395243e+00 1.240280588e-01 2.267054615e+00 3.226625287e+00 1.285634071e-01 7.892544110e+00 1.074558897e-01
1.078156313e+04 4.656343491e+00 3.898260547e+00 1.220283337e-01 2.268505743e+00 3.232642359e+00 1.258955530e-01 7.894230519e+00 1.057694811e-01
1.082164329e+04 4.657190123e+00 3.904108478e+00 1.200593733e-01 2.269929376e+00 3.238637491e+00 1.232796512e-01 7.895890810e+00 1.041091898e-01
1.086172345e+04 4.658024348e+00 3.909939287e+00 1.181207354e-01 2.271325984e+00 3.244611071e+00 1.207147868e-01 7.897525378e+00 1.024746222e-01
1.090180361e+04 4.658846333e+00 3.915753220e+00 1.162119834e-01 2.272696030e+00 3.250563479e+00 1.182000581e-01 7.899134610e+00 1.008653904e-01
1.094188377e+04 4.659656244e+00 3.921550524e+00 1.143326863e-01 2.274039970e+00 3.256495091e+00 1.157345761e-01 7.900718888e+00 9.928111173e-02
1.098196393e+04 4.660454244e+00 3.927331438e+00 1.124824187e-01 2.275358253e+00 3.262406278e+00 1.133174648e-01 7.902278591e+00 9.772140932e-02
1.102204409e+04 4.661240493e+00 3.933096200e+00 1.106607606e-01 2.276651325e+00 3.268297404e+00 1.109478614e-01 7.903814089e+00 9.618591147e-02
1.106212425e+04 4.662015153e+00 3.938845045e+00 1.088672974e-01 2.277919620e+00 3.274168827e+00 1.086249159e-01 7.905325748e+00 9.467425184e-02
1.110220441e+04 4.662778380e+00 3.944578205e+00 1.071016199e-01 2.279163572e+00 3.280020901e+00 1.063477903e-01 7.906813931e+00 9.318606941e-02
1.114228457e+04 4.663530330e+00 3.950295906e+00 1.053633243e-01 2.280383605e+00 3.285853973e+00 1.041156599e-01 7.908278992e+00 9.172100828e-02
1.118236473e+04 4.664271158e+00 3.955998374e+00 1.036520120e-01 2.281580137e+00 3.291668387e+00 1.019277124e-01 7.909721282e+00 9.027871768e-02
1.122244489e+04 4.665001015e+00 3.961685831e+00 1.019672898e-01 2.282753581e+00 3.297464479e+00 9.978314741e-02 7.911141148e+00 8.885885191e-02
1.126252505e+04 4.665720052e+00 3.967358495e+00 1.003087692e-01 2.283904343e+00 3.303242579e+00 9.768117690e-02 7.912538930e+00 8.746107029e-02
1.130260521e+04 4.666428416e+00 3.973016582e+00 9.867606738e-02 2.285032822e+00 3.309003012e+00 9.562102530e-02 7.913914963e+00 8.608503701e-02
1.134268537e+04 4.667126256e+00 3.978660304e+00 9.706880615e-02 2.286139412e+00 3.314746100e+00 9.360192894e-02 7.915269579e+00 8.473042114e-02
1.138276553e+04 4.667813716e+00 3.984289872e+00 9.548661254e-02 2.287224505e+00 3.320472160e+00 9.162313560e-02 7.916603103e+00 8.339689663e-02
1.142284569e+04 4.668490940e+00 3.989905492e+00 9.392911844e-02 2.288288482e+00 3.326181503e+00 8.968390535e-02 7.917915858e+00 8.208414206e-02
1.146292585e+04 4.669158070e+00 3.995507367e+00 9.239596066e-02 2.289331721e+00 3.331874434e+00 8.778350980e-02 7.919208159e+00 8.079184072e-02
1.150300601e+04 4.669815244e+00 4.001095698e+00 9.088678086e-02 2.290354592e+00 3.337551255e+00 8.592123206e-02 7.920480319e+00 7.951968055e-02
1.154308617e+04 4.670462603e+00 4.006670684e+00 8.940122549e-02 2.291357461e+00 3.343212260e+00 8.409636660e-02 7.921732646e+00 7.826735404e-02
1.158316633e+04 4.671100281e+00 4.012232520e+00 8.793894573e-02 2.292340689e+00 3.348857741e+00 8.230821934e-02 7.922965442e+00 7.703455814e-02
1.162324649e+04 4.671728415e+00 4.017781399e+00 8.649959743e-02 2.293304629e+00 3.354487983e+00 8.055610737e-02 7.924179006e+00 7.582099424e-02
1.166332665e+04 4.672347137e+00 4.023317509e+00 8.508284113e-02 2.294249630e+00 3.360103267e+00 7.883935862e-02 7.925373632e+00 7.462636818e-02
1.170340681e+04 4.672956579e+00 4.028841039e+00 8.368834191e-02 2.295176035e+00 3.365703868e+00 7.715731215e-02 7.926549610e+00 7.345039003e-02
1.174348697e+04 4.673556870e+00 4.034352172e+00 8.231576938e-02 2.296084181e+00 3.371290059e+00 7.550931782e-02 7.927707226e+00 7.229277415e-02
1.178356713e+04 4.674148140e+00 4.039851091e+00 8.096479764e-02 2.296974402e+00 3.376862105e+00 7.389473614e-02 7.928846761e+00 7.115323910e-02
1.182364729e+04 4.674730516e+00 4.045337974e+00 7.963510526e-02 2.297847026e+00 3.382420272e+00 7.231293808e-02 7.929968492e+00 7.003150765e-02
1.186372745e+04 4.675304121e+00 4.050812999e+00 7.832637512e-02 2.298702375e+00 3.387964818e+00 7.076330519e-02 7.931072693e+00 6.892730656e-02
1.190380762e+04 4.675869081e+00 4.056276338e+00 7.703829448e-02 2.299540767e+00 3.393495997e+00 6.924522926e-02 7.932159633e+00 6.784036668e-02
1.194388778e+04 4.676425517e+00 4.061728165e+00 7.577055488e-02 2.300362513e+00 3.399014056e+00 6.775811217e-02 7.933229577e+00 6.677042286e-02
1.198396794e+04 4.676973550e+00 4.067168647e+00 7.452285208e-02 2.301167918e+00 3.404519240e+00 6.630136591e-02 7.934282786e+00 6.571721386e-02
1.202404810e+04 4.677513299e+00 4.072597951e+00 7.329488600e-02 2.301957285e+00 3.410011789e+00 6.487441241e-02 7.935319518e+00 6.468048229e-02
1.206412826e+04 4.678044880e+00 4.078016243e+00 7.208636072e-02 2.302730910e+00 3.415491939e+00 6.347668336e-02 7.936340025e+00 6.365997458e-02
1.210420842e+04 4.678568411e+00 4.083423683e+00 7.089698444e-02 2.303489086e+00 3.420959924e+00 6.210762007e-02 7.937344559e+00 6.265544102e-02
1.214428858e+04 4.679084007e+00 4.088820431e+00 6.972646934e-02 2.304232102e+00 3.426415971e+00 6.076667343e-02 7.938333364e+00 6.166663550e-02
1.218436874e+04 4.679591779e+00 4.094206644e+00 6.857453158e-02 2.304960238e+00 3.431860305e+00 5.945330372e-02 7.939306684e+00 6.069331560e-02
1.222444890e+04 4.680091840e+00 4.099582477e+00 6.744089134e-02 2.305673773e+00 3.437293144e+00 5.816698050e-02 7.940264757e+00 5.973524258e-02
1.226452906e+04 4.680584300e+00 4.104948083e+00 6.632527263e-02 2.306372980e+00 3.442714706e+00 5.690718250e-02 7.941207819e+00 5.879218123e-02
1.230460922e+04 4.681069268e+00 4.110303613e+00 6.522740332e-02 2.307058127e+00 3.448125202e+00 5.567339743e-02 7.942136100e+00 5.786389981e-02
1.234468938e+04 4.681546851e+00 4.115649214e+00 6.414701507e-02 2.307729480e+00 3.453524841e+00 5.446512195e-02 7.943049830e+00 5.695017007e-02
1.238476954e+04 4.682017156e+00 4.120985032e+00 6.308384338e-02 2.308387297e+00 3.458913828e+00 5.328186155e-02 7.943949233e+00 5.605076726e-02
1.242484970e+04 4.682480286e+00 4.126311211e+00 6.203762735e-02 2.309031833e+00 3.464292363e+00 5.212313030e-02 7.944834530e+00 5.516546989e-02
1.246492986e+04 4.682936346e+00 4.131627894e+00 6.100810978e-02 2.309663341e+00 3.469660643e+00 5.098845081e-02 7.945705940e+00 5.429405982e-02
1.250501002e+04 4.683385437e+00 4.136935219e+00 5.999503714e-02 2.310282066e+00 3.475018862e+00 4.987735416e-02 7.946563678e+00 5.343632222e-02
1.254509018e+04 4.683827660e+00 4.142233325e+00 5.899815943e-02 2.310888251e+00 3.480367210e+00 4.878937969e-02 7.947407955e+00 5.259204549e-02
1.258517034e+04 4.684263114e+00 4.147522347e+00 5.801723019e-02 2.311482135e+00 3.485705874e+00 4.772407491e-02 7.948238979e+00 5.176102116e-02
1.262525050e+04 4.684691897e+00 4.152802418e+00 5.705200643e-02 2.312063951e+00 3.491035037e+00 4.668099538e-02 7.949056956e+00 5.094304394e-02
1.266533066e+04 4.685114106e+00 4.158073671e+00 5.610224880e-02 2.312633931e+00 3.496354878e+00 4.565970483e-02 7.949862088e+00 5.013791185e-02
1.270541082e+04 4.685529836e+00 4.163336234e+00 5.516772106e-02 2.313192299e+00 3.501665575e+00 4.465977444e-02 7.950654574e+00 4.934542560e-02
1.274549098e+04 4.685939182e+00 4.168590236e+00 5.424819045e-02 2.313739280e+00 3.506967299e+00 4.368078320e-02 7.951434611e+00 4.856538902e-02
1.278557114e+04 4.686342236e+00 4.173835802e+00 5.334342750e-02 2.314275090e+00 3.512260221e+00 4.272231765e-02 7.952202391e+00 4.779760889e-02
1.282565130e+04 4.686739090e+00 4.179073056e+00 5.245320598e-02 2.314799945e+00 3.517544508e+00 4.178397177e-02 7.952958105e+00 4.704189489e-02
1.286573146e+04 4.687129834e+00 4.184302121e+00 5.157730290e-02 2.315314056e+00 3.522820322e+00 4.086534685e-02 7.953701940e+00 4.629805954e-02
1.290581162e+04 4.687514558e+00 4.189523116e+00 5.071549896e-02 2.315817630e+00 3.528087826e+00 3.996605245e-02 7.954434081e+00 4.556591895e-02
1.294589178e+04 4.687893350e+00 4.194736161e+00 4.986757735e-02 2.316310870e+00 3.533347175e+00 3.908570390e-02 7.955154709e+00 4.484529105e-02
1.298597194e+04 4.688266297e+00 4.199941371e+00 4.903332452e-02 2.316793977e+00 3.538598525e+00 3.822392387e-02 7.955864003e+00 4.413599676e-02
1.302605210e+04 4.688633484e+00 4.205138862e+00 4.821253000e-02 2.317267146e+00 3.543842027e+00 3.738034195e-02 7.956562140e+00 4.343785973e-02
1.306613226e+04 4.688994997e+00 4.210328747e+00 4.740498636e-02 2.317730571e+00 3.549077830e+00 3.655459448e-02 7.957249294e+00 4.275070626e-02
1.310621242e+04 4.689350917e+00 4.215511138e+00 4.661048910e-02 2.318184442e+00 3.554306080e+00 3.574632443e-02 7.957925635e+00 4.207436525e-02
1.314629259e+04 4.689701328e+00 4.220686145e+00 4.582883732e-02 2.318628944e+00 3.559526919e+00 3.495518276e-02 7.958591331e+00 4.140866907e-02
1.318637275e+04 4.690046312e+00 4.225853874e+00 4.505983242e-02 2.319064261e+00 3.564740488e+00 3.418082559e-02 7.959246548e+00 4.075345185e-02
1.322645291e+04 4.690385947e+00 4.231014434e+00 4.430327859e-02 2.319490571e+00 3.569946924e+00 3.342291508e-02 7.959891450e+00 4.010855004e-02
1.326653307e+04 4.690720313e+00 4.236167929e+00 4.355898298e-02 2.319908051e+00 3.575146363e+00 3.268112001e-02 7.960526197e+00 3.947380279e-02
1.330661323e+04 4.691049488e+00 4.241314462e+00 4.282675552e-02 2.320316875e+00 3.580338936e+00 3.195511527e-02 7.961150948e+00 3.884905169e-02
1.334669339e+04 4.691373549e+00 4.246454136e+00 4.210640890e-02 2.320717212e+00 3.585524774e+00 3.124458172e-02 7.961765859e+00 3.823414069e-02
1.338677355e+04 4.691692571e+00 4.251587050e+00 4.139775900e-02 2.321109230e+00 3.590704004e+00 3.054920749e-02 7.962371083e+00 3.762891678e-02
1.342685371e+04 4.692006629e+00 4.256713303e+00 4.070062423e-02 2.321493091e+00 3.595876750e+00 2.986868608e-02 7.962966771e+00 3.703322906e-02
1.346693387e+04 4.692315798e+00 4.261832992e+00 4.001482514e-02 2.321868957e+00 3.601043135e+00 2.920271548e-02 7.963553072e+00 3.644692825e-02
1.350701403e+04 4.692620149e+00 4.266946213e+00 3.934018520e-02 2.322236986e+00 3.606203278e+00 2.855100000e-02 7.964130132e+00 3.586986774e-02
1.354709419e+04 4.692919755e+00 4.272053061e+00 3.867653041e-02 2.322597334e+00 3.611357298e+00 2.791324950e-02 7.964698097e+00 3.530190313e-02
1.358717435e+04 4.693214686e+00 4.277153628e+00 3.802368934e-02 2.322950152e+00 3.616505310e+00 2.728917925e-02 7.965257108e+00 3.474289217e-02
1.362725451e+04 4.693505011e+00 4.282248006e+00 3.738149334e-02 2.323295590e+00 3.621647427e+00 2.667851076e-02 7.965807305e+00 3.419269519e-02
1.366733467e+04 4.693790801e+00 4.287336284e+00 3.674977643e-02 2.323633794e+00 3.626783758e+00 2.608097143e-02 7.966348825e+00 3.365117489e-02
1.370741483e+04 4.694072122e+00 4.292418552e+00 3.612837438e-02 2.323964908e+00 3.631914413e+00 2.549629169e-02 7.966881805e+00 3.311819517e-02
1.374749499e+04 4.694349041e+00 4.297494895e+00 3.551712567e-02 2.324289074e+00 3.637039499e+00 2.492420802e-02 7.967406378e+00 3.259362240e-02
1.378757515e+04 4.694621625e+00 4.302565402e+00 3.491587116e-02 2.324606431e+00 3.642159119e+00 2.436446188e-02 7.967922675e+00 3.207732499e-02
1.382765531e+04 4.694889938e+00 4.307630155e+00 3.432445404e-02 2.324917114e+00 3.647273377e+00 2.381679961e-02 7.968430827e+00 3.156917335e-02
1.386773547e+04 4.695154045e+00 4.312689239e+00 3.374271995e-02 2.325221258e+00 3.652382372e+00 2.328097284e-02 7.968930960e+00 3.106904002e-02
1.390781563e+04 4.695414009e+00 4.317742735e+00 3.317051731e-02 2.325518993e+00 3.657486202e+00 2.275673954e-02 7.969423200e+00 3.057680012e-02
1.394789579e+04 4.695669891e+00 4.322790725e+00 3.260769588e-02 2.325810448e+00 3.662584963e+00 2.224385943e-02 7.969907670e+00 3.009232955e-02
1.398797595e+04 4.695921755e+00 4.327833287e+00 3.205410800e-02 2.326095749e+00 3.667678751e+00 2.174209797e-02 7.970384493e+00 2.961550658e-02
1.402805611e+04 4.696169659e+00 4.332870500e+00 3.150960820e-02 2.326375020e+00 3.672767657e+00 2.125122511e-02 7.970853789e+00 2.914621132e-02
1.406813627e+04 4.696413665e+00 4.337902441e+00 3.097405314e-02 2.326648384e+00 3.677851772e+00 2.077101519e-02 7.971315674e+00 2.868432571e-02
1.410821643e+04 4.696653830e+00 4.342929186e+00 3.044730163e-02 2.326915958e+00 3.682931185e+00 2.030124696e-02 7.971770267e+00 2.822973350e-02
1.414829659e+04 4.696890213e+00 4.347950809e+00 2.992921538e-02 2.327177860e+00 3.688005982e+00 1.984170591e-02 7.972217679e+00 2.778232115e-02
1.418837675e+04 4.697122871e+00 4.352967384e+00 2.941965701e-02 2.327434205e+00 3.693076249e+00 1.939217812e-02 7.972658024e+00 2.734197555e-02
1.422845691e+04 4.697351861e+00 4.357978984e+00 2.891849162e-02 2.327685105e+00 3.698142070e+00 1.895245512e-02 7.973091414e+00 2.690858580e-02
1.426853707e+04 4.697577239e+00 4.362985680e+00 2.842558631e-02 2.327930671e+00 3.703203525e+00 1.852233249e-02 7.973517957e+00 2.648204270e-02
1.430861723e+04 4.697799058e+00 4.367987542e+00 2.794081014e-02 2.328171011e+00 3.708260696e+00 1.810160973e-02 7.973937761e+00 2.606223872e-02
1.434869739e+04 4.698017374e+00 4.372984639e+00 2.746403414e-02 2.328406233e+00 3.713313661e+00 1.769009017e-02 7.974350932e+00 2.564906795e-02
1.438877756e+04 4.698232239e+00 4.377977039e+00 2.699513201e-02 2.328636438e+00 3.718362496e+00 1.728758337e-02 7.974757573e+00 2.524242697e-02
1.442885772e+04 4.698443706e+00 4.382964809e+00 2.653397840e-02 2.328861731e+00 3.723407277e+00 1.689389975e-02 7.975157787e+00 2.484221292e-02
1.446893788e+04 4.698651827e+00 4.387948015e+00 2.608045010e-02 2.329082212e+00 3.728448077e+00 1.650885404e-02 7.975551675e+00 2.444832474e-02
1.450901804e+04 4.698856652e+00 4.392926721e+00 2.563442577e-02 2.329297978e+00 3.733484970e+00 1.613226480e-02 7.975939337e+00 2.406066299e-02
1.454909820e+04 4.699058233e+00 4.397900992e+00 2.519578590e-02 2.329509128e+00 3.738518025e+00 1.576395414e-02 7.976320870e+00 2.367912976e-02
1.458917836e+04 4.699256619e+00 4.402870891e+00 2.476441275e-02 2.329715755e+00 3.743547313e+00 1.540374757e-02 7.976696371e+00 2.330362863e-02
1.462925852e+04 4.699451858e+00 4.407836479e+00 2.434019092e-02 2.329917951e+00 3.748572900e+00 1.505147583e-02 7.977065935e+00 2.293406527e-02
1.466933868e+04 4.699644000e+00 4.412797816e+00 2.392300627e-02 2.330115809e+00 3.753594854e+00 1.470697149e-02 7.977429654e+00 2.257034630e-02
1.470941884e+04 4.699833090e+00 4.417754964e+00 2.351274626e-02 2.330309416e+00 3.758613239e+00 1.437007000e-02 7.977787620e+00 2.221237960e-02
1.474949900e+04 4.700019177e+00 4.422707981e+00 2.310930019e-02 2.330498862e+00 3.763628120e+00 1.404061053e-02 7.978139925e+00 2.186007467e-02
1.478957916e+04 4.700202306e+00 4.427656925e+00 2.271255904e-02 2.330684232e+00 3.768639558e+00 1.371843542e-02 7.978486658e+00 2.151334237e-02
1.482965932e+04 4.700382522e+00 4.432601853e+00 2.232241541e-02 2.330865610e+00 3.773647616e+00 1.340339006e-02 7.978827905e+00 2.117209495e-02
1.486973948e+04 4.700559872e+00 4.437542822e+00 2.193876391e-02 2.331043079e+00 3.778652353e+00 1.309532412e-02 7.979163754e+00 2.083624639e-02
1.490981964e+04 4.700734397e+00 4.442479887e+00 2.156150065e-02 2.331216718e+00 3.783653826e+00 1.279408997e-02 7.979494288e+00 2.050571188e-02
1.494989980e+04 4.700906143e+00 4.447413101e+00 2.119052291e-02 2.331386609e+00 3.788652095e+00 1.249954160e-02 7.979819592e+00 2.018040754e-02
1.498997996e+04 4.701075152e+00 4.452342520e+00 2.082572977e-02 2.331552828e+00 3.793647215e+00 1.221153664e-02 7.980139749e+00 1.986025098e-02
1.503006012e+04 4.701241466e+00 4.457268196e+00 2.046702182e-02 2.331715452e+00 3.798639241e+00 1.192993550e-02 7.980454839e+00 1.954516108e-02
1.507014028e+04 4.701405128e+00 4.462190180e+00 2.011430115e-02 2.331874557e+00 3.803628227e+00 1.165460136e-02 7.980764942e+00 1.923505798e-02
1.511022044e+04 4.701566177e+00 4.467108523e+00 1.976747158e-02 2.332030214e+00 3.808614226e+00 1.138540084e-02 7.981070137e+00 1.892986326e-02
1.515030060e+04 4.701724654e+00 4.472023277e+00 1.942643858e-02 2.332182496e+00 3.813597290e+00 1.112220390e-02 7.981370500e+00 1.862949995e-02
1.519038076e+04 4.701880600e+00 4.476934490e+00 1.909110848e-02 2.332331474e+00 3.818577469e+00 1.086488114e-02 7.981666108e+00 1.833389161e-02
1.523046092e+04 4.702034053e+00 4.481842211e+00 1.876138928e-02 2.332477216e+00 3.823554812e+00 1.061330665e-02 7.981957037e+00 1.804296329e-02
1.527054108e+04 4.702185052e+00 4.486746489e+00 1.843719042e-02 2.332619790e+00 3.828529368e+00 1.036735700e-02 7.982243359e+00 1.775664118e-02
1.531062124e+04 4.702333636e+00 4.491647370e+00 1.811842267e-02 2.332759263e+00 3.833501186e+00 1.012691122e-02 7.982525147e+00 1.747485260e-02
1.535070140e+04 4.702479841e+00 4.496544900e+00 1.780499832e-02 2.332895700e+00 3.838470310e+00 9.891851106e-03 7.982802474e+00 1.719752611e-02
1.539078156e+04 4.702623705e+00 4.501439126e+00 1.749683139e-02 2.333029164e+00 3.843436786e+00 9.662062223e-03 7.983075408e+00 1.692459180e-02
1.543086172e+04 4.702765264e+00 4.506330092e+00 1.719383651e-02 2.333159717e+00 3.848400660e+00 9.437430035e-03 7.983344020e+00 1.665598009e-02
1.547094188e+04 4.702904555e+00 4.511217843e+00 1.689592988e-02 2.333287421e+00 3.853361974e+00 9.217843285e-03 7.983608377e+00 1.639162278e-02
1.551102204e+04 4.703041612e+00 4.516102422e+00 1.660302901e-02 2.333412337e+00 3.858320771e+00 9.003192948e-03 7.983868547e+00 1.613145271e-02
1.555110220e+04 4.703176470e+00 4.520983872e+00 1.631505265e-02 2.333534523e+00 3.863277093e+00 8.793372180e-03 7.984124596e+00 1.587540377e-02
1.559118236e+04 4.703309164e+00 4.525862235e+00 1.603192084e-02 2.333654036e+00 3.868230982e+00 8.588276330e-03 7.984376589e+00 1.562341086e-02
1.563126253e+04 4.703439728e+00 4.530737552e+00 1.575355545e-02 2.333770933e+00 3.873182475e+00 8.387804807e-03 7.984624589e+00 1.537541053e-02
1.567134269e+04 4.703568194e+00 4.535609865e+00 1.547987867e-02 2.333885270e+00 3.878131614e+00 8.191856324e-03 7.984868661e+00 1.513133943e-02
1.571142285e+04 4.703694597e+00 4.540479213e+00 1.521081423e-02 2.333997100e+00 3.883078436e+00 8.000332686e-03 7.985108864e+00 1.489113551e-02
1.575150301e+04 4.703818967e+00 4.545345636e+00 1.494628704e-02 2.334106477e+00 3.888022978e+00 7.813137684e-03 7.985345262e+00 1.465473768e-02
1.579158317e+04 4.703941337e+00 4.550209173e+00 1.468622316e-02 2.334213453e+00 3.892965278e+00 7.630177047e-03 7.985577914e+00 1.442208582e-02
1.583166333e+04 4.704061739e+00 4.555069862e+00 1.443054977e-02 2.334318079e+00 3.897905371e+00 7.451358397e-03 7.985806879e+00 1.419312068e-02
1.587174349e+04 4.704180203e+00 4.559927741e+00 1.417919572e-02 2.334420404e+00 3.902843292e+00 7.276592848e-03 7.986032216e+00 1.396778448e-02
1.591182365e+04 4.704296760e+00 4.564782847e+00 1.393209035e-02 2.334520479e+00 3.907779076e+00 7.105791461e-03 7.986253980e+00 1.374601974e-02
1.595190381e+04 4.704411439e+00 4.569635215e+00 1.368916419e-02 2.334618350e+00 3.912712755e+00 6.938867478e-03 7.986472230e+00 1.352776996e-02
1.599198397e+04 4.704524271e+00 4.574484883e+00 1.345034892e-02 2.334714065e+00 3.917644365e+00 6.775736083e-03 7.986687020e+00 1.331297959e-02
1.603206413e+04 4.704635284e+00 4.579331885e+00 1.321557729e-02 2.334807671e+00 3.922573935e+00 6.616314184e-03 7.986898406e+00 1.310159393e-02
1.607214429e+04 4.704744508e+00 4.584176256e+00 1.298478305e-02 2.334899211e+00 3.927501499e+00 6.460520365e-03 7.987106441e+00 1.289355911e-02
1.611222445e+04 4.704851969e+00 4.589018030e+00 1.275790138e-02 2.334988731e+00 3.932427086e+00 6.308276002e-03 7.987311178e+00 1.268882248e-02
1.615230461e+04 4.704957697e+00 4.593857240e+00 1.253486816e-02 2.335076273e+00 3.937350727e+00 6.159503215e-03 7.987512668e+00 1.248733191e-02
1.619238477e+04 4.705061719e+00 4.598693921e+00 1.231562017e-02 2.335161881e+00 3.942272451e+00 6.014125386e-03 7.987710964e+00 1.228903595e-02
1.623246493e+04 4.705164061e+00 4.603528103e+00 1.210009528e-02 2.335245594e+00 3.947192287e+00 5.872067813e-03 7.987906116e+00 1.209388410e-02
1.627254509e+04 4.705264750e+00 4.608359819e+00 1.188823232e-02 2.335327456e+00 3.952110264e+00 5.733257323e-03 7.988098173e+00 1.190182661e-02
1.631262525e+04 4.705363813e+00 4.613189101e+00 1.167997107e-02 2.335407505e+00 3.957026409e+00 5.597622233e-03 7.988287186e+00 1.171281450e-02
1.635270541e+04 4.705461275e+00 4.618015980e+00 1.147525251e-02 2.335485780e+00 3.961940749e+00 5.465093062e-03 7.988473200e+00 1.152679978e-02
1.639278557e+04 4.705557161e+00 4.622840485e+00 1.127401849e-02 2.335562319e+00 3.966853310e+00 5.335601669e-03 7.988656265e+00 1.134373520e-02
1.643286573e+04 4.705651497e+00 4.627662648e+00 1.107621148e-02 2.335637160e+00 3.971764119e+00 5.209080458e-03 7.988836426e+00 1.116357392e-02
1.647294589e+04 4.705744307e+00 4.632482496e+00 1.088177500e-02 2.335710340e+00 3.976673200e+00 5.085463695e-03 7.989013730e+00 1.098627001e-02
1.651302605e+04 4.705835615e+00 4.637300060e+00 1.069065348e-02 2.335781895e+00 3.981580579e+00 4.964687002e-03 7.989188222e+00 1.081177825e-02
1.655310621e+04 4.705925446e+00 4.642115368e+00 1.050279217e-02 2.335851859e+00 3.986486279e+00 4.846687319e-03 7.989359946e+00 1.064005409e-02
1.659318637e+04 4.706013823e+00 4.646928448e+00 1.031813737e-02 2.335920268e+00 3.991390325e+00 4.731403317e-03 7.989528946e+00 1.047105384e-02
1.663326653e+04 4.706100769e+00 4.651739327e+00 1.013663636e-02 2.335987155e+00 3.996292738e+00 4.618775408e-03 7.989695265e+00 1.030473461e-02
1.667334669e+04 4.706186307e+00 4.656548033e+00 9.958236813e-03 2.336052553e+00 4.001193543e+00 4.508744019e-03 7.989858946e+00 1.014105381e-02
1.671342685e+04 4.706270460e+00 4.661354592e+00 9.782887434e-03 2.336116495e+00 4.006092761e+00 4.401251361e-03 7.990020030e+00 9.979969656e-03
1.675350701e+04 4.706353249e+00 4.666159030e+00 9.610537720e-03 2.336179011e+00 4.010990414e+00 4.296240842e-03 7.990178559e+00 9.821441037e-03
1.679358717e+04 4.706434696e+00 4.670961374e+00 9.441137961e-03 2.336240134e+00 4.015886524e+00 4.193657042e-03 7.990334573e+00 9.665427461e-03
1.683366733e+04 4.706514823e+00 4.675761648e+00 9.274639295e-03 2.336299894e+00 4.020781110e+00 4.093445875e-03 7.990488111e+00 9.511889132e-03
1.687374749e+04 4.706593651e+00 4.680559878e+00 9.110993942e-03 2.336358320e+00 4.025674192e+00 3.995555268e-03 7.990639213e+00 9.360787157e-03
1.691382766e+04 4.706671200e+00 4.685356089e+00 8.950154352e-03 2.336415442e+00 4.030565792e+00 3.899932775e-03 7.990787917e+00 9.212082768e-03
1.695390782e+04 4.706747492e+00 4.690150303e+00 8.792073937e-03 2.336471288e+00 4.035455928e+00 3.806527633e-03 7.990934262e+00 9.065737992e-03
1.699398798e+04 4.706822546e+00 4.694942546e+00 8.636706840e-03 2.336525885e+00 4.040344620e+00 3.715290140e-03 7.991078285e+00 8.921715446e-03
1.703406814e+04 4.706896383e+00 4.699732841e+00 8.484007928e-03 2.336579263e+00 4.045231885e+00 3.626171630e-03 7.991220022e+00 8.779978324e-03
1.707414830e+04 4.706969022e+00 4.704521210e+00 8.333932782e-03 2.336631446e+00 4.050117742e+00 3.539124459e-03 7.991359510e+00 8.640490395e-03
1.711422846e+04 4.707040481e+00 4.709307677e+00 8.186438106e-03 2.336682462e+00 4.055002208e+00 3.454103142e-03 7.991496784e+00 8.503216372e-03
1.715430862e+04 4.707110781e+00 4.714092263e+00 8.041480707e-03 2.336732336e+00 4.059885302e+00 3.371061554e-03 7.991631879e+00 8.368120989e-03
1.719438878e+04 4.707179939e+00 4.718874990e+00 7.899018296e-03 2.336781093e+00 4.064767039e+00 3.289955143e-03 7.991764830e+00 8.235169726e-03
1.723446894e+04 4.707247975e+00 4.723655880e+00 7.759009254e-03 2.336828757e+00 4.069647437e+00 3.210740299e-03 7.991895671e+00 8.104328602e-03
1.727454910e+04 4.707314906e+00 4.728434954e+00 7.621412620e-03 2.336875354e+00 4.074526512e+00 3.133374320e-03 7.992024436e+00 7.975564161e-03
1.731462926e+04 4.707380749e+00 4.733212233e+00 7.486188077e-03 2.336920906e+00 4.079404280e+00 3.057815393e-03 7.992151157e+00 7.848843463e-03
1.735470942e+04 4.707445524e+00 4.737987737e+00 7.353296279e-03 2.336965437e+00 4.084280755e+00 2.984023470e-03 7.992275866e+00 7.724134375e-03
1.739478958e+04 4.707509246e+00 4.742761487e+00 7.222698134e-03 2.337008968e+00 4.089155953e+00 2.911958362e-03 7.992398595e+00 7.601404932e-03
1.743486974e+04 4.707571934e+00 4.747533502e+00 7.094355232e-03 2.337051523e+00 4.094029890e+00 2.841580894e-03 7.992519376e+00 7.480623723e-03
1.747494990e+04 4.707633603e+00 4.752303802e+00 6.968229816e-03 2.337093123e+00 4.098902579e+00 2.772852826e-03 7.992638240e+00 7.361759858e-03
1.751503006e+04 4.707694270e+00 4.757072406e+00 6.844284728e-03 2.337133788e+00 4.103774035e+00 2.705736725e-03 7.992755217e+00 7.244782929e-03
1.755511022e+04 4.707753952e+00 4.761839332e+00 6.722483395e-03 2.337173541e+00 4.108644271e+00 2.640195943e-03 7.992870337e+00 7.129662997e-03
1.759519038e+04 4.707812664e+00 4.766604600e+00 6.602790061e-03 2.337212401e+00 4.113513302e+00 2.576195202e-03 7.992983629e+00 7.016370791e-03
1.763527054e+04 4.707870422e+00 4.771368227e+00 6.485169374e-03 2.337250387e+00 4.118381139e+00 2.513699549e-03 7.993095123e+00 6.904877351e-03
1.767535070e+04 4.707927241e+00 4.776130232e+00 6.369586457e-03 2.337287520e+00 4.123247797e+00 2.452674553e-03 7.993204846e+00 6.795154089e-03
1.771543086e+04 4.707983138e+00 4.780890632e+00 6.256007072e-03 2.337323818e+00 4.128113288e+00 2.393086714e-03 7.993312827e+00 6.687172932e-03
1.775551102e+04 4.708038126e+00 4.785649444e+00 6.144397522e-03 2.337359300e+00 4.132977624e+00 2.334903241e-03 7.993419094e+00 6.580906243e-03
1.779559118e+04 4.708092221e+00 4.790406685e+00 6.034724648e-03 2.337393984e+00 4.137840817e+00 2.278092035e-03 7.993523673e+00 6.476326811e-03
1.783567134e+04 4.708145437e+00 4.795162373e+00 5.926955975e-03 2.337427888e+00 4.142702880e+00 2.222622070e-03 7.993626592e+00 6.373407980e-03
1.787575150e+04 4.708197789e+00 4.799916523e+00 5.821059540e-03 2.337461030e+00 4.147563823e+00 2.168462965e-03 7.993727876e+00 6.272123504e-03
1.791583166e+04 4.708249290e+00 4.804669152e+00 5.717003692e-03 2.337493426e+00 4.152423658e+00 2.115584486e-03 7.993827553e+00 6.172447374e-03
1.795591182e+04 4.708299955e+00 4.809420276e+00 5.614757395e-03 2.337525094e+00 4.157282397e+00 2.063957313e-03 7.993925646e+00 6.074354076e-03
1.799599198e+04 4.708349797e+00 4.814169910e+00 5.514290107e-03 2.337556049e+00 4.162140049e+00 2.013552749e-03 7.994022182e+00 5.977818493e-03
1.803607214e+04 4.708398829e+00 4.818918071e+00 5.415571778e-03 2.337586307e+00 4.166996625e+00 1.964342710e-03 7.994117184e+00 5.882815895e-03
1.807615230e+04 4.708447065e+00 4.823664772e+00 5.318572924e-03 2.337615885e+00 4.171852137e+00 1.916299920e-03 7.994210678e+00 5.789322014e-03
1.811623246e+04 4.708494518e+00 4.828410029e+00 5.223264648e-03 2.337644797e+00 4.176706593e+00 1.869397969e-03 7.994302687e+00 5.697313059e-03
1.815631263e+04 4.708541201e+00 4.833153857e+00 5.129618247e-03 2.337673059e+00 4.181560004e+00 1.823610349e-03 7.994393235e+00 5.606765369e-03
1.819639279e+04 4.708587126e+00 4.837896269e+00 5.037605596e-03 2.337700685e+00 4.186412379e+00 1.778911416e-03 7.994482344e+00 5.517655758e-03
1.823647295e+04 4.708632305e+00 4.842637281e+00 4.947199027e-03 2.337727689e+00 4.191263727e+00 1.735276074e-03 7.994570039e+00 5.429961400e-03
1.827655311e+04 4.708676751e+00 4.847376906e+00 4.858371313e-03 2.337754086e+00 4.196114059e+00 1.692679767e-03 7.994656340e+00 5.343659824e-03
1.831663327e+04 4.708720477e+00 4.852115158e+00 4.771095703e-03 2.337779889e+00 4.200963382e+00 1.651098550e-03 7.994741271e+00 5.258728939e-03
1.835671343e+04 4.708763493e+00 4.856852050e+00 4.685346082e-03 2.337805112e+00 4.205811706e+00 1.610509477e-03 7.994824853e+00 5.175147172e-03
1.839679359e+04 4.708805811e+00 4.861587595e+00 4.601096426e-03 2.337829768e+00 4.210659040e+00 1.570889323e-03 7.994907107e+00 5.092893006e-03
1.843687375e+04 4.708847444e+00 4.866321807e+00 4.518321263e-03 2.337853869e+00 4.215505391e+00 1.532215674e-03 7.994988055e+00 5.011945369e-03
1.847695391e+04 4.708888401e+00 4.871054698e+00 4.436995533e-03 2.337877428e+00 4.220350768e+00 1.494466601e-03 7.995067716e+00 4.932283521e-03
1.851703407e+04 4.708928695e+00 4.875786281e+00 4.357094582e-03 2.337900458e+00 4.225195178e+00 1.457620646e-03 7.995146113e+00 4.853887040e-03
1.855711423e+04 4.708968336e+00 4.880516569e+00 4.278594149e-03 2.337922971e+00 4.230038631e+00 1.421656811e-03 7.995223264e+00 4.776735824e-03
1.859719439e+04 4.709007335e+00 4.885245573e+00 4.201470693e-03 2.337944977e+00 4.234881133e+00 1.386555307e-03 7.995299190e+00 4.700810355e-03
1.863727455e+04 4.709045703e+00 4.889973305e+00 4.125700593e-03 2.337966490e+00 4.239722691e+00 1.352295704e-03 7.995373909e+00 4.626091032e-03
1.867735471e+04 4.709083449e+00 4.894699777e+00 4.051260785e-03 2.337987519e+00 4.244563314e+00 1.318858425e-03 7.995447441e+00 4.552558707e-03
1.871743487e+04 4.709120585e+00 4.899425001e+00 3.978128581e-03 2.338008077e+00 4.249403008e+00 1.286224318e-03 7.995519805e+00 4.480194530e-03
1.875751503e+04 4.709157121e+00 4.904148989e+00 3.906281657e-03 2.338028173e+00 4.254241780e+00 1.254374640e-03 7.995591020e+00 4.408979943e-03
1.879759519e+04 4.709193065e+00 4.908871750e+00 3.835698049e-03 2.338047819e+00 4.259079638e+00 1.223291049e-03 7.995661103e+00 4.338896674e-03
1.883767535e+04 4.709228429e+00 4.913593297e+00 3.766356185e-03 2.338067025e+00 4.263916587e+00 1.192955683e-03 7.995730073e+00 4.269926767e-03
1.887775551e+04 4.709263221e+00 4.918313640e+00 3.698235149e-03 2.338085800e+00 4.268752635e+00 1.163351748e-03 7.995797947e+00 4.202052797e-03
1.891783567e+04 4.709297451e+00 4.923032790e+00 3.631313867e-03 2.338104154e+00 4.273587787e+00 1.134461712e-03 7.995864743e+00 4.135257197e-03
1.895791583e+04 4.709331129e+00 4.927750757e+00 3.565571809e-03 2.338122098e+00 4.278422050e+00 1.106268867e-03 7.995930477e+00 4.069522843e-03
1.899799599e+04 4.709364264e+00 4.932467551e+00 3.500988776e-03 2.338139641e+00 4.283255430e+00 1.078756864e-03 7.995995167e+00 4.004832871e-03
1.903807615e+04 4.709396864e+00 4.937183183e+00 3.437544895e-03 2.338156791e+00 4.288087934e+00 1.051909707e-03 7.996058829e+00 3.941170682e-03
1.907815631e+04 4.709428939e+00 4.941897663e+00 3.375220614e-03 2.338173559e+00 4.292919566e+00 1.025711739e-03 7.996121480e+00 3.878519928e-03
1.911823647e+04 4.709460497e+00 4.946611000e+00 3.313996782e-03 2.338189952e+00 4.297750332e+00 1.000147828e-03 7.996183135e+00 3.816864588e-03
1.915831663e+04 4.709491546e+00 4.951323203e+00 3.253854766e-03 2.338205979e+00 4.302580239e+00 9.752036256e-04 7.996243811e+00 3.756189061e-03
1.919839679e+04 4.709522097e+00 4.956034283e+00 3.194775816e-03 2.338221649e+00 4.307409290e+00 9.508641713e-04 7.996303522e+00 3.696477636e-03
1.923847695e+04 4.709552155e+00 4.960744249e+00 3.136741665e-03 2.338236970e+00 4.312237493e+00 9.271152275e-04 7.996362285e+00 3.637714996e-03
1.927855711e+04 4.709581731e+00 4.965453109e+00 3.079734347e-03 2.338251950e+00 4.317064851e+00 9.039428672e-04 7.996420114e+00 3.579886065e-03
1.931863727e+04 4.709610831e+00 4.970160873e+00 3.023736185e-03 2.338266597e+00 4.321891371e+00 8.813334651e-04 7.996477024e+00 3.522975997e-03
1.935871743e+04 4.709639465e+00 4.974867549e+00 2.968729792e-03 2.338280919e+00 4.326717056e+00 8.592736882e-04 7.996533030e+00 3.466970177e-03
1.939879760e+04 4.709667639e+00 4.979573146e+00 2.914698176e-03 2.338294923e+00 4.331541913e+00 8.377507375e-04 7.996588146e+00 3.411854312e-03
1.943887776e+04 4.709695361e+00 4.984277674e+00 2.861624705e-03 2.338308616e+00 4.336365944e+00 8.167522576e-04 7.996642386e+00 3.357614393e-03
1.947895792e+04 4.709722639e+00 4.988981139e+00 2.809492731e-03 2.338322006e+00 4.341189156e+00 7.962655742e-04 7.996695764e+00 3.304236398e-03
1.951903808e+04 4.709749481e+00 4.993683550e+00 2.758286018e-03 2.338335100e+00 4.346011552e+00 7.762785720e-04 7.996748293e+00 3.251706634e-03
1.955911824e+04 4.709775893e+00 4.998384916e+00 2.707988592e-03 2.338347904e+00 4.350833137e+00 7.567794018e-04 7.996799988e+00 3.200011618e-03
1.959919840e+04 4.709801882e+00 5.003085244e+00 2.658584741e-03 2.338360426e+00 4.355653915e+00 7.377564735e-04 7.996850862e+00 3.149138080e-03
1.963927856e+04 4.709827457e+00 5.007784542e+00 2.610059011e-03 2.338372671e+00 4.360473891e+00 7.191984478e-04 7.996900927e+00 3.099072952e-03
1.967935872e+04 4.709852623e+00 5.012482819e+00 2.562396332e-03 2.338384647e+00 4.365293069e+00 7.010945021e-04 7.996950197e+00 3.049803480e-03
1.971943888e+04 4.709877388e+00 5.017180080e+00 2.515581858e-03 2.338396360e+00 4.370111452e+00 6.834340031e-04 7.996998683e+00 3.001317085e-03
1.975951904e+04 4.709901759e+00 5.021876334e+00 2.469600825e-03 2.338407815e+00 4.374929044e+00 6.662062300e-04 7.997046399e+00 2.953601255e-03
1.979959920e+04 4.709925741e+00 5.026571589e+00 2.424438801e-03 2.338419019e+00 4.379745850e+00 6.494008800e-04 7.997093356e+00 2.906643745e-03
1.983967936e+04 4.709949342e+00 5.031265851e+00 2.380081593e-03 2.338429977e+00 4.384561873e+00 6.330078782e-04 7.997139568e+00 2.860432500e-03
1.987975952e+04 4.709972568e+00 5.035959127e+00 2.336515239e-03 2.338440696e+00 4.389377117e+00 6.170173697e-04 7.997185044e+00 2.814955653e-03
1.991983968e+04 4.709995426e+00 5.040651425e+00 2.293726006e-03 2.338451181e+00 4.394191585e+00 6.014197133e-04 7.997229798e+00 2.770201518e-03
1.995991984e+04 4.710017921e+00 5.045342750e+00 2.251700546e-03 2.338461438e+00 4.399005281e+00 5.862057865e-04 7.997273841e+00 2.726158722e-03
2.000000000e+04 4.710040059e+00 5.050033111e+00 2.210425616e-03 2.338471471e+00 4.403818208e+00 5.713664553e-04 7.997317184e+00 2.682815975e-03
