time            Cj              Ck              Br             
0.000000000e+00 1.000000000e+01 1.000000000e-05 1.000000000e+01
7.214428858e+00 6.284178704e+00 4.270442676e-03 9.838312229e+00
1.442885772e+01 5.466976678e+00 3.696475844e-02 9.556595521e+00
2.164328657e+01 5.290908714e+00 1.079786983e-01 9.260934495e+00
2.885771543e+01 5.260316696e+00 2.084137790e-01 8.969660009e+00
3.607214429e+01 5.265801400e+00 3.266797474e-01 8.684224691e+00
4.328657315e+01 5.282843663e+00 4.542012002e-01 8.403653808e+00
5.050100200e+01 5.305628568e+00 5.856458572e-01 8.127140153e+00
5.771543086e+01 5.332499452e+00 7.179311533e-01 7.854304878e+00
6.492985972e+01 5.362755315e+00 8.493357320e-01 7.585078604e+00
7.214428858e+01 5.395939575e+00 9.789172449e-01 7.319573797e+00
7.935871743e+01 5.431676901e+00 1.106168238e+00 7.057998640e+00
8.657314629e+01 5.469632040e+00 1.230820905e+00 6.800605074e+00
9.378757515e+01 5.509496967e+00 1.352738238e+00 6.547658676e+00
1.010020040e+02 5.550985559e+00 1.471853780e+00 6.299421416e+00
1.082164329e+02 5.593830764e+00 1.588138501e+00 6.056141841e+00
1.154308617e+02 5.637782888e+00 1.701582740e+00 5.818049490e+00
1.226452906e+02 5.682608538e+00 1.812186540e+00 5.585351764e+00
1.298597194e+02 5.728089792e+00 1.919954598e+00 5.358232251e+00
1.370741483e+02 5.774023725e+00 2.024893861e+00 5.136849937e+00
1.442885772e+02 5.820221901e+00 2.127012451e+00 4.921339011e+00
1.515030060e+02 5.866510013e+00 2.226319432e+00 4.711809060e+00
1.587174349e+02 5.912727480e+00 2.322824916e+00 4.508345564e+00
1.659318637e+02 5.958727064e+00 2.416540375e+00 4.311010618e+00
1.731462926e+02 6.004374481e+00 2.507479005e+00 4.119843807e+00
1.803607214e+02 6.049547989e+00 2.595656109e+00 3.934863265e+00
1.875751503e+02 6.094137894e+00 2.681089411e+00 3.756066799e+00
1.947895792e+02 6.138046129e+00 2.763799355e+00 3.583433132e+00
2.020040080e+02 6.181185821e+00 2.843809351e+00 3.416923220e+00
2.092184369e+02 6.223480455e+00 2.921145804e+00 3.256481553e+00
2.164328657e+02 6.264863806e+00 2.995838366e+00 3.102037536e+00
2.236472946e+02 6.305279130e+00 3.067919889e+00 2.953506861e+00
2.308617234e+02 6.344678611e+00 3.137426391e+00 2.810792876e+00
2.380761523e+02 6.383022870e+00 3.204397013e+00 2.673787909e+00
2.452905812e+02 6.420280339e+00 3.268873881e+00 2.542374623e+00
2.525050100e+02 6.456426721e+00 3.330901955e+00 2.416427282e+00
2.597194389e+02 6.491444558e+00 3.390528979e+00 2.295812853e+00
2.669338677e+02 6.525322457e+00 3.447804940e+00 2.180392352e+00
2.741482966e+02 6.558054758e+00 3.502782226e+00 2.070021812e+00
2.813627255e+02 6.589640945e+00 3.555515225e+00 1.964553395e+00
2.885771543e+02 6.620085126e+00 3.606059997e+00 1.863836315e+00
2.957915832e+02 6.649395586e+00 3.654474133e+00 1.767717750e+00
3.030060120e+02 6.677584311e+00 3.700816453e+00 1.676043668e+00
3.102204409e+02 6.704666686e+00 3.745146874e+00 1.588659545e+00
3.174348697e+02 6.730660922e+00 3.787525959e+00 1.505411092e+00
3.246492986e+02 6.755587574e+00 3.828014611e+00 1.426144870e+00
3.318637275e+02 6.779469557e+00 3.866674306e+00 1.350708824e+00
3.390781563e+02 6.802331543e+00 3.903566471e+00 1.278952787e+00
3.462925852e+02 6.824199663e+00 3.938752348e+00 1.210728897e+00
3.535070140e+02 6.845101262e+00 3.972292842e+00 1.145891976e+00
3.607214429e+02 6.865064705e+00 4.004248404e+00 1.084299858e+00
3.679358717e+02 6.884119058e+00 4.034678764e+00 1.025813660e+00
3.751503006e+02 6.902293732e+00 4.063642677e+00 9.702979918e-01
3.823647295e+02 6.919618758e+00 4.091198265e+00 9.176211619e-01
3.895791583e+02 6.936124059e+00 4.117402311e+00 8.676553038e-01
3.967935872e+02 6.951839634e+00 4.142310517e+00 8.202765010e-01
4.040080160e+02 6.966795309e+00 4.165977300e+00 7.753648504e-01
4.112224449e+02 6.981020667e+00 4.188455774e+00 7.328045427e-01
4.184368737e+02 6.994544885e+00 4.209797606e+00 6.924838716e-01
4.256513026e+02 7.007396590e+00 4.230052921e+00 6.542952132e-01
4.328657315e+02 7.019604033e+00 4.249270539e+00 6.181350419e-01
4.400801603e+02 7.031194741e+00 4.267497637e+00 5.839038689e-01
4.472945892e+02 7.042195588e+00 4.284779859e+00 5.515062065e-01
4.545090180e+02 7.052632740e+00 4.301161295e+00 5.208504977e-01
4.617234469e+02 7.062531633e+00 4.316684493e+00 4.918490251e-01
4.689378758e+02 7.071916923e+00 4.331390435e+00 4.644179184e-01
4.761523046e+02 7.080812437e+00 4.345318523e+00 4.384769176e-01
4.833667335e+02 7.089241174e+00 4.358506591e+00 4.139493691e-01
4.905811623e+02 7.097225437e+00 4.370991096e+00 3.907620990e-01
4.977955912e+02 7.104786684e+00 4.382806986e+00 3.688453062e-01
5.050100200e+02 7.111945516e+00 4.393987692e+00 3.481324554e-01
5.122244489e+02 7.118721657e+00 4.404565160e+00 3.285601624e-01
5.194388778e+02 7.125134141e+00 4.414570050e+00 3.100680761e-01
5.266533066e+02 7.131201185e+00 4.424031639e+00 2.925987745e-01
5.338677355e+02 7.136940231e+00 4.432977887e+00 2.760976469e-01
5.410821643e+02 7.142367980e+00 4.441435489e+00 2.605127638e-01
5.482965932e+02 7.147500391e+00 4.449429896e+00 2.457948559e-01
5.555110220e+02 7.152352708e+00 4.456985365e+00 2.318970725e-01
5.627254509e+02 7.156939422e+00 4.464124952e+00 2.187749595e-01
5.699398798e+02 7.161274399e+00 4.470870655e+00 2.063863390e-01
5.771543086e+02 7.165370990e+00 4.477243522e+00 1.946911986e-01
5.843687375e+02 7.169241613e+00 4.483263291e+00 1.836516040e-01
5.915831663e+02 7.172898319e+00 4.488948960e+00 1.732315986e-01
5.987975952e+02 7.176352584e+00 4.494318539e+00 1.633971132e-01
6.060120240e+02 7.179615151e+00 4.499389032e+00 1.541158702e-01
6.132264529e+02 7.182696339e+00 4.504176653e+00 1.453573060e-01
6.204408818e+02 7.185605931e+00 4.508696773e+00 1.370924745e-01
6.276553106e+02 7.188353197e+00 4.512963967e+00 1.292939848e-01
6.348697395e+02 7.190946980e+00 4.516992076e+00 1.219359351e-01
6.420841683e+02 7.193395720e+00 4.520794259e+00 1.149937931e-01
6.492985972e+02 7.195707218e+00 4.524382836e+00 1.084443654e-01
6.565130261e+02 7.197889030e+00 4.527769611e+00 1.022657143e-01
6.637274549e+02 7.199948288e+00 4.530965726e+00 9.643709648e-02
6.709418838e+02 7.201891743e+00 4.533981734e+00 9.093890218e-02
6.781563126e+02 7.203725787e+00 4.536827617e+00 8.575259748e-02
6.853707415e+02 7.205456476e+00 4.539512833e+00 8.086065163e-02
6.925851703e+02 7.207089534e+00 4.542046312e+00 7.624653208e-02
6.997995992e+02 7.208630389e+00 4.544436519e+00 7.189459410e-02
7.070140281e+02 7.210084180e+00 4.546691457e+00 6.779006192e-02
7.142284569e+02 7.211455758e+00 4.548818685e+00 6.391898022e-02
7.214428858e+02 7.212749695e+00 4.550825341e+00 6.026816574e-02
7.286573146e+02 7.213970305e+00 4.552718168e+00 5.682517737e-02
7.358717435e+02 7.215121734e+00 4.554503598e+00 5.357826125e-02
7.430861723e+02 7.216207918e+00 4.556187695e+00 5.051631989e-02
7.503006012e+02 7.217232440e+00 4.557776102e+00 4.762887600e-02
7.575150301e+02 7.218198781e+00 4.559274221e+00 4.490603907e-02
7.647294589e+02 7.219110219e+00 4.560687147e+00 4.233847332e-02
7.719438878e+02 7.219969849e+00 4.562019689e+00 3.991736768e-02
7.791583166e+02 7.220780595e+00 4.563276393e+00 3.763439951e-02
7.863727455e+02 7.221545220e+00 4.564461546e+00 3.548172959e-02
7.935871743e+02 7.222266331e+00 4.565579197e+00 3.345195041e-02
8.008016032e+02 7.222946371e+00 4.566633159e+00 3.153806274e-02
8.080160321e+02 7.223587635e+00 4.567627013e+00 2.973350061e-02
8.152304609e+02 7.224192377e+00 4.568564217e+00 2.803202002e-02
8.224448898e+02 7.224762698e+00 4.569448000e+00 2.642775576e-02
8.296593186e+02 7.225300442e+00 4.570281324e+00 2.491516702e-02
8.368737475e+02 7.225807534e+00 4.571067108e+00 2.348902834e-02
8.440881764e+02 7.226285694e+00 4.571808038e+00 2.214441537e-02
8.513026052e+02 7.226736565e+00 4.572506665e+00 2.087667970e-02
8.585170341e+02 7.227161705e+00 4.573165399e+00 1.968143553e-02
8.657314629e+02 7.227562585e+00 4.573786517e+00 1.855454411e-02
8.729458918e+02 7.227940576e+00 4.574372151e+00 1.749211081e-02
8.801603206e+02 7.228296946e+00 4.574924303e+00 1.649045358e-02
8.873747495e+02 7.228632929e+00 4.575444882e+00 1.554610251e-02
8.945891784e+02 7.228949742e+00 4.575935723e+00 1.465578480e-02
9.018036072e+02 7.229248449e+00 4.576398503e+00 1.381641401e-02
9.090180361e+02 7.229530083e+00 4.576834822e+00 1.302507918e-02
9.162324649e+02 7.229795615e+00 4.577246190e+00 1.227903551e-02
9.234468938e+02 7.230045963e+00 4.577634029e+00 1.157569462e-02
9.306613226e+02 7.230281996e+00 4.577999686e+00 1.091261205e-02
9.378757515e+02 7.230504533e+00 4.578344427e+00 1.028748910e-02
9.450901804e+02 7.230714349e+00 4.578669448e+00 9.698156866e-03
9.523046092e+02 7.230912173e+00 4.578975879e+00 9.142567590e-03
9.595190381e+02 7.231098690e+00 4.579264785e+00 8.618780969e-03
9.667334669e+02 7.231274519e+00 4.579537140e+00 8.125006257e-03
9.739478958e+02 7.231440209e+00 4.579793861e+00 7.659499919e-03
9.811623246e+02 7.231596451e+00 4.580035910e+00 7.220648554e-03
9.883767535e+02 7.231743767e+00 4.580264116e+00 6.806923812e-03
9.955911824e+02 7.231882645e+00 4.580479242e+00 6.416929928e-03
1.002805611e+03 7.232013576e+00 4.580682061e+00 6.049250058e-03
1.010020040e+03 7.232137014e+00 4.580873270e+00 5.702632033e-03
1.017234469e+03 7.232253395e+00 4.581053535e+00 5.375868811e-03
1.024448898e+03 7.232363106e+00 4.581223475e+00 5.067822012e-03
1.031663327e+03 7.232466512e+00 4.581383668e+00 4.777420926e-03
1.038877756e+03 7.232564029e+00 4.581534708e+00 4.503657095e-03
1.046092184e+03 7.232655954e+00 4.581677092e+00 4.245577086e-03
1.053306613e+03 7.232742612e+00 4.581811320e+00 4.002281107e-03
1.060521042e+03 7.232824307e+00 4.581937861e+00 3.772919339e-03
1.067735471e+03 7.232901315e+00 4.582057141e+00 3.556723995e-03
1.074949900e+03 7.232973916e+00 4.582169596e+00 3.352899879e-03
1.082164329e+03 7.233042358e+00 4.582275609e+00 3.160753533e-03
1.089378758e+03 7.233106880e+00 4.582375549e+00 2.979616971e-03
1.096593186e+03 7.233167708e+00 4.582469766e+00 2.808858449e-03
1.103807615e+03 7.233225058e+00 4.582558589e+00 2.647881231e-03
1.111022044e+03 7.233279130e+00 4.582642329e+00 2.496128364e-03
1.118236473e+03 7.233330071e+00 4.582721250e+00 2.353072995e-03
1.125450902e+03 7.233378119e+00 4.582795665e+00 2.218215124e-03
1.132665331e+03 7.233423402e+00 4.582865808e+00 2.091085247e-03
1.139879760e+03 7.233466096e+00 4.582931937e+00 1.971239104e-03
1.147094188e+03 7.233506345e+00 4.582994277e+00 1.858260016e-03
1.154308617e+03 7.233544281e+00 4.583053036e+00 1.751770830e-03
1.161523046e+03 7.233580048e+00 4.583108434e+00 1.651373756e-03
1.168737475e+03 7.233613766e+00 4.583160659e+00 1.556729366e-03
1.175951904e+03 7.233645554e+00 4.583209892e+00 1.467509575e-03
1.183166333e+03 7.233675522e+00 4.583256304e+00 1.383402497e-03
1.190380762e+03 7.233703774e+00 4.583300059e+00 1.304114165e-03
1.197595190e+03 7.233730415e+00 4.583341312e+00 1.229367495e-03
1.204809619e+03 7.233755537e+00 4.583380206e+00 1.158904597e-03
1.212024048e+03 7.233779166e+00 4.583416836e+00 1.092481910e-03
1.219238477e+03 7.233801479e+00 4.583451391e+00 1.029865887e-03
1.226452906e+03 7.233822497e+00 4.583483956e+00 9.708385290e-04
1.233667335e+03 7.233842325e+00 4.583514664e+00 9.151938194e-04
1.240881764e+03 7.233861013e+00 4.583543609e+00 8.627384730e-04
1.248096192e+03 7.233878629e+00 4.583570895e+00 8.132915087e-04
1.255310621e+03 7.233895233e+00 4.583596614e+00 7.666817274e-04
1.262525050e+03 7.233910885e+00 4.583620860e+00 7.227399097e-04
1.269739479e+03 7.233925638e+00 4.583643715e+00 6.813158073e-04
1.276953908e+03 7.233939544e+00 4.583665260e+00 6.422663610e-04
1.284168337e+03 7.233952651e+00 4.583685568e+00 6.054549274e-04
1.291382766e+03 7.233965006e+00 4.583704712e+00 5.707526812e-04
1.298597194e+03 7.233976670e+00 4.583722769e+00 5.380390901e-04
1.305811623e+03 7.233987691e+00 4.583739809e+00 5.072005507e-04
1.313026052e+03 7.233998083e+00 4.583755876e+00 4.781203780e-04
1.320240481e+03 7.234007839e+00 4.583770991e+00 4.507245175e-04
1.327454910e+03 7.234017018e+00 4.583785231e+00 4.248892556e-04
1.334669339e+03 7.234025691e+00 4.583798668e+00 4.005346382e-04
1.341883768e+03 7.234033868e+00 4.583811334e+00 3.775802182e-04
1.349098196e+03 7.234041574e+00 4.583823274e+00 3.559409323e-04
1.356312625e+03 7.234048830e+00 4.583834523e+00 3.355403864e-04
1.363527054e+03 7.234055662e+00 4.583845123e+00 3.163084014e-04
1.370741483e+03 7.234062158e+00 4.583855152e+00 2.981776123e-04
1.377955912e+03 7.234068245e+00 4.583864582e+00 2.810869627e-04
1.385170341e+03 7.234073988e+00 4.583873475e+00 2.649731206e-04
1.392384770e+03 7.234079397e+00 4.583881856e+00 2.497812372e-04
1.399599198e+03 7.234084496e+00 4.583889756e+00 2.354611062e-04
1.406813627e+03 7.234089306e+00 4.583897205e+00 2.219646224e-04
1.414028056e+03 7.234093853e+00 4.583904232e+00 2.092506686e-04
1.421242485e+03 7.234098165e+00 4.583910874e+00 1.972608868e-04
1.428456914e+03 7.234102153e+00 4.583917088e+00 1.859540203e-04
1.435671343e+03 7.234105941e+00 4.583922964e+00 1.752954592e-04
1.442885772e+03 7.234109524e+00 4.583928511e+00 1.652475436e-04
1.450100200e+03 7.234112896e+00 4.583933736e+00 1.557754934e-04
1.457314629e+03 7.234116078e+00 4.583938665e+00 1.468431049e-04
1.464529058e+03 7.234119079e+00 4.583943312e+00 1.384221059e-04
1.471743487e+03 7.234121907e+00 4.583947693e+00 1.304823711e-04
1.478957916e+03 7.234124573e+00 4.583951822e+00 1.230002421e-04
1.486172345e+03 7.234127086e+00 4.583955714e+00 1.159480757e-04
1.493386774e+03 7.234129452e+00 4.583959378e+00 1.093091024e-04
1.500601202e+03 7.234131682e+00 4.583962832e+00 1.030506743e-04
1.507815631e+03 7.234133788e+00 4.583966092e+00 9.714504598e-05
1.515030060e+03 7.234135774e+00 4.583969166e+00 9.157810042e-05
1.522244489e+03 7.234137651e+00 4.583972067e+00 8.632977660e-05
1.529458918e+03 7.234139412e+00 4.583974796e+00 8.138123552e-05
1.536673347e+03 7.234141060e+00 4.583977361e+00 7.671660897e-05
1.543887776e+03 7.234142634e+00 4.583979792e+00 7.231930075e-05
1.551102204e+03 7.234144109e+00 4.583982079e+00 6.817391382e-05
1.558316633e+03 7.234145501e+00 4.583984235e+00 6.426613138e-05
1.565531062e+03 7.234146815e+00 4.583986270e+00 6.057847544e-05
1.572745491e+03 7.234148053e+00 4.583988188e+00 5.710309042e-05
1.579959920e+03 7.234149220e+00 4.583989996e+00 5.382618849e-05
1.587174349e+03 7.234150317e+00 4.583991695e+00 5.074746631e-05
1.594388778e+03 7.234151352e+00 4.583993303e+00 4.782730093e-05
1.601603206e+03 7.234152323e+00 4.583994813e+00 4.508381026e-05
1.608817635e+03 7.234153247e+00 4.583996241e+00 4.250015176e-05
1.616032064e+03 7.234154131e+00 4.583997595e+00 4.006410312e-05
1.623246493e+03 7.234154948e+00 4.583998861e+00 3.776768701e-05
1.630460922e+03 7.234155713e+00 4.584000052e+00 3.560283334e-05
1.637675351e+03 7.234156441e+00 4.584001179e+00 3.356204766e-05
1.644889780e+03 7.234157126e+00 4.584002241e+00 3.163762336e-05
1.652104208e+03 7.234157773e+00 4.584003243e+00 2.982331839e-05
1.659318637e+03 7.234158384e+00 4.584004187e+00 2.811274581e-05
1.666533066e+03 7.234158961e+00 4.584005078e+00 2.650051363e-05
1.673747495e+03 7.234159508e+00 4.584005921e+00 2.498062768e-05
1.680961924e+03 7.234160038e+00 4.584006724e+00 2.354587389e-05
1.688176353e+03 7.234160552e+00 4.584007490e+00 2.219485563e-05
1.695390782e+03 7.234160966e+00 4.584008168e+00 2.092256385e-05
1.702605210e+03 7.234161368e+00 4.584008813e+00 1.972322547e-05
1.709819639e+03 7.234161774e+00 4.584009440e+00 1.859267019e-05
1.717034068e+03 7.234162154e+00 4.584010028e+00 1.752692144e-05
1.724248497e+03 7.234162512e+00 4.584010582e+00 1.652227949e-05
1.731462926e+03 7.234162850e+00 4.584011105e+00 1.557558275e-05
1.738677355e+03 7.234163172e+00 4.584011600e+00 1.468346325e-05
1.745891784e+03 7.234163479e+00 4.584012069e+00 1.384238500e-05
1.753106212e+03 7.234163769e+00 4.584012512e+00 1.304899397e-05
1.760320641e+03 7.234164023e+00 4.584012916e+00 1.230103493e-05
1.767535070e+03 7.234164253e+00 4.584013292e+00 1.159595868e-05
1.774749499e+03 7.234164499e+00 4.584013664e+00 1.093129550e-05
1.781963928e+03 7.234164727e+00 4.584014013e+00 1.030470231e-05
1.789178357e+03 7.234164938e+00 4.584014339e+00 9.714027499e-06
1.796392786e+03 7.234165136e+00 4.584014647e+00 9.157129155e-06
1.803607214e+03 7.234165323e+00 4.584014936e+00 8.632260203e-06
1.810821643e+03 7.234165499e+00 4.584015209e+00 8.137302057e-06
1.818036072e+03 7.234165666e+00 4.584015467e+00 7.670996359e-06
1.825250501e+03 7.234165824e+00 4.584015710e+00 7.231313636e-06
1.832464930e+03 7.234165972e+00 4.584015940e+00 6.816829044e-06
1.839679359e+03 7.234166113e+00 4.584016156e+00 6.426137983e-06
1.846893788e+03 7.234166244e+00 4.584016359e+00 6.057992137e-06
1.854108216e+03 7.234166367e+00 4.584016550e+00 5.710933177e-06
1.861322645e+03 7.234166482e+00 4.584016730e+00 5.383812074e-06
1.868537074e+03 7.234166591e+00 4.584016900e+00 5.075584905e-06
1.875751503e+03 7.234166694e+00 4.584017060e+00 4.784877840e-06
1.882965932e+03 7.234166791e+00 4.584017211e+00 4.510970650e-06
1.890180361e+03 7.234166883e+00 4.584017353e+00 4.252773195e-06
1.897394790e+03 7.234166970e+00 4.584017487e+00 4.009307746e-06
1.904609218e+03 7.234167052e+00 4.584017614e+00 3.779789974e-06
1.911823647e+03 7.234167129e+00 4.584017734e+00 3.563403743e-06
1.919038076e+03 7.234167202e+00 4.584017846e+00 3.359469831e-06
1.926252505e+03 7.234167271e+00 4.584017952e+00 3.167505575e-06
1.933466934e+03 7.234167336e+00 4.584018053e+00 2.986454650e-06
1.940681363e+03 7.234167397e+00 4.584018147e+00 2.815642890e-06
1.947895792e+03 7.234167454e+00 4.584018236e+00 2.654467413e-06
1.955110220e+03 7.234167508e+00 4.584018320e+00 2.502396615e-06
1.962324649e+03 7.234167559e+00 4.584018399e+00 2.358873839e-06
1.969539078e+03 7.234167608e+00 4.584018474e+00 2.223007541e-06
1.976753507e+03 7.234167654e+00 4.584018545e+00 2.094702006e-06
1.983967936e+03 7.234167697e+00 4.584018612e+00 1.973623121e-06
1.991182365e+03 7.234167738e+00 4.584018675e+00 1.859500108e-06
1.998396794e+03 7.234167776e+00 4.584018734e+00 1.752125519e-06
2.005611222e+03 7.234167811e+00 4.584018789e+00 1.651355240e-06
2.012825651e+03 7.234167845e+00 4.584018842e+00 1.555297194e-06
2.020040080e+03 7.234167878e+00 4.584018892e+00 1.464628012e-06
2.027254509e+03 7.234167908e+00 4.584018939e+00 1.379184151e-06
2.034468938e+03 7.234167937e+00 4.584018984e+00 1.298794644e-06
2.041683367e+03 7.234167963e+00 4.584019025e+00 1.223328121e-06
2.048897796e+03 7.234167988e+00 4.584019064e+00 1.152692800e-06
2.056112224e+03 7.234168012e+00 4.584019101e+00 1.085736106e-06
2.063326653e+03 7.234168035e+00 4.584019136e+00 1.022408189e-06
2.070541082e+03 7.234168056e+00 4.584019169e+00 9.628106208e-07
2.077755511e+03 7.234168076e+00 4.584019200e+00 9.067794098e-07
2.084969940e+03 7.234168094e+00 4.584019229e+00 8.541702415e-07
2.092184369e+03 7.234168112e+00 4.584019256e+00 8.048584791e-07
2.099398798e+03 7.234168129e+00 4.584019282e+00 7.584178113e-07
2.106613226e+03 7.234168144e+00 4.584019306e+00 7.145044463e-07
2.113827655e+03 7.234168159e+00 4.584019329e+00 6.731823573e-07
2.121042084e+03 7.234168173e+00 4.584019350e+00 6.343052267e-07
2.128256513e+03 7.234168186e+00 4.584019370e+00 5.977375735e-07
2.135470942e+03 7.234168198e+00 4.584019389e+00 5.633547532e-07
2.142685371e+03 7.234168210e+00 4.584019407e+00 5.309880682e-07
2.149899800e+03 7.234168221e+00 4.584019424e+00 5.003964462e-07
2.157114228e+03 7.234168231e+00 4.584019440e+00 4.715679894e-07
2.164328657e+03 7.234168241e+00 4.584019455e+00 4.443989985e-07
2.171543086e+03 7.234168250e+00 4.584019469e+00 4.187948584e-07
2.178757515e+03 7.234168259e+00 4.584019483e+00 3.946700384e-07
2.185971944e+03 7.234168267e+00 4.584019495e+00 3.719480915e-07
2.193186373e+03 7.234168274e+00 4.584019507e+00 3.505616553e-07
2.200400802e+03 7.234168282e+00 4.584019518e+00 3.302799020e-07
2.207615230e+03 7.234168288e+00 4.584019529e+00 3.111357597e-07
2.214829659e+03 7.234168295e+00 4.584019539e+00 2.930751582e-07
2.222044088e+03 7.234168301e+00 4.584019548e+00 2.760477917e-07
2.229258517e+03 7.234168307e+00 4.584019557e+00 2.600110064e-07
2.236472946e+03 7.234168312e+00 4.584019565e+00 2.449297998e-07
2.243687375e+03 7.234168317e+00 4.584019573e+00 2.307768210e-07
2.250901804e+03 7.234168322e+00 4.584019580e+00 2.173488877e-07
2.258116232e+03 7.234168326e+00 4.584019587e+00 2.046001488e-07
2.265330661e+03 7.234168330e+00 4.584019594e+00 1.925741915e-07
2.272545090e+03 7.234168334e+00 4.584019600e+00 1.812419130e-07
2.279759519e+03 7.234168338e+00 4.584019606e+00 1.705793986e-07
2.286973948e+03 7.234168342e+00 4.584019612e+00 1.605679212e-07
2.294188377e+03 7.234168345e+00 4.584019617e+00 1.511939420e-07
2.301402806e+03 7.234168348e+00 4.584019622e+00 1.423744314e-07
2.308617234e+03 7.234168351e+00 4.584019626e+00 1.339454172e-07
2.315831663e+03 7.234168354e+00 4.584019631e+00 1.260041735e-07
2.323046092e+03 7.234168357e+00 4.584019635e+00 1.185301369e-07
2.330260521e+03 7.234168359e+00 4.584019639e+00 1.115057639e-07
2.337474950e+03 7.234168362e+00 4.584019642e+00 1.049165304e-07
2.344689379e+03 7.234168364e+00 4.584019646e+00 9.875093208e-08
2.351903808e+03 7.234168366e+00 4.584019649e+00 9.300048422e-08
2.359118236e+03 7.234168368e+00 4.584019652e+00 8.749247772e-08
2.366332665e+03 7.234168369e+00 4.584019655e+00 8.231013584e-08
2.373547094e+03 7.234168371e+00 4.584019657e+00 7.743733570e-08
2.380761523e+03 7.234168373e+00 4.584019660e+00 7.285957203e-08
2.387975952e+03 7.234168374e+00 4.584019662e+00 6.856401713e-08
2.395190381e+03 7.234168376e+00 4.584019665e+00 6.453952086e-08
2.402404810e+03 7.234168377e+00 4.584019667e+00 6.077661066e-08
2.409619238e+03 7.234168379e+00 4.584019669e+00 5.717850417e-08
2.416833667e+03 7.234168380e+00 4.584019671e+00 5.374848977e-08
2.424048096e+03 7.234168381e+00 4.584019673e+00 5.051219157e-08
2.431262525e+03 7.234168382e+00 4.584019674e+00 4.746026124e-08
2.438476954e+03 7.234168383e+00 4.584019676e+00 4.458467624e-08
2.445691383e+03 7.234168384e+00 4.584019677e+00 4.187873985e-08
2.452905812e+03 7.234168385e+00 4.584019679e+00 3.933708114e-08
2.460120240e+03 7.234168386e+00 4.584019680e+00 3.695565502e-08
2.467334669e+03 7.234168387e+00 4.584019681e+00 3.473174218e-08
2.474549098e+03 7.234168387e+00 4.584019682e+00 3.266394915e-08
2.481763527e+03 7.234168388e+00 4.584019683e+00 3.075220823e-08
2.488977956e+03 7.234168389e+00 4.584019684e+00 2.888837527e-08
2.496192385e+03 7.234168389e+00 4.584019685e+00 2.707711237e-08
2.503406814e+03 7.234168390e+00 4.584019686e+00 2.536569189e-08
2.510621242e+03 7.234168390e+00 4.584019687e+00 2.375082153e-08
2.517835671e+03 7.234168391e+00 4.584019688e+00 2.223007852e-08
2.525050100e+03 7.234168391e+00 4.584019689e+00 2.080190969e-08
2.532264529e+03 7.234168392e+00 4.584019689e+00 1.946563138e-08
2.539478958e+03 7.234168392e+00 4.584019690e+00 1.822142954e-08
2.546693387e+03 7.234168393e+00 4.584019691e+00 1.707035966e-08
2.553907816e+03 7.234168393e+00 4.584019691e+00 1.601434677e-08
2.561122244e+03 7.234168394e+00 4.584019692e+00 1.505618551e-08
2.568336673e+03 7.234168394e+00 4.584019692e+00 1.410708843e-08
2.575551102e+03 7.234168394e+00 4.584019693e+00 1.316449477e-08
2.582765531e+03 7.234168395e+00 4.584019693e+00 1.227642396e-08
2.589979960e+03 7.234168395e+00 4.584019694e+00 1.144153993e-08
2.597194389e+03 7.234168395e+00 4.584019694e+00 1.065896841e-08
2.604408818e+03 7.234168395e+00 4.584019695e+00 9.928296913e-09
2.611623246e+03 7.234168396e+00 4.584019695e+00 9.249574706e-09
2.618837675e+03 7.234168396e+00 4.584019695e+00 8.623312859e-09
2.626052104e+03 7.234168396e+00 4.584019696e+00 8.050484216e-09
2.633266533e+03 7.234168396e+00 4.584019696e+00 7.532523402e-09
2.640480962e+03 7.234168396e+00 4.584019696e+00 7.071326824e-09
2.647695391e+03 7.234168397e+00 4.584019697e+00 6.614413835e-09
2.654909820e+03 7.234168397e+00 4.584019697e+00 6.154569208e-09
2.662124248e+03 7.234168397e+00 4.584019697e+00 5.724284153e-09
2.669338677e+03 7.234168397e+00 4.584019697e+00 5.322523807e-09
2.676553106e+03 7.234168397e+00 4.584019697e+00 4.948458567e-09
2.683767535e+03 7.234168397e+00 4.584019698e+00 4.601464082e-09
2.690981964e+03 7.234168397e+00 4.584019698e+00 4.281121259e-09
2.698196393e+03 7.234168398e+00 4.584019698e+00 3.987216260e-09
2.705410822e+03 7.234168398e+00 4.584019698e+00 3.719740504e-09
2.712625251e+03 7.234168398e+00 4.584019698e+00 3.478890666e-09
2.719839679e+03 7.234168398e+00 4.584019698e+00 3.265068676e-09
2.727054108e+03 7.234168398e+00 4.584019699e+00 3.067424839e-09
2.734268537e+03 7.234168398e+00 4.584019699e+00 2.855237043e-09
2.741482966e+03 7.234168398e+00 4.584019699e+00 2.658855759e-09
2.748697395e+03 7.234168398e+00 4.584019699e+00 2.477080531e-09
2.755911824e+03 7.234168398e+00 4.584019699e+00 2.308891028e-09
2.763126253e+03 7.234168398e+00 4.584019699e+00 2.153437173e-09
2.770340681e+03 7.234168398e+00 4.584019699e+00 2.010029277e-09
2.777555110e+03 7.234168398e+00 4.584019699e+00 1.878128177e-09
2.784769539e+03 7.234168398e+00 4.584019699e+00 1.757335366e-09
2.791983968e+03 7.234168398e+00 4.584019699e+00 1.647383130e-09
2.799198397e+03 7.234168398e+00 4.584019699e+00 1.548124678e-09
2.806412826e+03 7.234168398e+00 4.584019699e+00 1.452677189e-09
2.813627255e+03 7.234168398e+00 4.584019699e+00 1.358585320e-09
2.820841683e+03 7.234168399e+00 4.584019699e+00 1.271039562e-09
2.828056112e+03 7.234168399e+00 4.584019700e+00 1.189690402e-09
2.835270541e+03 7.234168399e+00 4.584019700e+00 1.114217044e-09
2.842484970e+03 7.234168399e+00 4.584019700e+00 1.044316189e-09
2.849699399e+03 7.234168399e+00 4.584019700e+00 9.796908229e-10
2.856913828e+03 7.234168399e+00 4.584019700e+00 9.200389966e-10
2.864128257e+03 7.234168399e+00 4.584019700e+00 8.650426139e-10
2.871342685e+03 7.234168399e+00 4.584019700e+00 8.143562127e-10
2.878557114e+03 7.234168399e+00 4.584019700e+00 7.675957502e-10
2.885771543e+03 7.234168399e+00 4.584019700e+00 7.243273867e-10
2.892985972e+03 7.234168399e+00 4.584019700e+00 6.840562694e-10
2.900200401e+03 7.234168399e+00 4.584019700e+00 6.462153167e-10
2.907414830e+03 7.234168399e+00 4.584019700e+00 6.101540018e-10
2.914629259e+03 7.234168399e+00 4.584019700e+00 5.895338320e-10
2.921843687e+03 7.234168399e+00 4.584019700e+00 5.752491727e-10
2.929058116e+03 7.234168399e+00 4.584019700e+00 5.654422195e-10
2.936272545e+03 7.234168399e+00 4.584019700e+00 5.597147706e-10
2.943486974e+03 7.234168399e+00 4.584019700e+00 5.575792819e-10
2.950701403e+03 7.234168399e+00 4.584019700e+00 5.584492131e-10
2.957915832e+03 7.234168399e+00 4.584019700e+00 5.616293725e-10
2.965130261e+03 7.234168399e+00 4.584019700e+00 5.663062627e-10
2.972344689e+03 7.234168399e+00 4.584019700e+00 5.715384256e-10
2.979559118e+03 7.234168399e+00 4.584019700e+00 5.762467883e-10
2.986773547e+03 7.234168399e+00 4.584019700e+00 5.792050080e-10
2.993987976e+03 7.234168399e+00 4.584019700e+00 5.790298173e-10
3.001202405e+03 7.234168399e+00 4.584019700e+00 5.741713702e-10
3.008416834e+03 7.234168399e+00 4.584019700e+00 5.629035867e-10
3.015631263e+03 7.234168399e+00 4.584019700e+00 5.554689567e-10
3.022845691e+03 7.234168399e+00 4.584019700e+00 5.797663045e-10
3.030060120e+03 7.234168399e+00 4.584019700e+00 6.062900383e-10
3.037274549e+03 7.234168399e+00 4.584019700e+00 6.345728478e-10
3.044488978e+03 7.234168399e+00 4.584019700e+00 6.640747510e-10
3.051703407e+03 7.234168399e+00 4.584019700e+00 6.941782571e-10
3.058917836e+03 7.234168399e+00 4.584019700e+00 7.241835299e-10
3.066132265e+03 7.234168399e+00 4.584019700e+00 7.533035507e-10
3.073346693e+03 7.234168399e+00 4.584019700e+00 7.806592818e-10
3.080561122e+03 7.234168399e+00 4.584019700e+00 8.052748290e-10
3.087775551e+03 7.234168399e+00 4.584019700e+00 8.260726053e-10
3.094989980e+03 7.234168399e+00 4.584019700e+00 8.418684941e-10
3.102204409e+03 7.234168399e+00 4.584019700e+00 8.513670117e-10
3.109418838e+03 7.234168399e+00 4.584019700e+00 8.531564712e-10
3.116633267e+03 7.234168399e+00 4.584019700e+00 8.457041450e-10
3.123847695e+03 7.234168399e+00 4.584019700e+00 8.535914985e-10
3.131062124e+03 7.234168399e+00 4.584019700e+00 8.732542514e-10
3.138276553e+03 7.234168399e+00 4.584019700e+00 8.916573569e-10
3.145490982e+03 7.234168399e+00 4.584019700e+00 9.085333920e-10
3.152705411e+03 7.234168399e+00 4.584019700e+00 9.236002101e-10
3.159919840e+03 7.234168399e+00 4.584019700e+00 9.365601969e-10
3.167134269e+03 7.234168399e+00 4.584019700e+00 9.470995251e-10
3.174348697e+03 7.234168399e+00 4.584019700e+00 9.548874103e-10
3.181563126e+03 7.234168399e+00 4.584019700e+00 9.595753658e-10
3.188777555e+03 7.234168399e+00 4.584019700e+00 9.607964584e-10
3.195991984e+03 7.234168399e+00 4.584019700e+00 9.581645631e-10
3.203206413e+03 7.234168399e+00 4.584019700e+00 9.512736191e-10
3.210420842e+03 7.234168398e+00 4.584019700e+00 9.396968844e-10
3.217635271e+03 7.234168398e+00 4.584019700e+00 9.229861917e-10
3.224849699e+03 7.234168398e+00 4.584019700e+00 9.008866777e-10
3.232064128e+03 7.234168398e+00 4.584019700e+00 8.884435542e-10
3.239278557e+03 7.234168398e+00 4.584019700e+00 8.739296701e-10
3.246492986e+03 7.234168398e+00 4.584019700e+00 8.574386987e-10
3.253707415e+03 7.234168398e+00 4.584019700e+00 8.390864436e-10
3.260921844e+03 7.234168398e+00 4.584019700e+00 8.190116069e-10
3.268136273e+03 7.234168398e+00 4.584019700e+00 7.973765563e-10
3.275350701e+03 7.234168398e+00 4.584019700e+00 7.743680924e-10
3.282565130e+03 7.234168399e+00 4.584019700e+00 7.501982169e-10
3.289779559e+03 7.234168399e+00 4.584019700e+00 7.251048994e-10
3.296993988e+03 7.234168399e+00 4.584019700e+00 6.993528452e-10
3.304208417e+03 7.234168399e+00 4.584019700e+00 6.732342628e-10
3.311422846e+03 7.234168399e+00 4.584019700e+00 6.470696317e-10
3.318637275e+03 7.234168399e+00 4.584019700e+00 6.212084690e-10
3.325851703e+03 7.234168399e+00 4.584019700e+00 5.960300981e-10
3.333066132e+03 7.234168399e+00 4.584019700e+00 5.691588875e-10
3.340280561e+03 7.234168399e+00 4.584019700e+00 5.380201342e-10
3.347494990e+03 7.234168399e+00 4.584019700e+00 5.065585092e-10
3.354709419e+03 7.234168399e+00 4.584019700e+00 4.749618924e-10
3.361923848e+03 7.234168399e+00 4.584019700e+00 4.434284650e-10
3.369138277e+03 7.234168399e+00 4.584019700e+00 4.121667392e-10
3.376352705e+03 7.234168399e+00 4.584019700e+00 3.813955881e-10
3.383567134e+03 7.234168399e+00 4.584019700e+00 3.513442753e-10
3.390781563e+03 7.234168399e+00 4.584019700e+00 3.222524850e-10
3.397995992e+03 7.234168399e+00 4.584019700e+00 2.943703515e-10
3.405210421e+03 7.234168399e+00 4.584019700e+00 2.679584891e-10
3.412424850e+03 7.234168399e+00 4.584019700e+00 2.432880217e-10
3.419639279e+03 7.234168398e+00 4.584019700e+00 2.206406130e-10
3.426853707e+03 7.234168398e+00 4.584019700e+00 2.003084959e-10
3.434068136e+03 7.234168398e+00 4.584019699e+00 1.825945022e-10
3.441282565e+03 7.234168398e+00 4.584019699e+00 1.609125552e-10
3.448496994e+03 7.234168397e+00 4.584019699e+00 1.384581594e-10
3.455711423e+03 7.234168397e+00 4.584019699e+00 1.171883829e-10
3.462925852e+03 7.234168397e+00 4.584019699e+00 9.717672355e-11
3.470140281e+03 7.234168397e+00 4.584019699e+00 7.849078378e-11
3.477354709e+03 7.234168397e+00 4.584019699e+00 6.119185971e-11
3.484569138e+03 7.234168397e+00 4.584019699e+00 4.533452950e-11
3.491783567e+03 7.234168397e+00 4.584019699e+00 3.096624207e-11
3.498997996e+03 7.234168397e+00 4.584019699e+00 1.812690569e-11
3.506212425e+03 7.234168397e+00 4.584019699e+00 6.848476620e-12
3.513426854e+03 7.234168397e+00 4.584019699e+00 -2.845452288e-12
3.520641283e+03 7.234168397e+00 4.584019699e+00 -1.094006294e-11
3.527855711e+03 7.234168397e+00 4.584019699e+00 -1.742972340e-11
3.535070140e+03 7.234168398e+00 4.584019699e+00 -2.231839924e-11
3.542284569e+03 7.234168398e+00 4.584019699e+00 -2.562006494e-11
3.549498998e+03 7.234168398e+00 4.584019700e+00 -2.735911528e-11
3.556713427e+03 7.234168398e+00 4.584019700e+00 -2.757077667e-11
3.563927856e+03 7.234168399e+00 4.584019700e+00 -2.651644538e-11
3.571142285e+03 7.234168399e+00 4.584019700e+00 -2.469653942e-11
3.578356713e+03 7.234168399e+00 4.584019700e+00 -2.172570697e-11
3.585571142e+03 7.234168399e+00 4.584019700e+00 -1.770997363e-11
3.592785571e+03 7.234168399e+00 4.584019700e+00 -1.276970629e-11
3.600000000e+03 7.234168399e+00 4.584019701e+00 -7.040063536e-12
