time            Cj              Ck              Br              shCj            shCk            shBr            O1              O2             
0.000000000e+00 4.000000000e+00 1.000000000e-05 4.000000000e+00 0.000000000e+00 0.000000000e+00 4.000000000e+00 4.000000000e+00 4.000000000e+00
8.016032064e+01 3.626106752e+00 4.960543808e-02 3.924676981e+00 1.465693189e-04 1.324161697e-02 3.999791920e+00 4.085918646e+00 3.914081354e+00
1.603206413e+02 3.627830755e+00 1.271251694e-01 3.848218698e+00 6.689111127e-04 2.644497903e-02 3.999151756e+00 4.171758048e+00 3.828241952e+00
2.404809619e+02 3.631104737e+00 2.045401277e-01 3.771709990e+00 1.573181788e-03 3.966082084e-02 3.998067463e+00 4.257439252e+00 3.742560748e+00
3.206412826e+02 3.635710533e+00 2.806805174e-01 3.695207723e+00 2.859542182e-03 5.290014712e-02 3.996526670e+00 4.342883886e+00 3.657116114e+00
4.008016032e+02 3.641563824e+00 3.555367027e-01 3.618776361e+00 4.528329225e-03 6.617383794e-02 3.994516836e+00 4.428014451e+00 3.571985549e+00
4.809619238e+02 3.648585183e+00 4.291284271e-01 3.542480033e+00 6.580049382e-03 7.949275637e-02 3.992025254e+00 4.512754587e+00 3.487245413e+00
5.611222445e+02 3.656697380e+00 5.014746655e-01 3.466382150e+00 9.015371113e-03 9.286774194e-02 3.989039071e+00 4.597029341e+00 3.402970659e+00
6.412825651e+02 3.665825382e+00 5.725929308e-01 3.390545184e+00 1.183512070e-02 1.063096056e-01 3.985545292e+00 4.680765461e+00 3.319234539e+00
7.214428858e+02 3.675896317e+00 6.424994558e-01 3.315030508e+00 1.504026907e-02 1.198291260e-01 3.981530806e+00 4.763891594e+00 3.236108406e+00
8.016032064e+02 3.686839522e+00 7.112093049e-01 3.239898214e+00 1.863192570e-02 1.334370431e-01 3.976982396e+00 4.846338540e+00 3.153661460e+00
8.817635271e+02 3.698586573e+00 7.787365192e-01 3.165206935e+00 2.261132831e-02 1.471440519e-01 3.971886760e+00 4.928039473e+00 3.071960527e+00
9.619238477e+02 3.711071291e+00 8.450942474e-01 3.091013698e+00 2.697983253e-02 1.609607956e-01 3.966230530e+00 5.008930129e+00 2.991069871e+00
1.042084168e+03 3.724229758e+00 9.102948695e-01 3.017373777e+00 3.173890098e-02 1.748978578e-01 3.960000293e+00 5.088948985e+00 2.911051015e+00
1.122244489e+03 3.738000336e+00 9.743501327e-01 2.944340535e+00 3.689009000e-02 1.889657533e-01 3.953182616e+00 5.168037446e+00 2.831962554e+00
1.202404810e+03 3.752323672e+00 1.037271252e+00 2.871965314e+00 4.243503784e-02 2.031749188e-01 3.945764074e+00 5.246139969e+00 2.753860031e+00
1.282565130e+03 3.767142704e+00 1.099069007e+00 2.800297333e+00 4.837545197e-02 2.175357035e-01 3.937731271e+00 5.323204175e+00 2.676795825e+00
1.362725451e+03 3.782402662e+00 1.159753845e+00 2.729383585e+00 5.471309416e-02 2.320583574e-01 3.929070870e+00 5.399180946e+00 2.600819054e+00
1.442885772e+03 3.798051063e+00 1.219335977e+00 2.659268741e+00 6.144976550e-02 2.467530196e-01 3.919769627e+00 5.474024526e+00 2.525975474e+00
1.523046092e+03 3.814037708e+00 1.277825462e+00 2.589995081e+00 6.858729009e-02 2.616297054e-01 3.909814422e+00 5.547692569e+00 2.452307431e+00
1.603206413e+03 3.830314666e+00 1.335232283e+00 2.521602425e+00 7.612749865e-02 2.766982926e-01 3.899192291e+00 5.620146192e+00 2.379853808e+00
1.683366733e+03 3.846836262e+00 1.391566421e+00 2.454128089e+00 8.407221087e-02 2.919685073e-01 3.887890467e+00 5.691349993e+00 2.308650007e+00
1.763527054e+03 3.863559050e+00 1.446837905e+00 2.387606860e+00 9.242321657e-02 3.074499077e-01 3.875896414e+00 5.761272035e+00 2.238727965e+00
1.843687375e+03 3.880441791e+00 1.501056872e+00 2.322070970e+00 1.011822566e-01 3.231518678e-01 3.863197871e+00 5.829883839e+00 2.170116161e+00
1.923847695e+03 3.897445424e+00 1.554233620e+00 2.257550073e+00 1.103510034e-01 3.390835616e-01 3.849782891e+00 5.897160364e+00 2.102839636e+00
2.004008016e+03 3.914533032e+00 1.606378645e+00 2.194071259e+00 1.199310394e-01 3.552539433e-01 3.835639884e+00 5.963079943e+00 2.036920057e+00
2.084168337e+03 3.931669800e+00 1.657502677e+00 2.131659061e+00 1.299238353e-01 3.716717294e-01 3.820757668e+00 6.027624225e+00 1.972375775e+00
2.164328657e+03 3.948822982e+00 1.707616710e+00 2.070335474e+00 1.403307285e-01 3.883453788e-01 3.805125510e+00 6.090778108e+00 1.909221892e+00
2.244488978e+03 3.965961848e+00 1.756732028e+00 2.010119987e+00 1.511528998e-01 4.052830728e-01 3.788733175e+00 6.152529643e+00 1.847470357e+00
2.324649299e+03 3.983057642e+00 1.804860217e+00 1.951029630e+00 1.623913494e-01 4.224926934e-01 3.771570981e+00 6.212869933e+00 1.787130067e+00
2.404809619e+03 4.000083527e+00 1.852013179e+00 1.893079019e+00 1.740468733e-01 4.399818016e-01 3.753629845e+00 6.271793024e+00 1.728206976e+00
2.484969940e+03 4.017014531e+00 1.898203141e+00 1.836280410e+00 1.861200386e-01 4.577576162e-01 3.734901337e+00 6.329295799e+00 1.670704201e+00
2.565130261e+03 4.033827497e+00 1.943442661e+00 1.780643767e+00 1.986111585e-01 4.758269895e-01 3.715377734e+00 6.385377844e+00 1.614622156e+00
2.645290581e+03 4.050501017e+00 1.987744619e+00 1.726176833e+00 2.115202667e-01 4.941963853e-01 3.695052072e+00 6.440041318e+00 1.559958682e+00
2.725450902e+03 4.067015378e+00 2.031122220e+00 1.672885200e+00 2.248470926e-01 5.128718548e-01 3.673918202e+00 6.493290830e+00 1.506709170e+00
2.805611222e+03 4.083352497e+00 2.073588983e+00 1.620772390e+00 2.385910351e-01 5.318590132e-01 3.651970842e+00 6.545133292e+00 1.454866708e+00
2.885771543e+03 4.099495864e+00 2.115158729e+00 1.569839942e+00 2.527511376e-01 5.511630161e-01 3.629205634e+00 6.595577783e+00 1.404422217e+00
2.965931864e+03 4.115430473e+00 2.155845568e+00 1.520087499e+00 2.673260622e-01 5.707885353e-01 3.605619196e+00 6.644635412e+00 1.355364588e+00
3.046092184e+03 4.131142762e+00 2.195663883e+00 1.471512893e+00 2.823140653e-01 5.907397361e-01 3.581209176e+00 6.692319172e+00 1.307680828e+00
3.126252505e+03 4.146620548e+00 2.234628312e+00 1.424112240e+00 2.977129722e-01 6.110202532e-01 3.555974303e+00 6.738643804e+00 1.261356196e+00
3.206412826e+03 4.161852965e+00 2.272753727e+00 1.377880034e+00 3.135201549e-01 6.316331692e-01 3.529914438e+00 6.783625658e+00 1.216374342e+00
3.286573146e+03 4.176830398e+00 2.310055220e+00 1.332809233e+00 3.297325060e-01 6.525809912e-01 3.503030628e+00 6.827282556e+00 1.172717444e+00
3.366733467e+03 4.191544422e+00 2.346548065e+00 1.288891363e+00 3.463464195e-01 6.738656307e-01 3.475325143e+00 6.869633659e+00 1.130366341e+00
3.446893788e+03 4.205987738e+00 2.382247713e+00 1.246116605e+00 3.633577680e-01 6.954883828e-01 3.446801528e+00 6.910699338e+00 1.089300662e+00
3.527054108e+03 4.220154115e+00 2.417169755e+00 1.204473890e+00 3.807618836e-01 7.174499074e-01 3.417464644e+00 6.950501043e+00 1.049498957e+00
3.607214429e+03 4.234038323e+00 2.451329901e+00 1.163950989e+00 3.985535399e-01 7.397502116e-01 3.387320699e+00 6.989061191e+00 1.010938809e+00
3.687374749e+03 4.247636077e+00 2.484743960e+00 1.124534609e+00 4.167269323e-01 7.623886313e-01 3.356377296e+00 7.026403034e+00 9.735969659e-01
3.767535070e+03 4.260943992e+00 2.517427818e+00 1.086210471e+00 4.352756719e-01 7.853638240e-01 3.324643447e+00 7.062550564e+00 9.374494361e-01
3.847695391e+03 4.273959503e+00 2.549397402e+00 1.048963405e+00 4.541927620e-01 8.086737467e-01 3.292129610e+00 7.097528392e+00 9.024716078e-01
3.927855711e+03 4.286680821e+00 2.580668662e+00 1.012777429e+00 4.734705899e-01 8.323156471e-01 3.258847709e+00 7.131361651e+00 8.686383486e-01
4.008016032e+03 4.299106892e+00 2.611257557e+00 9.776358275e-01 4.931009293e-01 8.562860659e-01 3.224811140e+00 7.164075908e+00 8.359240918e-01
4.088176353e+03 4.311237332e+00 2.641180022e+00 9.435212409e-01 5.130749195e-01 8.805808158e-01 3.190034798e+00 7.195697051e+00 8.043029488e-01
4.168336673e+03 4.323072378e+00 2.670451948e+00 9.104157271e-01 5.333830729e-01 9.051949892e-01 3.154535065e+00 7.226251228e+00 7.737487720e-01
4.248496994e+03 4.334612848e+00 2.699089165e+00 8.783008419e-01 5.540152711e-01 9.301229532e-01 3.118329813e+00 7.255764752e+00 7.442352480e-01
4.328657315e+03 4.345860088e+00 2.727107417e+00 8.471577095e-01 5.749607645e-01 9.553583491e-01 3.081438408e+00 7.284264025e+00 7.157359753e-01
4.408817635e+03 4.356815936e+00 2.754522348e+00 8.169670787e-01 5.962081871e-01 9.808941056e-01 3.043881670e+00 7.311775483e+00 6.882245167e-01
4.488977956e+03 4.367482673e+00 2.781349476e+00 7.877093992e-01 6.177455527e-01 1.006722435e+00 3.005681881e+00 7.338325512e+00 6.616744879e-01
4.569138277e+03 4.377862988e+00 2.807604187e+00 7.593648684e-01 6.395602779e-01 1.032834857e+00 2.966862730e+00 7.363940405e+00 6.360595953e-01
4.649298597e+03 4.387959943e+00 2.833301711e+00 7.319134923e-01 6.616391932e-01 1.059222206e+00 2.927449291e+00 7.388646301e+00 6.113536991e-01
4.729458918e+03 4.397776926e+00 2.858457107e+00 7.053351441e-01 6.839685551e-01 1.085874643e+00 2.887467988e+00 7.412469129e+00 5.875308709e-01
4.809619238e+03 4.407317631e+00 2.883085255e+00 6.796096004e-01 7.065340806e-01 1.112781691e+00 2.846946521e+00 7.435434580e+00 5.645654201e-01
4.889779559e+03 4.416586016e+00 2.907200837e+00 6.547166027e-01 7.293209569e-01 1.139932242e+00 2.805913841e+00 7.457568044e+00 5.424319558e-01
4.969939880e+03 4.425586278e+00 2.930818329e+00 6.306358893e-01 7.523138796e-01 1.167314596e+00 2.764400064e+00 7.478894592e+00 5.211054082e-01
5.050100200e+03 4.434322824e+00 2.953951988e+00 6.073472372e-01 7.754970821e-01 1.194916484e+00 2.722436404e+00 7.499438936e+00 5.005610635e-01
5.130260521e+03 4.442800238e+00 2.976615844e+00 5.848305094e-01 7.988543585e-01 1.222725100e+00 2.680055123e+00 7.519225394e+00 4.807746062e-01
5.210420842e+03 4.451023268e+00 2.998823693e+00 5.630656728e-01 8.223691157e-01 1.250727142e+00 2.637289412e+00 7.538277877e+00 4.617221234e-01
5.290581162e+03 4.458996790e+00 3.020589084e+00 5.420328452e-01 8.460243972e-01 1.278908840e+00 2.594173337e+00 7.556619854e+00 4.433801462e-01
5.370741483e+03 4.466725796e+00 3.041925317e+00 5.217123150e-01 8.698029323e-01 1.307256004e+00 2.550741732e+00 7.574274342e+00 4.257256577e-01
5.450901804e+03 4.474215370e+00 3.062845436e+00 5.020845676e-01 8.936871791e-01 1.335754065e+00 2.507030101e+00 7.591263891e+00 4.087361094e-01
5.531062124e+03 4.481470662e+00 3.083362223e+00 4.831303192e-01 9.176593603e-01 1.364388112e+00 2.463074538e+00 7.607610555e+00 3.923894452e-01
5.611222445e+03 4.488496886e+00 3.103488197e+00 4.648305243e-01 9.417015218e-01 1.393142948e+00 2.418911600e+00 7.623335903e+00 3.766640973e-01
5.691382766e+03 4.495299288e+00 3.123235605e+00 4.471664066e-01 9.657955700e-01 1.422003127e+00 2.374578222e+00 7.638460993e+00 3.615390074e-01
5.771543086e+03 4.501883142e+00 3.142616424e+00 4.301194714e-01 9.899233256e-01 1.450953007e+00 2.330111598e+00 7.653006373e+00 3.469936271e-01
5.851703407e+03 4.508253731e+00 3.161642362e+00 4.136715186e-01 1.014066572e+00 1.479976803e+00 2.285549075e+00 7.666992079e+00 3.330079208e-01
5.931863727e+03 4.514416335e+00 3.180324846e+00 3.978046645e-01 1.038207103e+00 1.509058627e+00 2.240928052e+00 7.680437623e+00 3.195623771e-01
6.012024048e+03 4.520376220e+00 3.198675035e+00 3.825013436e-01 1.062326775e+00 1.538182543e+00 2.196285856e+00 7.693362001e+00 3.066379987e-01
6.092184369e+03 4.526138629e+00 3.216703809e+00 3.677443256e-01 1.086407553e+00 1.567332618e+00 2.151659648e+00 7.705783690e+00 2.942163102e-01
6.172344689e+03 4.531708768e+00 3.234421775e+00 3.535167219e-01 1.110431565e+00 1.596492969e+00 2.107086306e+00 7.717720647e+00 2.822793534e-01
6.252505010e+03 4.537091804e+00 3.251839269e+00 3.398019898e-01 1.134381145e+00 1.625647809e+00 2.062602328e+00 7.729190318e+00 2.708096823e-01
6.332665331e+03 4.542292850e+00 3.268966354e+00 3.265839445e-01 1.158238881e+00 1.654781501e+00 2.018243721e+00 7.740209636e+00 2.597903641e-01
6.412825651e+03 4.547316964e+00 3.285812824e+00 3.138467569e-01 1.181987664e+00 1.683878599e+00 1.974045908e+00 7.750795032e+00 2.492049682e-01
6.492985972e+03 4.552169139e+00 3.302388206e+00 3.015749605e-01 1.205610727e+00 1.712923893e+00 1.930043631e+00 7.760962436e+00 2.390375640e-01
6.573146293e+03 4.556854297e+00 3.318701763e+00 2.897534537e-01 1.229091691e+00 1.741902457e+00 1.886270857e+00 7.770727287e+00 2.292727133e-01
6.653306613e+03 4.561377289e+00 3.334762498e+00 2.783674980e-01 1.252414602e+00 1.770799681e+00 1.842760701e+00 7.780104539e+00 2.198954609e-01
6.733466934e+03 4.565742885e+00 3.350579156e+00 2.674027228e-01 1.275563971e+00 1.799601321e+00 1.799545327e+00 7.789108670e+00 2.108913299e-01
6.813627255e+03 4.569955773e+00 3.366160225e+00 2.568451204e-01 1.298524809e+00 1.828293526e+00 1.756655891e+00 7.797753690e+00 2.022463096e-01
6.893787575e+03 4.574020557e+00 3.381513948e+00 2.466810469e-01 1.321282653e+00 1.856862874e+00 1.714122464e+00 7.806053151e+00 1.939468486e-01
6.973947896e+03 4.577941749e+00 3.396648319e+00 2.368972209e-01 1.343823610e+00 1.885296413e+00 1.671973960e+00 7.814020155e+00 1.859798449e-01
7.054108216e+03 4.581723776e+00 3.411571090e+00 2.274807176e-01 1.366134365e+00 1.913581670e+00 1.630238098e+00 7.821667365e+00 1.783326353e-01
7.134268537e+03 4.585370967e+00 3.426289776e+00 2.184189695e-01 1.388202221e+00 1.941706698e+00 1.588941328e+00 7.829007013e+00 1.709929868e-01
7.214428858e+03 4.588887561e+00 3.440811662e+00 2.096997595e-01 1.410015110e+00 1.969660081e+00 1.548108807e+00 7.836050915e+00 1.639490850e-01
7.294589178e+03 4.592277700e+00 3.455143800e+00 2.013112175e-01 1.431561610e+00 1.997430963e+00 1.507764359e+00 7.842810476e+00 1.571895244e-01
7.374749499e+03 4.595545431e+00 3.469293023e+00 1.932418170e-01 1.452830971e+00 2.025009067e+00 1.467930421e+00 7.849296702e+00 1.507032983e-01
7.454909820e+03 4.598694706e+00 3.483265944e+00 1.854803678e-01 1.473813108e+00 2.052384696e+00 1.428628058e+00 7.855520212e+00 1.444797876e-01
7.535070140e+03 4.601729377e+00 3.497068963e+00 1.780160128e-01 1.494498627e+00 2.079548759e+00 1.389876911e+00 7.861491249e+00 1.385087506e-01
7.615230461e+03 4.604653205e+00 3.510708271e+00 1.708382207e-01 1.514878819e+00 2.106492768e+00 1.351695205e+00 7.867219687e+00 1.327803127e-01
7.695390782e+03 4.607469849e+00 3.524189855e+00 1.639367805e-01 1.534945664e+00 2.133208844e+00 1.314099744e+00 7.872715045e+00 1.272849554e-01
7.775551102e+03 4.610182877e+00 3.537519505e+00 1.573017966e-01 1.554691838e+00 2.159689728e+00 1.277105893e+00 7.877986494e+00 1.220135062e-01
7.855711423e+03 4.612795760e+00 3.550702816e+00 1.509236805e-01 1.574110700e+00 2.185928767e+00 1.240727613e+00 7.883042871e+00 1.169571286e-01
7.935871743e+03 4.615311875e+00 3.563745196e+00 1.447931459e-01 1.593196294e+00 2.211919924e+00 1.204977449e+00 7.887892689e+00 1.121073111e-01
8.016032064e+03 4.617734506e+00 3.576651868e+00 1.389012016e-01 1.611943336e+00 2.237657764e+00 1.169866559e+00 7.892544142e+00 1.074558579e-01
8.096192385e+03 4.620066844e+00 3.589427878e+00 1.332391447e-01 1.630347207e+00 2.263137446e+00 1.135404738e+00 7.897005121e+00 1.029948786e-01
8.176352705e+03 4.622311990e+00 3.602078096e+00 1.277985546e-01 1.648403941e+00 2.288354724e+00 1.101600430e+00 7.901283222e+00 9.871677842e-02
8.256513026e+03 4.624472956e+00 3.614607225e+00 1.225712854e-01 1.666110207e+00 2.313305922e+00 1.068460776e+00 7.905385751e+00 9.461424880e-02
8.336673347e+03 4.626552664e+00 3.627019803e+00 1.175494596e-01 1.683463300e+00 2.337987929e+00 1.035991635e+00 7.909319742e+00 9.068025785e-02
8.416833667e+03 4.628553951e+00 3.639320209e+00 1.127254615e-01 1.700461115e+00 2.362398181e+00 1.004197625e+00 7.913091959e+00 8.690804106e-02
8.496993988e+03 4.630479568e+00 3.651512669e+00 1.080919302e-01 1.717102133e+00 2.386534646e+00 9.730821672e-01 7.916708907e+00 8.329109275e-02
8.577154309e+03 4.632332182e+00 3.663601256e+00 1.036417527e-01 1.733385404e+00 2.410395807e+00 9.426475174e-01 7.920176844e+00 7.982315644e-02
8.657314629e+03 4.634114378e+00 3.675589898e+00 9.936805778e-02 1.749310519e+00 2.433980640e+00 9.128948241e-01 7.923501783e+00 7.649821712e-02
8.737474950e+03 4.635828664e+00 3.687482385e+00 9.526420895e-02 1.764877592e+00 2.457288599e+00 8.838241653e-01 7.926689508e+00 7.331049235e-02
8.817635271e+03 4.637477464e+00 3.699282366e+00 9.132379796e-02 1.780087236e+00 2.480319593e+00 8.554345986e-01 7.929745576e+00 7.025442404e-02
8.897795591e+03 4.639063129e+00 3.710993360e+00 8.754063852e-02 1.794940541e+00 2.503073964e+00 8.277242137e-01 7.932675329e+00 6.732467108e-02
8.977955912e+03 4.640587935e+00 3.722618757e+00 8.390875962e-02 1.809439050e+00 2.525552469e+00 8.006901759e-01 7.935483899e+00 6.451610069e-02
9.058116232e+03 4.642054083e+00 3.734161824e+00 8.042239949e-02 1.823584731e+00 2.547756256e+00 7.743287822e-01 7.938176218e+00 6.182378178e-02
9.138276553e+03 4.643463703e+00 3.745625707e+00 7.707599929e-02 1.837379960e+00 2.569686843e+00 7.486355089e-01 7.940757023e+00 5.924297726e-02
9.218436874e+03 4.644818857e+00 3.757013434e+00 7.386419687e-02 1.850827490e+00 2.591346094e+00 7.236050625e-01 7.943230863e+00 5.676913663e-02
9.298597194e+03 4.646121537e+00 3.768327924e+00 7.078182116e-02 1.863930431e+00 2.612736199e+00 6.992314304e-01 7.945602110e+00 5.439788997e-02
9.378757515e+03 4.647373669e+00 3.779571984e+00 6.782388602e-02 1.876692224e+00 2.633859653e+00 6.755079297e-01 7.947874959e+00 5.212504067e-02
9.458917836e+03 4.648577117e+00 3.790748319e+00 6.498558456e-02 1.889116618e+00 2.654719231e+00 6.524272574e-01 7.950053441e+00 4.994655913e-02
9.539078156e+03 4.649733680e+00 3.801859529e+00 6.226228285e-02 1.901207646e+00 2.675317970e+00 6.299815400e-01 7.952141425e+00 4.785857533e-02
9.619238477e+03 4.650845096e+00 3.812908119e+00 5.964951628e-02 1.912969607e+00 2.695659148e+00 6.081623737e-01 7.954142624e+00 4.585737621e-02
9.699398798e+03 4.651913045e+00 3.823896498e+00 5.714298076e-02 1.924407031e+00 2.715746258e+00 5.869608871e-01 7.956060606e+00 4.393939365e-02
9.779559118e+03 4.652939150e+00 3.834826984e+00 5.473853232e-02 1.935524675e+00 2.735582999e+00 5.663677576e-01 7.957898793e+00 4.210120748e-02
9.859719439e+03 4.653924976e+00 3.845701806e+00 5.243217650e-02 1.946327484e+00 2.755173244e+00 5.463732922e-01 7.959660469e+00 4.033953055e-02
9.939879760e+03 4.654872036e+00 3.856523108e+00 5.022006720e-02 1.956820582e+00 2.774521028e+00 5.269674405e-01 7.961348790e+00 3.865121003e-02
1.002004008e+04 4.655781788e+00 3.867292953e+00 4.809850106e-02 1.967009252e+00 2.793630532e+00 5.081398420e-01 7.962966779e+00 3.703322106e-02
1.010020040e+04 4.656655642e+00 3.878013323e+00 4.606391216e-02 1.976898911e+00 2.812506064e+00 4.898798658e-01 7.964517339e+00 3.548266090e-02
1.018036072e+04 4.657494956e+00 3.888686124e+00 4.411286754e-02 1.986495098e+00 2.831152038e+00 4.721766510e-01 7.966003255e+00 3.399674453e-02
1.026052104e+04 4.658301041e+00 3.899313188e+00 4.224206280e-02 1.995803454e+00 2.849572967e+00 4.550191351e-01 7.967427200e+00 3.257280004e-02
1.034068136e+04 4.659075161e+00 3.909896277e+00 4.044831708e-02 2.004829702e+00 2.867773438e+00 4.383960996e-01 7.968791737e+00 3.120826348e-02
1.042084168e+04 4.659818536e+00 3.920437083e+00 3.872856978e-02 2.013579640e+00 2.885758106e+00 4.222961870e-01 7.970099324e+00 2.990067587e-02
1.050100200e+04 4.660532341e+00 3.930937233e+00 3.707987516e-02 2.022059115e+00 2.903531674e+00 4.067079481e-01 7.971352323e+00 2.864767743e-02
1.058116232e+04 4.661217710e+00 3.941398289e+00 3.549939983e-02 2.030274016e+00 2.921098883e+00 3.916198527e-01 7.972552994e+00 2.744700568e-02
1.066132265e+04 4.661875736e+00 3.951821755e+00 3.398441748e-02 2.038230258e+00 2.938464498e+00 3.770203319e-01 7.973703510e+00 2.629648981e-02
1.074148297e+04 4.662507472e+00 3.962209072e+00 3.253230621e-02 2.045933771e+00 2.955633297e+00 3.628977908e-01 7.974805951e+00 2.519404852e-02
1.082164329e+04 4.663113932e+00 3.972561627e+00 3.114054412e-02 2.053390488e+00 2.972610066e+00 3.492406400e-01 7.975862315e+00 2.413768547e-02
1.090180361e+04 4.663696095e+00 3.982880750e+00 2.980670598e-02 2.060606337e+00 2.989399587e+00 3.360373156e-01 7.976874514e+00 2.312548624e-02
1.098196393e+04 4.664254902e+00 3.993167719e+00 2.852846002e-02 2.067587228e+00 3.006006627e+00 3.232762944e-01 7.977844385e+00 2.215561526e-02
1.106212425e+04 4.664791261e+00 4.003423762e+00 2.730356383e-02 2.074339041e+00 3.022435931e+00 3.109461248e-01 7.978773688e+00 2.122631182e-02
1.114228457e+04 4.665306047e+00 4.013650058e+00 2.612986219e-02 2.080867616e+00 3.038692202e+00 2.990354281e-01 7.979664112e+00 2.033588829e-02
1.122244489e+04 4.665800100e+00 4.023847738e+00 2.500528274e-02 2.087178744e+00 3.054780101e+00 2.875329323e-01 7.980517274e+00 1.948272582e-02
1.130260521e+04 4.666274232e+00 4.034017890e+00 2.392783417e-02 2.093278166e+00 3.070704248e+00 2.764274700e-01 7.981334727e+00 1.866527294e-02
1.138276553e+04 4.666729224e+00 4.044161557e+00 2.289560214e-02 2.099171565e+00 3.086469208e+00 2.657080061e-01 7.982117958e+00 1.788204161e-02
1.146292585e+04 4.667165827e+00 4.054279738e+00 2.190674746e-02 2.104864581e+00 3.102079520e+00 2.553636366e-01 7.982868394e+00 1.713160572e-02
1.154308617e+04 4.667584762e+00 4.064373395e+00 2.095950251e-02 2.110362772e+00 3.117539651e+00 2.453836095e-01 7.983587402e+00 1.641259773e-02
1.162324649e+04 4.667986726e+00 4.074443448e+00 2.005216914e-02 2.115671620e+00 3.132854003e+00 2.357573269e-01 7.984276293e+00 1.572370685e-02
1.170340681e+04 4.668372391e+00 4.084490785e+00 1.918311575e-02 2.120796489e+00 3.148026860e+00 2.264743624e-01 7.984936324e+00 1.506367635e-02
1.178356713e+04 4.668742402e+00 4.094516256e+00 1.835077498e-02 2.125742636e+00 3.163062399e+00 2.175244660e-01 7.985568698e+00 1.443130161e-02
1.186372745e+04 4.669097378e+00 4.104520673e+00 1.755364144e-02 2.130515372e+00 3.177964890e+00 2.088975637e-01 7.986174572e+00 1.382542806e-02
1.194388778e+04 4.669437915e+00 4.114504818e+00 1.679026972e-02 2.135119795e+00 3.192738389e+00 2.005837701e-01 7.986755051e+00 1.324494931e-02
1.202404810e+04 4.669764588e+00 4.124469440e+00 1.605927190e-02 2.139560938e+00 3.207386903e+00 1.925733950e-01 7.987311195e+00 1.268880513e-02
1.210420842e+04 4.670077948e+00 4.134415259e+00 1.535931475e-02 2.143843739e+00 3.221914352e+00 1.848569426e-01 7.987844021e+00 1.215597894e-02
1.218436874e+04 4.670378529e+00 4.144342966e+00 1.468911522e-02 2.147973043e+00 3.236324582e+00 1.774251059e-01 7.988354506e+00 1.164549415e-02
1.226452906e+04 4.670666841e+00 4.154253223e+00 1.404744239e-02 2.151953596e+00 3.250621347e+00 1.702687838e-01 7.988843584e+00 1.115641555e-02
1.234468938e+04 4.670943376e+00 4.164146666e+00 1.343311438e-02 2.155790041e+00 3.264808318e+00 1.633790784e-01 7.989312153e+00 1.068784674e-02
1.242484970e+04 4.671208606e+00 4.174023901e+00 1.284500189e-02 2.159486910e+00 3.278889066e+00 1.567473184e-01 7.989761067e+00 1.023893282e-02
1.250501002e+04 4.671462984e+00 4.183885511e+00 1.228201803e-02 2.163048636e+00 3.292867082e+00 1.503650279e-01 7.990191148e+00 9.808852228e-03
1.258517034e+04 4.671706947e+00 4.193732057e+00 1.174311769e-02 2.166479554e+00 3.306745770e+00 1.442239318e-01 7.990603184e+00 9.396816146e-03
1.266533066e+04 4.671940915e+00 4.203564075e+00 1.122729774e-02 2.169783897e+00 3.320528447e+00 1.383159600e-01 7.990997931e+00 9.002068567e-03
1.274549098e+04 4.672165292e+00 4.213382079e+00 1.073359616e-02 2.172965791e+00 3.334218340e+00 1.326332513e-01 7.991376114e+00 8.623885570e-03
1.282565130e+04 4.672380467e+00 4.223186564e+00 1.026108969e-02 2.176029262e+00 3.347818590e+00 1.271681504e-01 7.991738427e+00 8.261573338e-03
1.290581162e+04 4.672586810e+00 4.232978001e+00 9.808893093e-03 2.178978232e+00 3.361332252e+00 1.219132066e-01 7.992085532e+00 7.914467589e-03
1.298597194e+04 4.672784681e+00 4.242756843e+00 9.376156783e-03 2.181816519e+00 3.374762291e+00 1.168611722e-01 7.992418068e+00 7.581931568e-03
1.306613226e+04 4.672974424e+00 4.252523524e+00 8.962065238e-03 2.184547850e+00 3.388111591e+00 1.120049987e-01 7.992736645e+00 7.263354788e-03
1.314629259e+04 4.673156370e+00 4.262278462e+00 8.565835623e-03 2.187175836e+00 3.401382951e+00 1.073378348e-01 7.993041848e+00 6.958151888e-03
1.322645291e+04 4.673330836e+00 4.272022055e+00 8.186718064e-03 2.189703998e+00 3.414579085e+00 1.028530264e-01 7.993334237e+00 6.665762860e-03
1.330661323e+04 4.673498128e+00 4.281754684e+00 7.823992623e-03 2.192135767e+00 3.427702627e+00 9.854411142e-02 7.993614349e+00 6.385650583e-03
1.338677355e+04 4.673658538e+00 4.291476717e+00 7.476968247e-03 2.194474465e+00 3.440756132e+00 9.440481655e-02 7.993882700e+00 6.117299972e-03
1.346693387e+04 4.673812349e+00 4.301188504e+00 7.144983366e-03 2.196723326e+00 3.453742073e+00 9.042905821e-02 7.994139782e+00 5.860218472e-03
1.354709419e+04 4.673959831e+00 4.310890382e+00 6.827402689e-03 2.198885487e+00 3.466662847e+00 8.661093506e-02 7.994386067e+00 5.613933460e-03
1.362725451e+04 4.674101244e+00 4.320582673e+00 6.523616443e-03 2.200963995e+00 3.479520774e+00 8.294472430e-02 7.994622008e+00 5.377991652e-03
1.370741483e+04 4.674236837e+00 4.330265684e+00 6.233041345e-03 2.202961807e+00 3.492318100e+00 7.942488459e-02 7.994848040e+00 5.151959889e-03
1.378757515e+04 4.674366850e+00 4.339939713e+00 5.955117046e-03 2.204881790e+00 3.505056996e+00 7.604604493e-02 7.995064578e+00 4.935422281e-03
1.386773547e+04 4.674491513e+00 4.349605042e+00 5.689307149e-03 2.206726723e+00 3.517739564e+00 7.280300672e-02 7.995272019e+00 4.727981045e-03
1.394789579e+04 4.674611047e+00 4.359261943e+00 5.435096223e-03 2.208499303e+00 3.530367834e+00 6.969073439e-02 7.995470746e+00 4.529254113e-03
1.402805611e+04 4.674725664e+00 4.368910674e+00 5.191991096e-03 2.210202139e+00 3.542943770e+00 6.670435723e-02 7.995661124e+00 4.338876194e-03
1.410821643e+04 4.674835568e+00 4.378551487e+00 4.959517361e-03 2.211837765e+00 3.555469268e+00 6.383915917e-02 7.995843504e+00 4.156495969e-03
1.418837675e+04 4.674940954e+00 4.388184618e+00 4.737221841e-03 2.213408630e+00 3.567946160e+00 6.109058317e-02 7.996018222e+00 3.981778103e-03
1.426853707e+04 4.675042009e+00 4.397810297e+00 4.524669242e-03 2.214917105e+00 3.580376215e+00 5.845422127e-02 7.996185599e+00 3.814400568e-03
1.434869739e+04 4.675138915e+00 4.407428741e+00 4.321443189e-03 2.216365486e+00 3.592761138e+00 5.592581510e-02 7.996345945e+00 3.654055499e-03
1.442885772e+04 4.675231843e+00 4.417040161e+00 4.127144412e-03 2.217755995e+00 3.605102575e+00 5.350124955e-02 7.996499552e+00 3.500447753e-03
1.450901804e+04 4.675320959e+00 4.426644757e+00 3.941390360e-03 2.219090778e+00 3.617402115e+00 5.117654970e-02 7.996646705e+00 3.353294624e-03
1.458917836e+04 4.675406423e+00 4.436242720e+00 3.763814363e-03 2.220371915e+00 3.629661289e+00 4.894787617e-02 7.996787675e+00 3.212325196e-03
1.466933868e+04 4.675488387e+00 4.445834234e+00 3.594064941e-03 2.221601412e+00 3.641881572e+00 4.681152252e-02 7.996922720e+00 3.077279799e-03
1.474949900e+04 4.675566998e+00 4.455419475e+00 3.431805450e-03 2.222781213e+00 3.654064389e+00 4.476391098e-02 7.997052090e+00 2.947909761e-03
1.482965932e+04 4.675642395e+00 4.464998612e+00 3.276713151e-03 2.223913193e+00 3.666211109e+00 4.280158858e-02 7.997176023e+00 2.823976681e-03
1.490981964e+04 4.675714715e+00 4.474571805e+00 3.128478704e-03 2.224999163e+00 3.678323054e+00 4.092122385e-02 7.997294748e+00 2.705252040e-03
1.498997996e+04 4.675784086e+00 4.484139210e+00 2.986806210e-03 2.226040876e+00 3.690401495e+00 3.911960419e-02 7.997408483e+00 2.591517271e-03
1.507014028e+04 4.675850633e+00 4.493700974e+00 2.851411637e-03 2.227040021e+00 3.702447658e+00 3.739363052e-02 7.997517437e+00 2.482562503e-03
1.515030060e+04 4.675914474e+00 4.503257238e+00 2.722023538e-03 2.227998230e+00 3.714462721e+00 3.574031624e-02 7.997621813e+00 2.378187177e-03
1.523046092e+04 4.675975723e+00 4.512808137e+00 2.598381457e-03 2.228917078e+00 3.726447818e+00 3.415678156e-02 7.997721801e+00 2.278198781e-03
1.531062124e+04 4.676034491e+00 4.522353802e+00 2.480236283e-03 2.229798086e+00 3.738404042e+00 3.264025210e-02 7.997817587e+00 2.182413163e-03
1.539078156e+04 4.676090881e+00 4.531894356e+00 2.367349215e-03 2.230642719e+00 3.750332441e+00 3.118805408e-02 7.997909346e+00 2.090653717e-03
1.547094188e+04 4.676144996e+00 4.541429918e+00 2.259491682e-03 2.231452392e+00 3.762234027e+00 2.979761225e-02 7.997997249e+00 2.002751351e-03
1.555110220e+04 4.676196930e+00 4.550960601e+00 2.156444748e-03 2.232228470e+00 3.774109770e+00 2.846644615e-02 7.998081456e+00 1.918544024e-03
1.563126253e+04 4.676246777e+00 4.560486514e+00 2.057998790e-03 2.232972267e+00 3.785960603e+00 2.719216737e-02 7.998162123e+00 1.837876517e-03
1.571142285e+04 4.676294626e+00 4.570007761e+00 1.963953280e-03 2.233685052e+00 3.797787425e+00 2.597247714e-02 7.998239400e+00 1.760600274e-03
1.579158317e+04 4.676340561e+00 4.579524441e+00 1.874115645e-03 2.234368047e+00 3.809591097e+00 2.480516066e-02 7.998313427e+00 1.686572522e-03
1.587174349e+04 4.676384664e+00 4.589036650e+00 1.788301902e-03 2.235022430e+00 3.821372449e+00 2.368808785e-02 7.998384343e+00 1.615656786e-03
1.595190381e+04 4.676427013e+00 4.598544479e+00 1.706336253e-03 2.235649336e+00 3.833132276e+00 2.261921033e-02 7.998452277e+00 1.547722588e-03
1.603206413e+04 4.676467683e+00 4.608048015e+00 1.628049484e-03 2.236249859e+00 3.844871344e+00 2.159655383e-02 7.998517356e+00 1.482644204e-03
1.611222445e+04 4.676506746e+00 4.617547341e+00 1.553280211e-03 2.236825052e+00 3.856590387e+00 2.061822172e-02 7.998579698e+00 1.420301655e-03
1.619238477e+04 4.676544271e+00 4.627042536e+00 1.481874303e-03 2.237375929e+00 3.868290109e+00 1.968239136e-02 7.998639420e+00 1.360580273e-03
1.627254509e+04 4.676580324e+00 4.636533679e+00 1.413683353e-03 2.237903466e+00 3.879971188e+00 1.878730617e-02 7.998696630e+00 1.303369516e-03
1.635270541e+04 4.676614967e+00 4.646020841e+00 1.348565892e-03 2.238408603e+00 3.891634274e+00 1.793128004e-02 7.998751436e+00 1.248563928e-03
1.643286573e+04 4.676648262e+00 4.655504092e+00 1.286386755e-03 2.238892246e+00 3.903279990e+00 1.711269325e-02 7.998803937e+00 1.196062658e-03
1.651302605e+04 4.676680267e+00 4.664983499e+00 1.227015945e-03 2.239355265e+00 3.914908935e+00 1.632998555e-02 7.998854231e+00 1.145768593e-03
1.659318637e+04 4.676711036e+00 4.674459126e+00 1.170329505e-03 2.239798498e+00 3.926521683e+00 1.558166011e-02 7.998902411e+00 1.097589039e-03
1.667334669e+04 4.676740624e+00 4.683931034e+00 1.116208937e-03 2.240222752e+00 3.938118784e+00 1.486627941e-02 7.998948565e+00 1.051435282e-03
1.675350701e+04 4.676769082e+00 4.693399282e+00 1.064540370e-03 2.240628801e+00 3.949700767e+00 1.418245940e-02 7.998992778e+00 1.007221967e-03
1.683366733e+04 4.676796457e+00 4.702863925e+00 1.015215242e-03 2.241017392e+00 3.961268138e+00 1.352887309e-02 7.999035132e+00 9.648676132e-04
1.691382766e+04 4.676822798e+00 4.712325017e+00 9.681297375e-04 2.241389242e+00 3.972821382e+00 1.290424641e-02 7.999075706e+00 9.242942033e-04
1.699398798e+04 4.676848148e+00 4.721782610e+00 9.231840989e-04 2.241745041e+00 3.984360966e+00 1.230735302e-02 7.999114573e+00 8.854266650e-04
1.707414830e+04 4.676872551e+00 4.731236752e+00 8.802832919e-04 2.242085451e+00 3.995887337e+00 1.173701806e-02 7.999151807e+00 8.481933792e-04
1.715430862e+04 4.676896049e+00 4.740687489e+00 8.393364266e-04 2.242411111e+00 4.007400921e+00 1.119211376e-02 7.999187474e+00 8.125257491e-04
1.723446894e+04 4.676918679e+00 4.750134868e+00 8.002561545e-04 2.242722632e+00 4.018902129e+00 1.067155489e-02 7.999221642e+00 7.783577518e-04
1.731462926e+04 4.676940481e+00 4.759578930e+00 7.629593265e-04 2.243020604e+00 4.030391355e+00 1.017430259e-02 7.999254374e+00 7.456264373e-04
1.739478958e+04 4.676961490e+00 4.769019716e+00 7.273664013e-04 2.243305591e+00 4.041868973e+00 9.699359797e-03 7.999285729e+00 7.142714895e-04
1.747494990e+04 4.676981741e+00 4.778457267e+00 6.934009683e-04 2.243578138e+00 4.053335346e+00 9.245767425e-03 7.999315765e+00 6.842348734e-04
1.755511022e+04 4.677001267e+00 4.787891618e+00 6.609903086e-04 2.243838766e+00 4.064790818e+00 8.812607962e-03 7.999344539e+00 6.554612567e-04
1.763527054e+04 4.677020099e+00 4.797322807e+00 6.300648369e-04 2.244087977e+00 4.076235720e+00 8.399000896e-03 7.999372102e+00 6.278975985e-04
1.771543086e+04 4.677038269e+00 4.806750867e+00 6.005577539e-04 2.244326253e+00 4.087670370e+00 8.004099663e-03 7.999398507e+00 6.014928946e-04
1.779559118e+04 4.677055804e+00 4.816175831e+00 5.724054923e-04 2.244554054e+00 4.099095071e+00 7.627094868e-03 7.999423801e+00 5.761985085e-04
1.787575150e+04 4.677072734e+00 4.825597731e+00 5.455472019e-04 2.244771826e+00 4.110510112e+00 7.267209786e-03 7.999448032e+00 5.519677948e-04
1.795591182e+04 4.677089084e+00 4.835016596e+00 5.199244997e-04 2.244979995e+00 4.121915774e+00 6.923697984e-03 7.999471244e+00 5.287559182e-04
1.803607214e+04 4.677104879e+00 4.844432456e+00 4.954818489e-04 2.245178969e+00 4.133312320e+00 6.595846269e-03 7.999493480e+00 5.065201312e-04
1.811623246e+04 4.677120146e+00 4.853845337e+00 4.721660629e-04 2.245369140e+00 4.144700007e+00 6.282970202e-03 7.999514781e+00 4.852194135e-04
1.819639279e+04 4.677134905e+00 4.863255266e+00 4.499261281e-04 2.245550887e+00 4.156079078e+00 5.984412337e-03 7.999535186e+00 4.648143442e-04
1.827655311e+04 4.677149181e+00 4.872662268e+00 4.287135497e-04 2.245724569e+00 4.167449766e+00 5.699544944e-03 7.999554733e+00 4.452673546e-04
1.835671343e+04 4.677162994e+00 4.882066367e+00 4.084818620e-04 2.245890534e+00 4.178812295e+00 5.427765544e-03 7.999573458e+00 4.265423722e-04
1.843687375e+04 4.677176366e+00 4.891467586e+00 3.891865148e-04 2.246049114e+00 4.190166878e+00 5.168495691e-03 7.999591395e+00 4.086047397e-04
1.851703407e+04 4.677189314e+00 4.900865947e+00 3.707851813e-04 2.246200628e+00 4.201513720e+00 4.921183469e-03 7.999608579e+00 3.914214388e-04
1.859719439e+04 4.677201859e+00 4.910261471e+00 3.532372864e-04 2.246345382e+00 4.212853016e+00 4.685299091e-03 7.999625039e+00 3.749607490e-04
1.867735471e+04 4.677214017e+00 4.919654178e+00 3.365039497e-04 2.246483670e+00 4.224184953e+00 4.460334170e-03 7.999640808e+00 3.591922064e-04
1.875751503e+04 4.677225807e+00 4.929044088e+00 3.205482428e-04 2.246615773e+00 4.235509709e+00 4.245803951e-03 7.999655913e+00 3.440867903e-04
1.883767535e+04 4.677237244e+00 4.938431218e+00 3.053347511e-04 2.246741959e+00 4.246827457e+00 4.041243031e-03 7.999670383e+00 3.296166073e-04
1.891783567e+04 4.677248345e+00 4.947815587e+00 2.908295586e-04 2.246862489e+00 4.258138358e+00 3.846205061e-03 7.999684245e+00 3.157548805e-04
1.899799599e+04 4.677259124e+00 4.957197211e+00 2.770004629e-04 2.246977609e+00 4.269442571e+00 3.660264712e-03 7.999697524e+00 3.024761033e-04
1.907815631e+04 4.677269595e+00 4.966576107e+00 2.638165658e-04 2.247087557e+00 4.280740243e+00 3.483013536e-03 7.999710244e+00 2.897557464e-04
1.915831663e+04 4.677279773e+00 4.975952289e+00 2.512482936e-04 2.247192560e+00 4.292031518e+00 3.314060043e-03 7.999722430e+00 2.775702718e-04
1.923847695e+04 4.677289670e+00 4.985325773e+00 2.392675796e-04 2.247292837e+00 4.303316532e+00 3.153031422e-03 7.999734103e+00 2.658972629e-04
1.931863727e+04 4.677299298e+00 4.994696572e+00 2.278474776e-04 2.247388595e+00 4.314595416e+00 2.999569554e-03 7.999745285e+00 2.547151484e-04
1.939879760e+04 4.677308671e+00 5.004064701e+00 2.169622103e-04 2.247480037e+00 4.325868295e+00 2.853331393e-03 7.999755997e+00 2.440032360e-04
1.947895792e+04 4.677317799e+00 5.013430173e+00 2.065873284e-04 2.247567351e+00 4.337135287e+00 2.713990494e-03 7.999766258e+00 2.337418259e-04
1.955911824e+04 4.677326694e+00 5.022792999e+00 1.966993425e-04 2.247650723e+00 4.348396507e+00 2.581233157e-03 7.999776088e+00 2.239119477e-04
1.963927856e+04 4.677335365e+00 5.032153191e+00 1.872757957e-04 2.247730328e+00 4.359652063e+00 2.454759083e-03 7.999785505e+00 2.144954118e-04
1.971943888e+04 4.677343823e+00 5.041510762e+00 1.782953995e-04 2.247806334e+00 4.370902060e+00 2.334282703e-03 7.999794525e+00 2.054749056e-04
1.979959920e+04 4.677352078e+00 5.050865721e+00 1.697376871e-04 2.247878902e+00 4.382146596e+00 2.219529483e-03 7.999803166e+00 1.968337464e-04
1.987975952e+04 4.677360138e+00 5.060218079e+00 1.615831052e-04 2.247948187e+00 4.393385767e+00 2.110236798e-03 7.999811444e+00 1.885559457e-04
1.995991984e+04 4.677368012e+00 5.069567847e+00 1.538131249e-04 2.248014336e+00 4.404619663e+00 2.006155076e-03 7.999819374e+00 1.806262882e-04
2.004008016e+04 4.677375709e+00 5.078915034e+00 1.464099219e-04 2.248077489e+00 4.415848371e+00 1.907044280e-03 7.999826970e+00 1.730301032e-04
2.012024048e+04 4.677383237e+00 5.088259649e+00 1.393564782e-04 2.248137784e+00 4.427071974e+00 1.812674950e-03 7.999834247e+00 1.657533371e-04
2.020040080e+04 4.677390603e+00 5.097601700e+00 1.326366752e-04 2.248195348e+00 4.438290549e+00 1.722829184e-03 7.999841217e+00 1.587826180e-04
2.028056112e+04 4.677397815e+00 5.106941197e+00 1.262349957e-04 2.248250305e+00 4.449504174e+00 1.637297293e-03 7.999847895e+00 1.521050443e-04
2.036072144e+04 4.677404879e+00 5.116278148e+00 1.201366354e-04 2.248302774e+00 4.460712920e+00 1.555878982e-03 7.999854292e+00 1.457082626e-04
2.044088176e+04 4.677411803e+00 5.125612559e+00 1.143275786e-04 2.248352868e+00 4.471916855e+00 1.478384166e-03 7.999860419e+00 1.395805216e-04
2.052104208e+04 4.677418592e+00 5.134944439e+00 1.087943224e-04 2.248400695e+00 4.483116046e+00 1.404629830e-03 7.999866290e+00 1.337104752e-04
2.060120240e+04 4.677425253e+00 5.144273794e+00 1.035239953e-04 2.248446360e+00 4.494310555e+00 1.334441313e-03 7.999871913e+00 1.280872660e-04
2.068136273e+04 4.677431791e+00 5.153600633e+00 9.850444111e-05 2.248489960e+00 4.505500442e+00 1.267653257e-03 7.999877299e+00 1.227005833e-04
2.076152305e+04 4.677438213e+00 5.162924960e+00 9.372390269e-05 2.248531590e+00 4.516685763e+00 1.204105926e-03 7.999882460e+00 1.175404403e-04
2.084168337e+04 4.677444523e+00 5.172246782e+00 8.917118261e-05 2.248571342e+00 4.527866575e+00 1.143647030e-03 7.999887403e+00 1.125972855e-04
2.092184369e+04 4.677450726e+00 5.181566107e+00 8.483566661e-05 2.248609302e+00 4.539042928e+00 1.086131957e-03 7.999892138e+00 1.078620198e-04
2.100200401e+04 4.677456828e+00 5.190882938e+00 8.070722902e-05 2.248645551e+00 4.550214873e+00 1.031422658e-03 7.999896674e+00 1.033259281e-04
2.108216433e+04 4.677462833e+00 5.200197282e+00 7.677610729e-05 2.248680171e+00 4.561382457e+00 9.793861571e-04 7.999901019e+00 9.898059001e-05
2.116232465e+04 4.677468745e+00 5.209509145e+00 7.303301988e-05 2.248713235e+00 4.572545725e+00 9.298958912e-04 7.999905182e+00 9.481796282e-05
2.124248497e+04 4.677474568e+00 5.218818530e+00 6.946924582e-05 2.248744816e+00 4.583704720e+00 8.828326191e-04 7.999909170e+00 9.083043801e-05
2.132264529e+04 4.677480307e+00 5.228125445e+00 6.607629057e-05 2.248774984e+00 4.594859485e+00 8.380804777e-04 7.999912989e+00 8.701060211e-05
2.140280561e+04 4.677485966e+00 5.237429892e+00 6.284608530e-05 2.248803803e+00 4.606010058e+00 7.955292910e-04 7.999916649e+00 8.335137856e-05
2.148296593e+04 4.677491547e+00 5.246731877e+00 5.977102331e-05 2.248831338e+00 4.617156477e+00 7.550750073e-04 7.999920154e+00 7.984605223e-05
2.156312625e+04 4.677497056e+00 5.256031404e+00 5.684379658e-05 2.248857648e+00 4.628298778e+00 7.166177108e-04 7.999923512e+00 7.648815333e-05
2.164328657e+04 4.677502494e+00 5.265328477e+00 5.405739333e-05 2.248882790e+00 4.639436996e+00 6.800615720e-04 7.999926729e+00 7.327145499e-05
2.172344689e+04 4.677507865e+00 5.274623101e+00 5.140515980e-05 2.248906820e+00 4.650571162e+00 6.453155824e-04 7.999929810e+00 7.019001621e-05
2.180360721e+04 4.677513173e+00 5.283915279e+00 4.888081277e-05 2.248929789e+00 4.661701309e+00 6.122937015e-04 7.999932762e+00 6.723819013e-05
2.188376754e+04 4.677518419e+00 5.293205016e+00 4.647826098e-05 2.248951749e+00 4.672827466e+00 5.809126388e-04 7.999935590e+00 6.441049694e-05
2.196392786e+04 4.677523608e+00 5.302492314e+00 4.419171422e-05 2.248972746e+00 4.683949661e+00 5.510931868e-04 7.999938298e+00 6.170170046e-05
2.204408818e+04 4.677528741e+00 5.311777177e+00 4.201573046e-05 2.248992825e+00 4.695067923e+00 5.227608032e-04 7.999940893e+00 5.910684146e-05
2.212424850e+04 4.677533821e+00 5.321059610e+00 3.994504161e-05 2.249012032e+00 4.706182276e+00 4.958434245e-04 7.999943379e+00 5.662111263e-05
2.220440882e+04 4.677538851e+00 5.330339614e+00 3.797462588e-05 2.249030406e+00 4.717292745e+00 4.702723582e-04 7.999945760e+00 5.423990973e-05
2.228456914e+04 4.677543833e+00 5.339617194e+00 3.609973376e-05 2.249047988e+00 4.728399355e+00 4.459825977e-04 7.999948041e+00 5.195884992e-05
2.236472946e+04 4.677548768e+00 5.348892352e+00 3.431585771e-05 2.249064814e+00 4.739502127e+00 4.229124326e-04 7.999950226e+00 4.977374953e-05
2.244488978e+04 4.677553660e+00 5.358165091e+00 3.261862126e-05 2.249080923e+00 4.750601085e+00 4.010020501e-04 7.999952319e+00 4.768054358e-05
2.252505010e+04 4.677558509e+00 5.367435414e+00 3.100386586e-05 2.249096347e+00 4.761696247e+00 3.801946114e-04 7.999954325e+00 4.567534800e-05
2.260521042e+04 4.677563319e+00 5.376703324e+00 2.946768896e-05 2.249111120e+00 4.772787634e+00 3.604367308e-04 7.999956246e+00 4.375448616e-05
2.268537074e+04 4.677568091e+00 5.385968824e+00 2.800636971e-05 2.249125273e+00 4.783875265e+00 3.416775251e-04 7.999958086e+00 4.191443519e-05
2.276553106e+04 4.677572826e+00 5.395231916e+00 2.661628064e-05 2.249138835e+00 4.794959157e+00 3.238674861e-04 7.999959848e+00 4.015176232e-05
2.284569138e+04 4.677577527e+00 5.404492603e+00 2.529398324e-05 2.249151835e+00 4.806039328e+00 3.069596836e-04 7.999961537e+00 3.846319268e-05
2.292585170e+04 4.677582194e+00 5.413750886e+00 2.403627544e-05 2.249164301e+00 4.817115794e+00 2.909103725e-04 7.999963154e+00 3.684564328e-05
2.300601202e+04 4.677586829e+00 5.423006769e+00 2.284007424e-05 2.249176258e+00 4.828188571e+00 2.756774810e-04 7.999964704e+00 3.529613792e-05
2.308617234e+04 4.677591435e+00 5.432260254e+00 2.170239019e-05 2.249187731e+00 4.839257674e+00 2.612202765e-04 7.999966188e+00 3.381178836e-05
2.316633267e+04 4.677596012e+00 5.441511343e+00 2.062038927e-05 2.249198744e+00 4.850323118e+00 2.475001526e-04 7.999967610e+00 3.238983842e-05
2.324649299e+04 4.677600561e+00 5.450760038e+00 1.959144097e-05 2.249209318e+00 4.861384915e+00 2.344812584e-04 7.999968972e+00 3.102769888e-05
2.332665331e+04 4.677605084e+00 5.460006342e+00 1.861298884e-05 2.249219475e+00 4.872443079e+00 2.221288034e-04 7.999970277e+00 2.972285274e-05
2.340681363e+04 4.677609581e+00 5.469250255e+00 1.768257737e-05 2.249229235e+00 4.883497622e+00 2.104094039e-04 7.999971527e+00 2.847287439e-05
2.348697395e+04 4.677614055e+00 5.478491781e+00 1.679787307e-05 2.249238619e+00 4.894548558e+00 1.992913541e-04 7.999972725e+00 2.727544463e-05
2.356713427e+04 4.677618506e+00 5.487730922e+00 1.595671514e-05 2.249247643e+00 4.905595896e+00 1.887453046e-04 7.999973872e+00 2.612838742e-05
2.364729459e+04 4.677622935e+00 5.496967678e+00 1.515698539e-05 2.249256327e+00 4.916639648e+00 1.787425229e-04 7.999974970e+00 2.502957432e-05
2.372745491e+04 4.677627344e+00 5.506202052e+00 1.439666593e-05 2.249264686e+00 4.927679824e+00 1.692556613e-04 7.999976023e+00 2.397696630e-05
2.380761523e+04 4.677631732e+00 5.515434046e+00 1.367383355e-05 2.249272737e+00 4.938716436e+00 1.602586800e-04 7.999977031e+00 2.296860933e-05
2.388777555e+04 4.677636101e+00 5.524663662e+00 1.298672045e-05 2.249280495e+00 4.949749491e+00 1.517276613e-04 7.999977997e+00 2.200267870e-05
2.396793587e+04 4.677640453e+00 5.533890901e+00 1.233356941e-05 2.249287973e+00 4.960779000e+00 1.436388629e-04 7.999978923e+00 2.107737215e-05
2.404809619e+04 4.677644787e+00 5.543115764e+00 1.171272141e-05 2.249295187e+00 4.971804971e+00 1.359698927e-04 7.999979809e+00 2.019097400e-05
2.412825651e+04 4.677649104e+00 5.552338254e+00 1.112259491e-05 2.249302150e+00 4.982827413e+00 1.286994284e-04 7.999980658e+00 1.934183956e-05
2.420841683e+04 4.677653405e+00 5.561558372e+00 1.056175908e-05 2.249308872e+00 4.993846333e+00 1.218081987e-04 7.999981472e+00 1.852844906e-05
2.428857715e+04 4.677657692e+00 5.570776120e+00 1.002875042e-05 2.249315368e+00 5.004861740e+00 1.152765211e-04 7.999982251e+00 1.774927157e-05
2.436873747e+04 4.677661964e+00 5.579991499e+00 9.522203167e-06 2.249321647e+00 5.015873642e+00 1.090860492e-04 7.999982997e+00 1.700286121e-05
2.444889780e+04 4.677666222e+00 5.589204511e+00 9.040809459e-06 2.249327721e+00 5.026882044e+00 1.032192369e-04 7.999983712e+00 1.628782738e-05
2.452905812e+04 4.677670467e+00 5.598415157e+00 8.583364983e-06 2.249333599e+00 5.037886955e+00 9.765995128e-05 7.999984397e+00 1.560286879e-05
2.460921844e+04 4.677674700e+00 5.607623438e+00 8.148727016e-06 2.249339293e+00 5.048888381e+00 9.239290611e-05 7.999985053e+00 1.494674167e-05
2.468937876e+04 4.677678920e+00 5.616829356e+00 7.735745738e-06 2.249344810e+00 5.059886328e+00 8.740273499e-05 7.999985682e+00 1.431820788e-05
2.476953908e+04 4.677683129e+00 5.626032913e+00 7.343346665e-06 2.249350160e+00 5.070880803e+00 8.267510014e-05 7.999986284e+00 1.371609661e-05
2.484969940e+04 4.677687327e+00 5.635234109e+00 6.970500384e-06 2.249355352e+00 5.081871811e+00 7.819628328e-05 7.999986861e+00 1.313928137e-05
2.492985972e+04 4.677691514e+00 5.644432947e+00 6.616326024e-06 2.249360393e+00 5.092859357e+00 7.395459889e-05 7.999987413e+00 1.258675773e-05
2.501002004e+04 4.677695691e+00 5.653629427e+00 6.279861246e-06 2.249365290e+00 5.103843448e+00 6.993725010e-05 7.999987943e+00 1.205746972e-05
2.509018036e+04 4.677699859e+00 5.662823550e+00 5.960227857e-06 2.249370051e+00 5.114824089e+00 6.613259114e-05 7.999988450e+00 1.155043439e-05
2.517034068e+04 4.677704017e+00 5.672015319e+00 5.656585522e-06 2.249374684e+00 5.125801285e+00 6.252949396e-05 7.999988935e+00 1.106470667e-05
2.525050100e+04 4.677708167e+00 5.681204733e+00 5.368160199e-06 2.249379194e+00 5.136775040e+00 5.911774236e-05 7.999989401e+00 1.059940097e-05
2.533066132e+04 4.677712308e+00 5.690391795e+00 5.094227161e-06 2.249383588e+00 5.147745359e+00 5.588779630e-05 7.999989846e+00 1.015367794e-05
2.541082164e+04 4.677716441e+00 5.699576506e+00 4.834048544e-06 2.249387871e+00 5.158712248e+00 5.282992578e-05 7.999990273e+00 9.726696388e-06
2.549098196e+04 4.677720566e+00 5.708758867e+00 4.586939374e-06 2.249392049e+00 5.169675709e+00 4.993512612e-05 7.999990682e+00 9.317663692e-06
2.557114228e+04 4.677724683e+00 5.717938878e+00 4.352244326e-06 2.249396128e+00 5.180635749e+00 4.719479560e-05 7.999991074e+00 8.925817757e-06
2.565130261e+04 4.677728794e+00 5.727116542e+00 4.129387103e-06 2.249400113e+00 5.191592369e+00 4.460142818e-05 7.999991450e+00 8.550465643e-06
2.573146293e+04 4.677732898e+00 5.736291859e+00 3.917763332e-06 2.249404008e+00 5.202545576e+00 4.214711145e-05 7.999991809e+00 8.190899277e-06
2.581162325e+04 4.677736995e+00 5.745464831e+00 3.716811956e-06 2.249407818e+00 5.213495371e+00 3.982452822e-05 7.999992154e+00 7.846451362e-06
2.589178357e+04 4.677741086e+00 5.754635459e+00 3.525997712e-06 2.249411547e+00 5.224441761e+00 3.762671090e-05 7.999992484e+00 7.516481443e-06
2.597194389e+04 4.677745171e+00 5.763803743e+00 3.344823574e-06 2.249415200e+00 5.235384746e+00 3.554721519e-05 7.999992800e+00 7.200385752e-06
2.605210421e+04 4.677749250e+00 5.772969685e+00 3.172827474e-06 2.249418780e+00 5.246324332e+00 3.358007443e-05 7.999993102e+00 6.897594446e-06
2.613226453e+04 4.677753324e+00 5.782133286e+00 3.009538676e-06 2.249422291e+00 5.257260522e+00 3.171919053e-05 7.999993392e+00 6.607536570e-06
2.621242485e+04 4.677757392e+00 5.791294547e+00 2.854519208e-06 2.249425737e+00 5.268193318e+00 2.995891251e-05 7.999993670e+00 6.329673066e-06
2.629258517e+04 4.677761455e+00 5.800453469e+00 2.707349522e-06 2.249429121e+00 5.279122724e+00 2.829383632e-05 7.999993937e+00 6.063485169e-06
2.637274549e+04 4.677765513e+00 5.809610053e+00 2.567678120e-06 2.249432446e+00 5.290048744e+00 2.671949227e-05 7.999994191e+00 5.808514378e-06
2.645290581e+04 4.677769567e+00 5.818764301e+00 2.435112010e-06 2.249435715e+00 5.300971380e+00 2.523082729e-05 7.999994436e+00 5.564273827e-06
2.653306613e+04 4.677773615e+00 5.827916212e+00 2.309288888e-06 2.249438931e+00 5.311890635e+00 2.382320484e-05 7.999994670e+00 5.330306481e-06
2.661322645e+04 4.677777660e+00 5.837065790e+00 2.189864428e-06 2.249442097e+00 5.322806513e+00 2.249222867e-05 7.999994894e+00 5.106174748e-06
2.669338677e+04 4.677781700e+00 5.846213033e+00 2.076507436e-06 2.249445216e+00 5.333719015e+00 2.123367559e-05 7.999995109e+00 4.891456437e-06
2.677354709e+04 4.677785736e+00 5.855357944e+00 1.968928168e-06 2.249448289e+00 5.344628146e+00 2.004389392e-05 7.999995314e+00 4.685767254e-06
2.685370741e+04 4.677789769e+00 5.864500523e+00 1.866870070e-06 2.249451319e+00 5.355533906e+00 1.891968754e-05 7.999995511e+00 4.488754063e-06
2.693386774e+04 4.677793797e+00 5.873640772e+00 1.770025633e-06 2.249454309e+00 5.366436299e+00 1.785713260e-05 7.999995700e+00 4.300027521e-06
2.701402806e+04 4.677797822e+00 5.882778691e+00 1.678127039e-06 2.249457261e+00 5.377335328e+00 1.685285260e-05 7.999995881e+00 4.119234365e-06
2.709418838e+04 4.677801843e+00 5.891914281e+00 1.590916823e-06 2.249460176e+00 5.388230995e+00 1.590360594e-05 7.999996054e+00 3.946033841e-06
2.717434870e+04 4.677805861e+00 5.901047544e+00 1.508146748e-06 2.249463057e+00 5.399123302e+00 1.500627033e-05 7.999996220e+00 3.780096665e-06
2.725450902e+04 4.677809876e+00 5.910178480e+00 1.429647871e-06 2.249465905e+00 5.410012252e+00 1.415882761e-05 7.999996379e+00 3.621162682e-06
2.733466934e+04 4.677813887e+00 5.919307090e+00 1.355178565e-06 2.249468721e+00 5.420897847e+00 1.335822808e-05 7.999996531e+00 3.468915464e-06
2.741482966e+04 4.677817895e+00 5.928433376e+00 1.284528568e-06 2.249471509e+00 5.431780089e+00 1.260185299e-05 7.999996677e+00 3.323067987e-06
2.749498998e+04 4.677821901e+00 5.937557338e+00 1.217500434e-06 2.249474268e+00 5.442658982e+00 1.188725400e-05 7.999996817e+00 3.183347229e-06
2.757515030e+04 4.677825903e+00 5.946678977e+00 1.153904577e-06 2.249477001e+00 5.453534526e+00 1.121208370e-05 7.999996951e+00 3.049489977e-06
2.765531062e+04 4.677829903e+00 5.955798294e+00 1.093576469e-06 2.249479709e+00 5.464406725e+00 1.057433707e-05 7.999997079e+00 2.921257664e-06
2.773547094e+04 4.677833900e+00 5.964915291e+00 1.036370304e-06 2.249482393e+00 5.475275579e+00 9.972262767e-06 7.999997202e+00 2.798430812e-06
2.781563126e+04 4.677837894e+00 5.974029968e+00 9.821113008e-07 2.249485054e+00 5.486141092e+00 9.403694040e-06 7.999997319e+00 2.680767595e-06
2.789579158e+04 4.677841886e+00 5.983142325e+00 9.306481435e-07 2.249487695e+00 5.497003266e+00 8.866784671e-06 7.999997432e+00 2.568049238e-06
2.797595190e+04 4.677845876e+00 5.992252365e+00 8.818359449e-07 2.249490314e+00 5.507862102e+00 8.359770092e-06 7.999997540e+00 2.460065173e-06
2.805611222e+04 4.677849863e+00 6.001360087e+00 8.355356280e-07 2.249492915e+00 5.518717603e+00 7.880958866e-06 7.999997643e+00 2.356612434e-06
2.813627255e+04 4.677853847e+00 6.010465493e+00 7.916425316e-07 2.249495498e+00 5.529569770e+00 7.429138740e-06 7.999997742e+00 2.257521256e-06
2.821643287e+04 4.677857830e+00 6.019568584e+00 7.500233760e-07 2.249498063e+00 5.540418605e+00 7.002682699e-06 7.999997837e+00 2.162598488e-06
2.829659319e+04 4.677861810e+00 6.028669361e+00 7.105599071e-07 2.249500612e+00 5.551264111e+00 6.600168354e-06 7.999997928e+00 2.071666679e-06
2.837675351e+04 4.677865788e+00 6.037767825e+00 6.731402685e-07 2.249503145e+00 5.562106289e+00 6.220255796e-06 7.999998015e+00 1.984556293e-06
2.845691383e+04 4.677869764e+00 6.046863975e+00 6.376570342e-07 2.249505663e+00 5.572945142e+00 5.861659950e-06 7.999998099e+00 1.901103887e-06
2.853707415e+04 4.677873738e+00 6.055957815e+00 6.040165264e-07 2.249508168e+00 5.583780670e+00 5.523282493e-06 7.999998179e+00 1.821160403e-06
2.861723447e+04 4.677877709e+00 6.065049343e+00 5.721345877e-07 2.249510659e+00 5.594612876e+00 5.204152328e-06 7.999998255e+00 1.744587329e-06
2.869739479e+04 4.677881679e+00 6.074138562e+00 5.419121748e-07 2.249513138e+00 5.605441762e+00 4.903080863e-06 7.999998329e+00 1.671234778e-06
2.877755511e+04 4.677885647e+00 6.083225472e+00 5.132625993e-07 2.249515605e+00 5.616267330e+00 4.619047254e-06 7.999998399e+00 1.600965841e-06
2.885771543e+04 4.677889614e+00 6.092310075e+00 4.861025321e-07 2.249518060e+00 5.627089580e+00 4.351071488e-06 7.999998466e+00 1.533648468e-06
2.893787575e+04 4.677893578e+00 6.101392370e+00 4.603516131e-07 2.249520505e+00 5.637908516e+00 4.098209099e-06 7.999998531e+00 1.469155072e-06
2.901803607e+04 4.677897540e+00 6.110472359e+00 4.359687984e-07 2.249522939e+00 5.648724139e+00 3.860059042e-06 7.999998593e+00 1.407395145e-06
2.909819639e+04 4.677901501e+00 6.119550043e+00 4.128668900e-07 2.249525364e+00 5.659536450e+00 3.635569971e-06 7.999998652e+00 1.348238371e-06
2.917835671e+04 4.677905460e+00 6.128625423e+00 3.909771750e-07 2.249527779e+00 5.670345452e+00 3.423943318e-06 7.999998708e+00 1.291572683e-06
2.925851703e+04 4.677909418e+00 6.137698499e+00 3.702350492e-07 2.249530186e+00 5.681151145e+00 3.224432631e-06 7.999998763e+00 1.237291286e-06
2.933867735e+04 4.677913373e+00 6.146769272e+00 3.505780048e-07 2.249532585e+00 5.691953533e+00 3.036315633e-06 7.999998815e+00 1.185290794e-06
2.941883768e+04 4.677917327e+00 6.155837744e+00 3.319453038e-07 2.249534976e+00 5.702752616e+00 2.858889826e-06 7.999998865e+00 1.135470884e-06
2.949899800e+04 4.677921280e+00 6.164903916e+00 3.142779460e-07 2.249537359e+00 5.713548396e+00 2.691472151e-06 7.999998912e+00 1.087734226e-06
2.957915832e+04 4.677925231e+00 6.173967787e+00 2.975712668e-07 2.249539735e+00 5.724340874e+00 2.534123560e-06 7.999998958e+00 1.042035960e-06
2.965931864e+04 4.677929180e+00 6.183029360e+00 2.817465369e-07 2.249542104e+00 5.735130053e+00 2.385880550e-06 7.999999002e+00 9.982627798e-07
2.973947896e+04 4.677933128e+00 6.192088634e+00 2.667561348e-07 2.249544467e+00 5.745915935e+00 2.246203891e-06 7.999999044e+00 9.563319069e-07
2.981963928e+04 4.677937074e+00 6.201145612e+00 2.525539656e-07 2.249546824e+00 5.756698520e+00 2.114571283e-06 7.999999084e+00 9.161631989e-07
2.989979960e+04 4.677941019e+00 6.210200293e+00 2.390952222e-07 2.249549175e+00 5.767477810e+00 1.990474171e-06 7.999999122e+00 8.776788882e-07
2.997995992e+04 4.677944963e+00 6.219252678e+00 2.263361466e-07 2.249551521e+00 5.778253808e+00 1.873414549e-06 7.999999159e+00 8.408033174e-07
3.006012024e+04 4.677948905e+00 6.228302769e+00 2.142366848e-07 2.249553861e+00 5.789026514e+00 1.762942000e-06 7.999999195e+00 8.054654467e-07
3.014028056e+04 4.677952845e+00 6.237350567e+00 2.028029031e-07 2.249556196e+00 5.799795931e+00 1.659243453e-06 7.999999228e+00 7.716394465e-07
3.022044088e+04 4.677956785e+00 6.246396071e+00 1.919734313e-07 2.249558527e+00 5.810562059e+00 1.561564771e-06 7.999999261e+00 7.392358949e-07
3.030060120e+04 4.677960722e+00 6.255439284e+00 1.817154174e-07 2.249560853e+00 5.821324900e+00 1.469544735e-06 7.999999292e+00 7.081936498e-07
3.038076152e+04 4.677964659e+00 6.264480206e+00 1.719972150e-07 2.249563175e+00 5.832084456e+00 1.382835512e-06 7.999999322e+00 6.784536533e-07
3.046092184e+04 4.677968594e+00 6.273518837e+00 1.627882300e-07 2.249565493e+00 5.842840729e+00 1.301100647e-06 7.999999350e+00 6.499587490e-07
3.054108216e+04 4.677972528e+00 6.282555180e+00 1.540587657e-07 2.249567807e+00 5.853593719e+00 1.224013046e-06 7.999999377e+00 6.226534994e-07
3.062124248e+04 4.677976460e+00 6.291589234e+00 1.457830967e-07 2.249570118e+00 5.864343429e+00 1.151296877e-06 7.999999404e+00 5.964873589e-07
3.070140281e+04 4.677980391e+00 6.300621000e+00 1.379586912e-07 2.249572425e+00 5.875089861e+00 1.082989179e-06 7.999999429e+00 5.714346415e-07
3.078156313e+04 4.677984321e+00 6.309650480e+00 1.305473160e-07 2.249574728e+00 5.885833015e+00 1.018638680e-06 7.999999453e+00 5.474332522e-07
3.086172345e+04 4.677988250e+00 6.318677674e+00 1.235266137e-07 2.249577028e+00 5.896572894e+00 9.580075855e-07 7.999999476e+00 5.244383001e-07
3.094188377e+04 4.677992177e+00 6.327702583e+00 1.168751355e-07 2.249579326e+00 5.907309499e+00 9.008680382e-07 7.999999498e+00 5.024065114e-07
3.102204409e+04 4.677996103e+00 6.336725208e+00 1.105722358e-07 2.249581620e+00 5.918042832e+00 8.470007709e-07 7.999999519e+00 4.812960975e-07
3.110220441e+04 4.678000028e+00 6.345745549e+00 1.045979673e-07 2.249583911e+00 5.928772894e+00 7.961937583e-07 7.999999539e+00 4.610666226e-07
3.118236473e+04 4.678003952e+00 6.354763609e+00 9.893609842e-08 2.249586199e+00 5.939499688e+00 7.482850299e-07 7.999999558e+00 4.416821147e-07
3.126252505e+04 4.678007874e+00 6.363779387e+00 9.358300749e-08 2.249588485e+00 5.950223213e+00 7.032885506e-07 7.999999577e+00 4.231202763e-07
3.134268537e+04 4.678011795e+00 6.372792884e+00 8.851412998e-08 2.249590768e+00 5.960943471e+00 6.609199838e-07 7.999999595e+00 4.053376261e-07
3.142284569e+04 4.678015715e+00 6.381804102e+00 8.371469712e-08 2.249593049e+00 5.971660465e+00 6.210314281e-07 7.999999612e+00 3.883013907e-07
3.150300601e+04 4.678019634e+00 6.390813041e+00 7.917061726e-08 2.249595327e+00 5.982374195e+00 5.834826346e-07 7.999999628e+00 3.719800140e-07
3.158316633e+04 4.678023551e+00 6.399819702e+00 7.486840198e-08 2.249597604e+00 5.993084664e+00 5.481401036e-07 7.999999644e+00 3.563430580e-07
3.166332665e+04 4.678027468e+00 6.408824086e+00 7.079509223e-08 2.249599878e+00 6.003791871e+00 5.148761823e-07 7.999999659e+00 3.413611032e-07
3.174348697e+04 4.678031383e+00 6.417826193e+00 6.693952309e-08 2.249602150e+00 6.014495820e+00 4.835811696e-07 7.999999673e+00 3.270078410e-07
3.182364729e+04 4.678035297e+00 6.426826025e+00 6.329395832e-08 2.249604420e+00 6.025196512e+00 4.541790173e-07 7.999999687e+00 3.132627717e-07
3.190380762e+04 4.678039210e+00 6.435823583e+00 5.984483687e-08 2.249606689e+00 6.035893948e+00 4.265372163e-07 7.999999700e+00 3.000960746e-07
3.198396794e+04 4.678043121e+00 6.444818867e+00 5.658168345e-08 2.249608955e+00 6.046588129e+00 4.005532070e-07 7.999999713e+00 2.874832190e-07
3.206412826e+04 4.678047032e+00 6.453811878e+00 5.349434448e-08 2.249611220e+00 6.057279057e+00 3.761273321e-07 7.999999725e+00 2.754004603e-07
3.214428858e+04 4.678050941e+00 6.462802617e+00 5.057292423e-08 2.249613484e+00 6.067966733e+00 3.531620312e-07 7.999999736e+00 2.638247569e-07
3.222444890e+04 4.678054849e+00 6.471791085e+00 4.780772096e-08 2.249615746e+00 6.078651159e+00 3.315610347e-07 7.999999747e+00 2.527336870e-07
3.230460922e+04 4.678058756e+00 6.480777282e+00 4.519268278e-08 2.249618006e+00 6.089332336e+00 3.112725713e-07 7.999999758e+00 2.421095653e-07
3.238476954e+04 4.678062662e+00 6.489761210e+00 4.272590849e-08 2.249620264e+00 6.100010268e+00 2.922956237e-07 7.999999768e+00 2.319400336e-07
3.246492986e+04 4.678066567e+00 6.498742870e+00 4.039411845e-08 2.249622521e+00 6.110684953e+00 2.744857331e-07 7.999999778e+00 2.221995251e-07
3.254509018e+04 4.678070471e+00 6.507722262e+00 3.818958419e-08 2.249624777e+00 6.121356395e+00 2.577666925e-07 7.999999787e+00 2.128694574e-07
3.262525050e+04 4.678074373e+00 6.516699387e+00 3.610469479e-08 2.249627031e+00 6.132024595e+00 2.420625937e-07 7.999999796e+00 2.039317424e-07
3.270541082e+04 4.678078275e+00 6.525674246e+00 3.413190673e-08 2.249629283e+00 6.142689555e+00 2.272971924e-07 7.999999805e+00 1.953687196e-07
3.278557114e+04 4.678082175e+00 6.534646840e+00 3.226369364e-08 2.249631534e+00 6.153351275e+00 2.133932734e-07 7.999999813e+00 1.871630895e-07
3.286573146e+04 4.678086074e+00 6.543617170e+00 3.049249621e-08 2.249633784e+00 6.164009758e+00 2.002720157e-07 7.999999821e+00 1.792978466e-07
3.294589178e+04 4.678089972e+00 6.552585236e+00 2.882104444e-08 2.249636032e+00 6.174665004e+00 1.879962505e-07 7.999999828e+00 1.717669952e-07
3.302605210e+04 4.678093869e+00 6.561551040e+00 2.724569511e-08 2.249638279e+00 6.185317015e+00 1.765393654e-07 7.999999835e+00 1.645582151e-07
3.310621242e+04 4.678097765e+00 6.570514582e+00 2.575588574e-08 2.249640525e+00 6.195965792e+00 1.657777567e-07 7.999999842e+00 1.576522875e-07
3.318637275e+04 4.678101660e+00 6.579475863e+00 2.434609008e-08 2.249642770e+00 6.206611337e+00 1.556566840e-07 7.999999849e+00 1.510355225e-07
3.326653307e+04 4.678105553e+00 6.588434884e+00 2.301084622e-08 2.249645014e+00 6.217253651e+00 1.461212983e-07 7.999999855e+00 1.446945908e-07
3.334669339e+04 4.678109446e+00 6.597391646e+00 2.174475666e-08 2.249647256e+00 6.227892736e+00 1.371166422e-07 7.999999861e+00 1.386165233e-07
3.342685371e+04 4.678113337e+00 6.606346150e+00 2.054447475e-08 2.249649498e+00 6.238528593e+00 1.286161540e-07 7.999999867e+00 1.327906173e-07
3.350701403e+04 4.678117228e+00 6.615298396e+00 1.941449652e-08 2.249651739e+00 6.249161224e+00 1.207047748e-07 7.999999873e+00 1.272139925e-07
3.358717435e+04 4.678121117e+00 6.624248385e+00 1.834509454e-08 2.249653978e+00 6.259790630e+00 1.132623207e-07 7.999999878e+00 1.218704226e-07
3.366733467e+04 4.678125005e+00 6.633196119e+00 1.733276407e-08 2.249656217e+00 6.270416813e+00 1.062568644e-07 7.999999883e+00 1.167499492e-07
3.374749499e+04 4.678128892e+00 6.642141597e+00 1.637420920e-08 2.249658454e+00 6.281039774e+00 9.965844367e-08 7.999999888e+00 1.118431133e-07
3.382765531e+04 4.678132778e+00 6.651084822e+00 1.546634288e-08 2.249660691e+00 6.291659514e+00 9.343906071e-08 7.999999893e+00 1.071409551e-07
3.390781563e+04 4.678136663e+00 6.660025793e+00 1.460628694e-08 2.249662926e+00 6.302276036e+00 8.757268253e-08 7.999999897e+00 1.026350135e-07
3.398797595e+04 4.678140547e+00 6.668964512e+00 1.379254585e-08 2.249665161e+00 6.312889341e+00 8.206014466e-08 7.999999902e+00 9.831642771e-08
3.406813627e+04 4.678144430e+00 6.677900979e+00 1.302256907e-08 2.249667395e+00 6.323499429e+00 7.687743216e-08 7.999999906e+00 9.417780394e-08
3.414829659e+04 4.678148312e+00 6.686835196e+00 1.229405830e-08 2.249669627e+00 6.334106303e+00 7.200341591e-08 7.999999910e+00 9.021221446e-08
3.422845691e+04 4.678152192e+00 6.695767163e+00 1.160518913e-08 2.249671859e+00 6.344709964e+00 6.742455410e-08 7.999999914e+00 8.641302759e-08
3.430861723e+04 4.678156072e+00 6.704696880e+00 1.095436436e-08 2.249674090e+00 6.355310413e+00 6.312965875e-08 7.999999917e+00 8.277409666e-08
3.438877756e+04 4.678159950e+00 6.713624350e+00 1.034021397e-08 2.249676319e+00 6.365907653e+00 5.910989571e-08 7.999999921e+00 7.928976009e-08
3.446893788e+04 4.678163828e+00 6.722549572e+00 9.759716016e-09 2.249678548e+00 6.376501683e+00 5.533692311e-08 7.999999924e+00 7.595169798e-08
3.454909820e+04 4.678167704e+00 6.731472548e+00 9.208543202e-09 2.249680776e+00 6.387092507e+00 5.176692318e-08 7.999999927e+00 7.274951187e-08
3.462925852e+04 4.678171579e+00 6.740393278e+00 8.687681884e-09 2.249683003e+00 6.397680124e+00 4.841760741e-08 7.999999930e+00 6.968179684e-08
3.470941884e+04 4.678175454e+00 6.749311763e+00 8.195870338e-09 2.249685230e+00 6.408264537e+00 4.528024392e-08 7.999999933e+00 6.674349244e-08
3.478957916e+04 4.678179327e+00 6.758228004e+00 7.732004367e-09 2.249687455e+00 6.418845747e+00 4.234764412e-08 7.999999936e+00 6.392990674e-08
3.486973948e+04 4.678183199e+00 6.767142002e+00 7.295137304e-09 2.249689680e+00 6.429423755e+00 3.961416272e-08 7.999999939e+00 6.123671633e-08
3.494989980e+04 4.678187070e+00 6.776053758e+00 6.884480011e-09 2.249691904e+00 6.439998563e+00 3.707569772e-08 7.999999941e+00 5.865996628e-08
3.503006012e+04 4.678190940e+00 6.784963272e+00 6.490581142e-09 2.249694127e+00 6.450570173e+00 3.463804639e-08 7.999999944e+00 5.617737620e-08
3.511022044e+04 4.678194809e+00 6.793870546e+00 6.123615682e-09 2.249696349e+00 6.461138585e+00 3.239706984e-08 7.999999946e+00 5.381339703e-08
3.519038076e+04 4.678198677e+00 6.802775579e+00 5.776607399e-09 2.249698570e+00 6.471703802e+00 3.029504217e-08 7.999999948e+00 5.154701355e-08
3.527054108e+04 4.678202544e+00 6.811678374e+00 5.448945907e-09 2.249700791e+00 6.482265824e+00 2.832772776e-08 7.999999951e+00 4.937538646e-08
3.535070140e+04 4.678206409e+00 6.820578931e+00 5.140020820e-09 2.249703011e+00 6.492824653e+00 2.649089103e-08 7.999999953e+00 4.729567646e-08
3.543086172e+04 4.678210274e+00 6.829477250e+00 4.849221752e-09 2.249705230e+00 6.503380291e+00 2.478029638e-08 7.999999955e+00 4.530504423e-08
3.551102204e+04 4.678214138e+00 6.838373333e+00 4.573253873e-09 2.249707448e+00 6.513932738e+00 2.316450906e-08 7.999999957e+00 4.339577689e-08
3.559118236e+04 4.678218000e+00 6.847267181e+00 4.310957115e-09 2.249709665e+00 6.524481998e+00 2.163372405e-08 7.999999958e+00 4.156403722e-08
3.567134269e+04 4.678221862e+00 6.856158793e+00 4.063638227e-09 2.249711882e+00 6.535028070e+00 2.020313039e-08 7.999999960e+00 3.981046641e-08
3.575150301e+04 4.678225722e+00 6.865048172e+00 3.830589213e-09 2.249714098e+00 6.545570956e+00 1.886750350e-08 7.999999962e+00 3.813204796e-08
3.583166333e+04 4.678229582e+00 6.873935318e+00 3.611102080e-09 2.249716313e+00 6.556110659e+00 1.762161878e-08 7.999999963e+00 3.652576534e-08
3.591182365e+04 4.678233440e+00 6.882820231e+00 3.404468832e-09 2.249718527e+00 6.566647178e+00 1.646025166e-08 7.999999965e+00 3.498860205e-08
3.599198397e+04 4.678237297e+00 6.891702913e+00 3.209981475e-09 2.249720740e+00 6.577180516e+00 1.537817754e-08 7.999999966e+00 3.351754156e-08
3.607214429e+04 4.678241154e+00 6.900583364e+00 3.026932013e-09 2.249722953e+00 6.587710674e+00 1.437017185e-08 7.999999968e+00 3.210956736e-08
3.615230461e+04 4.678245009e+00 6.909461585e+00 2.854612451e-09 2.249725165e+00 6.598237654e+00 1.343100999e-08 7.999999969e+00 3.076166294e-08
3.623246493e+04 4.678248863e+00 6.918337578e+00 2.692314795e-09 2.249727376e+00 6.608761456e+00 1.255546739e-08 7.999999971e+00 2.947081177e-08
3.631262525e+04 4.678252716e+00 6.927211342e+00 2.539331051e-09 2.249729586e+00 6.619282082e+00 1.173831945e-08 7.999999972e+00 2.823399734e-08
3.639278557e+04 4.678256568e+00 6.936082880e+00 2.394953222e-09 2.249731796e+00 6.629799535e+00 1.097434159e-08 7.999999973e+00 2.704820314e-08
3.647294589e+04 4.678260419e+00 6.944952190e+00 2.261399210e-09 2.249734005e+00 6.640313814e+00 1.028083597e-08 7.999999974e+00 2.592265161e-08
3.655310621e+04 4.678264269e+00 6.953819275e+00 2.138062039e-09 2.249736213e+00 6.650824922e+00 9.653355776e-09 7.999999975e+00 2.485474880e-08
3.663326653e+04 4.678268118e+00 6.962684135e+00 2.022522597e-09 2.249738420e+00 6.661332860e+00 9.073502357e-09 7.999999976e+00 2.383432063e-08
3.671342685e+04 4.678271966e+00 6.971546772e+00 1.914170067e-09 2.249740627e+00 6.671837629e+00 8.536799298e-09 7.999999977e+00 2.285875707e-08
3.679358717e+04 4.678275813e+00 6.980407185e+00 1.812393628e-09 2.249742833e+00 6.682339231e+00 8.038770182e-09 7.999999978e+00 2.192544807e-08
3.687374749e+04 4.678279659e+00 6.989265376e+00 1.716582462e-09 2.249745038e+00 6.692837667e+00 7.574938590e-09 7.999999979e+00 2.103178362e-08
3.695390782e+04 4.678283504e+00 6.998121345e+00 1.626125750e-09 2.249747242e+00 6.703332939e+00 7.140828104e-09 7.999999980e+00 2.017515368e-08
3.703406814e+04 4.678287347e+00 7.006975094e+00 1.540412673e-09 2.249749446e+00 6.713825048e+00 6.731962306e-09 7.999999981e+00 1.935294822e-08
3.711422846e+04 4.678291190e+00 7.015826623e+00 1.458832413e-09 2.249751649e+00 6.724313996e+00 6.343864779e-09 7.999999981e+00 1.856255721e-08
3.719438878e+04 4.678295032e+00 7.024675933e+00 1.380774151e-09 2.249753851e+00 6.734799784e+00 5.972059103e-09 7.999999982e+00 1.780137062e-08
3.727454910e+04 4.678298873e+00 7.033523025e+00 1.305627067e-09 2.249756052e+00 6.745282412e+00 5.612068860e-09 7.999999983e+00 1.706677842e-08
3.735470942e+04 4.678302712e+00 7.042367899e+00 1.232780343e-09 2.249758253e+00 6.755761884e+00 5.259417634e-09 7.999999984e+00 1.635617058e-08
3.743486974e+04 4.678306551e+00 7.051210557e+00 1.168894096e-09 2.249760453e+00 6.766238200e+00 4.967897321e-09 7.999999984e+00 1.569300034e-08
3.751503006e+04 4.678310388e+00 7.060050999e+00 1.112556488e-09 2.249762653e+00 6.776711361e+00 4.726612253e-09 7.999999985e+00 1.507178635e-08
3.759519038e+04 4.678314225e+00 7.068889227e+00 1.059703993e-09 2.249764851e+00 6.787181369e+00 4.503416458e-09 7.999999986e+00 1.447754207e-08
3.767535070e+04 4.678318060e+00 7.077725240e+00 1.009947838e-09 2.249767049e+00 6.797648226e+00 4.295612971e-09 7.999999986e+00 1.390845340e-08
3.775551102e+04 4.678321895e+00 7.086559040e+00 9.628992499e-10 2.249769246e+00 6.808111932e+00 4.100504826e-09 7.999999987e+00 1.336270625e-08
3.783567134e+04 4.678325728e+00 7.095390628e+00 9.181694576e-10 2.249771442e+00 6.818572490e+00 3.915395056e-09 7.999999987e+00 1.283848655e-08
3.791583166e+04 4.678329560e+00 7.104220004e+00 8.753696886e-10 2.249773638e+00 6.829029900e+00 3.737586697e-09 7.999999988e+00 1.233398021e-08
3.799599198e+04 4.678333392e+00 7.113047170e+00 8.341111707e-10 2.249775833e+00 6.839484164e+00 3.564382783e-09 7.999999988e+00 1.184737314e-08
3.807615230e+04 4.678337222e+00 7.121872125e+00 7.940051316e-10 2.249778027e+00 6.849935284e+00 3.393086347e-09 7.999999989e+00 1.137685125e-08
3.815631263e+04 4.678341051e+00 7.130694872e+00 7.546627991e-10 2.249780221e+00 6.860383261e+00 3.221000424e-09 7.999999989e+00 1.092060046e-08
3.823647295e+04 4.678344879e+00 7.139515410e+00 7.156954011e-10 2.249782414e+00 6.870828096e+00 3.045428049e-09 7.999999990e+00 1.047680669e-08
3.831663327e+04 4.678348707e+00 7.148333741e+00 6.767141652e-10 2.249784606e+00 6.881269791e+00 2.863672255e-09 7.999999990e+00 1.004365583e-08
3.839679359e+04 4.678352533e+00 7.157149865e+00 6.442248422e-10 2.249786797e+00 6.891708347e+00 2.725799977e-09 7.999999990e+00 9.645356299e-09
3.847695391e+04 4.678356358e+00 7.165963784e+00 6.162207042e-10 2.249788988e+00 6.902143765e+00 2.616732005e-09 7.999999991e+00 9.273987231e-09
3.855711423e+04 4.678360182e+00 7.174775497e+00 5.896914366e-10 2.249791178e+00 6.912576046e+00 2.513708666e-09 7.999999991e+00 8.917839876e-09
3.863727455e+04 4.678364005e+00 7.183585006e+00 5.644429742e-10 2.249793367e+00 6.923005193e+00 2.415523093e-09 7.999999991e+00 8.575835043e-09
3.871743487e+04 4.678367827e+00 7.192392312e+00 5.402812521e-10 2.249795556e+00 6.933431207e+00 2.320968416e-09 7.999999992e+00 8.246893543e-09
3.879759519e+04 4.678371648e+00 7.201197415e+00 5.170122051e-10 2.249797743e+00 6.943854089e+00 2.228837765e-09 7.999999992e+00 7.929936186e-09
3.887775551e+04 4.678375468e+00 7.210000317e+00 4.944417679e-10 2.249799930e+00 6.954273840e+00 2.137924272e-09 7.999999992e+00 7.623883783e-09
3.895791583e+04 4.678379287e+00 7.218801018e+00 4.723758756e-10 2.249802117e+00 6.964690462e+00 2.047021068e-09 7.999999993e+00 7.327657144e-09
3.903807615e+04 4.678383105e+00 7.227599519e+00 4.506204630e-10 2.249804303e+00 6.975103957e+00 1.954921282e-09 7.999999993e+00 7.040177079e-09
3.911823647e+04 4.678386922e+00 7.236395820e+00 4.289814650e-10 2.249806488e+00 6.985514325e+00 1.860418047e-09 7.999999993e+00 6.760364398e-09
3.919839679e+04 4.678390738e+00 7.245189923e+00 4.072648164e-10 2.249808672e+00 6.995921569e+00 1.762304492e-09 7.999999994e+00 6.487139913e-09
3.927855711e+04 4.678394552e+00 7.253981829e+00 3.852764522e-10 2.249810855e+00 7.006325689e+00 1.659373750e-09 7.999999994e+00 6.219424433e-09
3.935871743e+04 4.678398366e+00 7.262771537e+00 3.721386670e-10 2.249813038e+00 7.016726685e+00 1.614301198e-09 7.999999994e+00 5.998217542e-09
3.943887776e+04 4.678402179e+00 7.271559049e+00 3.632488075e-10 2.249815220e+00 7.027124561e+00 1.595650292e-09 7.999999994e+00 5.802527982e-09
3.951903808e+04 4.678405991e+00 7.280344366e+00 3.552954577e-10 2.249817402e+00 7.037519317e+00 1.580838499e-09 7.999999994e+00 5.617196570e-09
3.959919840e+04 4.678409802e+00 7.289127489e+00 3.481602756e-10 2.249819583e+00 7.047910955e+00 1.569178184e-09 7.999999995e+00 5.441486131e-09
3.967935872e+04 4.678413611e+00 7.297908418e+00 3.417249189e-10 2.249821763e+00 7.058299476e+00 1.559981709e-09 7.999999995e+00 5.274659488e-09
3.975951904e+04 4.678417420e+00 7.306687154e+00 3.358710456e-10 2.249823942e+00 7.068684883e+00 1.552561436e-09 7.999999995e+00 5.115979467e-09
3.983967936e+04 4.678421228e+00 7.315463698e+00 3.304803135e-10 2.249826120e+00 7.079067175e+00 1.546229730e-09 7.999999995e+00 4.964708894e-09
3.991983968e+04 4.678425034e+00 7.324238051e+00 3.254343805e-10 2.249828298e+00 7.089446355e+00 1.540298953e-09 7.999999995e+00 4.820110592e-09
4.000000000e+04 4.678428840e+00 7.333010214e+00 3.206149043e-10 2.249830476e+00 7.099822423e+00 1.534081468e-09 7.999999995e+00 4.681447386e-09
