time            Cj              shCj           
0.000000000e+00 4.000000000e+00 4.000000000e+00
1.002004008e+02 1.728159915e+00 1.528353673e+00
2.004008016e+02 1.221795888e+00 1.080429777e+00
3.006012024e+02 9.453267108e-01 8.359063425e-01
4.008016032e+02 7.710468754e-01 6.817776539e-01
5.010020040e+02 6.510988013e-01 5.757044128e-01
6.012024048e+02 5.634857488e-01 4.982288528e-01
7.014028056e+02 4.966779873e-01 4.391528987e-01
8.016032064e+02 4.440470275e-01 3.926140258e-01
9.018036072e+02 4.015108958e-01 3.550021348e-01
1.002004008e+03 3.664179257e-01 3.239721669e-01
1.102204409e+03 3.369707463e-01 2.979346299e-01
1.202404810e+03 3.119077761e-01 2.757738697e-01
1.302605210e+03 2.903173627e-01 2.566837111e-01
1.402805611e+03 2.715242612e-01 2.400670416e-01
1.503006012e+03 2.550177214e-01 2.254722161e-01
1.603206413e+03 2.404041995e-01 2.125512373e-01
1.703406814e+03 2.273756131e-01 2.010316812e-01
1.803607214e+03 2.156872848e-01 1.906971926e-01
1.903807615e+03 2.051424629e-01 1.813737974e-01
2.004008016e+03 1.955811146e-01 1.729199934e-01
2.104208417e+03 1.868717354e-01 1.652194755e-01
2.204408818e+03 1.789052864e-01 1.581758677e-01
2.304609218e+03 1.715905739e-01 1.517085048e-01
2.404809619e+03 1.648507373e-01 1.457494408e-01
2.505010020e+03 1.586205496e-01 1.402409985e-01
2.605210421e+03 1.528442986e-01 1.351339163e-01
2.705410822e+03 1.474741144e-01 1.303858678e-01
2.805611222e+03 1.424686131e-01 1.259602615e-01
2.905811623e+03 1.377918562e-01 1.218253209e-01
3.006012024e+03 1.334124912e-01 1.179533244e-01
3.106212425e+03 1.293030181e-01 1.143199570e-01
3.206412826e+03 1.254392214e-01 1.109038076e-01
3.306613226e+03 1.217997032e-01 1.076859565e-01
3.406813627e+03 1.183654856e-01 1.046496241e-01
3.507014028e+03 1.151196723e-01 1.017798708e-01
3.607214429e+03 1.120471691e-01 9.906335084e-02
3.707414830e+03 1.091344531e-01 9.648810753e-02
3.807615230e+03 1.063693738e-01 9.404339788e-02
3.907815631e+03 1.037409830e-01 9.171954173e-02
4.008016032e+03 1.012393888e-01 8.950779302e-02
4.108216433e+03 9.885563017e-02 8.740022864e-02
4.208416834e+03 9.658157032e-02 8.538965440e-02
4.308617234e+03 9.440980577e-02 8.346952438e-02
4.408817635e+03 9.233358503e-02 8.163386919e-02
4.509018036e+03 9.034673871e-02 7.987723402e-02
4.609218437e+03 8.844361750e-02 7.819462407e-02
4.709418838e+03 8.661903631e-02 7.658145496e-02
4.809619238e+03 8.486823169e-02 7.503351480e-02
4.909819639e+03 8.318681560e-02 7.354692412e-02
5.010020040e+03 8.157074296e-02 7.211810633e-02
5.110220441e+03 8.001627711e-02 7.074375767e-02
5.210420842e+03 7.851996085e-02 6.942082143e-02
5.310621242e+03 7.707859151e-02 6.814646599e-02
5.410821643e+03 7.568919632e-02 6.691806292e-02
5.511022044e+03 7.434901396e-02 6.573317089e-02
5.611222445e+03 7.305547386e-02 6.458951705e-02
5.711422846e+03 7.180618246e-02 6.348498503e-02
5.811623246e+03 7.059890572e-02 6.241760013e-02
5.911823647e+03 6.943156165e-02 6.138552083e-02
6.012024048e+03 6.830220464e-02 6.038702602e-02
6.112224449e+03 6.720899877e-02 5.942049561e-02
6.212424850e+03 6.615023967e-02 5.848442139e-02
6.312625251e+03 6.512432872e-02 5.757738849e-02
6.412825651e+03 6.412976403e-02 5.669806830e-02
6.513026052e+03 6.316512387e-02 5.584520584e-02
6.613226453e+03 6.222907034e-02 5.501762004e-02
6.713426854e+03 6.132035990e-02 5.421420864e-02
6.813627255e+03 6.043781494e-02 5.343392972e-02
6.913827655e+03 5.958032347e-02 5.267579971e-02
7.014028056e+03 5.874681834e-02 5.193887969e-02
7.114228457e+03 5.793631327e-02 5.122229529e-02
7.214428858e+03 5.714787172e-02 5.052521762e-02
7.314629259e+03 5.638061339e-02 4.984686637e-02
7.414829659e+03 5.563368424e-02 4.918648920e-02
7.515030060e+03 5.490628624e-02 4.854338092e-02
7.615230461e+03 5.419766765e-02 4.791687636e-02
7.715430862e+03 5.350710969e-02 4.730633941e-02
7.815631263e+03 5.283393065e-02 4.671116748e-02
7.915831663e+03 5.217748132e-02 4.613078698e-02
8.016032064e+03 5.153714783e-02 4.556465452e-02
8.116232465e+03 5.091234177e-02 4.501225056e-02
8.216432866e+03 5.030250171e-02 4.447307972e-02
8.316633267e+03 4.970710225e-02 4.394667556e-02
8.416833667e+03 4.912563874e-02 4.343259116e-02
8.517034068e+03 4.855762090e-02 4.293039522e-02
8.617234469e+03 4.800259009e-02 4.243968143e-02
8.717434870e+03 4.746010736e-02 4.196006121e-02
8.817635271e+03 4.692974550e-02 4.149115901e-02
8.917835671e+03 4.641110323e-02 4.103261972e-02
9.018036072e+03 4.590381083e-02 4.058411161e-02
9.118236473e+03 4.540748902e-02 4.014530320e-02
9.218436874e+03 4.492178217e-02 3.971588117e-02
9.318637275e+03 4.444635928e-02 3.929555060e-02
9.418837675e+03 4.398089268e-02 3.888402352e-02
9.519038076e+03 4.352507522e-02 3.848102751e-02
9.619238477e+03 4.307861358e-02 3.808630180e-02
9.719438878e+03 4.264121544e-02 3.769959095e-02
9.819639279e+03 4.221261245e-02 3.732065550e-02
9.919839679e+03 4.179254362e-02 3.694926414e-02
1.002004008e+04 4.138074817e-02 3.658518994e-02
1.012024048e+04 4.097699339e-02 3.622822286e-02
1.022044088e+04 4.058104387e-02 3.587815591e-02
1.032064128e+04 4.019266683e-02 3.553478721e-02
1.042084168e+04 3.981165996e-02 3.519793172e-02
1.052104208e+04 3.943780988e-02 3.486740358e-02
1.062124248e+04 3.907091331e-02 3.454302479e-02
1.072144289e+04 3.871078244e-02 3.422462698e-02
1.082164329e+04 3.835723033e-02 3.391204568e-02
1.092184369e+04 3.801007865e-02 3.360512311e-02
1.102204409e+04 3.766915478e-02 3.330370672e-02
1.112224449e+04 3.733429224e-02 3.300764924e-02
1.122244489e+04 3.700533147e-02 3.271680973e-02
1.132264529e+04 3.668211678e-02 3.243105042e-02
1.142284569e+04 3.636450005e-02 3.215024037e-02
1.152304609e+04 3.605233688e-02 3.187425194e-02
1.162324649e+04 3.574548759e-02 3.160296161e-02
1.172344689e+04 3.544381870e-02 3.133625139e-02
1.182364729e+04 3.514719879e-02 3.107400508e-02
1.192384770e+04 3.485550356e-02 3.081611278e-02
1.202404810e+04 3.456861010e-02 3.056246582e-02
1.212424850e+04 3.428640160e-02 3.031296093e-02
1.222444890e+04 3.400876402e-02 3.006749729e-02
1.232464930e+04 3.373558684e-02 2.982597718e-02
1.242484970e+04 3.346676416e-02 2.958830697e-02
1.252505010e+04 3.320219285e-02 2.935439548e-02
1.262525050e+04 3.294177273e-02 2.912415415e-02
1.272545090e+04 3.268540648e-02 2.889749692e-02
1.282565130e+04 3.243300060e-02 2.867434112e-02
1.292585170e+04 3.218446406e-02 2.845460629e-02
1.302605210e+04 3.193970748e-02 2.823821340e-02
1.312625251e+04 3.169864573e-02 2.802508718e-02
1.322645291e+04 3.146119590e-02 2.781515432e-02
1.332665331e+04 3.122727676e-02 2.760834301e-02
1.342685371e+04 3.099681037e-02 2.740458434e-02
1.352705411e+04 3.076972095e-02 2.720381133e-02
1.362725451e+04 3.054593484e-02 2.700595884e-02
1.372745491e+04 3.032538049e-02 2.681096361e-02
1.382765531e+04 3.010798850e-02 2.661876426e-02
1.392785571e+04 2.989369150e-02 2.642930122e-02
1.402805611e+04 2.968242383e-02 2.624251650e-02
1.412825651e+04 2.947412177e-02 2.605835374e-02
1.422845691e+04 2.926872331e-02 2.587675811e-02
1.432865731e+04 2.906616803e-02 2.569767619e-02
1.442885772e+04 2.886639720e-02 2.552105606e-02
1.452905812e+04 2.866935482e-02 2.534684820e-02
1.462925852e+04 2.847498467e-02 2.517500290e-02
1.472945892e+04 2.828323253e-02 2.500547222e-02
1.482965932e+04 2.809404546e-02 2.483820936e-02
1.492985972e+04 2.790737266e-02 2.467316939e-02
1.503006012e+04 2.772316526e-02 2.451030914e-02
1.513026052e+04 2.754137383e-02 2.434958489e-02
1.523046092e+04 2.736195090e-02 2.419095469e-02
1.533066132e+04 2.718485009e-02 2.403437752e-02
1.543086172e+04 2.701002753e-02 2.387981458e-02
1.553106212e+04 2.683743951e-02 2.372722724e-02
1.563126253e+04 2.666704306e-02 2.357657750e-02
1.573146293e+04 2.649879657e-02 2.342782857e-02
1.583166333e+04 2.633265944e-02 2.328094457e-02
1.593186373e+04 2.616859305e-02 2.313589134e-02
1.603206413e+04 2.600655850e-02 2.299263449e-02
1.613226453e+04 2.584651825e-02 2.285114084e-02
1.623246493e+04 2.568843565e-02 2.271137798e-02
1.633266533e+04 2.553227506e-02 2.257331441e-02
1.643286573e+04 2.537800196e-02 2.243691959e-02
1.653306613e+04 2.522558211e-02 2.230216326e-02
1.663326653e+04 2.507498226e-02 2.216901603e-02
1.673346693e+04 2.492616992e-02 2.203744916e-02
1.683366733e+04 2.477911388e-02 2.190743507e-02
1.693386774e+04 2.463378333e-02 2.177894650e-02
1.703406814e+04 2.449014779e-02 2.165195652e-02
1.713426854e+04 2.434817767e-02 2.152643898e-02
1.723446894e+04 2.420784401e-02 2.140236824e-02
1.733466934e+04 2.406911840e-02 2.127971921e-02
1.743486974e+04 2.393197470e-02 2.115846877e-02
1.753507014e+04 2.379638524e-02 2.103859247e-02
1.763527054e+04 2.366232362e-02 2.092006695e-02
1.773547094e+04 2.352976400e-02 2.080286937e-02
1.783567134e+04 2.339868106e-02 2.068697735e-02
1.793587174e+04 2.326905034e-02 2.057236927e-02
1.803607214e+04 2.314084880e-02 2.045902474e-02
1.813627255e+04 2.301405224e-02 2.034692237e-02
1.823647295e+04 2.288863761e-02 2.023604178e-02
1.833667335e+04 2.276458234e-02 2.012636302e-02
1.843687375e+04 2.264186430e-02 2.001786653e-02
1.853707415e+04 2.252046234e-02 1.991053360e-02
1.863727455e+04 2.240035562e-02 1.980434581e-02
1.873747495e+04 2.228152322e-02 1.969928469e-02
1.883767535e+04 2.216394492e-02 1.959533235e-02
1.893787575e+04 2.204760093e-02 1.949247128e-02
1.903807615e+04 2.193247181e-02 1.939068433e-02
1.913827655e+04 2.181853914e-02 1.928995514e-02
1.923847695e+04 2.170578419e-02 1.919026717e-02
1.933867735e+04 2.159418872e-02 1.909160430e-02
1.943887776e+04 2.148373493e-02 1.899395076e-02
1.953907816e+04 2.137440535e-02 1.889729111e-02
1.963927856e+04 2.126618289e-02 1.880161024e-02
1.973947896e+04 2.115905100e-02 1.870689367e-02
1.983967936e+04 2.105299309e-02 1.861312668e-02
1.993987976e+04 2.094799305e-02 1.852029503e-02
2.004008016e+04 2.084403501e-02 1.842838476e-02
2.014028056e+04 2.074110343e-02 1.833738214e-02
2.024048096e+04 2.063918363e-02 1.824727403e-02
2.034068136e+04 2.053826126e-02 1.815804757e-02
2.044088176e+04 2.043832126e-02 1.806968957e-02
2.054108216e+04 2.033934934e-02 1.798218741e-02
2.064128257e+04 2.024133150e-02 1.789552864e-02
2.074148297e+04 2.014425395e-02 1.780970106e-02
2.084168337e+04 2.004810319e-02 1.772469267e-02
2.094188377e+04 1.995286614e-02 1.764049215e-02
2.104208417e+04 1.985852989e-02 1.755708821e-02
2.114228457e+04 1.976508152e-02 1.747446927e-02
2.124248497e+04 1.967250845e-02 1.739262428e-02
2.134268537e+04 1.958079833e-02 1.731154233e-02
2.144288577e+04 1.948993898e-02 1.723121271e-02
2.154308617e+04 1.939991843e-02 1.715162490e-02
2.164328657e+04 1.931072602e-02 1.707276915e-02
2.174348697e+04 1.922235043e-02 1.699463545e-02
2.184368737e+04 1.913478009e-02 1.691721366e-02
2.194388778e+04 1.904800404e-02 1.684049408e-02
2.204408818e+04 1.896201149e-02 1.676446716e-02
2.214428858e+04 1.887679189e-02 1.668912351e-02
2.224448898e+04 1.879233484e-02 1.661445391e-02
2.234468938e+04 1.870863025e-02 1.654044968e-02
2.244488978e+04 1.862566808e-02 1.646710190e-02
2.254509018e+04 1.854343845e-02 1.639440177e-02
2.264529058e+04 1.846193167e-02 1.632234073e-02
2.274549098e+04 1.838113823e-02 1.625091038e-02
2.284569138e+04 1.830104873e-02 1.618010242e-02
2.294589178e+04 1.822165396e-02 1.610990873e-02
2.304609218e+04 1.814294536e-02 1.604032164e-02
2.314629259e+04 1.806491390e-02 1.597133320e-02
2.324649299e+04 1.798755081e-02 1.590293568e-02
2.334669339e+04 1.791084752e-02 1.583512149e-02
2.344689379e+04 1.783479560e-02 1.576788319e-02
2.354709419e+04 1.775938677e-02 1.570121345e-02
2.364729459e+04 1.768461286e-02 1.563510505e-02
2.374749499e+04 1.761046619e-02 1.556955121e-02
2.384769539e+04 1.753693874e-02 1.550454482e-02
2.394789579e+04 1.746402275e-02 1.544007904e-02
2.404809619e+04 1.739171062e-02 1.537614714e-02
2.414829659e+04 1.731999484e-02 1.531274247e-02
2.424849699e+04 1.724886804e-02 1.524985853e-02
2.434869739e+04 1.717832295e-02 1.518748889e-02
2.444889780e+04 1.710835295e-02 1.512562769e-02
2.454909820e+04 1.703895070e-02 1.506426845e-02
2.464929860e+04 1.697010931e-02 1.500340508e-02
2.474949900e+04 1.690182198e-02 1.494303156e-02
2.484969940e+04 1.683408204e-02 1.488314199e-02
2.494989980e+04 1.676688287e-02 1.482373053e-02
2.505010020e+04 1.670021798e-02 1.476479144e-02
2.515030060e+04 1.663408096e-02 1.470631905e-02
2.525050100e+04 1.656846604e-02 1.464830824e-02
2.535070140e+04 1.650336693e-02 1.459075346e-02
2.545090180e+04 1.643877742e-02 1.453364922e-02
2.555110220e+04 1.637469154e-02 1.447699024e-02
2.565130261e+04 1.631110339e-02 1.442077130e-02
2.575150301e+04 1.624800716e-02 1.436498727e-02
2.585170341e+04 1.618539712e-02 1.430963307e-02
2.595190381e+04 1.612326763e-02 1.425470372e-02
2.605210421e+04 1.606161336e-02 1.420019452e-02
2.615230461e+04 1.600042905e-02 1.414610085e-02
2.625250501e+04 1.593970912e-02 1.409241775e-02
2.635270541e+04 1.587944828e-02 1.403914055e-02
2.645290581e+04 1.581964132e-02 1.398626465e-02
2.655310621e+04 1.576028311e-02 1.393378551e-02
2.665330661e+04 1.570136857e-02 1.388169867e-02
2.675350701e+04 1.564289270e-02 1.382999969e-02
2.685370741e+04 1.558485069e-02 1.377868431e-02
2.695390782e+04 1.552723818e-02 1.372774857e-02
2.705410822e+04 1.547005010e-02 1.367718803e-02
2.715430862e+04 1.541328178e-02 1.362699858e-02
2.725450902e+04 1.535692863e-02 1.357717613e-02
2.735470942e+04 1.530098612e-02 1.352771667e-02
2.745490982e+04 1.524544978e-02 1.347861623e-02
2.755511022e+04 1.519031521e-02 1.342987091e-02
2.765531062e+04 1.513557808e-02 1.338147685e-02
2.775551102e+04 1.508123382e-02 1.333343041e-02
2.785571142e+04 1.502727832e-02 1.328572778e-02
2.795591182e+04 1.497370740e-02 1.323836525e-02
2.805611222e+04 1.492051691e-02 1.319133920e-02
2.815631263e+04 1.486770275e-02 1.314464602e-02
2.825651303e+04 1.481526087e-02 1.309828219e-02
2.835671343e+04 1.476318724e-02 1.305224420e-02
2.845691383e+04 1.471147791e-02 1.300652861e-02
2.855711423e+04 1.466013015e-02 1.296113228e-02
2.865731463e+04 1.460914033e-02 1.291605191e-02
2.875751503e+04 1.455850431e-02 1.287128410e-02
2.885771543e+04 1.450821856e-02 1.282682563e-02
2.895791583e+04 1.445827959e-02 1.278267332e-02
2.905811623e+04 1.440868399e-02 1.273882401e-02
2.915831663e+04 1.435942841e-02 1.269527463e-02
2.925851703e+04 1.431050957e-02 1.265202212e-02
2.935871743e+04 1.426192234e-02 1.260906321e-02
2.945891784e+04 1.421365142e-02 1.256639341e-02
2.955911824e+04 1.416571165e-02 1.252401210e-02
2.965931864e+04 1.411810248e-02 1.248191679e-02
2.975951904e+04 1.407080646e-02 1.244010283e-02
2.985971944e+04 1.402382724e-02 1.239856817e-02
2.995991984e+04 1.397716069e-02 1.235730996e-02
3.006012024e+04 1.393080355e-02 1.231632540e-02
3.016032064e+04 1.388475295e-02 1.227561183e-02
3.026052104e+04 1.383900681e-02 1.223516671e-02
3.036072144e+04 1.379356045e-02 1.219498713e-02
3.046092184e+04 1.374841156e-02 1.215507058e-02
3.056112224e+04 1.370355728e-02 1.211541450e-02
3.066132265e+04 1.365899473e-02 1.207601633e-02
3.076152305e+04 1.361472106e-02 1.203687358e-02
3.086172345e+04 1.357073350e-02 1.199798378e-02
3.096192385e+04 1.352702928e-02 1.195934447e-02
3.106212425e+04 1.348360566e-02 1.192095324e-02
3.116232465e+04 1.344045995e-02 1.188280772e-02
3.126252505e+04 1.339758947e-02 1.184490553e-02
3.136272545e+04 1.335499160e-02 1.180724436e-02
3.146292585e+04 1.331266376e-02 1.176982191e-02
3.156312625e+04 1.327060337e-02 1.173263593e-02
3.166332665e+04 1.322880793e-02 1.169568420e-02
3.176352705e+04 1.318727493e-02 1.165896451e-02
3.186372745e+04 1.314600190e-02 1.162247466e-02
3.196392786e+04 1.310498637e-02 1.158621246e-02
3.206412826e+04 1.306422598e-02 1.155017582e-02
3.216432866e+04 1.302371837e-02 1.151436267e-02
3.226452906e+04 1.298346121e-02 1.147877095e-02
3.236472946e+04 1.294345219e-02 1.144339862e-02
3.246492986e+04 1.290368901e-02 1.140824364e-02
3.256513026e+04 1.286416930e-02 1.137330390e-02
3.266533066e+04 1.282489093e-02 1.133857754e-02
3.276553106e+04 1.278585169e-02 1.130406260e-02
3.286573146e+04 1.274704945e-02 1.126975718e-02
3.296593186e+04 1.270848205e-02 1.123565940e-02
3.306613226e+04 1.267014739e-02 1.120176738e-02
3.316633267e+04 1.263204318e-02 1.116807911e-02
3.326653307e+04 1.259416749e-02 1.113459287e-02
3.336673347e+04 1.255651826e-02 1.110130685e-02
3.346693387e+04 1.251909349e-02 1.106821928e-02
3.356713427e+04 1.248189119e-02 1.103532840e-02
3.366733467e+04 1.244490942e-02 1.100263248e-02
3.376753507e+04 1.240814604e-02 1.097012965e-02
3.386773547e+04 1.237159922e-02 1.093781828e-02
3.396793587e+04 1.233526707e-02 1.090569670e-02
3.406813627e+04 1.229914772e-02 1.087376326e-02
3.416833667e+04 1.226323932e-02 1.084201633e-02
3.426853707e+04 1.222754003e-02 1.081045427e-02
3.436873747e+04 1.219204785e-02 1.077907532e-02
3.446893788e+04 1.215676106e-02 1.074787796e-02
3.456913828e+04 1.212167793e-02 1.071686065e-02
3.466933868e+04 1.208679671e-02 1.068602186e-02
3.476953908e+04 1.205211567e-02 1.065536005e-02
3.486973948e+04 1.201763311e-02 1.062487371e-02
3.496993988e+04 1.198334733e-02 1.059456136e-02
3.507014028e+04 1.194925667e-02 1.056442151e-02
3.517034068e+04 1.191535949e-02 1.053445271e-02
3.527054108e+04 1.188165414e-02 1.050465351e-02
3.537074148e+04 1.184813895e-02 1.047502244e-02
3.547094188e+04 1.181481231e-02 1.044555807e-02
3.557114228e+04 1.178167267e-02 1.041625903e-02
3.567134269e+04 1.174871847e-02 1.038712393e-02
3.577154309e+04 1.171594814e-02 1.035815139e-02
3.587174349e+04 1.168336015e-02 1.032934007e-02
3.597194389e+04 1.165095296e-02 1.030068859e-02
3.607214429e+04 1.161872508e-02 1.027219564e-02
3.617234469e+04 1.158667498e-02 1.024385987e-02
3.627254509e+04 1.155480120e-02 1.021567998e-02
3.637274549e+04 1.152310239e-02 1.018765479e-02
3.647294589e+04 1.149157722e-02 1.015978312e-02
3.657314629e+04 1.146022412e-02 1.013206357e-02
3.667334669e+04 1.142904167e-02 1.010449490e-02
3.677354709e+04 1.139802847e-02 1.007707587e-02
3.687374749e+04 1.136718314e-02 1.004980524e-02
3.697394790e+04 1.133650429e-02 1.002268181e-02
3.707414830e+04 1.130599055e-02 9.995704350e-03
3.717434870e+04 1.127564057e-02 9.968871673e-03
3.727454910e+04 1.124545301e-02 9.942182585e-03
3.737474950e+04 1.121542663e-02 9.915636008e-03
3.747494990e+04 1.118556044e-02 9.889231054e-03
3.757515030e+04 1.115585289e-02 9.862966360e-03
3.767535070e+04 1.112630273e-02 9.836840806e-03
3.777555110e+04 1.109690868e-02 9.810853280e-03
3.787575150e+04 1.106766951e-02 9.785002683e-03
3.797595190e+04 1.103858399e-02 9.759287928e-03
3.807615230e+04 1.100965090e-02 9.733707935e-03
3.817635271e+04 1.098086903e-02 9.708261636e-03
3.827655311e+04 1.095223717e-02 9.682947972e-03
3.837675351e+04 1.092375417e-02 9.657765911e-03
3.847695391e+04 1.089541907e-02 9.632714607e-03
3.857715431e+04 1.086723057e-02 9.607792912e-03
3.867735471e+04 1.083918753e-02 9.582999822e-03
3.877755511e+04 1.081128882e-02 9.558334344e-03
3.887775551e+04 1.078353335e-02 9.533795495e-03
3.897795591e+04 1.075592001e-02 9.509382306e-03
3.907815631e+04 1.072844770e-02 9.485093813e-03
3.917835671e+04 1.070111537e-02 9.460929066e-03
3.927855711e+04 1.067392194e-02 9.436887123e-03
3.937875752e+04 1.064686635e-02 9.412967053e-03
3.947895792e+04 1.061994756e-02 9.389167925e-03
3.957915832e+04 1.059316454e-02 9.365488831e-03
3.967935872e+04 1.056651626e-02 9.341928868e-03
3.977955912e+04 1.054000172e-02 9.318487141e-03
3.987975952e+04 1.051361992e-02 9.295162766e-03
3.997995992e+04 1.048736985e-02 9.271954866e-03
4.008016032e+04 1.046125055e-02 9.248862573e-03
4.018036072e+04 1.043526104e-02 9.225885029e-03
4.028056112e+04 1.040940035e-02 9.203021382e-03
4.038076152e+04 1.038366754e-02 9.180270791e-03
4.048096192e+04 1.035806164e-02 9.157632402e-03
4.058116232e+04 1.033258173e-02 9.135105397e-03
4.068136273e+04 1.030722688e-02 9.112688964e-03
4.078156313e+04 1.028199618e-02 9.090382293e-03
4.088176353e+04 1.025688872e-02 9.068184581e-03
4.098196393e+04 1.023190360e-02 9.046095032e-03
4.108216433e+04 1.020703993e-02 9.024112860e-03
4.118236473e+04 1.018229683e-02 9.002237282e-03
4.128256513e+04 1.015767343e-02 8.980467525e-03
4.138276553e+04 1.013316885e-02 8.958802823e-03
4.148296593e+04 1.010878223e-02 8.937242416e-03
4.158316633e+04 1.008451273e-02 8.915785550e-03
4.168336673e+04 1.006035950e-02 8.894431479e-03
4.178356713e+04 1.003632170e-02 8.873179462e-03
4.188376754e+04 1.001239850e-02 8.852028766e-03
4.198396794e+04 9.988589077e-03 8.830978662e-03
4.208416834e+04 9.964892618e-03 8.810028429e-03
4.218436874e+04 9.941308311e-03 8.789177350e-03
4.228456914e+04 9.917835352e-03 8.768424715e-03
4.238476954e+04 9.894472944e-03 8.747769820e-03
4.248496994e+04 9.871220333e-03 8.727211997e-03
4.258517034e+04 9.848077318e-03 8.706751069e-03
4.268537074e+04 9.825042630e-03 8.686385913e-03
4.278557114e+04 9.802115509e-03 8.666115859e-03
4.288577154e+04 9.779295201e-03 8.645940239e-03
4.298597194e+04 9.756580956e-03 8.625858391e-03
4.308617234e+04 9.733972033e-03 8.605869659e-03
4.318637275e+04 9.711467696e-03 8.585973392e-03
4.328657315e+04 9.689067213e-03 8.566168943e-03
4.338677355e+04 9.666769858e-03 8.546455671e-03
4.348697395e+04 9.644574912e-03 8.526832940e-03
4.358717435e+04 9.622481659e-03 8.507300116e-03
4.368737475e+04 9.600489390e-03 8.487856573e-03
4.378757515e+04 9.578597399e-03 8.468501688e-03
4.388777555e+04 9.556804987e-03 8.449234840e-03
4.398797595e+04 9.535111457e-03 8.430055416e-03
4.408817635e+04 9.513516119e-03 8.410962804e-03
4.418837675e+04 9.492018286e-03 8.391956397e-03
4.428857715e+04 9.470617276e-03 8.373035592e-03
4.438877756e+04 9.449312409e-03 8.354199788e-03
4.448897796e+04 9.428103012e-03 8.335448389e-03
4.458917836e+04 9.406988751e-03 8.316781102e-03
4.468937876e+04 9.385969280e-03 8.298197620e-03
4.478957916e+04 9.365043524e-03 8.279696991e-03
4.488977956e+04 9.344210851e-03 8.261278658e-03
4.498997996e+04 9.323470638e-03 8.242942070e-03
4.509018036e+04 9.302822266e-03 8.224686679e-03
4.519038076e+04 9.282265120e-03 8.206511942e-03
4.529058116e+04 9.261798591e-03 8.188417321e-03
4.539078156e+04 9.241422075e-03 8.170402281e-03
4.549098196e+04 9.221134972e-03 8.152466292e-03
4.559118236e+04 9.200936689e-03 8.134608828e-03
4.569138277e+04 9.180826634e-03 8.116829369e-03
4.579158317e+04 9.160804223e-03 8.099127396e-03
4.589178357e+04 9.140868874e-03 8.081502396e-03
4.599198397e+04 9.121020012e-03 8.063953859e-03
4.609218437e+04 9.101257064e-03 8.046481280e-03
4.619238477e+04 9.081579559e-03 8.029084242e-03
4.629258517e+04 9.061987158e-03 8.011762446e-03
4.639278557e+04 9.042479086e-03 7.994515204e-03
4.649298597e+04 9.023054798e-03 7.977342039e-03
4.659318637e+04 9.003713759e-03 7.960242473e-03
4.669338677e+04 8.984455435e-03 7.943216037e-03
4.679358717e+04 8.965279298e-03 7.926262262e-03
4.689378758e+04 8.946184824e-03 7.909380688e-03
4.699398798e+04 8.927171495e-03 7.892570854e-03
4.709418838e+04 8.908238796e-03 7.875832305e-03
4.719438878e+04 8.889386217e-03 7.859164592e-03
4.729458918e+04 8.870613253e-03 7.842567267e-03
4.739478958e+04 8.851919402e-03 7.826039887e-03
4.749498998e+04 8.833304168e-03 7.809582012e-03
4.759519038e+04 8.814767058e-03 7.793193208e-03
4.769539078e+04 8.796307584e-03 7.776873042e-03
4.779559118e+04 8.777925258e-03 7.760621083e-03
4.789579158e+04 8.759619585e-03 7.744436895e-03
4.799599198e+04 8.741390102e-03 7.728320066e-03
4.809619238e+04 8.723236335e-03 7.712270179e-03
4.819639279e+04 8.705157815e-03 7.696286819e-03
4.829659319e+04 8.687154078e-03 7.680369574e-03
4.839679359e+04 8.669224661e-03 7.664518037e-03
4.849699399e+04 8.651369107e-03 7.648731802e-03
4.859719439e+04 8.633586960e-03 7.633010468e-03
4.869739479e+04 8.615877771e-03 7.617353636e-03
4.879759519e+04 8.598241093e-03 7.601760911e-03
4.889779559e+04 8.580676480e-03 7.586231901e-03
4.899799599e+04 8.563183494e-03 7.570766215e-03
4.909819639e+04 8.545761696e-03 7.555363468e-03
4.919839679e+04 8.528410652e-03 7.540023277e-03
4.929859719e+04 8.511129933e-03 7.524745259e-03
4.939879760e+04 8.493919111e-03 7.509529038e-03
4.949899800e+04 8.476777804e-03 7.494374276e-03
4.959919840e+04 8.459705560e-03 7.479280572e-03
4.969939880e+04 8.442701960e-03 7.464247558e-03
4.979959920e+04 8.425766591e-03 7.449274867e-03
4.989979960e+04 8.408899042e-03 7.434362137e-03
5.000000000e+04 8.392098904e-03 7.419509005e-03
