time            Cj              Br              shCj            shBr            O1              O2              HelperCCj      
0.000000000e+00 4.000000000e+00 4.000000000e+00 3.000000000e-01 4.000000000e+00 4.000000000e+00 4.000000000e+00 7.500000000e+01
1.002004008e+02 3.479476286e+00 3.967631697e+00 1.147086354e-01 3.997083647e+00 4.035269627e+00 3.964730373e+00 7.495661265e+01
2.004008016e+02 3.451197457e+00 3.932888018e+00 7.563067324e-02 3.995135632e+00 4.070533770e+00 3.929466230e+00 7.490678938e+01
3.006012024e+02 3.446495697e+00 3.898644015e+00 5.244574687e-02 3.993825354e+00 4.105786949e+00 3.894213051e+00 7.485751340e+01
4.008016032e+02 3.455586508e+00 3.864704177e+00 3.857097762e-02 3.992894731e+00 4.141023691e+00 3.858976309e+00 7.480857623e+01
5.010020040e+02 3.472852718e+00 3.830956448e+00 3.022471164e-02 3.992191753e+00 4.176238531e+00 3.823761469e+00 7.475985828e+01
6.012024048e+02 3.494989983e+00 3.797336765e+00 2.518270093e-02 3.991625927e+00 4.211426021e+00 3.788573979e+00 7.471129109e+01
7.014028056e+02 3.520029015e+00 3.763809166e+00 2.212016799e-02 3.991143123e+00 4.246580727e+00 3.753419273e+00 7.466283608e+01
8.016032064e+02 3.546788374e+00 3.730354302e+00 2.024331438e-02 3.990710916e+00 4.281697238e+00 3.718302762e+00 7.461447237e+01
9.018036072e+02 3.574557329e+00 3.696962679e+00 1.907567201e-02 3.990309899e+00 4.316770163e+00 3.683229837e+00 7.456618951e+01
1.002004008e+03 3.602907864e+00 3.663630642e+00 1.833140342e-02 3.989928474e+00 4.351794142e+00 3.648205858e+00 7.451798329e+01
1.102204409e+03 3.631582109e+00 3.630357991e+00 1.783940958e-02 3.989559722e+00 4.386763842e+00 3.613236158e+00 7.446985315e+01
1.202404810e+03 3.660424463e+00 3.597146554e+00 1.749758346e-02 3.989199525e+00 4.421673965e+00 3.578326035e+00 7.442180070e+01
1.302605210e+03 3.689340701e+00 3.563999334e+00 1.724517825e-02 3.988845429e+00 4.456519249e+00 3.543480751e+00 7.437382880e+01
1.402805611e+03 3.718273278e+00 3.530920010e+00 1.704620473e-02 3.988495974e+00 4.491294473e+00 3.508705527e+00 7.432594104e+01
1.503006012e+03 3.747186543e+00 3.497912633e+00 1.687941230e-02 3.988150283e+00 4.525994455e+00 3.474005545e+00 7.427814138e+01
1.603206413e+03 3.776057820e+00 3.464981453e+00 1.673228184e-02 3.987807826e+00 4.560614063e+00 3.439385937e+00 7.423043403e+01
1.703406814e+03 3.804872150e+00 3.432130809e+00 1.659748301e-02 3.987468274e+00 4.595148212e+00 3.404851788e+00 7.418282326e+01
1.803607214e+03 3.833619130e+00 3.399365072e+00 1.647071951e-02 3.987131419e+00 4.629591867e+00 3.370408133e+00 7.413531341e+01
1.903807615e+03 3.862291045e+00 3.366688604e+00 1.634948536e-02 3.986797121e+00 4.663940050e+00 3.336059950e+00 7.408790879e+01
2.004008016e+03 3.890881777e+00 3.334105738e+00 1.623231674e-02 3.986465283e+00 4.698187839e+00 3.301812161e+00 7.404061369e+01
2.104208417e+03 3.919386154e+00 3.301620764e+00 1.611835368e-02 3.986135830e+00 4.732330372e+00 3.267669628e+00 7.399343236e+01
2.204408818e+03 3.947799579e+00 3.269237917e+00 1.600708776e-02 3.985808700e+00 4.766362849e+00 3.233637151e+00 7.394636900e+01
2.304609218e+03 3.976117806e+00 3.236961377e+00 1.589820756e-02 3.985483841e+00 4.800280536e+00 3.199719464e+00 7.389942772e+01
2.404809619e+03 4.004336823e+00 3.204795259e+00 1.579152347e-02 3.985161207e+00 4.834078765e+00 3.165921235e+00 7.385261262e+01
2.505010020e+03 4.032452775e+00 3.172743615e+00 1.568690952e-02 3.984840752e+00 4.867752939e+00 3.132247061e+00 7.380592768e+01
2.605210421e+03 4.060461928e+00 3.140810428e+00 1.558427945e-02 3.984522436e+00 4.901298533e+00 3.098701467e+00 7.375937686e+01
2.705410822e+03 4.088360644e+00 3.108999611e+00 1.548357017e-02 3.984206217e+00 4.934711095e+00 3.065288905e+00 7.371296400e+01
2.805611222e+03 4.116145368e+00 3.077315007e+00 1.538473082e-02 3.983892057e+00 4.967986253e+00 3.032013747e+00 7.366669291e+01
2.905811623e+03 4.143812621e+00 3.045760385e+00 1.528771739e-02 3.983579918e+00 5.001119709e+00 2.998880291e+00 7.362056730e+01
3.006012024e+03 4.171358998e+00 3.014339438e+00 1.519248977e-02 3.983269762e+00 5.034107248e+00 2.965892752e+00 7.357459081e+01
3.106212425e+03 4.198781168e+00 2.983055785e+00 1.509901212e-02 3.982961553e+00 5.066944737e+00 2.933055263e+00 7.352876702e+01
3.206412826e+03 4.226075872e+00 2.951912967e+00 1.500724972e-02 3.982655255e+00 5.099628127e+00 2.900371873e+00 7.348309940e+01
3.306613226e+03 4.253239922e+00 2.920914447e+00 1.491716992e-02 3.982350833e+00 5.132153454e+00 2.867846546e+00 7.343759137e+01
3.406813627e+03 4.280270206e+00 2.890063610e+00 1.482874053e-02 3.982048253e+00 5.164516839e+00 2.835483161e+00 7.339224625e+01
3.507014028e+03 4.307163682e+00 2.859363757e+00 1.474192982e-02 3.981747480e+00 5.196714496e+00 2.803285504e+00 7.334706730e+01
3.607214429e+03 4.333917384e+00 2.828818112e+00 1.465670717e-02 3.981448482e+00 5.228742727e+00 2.771257273e+00 7.330205768e+01
3.707414830e+03 4.360528422e+00 2.798429813e+00 1.457304243e-02 3.981151227e+00 5.260597924e+00 2.739402076e+00 7.325722046e+01
3.807615230e+03 4.386993983e+00 2.768201916e+00 1.449090626e-02 3.980855682e+00 5.292276576e+00 2.707723424e+00 7.321255865e+01
3.907815631e+03 4.413311325e+00 2.738137397e+00 1.441026996e-02 3.980561817e+00 5.323775257e+00 2.676224743e+00 7.316807516e+01
4.008016032e+03 4.439477788e+00 2.708239143e+00 1.433110536e-02 3.980269601e+00 5.355090646e+00 2.644909354e+00 7.312377281e+01
4.108216433e+03 4.465490786e+00 2.678509960e+00 1.425338506e-02 3.979979003e+00 5.386219508e+00 2.613780492e+00 7.307965436e+01
4.208416834e+03 4.491347812e+00 2.648952570e+00 1.417708209e-02 3.979689994e+00 5.417158706e+00 2.582841294e+00 7.303572246e+01
4.308617234e+03 4.517046435e+00 2.619569607e+00 1.410216993e-02 3.979402546e+00 5.447905205e+00 2.552094795e+00 7.299197969e+01
4.408817635e+03 4.542584304e+00 2.590363621e+00 1.402862282e-02 3.979116630e+00 5.478456058e+00 2.521543942e+00 7.294842853e+01
4.509018036e+03 4.567959145e+00 2.561337075e+00 1.395641520e-02 3.978832217e+00 5.508808428e+00 2.491191572e+00 7.290507137e+01
4.609218437e+03 4.593168763e+00 2.532492349e+00 1.388552228e-02 3.978549282e+00 5.538959563e+00 2.461040437e+00 7.286191054e+01
4.709418838e+03 4.618211041e+00 2.503831734e+00 1.381591960e-02 3.978267796e+00 5.568906821e+00 2.431093179e+00 7.281894826e+01
4.809619238e+03 4.643083940e+00 2.475357437e+00 1.374758326e-02 3.977987734e+00 5.598647652e+00 2.401352348e+00 7.277618667e+01
4.909819639e+03 4.667785500e+00 2.447071580e+00 1.368048981e-02 3.977709070e+00 5.628179605e+00 2.371820395e+00 7.273362782e+01
5.010020040e+03 4.692313837e+00 2.418976199e+00 1.361461627e-02 3.977431778e+00 5.657500332e+00 2.342499668e+00 7.269127369e+01
5.110220441e+03 4.716667148e+00 2.391073243e+00 1.354994020e-02 3.977155834e+00 5.686607580e+00 2.313392420e+00 7.264912616e+01
5.210420842e+03 4.740843703e+00 2.363364581e+00 1.348643949e-02 3.976881213e+00 5.715499193e+00 2.284500807e+00 7.260718702e+01
5.310621242e+03 4.764841851e+00 2.335851994e+00 1.342409254e-02 3.976607891e+00 5.744173119e+00 2.255826881e+00 7.256545799e+01
5.410821643e+03 4.788660021e+00 2.308537177e+00 1.336287826e-02 3.976335845e+00 5.772627399e+00 2.227372601e+00 7.252394070e+01
5.511022044e+03 4.812296713e+00 2.281421748e+00 1.330277578e-02 3.976065051e+00 5.800860172e+00 2.199139828e+00 7.248263669e+01
5.611222445e+03 4.835750507e+00 2.254507237e+00 1.324376476e-02 3.975795488e+00 5.828869678e+00 2.171130322e+00 7.244154742e+01
5.711422846e+03 4.859020061e+00 2.227795090e+00 1.318582537e-02 3.975527132e+00 5.856654252e+00 2.143345748e+00 7.240067426e+01
5.811623246e+03 4.882104095e+00 2.201286680e+00 1.312893793e-02 3.975259961e+00 5.884212321e+00 2.115787679e+00 7.236001853e+01
5.911823647e+03 4.905001411e+00 2.174983291e+00 1.307308334e-02 3.974993956e+00 5.911542412e+00 2.088457588e+00 7.231958143e+01
6.012024048e+03 4.927710891e+00 2.148886123e+00 1.301824290e-02 3.974729094e+00 5.938643151e+00 2.061356849e+00 7.227936409e+01
6.112224449e+03 4.950231478e+00 2.122996316e+00 1.296439785e-02 3.974465354e+00 5.965513241e+00 2.034486759e+00 7.223936758e+01
6.212424850e+03 4.972562197e+00 2.097314910e+00 1.291153018e-02 3.974202717e+00 5.992151496e+00 2.007848504e+00 7.219959286e+01
6.312625251e+03 4.994702148e+00 2.071842871e+00 1.285962215e-02 3.973941162e+00 6.018556821e+00 1.981443179e+00 7.216004083e+01
6.412825651e+03 5.016650466e+00 2.046581108e+00 1.280865651e-02 3.973680671e+00 6.044728190e+00 1.955271810e+00 7.212071232e+01
6.513026052e+03 5.038406394e+00 2.021530428e+00 1.275861627e-02 3.973421223e+00 6.070664694e+00 1.929335306e+00 7.208160808e+01
6.613226453e+03 5.059969231e+00 1.996691571e+00 1.270948482e-02 3.973162801e+00 6.096365509e+00 1.903634491e+00 7.204272876e+01
6.713426854e+03 5.081338340e+00 1.972065224e+00 1.266124562e-02 3.972905385e+00 6.121829872e+00 1.878170128e+00 7.200407497e+01
6.813627255e+03 5.102513160e+00 1.947651971e+00 1.261388276e-02 3.972648957e+00 6.147057138e+00 1.852942862e+00 7.196564724e+01
6.913827655e+03 5.123493199e+00 1.923452334e+00 1.256738055e-02 3.972393500e+00 6.172046744e+00 1.827953256e+00 7.192744600e+01
7.014028056e+03 5.144278006e+00 1.899466780e+00 1.252172323e-02 3.972138995e+00 6.196798187e+00 1.803201813e+00 7.188947165e+01
7.114228457e+03 5.164867220e+00 1.875695687e+00 1.247689564e-02 3.971885427e+00 6.221311072e+00 1.778688928e+00 7.185172449e+01
7.214428858e+03 5.185260516e+00 1.852139381e+00 1.243288301e-02 3.971632778e+00 6.245585068e+00 1.754414932e+00 7.181420477e+01
7.314629259e+03 5.205457643e+00 1.828798111e+00 1.238967083e-02 3.971381031e+00 6.269619933e+00 1.730380067e+00 7.177691268e+01
7.414829659e+03 5.225458409e+00 1.805672063e+00 1.234724477e-02 3.971130170e+00 6.293415503e+00 1.706584497e+00 7.173984831e+01
7.515030060e+03 5.245262688e+00 1.782761365e+00 1.230559064e-02 3.970880179e+00 6.316971683e+00 1.683028317e+00 7.170301172e+01
7.615230461e+03 5.264870410e+00 1.760066070e+00 1.226469475e-02 3.970631042e+00 6.340288466e+00 1.659711534e+00 7.166640290e+01
7.715430862e+03 5.284281547e+00 1.737586182e+00 1.222454399e-02 3.970382745e+00 6.363365905e+00 1.636634095e+00 7.163002176e+01
7.815631263e+03 5.303496146e+00 1.715321631e+00 1.218512528e-02 3.970135271e+00 6.386204140e+00 1.613795860e+00 7.159386817e+01
7.915831663e+03 5.322514297e+00 1.693272298e+00 1.214642535e-02 3.969888606e+00 6.408803372e+00 1.591196628e+00 7.155794194e+01
8.016032064e+03 5.341336147e+00 1.671438005e+00 1.210843107e-02 3.969642736e+00 6.431163872e+00 1.568836128e+00 7.152224280e+01
8.116232465e+03 5.359961899e+00 1.649818510e+00 1.207113006e-02 3.969397645e+00 6.453285987e+00 1.546714013e+00 7.148677044e+01
8.216432866e+03 5.378391793e+00 1.628413527e+00 1.203451077e-02 3.969153320e+00 6.475170116e+00 1.524829884e+00 7.145152451e+01
8.316633267e+03 5.396626136e+00 1.607222703e+00 1.199856130e-02 3.968909748e+00 6.496816740e+00 1.503183260e+00 7.141650457e+01
8.416833667e+03 5.414665266e+00 1.586245650e+00 1.196326886e-02 3.968666914e+00 6.518226383e+00 1.481773617e+00 7.138171016e+01
8.517034068e+03 5.432509584e+00 1.565481909e+00 1.192862177e-02 3.968424805e+00 6.539399648e+00 1.460600352e+00 7.134714075e+01
8.617234469e+03 5.450159529e+00 1.544930985e+00 1.189460913e-02 3.968183408e+00 6.560337189e+00 1.439662811e+00 7.131279576e+01
8.717434870e+03 5.467615584e+00 1.524592331e+00 1.186122075e-02 3.967942709e+00 6.581039716e+00 1.418960284e+00 7.127867459e+01
8.817635271e+03 5.484878281e+00 1.504465345e+00 1.182844576e-02 3.967702698e+00 6.601508005e+00 1.398491995e+00 7.124477655e+01
8.917835671e+03 5.501948184e+00 1.484549396e+00 1.179627210e-02 3.967463360e+00 6.621742871e+00 1.378257129e+00 7.121110093e+01
9.018036072e+03 5.518825911e+00 1.464843789e+00 1.176468927e-02 3.967224684e+00 6.641745202e+00 1.358254798e+00 7.117764698e+01
9.118236473e+03 5.535512107e+00 1.445347801e+00 1.173368725e-02 3.966986658e+00 6.661515916e+00 1.338484084e+00 7.114441389e+01
9.218436874e+03 5.552007466e+00 1.426060660e+00 1.170325580e-02 3.966749270e+00 6.681055999e+00 1.318944001e+00 7.111140081e+01
9.318637275e+03 5.568312718e+00 1.406981551e+00 1.167338507e-02 3.966512508e+00 6.700366478e+00 1.299633522e+00 7.107860687e+01
9.418837675e+03 5.584428621e+00 1.388109628e+00 1.164406573e-02 3.966276361e+00 6.719448420e+00 1.280551580e+00 7.104603113e+01
9.519038076e+03 5.600355982e+00 1.369443997e+00 1.161528839e-02 3.966040817e+00 6.738302952e+00 1.261697048e+00 7.101367264e+01
9.619238477e+03 5.616095625e+00 1.350983738e+00 1.158704328e-02 3.965805867e+00 6.756931226e+00 1.243068774e+00 7.098153040e+01
9.719438878e+03 5.631648425e+00 1.332727885e+00 1.155932136e-02 3.965571498e+00 6.775334454e+00 1.224665546e+00 7.094960338e+01
9.819639279e+03 5.647015273e+00 1.314675444e+00 1.153211351e-02 3.965337701e+00 6.793513875e+00 1.206486125e+00 7.091789051e+01
9.919839679e+03 5.662197100e+00 1.296825388e+00 1.150541075e-02 3.965104465e+00 6.811470771e+00 1.188529229e+00 7.088639069e+01
1.002004008e+04 5.677194865e+00 1.279176652e+00 1.147920434e-02 3.964871779e+00 6.829206468e+00 1.170793532e+00 7.085510278e+01
1.012024048e+04 5.692009549e+00 1.261728152e+00 1.145348579e-02 3.964639634e+00 6.846722310e+00 1.153277690e+00 7.082402563e+01
1.022044088e+04 5.706642173e+00 1.244478759e+00 1.142824666e-02 3.964408020e+00 6.864019700e+00 1.135980300e+00 7.079315805e+01
1.032064128e+04 5.721093769e+00 1.227427332e+00 1.140347873e-02 3.964176926e+00 6.881100050e+00 1.118899950e+00 7.076249881e+01
1.042084168e+04 5.735365406e+00 1.210572690e+00 1.137917395e-02 3.963946344e+00 6.897964818e+00 1.102035182e+00 7.073204668e+01
1.052104208e+04 5.749458174e+00 1.193913630e+00 1.135532440e-02 3.963716265e+00 6.914615491e+00 1.085384509e+00 7.070180037e+01
1.062124248e+04 5.763373184e+00 1.177448928e+00 1.133192225e-02 3.963486677e+00 6.931053577e+00 1.068946423e+00 7.067175860e+01
1.072144289e+04 5.777111567e+00 1.161177335e+00 1.130895991e-02 3.963257574e+00 6.947280612e+00 1.052719388e+00 7.064192004e+01
1.082164329e+04 5.790674478e+00 1.145097577e+00 1.128642986e-02 3.963028945e+00 6.963298164e+00 1.036701836e+00 7.061228336e+01
1.092184369e+04 5.804063092e+00 1.129208361e+00 1.126432470e-02 3.962800783e+00 6.979107816e+00 1.020892184e+00 7.058284720e+01
1.102204409e+04 5.817278596e+00 1.113508379e+00 1.124263723e-02 3.962573078e+00 6.994711175e+00 1.005288825e+00 7.055361017e+01
1.112224449e+04 5.830322207e+00 1.097996292e+00 1.122136031e-02 3.962345821e+00 7.010109879e+00 9.898901212e-01 7.052457088e+01
1.122244489e+04 5.843195150e+00 1.082670751e+00 1.120048697e-02 3.962119006e+00 7.025305576e+00 9.746944243e-01 7.049572790e+01
1.132264529e+04 5.855898670e+00 1.067530387e+00 1.118001036e-02 3.961892623e+00 7.040299938e+00 9.597000625e-01 7.046707981e+01
1.142284569e+04 5.868434026e+00 1.052573813e+00 1.115992376e-02 3.961666664e+00 7.055094655e+00 9.449053450e-01 7.043862515e+01
1.152304609e+04 5.880802495e+00 1.037799627e+00 1.114022056e-02 3.961441122e+00 7.069691435e+00 9.303085648e-01 7.041036245e+01
1.162324649e+04 5.893005364e+00 1.023206416e+00 1.112089428e-02 3.961215988e+00 7.084091999e+00 9.159080014e-01 7.038229024e+01
1.172344689e+04 5.905043933e+00 1.008792748e+00 1.110193855e-02 3.960991256e+00 7.098298082e+00 9.017019178e-01 7.035440701e+01
1.182364729e+04 5.916919516e+00 9.945571827e-01 1.108334714e-02 3.960766917e+00 7.112311435e+00 8.876885648e-01 7.032671128e+01
1.192384770e+04 5.928633435e+00 9.804982661e-01 1.106511390e-02 3.960542964e+00 7.126133818e+00 8.738661816e-01 7.029920150e+01
1.202404810e+04 5.940187024e+00 9.666145346e-01 1.104723280e-02 3.960319390e+00 7.139767003e+00 8.602329969e-01 7.027187618e+01
1.212424850e+04 5.951581625e+00 9.529045146e-01 1.102969792e-02 3.960096188e+00 7.153212770e+00 8.467872297e-01 7.024473375e+01
1.222444890e+04 5.962818591e+00 9.393667218e-01 1.101250346e-02 3.959873351e+00 7.166472912e+00 8.335270878e-01 7.021777269e+01
1.232464930e+04 5.973899281e+00 9.259996661e-01 1.099564371e-02 3.959650872e+00 7.179549225e+00 8.204507748e-01 7.019099143e+01
1.242484970e+04 5.984825060e+00 9.128018494e-01 1.097911306e-02 3.959428744e+00 7.192443513e+00 8.075564870e-01 7.016438842e+01
1.252505010e+04 5.995597303e+00 8.997717639e-01 1.096290599e-02 3.959206961e+00 7.205157589e+00 7.948424106e-01 7.013796209e+01
1.262525050e+04 6.006217387e+00 8.869078992e-01 1.094701710e-02 3.958985515e+00 7.217693268e+00 7.823067316e-01 7.011171088e+01
1.272545090e+04 6.016686697e+00 8.742087389e-01 1.093144105e-02 3.958764401e+00 7.230052369e+00 7.699476308e-01 7.008563319e+01
1.282565130e+04 6.027006621e+00 8.616727598e-01 1.091617267e-02 3.958543612e+00 7.242236717e+00 7.577632830e-01 7.005972746e+01
1.292585170e+04 6.037178553e+00 8.492984369e-01 1.090120682e-02 3.958323142e+00 7.254248137e+00 7.457518634e-01 7.003399209e+01
1.302605210e+04 6.047203885e+00 8.370842417e-01 1.088653849e-02 3.958102985e+00 7.266088455e+00 7.339115451e-01 7.000842551e+01
1.312625251e+04 6.057084019e+00 8.250286419e-01 1.087216267e-02 3.957883134e+00 7.277759501e+00 7.222404993e-01 6.998302611e+01
1.322645291e+04 6.066820355e+00 8.131301044e-01 1.085807452e-02 3.957663584e+00 7.289263102e+00 7.107368980e-01 6.995779232e+01
1.332665331e+04 6.076414294e+00 8.013870947e-01 1.084426923e-02 3.957444330e+00 7.300601086e+00 6.993989143e-01 6.993272254e+01
1.342685371e+04 6.085867238e+00 7.897980768e-01 1.083074218e-02 3.957225365e+00 7.311775278e+00 6.882247219e-01 6.990781518e+01
1.352705411e+04 6.095180589e+00 7.783615150e-01 1.081748883e-02 3.957006683e+00 7.322787503e+00 6.772124969e-01 6.988306864e+01
1.362725451e+04 6.104355749e+00 7.670758745e-01 1.080450469e-02 3.956788280e+00 7.333639581e+00 6.663604194e-01 6.985848134e+01
1.372745491e+04 6.113394121e+00 7.559396205e-01 1.079178521e-02 3.956570149e+00 7.344333329e+00 6.556666711e-01 6.983405169e+01
1.382765531e+04 6.122297111e+00 7.449512197e-01 1.077932589e-02 3.956352285e+00 7.354870562e+00 6.451294382e-01 6.980977810e+01
1.392785571e+04 6.131066117e+00 7.341091424e-01 1.076712244e-02 3.956134684e+00 7.365253086e+00 6.347469135e-01 6.978565898e+01
1.402805611e+04 6.139702537e+00 7.234118610e-01 1.075517056e-02 3.955917340e+00 7.375482705e+00 6.245172951e-01 6.976169277e+01
1.412825651e+04 6.148207763e+00 7.128578480e-01 1.074346645e-02 3.955700247e+00 7.385561217e+00 6.144387828e-01 6.973787786e+01
1.422845691e+04 6.156583187e+00 7.024455822e-01 1.073200607e-02 3.955483402e+00 7.395490413e+00 6.045095868e-01 6.971421271e+01
1.432865731e+04 6.164830194e+00 6.921735464e-01 1.072078553e-02 3.955266798e+00 7.405272076e+00 5.947279243e-01 6.969069572e+01
1.442885772e+04 6.172950169e+00 6.820402276e-01 1.070980100e-02 3.955050431e+00 7.414907980e+00 5.850920197e-01 6.966732535e+01
1.452905812e+04 6.180944500e+00 6.720441137e-01 1.069904802e-02 3.954834297e+00 7.424399899e+00 5.756001009e-01 6.964410002e+01
1.462925852e+04 6.188814559e+00 6.621837025e-01 1.068852297e-02 3.954618390e+00 7.433749590e+00 5.662504097e-01 6.962101819e+01
1.472945892e+04 6.196561719e+00 6.524574958e-01 1.067822196e-02 3.954402706e+00 7.442958805e+00 5.570411954e-01 6.959807831e+01
1.482965932e+04 6.204187346e+00 6.428640006e-01 1.066814136e-02 3.954187240e+00 7.452029285e+00 5.479707154e-01 6.957527883e+01
1.492985972e+04 6.211692800e+00 6.334017289e-01 1.065827795e-02 3.953971989e+00 7.460962765e+00 5.390372351e-01 6.955261822e+01
1.503006012e+04 6.219079436e+00 6.240692017e-01 1.064862801e-02 3.953756947e+00 7.469760967e+00 5.302390333e-01 6.953009496e+01
1.513026052e+04 6.226348603e+00 6.148649463e-01 1.063918815e-02 3.953542111e+00 7.478425602e+00 5.215743983e-01 6.950770751e+01
1.523046092e+04 6.233501644e+00 6.057874955e-01 1.062995490e-02 3.953327475e+00 7.486958373e+00 5.130416271e-01 6.948545438e+01
1.533066132e+04 6.240539895e+00 5.968353905e-01 1.062092489e-02 3.953113037e+00 7.495360971e+00 5.046390286e-01 6.946333404e+01
1.543086172e+04 6.247464685e+00 5.880071810e-01 1.061209491e-02 3.952898791e+00 7.503635075e+00 4.963649246e-01 6.944134501e+01
1.553106212e+04 6.254277335e+00 5.793014248e-01 1.060346179e-02 3.952684734e+00 7.511782352e+00 4.882176481e-01 6.941948580e+01
1.563126253e+04 6.260979160e+00 5.707166850e-01 1.059502215e-02 3.952470862e+00 7.519804459e+00 4.801955406e-01 6.939775493e+01
1.573146293e+04 6.267571467e+00 5.622515367e-01 1.058677290e-02 3.952257171e+00 7.527703040e+00 4.722969598e-01 6.937615092e+01
1.583166333e+04 6.274055555e+00 5.539045627e-01 1.057871093e-02 3.952043657e+00 7.535479725e+00 4.645202752e-01 6.935467232e+01
1.593186373e+04 6.280432712e+00 5.456743548e-01 1.057083316e-02 3.951830316e+00 7.543136132e+00 4.568638682e-01 6.933331767e+01
1.603206413e+04 6.286704225e+00 5.375595119e-01 1.056313677e-02 3.951617145e+00 7.550673869e+00 4.493261311e-01 6.931208554e+01
1.613226453e+04 6.292871364e+00 5.295586452e-01 1.055561876e-02 3.951404139e+00 7.558094528e+00 4.419054724e-01 6.929097448e+01
1.623246493e+04 6.298935397e+00 5.216703747e-01 1.054827624e-02 3.951191296e+00 7.565399687e+00 4.346003134e-01 6.926998307e+01
1.633266533e+04 6.304897578e+00 5.138933292e-01 1.054110641e-02 3.950978611e+00 7.572590913e+00 4.274090874e-01 6.924910991e+01
1.643286573e+04 6.310759158e+00 5.062261471e-01 1.053410652e-02 3.950766082e+00 7.579669759e+00 4.203302409e-01 6.922835359e+01
1.653306613e+04 6.316521373e+00 4.986674785e-01 1.052727385e-02 3.950553705e+00 7.586637764e+00 4.133622363e-01 6.920771271e+01
1.663326653e+04 6.322185452e+00 4.912159833e-01 1.052060577e-02 3.950341476e+00 7.593496451e+00 4.065035493e-01 6.918718591e+01
1.673346693e+04 6.327752617e+00 4.838703301e-01 1.051409957e-02 3.950129392e+00 7.600247332e+00 3.997526677e-01 6.916677180e+01
1.683366733e+04 6.333224078e+00 4.766291994e-01 1.050775268e-02 3.949917450e+00 7.606891905e+00 3.931080949e-01 6.914646903e+01
1.693386774e+04 6.338601034e+00 4.694912824e-01 1.050156255e-02 3.949705647e+00 7.613431651e+00 3.865683491e-01 6.912627626e+01
1.703406814e+04 6.343884677e+00 4.624552812e-01 1.049552668e-02 3.949493979e+00 7.619868037e+00 3.801319627e-01 6.910619213e+01
1.713426854e+04 6.349076189e+00 4.555199065e-01 1.048964262e-02 3.949282444e+00 7.626202520e+00 3.737974799e-01 6.908621534e+01
1.723446894e+04 6.354176741e+00 4.486838824e-01 1.048390794e-02 3.949071038e+00 7.632436537e+00 3.675634625e-01 6.906634455e+01
1.733466934e+04 6.359187493e+00 4.419459434e-01 1.047832024e-02 3.948859758e+00 7.638571514e+00 3.614284862e-01 6.904657848e+01
1.743486974e+04 6.364109598e+00 4.353048349e-01 1.047287718e-02 3.948648602e+00 7.644608859e+00 3.553911407e-01 6.902691583e+01
1.753507014e+04 6.368944197e+00 4.287593122e-01 1.046757650e-02 3.948437566e+00 7.650549971e+00 3.494500294e-01 6.900735531e+01
1.763527054e+04 6.373692420e+00 4.223081437e-01 1.046241592e-02 3.948226648e+00 7.656396228e+00 3.436037723e-01 6.898789567e+01
1.773547094e+04 6.378355388e+00 4.159501086e-01 1.045739322e-02 3.948015844e+00 7.662148996e+00 3.378510037e-01 6.896853564e+01
1.783567134e+04 6.382934212e+00 4.096839966e-01 1.045250622e-02 3.947805152e+00 7.667809628e+00 3.321903716e-01 6.894927398e+01
1.793587174e+04 6.387429992e+00 4.035086090e-01 1.044775276e-02 3.947594570e+00 7.673379461e+00 3.266205389e-01 6.893010946e+01
1.803607214e+04 6.391843817e+00 3.974227591e-01 1.044313075e-02 3.947384094e+00 7.678859816e+00 3.211401845e-01 6.891104085e+01
1.813627255e+04 6.396176767e+00 3.914252718e-01 1.043863810e-02 3.947173723e+00 7.684251998e+00 3.157480015e-01 6.889206694e+01
1.823647295e+04 6.400429910e+00 3.855149819e-01 1.043427277e-02 3.946963452e+00 7.689557304e+00 3.104426965e-01 6.887318655e+01
1.833667335e+04 6.404604305e+00 3.796907371e-01 1.043003275e-02 3.946753280e+00 7.694777008e+00 3.052229921e-01 6.885439848e+01
1.843687375e+04 6.408700999e+00 3.739513964e-01 1.042591607e-02 3.946543205e+00 7.699912374e+00 3.000876258e-01 6.883570155e+01
1.853707415e+04 6.412721030e+00 3.682958303e-01 1.042192079e-02 3.946333223e+00 7.704964651e+00 2.950353494e-01 6.881709461e+01
1.863727455e+04 6.416665426e+00 3.627229197e-01 1.041804501e-02 3.946123332e+00 7.709935072e+00 2.900649283e-01 6.879857651e+01
1.873747495e+04 6.420535201e+00 3.572315585e-01 1.041428684e-02 3.945913531e+00 7.714824856e+00 2.851751440e-01 6.878014611e+01
1.883767535e+04 6.424331363e+00 3.518206517e-01 1.041064444e-02 3.945703816e+00 7.719635208e+00 2.803647923e-01 6.876180228e+01
1.893787575e+04 6.428054905e+00 3.464891154e-01 1.040711600e-02 3.945494185e+00 7.724367317e+00 2.756326830e-01 6.874354390e+01
1.903807615e+04 6.431706815e+00 3.412358769e-01 1.040369973e-02 3.945284636e+00 7.729022360e+00 2.709776402e-01 6.872536989e+01
1.913827655e+04 6.435288065e+00 3.360598759e-01 1.040039388e-02 3.945075167e+00 7.733601497e+00 2.663985032e-01 6.870727913e+01
1.923847695e+04 6.438799619e+00 3.309600633e-01 1.039719672e-02 3.944865775e+00 7.738105875e+00 2.618941253e-01 6.868927057e+01
1.933867735e+04 6.442242432e+00 3.259354004e-01 1.039410655e-02 3.944656458e+00 7.742536627e+00 2.574633735e-01 6.867134312e+01
1.943887776e+04 6.445617447e+00 3.209848607e-01 1.039112171e-02 3.944447215e+00 7.746894871e+00 2.531051294e-01 6.865349573e+01
1.953907816e+04 6.448925596e+00 3.161074295e-01 1.038824055e-02 3.944238042e+00 7.751181711e+00 2.488182891e-01 6.863572737e+01
1.963927856e+04 6.452167802e+00 3.113021029e-01 1.038546146e-02 3.944028939e+00 7.755398237e+00 2.446017629e-01 6.861803699e+01
1.973947896e+04 6.455344976e+00 3.065678883e-01 1.038278286e-02 3.943819902e+00 7.759545526e+00 2.404544741e-01 6.860042358e+01
1.983967936e+04 6.458458021e+00 3.019038035e-01 1.038020318e-02 3.943610930e+00 7.763624640e+00 2.363753600e-01 6.858288613e+01
1.993987976e+04 6.461507828e+00 2.973088789e-01 1.037772089e-02 3.943402021e+00 7.767636628e+00 2.323633724e-01 6.856542364e+01
2.004008016e+04 6.464495278e+00 2.927821558e-01 1.037533448e-02 3.943193173e+00 7.771582523e+00 2.284174770e-01 6.854803512e+01
2.014028056e+04 6.467421243e+00 2.883226862e-01 1.037304246e-02 3.942984384e+00 7.775463347e+00 2.245366525e-01 6.853071961e+01
2.024048096e+04 6.470286585e+00 2.839295320e-01 1.037084338e-02 3.942775651e+00 7.779280110e+00 2.207198902e-01 6.851347613e+01
2.034068136e+04 6.473092154e+00 2.796017681e-01 1.036873579e-02 3.942566975e+00 7.783033804e+00 2.169661963e-01 6.849630375e+01
2.044088176e+04 6.475838791e+00 2.753384794e-01 1.036671829e-02 3.942358351e+00 7.786725410e+00 2.132745900e-01 6.847920150e+01
2.054108216e+04 6.478527327e+00 2.711387620e-01 1.036478949e-02 3.942149779e+00 7.790355896e+00 2.096441038e-01 6.846216848e+01
2.064128257e+04 6.481158585e+00 2.670017214e-01 1.036294801e-02 3.941941257e+00 7.793926218e+00 2.060737819e-01 6.844520375e+01
2.074148297e+04 6.483733375e+00 2.629264754e-01 1.036119253e-02 3.941732783e+00 7.797437317e+00 2.025626830e-01 6.842830642e+01
2.084168337e+04 6.486252500e+00 2.589121519e-01 1.035952170e-02 3.941524355e+00 7.800890122e+00 1.991098783e-01 6.841147558e+01
2.094188377e+04 6.488716750e+00 2.549578897e-01 1.035793424e-02 3.941315971e+00 7.804285548e+00 1.957144518e-01 6.839471035e+01
2.104208417e+04 6.491126910e+00 2.510628373e-01 1.035642887e-02 3.941107631e+00 7.807624500e+00 1.923754996e-01 6.837800986e+01
2.114228457e+04 6.493483752e+00 2.472261541e-01 1.035500432e-02 3.940899332e+00 7.810907869e+00 1.890921307e-01 6.836137324e+01
2.124248497e+04 6.495788038e+00 2.434470101e-01 1.035365936e-02 3.940691073e+00 7.814136533e+00 1.858634668e-01 6.834479964e+01
2.134268537e+04 6.498040524e+00 2.397245854e-01 1.035239276e-02 3.940482851e+00 7.817311358e+00 1.826886416e-01 6.832828822e+01
2.144288577e+04 6.500241954e+00 2.360580704e-01 1.035120334e-02 3.940274667e+00 7.820433199e+00 1.795668011e-01 6.831183814e+01
2.154308617e+04 6.502393062e+00 2.324466650e-01 1.035008992e-02 3.940066517e+00 7.823502897e+00 1.764971029e-01 6.829544858e+01
2.164328657e+04 6.504494576e+00 2.288895801e-01 1.034905134e-02 3.939858400e+00 7.826521283e+00 1.734787172e-01 6.827911873e+01
2.174348697e+04 6.506547212e+00 2.253860361e-01 1.034808646e-02 3.939650316e+00 7.829489174e+00 1.705108259e-01 6.826284780e+01
2.184368737e+04 6.508551678e+00 2.219352634e-01 1.034719417e-02 3.939442262e+00 7.832407378e+00 1.675926224e-01 6.824663499e+01
2.194388778e+04 6.510508673e+00 2.185365016e-01 1.034637334e-02 3.939234237e+00 7.835276689e+00 1.647233113e-01 6.823047951e+01
2.204408818e+04 6.512418887e+00 2.151890010e-01 1.034562290e-02 3.939026239e+00 7.838097891e+00 1.619021094e-01 6.821438060e+01
2.214428858e+04 6.514283001e+00 2.118920210e-01 1.034494179e-02 3.938818268e+00 7.840871755e+00 1.591282447e-01 6.819833750e+01
2.224448898e+04 6.516101688e+00 2.086448310e-01 1.034432894e-02 3.938610322e+00 7.843599044e+00 1.564009564e-01 6.818234946e+01
2.234468938e+04 6.517875610e+00 2.054467097e-01 1.034378333e-02 3.938402399e+00 7.846280505e+00 1.537194947e-01 6.816641573e+01
2.244488978e+04 6.519605424e+00 2.022969442e-01 1.034330395e-02 3.938194498e+00 7.848916880e+00 1.510831203e-01 6.815053559e+01
2.254509018e+04 6.521291776e+00 1.991948320e-01 1.034288980e-02 3.937986617e+00 7.851508895e+00 1.484911053e-01 6.813470831e+01
2.264529058e+04 6.522935304e+00 1.961396799e-01 1.034253988e-02 3.937778757e+00 7.854057267e+00 1.459427327e-01 6.811893318e+01
2.274549098e+04 6.524536637e+00 1.931308035e-01 1.034225324e-02 3.937570914e+00 7.856562704e+00 1.434372958e-01 6.810320949e+01
2.284569138e+04 6.526096397e+00 1.901675275e-01 1.034202892e-02 3.937363088e+00 7.859025901e+00 1.409740985e-01 6.808753656e+01
2.294589178e+04 6.527615197e+00 1.872491852e-01 1.034186599e-02 3.937155278e+00 7.861447545e+00 1.385524549e-01 6.807191369e+01
2.304609218e+04 6.529093642e+00 1.843751188e-01 1.034176353e-02 3.936947483e+00 7.863828311e+00 1.361716893e-01 6.805634021e+01
2.314629259e+04 6.530532328e+00 1.815446799e-01 1.034172063e-02 3.936739700e+00 7.866168864e+00 1.338311363e-01 6.804081546e+01
2.324649299e+04 6.531931846e+00 1.787572284e-01 1.034173640e-02 3.936531930e+00 7.868469859e+00 1.315301405e-01 6.802533878e+01
2.334669339e+04 6.533292775e+00 1.760121328e-01 1.034180997e-02 3.936324170e+00 7.870731944e+00 1.292680564e-01 6.800990952e+01
2.344689379e+04 6.534615690e+00 1.733087700e-01 1.034194047e-02 3.936116420e+00 7.872955752e+00 1.270442480e-01 6.799452703e+01
2.354709419e+04 6.535901157e+00 1.706465253e-01 1.034212703e-02 3.935908679e+00 7.875141911e+00 1.248580891e-01 6.797919069e+01
2.364729459e+04 6.537149733e+00 1.680247925e-01 1.034236883e-02 3.935700945e+00 7.877291037e+00 1.227089631e-01 6.796389988e+01
2.374749499e+04 6.538361968e+00 1.654429736e-01 1.034266503e-02 3.935493218e+00 7.879403737e+00 1.205962626e-01 6.794865397e+01
2.384769539e+04 6.539538407e+00 1.629004789e-01 1.034301482e-02 3.935285495e+00 7.881480610e+00 1.185193896e-01 6.793345237e+01
2.394789579e+04 6.540679584e+00 1.603967264e-01 1.034341741e-02 3.935077777e+00 7.883522245e+00 1.164777550e-01 6.791829447e+01
2.404809619e+04 6.541786026e+00 1.579311424e-01 1.034387208e-02 3.934870063e+00 7.885529221e+00 1.144707795e-01 6.790317969e+01
2.414829659e+04 6.542858254e+00 1.555031609e-01 1.034437802e-02 3.934662350e+00 7.887502108e+00 1.124978918e-01 6.788810744e+01
2.424849699e+04 6.543896782e+00 1.531122237e-01 1.034493451e-02 3.934454638e+00 7.889441470e+00 1.105585298e-01 6.787307716e+01
2.434869739e+04 6.544902116e+00 1.507577804e-01 1.034554080e-02 3.934246926e+00 7.891347860e+00 1.086521401e-01 6.785808827e+01
2.444889780e+04 6.545874755e+00 1.484392883e-01 1.034619618e-02 3.934039214e+00 7.893221822e+00 1.067781777e-01 6.784314021e+01
2.454909820e+04 6.546815194e+00 1.461562122e-01 1.034689983e-02 3.933831499e+00 7.895063893e+00 1.049361067e-01 6.782823245e+01
2.464929860e+04 6.547723919e+00 1.439080241e-01 1.034765107e-02 3.933623782e+00 7.896874601e+00 1.031253989e-01 6.781336442e+01
2.474949900e+04 6.548601408e+00 1.416942038e-01 1.034844921e-02 3.933416061e+00 7.898654466e+00 1.013455343e-01 6.779853561e+01
2.484969940e+04 6.549448134e+00 1.395142379e-01 1.034929353e-02 3.933208335e+00 7.900403999e+00 9.959600136e-02 6.778374548e+01
2.494989980e+04 6.550264563e+00 1.373676205e-01 1.035018335e-02 3.933000603e+00 7.902123704e+00 9.787629625e-02 6.776899351e+01
2.505010020e+04 6.551051154e+00 1.352538530e-01 1.035111804e-02 3.932792865e+00 7.903814076e+00 9.618592359e-02 6.775427919e+01
2.515030060e+04 6.551808360e+00 1.331724434e-01 1.035209695e-02 3.932585120e+00 7.905475604e+00 9.452439551e-02 6.773960202e+01
2.525050100e+04 6.552536627e+00 1.311229070e-01 1.035311940e-02 3.932377366e+00 7.907108768e+00 9.289123156e-02 6.772496149e+01
2.535070140e+04 6.553236396e+00 1.291047656e-01 1.035418477e-02 3.932169603e+00 7.908714041e+00 9.128595904e-02 6.771035711e+01
2.545090180e+04 6.553908100e+00 1.271175479e-01 1.035529242e-02 3.931961829e+00 7.910291887e+00 8.970811268e-02 6.769578841e+01
2.555110220e+04 6.554552168e+00 1.251607896e-01 1.035644176e-02 3.931754045e+00 7.911842765e+00 8.815723484e-02 6.768125489e+01
2.565130261e+04 6.555169019e+00 1.232340328e-01 1.035763223e-02 3.931546250e+00 7.913367125e+00 8.663287534e-02 6.766675610e+01
2.575150301e+04 6.555759069e+00 1.213368260e-01 1.035886324e-02 3.931338441e+00 7.914865409e+00 8.513459052e-02 6.765229157e+01
2.585170341e+04 6.556322727e+00 1.194687242e-01 1.036013420e-02 3.931130620e+00 7.916338056e+00 8.366194401e-02 6.763786083e+01
2.595190381e+04 6.556860398e+00 1.176292889e-01 1.036144458e-02 3.930922784e+00 7.917785494e+00 8.221450638e-02 6.762346345e+01
2.605210421e+04 6.557372478e+00 1.158180876e-01 1.036279382e-02 3.930714933e+00 7.919208145e+00 8.079185515e-02 6.760909897e+01
2.615230461e+04 6.557859363e+00 1.140346947e-01 1.036418120e-02 3.930507067e+00 7.920606425e+00 7.939357532e-02 6.759476695e+01
2.625250501e+04 6.558321438e+00 1.122786899e-01 1.036560625e-02 3.930299184e+00 7.921980743e+00 7.801925740e-02 6.758046697e+01
2.635270541e+04 6.558759084e+00 1.105496595e-01 1.036706842e-02 3.930091284e+00 7.923331501e+00 7.666849888e-02 6.756619860e+01
2.645290581e+04 6.559172677e+00 1.088471952e-01 1.036856716e-02 3.929883366e+00 7.924659096e+00 7.534090369e-02 6.755196142e+01
2.655310621e+04 6.559562588e+00 1.071708952e-01 1.037010191e-02 3.929675429e+00 7.925963918e+00 7.403608207e-02 6.753775501e+01
2.665330661e+04 6.559929181e+00 1.055203636e-01 1.037167225e-02 3.929467473e+00 7.927246348e+00 7.275365157e-02 6.752357897e+01
2.675350701e+04 6.560272815e+00 1.038952098e-01 1.037327763e-02 3.929259497e+00 7.928506765e+00 7.149323466e-02 6.750943290e+01
2.685370741e+04 6.560593847e+00 1.022950490e-01 1.037491752e-02 3.929051501e+00 7.929745540e+00 7.025446024e-02 6.749531640e+01
2.695390782e+04 6.560892625e+00 1.007195019e-01 1.037659144e-02 3.928843482e+00 7.930963037e+00 6.903696324e-02 6.748122908e+01
2.705410822e+04 6.561169494e+00 9.916819492e-02 1.037829889e-02 3.928635442e+00 7.932159616e+00 6.784038445e-02 6.746717056e+01
2.715430862e+04 6.561424790e+00 9.764076005e-02 1.038003947e-02 3.928427379e+00 7.933335629e+00 6.666437118e-02 6.745314045e+01
2.725450902e+04 6.561658848e+00 9.613683458e-02 1.038181273e-02 3.928219292e+00 7.934491424e+00 6.550857601e-02 6.743913839e+01
2.735470942e+04 6.561871997e+00 9.465606085e-02 1.038361822e-02 3.928011182e+00 7.935627343e+00 6.437265687e-02 6.742516401e+01
2.745490982e+04 6.562064561e+00 9.319808658e-02 1.038545551e-02 3.927803046e+00 7.936743723e+00 6.325627745e-02 6.741121694e+01
2.755511022e+04 6.562236859e+00 9.176256461e-02 1.038732420e-02 3.927594886e+00 7.937840893e+00 6.215910688e-02 6.739729682e+01
2.765531062e+04 6.562389206e+00 9.034915312e-02 1.038922379e-02 3.927386699e+00 7.938919180e+00 6.108082010e-02 6.738340332e+01
2.775551102e+04 6.562521915e+00 8.895751542e-02 1.039115374e-02 3.927178486e+00 7.939978902e+00 6.002109755e-02 6.736953607e+01
2.785571142e+04 6.562635290e+00 8.758731930e-02 1.039311369e-02 3.926970245e+00 7.941020376e+00 5.897962410e-02 6.735569474e+01
2.795591182e+04 6.562729633e+00 8.623823764e-02 1.039510320e-02 3.926761977e+00 7.942043910e+00 5.795609009e-02 6.734187898e+01
2.805611222e+04 6.562805239e+00 8.490994811e-02 1.039712184e-02 3.926553681e+00 7.943049809e+00 5.695019094e-02 6.732808848e+01
2.815631263e+04 6.562862403e+00 8.360213324e-02 1.039916919e-02 3.926345355e+00 7.944038373e+00 5.596162717e-02 6.731432290e+01
2.825651303e+04 6.562901412e+00 8.231448081e-02 1.040124494e-02 3.926137001e+00 7.945009895e+00 5.499010499e-02 6.730058191e+01
2.835671343e+04 6.562922550e+00 8.104668233e-02 1.040334862e-02 3.925928616e+00 7.945964666e+00 5.403533424e-02 6.728686521e+01
2.845691383e+04 6.562926098e+00 7.979843421e-02 1.040547983e-02 3.925720200e+00 7.946902970e+00 5.309702994e-02 6.727317248e+01
2.855711423e+04 6.562912332e+00 7.856943735e-02 1.040763818e-02 3.925511753e+00 7.947825088e+00 5.217491182e-02 6.725950341e+01
2.865731463e+04 6.562881524e+00 7.735939704e-02 1.040982326e-02 3.925303275e+00 7.948731296e+00 5.126870416e-02 6.724585770e+01
2.875751503e+04 6.562833934e+00 7.616802360e-02 1.041203495e-02 3.925094764e+00 7.949621863e+00 5.037813687e-02 6.723223505e+01
2.885771543e+04 6.562769828e+00 7.499503086e-02 1.041427281e-02 3.924886221e+00 7.950497057e+00 4.950294299e-02 6.721863516e+01
2.895791583e+04 6.562689466e+00 7.384013714e-02 1.041653653e-02 3.924677645e+00 7.951357140e+00 4.864286036e-02 6.720505775e+01
2.905811623e+04 6.562593100e+00 7.270306494e-02 1.041882583e-02 3.924469035e+00 7.952202369e+00 4.779763118e-02 6.719150253e+01
2.915831663e+04 6.562480983e+00 7.158354090e-02 1.042114044e-02 3.924260390e+00 7.953032998e+00 4.696700187e-02 6.717796922e+01
2.925851703e+04 6.562353384e+00 7.048129593e-02 1.042347869e-02 3.924051711e+00 7.953849277e+00 4.615072314e-02 6.716445753e+01
2.935871743e+04 6.562210535e+00 6.939606536e-02 1.042584186e-02 3.923842996e+00 7.954651450e+00 4.534855021e-02 6.715096720e+01
2.945891784e+04 6.562052641e+00 6.832758790e-02 1.042822992e-02 3.923634246e+00 7.955439758e+00 4.456024224e-02 6.713749796e+01
2.955911824e+04 6.561880009e+00 6.727560615e-02 1.043063935e-02 3.923425460e+00 7.956214438e+00 4.378556226e-02 6.712404955e+01
2.965931864e+04 6.561692789e+00 6.623986680e-02 1.043307558e-02 3.923216637e+00 7.956975723e+00 4.302427724e-02 6.711062169e+01
2.975951904e+04 6.561491289e+00 6.522012030e-02 1.043553087e-02 3.923007777e+00 7.957723842e+00 4.227615810e-02 6.709721414e+01
2.985971944e+04 6.561275677e+00 6.421612085e-02 1.043801364e-02 3.922798880e+00 7.958459020e+00 4.154097957e-02 6.708382664e+01
2.995991984e+04 6.561046206e+00 6.322762647e-02 1.044051453e-02 3.922589944e+00 7.959181480e+00 4.081852029e-02 6.707045895e+01
3.006012024e+04 6.560803098e+00 6.225439871e-02 1.044303876e-02 3.922380970e+00 7.959891438e+00 4.010856244e-02 6.705711080e+01
3.016032064e+04 6.560546546e+00 6.129620275e-02 1.044558921e-02 3.922171958e+00 7.960589108e+00 3.941089195e-02 6.704378197e+01
3.026052104e+04 6.560276784e+00 6.035280743e-02 1.044815584e-02 3.921962906e+00 7.961274702e+00 3.872529840e-02 6.703047222e+01
3.036072144e+04 6.559994014e+00 5.942398475e-02 1.045074717e-02 3.921753814e+00 7.961948425e+00 3.805157459e-02 6.701718131e+01
3.046092184e+04 6.559698447e+00 5.850951024e-02 1.045335501e-02 3.921544682e+00 7.962610483e+00 3.738951690e-02 6.700390900e+01
3.056112224e+04 6.559390281e+00 5.760916295e-02 1.045598954e-02 3.921335510e+00 7.963261075e+00 3.673892523e-02 6.699065508e+01
3.066132265e+04 6.559069719e+00 5.672272531e-02 1.045863488e-02 3.921126296e+00 7.963900397e+00 3.609960289e-02 6.697741931e+01
3.076152305e+04 6.558736958e+00 5.584998297e-02 1.046131030e-02 3.920917042e+00 7.964528644e+00 3.547135644e-02 6.696420148e+01
3.086172345e+04 6.558392193e+00 5.499072489e-02 1.046400639e-02 3.920707745e+00 7.965146004e+00 3.485399573e-02 6.695100136e+01
3.096192385e+04 6.558035615e+00 5.414474301e-02 1.046671875e-02 3.920498407e+00 7.965752666e+00 3.424733363e-02 6.693781874e+01
3.106212425e+04 6.557667411e+00 5.331183420e-02 1.046944925e-02 3.920289026e+00 7.966348812e+00 3.365118789e-02 6.692465342e+01
3.116232465e+04 6.557287770e+00 5.249179489e-02 1.047219949e-02 3.920079602e+00 7.966934624e+00 3.306537586e-02 6.691150518e+01
3.126252505e+04 6.556896871e+00 5.168442942e-02 1.047496895e-02 3.919870135e+00 7.967510277e+00 3.248972274e-02 6.689837382e+01
3.136272545e+04 6.556494897e+00 5.088953818e-02 1.047775763e-02 3.919660624e+00 7.968075950e+00 3.192404982e-02 6.688525913e+01
3.146292585e+04 6.556082024e+00 5.010693181e-02 1.048056458e-02 3.919451069e+00 7.968631811e+00 3.136818854e-02 6.687216093e+01
3.156312625e+04 6.555658428e+00 4.933641830e-02 1.048338973e-02 3.919241470e+00 7.969178032e+00 3.082196776e-02 6.685907900e+01
3.166332665e+04 6.555224281e+00 4.857781146e-02 1.048623290e-02 3.919031826e+00 7.969714778e+00 3.028522204e-02 6.684601316e+01
3.176352705e+04 6.554779751e+00 4.783092732e-02 1.048909385e-02 3.918822137e+00 7.970242212e+00 2.975778817e-02 6.683296322e+01
3.186372745e+04 6.554325008e+00 4.709558398e-02 1.049197236e-02 3.918612403e+00 7.970760495e+00 2.923950498e-02 6.681992899e+01
3.196392786e+04 6.553860215e+00 4.637160195e-02 1.049486822e-02 3.918402623e+00 7.971269786e+00 2.873021367e-02 6.680691028e+01
3.206412826e+04 6.553385534e+00 4.565880655e-02 1.049778116e-02 3.918192797e+00 7.971770240e+00 2.822976014e-02 6.679390692e+01
3.216432866e+04 6.552901122e+00 4.495702677e-02 1.050071103e-02 3.917982925e+00 7.972262006e+00 2.773799397e-02 6.678091872e+01
3.226452906e+04 6.552407138e+00 4.426609080e-02 1.050365763e-02 3.917773006e+00 7.972745236e+00 2.725476382e-02 6.676794551e+01
3.236472946e+04 6.551903734e+00 4.358583379e-02 1.050662082e-02 3.917563039e+00 7.973220075e+00 2.677992533e-02 6.675498712e+01
3.246492986e+04 6.551391062e+00 4.291608892e-02 1.050960023e-02 3.917353026e+00 7.973686668e+00 2.631333202e-02 6.674204338e+01
3.256513026e+04 6.550869272e+00 4.225669476e-02 1.051259564e-02 3.917142965e+00 7.974145157e+00 2.585484282e-02 6.672911412e+01
3.266533066e+04 6.550338511e+00 4.160749084e-02 1.051560700e-02 3.916932855e+00 7.974595683e+00 2.540431749e-02 6.671619917e+01
3.276553106e+04 6.549798925e+00 4.096831929e-02 1.051863423e-02 3.916722698e+00 7.975038382e+00 2.496161831e-02 6.670329837e+01
3.286573146e+04 6.549250657e+00 4.033902488e-02 1.052167696e-02 3.916512492e+00 7.975473390e+00 2.452661019e-02 6.669041156e+01
3.296593186e+04 6.548693847e+00 3.971945472e-02 1.052473488e-02 3.916302237e+00 7.975900840e+00 2.409916022e-02 6.667753858e+01
3.306613226e+04 6.548128635e+00 3.910945808e-02 1.052780786e-02 3.916091932e+00 7.976320862e+00 2.367913765e-02 6.666467927e+01
3.316633267e+04 6.547555156e+00 3.850888670e-02 1.053089575e-02 3.915881579e+00 7.976733586e+00 2.326641407e-02 6.665183349e+01
3.326653307e+04 6.546973546e+00 3.791759468e-02 1.053399848e-02 3.915671175e+00 7.977139137e+00 2.286086332e-02 6.663900107e+01
3.336673347e+04 6.546383936e+00 3.733543850e-02 1.053711586e-02 3.915460721e+00 7.977537638e+00 2.246236161e-02 6.662618188e+01
3.346693387e+04 6.545786457e+00 3.676227689e-02 1.054024776e-02 3.915250218e+00 7.977929213e+00 2.207078727e-02 6.661337577e+01
3.356713427e+04 6.545181236e+00 3.619796995e-02 1.054339385e-02 3.915039663e+00 7.978313980e+00 2.168601984e-02 6.660058258e+01
3.366733467e+04 6.544568401e+00 3.564238114e-02 1.054655402e-02 3.914829058e+00 7.978692058e+00 2.130794224e-02 6.658780218e+01
3.376753507e+04 6.543948075e+00 3.509537588e-02 1.054972808e-02 3.914618401e+00 7.979063561e+00 2.093643922e-02 6.657503443e+01
3.386773547e+04 6.543320380e+00 3.455682033e-02 1.055291592e-02 3.914407693e+00 7.979428604e+00 2.057139608e-02 6.656227920e+01
3.396793587e+04 6.542685438e+00 3.402658409e-02 1.055611736e-02 3.914196934e+00 7.979787298e+00 2.021270156e-02 6.654953633e+01
3.406813627e+04 6.542043366e+00 3.350453872e-02 1.055933224e-02 3.913986122e+00 7.980139754e+00 1.986024625e-02 6.653680571e+01
3.416833667e+04 6.541394282e+00 3.299055695e-02 1.056256041e-02 3.913775258e+00 7.980486078e+00 1.951392175e-02 6.652408720e+01
3.426853707e+04 6.540738301e+00 3.248451358e-02 1.056580172e-02 3.913564342e+00 7.980826378e+00 1.917362165e-02 6.651138067e+01
3.436873747e+04 6.540075535e+00 3.198628623e-02 1.056905601e-02 3.913353373e+00 7.981160758e+00 1.883924227e-02 6.649868600e+01
3.446893788e+04 6.539406096e+00 3.149575345e-02 1.057232314e-02 3.913142351e+00 7.981489319e+00 1.851068075e-02 6.648600305e+01
3.456913828e+04 6.538730095e+00 3.101279529e-02 1.057560296e-02 3.912931276e+00 7.981812164e+00 1.818783555e-02 6.647333170e+01
3.466933868e+04 6.538047639e+00 3.053729514e-02 1.057889532e-02 3.912720147e+00 7.982129392e+00 1.787060847e-02 6.646067183e+01
3.476953908e+04 6.537358834e+00 3.006913764e-02 1.058220010e-02 3.912508965e+00 7.982441098e+00 1.755890238e-02 6.644802333e+01
3.486973948e+04 6.536663786e+00 2.960820925e-02 1.058551714e-02 3.912297729e+00 7.982747378e+00 1.725262191e-02 6.643538607e+01
3.496993988e+04 6.535962596e+00 2.915439794e-02 1.058884631e-02 3.912086439e+00 7.983048327e+00 1.695167303e-02 6.642275994e+01
3.507014028e+04 6.535255366e+00 2.870759305e-02 1.059218749e-02 3.911875094e+00 7.983344037e+00 1.665596298e-02 6.641014481e+01
3.517034068e+04 6.534542197e+00 2.826768626e-02 1.059554053e-02 3.911663695e+00 7.983634599e+00 1.636540122e-02 6.639754059e+01
3.527054108e+04 6.533823187e+00 2.783457054e-02 1.059890531e-02 3.911452241e+00 7.983920102e+00 1.607989838e-02 6.638494716e+01
3.537074148e+04 6.533098433e+00 2.740814037e-02 1.060228168e-02 3.911240732e+00 7.984200634e+00 1.579936647e-02 6.637236440e+01
3.547094188e+04 6.532368031e+00 2.698829221e-02 1.060566954e-02 3.911029167e+00 7.984476281e+00 1.552371937e-02 6.635979222e+01
3.557114228e+04 6.531632072e+00 2.657492508e-02 1.060906876e-02 3.910817547e+00 7.984747126e+00 1.525287351e-02 6.634723050e+01
3.567134269e+04 6.530890651e+00 2.616793757e-02 1.061247922e-02 3.910605872e+00 7.985013255e+00 1.498674457e-02 6.633467914e+01
3.577154309e+04 6.530143859e+00 2.576723048e-02 1.061590079e-02 3.910394140e+00 7.985274750e+00 1.472525041e-02 6.632213804e+01
3.587174349e+04 6.529391786e+00 2.537270601e-02 1.061933335e-02 3.910182352e+00 7.985531690e+00 1.446831014e-02 6.630960709e+01
3.597194389e+04 6.528634520e+00 2.498426821e-02 1.062277680e-02 3.909970509e+00 7.985784155e+00 1.421584461e-02 6.629708620e+01
3.607214429e+04 6.527872146e+00 2.460182437e-02 1.062623102e-02 3.909758608e+00 7.986032222e+00 1.396777795e-02 6.628457527e+01
3.617234469e+04 6.527104751e+00 2.422528037e-02 1.062969588e-02 3.909546651e+00 7.986275967e+00 1.372403251e-02 6.627207419e+01
3.627254509e+04 6.526332420e+00 2.385454456e-02 1.063317130e-02 3.909334637e+00 7.986515467e+00 1.348453310e-02 6.625958288e+01
3.637274549e+04 6.525555235e+00 2.348952672e-02 1.063665714e-02 3.909122565e+00 7.986750794e+00 1.324920578e-02 6.624710125e+01
3.647294589e+04 6.524773278e+00 2.313013808e-02 1.064015331e-02 3.908910437e+00 7.986982022e+00 1.301797801e-02 6.623462919e+01
3.657314629e+04 6.523986628e+00 2.277629220e-02 1.064365970e-02 3.908698250e+00 7.987209221e+00 1.279077946e-02 6.622216661e+01
3.667334669e+04 6.523195366e+00 2.242790266e-02 1.064717621e-02 3.908486006e+00 7.987432460e+00 1.256753966e-02 6.620971344e+01
3.677354709e+04 6.522399568e+00 2.208488491e-02 1.065070273e-02 3.908273705e+00 7.987651810e+00 1.234818986e-02 6.619726957e+01
3.687374749e+04 6.521599312e+00 2.174715572e-02 1.065423917e-02 3.908061345e+00 7.987867337e+00 1.213266256e-02 6.618483493e+01
3.697394790e+04 6.520794672e+00 2.141463317e-02 1.065778542e-02 3.907848927e+00 7.988079109e+00 1.192089140e-02 6.617240942e+01
3.707414830e+04 6.519985723e+00 2.108723638e-02 1.066134139e-02 3.907636450e+00 7.988287189e+00 1.171281098e-02 6.615999297e+01
3.717434870e+04 6.519172538e+00 2.076488606e-02 1.066490698e-02 3.907423915e+00 7.988491643e+00 1.150835731e-02 6.614758549e+01
3.727454910e+04 6.518355189e+00 2.044750403e-02 1.066848210e-02 3.907211321e+00 7.988692533e+00 1.130746744e-02 6.613518689e+01
3.737474950e+04 6.517533747e+00 2.013501334e-02 1.067206666e-02 3.906998667e+00 7.988889921e+00 1.111007950e-02 6.612279710e+01
3.747494990e+04 6.516708281e+00 1.982733823e-02 1.067566055e-02 3.906785955e+00 7.989083867e+00 1.091613267e-02 6.611041604e+01
3.757515030e+04 6.515878860e+00 1.952440380e-02 1.067926371e-02 3.906573183e+00 7.989274433e+00 1.072556690e-02 6.609804363e+01
3.767535070e+04 6.515045551e+00 1.922613677e-02 1.068287602e-02 3.906360352e+00 7.989461676e+00 1.053832360e-02 6.608567979e+01
3.777555110e+04 6.514208422e+00 1.893246478e-02 1.068649742e-02 3.906147461e+00 7.989645655e+00 1.035434500e-02 6.607332444e+01
3.787575150e+04 6.513367537e+00 1.864331660e-02 1.069012781e-02 3.905934511e+00 7.989826426e+00 1.017357432e-02 6.606097752e+01
3.797595190e+04 6.512522961e+00 1.835862207e-02 1.069376710e-02 3.905721500e+00 7.990004044e+00 9.995955728e-03 6.604863895e+01
3.807615230e+04 6.511674758e+00 1.807831212e-02 1.069741523e-02 3.905508429e+00 7.990178566e+00 9.821434332e-03 6.603630866e+01
3.817635271e+04 6.510822989e+00 1.780231875e-02 1.070107209e-02 3.905295298e+00 7.990350044e+00 9.649956231e-03 6.602398656e+01
3.827655311e+04 6.509967717e+00 1.753057572e-02 1.070473763e-02 3.905082106e+00 7.990518531e+00 9.481469219e-03 6.601167261e+01
3.837675351e+04 6.509109001e+00 1.726301669e-02 1.070841174e-02 3.904868853e+00 7.990684079e+00 9.315920736e-03 6.599936672e+01
3.847695391e+04 6.508246902e+00 1.699957675e-02 1.071209437e-02 3.904655540e+00 7.990846740e+00 9.153259587e-03 6.598706883e+01
3.857715431e+04 6.507381478e+00 1.674019198e-02 1.071578542e-02 3.904442166e+00 7.991006565e+00 8.993435434e-03 6.597477887e+01
3.867735471e+04 6.506512787e+00 1.648479943e-02 1.071948483e-02 3.904228730e+00 7.991163601e+00 8.836398771e-03 6.596249677e+01
3.877755511e+04 6.505640886e+00 1.623333706e-02 1.072319252e-02 3.904015233e+00 7.991317899e+00 8.682100903e-03 6.595022247e+01
3.887775551e+04 6.504765831e+00 1.598574400e-02 1.072690843e-02 3.903801675e+00 7.991469506e+00 8.530494199e-03 6.593795591e+01
3.897795591e+04 6.503887675e+00 1.574196145e-02 1.073063247e-02 3.903588055e+00 7.991618467e+00 8.381533060e-03 6.592569702e+01
3.907815631e+04 6.503006475e+00 1.550192951e-02 1.073436457e-02 3.903374374e+00 7.991764829e+00 8.235170504e-03 6.591344574e+01
3.917835671e+04 6.502122284e+00 1.526559000e-02 1.073810468e-02 3.903160630e+00 7.991908639e+00 8.091361221e-03 6.590120201e+01
3.927855711e+04 6.501235153e+00 1.503288565e-02 1.074185271e-02 3.902946825e+00 7.992049939e+00 7.950060666e-03 6.588896576e+01
3.937875752e+04 6.500345136e+00 1.480376003e-02 1.074560861e-02 3.902732957e+00 7.992188775e+00 7.811225036e-03 6.587673695e+01
3.947895792e+04 6.499452282e+00 1.457815757e-02 1.074937230e-02 3.902519027e+00 7.992325189e+00 7.674811256e-03 6.586451551e+01
3.957915832e+04 6.498556642e+00 1.435602381e-02 1.075314373e-02 3.902305034e+00 7.992459223e+00 7.540777293e-03 6.585230138e+01
3.967935872e+04 6.497658264e+00 1.413730588e-02 1.075692282e-02 3.902090979e+00 7.992590917e+00 7.409082600e-03 6.584009450e+01
3.977955912e+04 6.496757198e+00 1.392195021e-02 1.076070952e-02 3.901876861e+00 7.992720314e+00 7.279685739e-03 6.582789483e+01
3.987975952e+04 6.495853492e+00 1.370990471e-02 1.076450376e-02 3.901662681e+00 7.992847453e+00 7.152546656e-03 6.581570230e+01
3.997995992e+04 6.494947192e+00 1.350111808e-02 1.076830549e-02 3.901448437e+00 7.992972374e+00 7.027625981e-03 6.580351687e+01
4.008016032e+04 6.494038345e+00 1.329553982e-02 1.077211463e-02 3.901234130e+00 7.993095115e+00 6.904885015e-03 6.579133847e+01
4.018036072e+04 6.493126996e+00 1.309312017e-02 1.077593114e-02 3.901019759e+00 7.993215714e+00 6.784285712e-03 6.577916705e+01
4.028056112e+04 6.492213191e+00 1.289381038e-02 1.077975496e-02 3.900805326e+00 7.993334209e+00 6.665790910e-03 6.576700257e+01
4.038076152e+04 6.491296973e+00 1.269756269e-02 1.078358603e-02 3.900590828e+00 7.993450636e+00 6.549364365e-03 6.575484498e+01
4.048096192e+04 6.490378385e+00 1.250432939e-02 1.078742429e-02 3.900376267e+00 7.993565030e+00 6.434969698e-03 6.574269421e+01
4.058116232e+04 6.489457472e+00 1.231406380e-02 1.079126969e-02 3.900161642e+00 7.993677429e+00 6.322571493e-03 6.573055023e+01
4.068136273e+04 6.488534274e+00 1.212671998e-02 1.079512218e-02 3.899946954e+00 7.993787865e+00 6.212134943e-03 6.571841298e+01
4.078156313e+04 6.487608833e+00 1.194225267e-02 1.079898169e-02 3.899732201e+00 7.993896374e+00 6.103625828e-03 6.570628242e+01
4.088176353e+04 6.486681191e+00 1.176061733e-02 1.080284819e-02 3.899517383e+00 7.994002989e+00 5.997010513e-03 6.569415850e+01
4.098196393e+04 6.485751387e+00 1.158177027e-02 1.080672161e-02 3.899302502e+00 7.994107744e+00 5.892256148e-03 6.568204117e+01
4.108216433e+04 6.484819460e+00 1.140566858e-02 1.081060191e-02 3.899087556e+00 7.994210669e+00 5.789330539e-03 6.566993039e+01
4.118236473e+04 6.483885450e+00 1.123226957e-02 1.081448904e-02 3.898872545e+00 7.994311798e+00 5.688201579e-03 6.565782610e+01
4.128256513e+04 6.482949396e+00 1.106153142e-02 1.081838294e-02 3.898657470e+00 7.994411162e+00 5.588837932e-03 6.564572828e+01
4.138276553e+04 6.482011334e+00 1.089341293e-02 1.082228358e-02 3.898442330e+00 7.994508791e+00 5.491208790e-03 6.563363686e+01
4.148296593e+04 6.481071302e+00 1.072787353e-02 1.082619090e-02 3.898227125e+00 7.994604716e+00 5.395283866e-03 6.562155182e+01
4.158316633e+04 6.480129337e+00 1.056487327e-02 1.083010485e-02 3.898011855e+00 7.994698967e+00 5.301033378e-03 6.560947311e+01
4.168336673e+04 6.479185474e+00 1.040437319e-02 1.083402540e-02 3.897796520e+00 7.994791572e+00 5.208428454e-03 6.559740068e+01
4.178356713e+04 6.478239748e+00 1.024633485e-02 1.083795249e-02 3.897581119e+00 7.994882559e+00 5.117440637e-03 6.558533449e+01
4.188376754e+04 6.477292195e+00 1.009071988e-02 1.084188609e-02 3.897365653e+00 7.994971959e+00 5.028041405e-03 6.557327451e+01
4.198396794e+04 6.476342850e+00 9.937490782e-03 1.084582614e-02 3.897150121e+00 7.995059797e+00 4.940203022e-03 6.556122069e+01
4.208416834e+04 6.475391745e+00 9.786610617e-03 1.084977260e-02 3.896934524e+00 7.995146102e+00 4.853898219e-03 6.554917299e+01
4.218436874e+04 6.474438914e+00 9.638043013e-03 1.085372544e-02 3.896718861e+00 7.995230900e+00 4.769100181e-03 6.553713138e+01
4.228456914e+04 6.473484390e+00 9.491752136e-03 1.085768461e-02 3.896503132e+00 7.995314217e+00 4.685782535e-03 6.552509582e+01
4.238476954e+04 6.472528206e+00 9.347702685e-03 1.086165007e-02 3.896287337e+00 7.995396081e+00 4.603919340e-03 6.551306626e+01
4.248496994e+04 6.471570392e+00 9.205860877e-03 1.086562179e-02 3.896071476e+00 7.995476514e+00 4.523486123e-03 6.550104268e+01
4.258517034e+04 6.470610979e+00 9.066192246e-03 1.086959971e-02 3.895855549e+00 7.995555542e+00 4.444457572e-03 6.548902503e+01
4.268537074e+04 6.469649999e+00 8.928663037e-03 1.087358381e-02 3.895639556e+00 7.995633191e+00 4.366808997e-03 6.547701328e+01
4.278557114e+04 6.468687483e+00 8.793240154e-03 1.087757404e-02 3.895423496e+00 7.995709484e+00 4.290516283e-03 6.546500740e+01
4.288577154e+04 6.467723458e+00 8.659891003e-03 1.088157037e-02 3.895207369e+00 7.995784444e+00 4.215555715e-03 6.545300734e+01
4.298597194e+04 6.466757956e+00 8.528583477e-03 1.088557276e-02 3.894991176e+00 7.995858096e+00 4.141903976e-03 6.544101308e+01
4.308617234e+04 6.465791005e+00 8.399285950e-03 1.088958118e-02 3.894774916e+00 7.995930462e+00 4.069538131e-03 6.542902458e+01
4.318637275e+04 6.464822634e+00 8.271967419e-03 1.089359559e-02 3.894558589e+00 7.996001564e+00 3.998435784e-03 6.541704180e+01
4.328657315e+04 6.463852869e+00 8.146598171e-03 1.089761595e-02 3.894342195e+00 7.996071424e+00 3.928575764e-03 6.540506472e+01
4.338677355e+04 6.462881739e+00 8.023147491e-03 1.090164223e-02 3.894125735e+00 7.996140064e+00 3.859935753e-03 6.539309330e+01
4.348697395e+04 6.461909270e+00 7.901585735e-03 1.090567440e-02 3.893909207e+00 7.996207506e+00 3.792494440e-03 6.538112751e+01
4.358717435e+04 6.460935490e+00 7.781883714e-03 1.090971242e-02 3.893692611e+00 7.996273769e+00 3.726230876e-03 6.536916732e+01
4.368737475e+04 6.459960424e+00 7.664012678e-03 1.091375627e-02 3.893475948e+00 7.996338876e+00 3.661124463e-03 6.535721269e+01
4.378757515e+04 6.458984099e+00 7.547944314e-03 1.091780590e-02 3.893259218e+00 7.996402845e+00 3.597154951e-03 6.534526360e+01
4.388777555e+04 6.458006540e+00 7.433650729e-03 1.092186130e-02 3.893042420e+00 7.996465698e+00 3.534302425e-03 6.533332001e+01
4.398797595e+04 6.457027772e+00 7.321104842e-03 1.092592241e-02 3.892825555e+00 7.996527452e+00 3.472547695e-03 6.532138190e+01
4.408817635e+04 6.456047819e+00 7.210279936e-03 1.092998923e-02 3.892608622e+00 7.996588128e+00 3.411871850e-03 6.530944924e+01
4.418837675e+04 6.455066706e+00 7.101149148e-03 1.093406172e-02 3.892391621e+00 7.996647744e+00 3.352255747e-03 6.529752200e+01
4.428857715e+04 6.454084456e+00 6.993686335e-03 1.093813984e-02 3.892174551e+00 7.996706319e+00 3.293680874e-03 6.528560014e+01
4.438877756e+04 6.453101093e+00 6.887865748e-03 1.094222357e-02 3.891957414e+00 7.996763871e+00 3.236129036e-03 6.527368365e+01
4.448897796e+04 6.452116641e+00 6.783662029e-03 1.094631288e-02 3.891740209e+00 7.996820418e+00 3.179582343e-03 6.526177249e+01
4.458917836e+04 6.451131121e+00 6.681050204e-03 1.095040775e-02 3.891522935e+00 7.996875977e+00 3.124023207e-03 6.524986664e+01
4.468937876e+04 6.450144557e+00 6.580005670e-03 1.095450814e-02 3.891305593e+00 7.996930566e+00 3.069434331e-03 6.523796606e+01
4.478957916e+04 6.449156969e+00 6.480504752e-03 1.095861403e-02 3.891088182e+00 7.996984201e+00 3.015799256e-03 6.522607074e+01
4.488977956e+04 6.448168381e+00 6.382523475e-03 1.096272540e-02 3.890870703e+00 7.997036899e+00 2.963101154e-03 6.521418065e+01
4.498997996e+04 6.447178813e+00 6.286038321e-03 1.096684221e-02 3.890653155e+00 7.997088676e+00 2.911323572e-03 6.520229576e+01
4.509018036e+04 6.446188286e+00 6.191026218e-03 1.097096444e-02 3.890435539e+00 7.997139550e+00 2.860450425e-03 6.519041605e+01
4.519038076e+04 6.445196821e+00 6.097464444e-03 1.097509208e-02 3.890217854e+00 7.997189534e+00 2.810465898e-03 6.517854148e+01
4.529058116e+04 6.444204439e+00 6.005330620e-03 1.097922508e-02 3.890000099e+00 7.997238646e+00 2.761354445e-03 6.516667205e+01
4.539078156e+04 6.443211159e+00 5.914602700e-03 1.098336343e-02 3.889782276e+00 7.997286899e+00 2.713100774e-03 6.515480771e+01
4.549098196e+04 6.442217001e+00 5.825259053e-03 1.098750711e-02 3.889564383e+00 7.997334310e+00 2.665689931e-03 6.514294846e+01
4.559118236e+04 6.441221984e+00 5.737278840e-03 1.099165609e-02 3.889346422e+00 7.997380892e+00 2.619107672e-03 6.513109426e+01
4.569138277e+04 6.440226128e+00 5.650640720e-03 1.099581036e-02 3.889128391e+00 7.997426661e+00 2.573339192e-03 6.511924510e+01
4.579158317e+04 6.439229451e+00 5.565324015e-03 1.099996987e-02 3.888910290e+00 7.997471630e+00 2.528370267e-03 6.510740094e+01
4.589178357e+04 6.438231973e+00 5.481308359e-03 1.100413463e-02 3.888692120e+00 7.997515813e+00 2.484186915e-03 6.509556177e+01
4.599198397e+04 6.437233710e+00 5.398573696e-03 1.100830459e-02 3.888473881e+00 7.997559225e+00 2.440775391e-03 6.508372756e+01
4.609218437e+04 6.436234681e+00 5.317100267e-03 1.101247975e-02 3.888255571e+00 7.997601878e+00 2.398122175e-03 6.507189830e+01
4.619238477e+04 6.435234905e+00 5.236868609e-03 1.101666008e-02 3.888037193e+00 7.997643786e+00 2.356213972e-03 6.506007396e+01
4.629258517e+04 6.434234397e+00 5.157859831e-03 1.102084557e-02 3.887818744e+00 7.997684962e+00 2.315037984e-03 6.504825452e+01
4.639278557e+04 6.433233175e+00 5.080055305e-03 1.102503618e-02 3.887600225e+00 7.997725418e+00 2.274581608e-03 6.503643996e+01
4.649298597e+04 6.432231256e+00 5.003436268e-03 1.102923191e-02 3.887381636e+00 7.997765168e+00 2.234832045e-03 6.502463026e+01
4.659318637e+04 6.431228657e+00 4.927984471e-03 1.103343273e-02 3.887162977e+00 7.997804223e+00 2.195776937e-03 6.501282539e+01
4.669338677e+04 6.430225393e+00 4.853681938e-03 1.103763863e-02 3.886944248e+00 7.997842596e+00 2.157404133e-03 6.500102535e+01
4.679358717e+04 6.429221481e+00 4.780510965e-03 1.104184958e-02 3.886725449e+00 7.997880298e+00 2.119701686e-03 6.498923010e+01
4.689378758e+04 6.428216937e+00 4.708454113e-03 1.104606557e-02 3.886506579e+00 7.997917342e+00 2.082657849e-03 6.497743963e+01
4.699398798e+04 6.427211776e+00 4.637494199e-03 1.105028659e-02 3.886287639e+00 7.997953739e+00 2.046261067e-03 6.496565392e+01
4.709418838e+04 6.426206014e+00 4.567614766e-03 1.105451260e-02 3.886068629e+00 7.997989500e+00 2.010500428e-03 6.495387296e+01
4.719438878e+04 6.425199665e+00 4.498799061e-03 1.105874360e-02 3.885849547e+00 7.998024635e+00 1.975364682e-03 6.494209671e+01
4.729458918e+04 6.424192744e+00 4.431030646e-03 1.106297957e-02 3.885630395e+00 7.998059157e+00 1.940842827e-03 6.493032517e+01
4.739478958e+04 6.423185266e+00 4.364293414e-03 1.106722049e-02 3.885411172e+00 7.998093076e+00 1.906924127e-03 6.491855831e+01
4.749498998e+04 6.422177246e+00 4.298571504e-03 1.107146634e-02 3.885191879e+00 7.998126402e+00 1.873598027e-03 6.490679612e+01
4.759519038e+04 6.421168697e+00 4.233849290e-03 1.107571712e-02 3.884972514e+00 7.998159146e+00 1.840854149e-03 6.489503859e+01
4.769539078e+04 6.420159634e+00 4.170111380e-03 1.107997280e-02 3.884753078e+00 7.998191318e+00 1.808682290e-03 6.488328568e+01
4.779559118e+04 6.419150069e+00 4.107342669e-03 1.108423337e-02 3.884533571e+00 7.998222928e+00 1.777072468e-03 6.487153739e+01
4.789579158e+04 6.418140017e+00 4.045528641e-03 1.108849882e-02 3.884313993e+00 7.998253985e+00 1.746015211e-03 6.485979370e+01
4.799599198e+04 6.417129490e+00 3.984654378e-03 1.109276913e-02 3.884094344e+00 7.998284499e+00 1.715500621e-03 6.484805459e+01
4.809619238e+04 6.416118502e+00 3.924705444e-03 1.109704429e-02 3.883874623e+00 7.998314481e+00 1.685519211e-03 6.483632005e+01
4.819639279e+04 6.415107065e+00 3.865667624e-03 1.110132428e-02 3.883654831e+00 7.998343938e+00 1.656061656e-03 6.482459006e+01
4.829659319e+04 6.414095193e+00 3.807526918e-03 1.110560909e-02 3.883434968e+00 7.998372881e+00 1.627118787e-03 6.481286460e+01
4.839679359e+04 6.413082896e+00 3.750269532e-03 1.110989870e-02 3.883215032e+00 7.998401318e+00 1.598681591e-03 6.480114365e+01
4.849699399e+04 6.412070189e+00 3.693881883e-03 1.111419311e-02 3.882995025e+00 7.998429259e+00 1.570741202e-03 6.478942721e+01
4.859719439e+04 6.411057082e+00 3.638350805e-03 1.111849230e-02 3.882774947e+00 7.998456711e+00 1.543289107e-03 6.477771526e+01
4.869739479e+04 6.410043589e+00 3.583663309e-03 1.112279625e-02 3.882554796e+00 7.998483683e+00 1.516316916e-03 6.476600778e+01
4.879759519e+04 6.409029720e+00 3.529806263e-03 1.112710496e-02 3.882334573e+00 7.998510184e+00 1.489816063e-03 6.475430476e+01
4.889779559e+04 6.408015487e+00 3.476766923e-03 1.113141841e-02 3.882114279e+00 7.998536222e+00 1.463778306e-03 6.474260617e+01
4.899799599e+04 6.407000901e+00 3.424532735e-03 1.113573659e-02 3.881893912e+00 7.998561804e+00 1.438195540e-03 6.473091202e+01
4.909819639e+04 6.405985974e+00 3.373091334e-03 1.114005948e-02 3.881673473e+00 7.998586940e+00 1.413059796e-03 6.471922228e+01
4.919839679e+04 6.404970717e+00 3.322430539e-03 1.114438708e-02 3.881452962e+00 7.998611637e+00 1.388363236e-03 6.470753694e+01
4.929859719e+04 6.403955140e+00 3.272538346e-03 1.114871938e-02 3.881232379e+00 7.998635902e+00 1.364098151e-03 6.469585598e+01
4.939879760e+04 6.402939255e+00 3.223402928e-03 1.115305635e-02 3.881011723e+00 7.998659743e+00 1.340256957e-03 6.468417940e+01
4.949899800e+04 6.401923069e+00 3.175013016e-03 1.115739801e-02 3.880790995e+00 7.998683167e+00 1.316832544e-03 6.467250718e+01
4.959919840e+04 6.400906594e+00 3.127357051e-03 1.116174434e-02 3.880570194e+00 7.998706182e+00 1.293817507e-03 6.466083930e+01
4.969939880e+04 6.399889840e+00 3.080423733e-03 1.116609533e-02 3.880349320e+00 7.998728795e+00 1.271204638e-03 6.464917575e+01
4.979959920e+04 6.398872817e+00 3.034201983e-03 1.117045097e-02 3.880128374e+00 7.998751013e+00 1.248986899e-03 6.463751652e+01
4.989979960e+04 6.397855533e+00 2.988680889e-03 1.117481125e-02 3.879907355e+00 7.998772843e+00 1.227157373e-03 6.462586159e+01
5.000000000e+04 6.396837999e+00 2.943849703e-03 1.117917616e-02 3.879686263e+00 7.998794291e+00 1.205709256e-03 6.461421096e+01
