time            Cj              Br              shCj            shBr            O1              O2              HelperCCj      
0.000000000e+00 4.000000000e+00 4.000000000e+00 3.000000000e-01 4.000000000e+00 4.000000000e+00 4.000000000e+00 7.500000000e+01
1.002004008e+02 3.728182748e+00 3.965944812e+00 2.950677410e-01 3.994446766e+00 4.035269627e+00 3.964730373e+00 7.495518790e+01
2.004008016e+02 3.776803676e+00 3.928424280e+00 3.145911921e-01 3.988254943e+00 4.070533765e+00 3.929466235e+00 7.490267743e+01
3.006012024e+02 3.825510630e+00 3.890805124e+00 3.344670374e-01 3.981673513e+00 4.105786946e+00 3.894213054e+00 7.485008535e+01
4.008016032e+02 3.874289822e+00 3.853097042e+00 3.546998838e-01 3.974697400e+00 4.141023688e+00 3.858976312e+00 7.479742169e+01
5.010020040e+02 3.923132310e+00 3.815309690e+00 3.752942492e-01 3.967321629e+00 4.176238529e+00 3.823761471e+00 7.474469611e+01
6.012024048e+02 3.972029136e+00 3.777452739e+00 3.962545752e-01 3.959541308e+00 4.211426021e+00 3.788573979e+00 7.469191830e+01
7.014028056e+02 4.020971334e+00 3.739535865e+00 4.175852086e-01 3.951351652e+00 4.246580729e+00 3.753419271e+00 7.463909792e+01
8.016032064e+02 4.069949939e+00 3.701568742e+00 4.392903969e-01 3.942747982e+00 4.281697241e+00 3.718302759e+00 7.458624466e+01
9.018036072e+02 4.118955993e+00 3.663561032e+00 4.613742763e-01 3.933725743e+00 4.316770166e+00 3.683229834e+00 7.453336817e+01
1.002004008e+03 4.167980551e+00 3.625522381e+00 4.838408490e-01 3.924280527e+00 4.351794145e+00 3.648205855e+00 7.448047809e+01
1.102204409e+03 4.217014694e+00 3.587462404e+00 5.066939907e-01 3.914408064e+00 4.386763845e+00 3.613236155e+00 7.442758403e+01
1.202404810e+03 4.266049533e+00 3.549390679e+00 5.299374449e-01 3.904104230e+00 4.421673969e+00 3.578326031e+00 7.437469556e+01
1.302605210e+03 4.315076220e+00 3.511316740e+00 5.535748033e-01 3.893365066e+00 4.456519255e+00 3.543480745e+00 7.432182220e+01
1.402805611e+03 4.364085947e+00 3.473250074e+00 5.776095049e-01 3.882186784e+00 4.491294481e+00 3.508705519e+00 7.426897343e+01
1.503006012e+03 4.413069959e+00 3.435200105e+00 6.020448207e-01 3.870565777e+00 4.525994466e+00 3.474005534e+00 7.421615865e+01
1.603206413e+03 4.462019563e+00 3.397176194e+00 6.268838398e-01 3.858498640e+00 4.560614076e+00 3.439385924e+00 7.416338720e+01
1.703406814e+03 4.510926132e+00 3.359187620e+00 6.521294622e-01 3.845982172e+00 4.595148227e+00 3.404851773e+00 7.411066834e+01
1.803607214e+03 4.559781110e+00 3.321243591e+00 6.777843957e-01 3.833013386e+00 4.629591884e+00 3.370408116e+00 7.405801125e+01
1.903807615e+03 4.608576024e+00 3.283353218e+00 7.038511360e-01 3.819589525e+00 4.663940069e+00 3.336059931e+00 7.400542502e+01
2.004008016e+03 4.657302485e+00 3.245525519e+00 7.303319603e-01 3.805708072e+00 4.698187860e+00 3.301812140e+00 7.395291865e+01
2.104208417e+03 4.705952197e+00 3.207769414e+00 7.572289231e-01 3.791366755e+00 4.732330392e+00 3.267669608e+00 7.390050100e+01
2.204408818e+03 4.754516966e+00 3.170093705e+00 7.845438324e-01 3.776563570e+00 4.766362868e+00 3.233637132e+00 7.384818087e+01
2.304609218e+03 4.802988700e+00 3.132507085e+00 8.122782508e-01 3.761296783e+00 4.800280553e+00 3.199719447e+00 7.379596690e+01
2.404809619e+03 4.851359424e+00 3.095018119e+00 8.404334758e-01 3.745564948e+00 4.834078781e+00 3.165921219e+00 7.374386762e+01
2.505010020e+03 4.899621273e+00 3.057635251e+00 8.690105422e-01 3.729366909e+00 4.867752954e+00 3.132247046e+00 7.369189144e+01
2.605210421e+03 4.947766506e+00 3.020366789e+00 8.980102050e-01 3.712701814e+00 4.901298548e+00 3.098701452e+00 7.364004663e+01
2.705410822e+03 4.995787506e+00 2.983220905e+00 9.274329332e-01 3.695569123e+00 4.934711110e+00 3.065288890e+00 7.358834130e+01
2.805611222e+03 5.043676789e+00 2.946205629e+00 9.572788977e-01 3.677968623e+00 4.967986268e+00 3.032013732e+00 7.353678345e+01
2.905811623e+03 5.091427007e+00 2.909328840e+00 9.875479627e-01 3.659900436e+00 5.001119723e+00 2.998880277e+00 7.348538091e+01
3.006012024e+03 5.139030954e+00 2.872598265e+00 1.018239676e+00 3.641365028e+00 5.034107261e+00 2.965892739e+00 7.343414136e+01
3.106212425e+03 5.186481567e+00 2.836021473e+00 1.049353263e+00 3.622363219e+00 5.066944749e+00 2.933055251e+00 7.338307230e+01
3.206412826e+03 5.233771935e+00 2.799605870e+00 1.080887613e+00 3.602896192e+00 5.099628136e+00 2.900371864e+00 7.333218111e+01
3.306613226e+03 5.280895297e+00 2.763358699e+00 1.112841280e+00 3.582965500e+00 5.132153459e+00 2.867846541e+00 7.328147495e+01
3.406813627e+03 5.327845049e+00 2.727287031e+00 1.145212467e+00 3.562573076e+00 5.164516843e+00 2.835483157e+00 7.323096085e+01
3.507014028e+03 5.374614746e+00 2.691397769e+00 1.177999028e+00 3.541721235e+00 5.196714498e+00 2.803285502e+00 7.318064565e+01
3.607214429e+03 5.421198107e+00 2.655697637e+00 1.211198450e+00 3.520412688e+00 5.228742726e+00 2.771257274e+00 7.313053601e+01
3.707414830e+03 5.467589011e+00 2.620193182e+00 1.244807862e+00 3.498650542e+00 5.260597921e+00 2.739402079e+00 7.308063842e+01
3.807615230e+03 5.513781508e+00 2.584890771e+00 1.278824016e+00 3.476438309e+00 5.292276568e+00 2.707723432e+00 7.303095918e+01
3.907815631e+03 5.559769823e+00 2.549796586e+00 1.313243290e+00 3.453779908e+00 5.323775246e+00 2.676224754e+00 7.298150441e+01
4.008016032e+03 5.605548348e+00 2.514916627e+00 1.348061679e+00 3.430679675e+00 5.355090628e+00 2.644909372e+00 7.293228003e+01
4.108216433e+03 5.651111626e+00 2.480256703e+00 1.383274814e+00 3.407142356e+00 5.386219484e+00 2.613780516e+00 7.288329180e+01
4.208416834e+03 5.696454396e+00 2.445822436e+00 1.418877923e+00 3.383173124e+00 5.417158677e+00 2.582841323e+00 7.283454526e+01
4.308617234e+03 5.741571637e+00 2.411619262e+00 1.454865812e+00 3.358777565e+00 5.447905169e+00 2.552094831e+00 7.278604576e+01
4.408817635e+03 5.786458386e+00 2.377652424e+00 1.491232976e+00 3.333961687e+00 5.478456020e+00 2.521543980e+00 7.273779849e+01
4.509018036e+03 5.831109915e+00 2.343926972e+00 1.527973476e+00 3.308731923e+00 5.508808385e+00 2.491191615e+00 7.268980841e+01
4.609218437e+03 5.875521683e+00 2.310447763e+00 1.565080985e+00 3.283095127e+00 5.538959521e+00 2.461040479e+00 7.264208032e+01
4.709418838e+03 5.919689322e+00 2.277219464e+00 1.602548798e+00 3.257058567e+00 5.568906780e+00 2.431093220e+00 7.259461879e+01
4.809619238e+03 5.963608636e+00 2.244246553e+00 1.640369831e+00 3.230629924e+00 5.598647614e+00 2.401352386e+00 7.254742823e+01
4.909819639e+03 6.007275610e+00 2.211533317e+00 1.678536624e+00 3.203817283e+00 5.628179570e+00 2.371820430e+00 7.250051284e+01
5.010020040e+03 6.050686398e+00 2.179083859e+00 1.717041356e+00 3.176629121e+00 5.657500293e+00 2.342499707e+00 7.245387664e+01
5.110220441e+03 6.093837353e+00 2.146902069e+00 1.755875793e+00 3.149074362e+00 5.686607535e+00 2.313392465e+00 7.240752345e+01
5.210420842e+03 6.136725005e+00 2.114991652e+00 1.795031344e+00 3.121162317e+00 5.715499148e+00 2.284500852e+00 7.236145688e+01
5.310621242e+03 6.179346050e+00 2.083356130e+00 1.834499076e+00 3.092902665e+00 5.744173074e+00 2.255826926e+00 7.231568036e+01
5.410821643e+03 6.221697360e+00 2.051998839e+00 1.874269710e+00 3.064305459e+00 5.772627356e+00 2.227372644e+00 7.227019716e+01
5.511022044e+03 6.263775983e+00 2.020922929e+00 1.914333623e+00 3.035381124e+00 5.800860133e+00 2.199139867e+00 7.222501032e+01
5.611222445e+03 6.305579139e+00 1.990131360e+00 1.954680857e+00 3.006140444e+00 5.828869643e+00 2.171130357e+00 7.218012273e+01
5.711422846e+03 6.347104225e+00 1.959626912e+00 1.995301135e+00 2.976594550e+00 5.856654220e+00 2.143345780e+00 7.213553707e+01
5.811623246e+03 6.388348804e+00 1.929412180e+00 2.036183867e+00 2.946754906e+00 5.884212296e+00 2.115787704e+00 7.209125585e+01
5.911823647e+03 6.429310607e+00 1.899489584e+00 2.077318171e+00 2.916633295e+00 5.911542395e+00 2.088457605e+00 7.204728140e+01
6.012024048e+03 6.469987535e+00 1.869861362e+00 2.118692876e+00 2.886241805e+00 5.938643138e+00 2.061356862e+00 7.200361587e+01
6.112224449e+03 6.510377650e+00 1.840529579e+00 2.160296540e+00 2.855592820e+00 5.965513240e+00 2.034486760e+00 7.196026122e+01
6.212424850e+03 6.550479174e+00 1.811496130e+00 2.202117469e+00 2.824698994e+00 5.992151508e+00 2.007848492e+00 7.191721927e+01
6.312625251e+03 6.590290497e+00 1.782762737e+00 2.244143725e+00 2.793573237e+00 6.018556840e+00 1.981443160e+00 7.187449163e+01
6.412825651e+03 6.629810156e+00 1.754330956e+00 2.286363154e+00 2.762228695e+00 6.044728225e+00 1.955271775e+00 7.183207977e+01
6.513026052e+03 6.669036839e+00 1.726202178e+00 2.328763386e+00 2.730678743e+00 6.070664745e+00 1.929335255e+00 7.178998499e+01
6.613226453e+03 6.707969407e+00 1.698377634e+00 2.371331867e+00 2.698936954e+00 6.096365567e+00 1.903634433e+00 7.174820841e+01
6.713426854e+03 6.746606879e+00 1.670858395e+00 2.414055864e+00 2.667017095e+00 6.121829949e+00 1.878170051e+00 7.170675102e+01
6.813627255e+03 6.784948341e+00 1.643645374e+00 2.456922475e+00 2.634933092e+00 6.147057232e+00 1.852942768e+00 7.166561364e+01
6.913827655e+03 6.822993103e+00 1.616739335e+00 2.499918678e+00 2.602699021e+00 6.172046845e+00 1.827953155e+00 7.162479693e+01
7.014028056e+03 6.860740615e+00 1.590140891e+00 2.543031336e+00 2.570329077e+00 6.196798300e+00 1.803201700e+00 7.158430141e+01
7.114228457e+03 6.898190431e+00 1.563850510e+00 2.586247202e+00 2.537837561e+00 6.221311192e+00 1.778688808e+00 7.154412744e+01
7.214428858e+03 6.935342247e+00 1.537868517e+00 2.629552954e+00 2.505238854e+00 6.245585197e+00 1.754414803e+00 7.150427525e+01
7.314629259e+03 6.972195899e+00 1.512195096e+00 2.672935210e+00 2.472547402e+00 6.269620069e+00 1.730379931e+00 7.146474494e+01
7.414829659e+03 7.008751345e+00 1.486830298e+00 2.716380546e+00 2.439777689e+00 6.293415644e+00 1.706584356e+00 7.142553645e+01
7.515030060e+03 7.045008668e+00 1.461774039e+00 2.759875518e+00 2.406944221e+00 6.316971832e+00 1.683028168e+00 7.138664959e+01
7.615230461e+03 7.080968077e+00 1.437026107e+00 2.803406681e+00 2.374061498e+00 6.340288620e+00 1.659711380e+00 7.134808407e+01
7.715430862e+03 7.116629897e+00 1.412586165e+00 2.846960614e+00 2.341143994e+00 6.363366068e+00 1.636633932e+00 7.130983944e+01
7.815631263e+03 7.151994568e+00 1.388453753e+00 2.890523928e+00 2.308206144e+00 6.386204310e+00 1.613795690e+00 7.127191515e+01
7.915831663e+03 7.187062642e+00 1.364628292e+00 2.934083292e+00 2.275262317e+00 6.408803548e+00 1.591196452e+00 7.123431051e+01
8.016032064e+03 7.221834783e+00 1.341109088e+00 2.977625451e+00 2.242326796e+00 6.431164058e+00 1.568835942e+00 7.119702474e+01
8.116232465e+03 7.256311756e+00 1.317895337e+00 3.021137249e+00 2.209413755e+00 6.453286178e+00 1.546713822e+00 7.116005693e+01
8.216432866e+03 7.290494431e+00 1.294986127e+00 3.064605647e+00 2.176537238e+00 6.475170317e+00 1.524829683e+00 7.112340607e+01
8.316633267e+03 7.324383775e+00 1.272380441e+00 3.108017734e+00 2.143711150e+00 6.496816945e+00 1.503183055e+00 7.108707105e+01
8.416833667e+03 7.357980852e+00 1.250077159e+00 3.151360746e+00 2.110949232e+00 6.518226598e+00 1.481773402e+00 7.105105065e+01
8.517034068e+03 7.391286819e+00 1.228075066e+00 3.194622083e+00 2.078265047e+00 6.539399871e+00 1.460600129e+00 7.101534354e+01
8.617234469e+03 7.424302921e+00 1.206372853e+00 3.237789338e+00 2.045671946e+00 6.560337420e+00 1.439662580e+00 7.097994834e+01
8.717434870e+03 7.457030487e+00 1.184969118e+00 3.280850296e+00 2.013183072e+00 6.581039958e+00 1.418960042e+00 7.094486353e+01
8.817635271e+03 7.489470930e+00 1.163862379e+00 3.323792978e+00 1.980811310e+00 6.601508253e+00 1.398491747e+00 7.091008754e+01
8.917835671e+03 7.521625742e+00 1.143051064e+00 3.366605613e+00 1.948569320e+00 6.621743130e+00 1.378256870e+00 7.087561870e+01
9.018036072e+03 7.553496490e+00 1.122533524e+00 3.409276689e+00 1.916469479e+00 6.641745466e+00 1.358254534e+00 7.084145526e+01
9.118236473e+03 7.585084813e+00 1.102308030e+00 3.451794930e+00 1.884523904e+00 6.661516190e+00 1.338483810e+00 7.080759539e+01
9.218436874e+03 7.616392426e+00 1.082372782e+00 3.494149346e+00 1.852744414e+00 6.681056280e+00 1.318943720e+00 7.077403721e+01
9.318637275e+03 7.647421119e+00 1.062725908e+00 3.536329231e+00 1.821142527e+00 6.700366764e+00 1.299633236e+00 7.074077874e+01
9.418837675e+03 7.678172718e+00 1.043365468e+00 3.578324134e+00 1.789729443e+00 6.719448714e+00 1.280551286e+00 7.070781794e+01
9.519038076e+03 7.708649116e+00 1.024289459e+00 3.620123927e+00 1.758516034e+00 6.738303250e+00 1.261696750e+00 7.067515273e+01
9.619238477e+03 7.738852299e+00 1.005495818e+00 3.661718825e+00 1.727512838e+00 6.756931533e+00 1.243068467e+00 7.064278093e+01
9.719438878e+03 7.768784277e+00 9.869824227e-01 3.703099333e+00 1.696730044e+00 6.775334767e+00 1.224665233e+00 7.061070034e+01
9.819639279e+03 7.798447116e+00 9.687470951e-01 3.744256283e+00 1.666177487e+00 6.793514196e+00 1.206485804e+00 7.057890868e+01
9.919839679e+03 7.827842935e+00 9.507876072e-01 3.785180843e+00 1.635864650e+00 6.811471102e+00 1.188528898e+00 7.054740364e+01
1.002004008e+04 7.856973898e+00 9.331016821e-01 3.825864513e+00 1.605800654e+00 6.829206805e+00 1.170793195e+00 7.051618283e+01
1.012024048e+04 7.885842213e+00 9.156869976e-01 3.866299130e+00 1.575994259e+00 6.846722658e+00 1.153277342e+00 7.048524386e+01
1.022044088e+04 7.914450127e+00 8.985411889e-01 3.906476872e+00 1.546453857e+00 6.864020048e+00 1.135979952e+00 7.045458425e+01
1.032064128e+04 7.942799934e+00 8.816618444e-01 3.946390310e+00 1.517187417e+00 6.881100401e+00 1.118899599e+00 7.042420152e+01
1.042084168e+04 7.970893962e+00 8.650465156e-01 3.986032365e+00 1.488202534e+00 6.897965170e+00 1.102034830e+00 7.039409312e+01
1.052104208e+04 7.998734571e+00 8.486927207e-01 4.025396296e+00 1.459506435e+00 6.914615839e+00 1.085384161e+00 7.036425648e+01
1.062124248e+04 8.026324151e+00 8.325979457e-01 4.064475717e+00 1.431105972e+00 6.931053919e+00 1.068946081e+00 7.033468900e+01
1.072144289e+04 8.053665122e+00 8.167596461e-01 4.103264593e+00 1.403007613e+00 6.947280946e+00 1.052719054e+00 7.030538804e+01
1.082164329e+04 8.080759933e+00 8.011752477e-01 4.141757256e+00 1.375217439e+00 6.963298485e+00 1.036701515e+00 7.027635094e+01
1.092184369e+04 8.107611057e+00 7.858421513e-01 4.179948389e+00 1.347741148e+00 6.979108124e+00 1.020891876e+00 7.024757502e+01
1.102204409e+04 8.134220988e+00 7.707577341e-01 4.217833036e+00 1.320584057e+00 6.994711473e+00 1.005288527e+00 7.021905757e+01
1.112224449e+04 8.160592242e+00 7.559193506e-01 4.255406590e+00 1.293751107e+00 7.010110166e+00 9.898898338e-01 7.019079585e+01
1.122244489e+04 8.186727356e+00 7.413243382e-01 4.292664782e+00 1.267246865e+00 7.025305855e+00 9.746941450e-01 7.016278713e+01
1.132264529e+04 8.212628876e+00 7.269700175e-01 4.329603708e+00 1.241075534e+00 7.040300210e+00 9.596997895e-01 7.013502863e+01
1.142284569e+04 8.238299368e+00 7.128536917e-01 4.366219795e+00 1.215240945e+00 7.055094923e+00 9.449050768e-01 7.010751758e+01
1.152304609e+04 8.263741412e+00 6.989726530e-01 4.402509790e+00 1.189746577e+00 7.069691699e+00 9.303083013e-01 7.008025119e+01
1.162324649e+04 8.288957595e+00 6.853241822e-01 4.438470787e+00 1.164595554e+00 7.084092258e+00 9.159077419e-01 7.005322665e+01
1.172344689e+04 8.313950515e+00 6.719055490e-01 4.474100208e+00 1.139790646e+00 7.098298338e+00 9.017016620e-01 7.002644115e+01
1.182364729e+04 8.338722777e+00 6.587140187e-01 4.509395783e+00 1.115334292e+00 7.112311686e+00 8.876883138e-01 6.999989189e+01
1.192384770e+04 8.363276992e+00 6.457468482e-01 4.544355560e+00 1.091228591e+00 7.126134064e+00 8.738659359e-01 6.997357603e+01
1.202404810e+04 8.387615774e+00 6.330012914e-01 4.578977892e+00 1.067475316e+00 7.139767243e+00 8.602327567e-01 6.994749076e+01
1.212424850e+04 8.411741740e+00 6.204746003e-01 4.613261426e+00 1.044075927e+00 7.153213005e+00 8.467869952e-01 6.992163325e+01
1.222444890e+04 8.435657510e+00 6.081640238e-01 4.647205111e+00 1.021031562e+00 7.166473140e+00 8.335268597e-01 6.989600066e+01
1.232464930e+04 8.459365703e+00 5.960668130e-01 4.680808170e+00 9.983430649e-01 7.179549448e+00 8.204505524e-01 6.987059018e+01
1.242484970e+04 8.482868932e+00 5.841802220e-01 4.714070099e+00 9.760109889e-01 7.192443732e+00 8.075562685e-01 6.984539898e+01
1.252505010e+04 8.506169813e+00 5.725015070e-01 4.746990666e+00 9.540355991e-01 7.205157803e+00 7.948421969e-01 6.982042425e+01
1.262525050e+04 8.529270953e+00 5.610279309e-01 4.779569889e+00 9.324168910e-01 7.217693477e+00 7.823065227e-01 6.979566317e+01
1.272545090e+04 8.552174955e+00 5.497567605e-01 4.811808046e+00 9.111545867e-01 7.230052574e+00 7.699474255e-01 6.977111294e+01
1.282565130e+04 8.574884415e+00 5.386852710e-01 4.843705650e+00 8.902481538e-01 7.242236918e+00 7.577630824e-01 6.974677077e+01
1.292585170e+04 8.597401924e+00 5.278107449e-01 4.875263453e+00 8.696968079e-01 7.254248333e+00 7.457516673e-01 6.972263385e+01
1.302605210e+04 8.619730060e+00 5.171304747e-01 4.906482430e+00 8.494995281e-01 7.266088647e+00 7.339113530e-01 6.969869943e+01
1.312625251e+04 8.641871395e+00 5.066417632e-01 4.937363771e+00 8.296550617e-01 7.277759689e+00 7.222403110e-01 6.967496472e+01
1.322645291e+04 8.663828488e+00 4.963419253e-01 4.967908872e+00 8.101619392e-01 7.289263287e+00 7.107367135e-01 6.965142698e+01
1.332665331e+04 8.685603886e+00 4.862282888e-01 4.998119328e+00 7.910184792e-01 7.300601267e+00 6.993987331e-01 6.962808347e+01
1.342685371e+04 8.707200123e+00 4.762981944e-01 5.027996921e+00 7.722227996e-01 7.311775456e+00 6.882245439e-01 6.960493145e+01
1.352705411e+04 8.728619721e+00 4.665489985e-01 5.057543612e+00 7.537728278e-01 7.322787677e+00 6.772123227e-01 6.958196823e+01
1.362725451e+04 8.749865185e+00 4.569780719e-01 5.086761539e+00 7.356663075e-01 7.333639752e+00 6.663602484e-01 6.955919110e+01
1.372745491e+04 8.770939006e+00 4.475828021e-01 5.115653003e+00 7.179008101e-01 7.344333496e+00 6.556665040e-01 6.953659739e+01
1.382765531e+04 8.791843659e+00 4.383605933e-01 5.144220451e+00 7.004737418e-01 7.354870724e+00 6.451292763e-01 6.951418444e+01
1.392785571e+04 8.812581606e+00 4.293088670e-01 5.172466474e+00 6.833823529e-01 7.365253243e+00 6.347467567e-01 6.949194960e+01
1.402805611e+04 8.833155285e+00 4.204250636e-01 5.200393811e+00 6.666237486e-01 7.375482858e+00 6.245171422e-01 6.946989027e+01
1.412825651e+04 8.853567118e+00 4.117066419e-01 5.228005360e+00 6.501948976e-01 7.385561365e+00 6.144386354e-01 6.944800383e+01
1.422845691e+04 8.873819511e+00 4.031510806e-01 5.255304107e+00 6.340926357e-01 7.395490555e+00 6.045094455e-01 6.942628770e+01
1.432865731e+04 8.893914852e+00 3.947558785e-01 5.282293123e+00 6.183136766e-01 7.405272212e+00 5.947277883e-01 6.940473932e+01
1.442885772e+04 8.913855510e+00 3.865185551e-01 5.308975565e+00 6.028546284e-01 7.414908113e+00 5.850918875e-01 6.938335616e+01
1.452905812e+04 8.933643824e+00 3.784366512e-01 5.335354855e+00 5.877119893e-01 7.424400026e+00 5.755999743e-01 6.936213570e+01
1.462925852e+04 8.953282123e+00 3.705077293e-01 5.361434337e+00 5.728821597e-01 7.433749711e+00 5.662502886e-01 6.934107543e+01
1.472945892e+04 8.972772711e+00 3.627293742e-01 5.387217501e+00 5.583614519e-01 7.442958921e+00 5.570410789e-01 6.932017290e+01
1.482965932e+04 8.992117872e+00 3.550991924e-01 5.412707907e+00 5.441460980e-01 7.452029397e+00 5.479706028e-01 6.929942564e+01
1.492985972e+04 9.011319869e+00 3.476148127e-01 5.437909184e+00 5.302322582e-01 7.460962873e+00 5.390371270e-01 6.927883124e+01
1.503006012e+04 9.030380941e+00 3.402738891e-01 5.462825032e+00 5.166160161e-01 7.469761071e+00 5.302389293e-01 6.925838730e+01
1.513026052e+04 9.049303303e+00 3.330740990e-01 5.487459208e+00 5.032933957e-01 7.478425702e+00 5.215742975e-01 6.923809144e+01
1.523046092e+04 9.068089153e+00 3.260131429e-01 5.511815517e+00 4.902603703e-01 7.486958470e+00 5.130415300e-01 6.921794130e+01
1.533066132e+04 9.086740660e+00 3.190887451e-01 5.535897811e+00 4.775128640e-01 7.495361064e+00 5.046389359e-01 6.919793457e+01
1.543086172e+04 9.105259974e+00 3.122986545e-01 5.559709981e+00 4.650467583e-01 7.503635164e+00 4.963648358e-01 6.917806893e+01
1.553106212e+04 9.123649221e+00 3.056406446e-01 5.583255954e+00 4.528578980e-01 7.511782438e+00 4.882175620e-01 6.915834212e+01
1.563126253e+04 9.141910503e+00 2.991125137e-01 5.606539689e+00 4.409420945e-01 7.519804541e+00 4.801954586e-01 6.913875187e+01
1.573146293e+04 9.160045897e+00 2.927120851e-01 5.629565166e+00 4.292951360e-01 7.527703118e+00 4.722968818e-01 6.911929597e+01
1.583166333e+04 9.178057459e+00 2.864372073e-01 5.652336385e+00 4.179127906e-01 7.535479799e+00 4.645202006e-01 6.909997222e+01
1.593186373e+04 9.195947218e+00 2.802857538e-01 5.674857359e+00 4.067908130e-01 7.543136204e+00 4.568637963e-01 6.908077844e+01
1.603206413e+04 9.213717181e+00 2.742556233e-01 5.697132117e+00 3.959249400e-01 7.550673937e+00 4.493260630e-01 6.906171249e+01
1.613226453e+04 9.231369331e+00 2.683447400e-01 5.719164691e+00 3.853109069e-01 7.558094592e+00 4.419054079e-01 6.904277224e+01
1.623246493e+04 9.248905625e+00 2.625510537e-01 5.740959113e+00 3.749444485e-01 7.565399749e+00 4.346002515e-01 6.902395560e+01
1.633266533e+04 9.266327998e+00 2.568725394e-01 5.762519416e+00 3.648212983e-01 7.572590972e+00 4.274090276e-01 6.900526049e+01
1.643286573e+04 9.283638359e+00 2.513071980e-01 5.783849618e+00 3.549372057e-01 7.579669816e+00 4.203301842e-01 6.898668488e+01
1.653306613e+04 9.300838594e+00 2.458530557e-01 5.804953740e+00 3.452879200e-01 7.586637818e+00 4.133621822e-01 6.896822675e+01
1.663326653e+04 9.317930563e+00 2.405081645e-01 5.825835779e+00 3.358692119e-01 7.593496503e+00 4.065034971e-01 6.894988411e+01
1.673346693e+04 9.334916103e+00 2.352706017e-01 5.846499725e+00 3.266768621e-01 7.600247382e+00 3.997526179e-01 6.893165500e+01
1.683366733e+04 9.351797027e+00 2.301384700e-01 5.866949548e+00 3.177066736e-01 7.606891952e+00 3.931080479e-01 6.891353747e+01
1.693386774e+04 9.368575122e+00 2.251098979e-01 5.887189195e+00 3.089544716e-01 7.613431695e+00 3.865683045e-01 6.889552962e+01
1.703406814e+04 9.385252154e+00 2.201830389e-01 5.907222590e+00 3.004161066e-01 7.619868080e+00 3.801319195e-01 6.887762955e+01
1.713426854e+04 9.401829862e+00 2.153560721e-01 5.927053630e+00 2.920874583e-01 7.626202561e+00 3.737974391e-01 6.885983542e+01
1.723446894e+04 9.418309962e+00 2.106272018e-01 5.946686183e+00 2.839644382e-01 7.632436576e+00 3.675634240e-01 6.884214537e+01
1.733466934e+04 9.434694145e+00 2.059946574e-01 5.966124086e+00 2.760429892e-01 7.638571551e+00 3.614284494e-01 6.882455762e+01
1.743486974e+04 9.450984082e+00 2.014566932e-01 5.985371143e+00 2.683190900e-01 7.644608895e+00 3.553911051e-01 6.880707036e+01
1.753507014e+04 9.467181414e+00 1.970115890e-01 6.004431117e+00 2.607887619e-01 7.650550004e+00 3.494499957e-01 6.878968186e+01
1.763527054e+04 9.483287764e+00 1.926576488e-01 6.023307743e+00 2.534480569e-01 7.656396260e+00 3.436037403e-01 6.877239037e+01
1.773547094e+04 9.499304729e+00 1.883932015e-01 6.042004713e+00 2.462930735e-01 7.662149027e+00 3.378509728e-01 6.875519418e+01
1.783567134e+04 9.515233882e+00 1.842166008e-01 6.060525675e+00 2.393199557e-01 7.667809658e+00 3.321903419e-01 6.873809163e+01
1.793587174e+04 9.531076775e+00 1.801262242e-01 6.078874245e+00 2.325248803e-01 7.673379489e+00 3.266205109e-01 6.872108104e+01
1.803607214e+04 9.546834935e+00 1.761204739e-01 6.097053990e+00 2.259040800e-01 7.678859842e+00 3.211401578e-01 6.870416079e+01
1.813627255e+04 9.562509866e+00 1.721977760e-01 6.115068432e+00 2.194538310e-01 7.684252024e+00 3.157479758e-01 6.868732928e+01
1.823647295e+04 9.578103051e+00 1.683565804e-01 6.132921056e+00 2.131704519e-01 7.689557328e+00 3.104426721e-01 6.867058491e+01
1.833667335e+04 9.593615950e+00 1.645953607e-01 6.150615292e+00 2.070503164e-01 7.694777031e+00 3.052229691e-01 6.865392614e+01
1.843687375e+04 9.609049998e+00 1.609126142e-01 6.168154530e+00 2.010898448e-01 7.699912396e+00 3.000876041e-01 6.863735142e+01
1.853707415e+04 9.624406612e+00 1.573068612e-01 6.185542110e+00 1.952855057e-01 7.704964672e+00 2.950353283e-01 6.862085925e+01
1.863727455e+04 9.639687183e+00 1.537766455e-01 6.202781324e+00 1.896338229e-01 7.709935092e+00 2.900649085e-01 6.860444814e+01
1.873747495e+04 9.654893082e+00 1.503205336e-01 6.219875417e+00 1.841313683e-01 7.714824875e+00 2.851751254e-01 6.858811662e+01
1.883767535e+04 9.670025660e+00 1.469371147e-01 6.236827583e+00 1.787747660e-01 7.719635225e+00 2.803647745e-01 6.857186326e+01
1.893787575e+04 9.685086242e+00 1.436250007e-01 6.253640966e+00 1.735606959e-01 7.724367334e+00 2.756326660e-01 6.855568664e+01
1.903807615e+04 9.700076137e+00 1.403828255e-01 6.270318663e+00 1.684858856e-01 7.729022376e+00 2.709776242e-01 6.853958537e+01
1.913827655e+04 9.714996630e+00 1.372092452e-01 6.286863720e+00 1.635471190e-01 7.733601512e+00 2.663984880e-01 6.852355807e+01
1.923847695e+04 9.729848984e+00 1.341029381e-01 6.303279130e+00 1.587412340e-01 7.738105889e+00 2.618941108e-01 6.850760339e+01
1.933867735e+04 9.744634445e+00 1.310626035e-01 6.319567841e+00 1.540651171e-01 7.742536640e+00 2.574633599e-01 6.849172001e+01
1.943887776e+04 9.759354235e+00 1.280869626e-01 6.335732745e+00 1.495157130e-01 7.746894883e+00 2.531051170e-01 6.847590662e+01
1.953907816e+04 9.774009558e+00 1.251747575e-01 6.351776688e+00 1.450900186e-01 7.751181722e+00 2.488182781e-01 6.846016193e+01
1.963927856e+04 9.788601598e+00 1.223247514e-01 6.367702464e+00 1.407850811e-01 7.755398247e+00 2.446017527e-01 6.844448470e+01
1.973947896e+04 9.803131518e+00 1.195357279e-01 6.383512815e+00 1.365980046e-01 7.759545535e+00 2.404544648e-01 6.842887366e+01
1.983967936e+04 9.817600463e+00 1.168064916e-01 6.399210436e+00 1.325259450e-01 7.763624648e+00 2.363753522e-01 6.841332761e+01
1.993987976e+04 9.832009557e+00 1.141358668e-01 6.414797972e+00 1.285661094e-01 7.767636634e+00 2.323633661e-01 6.839784534e+01
2.004008016e+04 9.846359906e+00 1.115226981e-01 6.430278015e+00 1.247157602e-01 7.771582528e+00 2.284174717e-01 6.838242568e+01
2.014028056e+04 9.860652597e+00 1.089658498e-01 6.445653110e+00 1.209722102e-01 7.775463352e+00 2.245366479e-01 6.836706746e+01
2.024048096e+04 9.874888699e+00 1.064642055e-01 6.460925753e+00 1.173328241e-01 7.779280113e+00 2.207198869e-01 6.835176955e+01
2.034068136e+04 9.889069261e+00 1.040166685e-01 6.476098390e+00 1.137950201e-01 7.783033806e+00 2.169661942e-01 6.833653083e+01
2.044088176e+04 9.903195315e+00 1.016221607e-01 6.491173421e+00 1.103562651e-01 7.786725411e+00 2.132745890e-01 6.832135019e+01
2.054108216e+04 9.917267874e+00 9.927962295e-02 6.506153195e+00 1.070140782e-01 7.790355897e+00 2.096441032e-01 6.830622655e+01
2.064128257e+04 9.931287936e+00 9.698801476e-02 6.521040015e+00 1.037660293e-01 7.793926218e+00 2.060737822e-01 6.829115886e+01
2.074148297e+04 9.945256479e+00 9.474631378e-02 6.535836137e+00 1.006097360e-01 7.797437316e+00 2.025626841e-01 6.827614607e+01
2.084168337e+04 9.959174465e+00 9.255351578e-02 6.550543771e+00 9.754286725e-02 7.800890120e+00 1.991098801e-01 6.826118716e+01
2.094188377e+04 9.973042837e+00 9.040863437e-02 6.565165079e+00 9.456314035e-02 7.804285546e+00 1.957144540e-01 6.824628111e+01
2.104208417e+04 9.986862523e+00 8.831070069e-02 6.579702180e+00 9.166831957e-02 7.807624498e+00 1.923755022e-01 6.823142695e+01
2.114228457e+04 1.000063443e+01 8.625876324e-02 6.594157145e+00 8.885621832e-02 7.810907866e+00 1.890921339e-01 6.821662369e+01
2.124248497e+04 1.001435947e+01 8.425188762e-02 6.608532002e+00 8.612469639e-02 7.814136530e+00 1.858634704e-01 6.820187039e+01
2.134268537e+04 1.002803850e+01 8.228915631e-02 6.622828736e+00 8.347165939e-02 7.817311355e+00 1.826886455e-01 6.818716610e+01
2.144288577e+04 1.004167239e+01 8.036966835e-02 6.637049287e+00 8.089506009e-02 7.820433195e+00 1.795668051e-01 6.817250992e+01
2.154308617e+04 1.005526199e+01 7.849253919e-02 6.651195553e+00 7.839289616e-02 7.823502893e+00 1.764971073e-01 6.815790093e+01
2.164328657e+04 1.006880814e+01 7.665690047e-02 6.665269390e+00 7.596320838e-02 7.826521278e+00 1.734787219e-01 6.814333825e+01
2.174348697e+04 1.008231164e+01 7.486189968e-02 6.679272613e+00 7.360408334e-02 7.829489169e+00 1.705108307e-01 6.812882102e+01
2.184368737e+04 1.009577330e+01 7.310669999e-02 6.693206993e+00 7.131365058e-02 7.832407373e+00 1.675926273e-01 6.811434837e+01
2.194388778e+04 1.010919390e+01 7.139048009e-02 6.707074266e+00 6.909008080e-02 7.835276683e+00 1.647233166e-01 6.809991946e+01
2.204408818e+04 1.012257423e+01 6.971243380e-02 6.720876123e+00 6.693158801e-02 7.838097885e+00 1.619021152e-01 6.808553348e+01
2.214428858e+04 1.013591503e+01 6.807176993e-02 6.734614219e+00 6.483642737e-02 7.840871749e+00 1.591282510e-01 6.807118962e+01
2.224448898e+04 1.014921705e+01 6.646771211e-02 6.748290171e+00 6.280289402e-02 7.843599037e+00 1.564009630e-01 6.805688709e+01
2.234468938e+04 1.016248102e+01 6.489949849e-02 6.761905556e+00 6.082932306e-02 7.846280499e+00 1.537195014e-01 6.804262510e+01
2.244488978e+04 1.017570766e+01 6.336638146e-02 6.775461915e+00 5.891408925e-02 7.848916873e+00 1.510831274e-01 6.802840290e+01
2.254509018e+04 1.018889767e+01 6.186762755e-02 6.788960753e+00 5.705560559e-02 7.851508887e+00 1.484911130e-01 6.801421973e+01
2.264529058e+04 1.020205174e+01 6.040251722e-02 6.802403539e+00 5.525232278e-02 7.854057259e+00 1.459427409e-01 6.800007486e+01
2.274549098e+04 1.021517054e+01 5.897034445e-02 6.815791708e+00 5.350272897e-02 7.856562696e+00 1.434373044e-01 6.798596757e+01
2.284569138e+04 1.022825474e+01 5.757041667e-02 6.829126657e+00 5.180534868e-02 7.859025893e+00 1.409741074e-01 6.797189716e+01
2.294589178e+04 1.024130500e+01 5.620205470e-02 6.842409752e+00 5.015874221e-02 7.861447536e+00 1.385524640e-01 6.795786293e+01
2.304609218e+04 1.025432194e+01 5.486459216e-02 6.855642325e+00 4.856150505e-02 7.863828301e+00 1.361716986e-01 6.794386420e+01
2.314629259e+04 1.026730621e+01 5.355737548e-02 6.868825675e+00 4.701226712e-02 7.866168854e+00 1.338311459e-01 6.792990030e+01
2.324649299e+04 1.028025840e+01 5.227976407e-02 6.881961070e+00 4.550969244e-02 7.868469850e+00 1.315301502e-01 6.791597058e+01
2.334669339e+04 1.029317912e+01 5.103112924e-02 6.895049746e+00 4.405247779e-02 7.870731934e+00 1.292680661e-01 6.790207439e+01
2.344689379e+04 1.030606897e+01 4.981085455e-02 6.908092908e+00 4.263935251e-02 7.872955742e+00 1.270442577e-01 6.788821112e+01
2.354709419e+04 1.031892853e+01 4.861833549e-02 6.921091731e+00 4.126907771e-02 7.875141901e+00 1.248580987e-01 6.787438013e+01
2.364729459e+04 1.033175836e+01 4.745297945e-02 6.934047360e+00 3.994044585e-02 7.877291027e+00 1.227089725e-01 6.786058083e+01
2.374749499e+04 1.034455902e+01 4.631420602e-02 6.946960912e+00 3.865228069e-02 7.879403728e+00 1.205962718e-01 6.784681262e+01
2.384769539e+04 1.035733105e+01 4.520144510e-02 6.959833476e+00 3.740343454e-02 7.881480601e+00 1.185193986e-01 6.783307492e+01
2.394789579e+04 1.037007500e+01 4.411413810e-02 6.972666112e+00 3.619278938e-02 7.883522236e+00 1.164777639e-01 6.781936716e+01
2.404809619e+04 1.038279138e+01 4.305173734e-02 6.985459854e+00 3.501925564e-02 7.885529212e+00 1.144707880e-01 6.780568879e+01
2.414829659e+04 1.039548072e+01 4.201370660e-02 6.998215708e+00 3.388177310e-02 7.887502100e+00 1.124978999e-01 6.779203924e+01
2.424849699e+04 1.040814351e+01 4.099952019e-02 7.010934655e+00 3.277930876e-02 7.889441462e+00 1.105585376e-01 6.777841799e+01
2.434869739e+04 1.042078026e+01 4.000866209e-02 7.023617650e+00 3.171085490e-02 7.891347852e+00 1.086521477e-01 6.776482451e+01
2.444889780e+04 1.043339144e+01 3.904062681e-02 7.036265626e+00 3.067543056e-02 7.893221815e+00 1.067781852e-01 6.775125829e+01
2.454909820e+04 1.044597753e+01 3.809491887e-02 7.048879488e+00 2.967208021e-02 7.895063886e+00 1.049361137e-01 6.773771881e+01
2.464929860e+04 1.045853901e+01 3.717105397e-02 7.061460116e+00 2.869987699e-02 7.896874595e+00 1.031254055e-01 6.772420558e+01
2.474949900e+04 1.047107631e+01 3.626855612e-02 7.074008372e+00 2.775791460e-02 7.898654459e+00 1.013455406e-01 6.771071812e+01
2.484969940e+04 1.048358990e+01 3.538695910e-02 7.086525092e+00 2.684531122e-02 7.900403993e+00 9.959600746e-02 6.769725595e+01
2.494989980e+04 1.049608021e+01 3.452580609e-02 7.099011091e+00 2.596120853e-02 7.902123698e+00 9.787630223e-02 6.768381860e+01
2.505010020e+04 1.050854767e+01 3.368464967e-02 7.111467161e+00 2.510477160e-02 7.903814071e+00 9.618592923e-02 6.767040561e+01
2.515030060e+04 1.052099271e+01 3.286305240e-02 7.123894072e+00 2.427519131e-02 7.905475599e+00 9.452440083e-02 6.765701655e+01
2.525050100e+04 1.053341572e+01 3.206058425e-02 7.136292575e+00 2.347167495e-02 7.907108763e+00 9.289123659e-02 6.764365096e+01
2.535070140e+04 1.054581712e+01 3.127682440e-02 7.148663402e+00 2.269345293e-02 7.908714036e+00 9.128596381e-02 6.763030842e+01
2.545090180e+04 1.055819731e+01 3.051136051e-02 7.161007264e+00 2.193977615e-02 7.910291883e+00 8.970811724e-02 6.761698851e+01
2.555110220e+04 1.057055666e+01 2.976378925e-02 7.173324851e+00 2.120991801e-02 7.911842761e+00 8.815723923e-02 6.760369081e+01
2.565130261e+04 1.058289557e+01 2.903371558e-02 7.185616835e+00 2.050317201e-02 7.913367121e+00 8.663287940e-02 6.759041493e+01
2.575150301e+04 1.059521440e+01 2.832075174e-02 7.197883871e+00 1.981884772e-02 7.914865406e+00 8.513459423e-02 6.757716046e+01
2.585170341e+04 1.060751352e+01 2.762451823e-02 7.210126596e+00 1.915627484e-02 7.916338053e+00 8.366194736e-02 6.756392702e+01
2.595190381e+04 1.061979329e+01 2.694464329e-02 7.222345630e+00 1.851480121e-02 7.917785491e+00 8.221450938e-02 6.755071423e+01
2.605210421e+04 1.063205405e+01 2.628076394e-02 7.234541571e+00 1.789379684e-02 7.919208142e+00 8.079185818e-02 6.753752171e+01
2.615230461e+04 1.064429614e+01 2.563252361e-02 7.246715006e+00 1.729264506e-02 7.920606422e+00 7.939357798e-02 6.752434910e+01
2.625250501e+04 1.065651991e+01 2.499957311e-02 7.258866504e+00 1.671074638e-02 7.921980740e+00 7.801925965e-02 6.751119605e+01
2.635270541e+04 1.066872568e+01 2.438157062e-02 7.270996619e+00 1.614751831e-02 7.923331499e+00 7.666850067e-02 6.749806220e+01
2.645290581e+04 1.068091378e+01 2.377818142e-02 7.283105888e+00 1.560239476e-02 7.924659095e+00 7.534090501e-02 6.748494721e+01
2.655310621e+04 1.069308451e+01 2.318907867e-02 7.295194833e+00 1.507482872e-02 7.925963917e+00 7.403608339e-02 6.747185076e+01
2.665330661e+04 1.070523819e+01 2.261394124e-02 7.307263962e+00 1.456428451e-02 7.927246348e+00 7.275365234e-02 6.745877250e+01
2.675350701e+04 1.071737511e+01 2.205245507e-02 7.319313770e+00 1.407024277e-02 7.928506765e+00 7.149323473e-02 6.744571212e+01
2.685370741e+04 1.072949559e+01 2.150431279e-02 7.331344735e+00 1.359219913e-02 7.929745540e+00 7.025445957e-02 6.743266930e+01
2.695390782e+04 1.074159989e+01 2.096921380e-02 7.343357323e+00 1.312966500e-02 7.930963038e+00 6.903696204e-02 6.741964374e+01
2.705410822e+04 1.075368832e+01 2.044686337e-02 7.355351987e+00 1.268216362e-02 7.932159617e+00 6.784038301e-02 6.740663513e+01
2.715430862e+04 1.076576113e+01 1.993697312e-02 7.367329167e+00 1.224923250e-02 7.933335631e+00 6.666436924e-02 6.739364318e+01
2.725450902e+04 1.077781862e+01 1.943926086e-02 7.379289290e+00 1.183042261e-02 7.934491427e+00 6.550857330e-02 6.738066760e+01
2.735470942e+04 1.078986104e+01 1.895345051e-02 7.391232772e+00 1.142529849e-02 7.935627346e+00 6.437265350e-02 6.736770811e+01
2.745490982e+04 1.080188865e+01 1.847927157e-02 7.403160014e+00 1.103343596e-02 7.936743726e+00 6.325627354e-02 6.735476443e+01
2.755511022e+04 1.081390171e+01 1.801645933e-02 7.415071410e+00 1.065442332e-02 7.937840897e+00 6.215910267e-02 6.734183629e+01
2.765531062e+04 1.082590047e+01 1.756475490e-02 7.426967340e+00 1.028786135e-02 7.938919184e+00 6.108081561e-02 6.732892342e+01
2.775551102e+04 1.083788516e+01 1.712390501e-02 7.438848171e+00 9.933362949e-03 7.939978908e+00 6.002109248e-02 6.731602557e+01
2.785571142e+04 1.084985604e+01 1.669366145e-02 7.450714263e+00 9.590550779e-03 7.941020382e+00 5.897961845e-02 6.730314247e+01
2.795591182e+04 1.086181334e+01 1.627378141e-02 7.462565965e+00 9.259058837e-03 7.942043916e+00 5.795608391e-02 6.729027389e+01
2.805611222e+04 1.087375727e+01 1.586402755e-02 7.474403615e+00 8.938532761e-03 7.943049816e+00 5.695018443e-02 6.727741958e+01
2.815631263e+04 1.088568808e+01 1.546416764e-02 7.486227539e+00 8.628628768e-03 7.944038379e+00 5.596162066e-02 6.726457930e+01
2.825651303e+04 1.089760597e+01 1.507397414e-02 7.498038057e+00 8.329011780e-03 7.945009902e+00 5.499009795e-02 6.725175281e+01
2.835671343e+04 1.090951116e+01 1.469322450e-02 7.509835479e+00 8.039356984e-03 7.945964673e+00 5.403532658e-02 6.723893989e+01
2.845691383e+04 1.092140387e+01 1.432170126e-02 7.521620104e+00 7.759350230e-03 7.946902978e+00 5.309702175e-02 6.722614032e+01
2.855711423e+04 1.093328429e+01 1.395919159e-02 7.533392224e+00 7.488686366e-03 7.947825097e+00 5.217490334e-02 6.721335388e+01
2.865731463e+04 1.094515263e+01 1.360548707e-02 7.545152120e+00 7.227068448e-03 7.948731304e+00 5.126869572e-02 6.720058035e+01
2.875751503e+04 1.095700908e+01 1.326038386e-02 7.556900069e+00 6.974208636e-03 7.949621872e+00 5.037812787e-02 6.718781953e+01
2.885771543e+04 1.096885384e+01 1.292368284e-02 7.568636335e+00 6.729828700e-03 7.950497067e+00 4.950293340e-02 6.717507120e+01
2.895791583e+04 1.098068709e+01 1.259518907e-02 7.580361176e+00 6.493658074e-03 7.951357150e+00 4.864285027e-02 6.716233518e+01
2.905811623e+04 1.099250902e+01 1.227471175e-02 7.592074843e+00 6.265433917e-03 7.952202379e+00 4.779762070e-02 6.714961126e+01
2.915831663e+04 1.100431982e+01 1.196206428e-02 7.603777579e+00 6.044901386e-03 7.953033009e+00 4.696699121e-02 6.713689925e+01
2.925851703e+04 1.101611964e+01 1.165706447e-02 7.615469620e+00 5.831814441e-03 7.953849287e+00 4.615071274e-02 6.712419897e+01
2.935871743e+04 1.102790868e+01 1.135953385e-02 7.627151193e+00 5.625933433e-03 7.954651460e+00 4.534854019e-02 6.711151023e+01
2.945891784e+04 1.103968709e+01 1.106929784e-02 7.638822521e+00 5.427025896e-03 7.955439767e+00 4.456023254e-02 6.709883285e+01
2.955911824e+04 1.105145505e+01 1.078618571e-02 7.650483820e+00 5.234866398e-03 7.956214447e+00 4.378555278e-02 6.708616666e+01
2.965931864e+04 1.106321270e+01 1.051003091e-02 7.662135296e+00 5.049237757e-03 7.956975732e+00 4.302426809e-02 6.707351149e+01
2.975951904e+04 1.107496022e+01 1.024067009e-02 7.673777154e+00 4.869927858e-03 7.957723851e+00 4.227614928e-02 6.706086717e+01
2.985971944e+04 1.108669775e+01 9.977943642e-03 7.685409589e+00 4.696731336e-03 7.958459029e+00 4.154097104e-02 6.704823353e+01
2.995991984e+04 1.109842545e+01 9.721695459e-03 7.697032793e+00 4.529449073e-03 7.959181488e+00 4.081851183e-02 6.703561041e+01
3.006012024e+04 1.111014346e+01 9.471773305e-03 7.708646947e+00 4.367889452e-03 7.959891446e+00 4.010855404e-02 6.702299766e+01
3.016032064e+04 1.112185193e+01 9.228027846e-03 7.720252233e+00 4.211865044e-03 7.960589117e+00 3.941088343e-02 6.701039513e+01
3.026052104e+04 1.113355101e+01 8.990313203e-03 7.731848822e+00 4.061194643e-03 7.961274711e+00 3.872528942e-02 6.699780265e+01
3.036072144e+04 1.114524081e+01 8.758486762e-03 7.743436884e+00 3.915702656e-03 7.961948435e+00 3.805156497e-02 6.698522010e+01
3.046092184e+04 1.115692150e+01 8.532409406e-03 7.755016579e+00 3.775220014e-03 7.962610493e+00 3.738950671e-02 6.697264732e+01
3.056112224e+04 1.116859318e+01 8.311944721e-03 7.766588066e+00 3.639581465e-03 7.963261086e+00 3.673891443e-02 6.696008417e+01
3.066132265e+04 1.118025600e+01 8.096959465e-03 7.778151497e+00 3.508627272e-03 7.963900409e+00 3.609959135e-02 6.694753051e+01
3.076152305e+04 1.119191008e+01 7.887323417e-03 7.789707021e+00 3.382202785e-03 7.964528656e+00 3.547134404e-02 6.693498622e+01
3.086172345e+04 1.120355554e+01 7.682909516e-03 7.801254781e+00 3.260158943e-03 7.965146018e+00 3.485398246e-02 6.692245116e+01
3.096192385e+04 1.121519251e+01 7.483593225e-03 7.812794918e+00 3.142350223e-03 7.965752680e+00 3.424731955e-02 6.690992519e+01
3.106212425e+04 1.122682110e+01 7.289252905e-03 7.824327565e+00 3.028635959e-03 7.966348829e+00 3.365117148e-02 6.689740821e+01
3.116232465e+04 1.123844142e+01 7.099769745e-03 7.835852854e+00 2.918880149e-03 7.966934642e+00 3.306535754e-02 6.688490008e+01
3.126252505e+04 1.125005360e+01 6.915027793e-03 7.847370912e+00 2.812951628e-03 7.967510300e+00 3.248970023e-02 6.687240068e+01
3.136272545e+04 1.126165774e+01 6.734913378e-03 7.858881863e+00 2.710722246e-03 7.968075975e+00 3.192402478e-02 6.685990990e+01
3.146292585e+04 1.127325395e+01 6.559315503e-03 7.870385826e+00 2.612068203e-03 7.968631841e+00 3.136815946e-02 6.684742762e+01
3.156312625e+04 1.128484234e+01 6.388125655e-03 7.881882919e+00 2.516869486e-03 7.969178065e+00 3.082193540e-02 6.683495373e+01
3.166332665e+04 1.129642300e+01 6.221238295e-03 7.893373245e+00 2.425011522e-03 7.969714813e+00 3.028518694e-02 6.682248812e+01
3.176352705e+04 1.130799604e+01 6.058549665e-03 7.904856915e+00 2.336381369e-03 7.970242249e+00 2.975775080e-02 6.681003068e+01
3.186372745e+04 1.131956155e+01 5.899958545e-03 7.916334033e+00 2.250870219e-03 7.970760533e+00 2.923946659e-02 6.679758132e+01
3.196392786e+04 1.133111964e+01 5.745365998e-03 7.927804698e+00 2.168372633e-03 7.971269823e+00 2.873017659e-02 6.678513991e+01
3.206412826e+04 1.134267039e+01 5.594675622e-03 7.939269012e+00 2.088787415e-03 7.971770274e+00 2.822972597e-02 6.677270638e+01
3.216432866e+04 1.135421391e+01 5.447793146e-03 7.950727071e+00 2.012016349e-03 7.972262038e+00 2.773796245e-02 6.676028061e+01
3.226452906e+04 1.136575027e+01 5.304626218e-03 7.962178967e+00 1.937963606e-03 7.972745264e+00 2.725473617e-02 6.674786252e+01
3.236472946e+04 1.137727957e+01 5.165084700e-03 7.973624790e+00 1.866536725e-03 7.973220100e+00 2.677989990e-02 6.673545201e+01
3.246492986e+04 1.138880190e+01 5.029080593e-03 7.985064627e+00 1.797646418e-03 7.973686691e+00 2.631330893e-02 6.672304898e+01
3.256513026e+04 1.140031733e+01 4.896528218e-03 7.996498556e+00 1.731207146e-03 7.974145179e+00 2.585482122e-02 6.671065336e+01
3.266533066e+04 1.141182595e+01 4.767343407e-03 8.007926661e+00 1.667134751e-03 7.974595703e+00 2.540429683e-02 6.669826505e+01
3.276553106e+04 1.142332783e+01 4.641444084e-03 8.019349021e+00 1.605348235e-03 7.975038402e+00 2.496159828e-02 6.668588396e+01
3.286573146e+04 1.143482307e+01 4.518750046e-03 8.030765710e+00 1.545769148e-03 7.975473410e+00 2.452659044e-02 6.667351002e+01
3.296593186e+04 1.144631173e+01 4.399183299e-03 8.042176804e+00 1.488322594e-03 7.975900859e+00 2.409914070e-02 6.666114314e+01
3.306613226e+04 1.145779389e+01 4.282667280e-03 8.053582372e+00 1.432935036e-03 7.976320882e+00 2.367911847e-02 6.664878324e+01
3.316633267e+04 1.146926962e+01 4.169127263e-03 8.064982484e+00 1.379535495e-03 7.976733605e+00 2.326639540e-02 6.663643025e+01
3.326653307e+04 1.148073899e+01 4.058490260e-03 8.076377206e+00 1.328055309e-03 7.977139155e+00 2.286084535e-02 6.662408408e+01
3.336673347e+04 1.149220208e+01 3.950685140e-03 8.087766602e+00 1.278428502e-03 7.977537656e+00 2.246234443e-02 6.661174467e+01
3.346693387e+04 1.150365895e+01 3.845642445e-03 8.099150736e+00 1.230591301e-03 7.977929229e+00 2.207077087e-02 6.659941195e+01
3.356713427e+04 1.151510966e+01 3.743294120e-03 8.110529667e+00 1.184481409e-03 7.978313995e+00 2.168600484e-02 6.658708583e+01
3.366733467e+04 1.152655429e+01 3.643573775e-03 8.121903454e+00 1.140038780e-03 7.978692071e+00 2.130792858e-02 6.657476626e+01
3.376753507e+04 1.153799290e+01 3.546416611e-03 8.133272154e+00 1.097205453e-03 7.979063574e+00 2.093642640e-02 6.656245316e+01
3.386773547e+04 1.154942555e+01 3.451759669e-03 8.144635821e+00 1.055926262e-03 7.979428615e+00 2.057138480e-02 6.655014648e+01
3.396793587e+04 1.156085229e+01 3.359540975e-03 8.155994507e+00 1.016146503e-03 7.979787308e+00 2.021269186e-02 6.653784613e+01
3.406813627e+04 1.157227320e+01 3.269700168e-03 8.167348266e+00 9.778137158e-04 7.980139762e+00 1.986023769e-02 6.652555207e+01
3.416833667e+04 1.158368832e+01 3.182178279e-03 8.178697146e+00 9.408771028e-04 7.980486086e+00 1.951391426e-02 6.651326422e+01
3.426853707e+04 1.159509772e+01 3.096917863e-03 8.190041195e+00 9.052879032e-04 7.980826385e+00 1.917361550e-02 6.650098254e+01
3.436873747e+04 1.160650145e+01 3.013863043e-03 8.201380459e+00 8.709995578e-04 7.981160763e+00 1.883923729e-02 6.648870695e+01
3.446893788e+04 1.161789956e+01 2.932958789e-03 8.212714985e+00 8.379657947e-04 7.981489323e+00 1.851067695e-02 6.647643741e+01
3.456913828e+04 1.162929211e+01 2.854151535e-03 8.224044815e+00 8.061423210e-04 7.981812166e+00 1.818783368e-02 6.646417385e+01
3.466933868e+04 1.164067914e+01 2.777388959e-03 8.235369992e+00 7.754862529e-04 7.982129392e+00 1.787060840e-02 6.645191623e+01
3.476953908e+04 1.165206072e+01 2.702620210e-03 8.246690556e+00 7.459567413e-04 7.982441096e+00 1.755890388e-02 6.643966448e+01
3.486973948e+04 1.166343688e+01 2.629795658e-03 8.258006546e+00 7.175143461e-04 7.982747375e+00 1.725262458e-02 6.642741856e+01
3.496993988e+04 1.167480768e+01 2.558866530e-03 8.269318000e+00 6.901201190e-04 7.983048324e+00 1.695167635e-02 6.641517842e+01
3.507014028e+04 1.168617316e+01 2.489785341e-03 8.280624956e+00 6.637367581e-04 7.983344033e+00 1.665596675e-02 6.640294400e+01
3.517034068e+04 1.169753338e+01 2.422505718e-03 8.291927449e+00 6.383281612e-04 7.983634595e+00 1.636540490e-02 6.639071525e+01
3.527054108e+04 1.170888836e+01 2.356982686e-03 8.303225513e+00 6.138601612e-04 7.983920098e+00 1.607990173e-02 6.637849213e+01
3.537074148e+04 1.172023817e+01 2.293172153e-03 8.314519184e+00 5.902992797e-04 7.984200630e+00 1.579936953e-02 6.636627459e+01
3.547094188e+04 1.173158283e+01 2.231030958e-03 8.325808492e+00 5.676128780e-04 7.984476278e+00 1.552372201e-02 6.635406259e+01
3.557114228e+04 1.174292240e+01 2.170517047e-03 8.337093471e+00 5.457695965e-04 7.984747126e+00 1.525287440e-02 6.634185608e+01
3.567134269e+04 1.175425692e+01 2.111589350e-03 8.348374150e+00 5.247390934e-04 7.985013257e+00 1.498674339e-02 6.632965502e+01
3.577154309e+04 1.176558641e+01 2.054208124e-03 8.359650556e+00 5.044928329e-04 7.985274753e+00 1.472524737e-02 6.631745936e+01
3.587174349e+04 1.177691093e+01 1.998334216e-03 8.370922718e+00 4.850024231e-04 7.985531694e+00 1.446830582e-02 6.630526907e+01
3.597194389e+04 1.178823051e+01 1.943929464e-03 8.382190664e+00 4.662405516e-04 7.985784160e+00 1.421583966e-02 6.629308410e+01
3.607214429e+04 1.179954519e+01 1.890956643e-03 8.393454418e+00 4.481808775e-04 7.986032229e+00 1.396777119e-02 6.628090442e+01
3.617234469e+04 1.181085500e+01 1.839379420e-03 8.404714006e+00 4.307979493e-04 7.986275976e+00 1.372402401e-02 6.626872998e+01
3.627254509e+04 1.182215998e+01 1.789162685e-03 8.415969459e+00 4.140679562e-04 7.986515477e+00 1.348452336e-02 6.625656074e+01
3.637274549e+04 1.183346017e+01 1.740271718e-03 8.427220799e+00 3.979668906e-04 7.986750805e+00 1.324919535e-02 6.624439668e+01
3.647294589e+04 1.184475560e+01 1.692672789e-03 8.438468050e+00 3.824718975e-04 7.986982032e+00 1.301796751e-02 6.623223775e+01
3.657314629e+04 1.185604630e+01 1.646332970e-03 8.449711237e+00 3.675608752e-04 7.987209231e+00 1.279076860e-02 6.622008392e+01
3.667334669e+04 1.186733230e+01 1.601220155e-03 8.460950381e+00 3.532125312e-04 7.987432471e+00 1.256752861e-02 6.620793516e+01
3.677354709e+04 1.187861364e+01 1.557303190e-03 8.472185495e+00 3.394066852e-04 7.987651821e+00 1.234817889e-02 6.619579143e+01
3.687374749e+04 1.188989035e+01 1.514551452e-03 8.483416602e+00 3.261233615e-04 7.987867348e+00 1.213265180e-02 6.618365269e+01
3.697394790e+04 1.190116245e+01 1.472935140e-03 8.494643716e+00 3.133434406e-04 7.988079119e+00 1.192088090e-02 6.617151893e+01
3.707414830e+04 1.191242997e+01 1.432425203e-03 8.505866858e+00 3.010485261e-04 7.988287199e+00 1.171280093e-02 6.615939009e+01
3.717434870e+04 1.192369296e+01 1.392993357e-03 8.517086051e+00 2.892209763e-04 7.988491652e+00 1.150834779e-02 6.614726617e+01
3.727454910e+04 1.193495142e+01 1.354611927e-03 8.528301311e+00 2.778435945e-04 7.988692542e+00 1.130745842e-02 6.613514711e+01
3.737474950e+04 1.194620539e+01 1.317253944e-03 8.539512654e+00 2.668998511e-04 7.988889929e+00 1.111007089e-02 6.612303291e+01
3.747494990e+04 1.195745490e+01 1.280893117e-03 8.550720101e+00 2.563738118e-04 7.989083876e+00 1.091612432e-02 6.611092352e+01
3.757515030e+04 1.196869998e+01 1.245503803e-03 8.561923673e+00 2.462501056e-04 7.989274441e+00 1.072555892e-02 6.609881892e+01
3.767535070e+04 1.197994065e+01 1.211060964e-03 8.573123390e+00 2.365138677e-04 7.989461684e+00 1.053831588e-02 6.608671908e+01
3.777555110e+04 1.199117693e+01 1.177540180e-03 8.584319273e+00 2.271507518e-04 7.989645663e+00 1.035433741e-02 6.607462397e+01
3.787575150e+04 1.200240886e+01 1.144917636e-03 8.595511327e+00 2.181469178e-04 7.989826433e+00 1.017356674e-02 6.606253358e+01
3.797595190e+04 1.201363644e+01 1.113170137e-03 8.606699537e+00 2.094890775e-04 7.990004052e+00 9.995948094e-03 6.605044787e+01
3.807615230e+04 1.202485971e+01 1.082275053e-03 8.617883945e+00 2.011643997e-04 7.990178573e+00 9.821426650e-03 6.603836682e+01
3.817635271e+04 1.203607868e+01 1.052210340e-03 8.629064559e+00 1.931605202e-04 7.990350051e+00 9.649948588e-03 6.602629041e+01
3.827655311e+04 1.204729339e+01 1.022954507e-03 8.640241390e+00 1.854655215e-04 7.990518539e+00 9.481461028e-03 6.601421860e+01
3.837675351e+04 1.205850385e+01 9.944865528e-04 8.651414455e+00 1.780678794e-04 7.990684088e+00 9.315911933e-03 6.600215139e+01
3.847695391e+04 1.206971008e+01 9.667860121e-04 8.662583764e+00 1.709564905e-04 7.990846750e+00 9.153250181e-03 6.599008874e+01
3.857715431e+04 1.208091211e+01 9.398328957e-04 8.673749330e+00 1.641206251e-04 7.991006575e+00 8.993425483e-03 6.597803064e+01
3.867735471e+04 1.209210996e+01 9.136082483e-04 8.684911163e+00 1.575503482e-04 7.991163611e+00 8.836389358e-03 6.596597706e+01
3.877755511e+04 1.210330363e+01 8.880928952e-04 8.696069275e+00 1.512355554e-04 7.991317907e+00 8.682092945e-03 6.595392798e+01
3.887775551e+04 1.211449316e+01 8.632677177e-04 8.707223676e+00 1.451661790e-04 7.991469513e+00 8.530487488e-03 6.594188338e+01
3.897795591e+04 1.212567856e+01 8.391158708e-04 8.718374377e+00 1.393338786e-04 7.991618472e+00 8.381528245e-03 6.592984324e+01
3.907815631e+04 1.213685986e+01 8.156180468e-04 8.729521389e+00 1.337284460e-04 7.991764834e+00 8.235166123e-03 6.591780754e+01
3.917835671e+04 1.214803706e+01 7.927587247e-04 8.740664719e+00 1.283425033e-04 7.991908641e+00 8.091358780e-03 6.590577627e+01
3.927855711e+04 1.215921019e+01 7.705200679e-04 8.751804379e+00 1.231669481e-04 7.992049940e+00 7.950059738e-03 6.589374940e+01
3.937875752e+04 1.217037927e+01 7.488860261e-04 8.762940377e+00 1.181939794e-04 7.992188774e+00 7.811225755e-03 6.588172691e+01
3.947895792e+04 1.218154430e+01 7.278408509e-04 8.774072723e+00 1.134160188e-04 7.992325186e+00 7.674814130e-03 6.586970879e+01
3.957915832e+04 1.219270531e+01 7.073683480e-04 8.785201425e+00 1.088251568e-04 7.992459219e+00 7.540781368e-03 6.585769502e+01
3.967935872e+04 1.220386232e+01 6.874550671e-04 8.796326490e+00 1.044153980e-04 7.992590911e+00 7.409089078e-03 6.584568559e+01
3.977955912e+04 1.221501533e+01 6.680847617e-04 8.807447928e+00 1.001788051e-04 7.992720306e+00 7.279693652e-03 6.583368046e+01
3.987975952e+04 1.222616437e+01 6.492429537e-04 8.818565747e+00 9.610868912e-05 7.992847445e+00 7.152554751e-03 6.582167964e+01
3.997995992e+04 1.223730945e+01 6.309155932e-04 8.829679955e+00 9.219861005e-05 7.992972367e+00 7.027632914e-03 6.580968310e+01
4.008016032e+04 1.224845059e+01 6.130890507e-04 8.840790558e+00 8.844236815e-05 7.993095110e+00 6.904889549e-03 6.579769083e+01
4.018036072e+04 1.225958779e+01 5.957506570e-04 8.851897563e+00 8.483456447e-05 7.993215712e+00 6.784287640e-03 6.578570281e+01
4.028056112e+04 1.227072108e+01 5.788881832e-04 8.863000978e+00 8.137006078e-05 7.993334209e+00 6.665791064e-03 6.577371902e+01
4.038076152e+04 1.228185046e+01 5.624879224e-04 8.874100810e+00 7.804248028e-05 7.993450639e+00 6.549361304e-03 6.576173946e+01
4.048096192e+04 1.229297595e+01 5.465378211e-04 8.885197065e+00 7.484671224e-05 7.993565037e+00 6.434962726e-03 6.574976411e+01
4.058116232e+04 1.230409757e+01 5.310267824e-04 8.896289748e+00 7.177835519e-05 7.993677439e+00 6.322561411e-03 6.573779296e+01
4.068136273e+04 1.231521531e+01 5.159436113e-04 8.907378867e+00 6.883287431e-05 7.993787877e+00 6.212123366e-03 6.572582599e+01
4.078156313e+04 1.232632921e+01 5.012754184e-04 8.918464428e+00 6.600436109e-05 7.993896388e+00 6.103611810e-03 6.571386318e+01
4.088176353e+04 1.233743927e+01 4.870120742e-04 8.929546435e+00 6.328901676e-05 7.994003005e+00 5.996994746e-03 6.570190453e+01
4.098196393e+04 1.234854549e+01 4.731429462e-04 8.940624896e+00 6.068260046e-05 7.994107761e+00 5.892239411e-03 6.568995003e+01
4.108216433e+04 1.235964790e+01 4.596574279e-04 8.951699815e+00 5.818082343e-05 7.994210687e+00 5.789313225e-03 6.567799965e+01
4.118236473e+04 1.237074651e+01 4.465447940e-04 8.962771199e+00 5.577922622e-05 7.994311816e+00 5.688183566e-03 6.566605339e+01
4.128256513e+04 1.238184132e+01 4.337953093e-04 8.973839052e+00 5.347412053e-05 7.994411181e+00 5.588819478e-03 6.565411124e+01
4.138276553e+04 1.239293235e+01 4.213992267e-04 8.984903379e+00 5.126173832e-05 7.994508810e+00 5.491190129e-03 6.564217319e+01
4.148296593e+04 1.240401960e+01 4.093469627e-04 8.995964186e+00 4.913836418e-05 7.994604735e+00 5.395265142e-03 6.563023921e+01
4.158316633e+04 1.241510309e+01 3.976292517e-04 9.007021478e+00 4.710049168e-05 7.994698985e+00 5.301014737e-03 6.561830931e+01
4.168336673e+04 1.242618284e+01 3.862371244e-04 9.018075259e+00 4.514480170e-05 7.994791590e+00 5.208409713e-03 6.560638347e+01
4.178356713e+04 1.243725883e+01 3.751618418e-04 9.029125535e+00 4.326809536e-05 7.994882579e+00 5.117421383e-03 6.559446169e+01
4.188376754e+04 1.244833110e+01 3.643948201e-04 9.040172308e+00 4.146723150e-05 7.994971979e+00 5.028021481e-03 6.558254394e+01
4.198396794e+04 1.245939965e+01 3.539276371e-04 9.051215585e+00 3.973913210e-05 7.995059818e+00 4.940182164e-03 6.557063022e+01
4.208416834e+04 1.247046448e+01 3.437523445e-04 9.062255369e+00 3.808105848e-05 7.995146124e+00 4.853876392e-03 6.555872052e+01
4.218436874e+04 1.248152561e+01 3.338611481e-04 9.073291664e+00 3.649032830e-05 7.995230922e+00 4.769077545e-03 6.554681483e+01
4.228456914e+04 1.249258304e+01 3.242464382e-04 9.084324475e+00 3.496434655e-05 7.995314241e+00 4.685759437e-03 6.553491315e+01
4.238476954e+04 1.250363679e+01 3.149002847e-04 9.095353805e+00 3.350018867e-05 7.995396104e+00 4.603895581e-03 6.552301545e+01
4.248496994e+04 1.251468685e+01 3.058157411e-04 9.106379659e+00 3.209567664e-05 7.995476539e+00 4.523461098e-03 6.551112174e+01
4.258517034e+04 1.252573325e+01 2.969858123e-04 9.117402039e+00 3.074852745e-05 7.995555569e+00 4.444431204e-03 6.549923200e+01
4.268537074e+04 1.253677599e+01 2.884037275e-04 9.128420951e+00 2.945657782e-05 7.995633218e+00 4.366781610e-03 6.548734623e+01
4.278557114e+04 1.254781507e+01 2.800623157e-04 9.139436397e+00 2.821729695e-05 7.995709512e+00 4.290487554e-03 6.547546441e+01
4.288577154e+04 1.255885051e+01 2.719551874e-04 9.150448382e+00 2.702870906e-05 7.995784474e+00 4.215525633e-03 6.546358654e+01
4.298597194e+04 1.256988231e+01 2.640761132e-04 9.161456907e+00 2.588890833e-05 7.995858127e+00 4.141872840e-03 6.545171261e+01
4.308617234e+04 1.258091049e+01 2.564189818e-04 9.172461978e+00 2.479602581e-05 7.995930493e+00 4.069506501e-03 6.543984261e+01
4.318637275e+04 1.259193503e+01 2.489776008e-04 9.183463597e+00 2.374808930e-05 7.996001596e+00 3.998403942e-03 6.542797654e+01
4.328657315e+04 1.260295597e+01 2.417458409e-04 9.194461768e+00 2.274312787e-05 7.996071457e+00 3.928542724e-03 6.541611438e+01
4.338677355e+04 1.261397329e+01 2.347182523e-04 9.205456494e+00 2.177961992e-05 7.996140098e+00 3.859901645e-03 6.540425613e+01
4.348697395e+04 1.262498701e+01 2.278893052e-04 9.216447777e+00 2.085594119e-05 7.996207540e+00 3.792459508e-03 6.539240178e+01
4.358717435e+04 1.263599714e+01 2.212535217e-04 9.227435622e+00 1.997046841e-05 7.996273805e+00 3.726195323e-03 6.538055133e+01
4.368737475e+04 1.264700368e+01 2.148052623e-04 9.238420031e+00 1.912143592e-05 7.996338912e+00 3.661087954e-03 6.536870476e+01
4.378757515e+04 1.265800663e+01 2.085396554e-04 9.249401007e+00 1.830755720e-05 7.996402882e+00 3.597117677e-03 6.535686207e+01
4.388777555e+04 1.266900602e+01 2.024517197e-04 9.260378552e+00 1.752743768e-05 7.996465735e+00 3.534264709e-03 6.534502326e+01
4.398797595e+04 1.268000183e+01 1.965366108e-04 9.271352671e+00 1.677973901e-05 7.996527490e+00 3.472509620e-03 6.533318831e+01
4.408817635e+04 1.269099408e+01 1.907896133e-04 9.282323365e+00 1.606317404e-05 7.996588167e+00 3.411833321e-03 6.532135722e+01
4.418837675e+04 1.270198277e+01 1.852061080e-04 9.293290637e+00 1.537649957e-05 7.996647783e+00 3.352216991e-03 6.530952999e+01
4.428857715e+04 1.271296791e+01 1.797815507e-04 9.304254490e+00 1.471851021e-05 7.996706358e+00 3.293642024e-03 6.529770660e+01
4.438877756e+04 1.272394951e+01 1.745115880e-04 9.315214927e+00 1.408804327e-05 7.996763910e+00 3.236090329e-03 6.528588706e+01
4.448897796e+04 1.273492756e+01 1.693919272e-04 9.326171950e+00 1.348396364e-05 7.996820456e+00 3.179544009e-03 6.527407135e+01
4.458917836e+04 1.274590209e+01 1.644183650e-04 9.337125562e+00 1.290516175e-05 7.996876015e+00 3.123985439e-03 6.526225946e+01
4.468937876e+04 1.275687308e+01 1.595867807e-04 9.348075765e+00 1.235054844e-05 7.996930603e+00 3.069397256e-03 6.525045141e+01
4.478957916e+04 1.276784055e+01 1.548933622e-04 9.359022562e+00 1.181923131e-05 7.996984237e+00 3.015762710e-03 6.523864717e+01
4.488977956e+04 1.277880450e+01 1.503345537e-04 9.369965956e+00 1.131047447e-05 7.997036934e+00 2.963065574e-03 6.522684674e+01
4.498997996e+04 1.278976494e+01 1.459063417e-04 9.380905948e+00 1.082314555e-05 7.997088711e+00 2.911289049e-03 6.521505012e+01
4.509018036e+04 1.280072187e+01 1.416050374e-04 9.391842541e+00 1.035632316e-05 7.997139583e+00 2.860416965e-03 6.520325730e+01
4.519038076e+04 1.281167530e+01 1.374270268e-04 9.402775737e+00 9.909103570e-06 7.997189567e+00 2.810433398e-03 6.519146828e+01
4.529058116e+04 1.282262522e+01 1.333687650e-04 9.413705540e+00 9.480597248e-06 7.997238677e+00 2.761322661e-03 6.517968304e+01
4.539078156e+04 1.283357166e+01 1.294271008e-04 9.424631951e+00 9.070172593e-06 7.997286930e+00 2.713069807e-03 6.516790160e+01
4.549098196e+04 1.284451461e+01 1.255990413e-04 9.435554972e+00 8.677279615e-06 7.997334340e+00 2.665660264e-03 6.515612393e+01
4.559118236e+04 1.285545407e+01 1.218811328e-04 9.446474605e+00 8.300987122e-06 7.997380921e+00 2.619078863e-03 6.514435004e+01
4.569138277e+04 1.286639005e+01 1.182702646e-04 9.457390854e+00 7.940585099e-06 7.997426689e+00 2.573311095e-03 6.513257992e+01
4.579158317e+04 1.287732256e+01 1.147634032e-04 9.468303719e+00 7.595386205e-06 7.997471657e+00 2.528342695e-03 6.512081356e+01
4.589178357e+04 1.288825160e+01 1.113575892e-04 9.479213205e+00 7.264724097e-06 7.997515840e+00 2.484159635e-03 6.510905097e+01
4.599198397e+04 1.289917717e+01 1.080500953e-04 9.490119311e+00 6.948075461e-06 7.997559252e+00 2.440748361e-03 6.509729214e+01
4.609218437e+04 1.291009927e+01 1.048382503e-04 9.501022040e+00 6.644925046e-06 7.997601904e+00 2.398095525e-03 6.508553705e+01
4.619238477e+04 1.292101792e+01 1.017192773e-04 9.511921395e+00 6.354641911e-06 7.997643812e+00 2.356187750e-03 6.507378572e+01
4.629258517e+04 1.293193312e+01 9.869057337e-05 9.522817376e+00 6.076695017e-06 7.997684988e+00 2.315012041e-03 6.506203813e+01
4.639278557e+04 1.294284486e+01 9.574960953e-05 9.533709987e+00 5.810577058e-06 7.997725444e+00 2.274555634e-03 6.505029428e+01
4.649298597e+04 1.295375316e+01 9.289392901e-05 9.544599230e+00 5.555803552e-06 7.997765194e+00 2.234805995e-03 6.503855416e+01
4.659318637e+04 1.296465801e+01 9.012112158e-05 9.555485105e+00 5.311899210e-06 7.997804249e+00 2.195750755e-03 6.502681777e+01
4.669338677e+04 1.297555943e+01 8.742885414e-05 9.566367617e+00 5.078414469e-06 7.997842622e+00 2.157377790e-03 6.501508512e+01
4.679358717e+04 1.298645741e+01 8.481487614e-05 9.577246766e+00 4.854928523e-06 7.997880325e+00 2.119675231e-03 6.500335618e+01
4.689378758e+04 1.299735196e+01 8.227698879e-05 9.588122555e+00 4.641032935e-06 7.997917369e+00 2.082631393e-03 6.499163097e+01
4.699398798e+04 1.300824308e+01 7.981305398e-05 9.598994986e+00 4.436336544e-06 7.997953765e+00 2.046234794e-03 6.497990946e+01
4.709418838e+04 1.301913078e+01 7.742099222e-05 9.609864061e+00 4.240464485e-06 7.997989526e+00 2.010474153e-03 6.496819168e+01
4.719438878e+04 1.303001506e+01 7.509875244e-05 9.620729780e+00 4.053033889e-06 7.998024662e+00 1.975338331e-03 6.495647759e+01
4.729458918e+04 1.304089592e+01 7.284435855e-05 9.631592144e+00 3.873693173e-06 7.998059184e+00 1.940816422e-03 6.494476722e+01
4.739478958e+04 1.305177336e+01 7.065589695e-05 9.642451156e+00 3.702112429e-06 7.998093102e+00 1.906897724e-03 6.493306054e+01
4.749498998e+04 1.306264739e+01 6.853149308e-05 9.653306818e+00 3.537964705e-06 7.998126428e+00 1.873571699e-03 6.492135756e+01
4.759519038e+04 1.307351801e+01 6.646931942e-05 9.664159130e+00 3.380933374e-06 7.998159172e+00 1.840827985e-03 6.490965828e+01
4.769539078e+04 1.308438523e+01 6.446759339e-05 9.675008095e+00 3.230711089e-06 7.998191344e+00 1.808656393e-03 6.489796268e+01
4.779559118e+04 1.309524904e+01 6.252457517e-05 9.685853713e+00 3.086998739e-06 7.998222953e+00 1.777046902e-03 6.488627077e+01
4.789579158e+04 1.310610946e+01 6.063866317e-05 9.696695992e+00 2.949567620e-06 7.998254010e+00 1.745989806e-03 6.487458255e+01
4.799599198e+04 1.311696648e+01 5.880819750e-05 9.707534933e+00 2.818132455e-06 7.998284525e+00 1.715475409e-03 6.486289800e+01
4.809619238e+04 1.312782012e+01 5.703157511e-05 9.718370539e+00 2.692426310e-06 7.998314506e+00 1.685494199e-03 6.485121713e+01
4.819639279e+04 1.313867038e+01 5.530724429e-05 9.729202812e+00 2.572197388e-06 7.998343963e+00 1.656036845e-03 6.483953993e+01
4.829659319e+04 1.314951725e+01 5.363369199e-05 9.740031757e+00 2.457201150e-06 7.998372906e+00 1.627094169e-03 6.482786640e+01
4.839679359e+04 1.316036075e+01 5.200944866e-05 9.750857370e+00 2.347203634e-06 7.998401343e+00 1.598657160e-03 6.481619654e+01
4.849699399e+04 1.317120084e+01 5.043312177e-05 9.761679628e+00 2.242003517e-06 7.998429283e+00 1.570717028e-03 6.480453035e+01
4.859719439e+04 1.318203756e+01 4.890335593e-05 9.772498568e+00 2.141409891e-06 7.998456735e+00 1.543265120e-03 6.479286781e+01
4.869739479e+04 1.319287091e+01 4.741881794e-05 9.783314177e+00 2.045229290e-06 7.998483707e+00 1.516292911e-03 6.478120893e+01
4.879759519e+04 1.320370089e+01 4.597820576e-05 9.794126459e+00 1.953271666e-06 7.998510208e+00 1.489792020e-03 6.476955371e+01
4.889779559e+04 1.321452750e+01 4.458026538e-05 9.804935415e+00 1.865359138e-06 7.998536246e+00 1.463754247e-03 6.475790214e+01
4.899799599e+04 1.322535074e+01 4.322376204e-05 9.815741051e+00 1.781314602e-06 7.998561829e+00 1.438171493e-03 6.474625422e+01
4.909819639e+04 1.323617062e+01 4.190750879e-05 9.826543363e+00 1.700974285e-06 7.998586964e+00 1.413035834e-03 6.473460994e+01
4.919839679e+04 1.324698713e+01 4.063033850e-05 9.837342356e+00 1.624177203e-06 7.998611661e+00 1.388339439e-03 6.472296931e+01
4.929859719e+04 1.325780029e+01 3.939110932e-05 9.848138030e+00 1.550768453e-06 7.998635925e+00 1.364074577e-03 6.471133232e+01
4.939879760e+04 1.326861009e+01 3.818874958e-05 9.858930388e+00 1.480607213e-06 7.998659766e+00 1.340233814e-03 6.469969896e+01
4.949899800e+04 1.327941654e+01 3.702223192e-05 9.869719431e+00 1.413560852e-06 7.998683190e+00 1.316809916e-03 6.468806924e+01
4.959919840e+04 1.329021964e+01 3.589061800e-05 9.880505160e+00 1.349514358e-06 7.998706204e+00 1.293796030e-03 6.467644315e+01
4.969939880e+04 1.330101939e+01 3.479274414e-05 9.891287578e+00 1.288308555e-06 7.998728816e+00 1.271184330e-03 6.466482070e+01
4.979959920e+04 1.331181580e+01 3.372754065e-05 9.902066685e+00 1.229802684e-06 7.998751033e+00 1.248967394e-03 6.465320187e+01
4.989979960e+04 1.332260886e+01 3.269424360e-05 9.912842484e+00 1.173914649e-06 7.998772861e+00 1.227139147e-03 6.464158666e+01
5.000000000e+04 1.333339858e+01 3.169199198e-05 9.923614976e+00 1.120543726e-06 7.998794307e+00 1.205693084e-03 6.462997507e+01
