time            Ap              Aq              Br              Bs              Cj              Ck             
0.000000000e+00 1.100000000e+01 0.000000000e+00 1.000000000e+01 0.000000000e+00 3.000000000e+00 0.000000000e+00
4.328657315e+02 4.403349684e+00 5.058214604e-01 5.264159239e+00 1.492320046e+00 1.264245002e+00 4.926641904e-01
8.657314629e+02 3.080408645e+00 8.072580297e-01 5.243166475e+00 2.684920709e+00 1.228037921e+00 9.290176214e-01
1.298597194e+03 2.131094139e+00 9.412156946e-01 5.164869968e+00 3.426408703e+00 1.458224817e+00 1.394581258e+00
1.731462926e+03 1.537060442e+00 9.994554113e-01 4.855954746e+00 3.721150870e+00 1.928199445e+00 1.980526730e+00
2.164328657e+03 1.233418736e+00 1.054811951e+00 4.280712961e+00 3.607912993e+00 2.603297636e+00 2.718830071e+00
2.597194389e+03 1.161138239e+00 1.164112997e+00 3.527211395e+00 3.197138552e+00 3.386877597e+00 3.549972357e+00
3.030060120e+03 1.293478807e+00 1.379913355e+00 2.757750322e+00 2.659054928e+00 4.103232982e+00 4.314495789e+00
3.462925852e+03 1.637588111e+00 1.757635198e+00 2.121422433e+00 2.159266923e+00 4.550128427e+00 4.808520597e+00
3.895791583e+03 2.212527647e+00 2.345030994e+00 1.693669711e+00 1.799953996e+00 4.588041179e+00 4.880121264e+00
4.328657315e+03 2.999631961e+00 3.142691072e+00 1.485663586e+00 1.618904568e+00 4.206442284e+00 4.507191137e+00
4.761523046e+03 3.883114887e+00 4.048448355e+00 1.489109700e+00 1.626936692e+00 3.538849816e+00 3.821600179e+00
5.194388778e+03 4.643417482e+00 4.846199853e+00 1.710021146e+00 1.841236660e+00 2.803955532e+00 3.051416655e+00
5.627254509e+03 5.045596978e+00 5.290148076e+00 2.173908383e+00 2.294011599e+00 2.192030225e+00 2.400053525e+00
6.060120240e+03 4.960863932e+00 5.233451370e+00 2.897337337e+00 3.008600423e+00 1.795038522e+00 1.968205408e+00
6.492985972e+03 4.432415611e+00 4.707328767e+00 3.828803378e+00 3.943015211e+00 1.628289246e+00 1.773354930e+00
6.925851703e+03 3.656055219e+00 3.908822648e+00 4.798410920e+00 4.935780494e+00 1.687474472e+00 1.809304128e+00
7.358717435e+03 2.877738699e+00 3.095036333e+00 5.547697174e+00 5.726146659e+00 1.984323412e+00 2.085040784e+00
7.791583166e+03 2.273291513e+00 2.453662747e+00 5.846500083e+00 6.067898027e+00 2.545785038e+00 2.626883214e+00
8.224448898e+03 1.909865665e+00 2.058093743e+00 5.606544867e+00 5.853431109e+00 3.375885094e+00 3.443240454e+00
8.657314629e+03 1.790850819e+00 1.912203091e+00 4.923148958e+00 5.168488136e+00 4.391817979e+00 4.461058396e+00
9.090180361e+03 1.912903533e+00 2.010216307e+00 4.031677753e+00 4.252574345e+00 5.386220124e+00 5.481174474e+00
9.523046092e+03 2.292393768e+00 2.366124497e+00 3.188888410e+00 3.374372647e+00 6.081841947e+00 6.221753323e+00
9.955911824e+03 2.954051168e+00 3.005383888e+00 2.560086023e+00 2.709800259e+00 6.260719828e+00 6.446055791e+00
1.038877756e+04 3.883084270e+00 3.919957383e+00 2.200060169e+00 2.318256353e+00 5.871995379e+00 6.083138846e+00
1.082164329e+04 4.961984842e+00 5.004145920e+00 2.106638300e+00 2.197009550e+00 5.058317905e+00 5.267565279e+00
1.125450902e+04 5.954805550e+00 6.029587631e+00 2.274761470e+00 2.338174036e+00 4.086335808e+00 4.272007170e+00
1.168737475e+04 6.588972223e+00 6.715938758e+00 2.716568475e+00 2.751735224e+00 3.210230441e+00 3.362938995e+00
1.212024048e+04 6.683895075e+00 6.861434138e+00 3.445496666e+00 3.452717143e+00 2.571452981e+00 2.691390834e+00
1.255310621e+04 6.230209023e+00 6.436865400e+00 4.432053837e+00 4.419454915e+00 2.202045922e+00 2.292900948e+00
1.298597194e+04 5.385571253e+00 5.593072070e+00 5.556646499e+00 5.544870259e+00 2.085063965e+00 2.149430211e+00
1.341883768e+04 4.397506913e+00 4.583828373e+00 6.607478383e+00 6.625889077e+00 2.204355814e+00 2.241792640e+00
1.385170341e+04 3.491078504e+00 3.645771174e+00 7.347680516e+00 7.420856594e+00 2.562447359e+00 2.569766292e+00
1.428456914e+04 2.794724921e+00 2.916635486e+00 7.607816226e+00 7.742195384e+00 3.171719483e+00 3.145445976e+00
1.471743487e+04 2.342754707e+00 2.434861765e+00 7.343016634e+00 7.524362819e+00 4.026004463e+00 3.967142042e+00
1.515030060e+04 2.120737891e+00 2.185939414e+00 6.640010845e+00 6.841919286e+00 5.063986661e+00 4.983631912e+00
1.558316633e+04 2.106967410e+00 2.145861963e+00 5.681981192e+00 5.877910496e+00 6.149532942e+00 6.071051141e+00
1.601603206e+04 2.292820136e+00 2.303102272e+00 4.679014509e+00 4.850602347e+00 7.094498507e+00 7.047956651e+00
1.644889780e+04 2.684706189e+00 2.661881897e+00 3.795371922e+00 3.934295407e+00 7.717547907e+00 7.727916705e+00
1.688176353e+04 3.292516017e+00 3.232142737e+00 3.116017258e+00 3.221165490e+00 7.901839837e+00 7.978528051e+00
1.731462926e+04 4.107886952e+00 4.009499878e+00 2.659666119e+00 2.733000003e+00 7.625222442e+00 7.759368974e+00
1.774749499e+04 5.079910938e+00 4.951598872e+00 2.411409607e+00 2.454701076e+00 6.961940849e+00 7.131786681e+00
1.818036072e+04 6.104210154e+00 5.964966961e+00 2.349856181e+00 2.362824265e+00 6.058280940e+00 6.238373990e+00
1.861322645e+04 7.039651010e+00 6.916510691e+00 2.460897882e+00 2.440476804e+00 5.084486090e+00 5.253647599e+00
1.904609218e+04 7.747429363e+00 7.667638734e+00 2.740256372e+00 2.680718438e+00 4.182086371e+00 4.327102523e+00
1.947895792e+04 8.129236099e+00 8.111587520e+00 3.188515175e+00 3.082395568e+00 3.434480575e+00 3.549592618e+00
1.991182365e+04 8.146770411e+00 8.196573384e+00 3.801365981e+00 3.641226331e+00 2.869435611e+00 2.953661485e+00
2.034468938e+04 7.822438205e+00 7.931734223e+00 4.558134637e+00 4.338963680e+00 2.479408188e+00 2.533679737e+00
2.077755511e+04 7.227979067e+00 7.379732943e+00 5.413576741e+00 5.135089845e+00 2.242431336e+00 2.267495904e+00
2.121042084e+04 6.464715391e+00 6.638508206e+00 6.298567648e+00 5.966265426e+00 2.135602178e+00 2.130787674e+00
2.164328657e+04 5.638813444e+00 5.815762964e+00 7.131483621e+00 6.755662689e+00 2.141062410e+00 2.103665912e+00
2.207615230e+04 4.838967958e+00 5.004595744e+00 7.835315695e+00 7.428290369e+00 2.247029370e+00 2.172073052e+00
2.250901804e+04 4.124198014e+00 4.269146776e+00 8.352203312e+00 7.924935487e+00 2.446164426e+00 2.326351056e+00
2.294188377e+04 3.523508256e+00 3.642804273e+00 8.650287495e+00 8.209684152e+00 2.732654714e+00 2.558434059e+00
2.337474950e+04 3.043124795e+00 3.134843660e+00 8.723434557e+00 8.270944951e+00 3.098807225e+00 2.858495480e+00
2.380761523e+04 2.675637496e+00 2.739583661e+00 8.587160812e+00 8.118649021e+00 3.531846878e+00 3.211723552e+00
2.424048096e+04 2.407485176e+00 2.444167424e+00 8.273349550e+00 7.779896493e+00 4.011755196e+00 3.596026762e+00
2.467334669e+04 2.223736858e+00 2.233698142e+00 7.824579159e+00 7.293825483e+00 4.511000836e+00 3.981537366e+00
2.510621242e+04 2.110525313e+00 2.093981943e+00 7.288098372e+00 6.705817985e+00 4.996613331e+00 4.332511934e+00
2.553907816e+04 2.055897386e+00 2.012614760e+00 6.709822373e+00 6.061516714e+00 5.434271891e+00 4.611601961e+00
2.597194389e+04 2.049768308e+00 1.979100994e+00 6.129287136e+00 5.401675435e+00 5.793331938e+00 4.785769732e+00
2.640480962e+04 2.083472503e+00 1.984497363e+00 5.576490434e+00 4.758818248e+00 6.051431036e+00 4.832638219e+00
2.683767535e+04 2.149238064e+00 2.020901132e+00 5.070939516e+00 4.156027494e+00 6.197545163e+00 4.745740293e+00
2.727054108e+04 2.239793663e+00 2.080984419e+00 4.622531764e+00 3.607461470e+00 6.232809769e+00 4.536841305e+00
2.770340681e+04 2.348213994e+00 2.157697867e+00 4.233539211e+00 3.119870254e+00 6.168907859e+00 4.233691617e+00
2.813627255e+04 2.467998047e+00 2.244197100e+00 3.900987424e+00 2.694453426e+00 6.024467720e+00 3.873086786e+00
2.856913828e+04 2.593273640e+00 2.333966848e+00 3.618909995e+00 2.328641422e+00 5.820647899e+00 3.491702136e+00
2.900200401e+04 2.718985817e+00 2.421049658e+00 3.380161275e+00 2.017590681e+00 5.577383068e+00 3.118647138e+00
2.943486974e+04 2.840976942e+00 2.500265627e+00 3.177650300e+00 1.755321979e+00 5.311231512e+00 2.772353602e+00
2.986773547e+04 2.955955050e+00 2.567351105e+00 3.005019229e+00 1.535520032e+00 5.034817895e+00 2.461531599e+00
3.030060120e+04 3.061402911e+00 2.619010552e+00 2.856898733e+00 1.352055356e+00 4.757254886e+00 2.188121995e+00
3.073346693e+04 3.155480918e+00 2.652917768e+00 2.728905705e+00 1.199295049e+00 4.484898800e+00 1.950300629e+00
3.116633267e+04 3.236949041e+00 2.667704073e+00 2.617520670e+00 1.072258376e+00 4.222063506e+00 1.744622997e+00
3.159919840e+04 3.305108141e+00 2.662948385e+00 2.519931740e+00 9.666624579e-01 3.971569866e+00 1.567242541e+00
3.203206413e+04 3.359750179e+00 2.639159776e+00 2.433887996e+00 8.788961670e-01 3.735137773e+00 1.414477327e+00
3.246492986e+04 3.401106274e+00 2.597729056e+00 2.357577481e+00 8.059536324e-01 3.513664554e+00 1.283014309e+00
3.289779559e+04 3.429785305e+00 2.540825356e+00 2.289531308e+00 7.453510068e-01 3.307429643e+00 1.169945811e+00
3.333066132e+04 3.446700294e+00 2.471225025e+00 2.228550158e+00 6.950420222e-01 3.116252404e+00 1.072742450e+00
3.376352705e+04 3.452984350e+00 2.392079348e+00 2.173648333e+00 6.533409629e-01 2.939618863e+00 9.892095220e-01
3.419639279e+04 3.449901749e+00 2.306647991e+00 2.124010982e+00 6.188566295e-01 2.776785853e+00 9.174443847e-01
3.462925852e+04 3.438762143e+00 2.218038180e+00 2.078961034e+00 5.904378115e-01 2.626866758e+00 8.557995062e-01
3.506212425e+04 3.420846052e+00 2.128990306e+00 2.037933221e+00 5.671291742e-01 2.488900878e+00 8.028511299e-01
3.549498998e+04 3.397347764e+00 2.041738242e+00 2.000453348e+00 5.481358611e-01 2.361907527e+00 7.573722504e-01
3.592785571e+04 3.369338337e+00 1.957953265e+00 1.966121538e+00 5.327950750e-01 2.244925963e+00 7.183086809e-01
3.636072144e+04 3.337747765e+00 1.878761565e+00 1.934598581e+00 5.205531191e-01 2.137042689e+00 6.847574240e-01
3.679358717e+04 3.303362781e+00 1.804813493e+00 1.905594816e+00 5.109466853e-01 2.037408091e+00 6.559469470e-01
3.722645291e+04 3.266835537e+00 1.736379354e+00 1.878861105e+00 5.035874820e-01 1.945244646e+00 6.312192423e-01
3.765931864e+04 3.228698509e+00 1.673450248e+00 1.854181554e+00 4.981495175e-01 1.859848993e+00 6.100136644e-01
3.809218437e+04 3.189381911e+00 1.615829284e+00 1.831367697e+00 4.943585599e-01 1.780589839e+00 5.918525753e-01
3.852505010e+04 3.149231014e+00 1.563205856e+00 1.810253853e+00 4.919833913e-01 1.706903324e+00 5.763287751e-01
3.895791583e+04 3.108521903e+00 1.515211248e+00 1.790693433e+00 4.908285404e-01 1.638287175e+00 5.630946282e-01
3.939078156e+04 3.067475040e+00 1.471457192e+00 1.772556002e+00 4.907282709e-01 1.574294377e+00 5.518527752e-01
3.982364729e+04 3.026266496e+00 1.431560611e+00 1.755724899e+00 4.915416092e-01 1.514526942e+00 5.423482649e-01
4.025651303e+04 2.985036991e+00 1.395158097e+00 1.740095339e+00 4.931482565e-01 1.458630119e+00 5.343619416e-01
4.068937876e+04 2.943899177e+00 1.361913375e+00 1.725572833e+00 4.954451918e-01 1.406287097e+00 5.277048906e-01
4.112224449e+04 2.902943331e+00 1.331520099e+00 1.712071869e+00 4.983438749e-01 1.357214337e+00 5.222138012e-01
4.155511022e+04 2.862241813e+00 1.303701822e+00 1.699514856e+00 5.017679760e-01 1.311157467e+00 5.177471080e-01
4.198797595e+04 2.821852669e+00 1.278210531e+00 1.687831167e+00 5.056514416e-01 1.267887708e+00 5.141817418e-01
4.242084168e+04 2.781822362e+00 1.254824343e+00 1.676956368e+00 5.099369445e-01 1.227198800e+00 5.114104498e-01
4.285370741e+04 2.742188045e+00 1.233344945e+00 1.666831527e+00 5.145745522e-01 1.188904295e+00 5.093394943e-01
4.328657315e+04 2.702979298e+00 1.213595032e+00 1.657402628e+00 5.195206451e-01 1.152835253e+00 5.078867565e-01
4.371943888e+04 2.664219523e+00 1.195415957e+00 1.648620062e+00 5.247370158e-01 1.118838256e+00 5.069801502e-01
4.415230461e+04 2.625927107e+00 1.178665522e+00 1.640438172e+00 5.301900893e-01 1.086773641e+00 5.065562336e-01
4.458517034e+04 2.588116313e+00 1.163216062e+00 1.632814864e+00 5.358502905e-01 1.056514009e+00 5.065590747e-01
4.501803607e+04 2.550798026e+00 1.148952738e+00 1.625711257e+00 5.416914995e-01 1.027942899e+00 5.069392680e-01
4.545090180e+04 2.513980362e+00 1.135772033e+00 1.619091376e+00 5.476905844e-01 1.000953626e+00 5.076530835e-01
4.588376754e+04 2.477669157e+00 1.123580447e+00 1.612921882e+00 5.538270126e-01 9.754482800e-01 5.086617548e-01
4.631663327e+04 2.441868359e+00 1.112293383e+00 1.607171831e+00 5.600825210e-01 9.513368413e-01 5.099308700e-01
4.674949900e+04 2.406580362e+00 1.101834154e+00 1.601812461e+00 5.664408282e-01 9.285363977e-01 5.114298368e-01
4.718236473e+04 2.371806279e+00 1.092133114e+00 1.596816996e+00 5.728873851e-01 9.069704487e-01 5.131314183e-01
4.761523046e+04 2.337546162e+00 1.083126908e+00 1.592160479e+00 5.794091652e-01 8.865682965e-01 5.150113371e-01
4.804809619e+04 2.303799186e+00 1.074757817e+00 1.587819619e+00 5.859944821e-01 8.672645054e-01 5.170479326e-01
4.848096192e+04 2.270563801e+00 1.066973174e+00 1.583772649e+00 5.926328302e-01 8.489984159e-01 5.192218566e-01
4.891382766e+04 2.237837860e+00 1.059724858e+00 1.579999207e+00 5.993147462e-01 8.317137129e-01 5.215158105e-01
4.934669339e+04 2.205618716e+00 1.052968843e+00 1.576480223e+00 6.060316902e-01 8.153580441e-01 5.239143172e-01
4.977955912e+04 2.173903315e+00 1.046664808e+00 1.573197818e+00 6.127759412e-01 7.998826752e-01 5.264035192e-01
5.021242485e+04 2.142688264e+00 1.040775780e+00 1.570135214e+00 6.195405055e-01 7.852421793e-01 5.289710022e-01
5.064529058e+04 2.111969888e+00 1.035267823e+00 1.567276654e+00 6.263190358e-01 7.713941604e-01 5.316056383e-01
5.107815631e+04 2.081744286e+00 1.030109764e+00 1.564607319e+00 6.331057609e-01 7.582989960e-01 5.342974473e-01
5.151102204e+04 2.052007365e+00 1.025272931e+00 1.562113270e+00 6.398954215e-01 7.459196224e-01 5.370374755e-01
5.194388778e+04 2.022754880e+00 1.020730961e+00 1.559781381e+00 6.466832206e-01 7.342213169e-01 5.398176909e-01
5.237675351e+04 1.993982456e+00 1.016459572e+00 1.557599283e+00 6.534647705e-01 7.231715255e-01 5.426308856e-01
5.280961924e+04 1.965685610e+00 1.012436383e+00 1.555555314e+00 6.602360497e-01 7.127396920e-01 5.454705912e-01
5.324248497e+04 1.937859781e+00 1.008640785e+00 1.553638472e+00 6.669933686e-01 7.028970986e-01 5.483310046e-01
5.367535070e+04 1.910500340e+00 1.005053778e+00 1.551838371e+00 6.737333345e-01 6.936167277e-01 5.512069204e-01
5.410821643e+04 1.883602597e+00 1.001657823e+00 1.550145201e+00 6.804528184e-01 6.848731421e-01 5.540936694e-01
5.454108216e+04 1.857161823e+00 9.984367506e-01 1.548549692e+00 6.871489325e-01 6.766423683e-01 5.569870680e-01
5.497394790e+04 1.831173255e+00 9.953756432e-01 1.547043084e+00 6.938190051e-01 6.689017859e-01 5.598833687e-01
5.540681363e+04 1.805632098e+00 9.924607315e-01 1.545617090e+00 7.004605580e-01 6.616300323e-01 5.627792177e-01
5.583967936e+04 1.780533543e+00 9.896793148e-01 1.544263873e+00 7.070712900e-01 6.548069183e-01 5.656716171e-01
5.627254509e+04 1.755872761e+00 9.870196744e-01 1.542976020e+00 7.136490581e-01 6.484133430e-01 5.685578892e-01
5.670541082e+04 1.731644914e+00 9.844709964e-01 1.541746510e+00 7.201918628e-01 6.424312180e-01 5.714356463e-01
5.713827655e+04 1.707845161e+00 9.820233223e-01 1.540568705e+00 7.266978367e-01 6.368434039e-01 5.743027635e-01
5.757114228e+04 1.684468650e+00 9.796674485e-01 1.539436314e+00 7.331652272e-01 6.316336394e-01 5.771573520e-01
5.800400802e+04 1.661510532e+00 9.773949024e-01 1.538343384e+00 7.395923905e-01 6.267864868e-01 5.799977376e-01
5.843687375e+04 1.638965974e+00 9.751979452e-01 1.537284291e+00 7.459777900e-01 6.222872901e-01 5.828224453e-01
5.886973948e+04 1.616830112e+00 9.730693184e-01 1.536253688e+00 7.523199580e-01 6.181220995e-01 5.856301681e-01
5.930260521e+04 1.595098115e+00 9.710024605e-01 1.535246533e+00 7.586175258e-01 6.142776470e-01 5.884197648e-01
5.973547094e+04 1.573765158e+00 9.689913239e-01 1.534258051e+00 7.648691958e-01 6.107413003e-01 5.911902376e-01
6.016833667e+04 1.552826411e+00 9.670303275e-01 1.533283720e+00 7.710737337e-01 6.075010133e-01 5.939407181e-01
6.060120240e+04 1.532277065e+00 9.651143732e-01 1.532319265e+00 7.772299715e-01 6.045452962e-01 5.966704569e-01
6.103406814e+04 1.512112316e+00 9.632387888e-01 1.531360644e+00 7.833367982e-01 6.018631845e-01 5.993788127e-01
6.146693387e+04 1.492327374e+00 9.613993039e-01 1.530404037e+00 7.893931563e-01 5.994442048e-01 6.020652421e-01
6.189979960e+04 1.472917461e+00 9.595920201e-01 1.529445837e+00 7.953980381e-01 5.972783441e-01 6.047292898e-01
6.233266533e+04 1.453877815e+00 9.578133837e-01 1.528482637e+00 8.013504812e-01 5.953560228e-01 6.073705802e-01
6.276553106e+04 1.435203686e+00 9.560601641e-01 1.527511222e+00 8.072495664e-01 5.936680718e-01 6.099888109e-01
6.319839679e+04 1.416890345e+00 9.543294307e-01 1.526528563e+00 8.130944147e-01 5.922057075e-01 6.125837454e-01
6.363126253e+04 1.398933076e+00 9.526185278e-01 1.525531806e+00 8.188841842e-01 5.909605062e-01 6.151552054e-01
6.406412826e+04 1.381327183e+00 9.509250560e-01 1.524518263e+00 8.246180681e-01 5.899243842e-01 6.177030662e-01
6.449699399e+04 1.364067988e+00 9.492468576e-01 1.523485408e+00 8.302952930e-01 5.890895825e-01 6.202272519e-01
6.492985972e+04 1.347150834e+00 9.475820013e-01 1.522430870e+00 8.359151182e-01 5.884486514e-01 6.227277319e-01
6.536272545e+04 1.330571086e+00 9.459287656e-01 1.521352428e+00 8.414768333e-01 5.879944294e-01 6.252045154e-01
6.579559118e+04 1.314324129e+00 9.442856141e-01 1.520247997e+00 8.469797562e-01 5.877200266e-01 6.276576467e-01
6.622845691e+04 1.298405370e+00 9.426511950e-01 1.519115633e+00 8.524232333e-01 5.876188120e-01 6.300872028e-01
6.666132265e+04 1.282810243e+00 9.410243185e-01 1.517953518e+00 8.578066377e-01 5.876843963e-01 6.324932889e-01
6.709418838e+04 1.267534205e+00 9.394039466e-01 1.516759961e+00 8.631293681e-01 5.879106236e-01 6.348760367e-01
6.752705411e+04 1.252572738e+00 9.377891847e-01 1.515533391e+00 8.683908489e-01 5.882915574e-01 6.372356011e-01
6.795991984e+04 1.237921353e+00 9.361792685e-01 1.514272350e+00 8.735905295e-01 5.888214690e-01 6.395721580e-01
6.839278557e+04 1.223575587e+00 9.345735560e-01 1.512975492e+00 8.787278833e-01 5.894948287e-01 6.418859020e-01
6.882565130e+04 1.209531005e+00 9.329715158e-01 1.511641580e+00 8.838024078e-01 5.903062940e-01 6.441770446e-01
6.925851703e+04 1.195783202e+00 9.313727195e-01 1.510269473e+00 8.888136237e-01 5.912507009e-01 6.464458114e-01
6.969138277e+04 1.182327803e+00 9.297768337e-01 1.508858135e+00 8.937610752e-01 5.923230559e-01 6.486924416e-01
7.012424850e+04 1.169160466e+00 9.281836081e-01 1.507406619e+00 8.986443290e-01 5.935185234e-01 6.509171843e-01
7.055711423e+04 1.156276878e+00 9.265928775e-01 1.505914071e+00 9.034629752e-01 5.948324271e-01 6.531203006e-01
7.098997996e+04 1.143672760e+00 9.250045410e-01 1.504379722e+00 9.082166258e-01 5.962602289e-01 6.553020572e-01
7.142284569e+04 1.131343867e+00 9.234185731e-01 1.502802892e+00 9.129049164e-01 5.977975396e-01 6.574627312e-01
7.185571142e+04 1.119285988e+00 9.218349999e-01 1.501182976e+00 9.175275042e-01 5.994400943e-01 6.596026032e-01
7.228857715e+04 1.107494947e+00 9.202539100e-01 1.499519449e+00 9.220840698e-01 6.011837634e-01 6.617219614e-01
7.272144289e+04 1.095966604e+00 9.186754355e-01 1.497811862e+00 9.265743159e-01 6.030245328e-01 6.638210964e-01
7.315430862e+04 1.084696854e+00 9.170997572e-01 1.496059836e+00 9.309979680e-01 6.049585086e-01 6.659003033e-01
7.358717435e+04 1.073681630e+00 9.155270939e-01 1.494263061e+00 9.353547741e-01 6.069819065e-01 6.679598794e-01
7.402004008e+04 1.062916903e+00 9.139577005e-01 1.492421294e+00 9.396445049e-01 6.090910486e-01 6.700001235e-01
7.445290581e+04 1.052398682e+00 9.123918643e-01 1.490534355e+00 9.438669537e-01 6.112823599e-01 6.720213361e-01
7.488577154e+04 1.042123015e+00 9.108298987e-01 1.488602127e+00 9.480219364e-01 6.135523615e-01 6.740238174e-01
7.531863727e+04 1.032085989e+00 9.092721440e-01 1.486624551e+00 9.521092920e-01 6.158976708e-01 6.760078685e-01
7.575150301e+04 1.022283731e+00 9.077189587e-01 1.484601622e+00 9.561288820e-01 6.183149920e-01 6.779737888e-01
7.618436874e+04 1.012712408e+00 9.061707230e-01 1.482533394e+00 9.600805910e-01 6.208011199e-01 6.799218775e-01
7.661723447e+04 1.003368227e+00 9.046278288e-01 1.480419969e+00 9.639643264e-01 6.233529287e-01 6.818524315e-01
7.705010020e+04 9.942474384e-01 9.030906846e-01 1.478261502e+00 9.677800185e-01 6.259673767e-01 6.837657464e-01
7.748296593e+04 9.853463317e-01 9.015597057e-01 1.476058193e+00 9.715276208e-01 6.286414961e-01 6.856621150e-01
7.791583166e+04 9.766612389e-01 9.000353195e-01 1.473810291e+00 9.752071095e-01 6.313723975e-01 6.875418279e-01
7.834869739e+04 9.681885344e-01 8.985179554e-01 1.471518087e+00 9.788184839e-01 6.341572597e-01 6.894051720e-01
7.878156313e+04 9.599246343e-01 8.970080489e-01 1.469181914e+00 9.823617661e-01 6.369933328e-01 6.912524312e-01
7.921442886e+04 9.518659971e-01 8.955060385e-01 1.466802147e+00 9.858370013e-01 6.398779350e-01 6.930838858e-01
7.964729459e+04 9.440091246e-01 8.940123601e-01 1.464379197e+00 9.892442574e-01 6.428084465e-01 6.948998119e-01
8.008016032e+04 9.363505610e-01 8.925274536e-01 1.461913515e+00 9.925836250e-01 6.457823148e-01 6.967004822e-01
8.051302605e+04 9.288868940e-01 8.910517520e-01 1.459405584e+00 9.958552176e-01 6.487970443e-01 6.984861641e-01
8.094589178e+04 9.216147535e-01 8.895856875e-01 1.456855922e+00 9.990591711e-01 6.518502009e-01 7.002571211e-01
8.137875752e+04 9.145308122e-01 8.881296876e-01 1.454265080e+00 1.002195644e+00 6.549394081e-01 7.020136121e-01
8.181162325e+04 9.076317869e-01 8.866841724e-01 1.451633636e+00 1.005264817e+00 6.580623438e-01 7.037558906e-01
8.224448898e+04 9.009144374e-01 8.852495582e-01 1.448962200e+00 1.008266892e+00 6.612167425e-01 7.054842056e-01
8.267735471e+04 8.943755673e-01 8.838262507e-01 1.446251409e+00 1.011202096e+00 6.644003888e-01 7.071988006e-01
8.311022044e+04 8.880120207e-01 8.824146496e-01 1.443501925e+00 1.014070673e+00 6.676111213e-01 7.088999139e-01
8.354308617e+04 8.818206854e-01 8.810151447e-01 1.440714433e+00 1.016872893e+00 6.708468273e-01 7.105877785e-01
8.397595190e+04 8.757984928e-01 8.796281158e-01 1.437889644e+00 1.019609045e+00 6.741054433e-01 7.122626217e-01
8.440881764e+04 8.699424182e-01 8.782539343e-01 1.435028291e+00 1.022279439e+00 6.773849547e-01 7.139246655e-01
8.484168337e+04 8.642494784e-01 8.768929580e-01 1.432131124e+00 1.024884406e+00 6.806833911e-01 7.155741257e-01
8.527454910e+04 8.587167322e-01 8.755455353e-01 1.429198916e+00 1.027424298e+00 6.839988292e-01 7.172112128e-01
8.570741483e+04 8.533412792e-01 8.742120045e-01 1.426232457e+00 1.029899487e+00 6.873293913e-01 7.188361315e-01
8.614028056e+04 8.481202633e-01 8.728926886e-01 1.423232552e+00 1.032310364e+00 6.906732405e-01 7.204490801e-01
8.657314629e+04 8.430508686e-01 8.715879016e-01 1.420200024e+00 1.034657341e+00 6.940285851e-01 7.220502515e-01
8.700601202e+04 8.381303210e-01 8.702979450e-01 1.417135709e+00 1.036940848e+00 6.973936749e-01 7.236398327e-01
8.743887776e+04 8.333558880e-01 8.690231056e-01 1.414040458e+00 1.039161333e+00 7.007667992e-01 7.252180043e-01
8.787174349e+04 8.287248768e-01 8.677636610e-01 1.410915134e+00 1.041319263e+00 7.041462900e-01 7.267849413e-01
8.830460922e+04 8.242346362e-01 8.665198742e-01 1.407760610e+00 1.043415125e+00 7.075305175e-01 7.283408126e-01
8.873747495e+04 8.198825551e-01 8.652919953e-01 1.404577772e+00 1.045449419e+00 7.109178899e-01 7.298857810e-01
8.917034068e+04 8.156660606e-01 8.640802638e-01 1.401367512e+00 1.047422667e+00 7.143068563e-01 7.314200034e-01
8.960320641e+04 8.115826209e-01 8.628849046e-01 1.398130734e+00 1.049335404e+00 7.176959009e-01 7.329436308e-01
9.003607214e+04 8.076297428e-01 8.617061301e-01 1.394868345e+00 1.051188182e+00 7.210835451e-01 7.344568078e-01
9.046893788e+04 8.038049710e-01 8.605441419e-01 1.391581265e+00 1.052981569e+00 7.244683483e-01 7.359596737e-01
9.090180361e+04 8.001058894e-01 8.593991272e-01 1.388270413e+00 1.054716149e+00 7.278489037e-01 7.374523613e-01
9.133466934e+04 7.965301193e-01 8.582712617e-01 1.384936716e+00 1.056392519e+00 7.312238405e-01 7.389349978e-01
9.176753507e+04 7.930753193e-01 8.571607100e-01 1.381581107e+00 1.058011290e+00 7.345918237e-01 7.404077047e-01
9.220040080e+04 7.897391855e-01 8.560676225e-01 1.378204519e+00 1.059573090e+00 7.379515502e-01 7.418705972e-01
9.263326653e+04 7.865194507e-01 8.549921379e-01 1.374807886e+00 1.061078556e+00 7.413017508e-01 7.433237849e-01
9.306613226e+04 7.834138817e-01 8.539343859e-01 1.371392150e+00 1.062528339e+00 7.446411926e-01 7.447673721e-01
9.349899800e+04 7.804202829e-01 8.528944818e-01 1.367958247e+00 1.063923103e+00 7.479686722e-01 7.462014571e-01
9.393186373e+04 7.775364936e-01 8.518725299e-01 1.364507116e+00 1.065263524e+00 7.512830189e-01 7.476261324e-01
9.436472946e+04 7.747603876e-01 8.508686242e-01 1.361039697e+00 1.066550287e+00 7.545830945e-01 7.490414853e-01
9.479759519e+04 7.720898734e-01 8.498828489e-01 1.357556928e+00 1.067784088e+00 7.578677931e-01 7.504475980e-01
9.523046092e+04 7.695228934e-01 8.489152753e-01 1.354059743e+00 1.068965635e+00 7.611360377e-01 7.518445465e-01
9.566332665e+04 7.670574235e-01 8.479659649e-01 1.350549075e+00 1.070095642e+00 7.643867826e-01 7.532324020e-01
9.609619238e+04 7.646914698e-01 8.470349710e-01 1.347025858e+00 1.071174834e+00 7.676190138e-01 7.546112309e-01
9.652905812e+04 7.624230735e-01 8.461223351e-01 1.343491015e+00 1.072203945e+00 7.708317453e-01 7.559810939e-01
9.696192385e+04 7.602503067e-01 8.452280894e-01 1.339945470e+00 1.073183714e+00 7.740240206e-01 7.573420469e-01
9.739478958e+04 7.581712726e-01 8.443522571e-01 1.336390141e+00 1.074114890e+00 7.771949138e-01 7.586941409e-01
9.782765531e+04 7.561841055e-01 8.434948521e-01 1.332825942e+00 1.074998227e+00 7.803435284e-01 7.600374222e-01
9.826052104e+04 7.542869697e-01 8.426558794e-01 1.329253780e+00 1.075834486e+00 7.834689945e-01 7.613719321e-01
9.869338677e+04 7.524780596e-01 8.418353352e-01 1.325674555e+00 1.076624432e+00 7.865704709e-01 7.626977074e-01
9.912625251e+04 7.507555992e-01 8.410332078e-01 1.322089162e+00 1.077368837e+00 7.896471413e-01 7.640147809e-01
9.955911824e+04 7.491178409e-01 8.402494770e-01 1.318498487e+00 1.078068477e+00 7.926982191e-01 7.653231803e-01
9.999198397e+04 7.475630659e-01 8.394841147e-01 1.314903411e+00 1.078724131e+00 7.957229432e-01 7.666229292e-01
1.004248497e+05 7.460895839e-01 8.387370856e-01 1.311304805e+00 1.079336582e+00 7.987205815e-01 7.679140475e-01
1.008577154e+05 7.446957323e-01 8.380083471e-01 1.307703536e+00 1.079906618e+00 8.016904280e-01 7.691965506e-01
1.012905812e+05 7.433798753e-01 8.372978492e-01 1.304100457e+00 1.080435025e+00 8.046318008e-01 7.704704501e-01
1.017234469e+05 7.421404035e-01 8.366055353e-01 1.300496414e+00 1.080922595e+00 8.075440446e-01 7.717357538e-01
1.021563126e+05 7.409757320e-01 8.359313423e-01 1.296892246e+00 1.081370120e+00 8.104265295e-01 7.729924661e-01
1.025891784e+05 7.398843033e-01 8.352752007e-01 1.293288779e+00 1.081778393e+00 8.132786503e-01 7.742405875e-01
1.030220441e+05 7.388645843e-01 8.346370351e-01 1.289686831e+00 1.082148207e+00 8.160998269e-01 7.754801152e-01
1.034549098e+05 7.379150683e-01 8.340167639e-01 1.286087210e+00 1.082480356e+00 8.188895023e-01 7.767110431e-01
1.038877756e+05 7.370342722e-01 8.334143002e-01 1.282490713e+00 1.082775634e+00 8.216471437e-01 7.779333622e-01
1.043206413e+05 7.362207362e-01 8.328295518e-01 1.278898126e+00 1.083034833e+00 8.243722423e-01 7.791470599e-01
1.047535070e+05 7.354730241e-01 8.322624214e-01 1.275310224e+00 1.083258742e+00 8.270643122e-01 7.803521212e-01
1.051863727e+05 7.347897209e-01 8.317128061e-01 1.271727773e+00 1.083448154e+00 8.297228905e-01 7.815485282e-01
1.056192385e+05 7.341694359e-01 8.311805993e-01 1.268151523e+00 1.083603853e+00 8.323475367e-01 7.827362605e-01
1.060521042e+05 7.336107993e-01 8.306656893e-01 1.264582216e+00 1.083726625e+00 8.349378323e-01 7.839152949e-01
1.064849699e+05 7.331124675e-01 8.301679604e-01 1.261020583e+00 1.083817253e+00 8.374933834e-01 7.850856060e-01
1.069178357e+05 7.326731154e-01 8.296872926e-01 1.257467344e+00 1.083876514e+00 8.400138164e-01 7.862471660e-01
1.073507014e+05 7.322914391e-01 8.292235625e-01 1.253923203e+00 1.083905183e+00 8.424987791e-01 7.873999452e-01
1.077835671e+05 7.319661548e-01 8.287766427e-01 1.250388855e+00 1.083904031e+00 8.449479402e-01 7.885439118e-01
1.082164329e+05 7.316959969e-01 8.283464018e-01 1.246864980e+00 1.083873825e+00 8.473609878e-01 7.896790322e-01
1.086492986e+05 7.314797221e-01 8.279327058e-01 1.243352248e+00 1.083815326e+00 8.497376326e-01 7.908052711e-01
1.090821643e+05 7.313161052e-01 8.275354176e-01 1.239851314e+00 1.083729290e+00 8.520776044e-01 7.919225916e-01
1.095150301e+05 7.312039429e-01 8.271543964e-01 1.236362825e+00 1.083616470e+00 8.543806516e-01 7.930309554e-01
1.099478958e+05 7.311420477e-01 8.267894992e-01 1.232887410e+00 1.083477611e+00 8.566465429e-01 7.941303228e-01
1.103807615e+05 7.311292511e-01 8.264405805e-01 1.229425687e+00 1.083313452e+00 8.588750654e-01 7.952206530e-01
1.108136273e+05 7.311644032e-01 8.261074919e-01 1.225978262e+00 1.083124727e+00 8.610660270e-01 7.963019040e-01
1.112464930e+05 7.312463724e-01 8.257900828e-01 1.222545731e+00 1.082912163e+00 8.632192555e-01 7.973740327e-01
1.116793587e+05 7.313740436e-01 8.254882008e-01 1.219128673e+00 1.082676480e+00 8.653345947e-01 7.984369956e-01
1.121122244e+05 7.315463189e-01 8.252016913e-01 1.215727656e+00 1.082418391e+00 8.674119074e-01 7.994907481e-01
1.125450902e+05 7.317621188e-01 8.249303970e-01 1.212343233e+00 1.082138603e+00 8.694510694e-01 8.005352452e-01
1.129779559e+05 7.320203789e-01 8.246741600e-01 1.208975947e+00 1.081837813e+00 8.714519786e-01 8.015704415e-01
1.134108216e+05 7.323200517e-01 8.244328204e-01 1.205626326e+00 1.081516713e+00 8.734145479e-01 8.025962910e-01
1.138436874e+05 7.326601042e-01 8.242062166e-01 1.202294885e+00 1.081175986e+00 8.753387075e-01 8.036127478e-01
1.142765531e+05 7.330395186e-01 8.239941852e-01 1.198982128e+00 1.080816306e+00 8.772244038e-01 8.046197657e-01
1.147094188e+05 7.334572933e-01 8.237965625e-01 1.195688542e+00 1.080438340e+00 8.790715985e-01 8.056172986e-01
1.151422846e+05 7.339124410e-01 8.236131830e-01 1.192414605e+00 1.080042747e+00 8.808802694e-01 8.066053004e-01
1.155751503e+05 7.344039932e-01 8.234438802e-01 1.189160783e+00 1.079630176e+00 8.826504115e-01 8.075837251e-01
1.160080160e+05 7.349309913e-01 8.232884870e-01 1.185927527e+00 1.079201269e+00 8.843820329e-01 8.085525273e-01
1.164408818e+05 7.354924927e-01 8.231468352e-01 1.182715275e+00 1.078756658e+00 8.860751577e-01 8.095116618e-01
1.168737475e+05 7.360875691e-01 8.230187557e-01 1.179524452e+00 1.078296966e+00 8.877298230e-01 8.104610841e-01
1.173066132e+05 7.367153056e-01 8.229040788e-01 1.176355473e+00 1.077822807e+00 8.893460805e-01 8.114007500e-01
1.177394790e+05 7.373748012e-01 8.228026345e-01 1.173208738e+00 1.077334787e+00 8.909239963e-01 8.123306166e-01
1.181723447e+05 7.380651680e-01 8.227142521e-01 1.170084636e+00 1.076833502e+00 8.924636497e-01 8.132506412e-01
1.186052104e+05 7.387855314e-01 8.226387601e-01 1.166983541e+00 1.076319538e+00 8.939651333e-01 8.141607823e-01
1.190380762e+05 7.395350297e-01 8.225759874e-01 1.163905818e+00 1.075793472e+00 8.954285524e-01 8.150609993e-01
1.194709419e+05 7.403128135e-01 8.225257622e-01 1.160851818e+00 1.075255871e+00 8.968540249e-01 8.159512528e-01
1.199038076e+05 7.411180469e-01 8.224879125e-01 1.157821881e+00 1.074707295e+00 8.982416817e-01 8.168315043e-01
1.203366733e+05 7.419499059e-01 8.224622662e-01 1.154816332e+00 1.074148292e+00 8.995916654e-01 8.177017167e-01
1.207695391e+05 7.428075781e-01 8.224486512e-01 1.151835488e+00 1.073579399e+00 9.009041303e-01 8.185618544e-01
1.212024048e+05 7.436902636e-01 8.224468955e-01 1.148879652e+00 1.073001148e+00 9.021792422e-01 8.194118829e-01
1.216352705e+05 7.445971748e-01 8.224568268e-01 1.145949116e+00 1.072414057e+00 9.034171777e-01 8.202517690e-01
1.220681363e+05 7.455275349e-01 8.224782731e-01 1.143044159e+00 1.071818636e+00 9.046181247e-01 8.210814816e-01
1.225010020e+05 7.464805786e-01 8.225110629e-01 1.140165050e+00 1.071215385e+00 9.057822815e-01 8.219009909e-01
1.229338677e+05 7.474555529e-01 8.225550240e-01 1.137312046e+00 1.070604796e+00 9.069098568e-01 8.227102682e-01
1.233667335e+05 7.484517149e-01 8.226099853e-01 1.134485393e+00 1.069987350e+00 9.080010693e-01 8.235092874e-01
1.237995992e+05 7.494683328e-01 8.226757757e-01 1.131685326e+00 1.069363516e+00 9.090561470e-01 8.242980237e-01
1.242324649e+05 7.505046855e-01 8.227522249e-01 1.128912067e+00 1.068733756e+00 9.100753276e-01 8.250764546e-01
1.246653307e+05 7.515600634e-01 8.228391621e-01 1.126165831e+00 1.068098522e+00 9.110588582e-01 8.258445588e-01
1.250981964e+05 7.526337677e-01 8.229364173e-01 1.123446819e+00 1.067458257e+00 9.120069951e-01 8.266023169e-01
1.255310621e+05 7.537251087e-01 8.230438213e-01 1.120755223e+00 1.066813393e+00 9.129200023e-01 8.273497122e-01
1.259639279e+05 7.548334073e-01 8.231612053e-01 1.118091223e+00 1.066164353e+00 9.137981525e-01 8.280867299e-01
1.263967936e+05 7.559579946e-01 8.232884012e-01 1.115454989e+00 1.065511549e+00 9.146417263e-01 8.288133571e-01
1.268296593e+05 7.570982130e-01 8.234252401e-01 1.112846682e+00 1.064855387e+00 9.154510121e-01 8.295295818e-01
1.272625251e+05 7.582534130e-01 8.235715554e-01 1.110266452e+00 1.064196262e+00 9.162263058e-01 8.302353960e-01
1.276953908e+05 7.594229553e-01 8.237271806e-01 1.107714439e+00 1.063534558e+00 9.169679102e-01 8.309307932e-01
1.281282565e+05 7.606062101e-01 8.238919497e-01 1.105190773e+00 1.062870651e+00 9.176761352e-01 8.316157690e-01
1.285611222e+05 7.618025601e-01 8.240656971e-01 1.102695576e+00 1.062204909e+00 9.183512996e-01 8.322903207e-01
1.289939880e+05 7.630113952e-01 8.242482581e-01 1.100228959e+00 1.061537690e+00 9.189937269e-01 8.329544483e-01
1.294268537e+05 7.642321145e-01 8.244394691e-01 1.097791024e+00 1.060869341e+00 9.196037467e-01 8.336081543e-01
1.298597194e+05 7.654641267e-01 8.246391669e-01 1.095381866e+00 1.060200203e+00 9.201816948e-01 8.342514435e-01
1.302925852e+05 7.667068496e-01 8.248471891e-01 1.093001566e+00 1.059530607e+00 9.207279127e-01 8.348843225e-01
1.307254509e+05 7.679597100e-01 8.250633736e-01 1.090650198e+00 1.058860876e+00 9.212427468e-01 8.355067999e-01
1.311583166e+05 7.692221438e-01 8.252875600e-01 1.088327829e+00 1.058191323e+00 9.217265493e-01 8.361188876e-01
1.315911824e+05 7.704935955e-01 8.255195882e-01 1.086034516e+00 1.057522252e+00 9.221796771e-01 8.367205996e-01
1.320240481e+05 7.717735186e-01 8.257592991e-01 1.083770307e+00 1.056853961e+00 9.226024919e-01 8.373119520e-01
1.324569138e+05 7.730613769e-01 8.260065340e-01 1.081535243e+00 1.056186737e+00 9.229953605e-01 8.378929623e-01
1.328897796e+05 7.743566407e-01 8.262611355e-01 1.079329356e+00 1.055520860e+00 9.233586529e-01 8.384636519e-01
1.333226453e+05 7.756587893e-01 8.265229471e-01 1.077152670e+00 1.054856602e+00 9.236927432e-01 8.390240439e-01
1.337555110e+05 7.769673108e-01 8.267918131e-01 1.075005201e+00 1.054194226e+00 9.239980093e-01 8.395741639e-01
1.341883768e+05 7.782817029e-01 8.270675785e-01 1.072886957e+00 1.053533987e+00 9.242748350e-01 8.401140391e-01
1.346212425e+05 7.796014711e-01 8.273500894e-01 1.070797939e+00 1.052876134e+00 9.245236061e-01 8.406436995e-01
1.350541082e+05 7.809261286e-01 8.276391928e-01 1.068738142e+00 1.052220906e+00 9.247447110e-01 8.411631776e-01
1.354869739e+05 7.822551971e-01 8.279347368e-01 1.066707550e+00 1.051568535e+00 9.249385413e-01 8.416725082e-01
1.359198397e+05 7.835882066e-01 8.282365701e-01 1.064706143e+00 1.050919246e+00 9.251054917e-01 8.421717281e-01
1.363527054e+05 7.849246953e-01 8.285445425e-01 1.062733893e+00 1.050273255e+00 9.252459593e-01 8.426608758e-01
1.367855711e+05 7.862642093e-01 8.288585048e-01 1.060790765e+00 1.049630774e+00 9.253603436e-01 8.431399932e-01
1.372184369e+05 7.876063028e-01 8.291783088e-01 1.058876717e+00 1.048992004e+00 9.254490461e-01 8.436091238e-01
1.376513026e+05 7.889505376e-01 8.295038074e-01 1.056991701e+00 1.048357141e+00 9.255124703e-01 8.440683136e-01
1.380841683e+05 7.902964829e-01 8.298348538e-01 1.055135660e+00 1.047726375e+00 9.255510203e-01 8.445176097e-01
1.385170341e+05 7.916437161e-01 8.301713031e-01 1.053308533e+00 1.047099886e+00 9.255651026e-01 8.449570626e-01
1.389498998e+05 7.929918222e-01 8.305130109e-01 1.051510253e+00 1.046477849e+00 9.255551246e-01 8.453867246e-01
1.393827655e+05 7.943403934e-01 8.308598339e-01 1.049740745e+00 1.045860434e+00 9.255214945e-01 8.458066501e-01
1.398156313e+05 7.956890314e-01 8.312116297e-01 1.047999930e+00 1.045247802e+00 9.254646240e-01 8.462168949e-01
1.402484970e+05 7.970373450e-01 8.315682572e-01 1.046287724e+00 1.044640109e+00 9.253849251e-01 8.466175174e-01
1.406813627e+05 7.983849492e-01 8.319295761e-01 1.044604034e+00 1.044037504e+00 9.252828081e-01 8.470085781e-01
1.411142285e+05 7.997314672e-01 8.322954473e-01 1.042948764e+00 1.043440130e+00 9.251586853e-01 8.473901393e-01
1.415470942e+05 8.010765299e-01 8.326657325e-01 1.041321812e+00 1.042848125e+00 9.250129692e-01 8.477622652e-01
1.419799599e+05 8.024197755e-01 8.330402946e-01 1.039723072e+00 1.042261619e+00 9.248460740e-01 8.481250214e-01
1.424128257e+05 8.037608495e-01 8.334189977e-01 1.038152431e+00 1.041680739e+00 9.246584119e-01 8.484784762e-01
1.428456914e+05 8.050994048e-01 8.338017067e-01 1.036609773e+00 1.041105603e+00 9.244503960e-01 8.488226992e-01
1.432785571e+05 8.064351015e-01 8.341882878e-01 1.035094977e+00 1.040536326e+00 9.242224389e-01 8.491577621e-01
1.437114228e+05 8.077676046e-01 8.345786079e-01 1.033607911e+00 1.039973017e+00 9.239749494e-01 8.494837376e-01
1.441442886e+05 8.090965883e-01 8.349725352e-01 1.032148445e+00 1.039415780e+00 9.237083387e-01 8.498007009e-01
1.445771543e+05 8.104217334e-01 8.353699392e-01 1.030716442e+00 1.038864711e+00 9.234230165e-01 8.501087286e-01
1.450100200e+05 8.117427272e-01 8.357706900e-01 1.029311761e+00 1.038319906e+00 9.231193906e-01 8.504078988e-01
1.454428858e+05 8.130592650e-01 8.361746593e-01 1.027934258e+00 1.037781450e+00 9.227978706e-01 8.506982912e-01
1.458757515e+05 8.143710489e-01 8.365817196e-01 1.026583784e+00 1.037249429e+00 9.224588650e-01 8.509799865e-01
1.463086172e+05 8.156777868e-01 8.369917446e-01 1.025260186e+00 1.036723919e+00 9.221027776e-01 8.512530678e-01
1.467414830e+05 8.169791937e-01 8.374046090e-01 1.023963307e+00 1.036204995e+00 9.217300126e-01 8.515176191e-01
1.471743487e+05 8.182749917e-01 8.378201887e-01 1.022692986e+00 1.035692726e+00 9.213409725e-01 8.517737257e-01
1.476072144e+05 8.195649117e-01 8.382383609e-01 1.021449059e+00 1.035187176e+00 9.209360614e-01 8.520214742e-01
1.480400802e+05 8.208486887e-01 8.386590036e-01 1.020231359e+00 1.034688405e+00 9.205156777e-01 8.522609528e-01
1.484729459e+05 8.221260653e-01 8.390819961e-01 1.019039716e+00 1.034196471e+00 9.200802197e-01 8.524922506e-01
1.489058116e+05 8.233967912e-01 8.395072190e-01 1.017873955e+00 1.033711423e+00 9.196300837e-01 8.527154581e-01
1.493386774e+05 8.246606190e-01 8.399345536e-01 1.016733895e+00 1.033233312e+00 9.191656593e-01 8.529306669e-01
1.497715431e+05 8.259173096e-01 8.403638826e-01 1.015619354e+00 1.032762179e+00 9.186873364e-01 8.531379695e-01
1.502044088e+05 8.271666304e-01 8.407950898e-01 1.014530147e+00 1.032298067e+00 9.181955022e-01 8.533374597e-01
1.506372745e+05 8.284083548e-01 8.412280602e-01 1.013466086e+00 1.031841010e+00 9.176905411e-01 8.535292322e-01
1.510701403e+05 8.296422660e-01 8.416626801e-01 1.012426985e+00 1.031391041e+00 9.171728421e-01 8.537133824e-01
1.515030060e+05 8.308681491e-01 8.420988368e-01 1.011412648e+00 1.030948190e+00 9.166427832e-01 8.538900067e-01
1.519358717e+05 8.320857971e-01 8.425364188e-01 1.010422880e+00 1.030512481e+00 9.161007428e-01 8.540592026e-01
1.523687375e+05 8.332950092e-01 8.429753158e-01 1.009457485e+00 1.030083937e+00 9.155470965e-01 8.542210681e-01
1.528016032e+05 8.344955909e-01 8.434154188e-01 1.008516261e+00 1.029662577e+00 9.149822176e-01 8.543757021e-01
1.532344689e+05 8.356873540e-01 8.438566198e-01 1.007599007e+00 1.029248416e+00 9.144064764e-01 8.545232041e-01
1.536673347e+05 8.368701162e-01 8.442988122e-01 1.006705520e+00 1.028841467e+00 9.138202408e-01 8.546636742e-01
1.541002004e+05 8.380436980e-01 8.447418902e-01 1.005835588e+00 1.028441740e+00 9.132238694e-01 8.547972135e-01
1.545330661e+05 8.392079285e-01 8.451857495e-01 1.004989003e+00 1.028049241e+00 9.126177225e-01 8.549239232e-01
1.549659319e+05 8.403626417e-01 8.456302871e-01 1.004165552e+00 1.027663974e+00 9.120021556e-01 8.550439053e-01
1.553987976e+05 8.415076777e-01 8.460754008e-01 1.003365022e+00 1.027285940e+00 9.113775213e-01 8.551572620e-01
1.558316633e+05 8.426428837e-01 8.465209904e-01 1.002587200e+00 1.026915136e+00 9.107441734e-01 8.552640961e-01
1.562645291e+05 8.437681104e-01 8.469669562e-01 1.001831869e+00 1.026551560e+00 9.101024560e-01 8.553645105e-01
1.566973948e+05 8.448832149e-01 8.474132001e-01 1.001098811e+00 1.026195202e+00 9.094527123e-01 8.554586088e-01
1.571302605e+05 8.459880602e-01 8.478596252e-01 1.000387806e+00 1.025846055e+00 9.087952819e-01 8.555464945e-01
1.575631263e+05 8.470825147e-01 8.483061356e-01 9.996986325e-01 1.025504105e+00 9.081305013e-01 8.556282718e-01
1.579959920e+05 8.481664523e-01 8.487526370e-01 9.990310698e-01 1.025169340e+00 9.074587031e-01 8.557040446e-01
1.584288577e+05 8.492397524e-01 8.491990362e-01 9.983848944e-01 1.024841742e+00 9.067802164e-01 8.557739172e-01
1.588617234e+05 8.503022973e-01 8.496452409e-01 9.977598774e-01 1.024521293e+00 9.060953619e-01 8.558379943e-01
1.592945892e+05 8.513539773e-01 8.500911604e-01 9.971557940e-01 1.024207974e+00 9.054044615e-01 8.558963804e-01
1.597274549e+05 8.523946869e-01 8.505367053e-01 9.965724164e-01 1.023901761e+00 9.047078314e-01 8.559491799e-01
1.601603206e+05 8.534243256e-01 8.509817872e-01 9.960095156e-01 1.023602630e+00 9.040057834e-01 8.559964975e-01
1.605931864e+05 8.544427982e-01 8.514263197e-01 9.954668640e-01 1.023310553e+00 9.032986294e-01 8.560384371e-01
1.610260521e+05 8.554500142e-01 8.518702170e-01 9.949442304e-01 1.023025503e+00 9.025866730e-01 8.560751031e-01
1.614589178e+05 8.564458881e-01 8.523133948e-01 9.944413840e-01 1.022747448e+00 9.018702150e-01 8.561065996e-01
1.618917836e+05 8.574303390e-01 8.527557701e-01 9.939580931e-01 1.022476356e+00 9.011495521e-01 8.561330303e-01
1.623246493e+05 8.584032920e-01 8.531972610e-01 9.934941260e-01 1.022212195e+00 9.004249782e-01 8.561544995e-01
1.627575150e+05 8.593646757e-01 8.536377872e-01 9.930492502e-01 1.021954928e+00 8.996967821e-01 8.561711105e-01
1.631903808e+05 8.603144241e-01 8.540772695e-01 9.926232327e-01 1.021704520e+00 8.989652488e-01 8.561829664e-01
1.636232465e+05 8.612524756e-01 8.545156300e-01 9.922158406e-01 1.021460930e+00 8.982306592e-01 8.561901701e-01
1.640561122e+05 8.621787729e-01 8.549527919e-01 9.918268375e-01 1.021224121e+00 8.974932883e-01 8.561928247e-01
1.644889780e+05 8.630932635e-01 8.553886798e-01 9.914559894e-01 1.020994052e+00 8.967534081e-01 8.561910322e-01
1.649218437e+05 8.639958995e-01 8.558232197e-01 9.911030615e-01 1.020770681e+00 8.960112866e-01 8.561848947e-01
1.653547094e+05 8.648866372e-01 8.562563388e-01 9.907678185e-01 1.020553966e+00 8.952671866e-01 8.561745137e-01
1.657875752e+05 8.657654368e-01 8.566879661e-01 9.904500258e-01 1.020343858e+00 8.945213699e-01 8.561599894e-01
1.662204409e+05 8.666322633e-01 8.571180315e-01 9.901494479e-01 1.020140312e+00 8.937740917e-01 8.561414221e-01
1.666533066e+05 8.674870856e-01 8.575464665e-01 9.898658494e-01 1.019943281e+00 8.930256028e-01 8.561189117e-01
1.670861723e+05 8.683298768e-01 8.579732037e-01 9.895989949e-01 1.019752716e+00 8.922761505e-01 8.560925570e-01
1.675190381e+05 8.691606142e-01 8.583981767e-01 9.893486503e-01 1.019568570e+00 8.915259781e-01 8.560624571e-01
1.679519038e+05 8.699792788e-01 8.588213209e-01 9.891145814e-01 1.019390790e+00 8.907753245e-01 8.560287101e-01
1.683847695e+05 8.707858558e-01 8.592425728e-01 9.888965537e-01 1.019219325e+00 8.900244244e-01 8.559914130e-01
1.688176353e+05 8.715803340e-01 8.596618703e-01 9.886943337e-01 1.019054125e+00 8.892735086e-01 8.559506624e-01
1.692505010e+05 8.723627064e-01 8.600791525e-01 9.885076861e-01 1.018895134e+00 8.885228023e-01 8.559065546e-01
1.696833667e+05 8.731329696e-01 8.604943596e-01 9.883363773e-01 1.018742302e+00 8.877725274e-01 8.558591851e-01
1.701162325e+05 8.738911239e-01 8.609074334e-01 9.881801745e-01 1.018595572e+00 8.870229014e-01 8.558086483e-01
1.705490982e+05 8.746371732e-01 8.613183170e-01 9.880388451e-01 1.018454891e+00 8.862741376e-01 8.557550382e-01
1.709819639e+05 8.753711251e-01 8.617269550e-01 9.879121558e-01 1.018320201e+00 8.855264458e-01 8.556984474e-01
1.714148297e+05 8.760929905e-01 8.621332933e-01 9.877998744e-01 1.018191444e+00 8.847800314e-01 8.556389678e-01
1.718476954e+05 8.768027839e-01 8.625372789e-01 9.877017691e-01 1.018068564e+00 8.840350948e-01 8.555766907e-01
1.722805611e+05 8.775005232e-01 8.629388604e-01 9.876176087e-01 1.017951502e+00 8.832918328e-01 8.555117064e-01
1.727134269e+05 8.781862290e-01 8.633379872e-01 9.875471648e-01 1.017840200e+00 8.825504387e-01 8.554441048e-01
1.731462926e+05 8.788599253e-01 8.637346102e-01 9.874902093e-01 1.017734599e+00 8.818111013e-01 8.553739747e-01
1.735791583e+05 8.795216394e-01 8.641286818e-01 9.874465136e-01 1.017634639e+00 8.810740052e-01 8.553014039e-01
1.740120240e+05 8.801714015e-01 8.645201557e-01 9.874158510e-01 1.017540260e+00 8.803393310e-01 8.552264791e-01
1.744448898e+05 8.808092455e-01 8.649089865e-01 9.873979944e-01 1.017451402e+00 8.796072551e-01 8.551492864e-01
1.748777555e+05 8.814352081e-01 8.652951304e-01 9.873927179e-01 1.017368004e+00 8.788779502e-01 8.550699112e-01
1.753106212e+05 8.820493286e-01 8.656785448e-01 9.873997979e-01 1.017290006e+00 8.781515848e-01 8.549884374e-01
1.757434870e+05 8.826516491e-01 8.660591882e-01 9.874190111e-01 1.017217346e+00 8.774283234e-01 8.549049484e-01
1.761763527e+05 8.832422152e-01 8.664370210e-01 9.874501333e-01 1.017149961e+00 8.767083265e-01 8.548195260e-01
1.766092184e+05 8.838210754e-01 8.668120045e-01 9.874929406e-01 1.017087789e+00 8.759917506e-01 8.547322511e-01
1.770420842e+05 8.843882804e-01 8.671841015e-01 9.875472123e-01 1.017030766e+00 8.752787482e-01 8.546432037e-01
1.774749499e+05 8.849438838e-01 8.675532757e-01 9.876127273e-01 1.016978830e+00 8.745694679e-01 8.545524628e-01
1.779078156e+05 8.854879406e-01 8.679194923e-01 9.876892686e-01 1.016931918e+00 8.738640549e-01 8.544601068e-01
1.783406814e+05 8.860205078e-01 8.682827172e-01 9.877766219e-01 1.016889968e+00 8.731626505e-01 8.543662130e-01
1.787735471e+05 8.865416461e-01 8.686429182e-01 9.878745697e-01 1.016852916e+00 8.724653919e-01 8.542708573e-01
1.792064128e+05 8.870514180e-01 8.690000642e-01 9.879828983e-01 1.016820698e+00 8.717724125e-01 8.541741147e-01
1.796392786e+05 8.875498890e-01 8.693541252e-01 9.881013938e-01 1.016793252e+00 8.710838423e-01 8.540760592e-01
1.800721443e+05 8.880371277e-01 8.697050725e-01 9.882298423e-01 1.016770512e+00 8.703998081e-01 8.539767634e-01
1.805050100e+05 8.885132032e-01 8.700528786e-01 9.883680344e-01 1.016752415e+00 8.697204322e-01 8.538762994e-01
1.809378758e+05 8.889781871e-01 8.703975172e-01 9.885157608e-01 1.016738898e+00 8.690458338e-01 8.537747379e-01
1.813707415e+05 8.894321538e-01 8.707389633e-01 9.886728128e-01 1.016729897e+00 8.683761281e-01 8.536721485e-01
1.818036072e+05 8.898751793e-01 8.710771930e-01 9.888389819e-01 1.016725346e+00 8.677114263e-01 8.535685997e-01
1.822364729e+05 8.903073419e-01 8.714121838e-01 9.890140626e-01 1.016725183e+00 8.670518368e-01 8.534641589e-01
1.826693387e+05 8.907287218e-01 8.717439141e-01 9.891978499e-01 1.016729342e+00 8.663974640e-01 8.533588925e-01
1.831022044e+05 8.911394002e-01 8.720723636e-01 9.893901420e-01 1.016737759e+00 8.657484092e-01 8.532528659e-01
1.835350701e+05 8.915394583e-01 8.723975129e-01 9.895907414e-01 1.016750373e+00 8.651047703e-01 8.531461438e-01
1.839679359e+05 8.919289815e-01 8.727193441e-01 9.897994474e-01 1.016767118e+00 8.644666413e-01 8.530387892e-01
1.844008016e+05 8.923080558e-01 8.730378402e-01 9.900160634e-01 1.016787932e+00 8.638341131e-01 8.529308644e-01
1.848336673e+05 8.926767695e-01 8.733529854e-01 9.902403931e-01 1.016812751e+00 8.632072735e-01 8.528224302e-01
1.852665331e+05 8.930352146e-01 8.736647654e-01 9.904722388e-01 1.016841510e+00 8.625862078e-01 8.527135465e-01
1.856993988e+05 8.933834814e-01 8.739731666e-01 9.907114091e-01 1.016874145e+00 8.619709970e-01 8.526042721e-01
1.861322645e+05 8.937216629e-01 8.742781765e-01 9.909577123e-01 1.016910595e+00 8.613617194e-01 8.524946647e-01
1.865651303e+05 8.940498531e-01 8.745797839e-01 9.912109586e-01 1.016950795e+00 8.607584499e-01 8.523847810e-01
1.869979960e+05 8.943681467e-01 8.748779783e-01 9.914709603e-01 1.016994683e+00 8.601612592e-01 8.522746769e-01
1.874308617e+05 8.946766409e-01 8.751727507e-01 9.917375306e-01 1.017042196e+00 8.595702162e-01 8.521644068e-01
1.878637275e+05 8.949754336e-01 8.754640929e-01 9.920104844e-01 1.017093272e+00 8.589853863e-01 8.520540241e-01
1.882965932e+05 8.952646238e-01 8.757519978e-01 9.922896387e-01 1.017147848e+00 8.584068320e-01 8.519435813e-01
1.887294589e+05 8.955443117e-01 8.760364595e-01 9.925748130e-01 1.017205861e+00 8.578346137e-01 8.518331298e-01
1.891623246e+05 8.958145984e-01 8.763174728e-01 9.928658276e-01 1.017267251e+00 8.572687875e-01 8.517227198e-01
1.895951904e+05 8.960755859e-01 8.765950337e-01 9.931625050e-01 1.017331955e+00 8.567094074e-01 8.516124005e-01
1.900280561e+05 8.963273775e-01 8.768691392e-01 9.934646691e-01 1.017399911e+00 8.561565241e-01 8.515022202e-01
1.904609218e+05 8.965700780e-01 8.771397873e-01 9.937721449e-01 1.017471060e+00 8.556101858e-01 8.513922260e-01
1.908937876e+05 8.968037920e-01 8.774069768e-01 9.940847604e-01 1.017545339e+00 8.550704378e-01 8.512824641e-01
1.913266533e+05 8.970286253e-01 8.776707076e-01 9.944023452e-01 1.017622688e+00 8.545373228e-01 8.511729794e-01
1.917595190e+05 8.972446844e-01 8.779309806e-01 9.947247305e-01 1.017703047e+00 8.540108807e-01 8.510638160e-01
1.921923848e+05 8.974520765e-01 8.781877976e-01 9.950517496e-01 1.017786356e+00 8.534911488e-01 8.509550170e-01
1.926252505e+05 8.976509096e-01 8.784411610e-01 9.953832376e-01 1.017872555e+00 8.529781616e-01 8.508466246e-01
1.930581162e+05 8.978412919e-01 8.786910746e-01 9.957190313e-01 1.017961584e+00 8.524719513e-01 8.507386795e-01
1.934909820e+05 8.980233327e-01 8.789375428e-01 9.960589696e-01 1.018053386e+00 8.519725475e-01 8.506312220e-01
1.939238477e+05 8.981971413e-01 8.791805709e-01 9.964028932e-01 1.018147901e+00 8.514799771e-01 8.505242909e-01
1.943567134e+05 8.983628297e-01 8.794201651e-01 9.967506426e-01 1.018245070e+00 8.509942649e-01 8.504179244e-01
1.947895792e+05 8.985205078e-01 8.796563325e-01 9.971020626e-01 1.018344835e+00 8.505154330e-01 8.503121596e-01
1.952224449e+05 8.986702871e-01 8.798890809e-01 9.974569989e-01 1.018447140e+00 8.500435013e-01 8.502070324e-01
1.956553106e+05 8.988122794e-01 8.801184191e-01 9.978152992e-01 1.018551926e+00 8.495784873e-01 8.501025781e-01
1.960881764e+05 8.989465957e-01 8.803443565e-01 9.981768142e-01 1.018659136e+00 8.491204061e-01 8.499988309e-01
1.965210421e+05 8.990733467e-01 8.805669033e-01 9.985413978e-01 1.018768715e+00 8.486692705e-01 8.498958243e-01
1.969539078e+05 8.991926450e-01 8.807860706e-01 9.989089032e-01 1.018880607e+00 8.482250913e-01 8.497935906e-01
1.973867735e+05 8.993046025e-01 8.810018702e-01 9.992791868e-01 1.018994756e+00 8.477878771e-01 8.496921612e-01
1.978196393e+05 8.994093310e-01 8.812143146e-01 9.996521072e-01 1.019111106e+00 8.473576341e-01 8.495915668e-01
1.982525050e+05 8.995069479e-01 8.814234173e-01 1.000027518e+00 1.019229602e+00 8.469343674e-01 8.494918365e-01
1.986853707e+05 8.995975658e-01 8.816291923e-01 1.000405282e+00 1.019350189e+00 8.465180793e-01 8.493929992e-01
1.991182365e+05 8.996812980e-01 8.818316544e-01 1.000785261e+00 1.019472814e+00 8.461087704e-01 8.492950825e-01
1.995511022e+05 8.997582589e-01 8.820308190e-01 1.001167318e+00 1.019597421e+00 8.457064390e-01 8.491981135e-01
1.999839679e+05 8.998285601e-01 8.822267021e-01 1.001551323e+00 1.019723959e+00 8.453110810e-01 8.491021182e-01
2.004168337e+05 8.998922934e-01 8.824193192e-01 1.001937169e+00 1.019852381e+00 8.449226849e-01 8.490071244e-01
2.008496994e+05 8.999496008e-01 8.826086897e-01 1.002324697e+00 1.019982623e+00 8.445412564e-01 8.489131526e-01
2.012825651e+05 9.000005859e-01 8.827948304e-01 1.002713783e+00 1.020114641e+00 8.441667752e-01 8.488202285e-01
2.017154309e+05 9.000453590e-01 8.829777602e-01 1.003104310e+00 1.020248382e+00 8.437992342e-01 8.487283745e-01
2.021482966e+05 9.000840330e-01 8.831574985e-01 1.003496154e+00 1.020383793e+00 8.434386225e-01 8.486376122e-01
2.025811623e+05 9.001167203e-01 8.833340649e-01 1.003889192e+00 1.020520826e+00 8.430849230e-01 8.485479631e-01
2.030140281e+05 9.001435333e-01 8.835074796e-01 1.004283304e+00 1.020659430e+00 8.427381199e-01 8.484594475e-01
2.034468938e+05 9.001645834e-01 8.836777637e-01 1.004678372e+00 1.020799555e+00 8.423981959e-01 8.483720851e-01
2.038797595e+05 9.001799813e-01 8.838449394e-01 1.005074285e+00 1.020941153e+00 8.420651294e-01 8.482858934e-01
2.043126253e+05 9.001898387e-01 8.840090274e-01 1.005470924e+00 1.021084175e+00 8.417389026e-01 8.482008922e-01
2.047454910e+05 9.001942656e-01 8.841700512e-01 1.005868182e+00 1.021228572e+00 8.414194906e-01 8.481170975e-01
2.051783567e+05 9.001933726e-01 8.843280329e-01 1.006265945e+00 1.021374298e+00 8.411068716e-01 8.480345269e-01
2.056112224e+05 9.001872695e-01 8.844829963e-01 1.006664107e+00 1.021521304e+00 8.408010194e-01 8.479531959e-01
2.060440882e+05 9.001760655e-01 8.846349652e-01 1.007062561e+00 1.021669544e+00 8.405019073e-01 8.478731197e-01
2.064769539e+05 9.001598697e-01 8.847839639e-01 1.007461203e+00 1.021818972e+00 8.402095077e-01 8.477943129e-01
2.069098196e+05 9.001387904e-01 8.849300171e-01 1.007859930e+00 1.021969542e+00 8.399237906e-01 8.477167891e-01
2.073426854e+05 9.001129356e-01 8.850731500e-01 1.008258642e+00 1.022121209e+00 8.396447257e-01 8.476405616e-01
2.077755511e+05 9.000824114e-01 8.852133891e-01 1.008657244e+00 1.022273929e+00 8.393722780e-01 8.475656414e-01
2.082084168e+05 9.000473262e-01 8.853507590e-01 1.009055633e+00 1.022427656e+00 8.391064182e-01 8.474920422e-01
2.086412826e+05 9.000077868e-01 8.854852860e-01 1.009453713e+00 1.022582346e+00 8.388471121e-01 8.474197753e-01
2.090741483e+05 8.999638983e-01 8.856169967e-01 1.009851393e+00 1.022737957e+00 8.385943242e-01 8.473488514e-01
2.095070140e+05 8.999157652e-01 8.857459184e-01 1.010248580e+00 1.022894446e+00 8.383480173e-01 8.472792799e-01
2.099398798e+05 8.998634921e-01 8.858720790e-01 1.010645187e+00 1.023051770e+00 8.381081515e-01 8.472110694e-01
2.103727455e+05 8.998071826e-01 8.859955071e-01 1.011041129e+00 1.023209889e+00 8.378746854e-01 8.471442274e-01
2.108056112e+05 8.997469395e-01 8.861162289e-01 1.011436315e+00 1.023368760e+00 8.376475839e-01 8.470787640e-01
2.112384770e+05 8.996828649e-01 8.862342739e-01 1.011830664e+00 1.023528344e+00 8.374268029e-01 8.470146855e-01
2.116713427e+05 8.996150602e-01 8.863496713e-01 1.012224095e+00 1.023688600e+00 8.372122980e-01 8.469519975e-01
2.121042084e+05 8.995436260e-01 8.864624505e-01 1.012616530e+00 1.023849490e+00 8.370040249e-01 8.468907060e-01
2.125370741e+05 8.994686623e-01 8.865726388e-01 1.013007886e+00 1.024010972e+00 8.368019443e-01 8.468308186e-01
2.129699399e+05 8.993902683e-01 8.866802669e-01 1.013398087e+00 1.024173011e+00 8.366060080e-01 8.467723392e-01
2.134028056e+05 8.993085425e-01 8.867853644e-01 1.013787060e+00 1.024335566e+00 8.364161695e-01 8.467152720e-01
2.138356713e+05 8.992235823e-01 8.868879611e-01 1.014174731e+00 1.024498601e+00 8.362323823e-01 8.466596213e-01
2.142685371e+05 8.991354843e-01 8.869880865e-01 1.014561028e+00 1.024662078e+00 8.360546005e-01 8.466053913e-01
2.147014028e+05 8.990443446e-01 8.870857712e-01 1.014945879e+00 1.024825961e+00 8.358827748e-01 8.465525846e-01
2.151342685e+05 8.989502586e-01 8.871810455e-01 1.015329218e+00 1.024990215e+00 8.357168558e-01 8.465012038e-01
2.155671343e+05 8.988533200e-01 8.872739400e-01 1.015710977e+00 1.025154802e+00 8.355567943e-01 8.464512512e-01
2.160000000e+05 8.987536220e-01 8.873644850e-01 1.016091091e+00 1.025319689e+00 8.354025400e-01 8.464027283e-01
