time            Cj              Ck              shCj            shCk            CancelC        
0.000000000e+00 1.000000000e+00 0.000000000e+00 0.000000000e+00 0.000000000e+00 4.000000000e+01
8.657314629e+01 7.655548447e-01 2.104898700e-02 1.329432576e-07 2.357694507e-02 3.986095712e+01
1.731462926e+02 6.990793004e-01 4.009880237e-02 1.962103532e-06 4.524267121e-02 3.986381473e+01
2.597194389e+02 6.487218050e-01 5.786713471e-02 9.251135586e-06 6.535706946e-02 3.986354243e+01
3.462925852e+02 6.104940218e-01 7.488855635e-02 2.732102904e-05 8.411586111e-02 3.986080280e+01
4.328657315e+02 5.814108799e-01 9.157850146e-02 6.244056636e-05 1.016615252e-01 3.985607152e+01
5.194388778e+02 5.592402418e-01 1.082393433e-01 1.213474739e-04 1.181006494e-01 3.984969249e+01
6.060120240e+02 5.423147423e-01 1.250752907e-01 2.108717525e-04 1.335153211e-01 3.984191603e+01
6.925851703e+02 5.293905516e-01 1.422103064e-01 3.376410837e-04 1.479707383e-01 3.983292557e+01
7.791583166e+02 5.195411896e-01 1.597059552e-01 5.078542358e-04 1.615203792e-01 3.982285639e+01
8.657314629e+02 5.120779591e-01 1.775774902e-01 7.271114327e-04 1.742095442e-01 3.981180888e+01
9.523046092e+02 5.064901171e-01 1.958075436e-01 1.000292674e-03 1.860778082e-01 3.979985799e+01
1.038877756e+03 5.023999976e-01 2.143572567e-01 1.331476234e-03 1.971607217e-01 3.978706003e+01
1.125450902e+03 4.995292503e-01 2.331750206e-01 1.723890363e-03 2.074909893e-01 3.977345754e+01
1.212024048e+03 4.976734409e-01 2.522031056e-01 2.179893245e-03 2.170992842e-01 3.975908289e+01
1.298597194e+03 4.966829941e-01 2.713825011e-01 2.700975485e-03 2.260148007e-01 3.974396092e+01
1.385170341e+03 4.964488834e-01 2.906563106e-01 3.287780816e-03 2.342656218e-01 3.972811085e+01
1.471743487e+03 4.968919032e-01 3.099719965e-01 3.940141339e-03 2.418789570e-01 3.971154774e+01
1.558316633e+03 4.979546226e-01 3.292827516e-01 4.657123731e-03 2.488812885e-01 3.969428357e+01
1.644889780e+03 4.995953938e-01 3.485482047e-01 5.437083688e-03 2.552984541e-01 3.967632806e+01
1.731462926e+03 5.017839048e-01 3.677346401e-01 6.277726179e-03 2.611556873e-01 3.965768927e+01
1.818036072e+03 5.044979484e-01 3.868148886e-01 7.176169421e-03 2.664776302e-01 3.963837412e+01
1.904609218e+03 5.077208697e-01 4.057679855e-01 8.129010728e-03 2.712883283e-01 3.961838863e+01
1.991182365e+03 5.114399654e-01 4.245786957e-01 9.132392952e-03 2.756112178e-01 3.959773832e+01
2.077755511e+03 5.156451385e-01 4.432369532e-01 1.018207069e-02 2.794691074e-01 3.957642832e+01
2.164328657e+03 5.203280354e-01 4.617372798e-01 1.127347417e-02 2.828841600e-01 3.955446359e+01
2.250901804e+03 5.254814451e-01 4.800781930e-01 1.240177219e-02 2.858778759e-01 3.953184903e+01
2.337474950e+03 5.310988174e-01 4.982616444e-01 1.356193176e-02 2.884710786e-01 3.950858950e+01
2.424048096e+03 5.371740653e-01 5.162924977e-01 1.474877423e-02 2.906839053e-01 3.948468997e+01
2.510621242e+03 5.437013954e-01 5.341780429e-01 1.595702903e-02 2.925358004e-01 3.946015556e+01
2.597194389e+03 5.506751735e-01 5.519275735e-01 1.718138257e-02 2.940455131e-01 3.943499152e+01
2.683767535e+03 5.580899305e-01 5.695520050e-01 1.841652404e-02 2.952310989e-01 3.940920332e+01
2.770340681e+03 5.659403504e-01 5.870635459e-01 1.965718721e-02 2.961099237e-01 3.938279663e+01
2.856913828e+03 5.742212710e-01 6.044754103e-01 2.089818856e-02 2.966986712e-01 3.935577733e+01
2.943486974e+03 5.829277551e-01 6.218015754e-01 2.213446195e-02 2.970133532e-01 3.932815154e+01
3.030060120e+03 5.920550875e-01 6.390565758e-01 2.336108908e-02 2.970693210e-01 3.929992559e+01
3.116633267e+03 6.015988528e-01 6.562553379e-01 2.457332610e-02 2.968812790e-01 3.927110607e+01
3.203206413e+03 6.115549532e-01 6.734130358e-01 2.576662756e-02 2.964633001e-01 3.924169978e+01
3.289779559e+03 6.219196580e-01 6.905449735e-01 2.693666731e-02 2.958288421e-01 3.921171372e+01
3.376352705e+03 6.326896317e-01 7.076665030e-01 2.807935397e-02 2.949907638e-01 3.918115514e+01
3.462925852e+03 6.438619739e-01 7.247929432e-01 2.919084653e-02 2.939613438e-01 3.915003149e+01
3.549498998e+03 6.554342133e-01 7.419395267e-01 3.026756481e-02 2.927522978e-01 3.911835038e+01
3.636072144e+03 6.674043793e-01 7.591213563e-01 3.130619883e-02 2.913747987e-01 3.908611966e+01
3.722645291e+03 6.797709693e-01 7.763533740e-01 3.230371439e-02 2.898394948e-01 3.905334733e+01
3.809218437e+03 6.925329844e-01 7.936503429e-01 3.325735662e-02 2.881565269e-01 3.902004159e+01
3.895791583e+03 7.056899176e-01 8.110268288e-01 3.416465233e-02 2.863355496e-01 3.898621076e+01
3.982364729e+03 7.192417846e-01 8.284971924e-01 3.502341013e-02 2.843857518e-01 3.895186335e+01
4.068937876e+03 7.331891003e-01 8.460755894e-01 3.583171769e-02 2.823158728e-01 3.891700799e+01
4.155511022e+03 7.475328861e-01 8.637759735e-01 3.658793799e-02 2.801342204e-01 3.888165342e+01
4.242084168e+03 7.622746647e-01 8.816120993e-01 3.729070440e-02 2.778486904e-01 3.884580854e+01
4.328657315e+03 7.774164559e-01 8.995975269e-01 3.793891531e-02 2.754667854e-01 3.880948234e+01
4.415230461e+03 7.929607665e-01 9.177456328e-01 3.853172592e-02 2.729956323e-01 3.877268388e+01
4.501803607e+03 8.089105851e-01 9.360696185e-01 3.906854038e-02 2.704420002e-01 3.873542234e+01
4.588376754e+03 8.252693711e-01 9.545825225e-01 3.954900250e-02 2.678123170e-01 3.869770695e+01
4.674949900e+03 8.420410429e-01 9.732972343e-01 3.997298438e-02 2.651126857e-01 3.865954702e+01
4.761523046e+03 8.592299692e-01 9.922265039e-01 4.034057683e-02 2.623489013e-01 3.862095189e+01
4.848096192e+03 8.768409580e-01 1.011382955e+00 4.065207842e-02 2.595264660e-01 3.858193096e+01
4.934669339e+03 8.948792446e-01 1.030779095e+00 4.090798322e-02 2.566506049e-01 3.854249364e+01
5.021242485e+03 9.133504811e-01 1.050427331e+00 4.110896896e-02 2.537262798e-01 3.850264937e+01
5.107815631e+03 9.322607255e-01 1.070339975e+00 4.125588664e-02 2.507582057e-01 3.846240757e+01
5.194388778e+03 9.516164291e-01 1.090529263e+00 4.134974576e-02 2.477508611e-01 3.842177769e+01
5.280961924e+03 9.714244265e-01 1.111007361e+00 4.139170450e-02 2.447085047e-01 3.838076912e+01
5.367535070e+03 9.916919234e-01 1.131786376e+00 4.138305482e-02 2.416351838e-01 3.833939125e+01
5.454108216e+03 1.012426487e+00 1.152878370e+00 4.132521267e-02 2.385347496e-01 3.829765342e+01
5.540681363e+03 1.033636033e+00 1.174295363e+00 4.121970455e-02 2.354108663e-01 3.825556492e+01
5.627254509e+03 1.055328818e+00 1.196049353e+00 4.106815451e-02 2.322670212e-01 3.821313495e+01
5.713827655e+03 1.077513424e+00 1.218152316e+00 4.087227264e-02 2.291065372e-01 3.817037267e+01
5.800400802e+03 1.100198763e+00 1.240616204e+00 4.063385309e-02 2.259325800e-01 3.812728713e+01
5.886973948e+03 1.123394051e+00 1.263452971e+00 4.035475133e-02 2.227481709e-01 3.808388729e+01
5.973547094e+03 1.147108789e+00 1.286674612e+00 4.003685735e-02 2.195561841e-01 3.804018199e+01
6.060120240e+03 1.171352778e+00 1.310293108e+00 3.968211461e-02 2.163593657e-01 3.799617995e+01
6.146693387e+03 1.196136134e+00 1.334320386e+00 3.929254269e-02 2.131603463e-01 3.795188979e+01
6.233266533e+03 1.221469214e+00 1.358768484e+00 3.887014705e-02 2.099616295e-01 3.790731997e+01
6.319839679e+03 1.247362623e+00 1.383649484e+00 3.841692033e-02 2.067656000e-01 3.786247875e+01
6.406412826e+03 1.273827258e+00 1.408975447e+00 3.793490701e-02 2.035745460e-01 3.781737430e+01
6.492985972e+03 1.300874253e+00 1.434758496e+00 3.742613363e-02 2.003906515e-01 3.777201458e+01
6.579559118e+03 1.328514972e+00 1.461010797e+00 3.689261760e-02 1.972160074e-01 3.772640737e+01
6.666132265e+03 1.356761017e+00 1.487744570e+00 3.633635896e-02 1.940526105e-01 3.768056028e+01
6.752705411e+03 1.385624190e+00 1.514972081e+00 3.575933664e-02 1.909023778e-01 3.763448072e+01
6.839278557e+03 1.415116554e+00 1.542705663e+00 3.516349690e-02 1.877671239e-01 3.758817587e+01
6.925851703e+03 1.445250381e+00 1.570957712e+00 3.455074975e-02 1.846485810e-01 3.754165270e+01
7.012424850e+03 1.476038135e+00 1.599740687e+00 3.392296497e-02 1.815484078e-01 3.749491795e+01
7.098997996e+03 1.507492473e+00 1.629067116e+00 3.328196649e-02 1.784681888e-01 3.744797815e+01
7.185571142e+03 1.539626240e+00 1.658949599e+00 3.262952792e-02 1.754094331e-01 3.740083957e+01
7.272144289e+03 1.572452467e+00 1.689400809e+00 3.196736871e-02 1.723735771e-01 3.735350826e+01
7.358717435e+03 1.605984367e+00 1.720433499e+00 3.129715283e-02 1.693619841e-01 3.730599002e+01
7.445290581e+03 1.640235325e+00 1.752060499e+00 3.062048174e-02 1.663759467e-01 3.725829039e+01
7.531863727e+03 1.675218888e+00 1.784294723e+00 2.993889396e-02 1.634166919e-01 3.721041462e+01
7.618436874e+03 1.710948771e+00 1.817149169e+00 2.925386324e-02 1.604853756e-01 3.716236775e+01
7.705010020e+03 1.747438840e+00 1.850636922e+00 2.856679678e-02 1.575830898e-01 3.711415453e+01
7.791583166e+03 1.784703085e+00 1.884771140e+00 2.787903377e-02 1.547108707e-01 3.706577941e+01
7.878156313e+03 1.822755708e+00 1.919565103e+00 2.719184384e-02 1.518696661e-01 3.701724664e+01
7.964729459e+03 1.861610983e+00 1.955032148e+00 2.650642747e-02 1.490603800e-01 3.696856015e+01
8.051302605e+03 1.901283278e+00 1.991185698e+00 2.582391643e-02 1.462838816e-01 3.691972354e+01
8.137875752e+03 1.941787228e+00 2.028039314e+00 2.514536895e-02 1.435409151e-01 3.687074026e+01
8.224448898e+03 1.983137519e+00 2.065606619e+00 2.447177646e-02 1.408321816e-01 3.682161344e+01
8.311022044e+03 2.025348818e+00 2.103901286e+00 2.380406902e-02 1.381584042e-01 3.677234582e+01
8.397595190e+03 2.068436127e+00 2.142937163e+00 2.314310232e-02 1.355201475e-01 3.672294007e+01
8.484168337e+03 2.112414477e+00 2.182728154e+00 2.248966389e-02 1.329179332e-01 3.667339850e+01
8.570741483e+03 2.157298889e+00 2.223288220e+00 2.184448246e-02 1.303522869e-01 3.662372308e+01
8.657314629e+03 2.203104615e+00 2.264631467e+00 2.120821677e-02 1.278236237e-01 3.657391560e+01
8.743887776e+03 2.249846941e+00 2.306772068e+00 2.058146879e-02 1.253323277e-01 3.652397758e+01
8.830460922e+03 2.297541247e+00 2.349724290e+00 1.996477839e-02 1.228787251e-01 3.647391026e+01
8.917034068e+03 2.346202994e+00 2.393502494e+00 1.935862706e-02 1.204630902e-01 3.642371465e+01
9.003607214e+03 2.395847700e+00 2.438121109e+00 1.876345328e-02 1.180856583e-01 3.637339155e+01
9.090180361e+03 2.446490980e+00 2.483594676e+00 1.817962403e-02 1.157466007e-01 3.632294144e+01
9.176753507e+03 2.498148501e+00 2.529937815e+00 1.760745837e-02 1.134460442e-01 3.627236461e+01
9.263326653e+03 2.550835988e+00 2.577165227e+00 1.704723028e-02 1.111840731e-01 3.622166108e+01
9.349899800e+03 2.604569216e+00 2.625291691e+00 1.649916689e-02 1.089607277e-01 3.617083070e+01
9.436472946e+03 2.659364002e+00 2.674332058e+00 1.596345530e-02 1.067760092e-01 3.611987309e+01
9.523046092e+03 2.715236202e+00 2.724301255e+00 1.544024007e-02 1.046298771e-01 3.606878767e+01
9.609619238e+03 2.772201705e+00 2.775214280e+00 1.492962714e-02 1.025222522e-01 3.601757368e+01
9.696192385e+03 2.830276431e+00 2.827086197e+00 1.443168326e-02 1.004530162e-01 3.596623014e+01
9.782765531e+03 2.889476319e+00 2.879932137e+00 1.394644205e-02 9.842201576e-02 3.591475589e+01
9.869338677e+03 2.949817310e+00 2.933767282e+00 1.347390671e-02 9.642906530e-02 3.586314963e+01
9.955911824e+03 3.011315364e+00 2.988606874e+00 1.301404783e-02 9.447394470e-02 3.581140984e+01
1.004248497e+04 3.073986434e+00 3.044466205e+00 1.256681084e-02 9.255640531e-02 3.575953492e+01
1.012905812e+04 3.137846449e+00 3.101360596e+00 1.213211780e-02 9.067617168e-02 3.570752305e+01
1.021563126e+04 3.202911335e+00 3.159305418e+00 1.170986479e-02 8.883293926e-02 3.565537233e+01
1.030220441e+04 3.269196996e+00 3.218316082e+00 1.129992756e-02 8.702637902e-02 3.560308073e+01
1.038877756e+04 3.336719262e+00 3.278407987e+00 1.090216624e-02 8.525614171e-02 3.555064605e+01
1.047535070e+04 3.405493949e+00 3.339596576e+00 1.051641995e-02 8.352185326e-02 3.549806601e+01
1.056192385e+04 3.475536849e+00 3.401897333e+00 1.014251191e-02 8.182311953e-02 3.544533832e+01
1.064849699e+04 3.546863623e+00 3.465325685e+00 9.780249205e-03 8.015952429e-02 3.539246047e+01
1.073507014e+04 3.619489873e+00 3.529897066e+00 9.429443402e-03 7.853065248e-02 3.533942992e+01
1.082164329e+04 3.693431137e+00 3.595626919e+00 9.089883860e-03 7.693606199e-02 3.528624408e+01
1.090821643e+04 3.768702867e+00 3.662530669e+00 8.761342220e-03 7.537528811e-02 3.523290033e+01
1.099478958e+04 3.845320379e+00 3.730623688e+00 8.443583576e-03 7.384785453e-02 3.517939592e+01
1.108136273e+04 3.923298852e+00 3.799921287e+00 8.136386487e-03 7.235329499e-02 3.512572808e+01
1.116793587e+04 4.002653378e+00 3.870438769e+00 7.839515229e-03 7.089112494e-02 3.507189406e+01
1.125450902e+04 4.083398898e+00 3.942191365e+00 7.552716236e-03 6.946083698e-02 3.501789107e+01
1.134108216e+04 4.165550180e+00 4.015194223e+00 7.275740568e-03 6.806192456e-02 3.496371629e+01
1.142765531e+04 4.249121806e+00 4.089462389e+00 7.008345387e-03 6.669388376e-02 3.490936687e+01
1.151422846e+04 4.334128217e+00 4.165010855e+00 6.750276902e-03 6.535619650e-02 3.485484002e+01
1.160080160e+04 4.420583633e+00 4.241854480e+00 6.501286158e-03 6.404834613e-02 3.480013295e+01
1.168737475e+04 4.508502061e+00 4.320008007e+00 6.261122905e-03 6.276981178e-02 3.474524288e+01
1.177394790e+04 4.597897295e+00 4.399486057e+00 6.029537078e-03 6.152006993e-02 3.469016707e+01
1.186052104e+04 4.688782885e+00 4.480303101e+00 5.806279392e-03 6.029859537e-02 3.463490282e+01
1.194709419e+04 4.781172116e+00 4.562473449e+00 5.591104041e-03 5.910486434e-02 3.457944746e+01
1.203366733e+04 4.875078019e+00 4.646011249e+00 5.383765954e-03 5.793835182e-02 3.452379842e+01
1.212024048e+04 4.970513339e+00 4.730930470e+00 5.184023135e-03 5.679853430e-02 3.446795316e+01
1.220681363e+04 5.067490484e+00 4.817244848e+00 4.991640789e-03 5.568489413e-02 3.441190919e+01
1.229338677e+04 5.166021605e+00 4.904967961e+00 4.806382406e-03 5.459691095e-02 3.435566416e+01
1.237995992e+04 5.266118497e+00 4.994113142e+00 4.628015062e-03 5.353406723e-02 3.429921581e+01
1.246653307e+04 5.367792546e+00 5.084693430e+00 4.456315431e-03 5.249585429e-02 3.424256188e+01
1.255310621e+04 5.471054856e+00 5.176721682e+00 4.291069576e-03 5.148177319e-02 3.418570032e+01
1.263967936e+04 5.575916095e+00 5.270210437e+00 4.132048353e-03 5.049130906e-02 3.412862912e+01
1.272625251e+04 5.682386547e+00 5.365171961e+00 3.979045099e-03 4.952397012e-02 3.407134643e+01
1.281282565e+04 5.790476076e+00 5.461618218e+00 3.831852089e-03 4.857926387e-02 3.401385050e+01
1.289939880e+04 5.900194111e+00 5.559560850e+00 3.690266214e-03 4.765670320e-02 3.395613969e+01
1.298597194e+04 6.011549629e+00 5.659011169e+00 3.554091554e-03 4.675580918e-02 3.389821254e+01
1.307254509e+04 6.124551132e+00 5.759980125e+00 3.423133943e-03 4.587610565e-02 3.384006770e+01
1.315911824e+04 6.239206633e+00 5.862478308e+00 3.297209182e-03 4.501712811e-02 3.378170397e+01
1.324569138e+04 6.355523650e+00 5.966515925e+00 3.176134079e-03 4.417841422e-02 3.372312031e+01
1.333226453e+04 6.473509172e+00 6.072102781e+00 3.059728988e-03 4.335950685e-02 3.366431581e+01
1.341883768e+04 6.593169658e+00 6.179248274e+00 2.947826885e-03 4.255996392e-02 3.360528977e+01
1.350541082e+04 6.714511019e+00 6.287961374e+00 2.840262485e-03 4.177934664e-02 3.354604161e+01
1.359198397e+04 6.837538546e+00 6.398250560e+00 2.736873351e-03 4.101722128e-02 3.348657094e+01
1.367855711e+04 6.962256981e+00 6.510123886e+00 2.637496800e-03 4.027315651e-02 3.342687754e+01
1.376513026e+04 7.088670469e+00 6.623588930e+00 2.541977764e-03 3.954673093e-02 3.336696138e+01
1.385170341e+04 7.216782499e+00 6.738652741e+00 2.450181557e-03 3.883754694e-02 3.330682260e+01
1.393827655e+04 7.346595942e+00 6.855321875e+00 2.361965688e-03 3.814520122e-02 3.324646155e+01
1.402484970e+04 7.478113016e+00 6.973602360e+00 2.277192576e-03 3.746929812e-02 3.318587873e+01
1.411142285e+04 7.611335252e+00 7.093499659e+00 2.195727694e-03 3.680944805e-02 3.312507488e+01
1.419799599e+04 7.746263516e+00 7.215018695e+00 2.117442586e-03 3.616527047e-02 3.306405088e+01
1.428456914e+04 7.882897969e+00 7.338163808e+00 2.042214817e-03 3.553639417e-02 3.300280786e+01
1.437114228e+04 8.021238051e+00 7.462938739e+00 1.969925039e-03 3.492245424e-02 3.294134711e+01
1.445771543e+04 8.161282496e+00 7.589346642e+00 1.900458837e-03 3.432309387e-02 3.287967014e+01
1.454428858e+04 8.303029285e+00 7.717390039e+00 1.833705674e-03 3.373796354e-02 3.281777866e+01
1.463086172e+04 8.446475640e+00 7.847070807e+00 1.769558614e-03 3.316672070e-02 3.275567458e+01
1.471743487e+04 8.591618047e+00 7.978390209e+00 1.707914832e-03 3.260903025e-02 3.269336002e+01
1.480400802e+04 8.738452217e+00 8.111348839e+00 1.648675918e-03 3.206456496e-02 3.263083731e+01
1.489058116e+04 8.886973068e+00 8.245946613e+00 1.591746956e-03 3.153300462e-02 3.256810897e+01
1.497715431e+04 9.037174723e+00 8.382182761e+00 1.537035556e-03 3.101403501e-02 3.250517774e+01
1.506372745e+04 9.189050481e+00 8.520055795e+00 1.484451985e-03 3.050734810e-02 3.244204651e+01
1.515030060e+04 9.342592848e+00 8.659563536e+00 1.433910840e-03 3.001264390e-02 3.237871845e+01
1.523687375e+04 9.497793581e+00 8.800703145e+00 1.385332050e-03 2.952963144e-02 3.231519699e+01
1.532344689e+04 9.654643510e+00 8.943470974e+00 1.338641742e-03 2.905802962e-02 3.225148559e+01
1.541002004e+04 9.813132695e+00 9.087862683e+00 1.293759075e-03 2.859755284e-02 3.218758800e+01
1.549659319e+04 9.973250348e+00 9.233873180e+00 1.250611909e-03 2.814792868e-02 3.212350818e+01
1.558316633e+04 1.013498487e+01 9.381496644e+00 1.209130928e-03 2.770889086e-02 3.205925027e+01
1.566973948e+04 1.029832385e+01 9.530726511e+00 1.169249052e-03 2.728017883e-02 3.199481859e+01
1.575631263e+04 1.046325404e+01 9.681555467e+00 1.130901955e-03 2.686153830e-02 3.193021766e+01
1.584288577e+04 1.062976126e+01 9.833975354e+00 1.094028111e-03 2.645272163e-02 3.186545221e+01
1.592945892e+04 1.079783055e+01 9.987977273e+00 1.058568263e-03 2.605348670e-02 3.180052713e+01
1.601603206e+04 1.096744612e+01 1.014355157e+01 1.024465411e-03 2.566359702e-02 3.173544750e+01
1.610260521e+04 1.113859137e+01 1.030068784e+01 9.916648373e-04 2.528282178e-02 3.167021857e+01
1.618917836e+04 1.131124885e+01 1.045937488e+01 9.601140554e-04 2.491093585e-02 3.160484576e+01
1.627575150e+04 1.148540032e+01 1.061960071e+01 9.297627334e-04 2.454771962e-02 3.153933467e+01
1.636232465e+04 1.166102669e+01 1.078135258e+01 9.005625883e-04 2.419295891e-02 3.147369103e+01
1.644889780e+04 1.183810806e+01 1.094461697e+01 8.724672347e-04 2.384644469e-02 3.140792077e+01
1.653547094e+04 1.201662376e+01 1.110937957e+01 8.454322330e-04 2.350797316e-02 3.134202995e+01
1.662204409e+04 1.219655230e+01 1.127562531e+01 8.194149051e-04 2.317734545e-02 3.127602477e+01
1.670861723e+04 1.237787145e+01 1.144333839e+01 7.943742997e-04 2.285436761e-02 3.120991158e+01
1.679519038e+04 1.256055818e+01 1.161250220e+01 7.702712638e-04 2.253885068e-02 3.114369688e+01
1.688176353e+04 1.274458871e+01 1.178309941e+01 7.470680591e-04 2.223061009e-02 3.107738726e+01
1.696833667e+04 1.292993854e+01 1.195511193e+01 7.247285211e-04 2.192946593e-02 3.101098945e+01
1.705490982e+04 1.311658246e+01 1.212852100e+01 7.032183098e-04 2.163524335e-02 3.094451036e+01
1.714148297e+04 1.330449456e+01 1.230330709e+01 6.825042280e-04 2.134777144e-02 3.087795695e+01
1.722805611e+04 1.349364815e+01 1.247944989e+01 6.625541203e-04 2.106688297e-02 3.081133615e+01
1.731462926e+04 1.368401594e+01 1.265692845e+01 6.433370706e-04 2.079241466e-02 3.074465513e+01
1.740120240e+04 1.387557005e+01 1.283572121e+01 6.248245613e-04 2.052420946e-02 3.067792126e+01
1.748777555e+04 1.406828187e+01 1.301580581e+01 6.069884781e-04 2.026211289e-02 3.061114180e+01
1.757434870e+04 1.426212218e+01 1.319715926e+01 5.898018903e-04 2.000597442e-02 3.054432415e+01
1.766092184e+04 1.445706123e+01 1.337975795e+01 5.732389738e-04 1.975564720e-02 3.047747577e+01
1.774749499e+04 1.465306870e+01 1.356357765e+01 5.572749548e-04 1.951098803e-02 3.041060416e+01
1.783406814e+04 1.485011372e+01 1.374859352e+01 5.418861356e-04 1.927185749e-02 3.034371690e+01
1.792064128e+04 1.504816485e+01 1.393478007e+01 5.270499117e-04 1.903812009e-02 3.027682158e+01
1.800721443e+04 1.524719035e+01 1.412211142e+01 5.127442625e-04 1.880964252e-02 3.020992586e+01
1.809378758e+04 1.544715778e+01 1.431056089e+01 4.989483236e-04 1.858629573e-02 3.014303747e+01
1.818036072e+04 1.564803416e+01 1.450010120e+01 4.856424198e-04 1.836795499e-02 3.007616390e+01
1.826693387e+04 1.584978644e+01 1.469070482e+01 4.728073294e-04 1.815449773e-02 3.000931313e+01
1.835350701e+04 1.605238100e+01 1.488234362e+01 4.604244250e-04 1.794580359e-02 2.994249278e+01
1.844008016e+04 1.625578385e+01 1.507498895e+01 4.484761510e-04 1.774175630e-02 2.987571049e+01
1.852665331e+04 1.645996070e+01 1.526861175e+01 4.369456499e-04 1.754224254e-02 2.980897401e+01
1.861322645e+04 1.666487698e+01 1.546318254e+01 4.258166797e-04 1.734715153e-02 2.974229102e+01
1.869979960e+04 1.687049783e+01 1.565867145e+01 4.150736714e-04 1.715637530e-02 2.967566916e+01
1.878637275e+04 1.707678814e+01 1.585504822e+01 4.047017356e-04 1.696980883e-02 2.960911607e+01
1.887294589e+04 1.728371260e+01 1.605228224e+01 3.946865483e-04 1.678734956e-02 2.954263932e+01
1.895951904e+04 1.749123573e+01 1.625034260e+01 3.850143311e-04 1.660889729e-02 2.947624653e+01
1.904609218e+04 1.769932172e+01 1.644919788e+01 3.756720979e-04 1.643435538e-02 2.940994497e+01
1.913266533e+04 1.790793489e+01 1.664881665e+01 3.666473260e-04 1.626362938e-02 2.934374242e+01
1.921923848e+04 1.811703929e+01 1.684916707e+01 3.579277436e-04 1.609662605e-02 2.927764599e+01
1.930581162e+04 1.832659898e+01 1.705021713e+01 3.495018215e-04 1.593325559e-02 2.921166305e+01
1.939238477e+04 1.853657797e+01 1.725193463e+01 3.413584234e-04 1.577343010e-02 2.914580082e+01
1.947895792e+04 1.874694026e+01 1.745428717e+01 3.334868664e-04 1.561706393e-02 2.908006643e+01
1.956553106e+04 1.895764983e+01 1.765724221e+01 3.258769194e-04 1.546407369e-02 2.901446692e+01
1.965210421e+04 1.916867074e+01 1.786076709e+01 3.185187192e-04 1.531437787e-02 2.894900926e+01
1.973867735e+04 1.937996708e+01 1.806482901e+01 3.114028914e-04 1.516789749e-02 2.888370029e+01
1.982525050e+04 1.959150307e+01 1.826939511e+01 3.045204142e-04 1.502455539e-02 2.881854678e+01
1.991182365e+04 1.980324308e+01 1.847443250e+01 2.978626301e-04 1.488427637e-02 2.875355536e+01
1.999839679e+04 2.001515162e+01 1.867990826e+01 2.914211862e-04 1.474698687e-02 2.868873257e+01
2.008496994e+04 2.022719340e+01 1.888578950e+01 2.851880697e-04 1.461261526e-02 2.862408480e+01
2.017154309e+04 2.043933331e+01 1.909204336e+01 2.791556145e-04 1.448109183e-02 2.855961835e+01
2.025811623e+04 2.065153649e+01 1.929863700e+01 2.733164568e-04 1.435234861e-02 2.849533939e+01
2.034468938e+04 2.086376830e+01 1.950553766e+01 2.676635430e-04 1.422631941e-02 2.843125393e+01
2.043126253e+04 2.107599442e+01 1.971271271e+01 2.621900721e-04 1.410293961e-02 2.836736790e+01
2.051783567e+04 2.128818079e+01 1.992012957e+01 2.568895466e-04 1.398214632e-02 2.830368705e+01
2.060440882e+04 2.150029372e+01 2.012775591e+01 2.517556905e-04 1.386387811e-02 2.824021702e+01
2.069098196e+04 2.171229984e+01 2.033555948e+01 2.467825058e-04 1.374807519e-02 2.817696329e+01
2.077755511e+04 2.192416615e+01 2.054350827e+01 2.419642118e-04 1.363467920e-02 2.811393121e+01
2.086412826e+04 2.213586007e+01 2.075157049e+01 2.372952550e-04 1.352363326e-02 2.805112597e+01
2.095070140e+04 2.234734938e+01 2.095971455e+01 2.327703113e-04 1.341488194e-02 2.798855264e+01
2.103727455e+04 2.255860228e+01 2.116790910e+01 2.283842797e-04 1.330837126e-02 2.792621611e+01
2.112384770e+04 2.276958743e+01 2.137612310e+01 2.241322585e-04 1.320404860e-02 2.786412112e+01
2.121042084e+04 2.298027397e+01 2.158432579e+01 2.200095248e-04 1.310186261e-02 2.780227229e+01
2.129699399e+04 2.319063148e+01 2.179248670e+01 2.160115111e-04 1.300176313e-02 2.774067407e+01
2.138356713e+04 2.340063010e+01 2.200057579e+01 2.121338113e-04 1.290370119e-02 2.767933075e+01
2.147014028e+04 2.361024038e+01 2.220856322e+01 2.083722615e-04 1.280762930e-02 2.761824648e+01
2.155671343e+04 2.381943347e+01 2.241641960e+01 2.047227937e-04 1.271350092e-02 2.755742524e+01
2.164328657e+04 2.402818097e+01 2.262411589e+01 2.011815565e-04 1.262127088e-02 2.749687086e+01
2.172985972e+04 2.423645506e+01 2.283162341e+01 1.977448618e-04 1.253089521e-02 2.743658700e+01
2.181643287e+04 2.444422845e+01 2.303891390e+01 1.944091361e-04 1.244233095e-02 2.737657721e+01
2.190300601e+04 2.465147442e+01 2.324595954e+01 1.911709035e-04 1.235553605e-02 2.731684487e+01
2.198957916e+04 2.485816682e+01 2.345273290e+01 1.880268470e-04 1.227046964e-02 2.725739321e+01
2.207615230e+04 2.506428008e+01 2.365920702e+01 1.849737248e-04 1.218709164e-02 2.719822529e+01
2.216272545e+04 2.526978920e+01 2.386535538e+01 1.820083997e-04 1.210536293e-02 2.713934403e+01
2.224929860e+04 2.547466977e+01 2.407115190e+01 1.791280692e-04 1.202524611e-02 2.708075219e+01
2.233587174e+04 2.567889798e+01 2.427657102e+01 1.763299503e-04 1.194670439e-02 2.702245236e+01
2.242244489e+04 2.588245063e+01 2.448158762e+01 1.736112217e-04 1.186970141e-02 2.696444705e+01
2.250901804e+04 2.608530513e+01 2.468617709e+01 1.709691334e-04 1.179420160e-02 2.690673858e+01
2.259559118e+04 2.628743949e+01 2.489031532e+01 1.684010969e-04 1.172017050e-02 2.684932916e+01
2.268216433e+04 2.648883229e+01 2.509397867e+01 1.659046312e-04 1.164757452e-02 2.679222080e+01
2.276873747e+04 2.668946278e+01 2.529714402e+01 1.634773068e-04 1.157638079e-02 2.673541543e+01
2.285531062e+04 2.688931075e+01 2.549978876e+01 1.611171572e-04 1.150655849e-02 2.667891478e+01
2.294188377e+04 2.708835665e+01 2.570189078e+01 1.588222089e-04 1.143807730e-02 2.662272044e+01
2.302845691e+04 2.728658154e+01 2.590342853e+01 1.565901268e-04 1.137090613e-02 2.656683396e+01
2.311503006e+04 2.748396710e+01 2.610438098e+01 1.544189700e-04 1.130501571e-02 2.651125671e+01
2.320160321e+04 2.768049559e+01 2.630472761e+01 1.523067741e-04 1.124037721e-02 2.645598991e+01
2.328817635e+04 2.787614987e+01 2.650444839e+01 1.502515832e-04 1.117696230e-02 2.640103464e+01
2.337474950e+04 2.807091343e+01 2.670352389e+01 1.482514873e-04 1.111474324e-02 2.634639187e+01
2.346132265e+04 2.826477035e+01 2.690193517e+01 1.463047300e-04 1.105369329e-02 2.629206250e+01
2.354789579e+04 2.845770531e+01 2.709966383e+01 1.444095422e-04 1.099378607e-02 2.623804726e+01
2.363446894e+04 2.864970356e+01 2.729669200e+01 1.425644379e-04 1.093499657e-02 2.618434675e+01
2.372104208e+04 2.884075097e+01 2.749300233e+01 1.407679662e-04 1.087730030e-02 2.613096150e+01
2.380761523e+04 2.903083395e+01 2.768857801e+01 1.390183120e-04 1.082067214e-02 2.607789189e+01
2.389418838e+04 2.921993952e+01 2.788340275e+01 1.373140502e-04 1.076508856e-02 2.602513823e+01
2.398076152e+04 2.940805526e+01 2.807746078e+01 1.356537876e-04 1.071052659e-02 2.597270067e+01
2.406733467e+04 2.959516928e+01 2.827073686e+01 1.340363890e-04 1.065696440e-02 2.592057930e+01
2.415390782e+04 2.978127030e+01 2.846321626e+01 1.324606318e-04 1.060438037e-02 2.586877408e+01
2.424048096e+04 2.996634755e+01 2.865488476e+01 1.309251006e-04 1.055275259e-02 2.581728491e+01
2.432705411e+04 3.015039082e+01 2.884572868e+01 1.294285846e-04 1.050206016e-02 2.576611158e+01
2.441362725e+04 3.033339043e+01 2.903573482e+01 1.279698902e-04 1.045228264e-02 2.571525378e+01
2.450020040e+04 3.051533719e+01 2.922489047e+01 1.265479275e-04 1.040340032e-02 2.566471109e+01
2.458677355e+04 3.069622249e+01 2.941318345e+01 1.251615275e-04 1.035539354e-02 2.561448305e+01
2.467334669e+04 3.087603816e+01 2.960060204e+01 1.238096143e-04 1.030824330e-02 2.556456908e+01
2.475991984e+04 3.105477659e+01 2.978713502e+01 1.224911262e-04 1.026193099e-02 2.551496854e+01
2.484649299e+04 3.123243062e+01 2.997277166e+01 1.212050640e-04 1.021643854e-02 2.546568070e+01
2.493306613e+04 3.140899358e+01 3.015750167e+01 1.199505966e-04 1.017174873e-02 2.541670476e+01
2.501963928e+04 3.158445928e+01 3.034131527e+01 1.187268790e-04 1.012784465e-02 2.536803984e+01
2.510621242e+04 3.175882198e+01 3.052420310e+01 1.175327604e-04 1.008470866e-02 2.531968499e+01
2.519278557e+04 3.193207640e+01 3.070615628e+01 1.163672896e-04 1.004232409e-02 2.527163921e+01
2.527935872e+04 3.210421771e+01 3.088716638e+01 1.152295854e-04 1.000067477e-02 2.522390141e+01
2.536593186e+04 3.227524151e+01 3.106722539e+01 1.141191600e-04 9.959746166e-03 2.517647045e+01
2.545250501e+04 3.244514380e+01 3.124632574e+01 1.130357752e-04 9.919524849e-03 2.512934512e+01
2.553907816e+04 3.261392103e+01 3.142446029e+01 1.119789374e-04 9.879996799e-03 2.508252416e+01
2.562565130e+04 3.278157005e+01 3.160162233e+01 1.109477773e-04 9.841147024e-03 2.503600626e+01
2.571222445e+04 3.294808809e+01 3.177780553e+01 1.099395411e-04 9.802954537e-03 2.498979008e+01
2.579879760e+04 3.311347279e+01 3.195300401e+01 1.089524570e-04 9.765401863e-03 2.494387420e+01
2.588537074e+04 3.327772211e+01 3.212721223e+01 1.079873116e-04 9.728480312e-03 2.489825714e+01
2.597194389e+04 3.344083441e+01 3.230042502e+01 1.070470560e-04 9.692188648e-03 2.485293734e+01
2.605851703e+04 3.360280839e+01 3.247263765e+01 1.061315340e-04 9.656515533e-03 2.480791327e+01
2.614509018e+04 3.376364314e+01 3.264384574e+01 1.052344434e-04 9.621429380e-03 2.476318336e+01
2.623166333e+04 3.392333807e+01 3.281404529e+01 1.043578262e-04 9.586926630e-03 2.471874597e+01
2.631823647e+04 3.408189289e+01 3.298323261e+01 1.035009549e-04 9.552994720e-03 2.467459941e+01
2.640480962e+04 3.423930769e+01 3.315140444e+01 1.026634340e-04 9.519622443e-03 2.463074196e+01
2.649138277e+04 3.439558279e+01 3.331855778e+01 1.018447962e-04 9.486798510e-03 2.458717189e+01
2.657795591e+04 3.455071884e+01 3.348468995e+01 1.010445052e-04 9.454511644e-03 2.454388743e+01
2.666452906e+04 3.470471680e+01 3.364979867e+01 1.002620576e-04 9.422750936e-03 2.450088676e+01
2.675110220e+04 3.485757782e+01 3.381388183e+01 9.949696682e-05 9.391505648e-03 2.445816807e+01
2.683767535e+04 3.500930340e+01 3.397693773e+01 9.874877048e-05 9.360765383e-03 2.441572950e+01
2.692424850e+04 3.515989531e+01 3.413896500e+01 9.801702468e-05 9.330519988e-03 2.437356916e+01
2.701082164e+04 3.530935542e+01 3.429996234e+01 9.730129045e-05 9.300759425e-03 2.433168516e+01
2.709739479e+04 3.545768604e+01 3.445992898e+01 9.660115053e-05 9.271474081e-03 2.429007558e+01
2.718396794e+04 3.560488975e+01 3.461886447e+01 9.591620893e-05 9.242654580e-03 2.424873847e+01
2.727054108e+04 3.575096923e+01 3.477676847e+01 9.524605753e-05 9.214291510e-03 2.420767184e+01
2.735711423e+04 3.589592755e+01 3.493364108e+01 9.459032147e-05 9.186375907e-03 2.416687372e+01
2.744368737e+04 3.603976776e+01 3.508948244e+01 9.394862018e-05 9.158898792e-03 2.412634212e+01
2.753026052e+04 3.618249329e+01 3.524429306e+01 9.332059440e-05 9.131851526e-03 2.408607502e+01
2.761683367e+04 3.632410764e+01 3.539807359e+01 9.270589539e-05 9.105225671e-03 2.404607041e+01
2.770340681e+04 3.646461454e+01 3.555082497e+01 9.210418338e-05 9.079012957e-03 2.400632626e+01
2.778997996e+04 3.660401790e+01 3.570254834e+01 9.151512925e-05 9.053205323e-03 2.396684054e+01
2.787655311e+04 3.674232183e+01 3.585324506e+01 9.093841433e-05 9.027794890e-03 2.392761119e+01
2.796312625e+04 3.687953057e+01 3.600291671e+01 9.037372792e-05 9.002773934e-03 2.388863617e+01
2.804969940e+04 3.701564856e+01 3.615156508e+01 8.982076987e-05 8.978134926e-03 2.384991340e+01
2.813627255e+04 3.715068038e+01 3.629919214e+01 8.927924713e-05 8.953870476e-03 2.381144083e+01
2.822284569e+04 3.728463075e+01 3.644580007e+01 8.874887663e-05 8.929973382e-03 2.377321638e+01
2.830941884e+04 3.741750451e+01 3.659139120e+01 8.822938292e-05 8.906436589e-03 2.373523799e+01
2.839599198e+04 3.754930669e+01 3.673596808e+01 8.772049992e-05 8.883253223e-03 2.369750357e+01
2.848256513e+04 3.768004239e+01 3.687953338e+01 8.722196663e-05 8.860416537e-03 2.366001105e+01
2.856913828e+04 3.780971687e+01 3.702209000e+01 8.673353294e-05 8.837919971e-03 2.362275836e+01
2.865571142e+04 3.793833548e+01 3.716364091e+01 8.625495314e-05 8.815757061e-03 2.358574342e+01
2.874228457e+04 3.806590368e+01 3.730418931e+01 8.578599054e-05 8.793921518e-03 2.354896416e+01
2.882885772e+04 3.819242706e+01 3.744373851e+01 8.532641424e-05 8.772407192e-03 2.351241851e+01
2.891543086e+04 3.831791127e+01 3.758229194e+01 8.487599845e-05 8.751208062e-03 2.347610440e+01
2.900200401e+04 3.844236209e+01 3.771985323e+01 8.443452642e-05 8.730318259e-03 2.344001978e+01
2.908857715e+04 3.856578533e+01 3.785642604e+01 8.400178656e-05 8.709731963e-03 2.340416257e+01
2.917515030e+04 3.868818696e+01 3.799201427e+01 8.357757477e-05 8.689443558e-03 2.336853074e+01
2.926172345e+04 3.880957296e+01 3.812662183e+01 8.316168820e-05 8.669447548e-03 2.333312223e+01
2.934829659e+04 3.892994942e+01 3.826025282e+01 8.275393217e-05 8.649738561e-03 2.329793500e+01
2.943486974e+04 3.904932250e+01 3.839291143e+01 8.235411705e-05 8.630311355e-03 2.326296702e+01
2.952144289e+04 3.916769841e+01 3.852460194e+01 8.196206055e-05 8.611160706e-03 2.322821627e+01
2.960801603e+04 3.928508342e+01 3.865532874e+01 8.157758315e-05 8.592281568e-03 2.319368073e+01
2.969458918e+04 3.940148384e+01 3.878509629e+01 8.120051100e-05 8.573668966e-03 2.315935839e+01
2.978116232e+04 3.951690606e+01 3.891390918e+01 8.083067575e-05 8.555318132e-03 2.312524725e+01
2.986773547e+04 3.963135649e+01 3.904177204e+01 8.046791311e-05 8.537224292e-03 2.309134533e+01
2.995430862e+04 3.974484156e+01 3.916868959e+01 8.011206327e-05 8.519382810e-03 2.305765065e+01
3.004088176e+04 3.985736781e+01 3.929466665e+01 7.976296954e-05 8.501789195e-03 2.302416125e+01
3.012745491e+04 3.996894176e+01 3.941970810e+01 7.942048020e-05 8.484439014e-03 2.299087515e+01
3.021402806e+04 4.007956996e+01 3.954381889e+01 7.908444743e-05 8.467327933e-03 2.295779043e+01
3.030060120e+04 4.018925904e+01 3.966700403e+01 7.875472835e-05 8.450451687e-03 2.292490515e+01
3.038717435e+04 4.029801560e+01 3.978926861e+01 7.843118247e-05 8.433806128e-03 2.289221738e+01
3.047374749e+04 4.040584631e+01 3.991061777e+01 7.811367404e-05 8.417387183e-03 2.285972522e+01
3.056032064e+04 4.051275781e+01 4.003105669e+01 7.780207158e-05 8.401190862e-03 2.282742676e+01
3.064689379e+04 4.061875679e+01 4.015059062e+01 7.749624655e-05 8.385213251e-03 2.279532013e+01
3.073346693e+04 4.072384995e+01 4.026922485e+01 7.719607272e-05 8.369450544e-03 2.276340345e+01
3.082004008e+04 4.082804399e+01 4.038696471e+01 7.690142753e-05 8.353899008e-03 2.273167486e+01
3.090661323e+04 4.093134561e+01 4.050381556e+01 7.661219262e-05 8.338554965e-03 2.270013252e+01
3.099318637e+04 4.103376153e+01 4.061978282e+01 7.632825219e-05 8.323414821e-03 2.266877461e+01
3.107975952e+04 4.113529847e+01 4.073487194e+01 7.604949291e-05 8.308475083e-03 2.263759929e+01
3.116633267e+04 4.123596315e+01 4.084908839e+01 7.577580460e-05 8.293732312e-03 2.260660478e+01
3.125290581e+04 4.133576228e+01 4.096243767e+01 7.550707978e-05 8.279183138e-03 2.257578928e+01
3.133947896e+04 4.143470255e+01 4.107492531e+01 7.524321348e-05 8.264824265e-03 2.254515102e+01
3.142605210e+04 4.153279070e+01 4.118655688e+01 7.498410520e-05 8.250652453e-03 2.251468824e+01
3.151262525e+04 4.163003340e+01 4.129733795e+01 7.472965499e-05 8.236664540e-03 2.248439919e+01
3.159919840e+04 4.172643735e+01 4.140727410e+01 7.447976594e-05 8.222857424e-03 2.245428215e+01
3.168577154e+04 4.182200921e+01 4.151637096e+01 7.423434361e-05 8.209228063e-03 2.242433539e+01
3.177234469e+04 4.191675565e+01 4.162463415e+01 7.399329672e-05 8.195773487e-03 2.239455723e+01
3.185891784e+04 4.201068332e+01 4.173206932e+01 7.375653535e-05 8.182490773e-03 2.236494596e+01
3.194549098e+04 4.210379883e+01 4.183868210e+01 7.352397209e-05 8.169377060e-03 2.233549992e+01
3.203206413e+04 4.219610879e+01 4.194447816e+01 7.329552171e-05 8.156429545e-03 2.230621746e+01
3.211863727e+04 4.228761981e+01 4.204946317e+01 7.307110107e-05 8.143645496e-03 2.227709693e+01
3.220521042e+04 4.237833844e+01 4.215364278e+01 7.285062900e-05 8.131022215e-03 2.224813670e+01
3.229178357e+04 4.246827123e+01 4.225702267e+01 7.263402626e-05 8.118557065e-03 2.221933518e+01
3.237835671e+04 4.255742469e+01 4.235960850e+01 7.242121577e-05 8.106247464e-03 2.219069075e+01
3.246492986e+04 4.264580532e+01 4.246140596e+01 7.221212256e-05 8.094090881e-03 2.216220184e+01
3.255150301e+04 4.273341960e+01 4.256242070e+01 7.200667290e-05 8.082084831e-03 2.213386689e+01
3.263807615e+04 4.282027394e+01 4.266265838e+01 7.180479503e-05 8.070226879e-03 2.210568433e+01
3.272464930e+04 4.290637477e+01 4.276212466e+01 7.160641916e-05 8.058514643e-03 2.207765265e+01
3.281122244e+04 4.299172847e+01 4.286082519e+01 7.141147708e-05 8.046945784e-03 2.204977031e+01
3.289779559e+04 4.307634139e+01 4.295876560e+01 7.121990196e-05 8.035518006e-03 2.202203581e+01
3.298436874e+04 4.316021984e+01 4.305595152e+01 7.103162861e-05 8.024229059e-03 2.199444766e+01
3.307094188e+04 4.324337009e+01 4.315238856e+01 7.084659346e-05 8.013076736e-03 2.196700438e+01
3.315751503e+04 4.332579842e+01 4.324808234e+01 7.066473499e-05 8.002058881e-03 2.193970452e+01
3.324408818e+04 4.340751104e+01 4.334303845e+01 7.048599229e-05 7.991173367e-03 2.191254662e+01
3.333066132e+04 4.348851412e+01 4.343726244e+01 7.031030612e-05 7.980418111e-03 2.188552926e+01
3.341723447e+04 4.356881379e+01 4.353075987e+01 7.013761858e-05 7.969791069e-03 2.185865101e+01
3.350380762e+04 4.364841620e+01 4.362353630e+01 6.996787353e-05 7.959290256e-03 2.183191048e+01
3.359038076e+04 4.372732740e+01 4.371559725e+01 6.980101572e-05 7.948913707e-03 2.180530629e+01
3.367695391e+04 4.380555343e+01 4.380694821e+01 6.963699113e-05 7.938659495e-03 2.177883705e+01
3.376352705e+04 4.388310028e+01 4.389759467e+01 6.947574697e-05 7.928525732e-03 2.175250141e+01
3.385010020e+04 4.395997391e+01 4.398754208e+01 6.931723219e-05 7.918510561e-03 2.172629802e+01
3.393667335e+04 4.403618026e+01 4.407679590e+01 6.916139730e-05 7.908612151e-03 2.170022556e+01
3.402324649e+04 4.411172518e+01 4.416536153e+01 6.900819298e-05 7.898828717e-03 2.167428269e+01
3.410981964e+04 4.418661453e+01 4.425324436e+01 6.885757148e-05 7.889158500e-03 2.164846813e+01
3.419639279e+04 4.426085410e+01 4.434044976e+01 6.870948606e-05 7.879599775e-03 2.162278057e+01
3.428296593e+04 4.433444967e+01 4.442698310e+01 6.856388846e-05 7.870150937e-03 2.159721877e+01
3.436953908e+04 4.440740696e+01 4.451284968e+01 6.842073428e-05 7.860810309e-03 2.157178145e+01
3.445611222e+04 4.447973164e+01 4.459805480e+01 6.827997887e-05 7.851576290e-03 2.154646739e+01
3.454268537e+04 4.455142935e+01 4.468260372e+01 6.814157829e-05 7.842447309e-03 2.152127536e+01
3.462925852e+04 4.462250569e+01 4.476650168e+01 6.800549439e-05 7.833421720e-03 2.149620411e+01
3.471583166e+04 4.469296620e+01 4.484975387e+01 6.787168971e-05 7.824497909e-03 2.147125241e+01
3.480240481e+04 4.476281638e+01 4.493236547e+01 6.774012585e-05 7.815674327e-03 2.144641907e+01
3.488897796e+04 4.483206170e+01 4.501434163e+01 6.761076630e-05 7.806949433e-03 2.142170288e+01
3.497555110e+04 4.490070762e+01 4.509568750e+01 6.748355785e-05 7.798322098e-03 2.139710274e+01
3.506212425e+04 4.496875951e+01 4.517640816e+01 6.735846551e-05 7.789790833e-03 2.137261747e+01
3.514869739e+04 4.503622273e+01 4.525650868e+01 6.723545051e-05 7.781354281e-03 2.134824595e+01
3.523527054e+04 4.510310260e+01 4.533599412e+01 6.711448349e-05 7.773010963e-03 2.132398707e+01
3.532184369e+04 4.516940439e+01 4.541486948e+01 6.699552698e-05 7.764759583e-03 2.129983975e+01
3.540841683e+04 4.523513331e+01 4.549313973e+01 6.687854870e-05 7.756598781e-03 2.127580287e+01
3.549498998e+04 4.530029450e+01 4.557080979e+01 6.676352079e-05 7.748527114e-03 2.125187528e+01
3.558156313e+04 4.536489311e+01 4.564788457e+01 6.665041362e-05 7.740543255e-03 2.122805590e+01
3.566813627e+04 4.542893422e+01 4.572436892e+01 6.653919327e-05 7.732645973e-03 2.120434366e+01
3.575470942e+04 4.549242286e+01 4.580026770e+01 6.642981412e-05 7.724834270e-03 2.118073747e+01
3.584128257e+04 4.555536403e+01 4.587558570e+01 6.632224631e-05 7.717106914e-03 2.115723627e+01
3.592785571e+04 4.561776274e+01 4.595032774e+01 6.621645307e-05 7.709462813e-03 2.113383913e+01
3.601442886e+04 4.567962391e+01 4.602449858e+01 6.611241529e-05 7.701900669e-03 2.111054506e+01
3.610100200e+04 4.574095243e+01 4.609810292e+01 6.601012056e-05 7.694419047e-03 2.108735299e+01
3.618757515e+04 4.580175311e+01 4.617114543e+01 6.590952410e-05 7.687017082e-03 2.106426193e+01
3.627414830e+04 4.586203075e+01 4.624363076e+01 6.581059720e-05 7.679693677e-03 2.104127089e+01
3.636072144e+04 4.592179012e+01 4.631556353e+01 6.571331662e-05 7.672447677e-03 2.101837890e+01
3.644729459e+04 4.598103592e+01 4.638694832e+01 6.561765565e-05 7.665278014e-03 2.099558499e+01
3.653386774e+04 4.603977284e+01 4.645778969e+01 6.552358747e-05 7.658183641e-03 2.097288822e+01
3.662044088e+04 4.609800551e+01 4.652809215e+01 6.543108575e-05 7.651163541e-03 2.095028765e+01
3.670701403e+04 4.615573851e+01 4.659786017e+01 6.534012574e-05 7.644216693e-03 2.092778234e+01
3.679358717e+04 4.621297639e+01 4.666709821e+01 6.525068300e-05 7.637342097e-03 2.090537138e+01
3.688016032e+04 4.626972366e+01 4.673581068e+01 6.516273385e-05 7.630538764e-03 2.088305385e+01
3.696673347e+04 4.632598479e+01 4.680400196e+01 6.507625461e-05 7.623805731e-03 2.086082886e+01
3.705330661e+04 4.638176420e+01 4.687167640e+01 6.499122211e-05 7.617142050e-03 2.083869552e+01
3.713987976e+04 4.643706629e+01 4.693883831e+01 6.490761365e-05 7.610546789e-03 2.081665296e+01
3.722645291e+04 4.649189540e+01 4.700549198e+01 6.482540714e-05 7.604019029e-03 2.079470031e+01
3.731302605e+04 4.654625585e+01 4.707164165e+01 6.474458081e-05 7.597557871e-03 2.077283670e+01
3.739959920e+04 4.660015190e+01 4.713729154e+01 6.466511335e-05 7.591162427e-03 2.075106129e+01
3.748617234e+04 4.665358778e+01 4.720244583e+01 6.458698395e-05 7.584831825e-03 2.072937324e+01
3.757274549e+04 4.670656769e+01 4.726710867e+01 6.451017217e-05 7.578565207e-03 2.070777173e+01
3.765931864e+04 4.675909578e+01 4.733128416e+01 6.443465789e-05 7.572361731e-03 2.068625593e+01
3.774589178e+04 4.681117615e+01 4.739497640e+01 6.436042153e-05 7.566220567e-03 2.066482504e+01
3.783246493e+04 4.686281289e+01 4.745818943e+01 6.428744368e-05 7.560140900e-03 2.064347825e+01
3.791903808e+04 4.691401004e+01 4.752092726e+01 6.421570549e-05 7.554121929e-03 2.062221478e+01
3.800561122e+04 4.696477159e+01 4.758319388e+01 6.414518836e-05 7.548162864e-03 2.060103384e+01
3.809218437e+04 4.701510151e+01 4.764499324e+01 6.407587410e-05 7.542262930e-03 2.057993466e+01
3.817875752e+04 4.706500372e+01 4.770632926e+01 6.400774491e-05 7.536421365e-03 2.055891647e+01
3.826533066e+04 4.711448210e+01 4.776720582e+01 6.394078332e-05 7.530637422e-03 2.053797853e+01
3.835190381e+04 4.716354052e+01 4.782762676e+01 6.387497213e-05 7.524910357e-03 2.051712008e+01
3.843847695e+04 4.721218279e+01 4.788759592e+01 6.381029449e-05 7.519239446e-03 2.049634039e+01
3.852505010e+04 4.726041268e+01 4.794711708e+01 6.374673384e-05 7.513623974e-03 2.047563873e+01
3.861162325e+04 4.730823393e+01 4.800619399e+01 6.368427393e-05 7.508063236e-03 2.045501437e+01
3.869819639e+04 4.735565026e+01 4.806483038e+01 6.362289902e-05 7.502556545e-03 2.043446661e+01
3.878476954e+04 4.740266534e+01 4.812302995e+01 6.356259336e-05 7.497103218e-03 2.041399473e+01
3.887134269e+04 4.744928280e+01 4.818079634e+01 6.350334157e-05 7.491702582e-03 2.039359805e+01
3.895791583e+04 4.749550625e+01 4.823813321e+01 6.344512857e-05 7.486353979e-03 2.037327588e+01
3.904448898e+04 4.754133926e+01 4.829504413e+01 6.338793980e-05 7.481056764e-03 2.035302752e+01
3.913106212e+04 4.758678535e+01 4.835153269e+01 6.333176064e-05 7.475810296e-03 2.033285232e+01
3.921763527e+04 4.763184804e+01 4.840760242e+01 6.327657686e-05 7.470613949e-03 2.031274961e+01
3.930420842e+04 4.767653078e+01 4.846325682e+01 6.322237450e-05 7.465467102e-03 2.029271873e+01
3.939078156e+04 4.772083701e+01 4.851849938e+01 6.316913989e-05 7.460369148e-03 2.027275902e+01
3.947735471e+04 4.776477014e+01 4.857333353e+01 6.311685954e-05 7.455319488e-03 2.025286985e+01
3.956392786e+04 4.780833351e+01 4.862776270e+01 6.306552025e-05 7.450317531e-03 2.023305058e+01
3.965050100e+04 4.785153048e+01 4.868179026e+01 6.301510905e-05 7.445362698e-03 2.021330059e+01
3.973707415e+04 4.789436433e+01 4.873541958e+01 6.296561320e-05 7.440454416e-03 2.019361925e+01
3.982364729e+04 4.793683835e+01 4.878865398e+01 6.291702018e-05 7.435592124e-03 2.017400596e+01
3.991022044e+04 4.797895576e+01 4.884149676e+01 6.286931771e-05 7.430775267e-03 2.015446009e+01
3.999679359e+04 4.802071978e+01 4.889395119e+01 6.282249374e-05 7.426003300e-03 2.013498106e+01
4.008336673e+04 4.806213358e+01 4.894602050e+01 6.277653642e-05 7.421275687e-03 2.011556828e+01
4.016993988e+04 4.810320030e+01 4.899770791e+01 6.273143409e-05 7.416591899e-03 2.009622114e+01
4.025651303e+04 4.814392306e+01 4.904901659e+01 6.268717532e-05 7.411951414e-03 2.007693909e+01
4.034308617e+04 4.818430493e+01 4.909994970e+01 6.264374885e-05 7.407353720e-03 2.005772154e+01
4.042965932e+04 4.822434899e+01 4.915051037e+01 6.260114366e-05 7.402798312e-03 2.003856792e+01
4.051623246e+04 4.826405824e+01 4.920070168e+01 6.255934890e-05 7.398284691e-03 2.001947769e+01
4.060280561e+04 4.830343568e+01 4.925052673e+01 6.251835388e-05 7.393812368e-03 2.000045028e+01
4.068937876e+04 4.834248428e+01 4.929998853e+01 6.247814811e-05 7.389380858e-03 1.998148515e+01
4.077595190e+04 4.838120698e+01 4.934909011e+01 6.243872125e-05 7.384989686e-03 1.996258175e+01
4.086252505e+04 4.841960667e+01 4.939783446e+01 6.240006330e-05 7.380638388e-03 1.994373955e+01
4.094909820e+04 4.845768624e+01 4.944622453e+01 6.236216437e-05 7.376326505e-03 1.992495803e+01
4.103567134e+04 4.849544855e+01 4.949426327e+01 6.232501464e-05 7.372053581e-03 1.990623666e+01
4.112224449e+04 4.853289640e+01 4.954195357e+01 6.228860451e-05 7.367819172e-03 1.988757492e+01
4.120881764e+04 4.857003261e+01 4.958929831e+01 6.225292457e-05 7.363622836e-03 1.986897231e+01
4.129539078e+04 4.860685993e+01 4.963630036e+01 6.221796543e-05 7.359464131e-03 1.985042831e+01
4.138196393e+04 4.864338110e+01 4.968296255e+01 6.218371791e-05 7.355342626e-03 1.983194242e+01
4.146853707e+04 4.867959885e+01 4.972928767e+01 6.215017303e-05 7.351257898e-03 1.981351416e+01
4.155511022e+04 4.871551586e+01 4.977527851e+01 6.211732191e-05 7.347209528e-03 1.979514304e+01
4.164168337e+04 4.875113479e+01 4.982093781e+01 6.208515581e-05 7.343197101e-03 1.977682856e+01
4.172825651e+04 4.878645828e+01 4.986626831e+01 6.205366653e-05 7.339220239e-03 1.975857026e+01
4.181482966e+04 4.882148892e+01 4.991127270e+01 6.202284585e-05 7.335278557e-03 1.974036766e+01
4.190140281e+04 4.885622932e+01 4.995595368e+01 6.199268545e-05 7.331371659e-03 1.972222029e+01
4.198797595e+04 4.889068201e+01 5.000031388e+01 6.196317735e-05 7.327499170e-03 1.970412770e+01
4.207454910e+04 4.892484955e+01 5.004435594e+01 6.193431371e-05 7.323660720e-03 1.968608942e+01
4.216112224e+04 4.895873443e+01 5.008808246e+01 6.190608622e-05 7.319855879e-03 1.966810501e+01
4.224769539e+04 4.899233915e+01 5.013149603e+01 6.187848695e-05 7.316084247e-03 1.965017401e+01
4.233426854e+04 4.902566616e+01 5.017459921e+01 6.185150843e-05 7.312345469e-03 1.963229599e+01
4.242084168e+04 4.905871791e+01 5.021739451e+01 6.182514304e-05 7.308639161e-03 1.961447050e+01
4.250741483e+04 4.909149680e+01 5.025988447e+01 6.179938324e-05 7.304964942e-03 1.959669711e+01
4.259398798e+04 4.912400521e+01 5.030207156e+01 6.177422156e-05 7.301322541e-03 1.957897541e+01
4.268056112e+04 4.915624551e+01 5.034395827e+01 6.174965056e-05 7.297711675e-03 1.956130497e+01
4.276713427e+04 4.918822004e+01 5.038554703e+01 6.172566291e-05 7.294132006e-03 1.954368537e+01
4.285370741e+04 4.921993110e+01 5.042684028e+01 6.170225128e-05 7.290583253e-03 1.952611621e+01
4.294028056e+04 4.925138101e+01 5.046784040e+01 6.167941113e-05 7.287065119e-03 1.950859707e+01
4.302685371e+04 4.928257204e+01 5.050854976e+01 6.165714170e-05 7.283577277e-03 1.949112754e+01
4.311342685e+04 4.931350645e+01 5.054897070e+01 6.163543930e-05 7.280119466e-03 1.947370722e+01
4.320000000e+04 4.934418647e+01 5.058910555e+01 6.161429802e-05 7.276691298e-03 1.945633570e+01
