time            Ap              Aq              Br              Bs              Cj              Ck             
0.000000000e+00 1.100000000e+01 0.000000000e+00 1.000000000e+01 0.000000000e+00 3.000000000e+00 0.000000000e+00
4.328657315e+02 9.225621255e+00 2.526679035e-01 9.012937311e+00 8.641213489e-01 2.515396547e+00 2.369537019e-01
8.657314629e+02 8.347023310e+00 4.626563936e-01 8.882747753e+00 1.643956733e+00 2.326900559e+00 4.536362830e-01
1.298597194e+03 7.517660149e+00 6.301316180e-01 8.804022326e+00 2.329393186e+00 2.193390729e+00 6.519882659e-01
1.731462926e+03 6.744038140e+00 7.612951906e-01 8.755561123e+00 2.928250139e+00 2.108624185e+00 8.387256841e-01
2.164328657e+03 6.030796906e+00 8.619778464e-01 8.719910159e+00 3.446331525e+00 2.067684536e+00 1.019724539e+00
2.597194389e+03 5.380604518e+00 9.375846829e-01 8.682937102e+00 3.888150004e+00 2.066762977e+00 1.200124797e+00
3.030060120e+03 4.794250535e+00 9.930434163e-01 8.633441378e+00 4.257448203e+00 2.102939313e+00 1.384398984e+00
3.462925852e+03 4.270880233e+00 1.032769462e+00 8.562798565e+00 4.557560757e+00 2.173961958e+00 1.576383363e+00
3.895791583e+03 3.808312624e+00 1.060654848e+00 8.464644149e+00 4.791662473e+00 2.278025112e+00 1.779272520e+00
4.328657315e+03 3.403387961e+00 1.080081341e+00 8.334607028e+00 4.962942311e+00 2.413544343e+00 1.995580069e+00
4.761523046e+03 3.052305574e+00 1.093954567e+00 8.170094566e+00 5.074734454e+00 2.578933507e+00 2.227072518e+00
5.194388778e+03 2.750924903e+00 1.104753750e+00 7.970125728e+00 5.130624541e+00 2.772390732e+00 2.474686705e+00
5.627254509e+03 2.495016305e+00 1.114591016e+00 7.735198571e+00 5.134539095e+00 2.991704948e+00 2.738446181e+00
6.060120240e+03 2.280457647e+00 1.125275093e+00 7.467172897e+00 5.090814414e+00 3.234097525e+00 3.017393814e+00
6.492985972e+03 2.103378821e+00 1.138374817e+00 7.169145449e+00 5.004235861e+00 3.496115504e+00 3.309560006e+00
6.925851703e+03 1.960260990e+00 1.155279327e+00 6.845296701e+00 4.880036227e+00 3.773589762e+00 3.611982553e+00
7.358717435e+03 1.847997981e+00 1.177252587e+00 6.500695288e+00 4.723844072e+00 4.061667128e+00 3.920789256e+00
7.791583166e+03 1.763927849e+00 1.205480806e+00 6.141056653e+00 4.541579975e+00 4.354915656e+00 4.231344568e+00
8.224448898e+03 1.705841241e+00 1.241111708e+00 5.772464126e+00 4.339306583e+00 4.647493391e+00 4.538452190e+00
8.657314629e+03 1.671972077e+00 1.285284859e+00 5.401071747e+00 4.123047150e+00 4.933361361e+00 4.836595780e+00
9.090180361e+03 1.660974453e+00 1.339152427e+00 5.032814169e+00 3.898593264e+00 5.206515420e+00 5.120193632e+00
9.523046092e+03 1.671888264e+00 1.403889391e+00 4.673150033e+00 3.671323540e+00 5.461211857e+00 5.383842962e+00
9.955911824e+03 1.704094257e+00 1.480692146e+00 4.326859930e+00 3.446052774e+00 5.692165359e+00 5.622533324e+00
1.038877756e+04 1.757258692e+00 1.570764229e+00 3.997913615e+00 3.226926281e+00 5.894703864e+00 5.831814123e+00
1.082164329e+04 1.831267523e+00 1.675287791e+00 3.689407743e+00 3.017363900e+00 6.064877349e+00 6.007913677e+00
1.125450902e+04 1.926148484e+00 1.795379808e+00 3.403571040e+00 2.820054637e+00 6.199521448e+00 6.147811228e+00
1.168737475e+04 2.041980942e+00 1.932032194e+00 3.141822782e+00 2.636993280e+00 6.296287297e+00 6.249273508e+00
1.212024048e+04 2.178794409e+00 2.086036854e+00 2.904870101e+00 2.469549551e+00 6.353647924e+00 6.310866446e+00
1.255310621e+04 2.336457535e+00 2.257897993e+00 2.692828446e+00 2.318558418e+00 6.370892497e+00 6.331953654e+00
1.298597194e+04 2.514561902e+00 2.447735895e+00 2.505350006e+00 2.184419775e+00 6.348117404e+00 6.312690830e+00
1.341883768e+04 2.712307934e+00 2.655190120e+00 2.341750779e+00 2.067200189e+00 6.286214863e+00 6.254017028e+00
1.385170341e+04 2.928401723e+00 2.879330946e+00 2.201127194e+00 1.966728870e+00 6.186858758e+00 6.157642640e+00
1.428456914e+04 3.160974427e+00 3.118591062e+00 2.082457691e+00 1.882683633e+00 6.052480406e+00 6.026026959e+00
1.471743487e+04 3.407534581e+00 3.370728215e+00 1.984687860e+00 1.814665088e+00 5.886225553e+00 5.862336729e+00
1.515030060e+04 3.664963371e+00 3.632829051e+00 1.906798186e+00 1.762257642e+00 5.691884025e+00 5.670377193e+00
1.558316633e+04 3.929558090e+00 3.901359710e+00 1.847855555e+00 1.725077688e+00 5.473786411e+00 5.454490056e+00
1.601603206e+04 4.197123970e+00 4.172263567e+00 1.807049901e+00 1.702809608e+00 5.236667117e+00 5.219417720e+00
1.644889780e+04 4.463108226e+00 4.441100237e+00 1.783717586e+00 1.695230482e+00 4.985499186e+00 4.970139171e+00
1.688176353e+04 4.722764375e+00 4.703214078e+00 1.777353062e+00 1.702224442e+00 4.725312015e+00 4.711688618e+00
1.731462926e+04 4.971331142e+00 4.953916685e+00 1.787610067e+00 1.723787401e+00 4.461006803e+00 4.448971708e+00
1.774749499e+04 5.204209321e+00 5.188666851e+00 1.814293127e+00 1.760022588e+00 4.197185757e+00 4.186595307e+00
1.818036072e+04 5.417121442e+00 5.403232924e+00 1.857339983e+00 1.811127173e+00 3.938009339e+00 3.928725125e+00
1.861322645e+04 5.606243490e+00 5.593826863e+00 1.916795178e+00 1.877370048e+00 3.687091671e+00 3.678981323e+00
1.904609218e+04 5.768303214e+00 5.757204553e+00 1.992774939e+00 1.959060742e+00 3.447438863e+00 3.440376886e+00
1.947895792e+04 5.900644667e+00 5.890732035e+00 2.085423509e+00 2.056509554e+00 3.221429907e+00 3.215298426e+00
1.991182365e+04 6.001263044e+00 5.992421739e+00 2.194861451e+00 2.169979359e+00 3.010835069e+00 3.005524415e+00
2.034468938e+04 6.068816191e+00 6.060945128e+00 2.321126936e+00 2.299630069e+00 2.816864054e+00 2.812273131e+00
2.077755511e+04 6.102619843e+00 6.095628818e+00 2.464111858e+00 2.445457595e+00 2.640234815e+00 2.636271246e+00
2.121042084e+04 6.102632522e+00 6.096440162e+00 2.623495602e+00 2.607230121e+00 2.481254190e+00 2.477834243e+00
2.164328657e+04 6.069434054e+00 6.063966282e+00 2.798680367e+00 2.784425608e+00 2.339902493e+00 2.336950824e+00
2.207615230e+04 6.004199120e+00 5.999388010e+00 2.988732718e+00 2.976175217e+00 2.215916071e+00 2.213365313e+00
2.250901804e+04 5.908664523e+00 5.904447425e+00 3.192337133e+00 3.181218414e+00 2.108863338e+00 2.106653585e+00
2.294188377e+04 5.785088179e+00 5.781407083e+00 3.407767027e+00 3.397875322e+00 2.018211650e+00 2.016289867e+00
2.337474950e+04 5.636195197e+00 5.632996238e+00 3.632877824e+00 3.624040860e+00 1.943384101e+00 1.941703497e+00
2.380761523e+04 5.465111218e+00 5.462344310e+00 3.865124361e+00 3.857203024e+00 1.883805327e+00 1.882324725e+00
2.424048096e+04 5.275278442e+00 5.272897015e+00 4.101605784e+00 4.094488521e+00 1.838937225e+00 1.837620442e+00
2.467334669e+04 5.070357873e+00 5.068318671e+00 4.339134306e+00 4.332732154e+00 1.808305234e+00 1.807120502e+00
2.510621242e+04 4.854121649e+00 4.852384592e+00 4.574323529e+00 4.568565688e+00 1.791515787e+00 1.790435219e+00
2.553907816e+04 4.630340123e+00 4.628868196e+00 4.803690492e+00 4.798520429e+00 1.788266280e+00 1.787265389e+00
2.597194389e+04 4.402671987e+00 4.401431159e+00 5.023762624e+00 5.019134667e+00 1.798348036e+00 1.797405320e+00
2.640480962e+04 4.174563549e+00 4.173522684e+00 5.231182749e+00 5.227059184e+00 1.821643018e+00 1.820739617e+00
2.683767535e+04 3.949165084e+00 3.948295857e+00 5.422803558e+00 5.419152218e+00 1.858114706e+00 1.857234117e+00
2.727054108e+04 3.729267402e+00 3.728544200e+00 5.595767890e+00 5.592560216e+00 1.907793429e+00 1.906921299e+00
2.770340681e+04 3.517261885e+00 3.516661684e+00 5.747571079e+00 5.744780632e+00 1.970756357e+00 1.969880340e+00
2.813627255e+04 3.315123493e+00 3.314625723e+00 5.876105381e+00 5.873706760e+00 2.047102403e+00 2.046212086e+00
2.856913828e+04 3.124415119e+00 3.124001500e+00 5.979687655e+00 5.977655772e+00 2.136922244e+00 2.136009132e+00
2.900200401e+04 2.946309571e+00 2.945963942e+00 6.057073232e+00 6.055382876e+00 2.240264028e+00 2.239321579e+00
2.943486974e+04 2.781625217e+00 2.781333347e+00 6.107459382e+00 6.106085029e+00 2.357095495e+00 2.356119206e+00
2.986773547e+04 2.630870509e+00 2.630619909e+00 6.130481335e+00 6.129397132e+00 2.487263829e+00 2.486251345e+00
3.030060120e+04 2.494293441e+00 2.494073167e+00 6.126203569e+00 6.125383435e+00 2.630454969e+00 2.629406199e+00
3.073346693e+04 2.371932742e+00 2.371733200e+00 6.095107528e+00 6.094525350e+00 2.786154134e+00 2.785071366e+00
3.116633267e+04 2.263666864e+00 2.263479635e+00 6.038076391e+00 6.037706261e+00 2.953611087e+00 2.952499056e+00
3.159919840e+04 2.169260102e+00 2.169077764e+00 5.956375864e+00 5.956192335e+00 3.131811854e+00 3.130677759e+00
3.203206413e+04 2.088403517e+00 2.088219484e+00 5.851629779e+00 5.851608122e+00 3.319460562e+00 3.318313997e+00
3.246492986e+04 2.020750265e+00 2.020558650e+00 5.725788822e+00 5.725905271e+00 3.514973590e+00 3.513826371e+00
3.289779559e+04 1.965945212e+00 1.965740694e+00 5.581090978e+00 5.581322946e+00 3.716487676e+00 3.715353564e+00
3.333066132e+04 1.923648624e+00 1.923426343e+00 5.420013045e+00 5.420339315e+00 3.921882998e+00 3.920777303e+00
3.376352705e+04 1.893554355e+00 1.893309821e+00 5.245213541e+00 5.245614415e+00 4.128820606e+00 4.127759693e+00
3.419639279e+04 1.875402795e+00 1.875131820e+00 5.059468486e+00 5.059925896e+00 4.334792575e+00 4.333793290e+00
3.462925852e+04 1.868988978e+00 1.868687625e+00 4.865602694e+00 4.866100276e+00 4.537181952e+00 4.536261001e+00
3.506212425e+04 1.874166172e+00 1.873830727e+00 4.666419954e+00 4.666943079e+00 4.733328826e+00 4.732502138e+00
3.549498998e+04 1.890845223e+00 1.890472193e+00 4.464635903e+00 4.465171668e+00 4.920598447e+00 4.919880574e+00
3.592785571e+04 1.918989864e+00 1.918575994e+00 4.262817312e+00 4.263354498e+00 5.096447428e+00 5.095851000e+00
3.636072144e+04 1.958608138e+00 1.958150453e+00 4.063330945e+00 4.063859944e+00 5.258484604e+00 5.258019887e+00
3.679358717e+04 2.009740013e+00 2.009235887e+00 3.868304254e+00 3.868816962e+00 5.404524110e+00 5.404198675e+00
3.722645291e+04 2.072441347e+00 2.071888594e+00 3.679599149e+00 3.680088848e+00 5.532629134e+00 5.532447663e+00
3.765931864e+04 2.146764348e+00 2.146161339e+00 3.498798937e+00 3.499260157e+00 5.641146005e+00 5.641110216e+00
3.809218437e+04 2.232734795e+00 2.232080596e+00 3.327207600e+00 3.327635974e+00 5.728729030e+00 5.728837730e+00
3.852505010e+04 2.330326514e+00 2.329621034e+00 3.165859793e+00 3.166251905e+00 5.794357155e+00 5.794606396e+00
3.895791583e+04 2.439433769e+00 2.438677924e+00 3.015539478e+00 3.015892717e+00 5.837343782e+00 5.837727104e+00
3.939078156e+04 2.559842568e+00 2.559038447e+00 2.876804921e+00 2.877117340e+00 5.857340984e+00 5.857849724e+00
3.982364729e+04 2.691202160e+00 2.690353174e+00 2.750017794e+00 2.750287975e+00 5.854339104e+00 5.854962752e+00
4.025651303e+04 2.832998265e+00 2.832109276e+00 2.635374284e+00 2.635601216e+00 5.828662270e+00 5.829388845e+00
4.068937876e+04 2.984529768e+00 2.983607176e+00 2.532936488e+00 2.533119457e+00 5.780959840e+00 5.781776280e+00
4.112224449e+04 3.144890885e+00 3.143942669e+00 2.442662691e+00 2.442801183e+00 5.712193249e+00 5.713085788e+00
4.155511022e+04 3.312960419e+00 3.311996105e+00 2.364435413e+00 2.364529033e+00 5.623617744e+00 5.624572279e+00
4.198797595e+04 3.487399962e+00 3.486430515e+00 2.298086518e+00 2.298134920e+00 5.516757980e+00 5.517760405e+00
4.242084168e+04 3.666661609e+00 3.665699250e+00 2.243419093e+00 2.243421928e+00 5.393377253e+00 5.394413759e+00
4.285370741e+04 3.849006105e+00 3.848064046e+00 2.200225662e+00 2.200182536e+00 5.255439994e+00 5.256497334e+00
4.328657315e+04 4.032530839e+00 4.031622940e+00 2.168302789e+00 2.168213238e+00 5.105068022e+00 5.106133727e+00
4.371943888e+04 4.215206794e+00 4.214347174e+00 2.147462122e+00 2.147325600e+00 4.944491899e+00 4.945554456e+00
4.415230461e+04 4.394922219e+00 4.394124818e+00 2.137537915e+00 2.137353795e+00 4.775998782e+00 4.777047758e+00
4.458517034e+04 4.569531234e+00 4.568809374e+00 2.138391276e+00 2.138158866e+00 4.601879499e+00 4.602905630e+00
4.501803607e+04 4.736904044e+00 4.736269994e+00 2.149911216e+00 2.149629791e+00 4.424377123e+00 4.425372349e+00
4.545090180e+04 4.894976782e+00 4.894441369e+00 2.172012692e+00 2.171681535e+00 4.245639395e+00 4.246596872e+00
4.588376754e+04 5.041798103e+00 5.041370381e+00 2.204631794e+00 2.204250256e+00 4.067677426e+00 4.068591491e+00
4.631663327e+04 5.175570769e+00 5.175257761e+00 2.247718234e+00 2.247285808e+00 3.892332354e+00 3.893198467e+00
4.674949900e+04 5.294686882e+00 5.294493403e+00 2.301225346e+00 2.300741749e+00 3.721250910e+00 3.722065568e+00
4.718236473e+04 5.397756177e+00 5.397684760e+00 2.365097761e+00 2.364563037e+00 3.555870329e+00 3.556630973e+00
4.761523046e+04 5.483627067e+00 5.483677967e+00 2.439257208e+00 2.438671831e+00 3.397412342e+00 3.398117239e+00
4.804809619e+04 5.551401143e+00 5.551572419e+00 2.523586582e+00 2.522951569e+00 3.246885277e+00 3.247533414e+00
4.848096192e+04 5.600441725e+00 5.600729391e+00 2.617912856e+00 2.617229888e+00 3.105093308e+00 3.105684266e+00
4.891382766e+04 5.630376368e+00 5.630774599e+00 2.721989750e+00 2.721261283e+00 2.972651571e+00 2.973185415e+00
4.934669339e+04 5.641096567e+00 5.641597944e+00 2.835480234e+00 2.834709603e+00 2.850004237e+00 2.850481409e+00
4.977955912e+04 5.632751830e+00 5.633347608e+00 2.957940542e+00 2.957132051e+00 2.737446442e+00 2.737867656e+00
5.021242485e+04 5.605741439e+00 5.606421832e+00 3.088805902e+00 3.087964887e+00 2.635146621e+00 2.635512777e+00
5.064529058e+04 5.560702684e+00 5.561457148e+00 3.227379363e+00 3.226512223e+00 2.543169138e+00 2.543481243e+00
5.107815631e+04 5.498495819e+00 5.499313330e+00 3.372824395e+00 3.371938590e+00 2.461496271e+00 2.461755368e+00
5.151102204e+04 5.420185898e+00 5.421055208e+00 3.524162280e+00 3.523266277e+00 2.390048418e+00 2.390255533e+00
5.194388778e+04 5.327021420e+00 5.327931302e+00 3.680274787e+00 3.679377965e+00 2.328702208e+00 2.328858302e+00
5.237675351e+04 5.220408593e+00 5.221348052e+00 3.839912981e+00 3.839025484e+00 2.277306798e+00 2.277412733e+00
5.280961924e+04 5.101884709e+00 5.102843167e+00 4.001710006e+00 4.000842557e+00 2.235697147e+00 2.235753664e+00
5.324248497e+04 4.973086257e+00 4.974053705e+00 4.164201267e+00 4.163364933e+00 2.203705248e+00 2.203712953e+00
5.367535070e+04 4.835716906e+00 4.836684032e+00 4.325847556e+00 4.325053491e+00 2.181168640e+00 2.181127997e+00
5.410821643e+04 4.691513378e+00 4.692471655e+00 4.485062663e+00 4.484321828e+00 2.167936702e+00 2.167848042e+00
5.454108216e+04 4.542212333e+00 4.543154084e+00 4.640242552e+00 4.639565432e+00 2.163874513e+00 2.163738048e+00
5.497394790e+04 4.389517999e+00 4.390436431e+00 4.789795967e+00 4.789192298e+00 2.168864707e+00 2.168680553e+00
5.540681363e+04 4.235072531e+00 4.235961743e+00 4.932174526e+00 4.931653033e+00 2.182807253e+00 2.182575463e+00
5.583967936e+04 4.080429980e+00 4.081284951e+00 5.065901211e+00 5.065469397e+00 2.205617336e+00 2.205337941e+00
5.627254509e+04 3.927034495e+00 3.927851048e+00 5.189596433e+00 5.189260394e+00 2.237221547e+00 2.236894606e+00
5.670541082e+04 3.776203683e+00 3.776978441e+00 5.302000679e+00 5.301764975e+00 2.277552378e+00 2.277178036e+00
5.713827655e+04 3.629117064e+00 3.629847382e+00 5.401993474e+00 5.401861045e+00 2.326541255e+00 2.326119807e+00
5.757114228e+04 3.486809897e+00 3.487493800e+00 5.488608510e+00 5.488580667e+00 2.384110234e+00 2.383642197e+00
5.800400802e+04 3.350171672e+00 3.350807772e+00 5.561044811e+00 5.561121239e+00 2.450162649e+00 2.449648837e+00
5.843687375e+04 3.219948780e+00 3.220536204e+00 5.618674851e+00 5.618853689e+00 2.524572761e+00 2.524014365e+00
5.886973948e+04 3.096751333e+00 3.097289640e+00 5.661048820e+00 5.661326759e+00 2.607174963e+00 2.606573630e+00
5.930260521e+04 2.981062459e+00 2.981551567e+00 5.687896633e+00 5.688269056e+00 2.697752651e+00 2.697110561e+00
5.973547094e+04 2.873250166e+00 2.873690278e+00 5.699127262e+00 5.699588400e+00 2.796027108e+00 2.795347044e+00
6.016833667e+04 2.773580161e+00 2.773971697e+00 5.694826021e+00 5.695369129e+00 2.901647368e+00 2.900932779e+00
6.060120240e+04 2.682229709e+00 2.682573248e+00 5.675249888e+00 5.675867428e+00 3.014180913e+00 3.013435959e+00
6.103406814e+04 2.599301571e+00 2.599597793e+00 5.640820999e+00 5.641504824e+00 3.133106022e+00 3.132335603e+00
6.146693387e+04 2.524837514e+00 2.525087154e+00 5.592118281e+00 5.592859820e+00 3.257806351e+00 3.257016112e+00
6.189979960e+04 2.458831157e+00 2.459034962e+00 5.529867177e+00 5.530657610e+00 3.387567989e+00 3.386764303e+00
6.233266533e+04 2.401239739e+00 2.401398440e+00 5.454927494e+00 5.455757914e+00 3.521579511e+00 3.520769429e+00
6.276553106e+04 2.351994701e+00 2.352108978e+00 5.368279254e+00 5.369140826e+00 3.658935186e+00 3.658126362e+00
6.319839679e+04 2.311010847e+00 2.311081320e+00 5.271006394e+00 5.271890474e+00 3.798641582e+00 3.797842165e+00
6.363126253e+04 2.278194133e+00 2.278221341e+00 5.164279041e+00 5.165177309e+00 3.939627356e+00 3.938845859e+00
6.406412826e+04 2.253447959e+00 2.253432357e+00 5.049334071e+00 5.050238620e+00 4.080756004e+00 4.080001149e+00
6.449699399e+04 2.236678013e+00 2.236619974e+00 4.927454607e+00 4.928358028e+00 4.220841313e+00 4.220121857e+00
6.492985972e+04 2.227795690e+00 2.227695508e+00 4.799949025e+00 4.800844468e+00 4.358664798e+00 4.357989350e+00
6.536272545e+04 2.226720214e+00 2.226578117e+00 4.668129356e+00 4.669010573e+00 4.492995119e+00 4.492371951e+00
6.579559118e+04 2.233379230e+00 2.233195405e+00 4.533291496e+00 4.534152868e+00 4.622607309e+00 4.622044168e+00
6.622845691e+04 2.247708288e+00 2.247482898e+00 4.396695822e+00 4.397532370e+00 4.746302791e+00 4.745806732e+00
6.666132265e+04 2.269649083e+00 2.269382302e+00 4.259549780e+00 4.260357160e+00 4.862928735e+00 4.862505960e+00
6.709418838e+04 2.299146476e+00 2.298838527e+00 4.122993146e+00 4.123767636e+00 4.971396024e+00 4.971051753e+00
6.752705411e+04 2.336144500e+00 2.335795694e+00 3.988085795e+00 3.988824265e+00 5.070695702e+00 5.070434071e+00
6.795991984e+04 2.380581380e+00 2.380192165e+00 3.855798409e+00 3.856498286e+00 5.159913794e+00 5.159737778e+00
6.839278557e+04 2.432383614e+00 2.431954623e+00 3.727006365e+00 3.727665593e+00 5.238243249e+00 5.238154629e+00
6.882565130e+04 2.491459394e+00 2.490991501e+00 3.602486310e+00 3.603103299e+00 5.304994599e+00 5.304993949e+00
6.925851703e+04 2.557691435e+00 2.557185810e+00 3.482915681e+00 3.483489261e+00 5.359603711e+00 5.359690423e+00
6.969138277e+04 2.630929261e+00 2.630387426e+00 3.368874612e+00 3.369403979e+00 5.401637856e+00 5.401810189e+00
7.012424850e+04 2.710981572e+00 2.710405454e+00 3.260849985e+00 3.261334650e+00 5.430799458e+00 5.431054611e+00
7.055711423e+04 2.797608605e+00 2.797000583e+00 3.159241144e+00 3.159680881e+00 5.446928132e+00 5.447262339e+00
7.098997996e+04 2.890514854e+00 2.889877808e+00 3.064366893e+00 3.064761693e+00 5.450001016e+00 5.450409658e+00
7.142284569e+04 2.989342642e+00 2.988679976e+00 2.976473472e+00 2.976823500e+00 5.440131179e+00 5.440608894e+00
7.185571142e+04 3.093666727e+00 3.092982397e+00 2.895742946e+00 2.896048494e+00 5.417564620e+00 5.418105446e+00
7.228857715e+04 3.202990285e+00 3.202288803e+00 2.822301829e+00 2.822563286e+00 5.382675435e+00 5.383272926e+00
7.272144289e+04 3.316742658e+00 3.316029078e+00 2.756229571e+00 2.756447384e+00 5.335959492e+00 5.336606859e+00
7.315430862e+04 3.434279061e+00 3.433558953e+00 2.697566695e+00 2.697741346e+00 5.278026294e+00 5.278716523e+00
7.358717435e+04 3.554882403e+00 3.554161801e+00 2.646322384e+00 2.646454365e+00 5.209589418e+00 5.210315396e+00
7.402004008e+04 3.677767469e+00 3.677052802e+00 2.602481400e+00 2.602571198e+00 5.131455091e+00 5.132209719e+00
7.445290581e+04 3.802087311e+00 3.801385312e+00 2.566010173e+00 2.566058253e+00 5.044509485e+00 5.045285774e+00
7.488577154e+04 3.926941778e+00 3.926259384e+00 2.536861966e+00 2.536868765e+00 4.949704799e+00 4.950495966e+00
7.531863727e+04 4.051388183e+00 4.050732413e+00 2.514981237e+00 2.514947162e+00 4.848044078e+00 4.848843625e+00
7.575150301e+04 4.174453472e+00 4.173831300e+00 2.500306973e+00 2.500232402e+00 4.740565446e+00 4.741367221e+00
7.618436874e+04 4.295147943e+00 4.294566159e+00 2.492775150e+00 2.492660437e+00 4.628325886e+00 4.629124138e+00
7.661723447e+04 4.412479085e+00 4.411944164e+00 2.492320126e+00 2.492165613e+00 4.512385917e+00 4.513175336e+00
7.705010020e+04 4.525466759e+00 4.524984731e+00 2.498875323e+00 2.498681354e+00 4.393793705e+00 4.394569448e+00
7.748296593e+04 4.633157884e+00 4.632734209e+00 2.512372919e+00 2.512139862e+00 4.273570771e+00 4.274328477e+00
7.791583166e+04 4.734639991e+00 4.734279454e+00 2.532742775e+00 2.532471044e+00 4.152699537e+00 4.153435331e+00
7.834869739e+04 4.829055365e+00 4.828761983e+00 2.559910541e+00 2.559600622e+00 4.032111234e+00 4.032821720e+00
7.878156313e+04 4.915612186e+00 4.915389140e+00 2.593795162e+00 2.593447645e+00 3.912677380e+00 3.913359632e+00
7.921442886e+04 4.993595558e+00 4.993445142e+00 2.634305656e+00 2.633921269e+00 3.795202158e+00 3.795853691e+00
7.964729459e+04 5.062376293e+00 5.062299886e+00 2.681337452e+00 2.680917094e+00 3.680417451e+00 3.681036200e+00
8.008016032e+04 5.121418231e+00 5.121416292e+00 2.734768257e+00 2.734313037e+00 3.568979823e+00 3.569564111e+00
8.051302605e+04 5.170283894e+00 5.170355986e+00 2.794453599e+00 2.793964867e+00 3.461469488e+00 3.462017986e+00
8.094589178e+04 5.208638369e+00 5.208783182e+00 2.860222266e+00 2.859701655e+00 3.358391096e+00 3.358902792e+00
8.137875752e+04 5.236251714e+00 5.236467128e+00 2.931871680e+00 2.931321136e+00 3.260176064e+00 3.260650223e+00
8.181162325e+04 5.252999849e+00 5.253282995e+00 3.009163449e+00 3.008585259e+00 3.167186211e+00 3.167622341e+00
8.224448898e+04 5.258864042e+00 5.259211381e+00 3.091819251e+00 3.091216070e+00 3.079718423e+00 3.080116233e+00
8.267735471e+04 5.253929061e+00 5.254336469e+00 3.179517254e+00 3.178892121e+00 2.998010048e+00 2.998369419e+00
8.311022044e+04 5.238380203e+00 5.238843067e+00 3.271889181e+00 3.271245530e+00 2.922244811e+00 2.922565760e+00
8.354308617e+04 5.212499065e+00 5.213012373e+00 3.368518294e+00 3.367859951e+00 2.852558976e+00 2.852841628e+00
8.397595190e+04 5.176658353e+00 5.177216790e+00 3.468938411e+00 3.468269583e+00 2.789047441e+00 2.789292002e+00
8.440881764e+04 5.131315399e+00 5.131913439e+00 3.572633994e+00 3.571959249e+00 2.731770020e+00 2.731976753e+00
8.484168337e+04 5.077004940e+00 5.077636937e+00 3.679041573e+00 3.678365801e+00 2.680757115e+00 2.680926323e+00
8.527454910e+04 5.014331137e+00 5.014991407e+00 3.787552445e+00 3.786880817e+00 2.636014909e+00 2.636146914e+00
8.570741483e+04 4.943958249e+00 4.944641147e+00 3.897516738e+00 3.896854644e+00 2.597530472e+00 2.597625603e+00
8.614028056e+04 4.866600988e+00 4.867300979e+00 4.008248668e+00 4.007601648e+00 2.565276053e+00 2.565334639e+00
8.657314629e+04 4.783015094e+00 4.783726811e+00 4.119032400e+00 4.118406072e+00 2.539212553e+00 2.539234914e+00
8.700601202e+04 4.693985788e+00 4.694704088e+00 4.229130103e+00 4.228530076e+00 2.519292929e+00 2.519279374e+00
8.743887776e+04 4.600317731e+00 4.601037739e+00 4.337789662e+00 4.337221444e+00 2.505464479e+00 2.505415305e+00
8.787174349e+04 4.502824261e+00 4.503541399e+00 4.444253582e+00 4.443722503e+00 2.497670698e+00 2.497586199e+00
8.830460922e+04 4.402317183e+00 4.403027206e+00 4.547767915e+00 4.547279021e+00 2.495852505e+00 2.495732969e+00
8.873747495e+04 4.299596962e+00 4.300295967e+00 4.647591579e+00 4.647149563e+00 2.499948833e+00 2.499794562e+00
8.917034068e+04 4.195443670e+00 4.196128110e+00 4.743005363e+00 4.742614478e+00 2.509896683e+00 2.509707998e+00
8.960320641e+04 4.090608961e+00 4.091275649e+00 4.833320545e+00 4.832984540e+00 2.525630621e+00 2.525407880e+00
9.003607214e+04 3.985809039e+00 3.986455145e+00 4.917887008e+00 4.917609060e+00 2.547081783e+00 2.546825399e+00
9.046893788e+04 3.881718705e+00 3.882341741e+00 4.996100766e+00 4.995883447e+00 2.574176416e+00 2.573886877e+00
9.090180361e+04 3.778966747e+00 3.779564566e+00 5.067410522e+00 5.067255750e+00 2.606834012e+00 2.606511899e+00
9.133466934e+04 3.678132510e+00 3.678703277e+00 5.131323462e+00 5.131232496e+00 2.644965086e+00 2.644611099e+00
9.176753507e+04 3.579743749e+00 3.580285926e+00 5.187410013e+00 5.187383436e+00 2.688468645e+00 2.688083628e+00
9.220040080e+04 3.484275614e+00 3.484787937e+00 5.235307685e+00 5.235345413e+00 2.737229463e+00 2.736814423e+00
9.263326653e+04 3.392150721e+00 3.392632174e+00 5.274723994e+00 5.274825298e+00 2.791115166e+00 2.790671303e+00
9.306613226e+04 3.303740187e+00 3.304189979e+00 5.305438462e+00 5.305601993e+00 2.849973260e+00 2.849501987e+00
9.349899800e+04 3.219365445e+00 3.219782985e+00 5.327303733e+00 5.327527562e+00 2.913628253e+00 2.913131215e+00
9.393186373e+04 3.139300802e+00 3.139685673e+00 5.340245904e+00 5.340527572e+00 2.981878776e+00 2.981357875e+00
9.436472946e+04 3.063776449e+00 3.064128381e+00 5.344264077e+00 5.344600646e+00 3.054495041e+00 3.053952446e+00
9.479759519e+04 2.992982072e+00 2.993300925e+00 5.339429142e+00 5.339817253e+00 3.131216423e+00 3.130654583e+00
9.523046092e+04 2.927070493e+00 2.927356231e+00 5.325881862e+00 5.326317797e+00 3.211749698e+00 3.211171346e+00
9.566332665e+04 2.866161410e+00 2.866414083e+00 5.303830385e+00 5.304310132e+00 3.295767763e+00 3.295175918e+00
9.609619238e+04 2.810345337e+00 2.810565061e+00 5.273547031e+00 5.274066344e+00 3.382908810e+00 3.382306769e+00
9.652905812e+04 2.759687524e+00 2.759874469e+00 5.235364190e+00 5.235918653e+00 3.472776465e+00 3.472167790e+00
9.696192385e+04 2.714231464e+00 2.714385835e+00 5.189670177e+00 5.190255267e+00 3.564940337e+00 3.564328834e+00
9.739478958e+04 2.674002156e+00 2.674124185e+00 5.136904595e+00 5.137515734e+00 3.658937306e+00 3.658326993e+00
9.782765531e+04 2.639009505e+00 2.639099441e+00 5.077552183e+00 5.078184799e+00 3.754274192e+00 3.753669268e+00
9.826052104e+04 2.609250935e+00 2.609309036e+00 5.012137396e+00 5.012786965e+00 3.850430491e+00 3.849835289e+00
9.869338677e+04 2.584713863e+00 2.584740394e+00 4.941218024e+00 4.941880119e+00 3.946862202e+00 3.946281142e+00
9.912625251e+04 2.565377872e+00 2.565373098e+00 4.865378396e+00 4.866048728e+00 4.043006400e+00 4.042443938e+00
9.955911824e+04 2.551216296e+00 2.551180485e+00 4.785222862e+00 4.785897307e+00 4.138286093e+00 4.137746654e+00
9.999198397e+04 2.542197504e+00 2.542130928e+00 4.701368929e+00 4.702043565e+00 4.232115827e+00 4.231603756e+00
1.004248497e+05 2.538285880e+00 2.538188818e+00 4.614440427e+00 4.615111553e+00 4.323907461e+00 4.323426955e+00
1.008577154e+05 2.539442280e+00 2.539315025e+00 4.525061010e+00 4.525725162e+00 4.413076247e+00 4.412631296e+00
1.012905812e+05 2.545624241e+00 2.545467107e+00 4.433847711e+00 4.434501679e+00 4.499047063e+00 4.498641393e+00
1.017234469e+05 2.556785754e+00 2.556599087e+00 4.341404986e+00 4.342045819e+00 4.581260635e+00 4.580897656e+00
1.021563126e+05 2.572876717e+00 2.572660904e+00 4.248319496e+00 4.248944506e+00 4.659179341e+00 4.658862092e+00
1.025891784e+05 2.593842081e+00 2.593597565e+00 4.155155223e+00 4.155761985e+00 4.732293002e+00 4.732024114e+00
1.030220441e+05 2.619620714e+00 2.619348010e+00 4.062449284e+00 4.063035632e+00 4.800124261e+00 4.799905920e+00
1.034549098e+05 2.650143979e+00 2.649843684e+00 3.970708586e+00 3.971272602e+00 4.862233424e+00 4.862067344e+00
1.038877756e+05 2.685334109e+00 2.685006923e+00 3.880407117e+00 3.880947126e+00 4.918222854e+00 4.918110260e+00
1.043206413e+05 2.725102400e+00 2.724749141e+00 3.791983972e+00 3.792498526e+00 4.967740822e+00 4.967682436e+00
1.047535070e+05 2.769347268e+00 2.768968888e+00 3.705842121e+00 3.706329987e+00 5.010484741e+00 5.010480787e+00
1.051863727e+05 2.817952217e+00 2.817549821e+00 3.622347854e+00 3.622807997e+00 5.046203814e+00 5.046254020e+00
1.056192385e+05 2.870783774e+00 2.870358633e+00 3.541830855e+00 3.542262423e+00 5.074701068e+00 5.074804685e+00
1.060521042e+05 2.927689475e+00 2.927243041e+00 3.464584823e+00 3.464987131e+00 5.095834792e+00 5.095990612e+00
1.064849699e+05 2.988495954e+00 2.988029873e+00 3.390868567e+00 3.391241074e+00 5.109519342e+00 5.109725726e+00
1.069178357e+05 3.053007091e+00 3.052523207e+00 3.320907586e+00 3.321249893e+00 5.115725580e+00 5.115980506e+00
1.073507014e+05 3.121002712e+00 3.120503091e+00 3.254895795e+00 3.255207607e+00 5.114480072e+00 5.114781138e+00
1.077835671e+05 3.192237043e+00 3.191723954e+00 3.192997791e+00 3.193278924e+00 5.105864905e+00 5.106209410e+00
1.082164329e+05 3.266438154e+00 3.265914081e+00 3.135350964e+00 3.135601317e+00 5.090015646e+00 5.090400610e+00
1.086492986e+05 3.343307433e+00 3.342775068e+00 3.082068012e+00 3.082287557e+00 5.067119539e+00 5.067541755e+00
1.090821643e+05 3.422519432e+00 3.421981661e+00 3.033239061e+00 3.033427834e+00 5.037413453e+00 5.037869529e+00
1.095150301e+05 3.503722751e+00 3.503182643e+00 2.988934340e+00 2.989092427e+00 5.001180275e+00 5.001666681e+00
1.099478958e+05 3.586540916e+00 3.586001701e+00 2.949206270e+00 2.949333799e+00 4.958745891e+00 4.959259005e+00
1.103807615e+05 3.670574106e+00 3.670039148e+00 2.914091686e+00 2.914188818e+00 4.910475189e+00 4.911011334e+00
1.108136273e+05 3.755401332e+00 3.754874099e+00 2.883613800e+00 2.883680728e+00 4.856767854e+00 4.857323345e+00
1.112464930e+05 3.840583160e+00 3.840067192e+00 2.857784032e+00 2.857820969e+00 4.798053766e+00 4.798624941e+00
1.116793587e+05 3.925664936e+00 3.925163805e+00 2.836603594e+00 2.836610778e+00 4.734788137e+00 4.735371395e+00
1.121122244e+05 4.010180374e+00 4.009697642e+00 2.820064828e+00 2.820042514e+00 4.667446556e+00 4.668038383e+00
1.125450902e+05 4.093655587e+00 4.093194765e+00 2.808152347e+00 2.808100812e+00 4.596519757e+00 4.597116759e+00
1.129779559e+05 4.175613586e+00 4.175178090e+00 2.800843961e+00 2.800763503e+00 4.522508198e+00 4.523107120e+00
1.134108216e+05 4.255578475e+00 4.255171580e+00 2.798111207e+00 2.798002152e+00 4.445917274e+00 4.446515020e+00
1.138436874e+05 4.333080163e+00 4.332704963e+00 2.799919739e+00 2.799782439e+00 4.367252260e+00 4.367845908e+00
1.142765531e+05 4.407659148e+00 4.407318512e+00 2.806229475e+00 2.806064322e+00 4.287013343e+00 4.287600158e+00
1.147094188e+05 4.478870637e+00 4.478567173e+00 2.816994637e+00 2.816802064e+00 4.205691482e+00 4.206268922e+00
1.151422846e+05 4.546289378e+00 4.546025399e+00 2.832163263e+00 2.831943755e+00 4.123764082e+00 4.124329806e+00
1.155751503e+05 4.609513961e+00 4.609291458e+00 2.851676698e+00 2.851430800e+00 4.041691224e+00 4.042243092e+00
1.160080160e+05 4.668170155e+00 4.667990771e+00 2.875469084e+00 2.875197414e+00 3.959912874e+00 3.960448944e+00
1.164408818e+05 4.721914753e+00 4.721779764e+00 2.903466401e+00 2.903169656e+00 3.878846024e+00 3.879364552e+00
1.168737475e+05 4.770438664e+00 4.770348972e+00 2.935585519e+00 2.935264489e+00 3.798882580e+00 3.799382012e+00
1.173066132e+05 4.813469587e+00 4.813425709e+00 2.971733143e+00 2.971388719e+00 3.720387787e+00 3.720866750e+00
1.177394790e+05 4.850774383e+00 4.850776454e+00 3.011804619e+00 3.011437809e+00 3.643699074e+00 3.644156371e+00
1.181723447e+05 4.882160684e+00 4.882208462e+00 3.055682834e+00 3.055294766e+00 3.569125582e+00 3.569560180e+00
1.186052104e+05 4.907478213e+00 4.907571089e+00 3.103237035e+00 3.102828972e+00 3.496948051e+00 3.497359066e+00
1.190380762e+05 4.926619739e+00 4.926756758e+00 3.154321683e+00 3.153895028e+00 3.427419027e+00 3.427805719e+00
1.194709419e+05 4.939521504e+00 4.939701378e+00 3.208775399e+00 3.208331704e+00 3.360763511e+00 3.361125267e+00
1.199038076e+05 4.946163123e+00 4.946384263e+00 3.266420052e+00 3.265961021e+00 3.297179975e+00 3.297516297e+00
1.203366733e+05 4.946567116e+00 4.946827653e+00 3.327059998e+00 3.326587491e+00 3.236841595e+00 3.237152093e+00
1.207695391e+05 4.940798067e+00 4.941095885e+00 3.390481504e+00 3.389997536e+00 3.179897667e+00 3.180182041e+00
1.212024048e+05 4.928961385e+00 4.929294152e+00 3.456452411e+00 3.455959149e+00 3.126475172e+00 3.126733204e+00
1.216352705e+05 4.911201677e+00 4.911566878e+00 3.524722059e+00 3.524221817e+00 3.076680460e+00 3.076912006e+00
1.220681363e+05 4.887700782e+00 4.888095749e+00 3.595021507e+00 3.594516739e+00 3.030600985e+00 3.030805960e+00
1.225010020e+05 4.858675484e+00 4.859097433e+00 3.667064055e+00 3.666557340e+00 2.988307040e+00 2.988485414e+00
1.229338677e+05 4.824374950e+00 4.824821011e+00 3.740546083e+00 3.740040113e+00 2.949853465e+00 2.950005253e+00
1.233667335e+05 4.785077890e+00 4.785545136e+00 3.815148219e+00 3.814645778e+00 2.915281286e+00 2.915406543e+00
1.237995992e+05 4.741089491e+00 4.741574973e+00 3.890536822e+00 3.890040768e+00 2.884619275e+00 2.884718088e+00
1.242324649e+05 4.692738167e+00 4.693238937e+00 3.966365776e+00 3.965879013e+00 2.857885388e+00 2.857957874e+00
1.246653307e+05 4.640372153e+00 4.640885293e+00 4.042278559e+00 4.041804015e+00 2.835088072e+00 2.835134372e+00
1.250981964e+05 4.584355992e+00 4.584878634e+00 4.117910586e+00 4.117451182e+00 2.816227425e+00 2.816247705e+00
1.255310621e+05 4.525066966e+00 4.525596317e+00 4.192891753e+00 4.192450378e+00 2.801296202e+00 2.801290648e+00
1.259639279e+05 4.462891513e+00 4.463424870e+00 4.266849178e+00 4.266428654e+00 2.790280649e+00 2.790249470e+00
1.263967936e+05 4.398221685e+00 4.398756453e+00 4.339410061e+00 4.339013116e+00 2.783161181e+00 2.783104608e+00
1.268296593e+05 4.331451693e+00 4.331985396e+00 4.410204640e+00 4.409833876e+00 2.779912885e+00 2.779831173e+00
1.272625251e+05 4.262974582e+00 4.263504877e+00 4.478869171e+00 4.478527038e+00 2.780505860e+00 2.780399293e+00
1.276953908e+05 4.193179099e+00 4.193703781e+00 4.545048903e+00 4.544737669e+00 2.784905400e+00 2.784774292e+00
1.281282565e+05 4.122446765e+00 4.122963773e+00 4.608400987e+00 4.608122716e+00 2.793072011e+00 2.792916712e+00
1.285611222e+05 4.051149210e+00 4.051656633e+00 4.668597287e+00 4.668353814e+00 2.804961298e+00 2.804782199e+00
1.289939880e+05 3.979645791e+00 3.980141866e+00 4.725327031e+00 4.725119945e+00 2.820523709e+00 2.820321247e+00
1.294268537e+05 3.908281512e+00 3.908764628e+00 4.778299293e+00 4.778129921e+00 2.839704152e+00 2.839478820e+00
1.298597194e+05 3.837385257e+00 3.837853949e+00 4.827245271e+00 4.827114664e+00 2.862441522e+00 2.862193870e+00
1.302925852e+05 3.767268358e+00 3.767721305e+00 4.871920322e+00 4.871829246e+00 2.888668112e+00 2.888398760e+00
1.307254509e+05 3.698223482e+00 3.698659502e+00 4.912105748e+00 4.912054684e+00 2.918308963e+00 2.918018604e+00
1.311583166e+05 3.630523835e+00 3.630941881e+00 4.947610325e+00 4.947599465e+00 2.951281158e+00 2.950970569e+00
1.315911824e+05 3.564422672e+00 3.564821820e+00 4.978271564e+00 4.978300813e+00 2.987493074e+00 2.987163119e+00
1.320240481e+05 3.500153086e+00 3.500532535e+00 5.003956690e+00 5.004025674e+00 3.026843621e+00 3.026495260e+00
1.324569138e+05 3.437928066e+00 3.438287125e+00 5.024563357e+00 5.024671433e+00 3.069221491e+00 3.068855787e+00
1.328897796e+05 3.377940787e+00 3.378278868e+00 5.040020089e+00 5.040166358e+00 3.114504436e+00 3.114122559e+00
1.333226453e+05 3.320365102e+00 3.320681713e+00 5.050286460e+00 5.050469778e+00 3.162558602e+00 3.162161831e+00
1.337555110e+05 3.265356218e+00 3.265650953e+00 5.055353008e+00 5.055572010e+00 3.213237939e+00 3.212827668e+00
1.341883768e+05 3.213051508e+00 3.213324041e+00 5.055240912e+00 5.055494027e+00 3.266383711e+00 3.265961450e+00
1.346212425e+05 3.163571447e+00 3.163821521e+00 5.050001414e+00 5.050286885e+00 3.321824138e+00 3.321391512e+00
1.350541082e+05 3.117020616e+00 3.117248041e+00 5.039715025e+00 5.040030933e+00 3.379374166e+00 3.378932914e+00
1.354869739e+05 3.073488787e+00 3.073693425e+00 5.024490492e+00 5.024834779e+00 3.438835417e+00 3.438387386e+00
1.359198397e+05 3.033052008e+00 3.033233776e+00 5.004463572e+00 5.004834061e+00 3.499996299e+00 3.499543443e+00
1.363527054e+05 2.995773717e+00 2.995932573e+00 4.979795597e+00 4.980190019e+00 3.562632325e+00 3.562176693e+00
1.367855711e+05 2.961705823e+00 2.961841763e+00 4.950671867e+00 4.951087878e+00 3.626506615e+00 3.626050342e+00
1.372184369e+05 2.930889760e+00 2.931002817e+00 4.917299860e+00 4.917735067e+00 3.691370612e+00 3.690915909e+00
1.376513026e+05 2.903357482e+00 2.903447718e+00 4.879907303e+00 4.880359284e+00 3.756964998e+00 3.756514135e+00
1.380841683e+05 2.879132399e+00 2.879199903e+00 4.838740107e+00 4.839206431e+00 3.823020808e+00 3.822576102e+00
1.385170341e+05 2.858230221e+00 2.858275106e+00 4.794060190e+00 4.794538435e+00 3.889260742e+00 3.888824537e+00
1.389498998e+05 2.840659725e+00 2.840682127e+00 4.746143215e+00 4.746630988e+00 3.955400647e+00 3.954975297e+00
1.393827655e+05 2.826423418e+00 2.826423497e+00 4.695276268e+00 4.695771216e+00 4.021151163e+00 4.020739011e+00
1.398156313e+05 2.815518107e+00 2.815496041e+00 4.641755490e+00 4.642255318e+00 4.086219511e+00 4.085822870e+00
1.402484970e+05 2.807935353e+00 2.807891345e+00 4.585883714e+00 4.586386199e+00 4.150311392e+00 4.149932520e+00
1.406813627e+05 2.803661832e+00 2.803596106e+00 4.527968117e+00 4.528471114e+00 4.213132975e+00 4.212774059e+00
1.411142285e+05 2.802679581e+00 2.802592387e+00 4.468317912e+00 4.468819367e+00 4.274392952e+00 4.274056085e+00
1.415470942e+05 2.804966140e+00 2.804857753e+00 4.407242127e+00 4.407740085e+00 4.333804623e+00 4.333491783e+00
1.419799599e+05 2.810494595e+00 2.810365323e+00 4.345047484e+00 4.345540091e+00 4.391087978e+00 4.390801008e+00
1.424128257e+05 2.819233523e+00 2.819083705e+00 4.282036395e+00 4.282521907e+00 4.445971762e+00 4.445712355e+00
1.428456914e+05 2.831146848e+00 2.830976861e+00 4.218505111e+00 4.218981895e+00 4.498195485e+00 4.497965165e+00
1.432785571e+05 2.846193612e+00 2.846003876e+00 4.154742025e+00 4.155208563e+00 4.547511353e+00 4.547311461e+00
1.437114228e+05 2.864327669e+00 2.864118649e+00 4.091026172e+00 4.091481055e+00 4.593686096e+00 4.593517780e+00
1.441442886e+05 2.885497303e+00 2.885269515e+00 4.027625903e+00 4.028067839e+00 4.636502683e+00 4.636366885e+00
1.445771543e+05 2.909644806e+00 2.909398822e+00 3.964797764e+00 3.965225570e+00 4.675761885e+00 4.675659336e+00
1.450100200e+05 2.936705999e+00 2.936442453e+00 3.902785568e+00 3.903198170e+00 4.711283698e+00 4.711214912e+00
1.454428858e+05 2.966609731e+00 2.966329323e+00 3.841819661e+00 3.842216090e+00 4.742908587e+00 4.742873858e+00
1.458757515e+05 2.999277351e+00 2.998980851e+00 3.782116394e+00 3.782495781e+00 4.770498562e+00 4.770497967e+00
1.463086172e+05 3.034622183e+00 3.034310436e+00 3.723877765e+00 3.724239340e+00 4.793938070e+00 4.793971467e+00
1.467414830e+05 3.072549008e+00 3.072222939e+00 3.667291249e+00 3.667634331e+00 4.813134696e+00 4.813201732e+00
1.471743487e+05 3.112953576e+00 3.112614191e+00 3.612529780e+00 3.612853775e+00 4.828019674e+00 4.828119793e+00
1.476072144e+05 3.155722160e+00 3.155370552e+00 3.559751880e+00 3.560056275e+00 4.838548210e+00 4.838680660e+00
1.480400802e+05 3.200731173e+00 3.200368520e+00 3.509101924e+00 3.509386280e+00 4.844699612e+00 4.844863455e+00
1.484729459e+05 3.247846855e+00 3.247474422e+00 3.460710508e+00 3.460974459e+00 4.846477224e+00 4.846671351e+00
1.489058116e+05 3.296925052e+00 3.296544192e+00 3.414694921e+00 3.414938162e+00 4.843908180e+00 4.844131326e+00
1.493386774e+05 3.347811102e+00 3.347423251e+00 3.371159684e+00 3.371381972e+00 4.837042978e+00 4.837293731e+00
1.497715431e+05 3.400339833e+00 3.399946511e+00 3.330197157e+00 3.330398301e+00 4.825954865e+00 4.826231686e+00
1.502044088e+05 3.454335691e+00 3.453938494e+00 3.291888177e+00 3.292068037e+00 4.810739061e+00 4.811040301e+00
1.506372745e+05 3.509613005e+00 3.509213601e+00 3.256302733e+00 3.256461213e+00 4.791511816e+00 4.791835731e+00
1.510701403e+05 3.565976391e+00 3.565576515e+00 3.223500639e+00 3.223637685e+00 4.768409314e+00 4.768754080e+00
1.515030060e+05 3.623221309e+00 3.622822748e+00 3.193532212e+00 3.193647809e+00 4.741586431e+00 4.741950164e+00
1.519358717e+05 3.681134757e+00 3.680739346e+00 3.166438936e+00 3.166533100e+00 4.711215368e+00 4.711596138e+00
1.523687375e+05 3.739496116e+00 3.739105723e+00 3.142254086e+00 3.142326870e+00 4.677484157e+00 4.677880004e+00
1.528016032e+05 3.798078134e+00 3.797694651e+00 3.121003332e+00 3.121054814e+00 4.640595073e+00 4.641004022e+00
1.532344689e+05 3.856648038e+00 3.856273364e+00 3.102705281e+00 3.102735570e+00 4.600762958e+00 4.601183035e+00
1.536673347e+05 3.914968769e+00 3.914604796e+00 3.087371975e+00 3.087381208e+00 4.558213483e+00 4.558642726e+00
1.541002004e+05 3.972800315e+00 3.972448917e+00 3.075009338e+00 3.074997677e+00 4.513181354e+00 4.513617828e+00
1.545330661e+05 4.029901146e+00 4.029564157e+00 3.065617551e+00 3.065585184e+00 4.465908499e+00 4.466350304e+00
1.549659319e+05 4.086029704e+00 4.085708911e+00 3.059191368e+00 3.059138512e+00 4.416642243e+00 4.417087528e+00
1.553987976e+05 4.140945965e+00 4.140643084e+00 3.055720367e+00 3.055647265e+00 4.365633506e+00 4.366080475e+00
1.558316633e+05 4.194413010e+00 4.194129677e+00 3.055189132e+00 3.055096058e+00 4.313135028e+00 4.313581951e+00
1.562645291e+05 4.246198630e+00 4.245936382e+00 3.057577376e+00 3.057464633e+00 4.259399659e+00 4.259844875e+00
1.566973948e+05 4.296076902e+00 4.295837168e+00 3.062859995e+00 3.062727919e+00 4.204678716e+00 4.205120640e+00
1.571302605e+05 4.343829745e+00 4.343613829e+00 3.071007065e+00 3.070856027e+00 4.149220433e+00 4.149657561e+00
1.575631263e+05 4.389248425e+00 4.389057498e+00 3.081983782e+00 3.081814192e+00 4.093268524e+00 4.093699436e+00
1.579959920e+05 4.432134993e+00 4.431970081e+00 3.095750351e+00 3.095562658e+00 4.037060860e+00 4.037484222e+00
1.584288577e+05 4.472303636e+00 4.472165611e+00 3.112261831e+00 3.112056529e+00 3.980828279e+00 3.981242844e+00
1.588617234e+05 4.509581930e+00 4.509471506e+00 3.131467935e+00 3.131245564e+00 3.924793534e+00 3.925198143e+00
1.592945892e+05 4.543811989e+00 4.543729714e+00 3.153312805e+00 3.153073954e+00 3.869170386e+00 3.869563967e+00
1.597274549e+05 4.574851483e+00 4.574797738e+00 3.177734759e+00 3.177480072e+00 3.814162838e+00 3.814544405e+00
1.601603206e+05 4.602574531e+00 4.602549528e+00 3.204666021e+00 3.204396195e+00 3.759964524e+00 3.760333176e+00
1.605931864e+05 4.626872460e+00 4.626876240e+00 3.234032446e+00 3.233748240e+00 3.706758230e+00 3.707113146e+00
1.610260521e+05 4.647654412e+00 4.647686852e+00 3.265753251e+00 3.265455483e+00 3.654715566e+00 3.655056005e+00
1.614589178e+05 4.664847819e+00 4.664908632e+00 3.299740749e+00 3.299430300e+00 3.603996755e+00 3.604322052e+00
1.618917836e+05 4.678398728e+00 4.678487469e+00 3.335900114e+00 3.335577931e+00 3.554750556e+00 3.555060118e+00
1.623246493e+05 4.688271982e+00 4.688388055e+00 3.374129174e+00 3.373796269e+00 3.507114292e+00 3.507407593e+00
1.627575150e+05 4.694451255e+00 4.694593921e+00 3.414318243e+00 3.413975692e+00 3.461213980e+00 3.461490560e+00
1.631903808e+05 4.696938947e+00 4.697107334e+00 3.456350005e+00 3.455998953e+00 3.417164557e+00 3.417424017e+00
1.636232465e+05 4.695755945e+00 4.695949055e+00 3.500099462e+00 3.499741116e+00 3.375070175e+00 3.375312171e+00
1.640561122e+05 4.690941246e+00 4.691157971e+00 3.545433939e+00 3.545069570e+00 3.335024562e+00 3.335248803e+00
1.644889780e+05 4.682551464e+00 4.682790592e+00 3.592213172e+00 3.591844110e+00 3.297111438e+00 3.297317682e+00
1.649218437e+05 4.670660199e+00 4.670920430e+00 3.640289469e+00 3.639917100e+00 3.261404965e+00 3.261593016e+00
1.653547094e+05 4.655357317e+00 4.655637272e+00 3.689507960e+00 3.689133721e+00 3.227970232e+00 3.228139934e+00
1.657875752e+05 4.636748102e+00 4.637046336e+00 3.739706932e+00 3.739332305e+00 3.196863747e+00 3.197014984e+00
1.662204409e+05 4.614952327e+00 4.615267345e+00 3.790718252e+00 3.790344759e+00 3.168133946e+00 3.168266638e+00
1.666533066e+05 4.590103236e+00 4.590433499e+00 3.842367882e+00 3.841997075e+00 3.141821691e+00 3.141935790e+00
1.670861723e+05 4.562346445e+00 4.562690385e+00 3.894476480e+00 3.894109935e+00 3.117960762e+00 3.118056250e+00
1.675190381e+05 4.531838782e+00 4.532194815e+00 3.946860083e+00 3.946499390e+00 3.096578322e+00 3.096655212e+00
1.679519038e+05 4.498747076e+00 4.499113609e+00 3.999330873e+00 3.998977627e+00 3.077695369e+00 3.077753700e+00
1.683847695e+05 4.463246898e+00 4.463622342e+00 4.051698014e+00 4.051353803e+00 3.061327145e+00 3.061366980e+00
1.688176353e+05 4.425521282e+00 4.425904060e+00 4.103768553e+00 4.103434949e+00 3.047483517e+00 3.047504946e+00
1.692505010e+05 4.385759420e+00 4.386147976e+00 4.155348381e+00 4.155026930e+00 3.036169309e+00 3.036172444e+00
1.696833667e+05 4.344155364e+00 4.344548173e+00 4.206243229e+00 4.205935437e+00 3.027384611e+00 3.027369590e+00
1.701162325e+05 4.300906733e+00 4.301302305e+00 4.256259706e+00 4.255967031e+00 3.021125028e+00 3.021092012e+00
1.705490982e+05 4.256213440e+00 4.256610329e+00 4.305206372e+00 4.304930211e+00 3.017381886e+00 3.017331061e+00
1.709819639e+05 4.210276458e+00 4.210673267e+00 4.352894805e+00 4.352636485e+00 3.016142393e+00 3.016073969e+00
1.714148297e+05 4.163296631e+00 4.163692016e+00 4.399140677e+00 4.398901443e+00 3.017389761e+00 3.017303975e+00
1.718476954e+05 4.115473540e+00 4.115866214e+00 4.443764811e+00 4.443545820e+00 3.021103278e+00 3.021000393e+00
1.722805611e+05 4.067004437e+00 4.067393176e+00 4.486594224e+00 4.486396532e+00 3.027258345e+00 3.027138655e+00
1.727134269e+05 4.018083252e+00 4.018466892e+00 4.527463126e+00 4.527287684e+00 3.035826467e+00 3.035690295e+00
1.731462926e+05 3.968899673e+00 3.969277118e+00 4.566213887e+00 4.566061530e+00 3.046775216e+00 3.046622917e+00
1.735791583e+05 3.919638333e+00 3.920008550e+00 4.602697937e+00 4.602569383e+00 3.060068145e+00 3.059900108e+00
1.740120240e+05 3.870478066e+00 3.870840092e+00 4.636776617e+00 4.636672459e+00 3.075664689e+00 3.075481341e+00
1.744448898e+05 3.821591272e+00 3.821944209e+00 4.668321955e+00 4.668242657e+00 3.093520035e+00 3.093321840e+00
1.748777555e+05 3.773143366e+00 3.773486380e+00 4.697217363e+00 4.697163261e+00 3.113584974e+00 3.113372437e+00
1.753106212e+05 3.725292322e+00 3.725624646e+00 4.723358270e+00 4.723329567e+00 3.135805733e+00 3.135579401e+00
1.757434870e+05 3.678188322e+00 3.678509251e+00 4.746652649e+00 4.746649418e+00 3.160123806e+00 3.159884272e+00
1.761763527e+05 3.631973468e+00 3.632282360e+00 4.767021483e+00 4.767043665e+00 3.186475779e+00 3.186223680e+00
1.766092184e+05 3.586781610e+00 3.587077880e+00 4.784399122e+00 4.784446532e+00 3.214793150e+00 3.214529172e+00
1.770420842e+05 3.542738233e+00 3.543021355e+00 4.798733558e+00 4.798805885e+00 3.245002169e+00 3.244727047e+00
1.774749499e+05 3.499960431e+00 3.500229933e+00 4.809986606e+00 4.810083420e+00 3.277023686e+00 3.276738205e+00
1.779078156e+05 3.458556939e+00 3.458812401e+00 4.818134005e+00 4.818254760e+00 3.310773023e+00 3.310478019e+00
1.783406814e+05 3.418628232e+00 3.418869283e+00 4.823165418e+00 4.823309460e+00 3.346159871e+00 3.345856229e+00
1.787735471e+05 3.380266678e+00 3.380492994e+00 4.825084354e+00 4.825250924e+00 3.383088220e+00 3.382776876e+00
1.792064128e+05 3.343556733e+00 3.343768033e+00 4.823907996e+00 4.824096243e+00 3.421456329e+00 3.421138268e+00
1.796392786e+05 3.308575178e+00 3.308771223e+00 4.819666961e+00 4.819875945e+00 3.461156733e+00 3.460832991e+00
1.800721443e+05 3.275391394e+00 3.275571983e+00 4.812404958e+00 4.812633661e+00 3.502076308e+00 3.501747963e+00
1.805050100e+05 3.244067647e+00 3.244232615e+00 4.802178386e+00 4.802425720e+00 3.544096379e+00 3.543764553e+00
1.809378758e+05 3.214659402e+00 3.214808618e+00 4.789055860e+00 4.789320673e+00 3.587092883e+00 3.586758740e+00
1.813707415e+05 3.187215641e+00 3.187349004e+00 4.773117658e+00 4.773398748e+00 3.630936596e+00 3.630601336e+00
1.818036072e+05 3.161779186e+00 3.161896627e+00 4.754455118e+00 4.754751236e+00 3.675493411e+00 3.675158263e+00
1.822364729e+05 3.138387027e+00 3.138488502e+00 4.733169964e+00 4.733479829e+00 3.720624678e+00 3.720290899e+00
1.826693387e+05 3.117070635e+00 3.117156126e+00 4.709373589e+00 4.709695890e+00 3.766187606e+00 3.765856474e+00
1.831022044e+05 3.097856267e+00 3.097925783e+00 4.683186294e+00 4.683519704e+00 3.812035708e+00 3.811708516e+00
1.835350701e+05 3.080765260e+00 3.080818830e+00 4.654736473e+00 4.655079653e+00 3.858019330e+00 3.857697378e+00
1.839679359e+05 3.065814296e+00 3.065851975e+00 4.624159776e+00 4.624511384e+00 3.903986204e+00 3.903670793e+00
1.844008016e+05 3.053015658e+00 3.053037518e+00 4.591598246e+00 4.591956947e+00 3.949782062e+00 3.949474488e+00
1.848336673e+05 3.042377447e+00 3.042383585e+00 4.557199438e+00 4.557563906e+00 3.995251297e+00 3.994952838e+00
1.852665331e+05 3.033903785e+00 3.033894317e+00 4.521115521e+00 4.521484447e+00 4.040237648e+00 4.039949563e+00
1.856993988e+05 3.027594983e+00 3.027570046e+00 4.483502381e+00 4.483874482e+00 4.084584933e+00 4.084308449e+00
1.861322645e+05 3.023447683e+00 3.023407436e+00 4.444518731e+00 4.444892750e+00 4.128137795e+00 4.127874101e+00
1.865651303e+05 3.021454972e+00 3.021399595e+00 4.404325227e+00 4.404699942e+00 4.170742469e+00 4.170492708e+00
1.869979960e+05 3.021606459e+00 3.021536153e+00 4.363083611e+00 4.363457837e+00 4.212247567e+00 4.212012829e+00
1.874308617e+05 3.023888338e+00 3.023803328e+00 4.320955868e+00 4.321328461e+00 4.252504855e+00 4.252286168e+00
1.878637275e+05 3.028283405e+00 3.028183939e+00 4.278103431e+00 4.278473291e+00 4.291370031e+00 4.291168354e+00
1.882965932e+05 3.034771065e+00 3.034657417e+00 4.234686415e+00 4.235052488e+00 4.328703492e+00 4.328519710e+00
1.887294589e+05 3.043327308e+00 3.043199777e+00 4.190862891e+00 4.191224174e+00 4.364371080e+00 4.364205998e+00
1.891623246e+05 3.053924653e+00 3.053783566e+00 4.146788222e+00 4.147143760e+00 4.398244808e+00 4.398099145e+00
1.895951904e+05 3.066532084e+00 3.066377796e+00 4.102614446e+00 4.102963336e+00 4.430203550e+00 4.430077932e+00
1.900280561e+05 3.081114966e+00 3.080947863e+00 4.058489714e+00 4.058831105e+00 4.460133676e+00 4.460028638e+00
1.904609218e+05 3.097634946e+00 3.097455445e+00 4.014557787e+00 4.014890881e+00 4.487929674e+00 4.487845650e+00
1.908937876e+05 3.116049841e+00 3.115858392e+00 3.970957575e+00 3.971281625e+00 4.513494714e+00 4.513432041e+00
1.913266533e+05 3.136313520e+00 3.136110608e+00 3.927822771e+00 3.928137084e+00 4.536741145e+00 4.536700057e+00
1.917595190e+05 3.158375777e+00 3.158161922e+00 3.885281524e+00 3.885585456e+00 4.557590946e+00 4.557571574e+00
1.921923848e+05 3.182182218e+00 3.181957976e+00 3.843456169e+00 3.843749126e+00 4.575976117e+00 4.575978492e+00
1.926252505e+05 3.207674138e+00 3.207440103e+00 3.802463022e+00 3.802744460e+00 4.591839006e+00 4.591863056e+00
1.930581162e+05 3.234788414e+00 3.234545219e+00 3.762412208e+00 3.762681629e+00 4.605132594e+00 4.605178151e+00
1.934909820e+05 3.263457411e+00 3.263205726e+00 3.723407584e+00 3.723664537e+00 4.615820666e+00 4.615887461e+00
1.939238477e+05 3.293608902e+00 3.293349438e+00 3.685546676e+00 3.685790755e+00 4.623877952e+00 4.623965626e+00
1.943567134e+05 3.325166016e+00 3.324899521e+00 3.648920671e+00 3.649151511e+00 4.629290200e+00 4.629398303e+00
1.947895792e+05 3.358047200e+00 3.357774462e+00 3.613614442e+00 3.613831718e+00 4.632054175e+00 4.632182171e+00
1.952224449e+05 3.392166217e+00 3.391888061e+00 3.579706617e+00 3.579910045e+00 4.632177600e+00 4.632324873e+00
1.956553106e+05 3.427432185e+00 3.427149470e+00 3.547269691e+00 3.547459022e+00 4.629679005e+00 4.629844865e+00
1.960881764e+05 3.463749636e+00 3.463463258e+00 3.516370140e+00 3.516545162e+00 4.624587548e+00 4.624771233e+00
1.965210421e+05 3.501018624e+00 3.500729511e+00 3.487068578e+00 3.487229111e+00 4.616942750e+00 4.617143437e+00
1.969539078e+05 3.539134866e+00 3.538843974e+00 3.459419917e+00 3.459565814e+00 4.606794198e+00 4.607011006e+00
1.973867735e+05 3.577989929e+00 3.577698244e+00 3.433473554e+00 3.433604697e+00 4.594201155e+00 4.594433154e+00
1.978196393e+05 3.617471470e+00 3.617179998e+00 3.409273561e+00 3.409389861e+00 4.579232142e+00 4.579478355e+00
1.982525050e+05 3.657463505e+00 3.657173274e+00 3.386858882e+00 3.386960278e+00 4.561964460e+00 4.562223875e+00
1.986853707e+05 3.697846730e+00 3.697558782e+00 3.366263527e+00 3.366349984e+00 4.542483672e+00 4.542755246e+00
1.991182365e+05 3.738498869e+00 3.738214257e+00 3.347516772e+00 3.347588279e+00 4.520883056e+00 4.521165721e+00
1.995511022e+05 3.779295097e+00 3.779014879e+00 3.330643351e+00 3.330699923e+00 4.497262983e+00 4.497555654e+00
1.999839679e+05 3.820108469e+00 3.819833704e+00 3.315663639e+00 3.315705312e+00 4.471730303e+00 4.472031882e+00
2.004168337e+05 3.860810405e+00 3.860542146e+00 3.302593825e+00 3.302620658e+00 4.444397684e+00 4.444707069e+00
2.008496994e+05 3.901271197e+00 3.901010487e+00 3.291446073e+00 3.291458149e+00 4.415382938e+00 4.415699024e+00
2.012825651e+05 3.941360539e+00 3.941108403e+00 3.282228682e+00 3.282226103e+00 4.384808334e+00 4.385130025e+00
2.017154309e+05 3.980948109e+00 3.980705551e+00 3.274946204e+00 3.274929097e+00 4.352799890e+00 4.353126097e+00
2.021482966e+05 4.019904146e+00 4.019672138e+00 3.269599569e+00 3.269568079e+00 4.319486674e+00 4.319816324e+00
2.025811623e+05 4.058100044e+00 4.057879526e+00 3.266186180e+00 3.266140477e+00 4.285000106e+00 4.285332145e+00
2.030140281e+05 4.095408962e+00 4.095200833e+00 3.264700004e+00 3.264640278e+00 4.249473264e+00 4.249806663e+00
2.034468938e+05 4.131706438e+00 4.131511551e+00 3.265131628e+00 3.265058092e+00 4.213040209e+00 4.213373963e+00
2.038797595e+05 4.166870997e+00 4.166690152e+00 3.267468317e+00 3.267381206e+00 4.175835319e+00 4.176168454e+00
2.043126253e+05 4.200784749e+00 4.200618691e+00 3.271694034e+00 3.271593609e+00 4.137992667e+00 4.138324242e+00
2.047454910e+05 4.233333982e+00 4.233183394e+00 3.277789474e+00 3.277676017e+00 4.099645405e+00 4.099974512e+00
2.051783567e+05 4.264409741e+00 4.264275242e+00 3.285732050e+00 3.285605870e+00 4.060925187e+00 4.061250957e+00
2.056112224e+05 4.293908359e+00 4.293790497e+00 3.295495887e+00 3.295357317e+00 4.021961655e+00 4.022283255e+00
2.060440882e+05 4.321731980e+00 4.321631233e+00 3.307051795e+00 3.306901196e+00 3.982881937e+00 3.983198575e+00
2.064769539e+05 4.347789073e+00 4.347705841e+00 3.320367250e+00 3.320205010e+00 3.943810158e+00 3.944121081e+00
2.069098196e+05 4.371994853e+00 4.371929463e+00 3.335406339e+00 3.335232873e+00 3.904867075e+00 3.905171572e+00
2.073426854e+05 4.394271695e+00 4.394224390e+00 3.352129720e+00 3.351945473e+00 3.866169698e+00 3.866467099e+00
2.077755511e+05 4.414549529e+00 4.414520477e+00 3.370494581e+00 3.370300027e+00 3.827830951e+00 3.828120627e+00
2.082084168e+05 4.432766159e+00 4.432755448e+00 3.390454582e+00 3.390250225e+00 3.789959408e+00 3.790240772e+00
2.086412826e+05 4.448867499e+00 4.448875132e+00 3.411959816e+00 3.411746190e+00 3.752659063e+00 3.752931566e+00
2.090741483e+05 4.462807888e+00 4.462833796e+00 3.434956755e+00 3.434734427e+00 3.716029153e+00 3.716292287e+00
2.095070140e+05 4.474550211e+00 4.474594248e+00 3.459388230e+00 3.459157793e+00 3.680164006e+00 3.680417303e+00
2.099398798e+05 4.484065973e+00 4.484127915e+00 3.485193407e+00 3.484955489e+00 3.645152924e+00 3.645395954e+00
2.103727455e+05 4.491335451e+00 4.491414995e+00 3.512307766e+00 3.512063026e+00 3.611080149e+00 3.611312516e+00
2.108056112e+05 4.496347820e+00 4.496444602e+00 3.540663088e+00 3.540412214e+00 3.578024796e+00 3.578246141e+00
2.112384770e+05 4.499100938e+00 4.499214524e+00 3.570187518e+00 3.569931227e+00 3.546060861e+00 3.546270861e+00
2.116713427e+05 4.499601212e+00 4.499731105e+00 3.600805642e+00 3.600544680e+00 3.515257366e+00 3.515455731e+00
2.121042084e+05 4.497863915e+00 4.498009560e+00 3.632438374e+00 3.632173514e+00 3.485678146e+00 3.485864616e+00
2.125370741e+05 4.493912581e+00 4.494073367e+00 3.665003225e+00 3.664735265e+00 3.457382174e+00 3.457556520e+00
2.129699399e+05 4.487778914e+00 4.487954180e+00 3.698414360e+00 3.698144123e+00 3.430423599e+00 3.430585624e+00
2.134028056e+05 4.479502602e+00 4.479691642e+00 3.732582710e+00 3.732311039e+00 3.404851822e+00 3.405001353e+00
2.138356713e+05 4.469130984e+00 4.469333051e+00 3.767416151e+00 3.767143909e+00 3.380711642e+00 3.380848535e+00
2.142685371e+05 4.456718725e+00 4.456933037e+00 3.802819694e+00 3.802547758e+00 3.358043396e+00 3.358167531e+00
2.147014028e+05 4.442327427e+00 4.442553170e+00 3.838695713e+00 3.838424976e+00 3.336883116e+00 3.336994399e+00
2.151342685e+05 4.426025214e+00 4.426261549e+00 3.874944208e+00 3.874675571e+00 3.317262680e+00 3.317361039e+00
2.155671343e+05 4.407886348e+00 4.408132413e+00 3.911463052e+00 3.911197424e+00 3.299209948e+00 3.299295334e+00
2.160000000e+05 4.387990773e+00 4.388245693e+00 3.948148300e+00 3.947886590e+00 3.282748912e+00 3.282821298e+00
