time            Cj              Ck              Br              shCj            shCk            shBr            O1              O2             
0.000000000e+00 4.000000000e+00 1.000000000e-05 4.000000000e+00 3.000000000e-01 3.000000000e-01 4.000000000e+00 4.000000000e+00 4.000000000e+00
4.008016032e+01 3.404625316e+00 2.678861453e-02 3.946321137e+00 1.477765299e-01 1.510189277e-01 3.994638489e+00 4.064122763e+00 3.935877237e+00
8.016032064e+01 3.323601870e+00 7.482997006e-02 3.893142739e+00 1.215237726e-01 1.280993481e-01 3.990264253e+00 4.128212577e+00 3.871787423e+00
1.202404810e+02 3.258412837e+00 1.228461723e-01 3.841082862e+00 1.001412624e-01 1.094944864e-01 3.986604184e+00 4.192236562e+00 3.807763438e+00
1.603206413e+02 3.205508557e+00 1.690438509e-01 3.789924970e+00 8.262649465e-02 9.421251877e-02 3.983526651e+00 4.256161973e+00 3.743838027e+00
2.004008016e+02 3.162447460e+00 2.136806545e-01 3.739512710e+00 6.822863479e-02 8.160326317e-02 3.980927165e+00 4.319956264e+00 3.680043736e+00
2.404809619e+02 3.127359500e+00 2.570526363e-01 3.689724702e+00 5.636361236e-02 7.116657370e-02 3.978721399e+00 4.383587161e+00 3.616412839e+00
2.805611222e+02 3.098783322e+00 2.993842285e-01 3.640466004e+00 4.656990014e-02 6.250753719e-02 3.976840745e+00 4.447022719e+00 3.552977281e+00
3.206412826e+02 3.075562363e+00 3.408411274e-01 3.591662412e+00 3.847824151e-02 5.531023400e-02 3.975229047e+00 4.510231392e+00 3.489768608e+00
3.607214429e+02 3.056771937e+00 3.815452892e-01 3.543256203e+00 3.179022810e-02 4.931939410e-02 3.973840129e+00 4.573182089e+00 3.426817911e+00
4.008016032e+02 3.041666352e+00 4.215861843e-01 3.495202853e+00 2.626271144e-02 4.432705054e-02 3.972635900e+00 4.635844237e+00 3.364155763e+00
4.408817635e+02 3.029639865e+00 4.610290992e-01 3.447468472e+00 2.169625233e-02 4.016264497e-02 3.971584852e+00 4.698187839e+00 3.301812161e+00
4.809619238e+02 3.020197490e+00 4.999212862e-01 3.400027780e+00 1.792644702e-02 3.668559471e-02 3.970660891e+00 4.760183526e+00 3.239816474e+00
5.210420842e+02 3.012932663e+00 5.382965969e-01 3.352862483e+00 1.481724435e-02 3.377956520e-02 3.969842379e+00 4.821802612e+00 3.178197388e+00
5.611222445e+02 3.007509999e+00 5.761789752e-01 3.305959963e+00 1.225574817e-02 3.134801577e-02 3.969111371e+00 4.883017144e+00 3.116982856e+00
6.012024048e+02 3.003651780e+00 6.135851080e-01 3.259312212e+00 1.014810117e-02 2.931067324e-02 3.968452981e+00 4.943799947e+00 3.056200053e+00
6.412825651e+02 3.001127290e+00 6.505264274e-01 3.212914961e+00 8.416198067e-03 2.760071735e-02 3.967854872e+00 5.004124667e+00 2.995875333e+00
6.813627255e+02 2.999744264e+00 6.870106312e-01 3.166766961e+00 6.995014617e-03 2.616249496e-02 3.967306819e+00 5.063965815e+00 2.936034185e+00
7.214428858e+02 2.999342001e+00 7.230428293e-01 3.120869392e+00 5.830422909e-03 2.494965179e-02 3.966800362e+00 5.123298802e+00 2.876701198e+00
7.615230461e+02 2.999785803e+00 7.586263919e-01 3.075225373e+00 4.877398078e-03 2.392359996e-02 3.966328506e+00 5.182099971e+00 2.817900029e+00
8.016032064e+02 3.000962418e+00 7.937635825e-01 3.029839559e+00 4.098523596e-03 2.305224174e-02 3.965885472e+00 5.240346629e+00 2.759653371e+00
8.416833667e+02 3.002776300e+00 8.284560204e-01 2.984717800e+00 3.462741548e-03 2.230890322e-02 3.965466496e+00 5.298017074e+00 2.701982926e+00
8.817635271e+02 3.005146564e+00 8.627050056e-01 2.939866868e+00 2.944315827e-03 2.167145021e-02 3.965067651e+00 5.355090618e+00 2.644909382e+00
9.218436874e+02 3.008004461e+00 8.965117472e-01 2.895294221e+00 2.521958564e-03 2.112154387e-02 3.964685707e+00 5.411547605e+00 2.588452395e+00
9.619238477e+02 3.011291290e+00 9.298775178e-01 2.851007811e+00 2.178091963e-03 2.064401183e-02 3.964318010e+00 5.467369429e+00 2.532630571e+00
1.002004008e+03 3.014956683e+00 9.628037504e-01 2.807015929e+00 1.898229378e-03 2.022632130e-02 3.963962377e+00 5.522538544e+00 2.477461456e+00
1.042084168e+03 3.018957182e+00 9.952920881e-01 2.763327069e+00 1.670465567e-03 1.985814471e-02 3.963617021e+00 5.577038476e+00 2.422961524e+00
1.082164329e+03 3.023255084e+00 1.027344428e+00 2.719949825e+00 1.485015560e-03 1.953096843e-02 3.963280473e+00 5.630853828e+00 2.369146172e+00
1.122244489e+03 3.027817444e+00 1.058962896e+00 2.676892795e+00 1.333897542e-03 1.923782001e-02 3.962951530e+00 5.683970282e+00 2.316029718e+00
1.162324649e+03 3.032615311e+00 1.090149871e+00 2.634164512e+00 1.210565480e-03 1.897295919e-02 3.962629204e+00 5.736374597e+00 2.263625403e+00
1.202404810e+03 3.037623036e+00 1.120907948e+00 2.591773382e+00 1.109695210e-03 1.873169225e-02 3.962312686e+00 5.788054608e+00 2.211945392e+00
1.242484970e+03 3.042817758e+00 1.151239926e+00 2.549727634e+00 1.026961219e-03 1.851018399e-02 3.962001308e+00 5.838999217e+00 2.161000783e+00
1.282565130e+03 3.048178942e+00 1.181148776e+00 2.508035283e+00 9.588479838e-04 1.830529565e-02 3.961694524e+00 5.889198386e+00 2.110801614e+00
1.322645291e+03 3.053688015e+00 1.210637627e+00 2.466704092e+00 9.025044113e-04 1.811446138e-02 3.961391879e+00 5.938643121e+00 2.061356879e+00
1.362725451e+03 3.059328073e+00 1.239709732e+00 2.425741550e+00 8.556427181e-04 1.793560150e-02 3.961092998e+00 5.987325464e+00 2.012674536e+00
1.402805611e+03 3.065083624e+00 1.268368454e+00 2.385154849e+00 8.164053828e-04 1.776700887e-02 3.960797570e+00 6.035238468e+00 1.964761532e+00
1.442885772e+03 3.070940403e+00 1.296617246e+00 2.344950868e+00 7.833031280e-04 1.760729631e-02 3.960505333e+00 6.082376184e+00 1.917623816e+00
1.482965932e+03 3.076885189e+00 1.324459630e+00 2.305136160e+00 7.551367775e-04 1.745532859e-02 3.960216067e+00 6.128733638e+00 1.871266362e+00
1.523046092e+03 3.082905682e+00 1.351899188e+00 2.265716944e+00 7.309519146e-04 1.731018457e-02 3.959929586e+00 6.174306806e+00 1.825693194e+00
1.563126253e+03 3.088990387e+00 1.378939543e+00 2.226699092e+00 7.099807809e-04 1.717110687e-02 3.959645731e+00 6.219092595e+00 1.780907405e+00
1.603206413e+03 3.095128522e+00 1.405584357e+00 2.188088132e+00 6.916068048e-04 1.703747117e-02 3.959364363e+00 6.263088809e+00 1.736911191e+00
1.643286573e+03 3.101309943e+00 1.431837315e+00 2.149889239e+00 6.753403440e-04 1.690876550e-02 3.959085364e+00 6.306294130e+00 1.693705870e+00
1.683366733e+03 3.107525098e+00 1.457702121e+00 2.112107236e+00 6.608109240e-04 1.678458403e-02 3.958808628e+00 6.348708084e+00 1.651291916e+00
1.723446894e+03 3.113764932e+00 1.483182502e+00 2.074746592e+00 6.476686792e-04 1.666454034e-02 3.958534061e+00 6.390331011e+00 1.609668989e+00
1.763527054e+03 3.120020912e+00 1.508282185e+00 2.037811426e+00 6.357002898e-04 1.654836987e-02 3.958261578e+00 6.431164038e+00 1.568835962e+00
1.803607214e+03 3.126284931e+00 1.533004913e+00 2.001305506e+00 6.246950135e-04 1.643581200e-02 3.957991104e+00 6.471209044e+00 1.528790956e+00
1.843687375e+03 3.132549313e+00 1.557354435e+00 1.965232253e+00 6.144961523e-04 1.632665560e-02 3.957722568e+00 6.510468634e+00 1.489531366e+00
1.883767535e+03 3.138806776e+00 1.581334504e+00 1.929594745e+00 6.049874073e-04 1.622072669e-02 3.957455906e+00 6.548946100e+00 1.451053900e+00
1.923847695e+03 3.145050409e+00 1.604948882e+00 1.894395722e+00 5.960542158e-04 1.611785521e-02 3.957191058e+00 6.586645395e+00 1.413354605e+00
1.963927856e+03 3.151273662e+00 1.628201331e+00 1.859637590e+00 5.876286418e-04 1.601791347e-02 3.956927968e+00 6.623571095e+00 1.376428905e+00
2.004008016e+03 3.157470319e+00 1.651095619e+00 1.825322425e+00 5.796438766e-04 1.592077696e-02 3.956666582e+00 6.659728370e+00 1.340271630e+00
2.044088176e+03 3.163634491e+00 1.673635519e+00 1.791451984e+00 5.720493361e-04 1.582633719e-02 3.956406850e+00 6.695122952e+00 1.304877048e+00
2.084168337e+03 3.169760596e+00 1.695824811e+00 1.758027705e+00 5.647960651e-04 1.573448905e-02 3.956148725e+00 6.729761097e+00 1.270238903e+00
2.124248497e+03 3.175843356e+00 1.717667278e+00 1.725050718e+00 5.578596831e-04 1.564515050e-02 3.955892160e+00 6.763649562e+00 1.236350438e+00
2.164328657e+03 3.181877780e+00 1.739166709e+00 1.692521852e+00 5.512085244e-04 1.555823505e-02 3.955637111e+00 6.796795564e+00 1.203204436e+00
2.204408818e+03 3.187859152e+00 1.760326900e+00 1.660441640e+00 5.448162846e-04 1.547366256e-02 3.955383537e+00 6.829206759e+00 1.170793241e+00
2.244488978e+03 3.193783028e+00 1.781151653e+00 1.628810328e+00 5.386667742e-04 1.539136331e-02 3.955131396e+00 6.860891204e+00 1.139108796e+00
2.284569138e+03 3.199645220e+00 1.801644776e+00 1.597627884e+00 5.327430258e-04 1.531126851e-02 3.954880649e+00 6.891857327e+00 1.108142673e+00
2.324649299e+03 3.205441792e+00 1.821810081e+00 1.566894005e+00 5.270310586e-04 1.523331348e-02 3.954631258e+00 6.922113901e+00 1.077886099e+00
2.364729459e+03 3.211169051e+00 1.841651391e+00 1.536608124e+00 5.215184447e-04 1.515743641e-02 3.954383187e+00 6.951670021e+00 1.048329979e+00
2.404809619e+03 3.216823536e+00 1.861172531e+00 1.506769418e+00 5.161937309e-04 1.508357777e-02 3.954136399e+00 6.980535062e+00 1.019464938e+00
2.444889780e+03 3.222402011e+00 1.880377332e+00 1.477376822e+00 5.110520076e-04 1.501168508e-02 3.953890861e+00 7.008718659e+00 9.912813407e-01
2.484969940e+03 3.227901457e+00 1.899269631e+00 1.448429034e+00 5.060776272e-04 1.494169791e-02 3.953646538e+00 7.036230680e+00 9.637693201e-01
2.525050100e+03 3.233319065e+00 1.917853271e+00 1.419924519e+00 5.012637351e-04 1.487356472e-02 3.953403398e+00 7.063081202e+00 9.369187983e-01
2.565130261e+03 3.238652235e+00 1.936132096e+00 1.391861525e+00 4.966076513e-04 1.480723889e-02 3.953161409e+00 7.089280491e+00 9.107195087e-01
2.605210421e+03 3.243898561e+00 1.954109954e+00 1.364238087e+00 4.921046113e-04 1.474267324e-02 3.952920540e+00 7.114838977e+00 8.851610229e-01
2.645290581e+03 3.249055820e+00 1.971790694e+00 1.337052035e+00 4.877457776e-04 1.467981811e-02 3.952680762e+00 7.139767225e+00 8.602327750e-01
2.685370741e+03 3.254121980e+00 1.989178170e+00 1.310301008e+00 4.835260064e-04 1.461862843e-02 3.952442046e+00 7.164075918e+00 8.359240823e-01
2.725450902e+03 3.259095176e+00 2.006276231e+00 1.283982459e+00 4.794389814e-04 1.455905902e-02 3.952204363e+00 7.187775833e+00 8.122241667e-01
2.765531062e+03 3.263973715e+00 2.023088727e+00 1.258093661e+00 4.754797612e-04 1.450106694e-02 3.951967686e+00 7.210877828e+00 7.891221720e-01
2.805611222e+03 3.268756074e+00 2.039619512e+00 1.232631722e+00 4.716453691e-04 1.444461248e-02 3.951731988e+00 7.233392816e+00 7.666071837e-01
2.845691383e+03 3.273440870e+00 2.055872426e+00 1.207593586e+00 4.679302423e-04 1.438965394e-02 3.951497243e+00 7.255331754e+00 7.446682460e-01
2.885771543e+03 3.278026876e+00 2.071851308e+00 1.182976047e+00 4.643300691e-04 1.433615195e-02 3.951263425e+00 7.276705620e+00 7.232943803e-01
2.925851703e+03 3.282513018e+00 2.087559997e+00 1.158775754e+00 4.608422009e-04 1.428407004e-02 3.951030511e+00 7.297525400e+00 7.024746000e-01
2.965931864e+03 3.286898347e+00 2.103002317e+00 1.134989221e+00 4.574619144e-04 1.423337030e-02 3.950798475e+00 7.317802075e+00 6.821979253e-01
3.006012024e+03 3.291182052e+00 2.118182088e+00 1.111612832e+00 4.541853682e-04 1.418401670e-02 3.950567296e+00 7.337546601e+00 6.624533995e-01
3.046092184e+03 3.295363445e+00 2.133103117e+00 1.088642852e+00 4.510096880e-04 1.413597488e-02 3.950336949e+00 7.356769901e+00 6.432300994e-01
3.086172345e+03 3.299441962e+00 2.147769202e+00 1.066075435e+00 4.479313832e-04 1.408921084e-02 3.950107413e+00 7.375482851e+00 6.245171492e-01
3.126252505e+03 3.303417152e+00 2.162184126e+00 1.043906625e+00 4.449473417e-04 1.404369170e-02 3.949878666e+00 7.393696268e+00 6.063037322e-01
3.166332665e+03 3.307288672e+00 2.176351660e+00 1.022132373e+00 4.420543631e-04 1.399938532e-02 3.949650688e+00 7.411420899e+00 5.885791014e-01
3.206412826e+03 3.311056287e+00 2.190275559e+00 1.000748536e+00 4.392494999e-04 1.395626056e-02 3.949423458e+00 7.428667410e+00 5.713325904e-01
3.246492986e+03 3.314719859e+00 2.203959559e+00 9.797508875e-01 4.365299747e-04 1.391428716e-02 3.949196955e+00 7.445446378e+00 5.545536220e-01
3.286573146e+03 3.318279346e+00 2.217407381e+00 9.591351249e-01 4.338930275e-04 1.387343563e-02 3.948971161e+00 7.461768282e+00 5.382317178e-01
3.326653307e+03 3.321734796e+00 2.230622724e+00 9.388968743e-01 4.313360754e-04 1.383367735e-02 3.948746057e+00 7.477643495e+00 5.223565046e-01
3.366733467e+03 3.325086342e+00 2.243609268e+00 9.190316975e-01 4.288565891e-04 1.379498445e-02 3.948521625e+00 7.493082277e+00 5.069177229e-01
3.406813627e+03 3.328334199e+00 2.256370669e+00 8.995350985e-01 4.264521276e-04 1.375732978e-02 3.948297846e+00 7.508094767e+00 4.919052329e-01
3.446893788e+03 3.331478658e+00 2.268910561e+00 8.804025289e-01 4.241203705e-04 1.372068698e-02 3.948074702e+00 7.522690979e+00 4.773090206e-01
3.486973948e+03 3.334520081e+00 2.281232554e+00 8.616293945e-01 4.218590775e-04 1.368503038e-02 3.947852178e+00 7.536880796e+00 4.631192039e-01
3.527054108e+03 3.337458902e+00 2.293340231e+00 8.432110601e-01 4.196660786e-04 1.365033501e-02 3.947630257e+00 7.550673964e+00 4.493260362e-01
3.567134269e+03 3.340295617e+00 2.305237149e+00 8.251428556e-01 4.175392792e-04 1.361657655e-02 3.947408922e+00 7.564080087e+00 4.359199133e-01
3.607214429e+03 3.343030783e+00 2.316926838e+00 8.074200807e-01 4.154766575e-04 1.358373134e-02 3.947188157e+00 7.577108626e+00 4.228913737e-01
3.647294589e+03 3.345665014e+00 2.328412798e+00 7.900380107e-01 4.134762544e-04 1.355177634e-02 3.946967948e+00 7.589768893e+00 4.102311066e-01
3.687374749e+03 3.348198979e+00 2.339698499e+00 7.729919000e-01 4.115361956e-04 1.352068914e-02 3.946748280e+00 7.602070051e+00 3.979299492e-01
3.727454910e+03 3.350633395e+00 2.350787382e+00 7.562769889e-01 4.096546685e-04 1.349044791e-02 3.946529137e+00 7.614021104e+00 3.859788958e-01
3.767535070e+03 3.352969028e+00 2.361682854e+00 7.398885051e-01 4.078299243e-04 1.346103142e-02 3.946310506e+00 7.625630907e+00 3.743690926e-01
3.807615230e+03 3.355206687e+00 2.372388292e+00 7.238216715e-01 4.060602817e-04 1.343241900e-02 3.946092373e+00 7.636908153e+00 3.630918472e-01
3.847695391e+03 3.357347220e+00 2.382907038e+00 7.080717066e-01 4.043441071e-04 1.340459051e-02 3.945874725e+00 7.647861378e+00 3.521386221e-01
3.887775551e+03 3.359391516e+00 2.393242401e+00 6.926338323e-01 4.026798274e-04 1.337752636e-02 3.945657548e+00 7.658498957e+00 3.415010433e-01
3.927855711e+03 3.361340496e+00 2.403397655e+00 6.775032736e-01 4.010659212e-04 1.335120745e-02 3.945440830e+00 7.668829106e+00 3.311708940e-01
3.967935872e+03 3.363195115e+00 2.413376038e+00 6.626752659e-01 3.995009143e-04 1.332561519e-02 3.945224558e+00 7.678859878e+00 3.211401216e-01
4.008016032e+03 3.364956357e+00 2.423180753e+00 6.481450554e-01 3.979833873e-04 1.330073151e-02 3.945008720e+00 7.688599168e+00 3.114008319e-01
4.048096192e+03 3.366625233e+00 2.432814965e+00 6.339079046e-01 3.965119643e-04 1.327653875e-02 3.944793305e+00 7.698054706e+00 3.019452941e-01
4.088176353e+03 3.368202780e+00 2.442281804e+00 6.199590930e-01 3.950853183e-04 1.325301977e-02 3.944578300e+00 7.707234065e+00 2.927659353e-01
4.128256513e+03 3.369690056e+00 2.451584361e+00 6.062939235e-01 3.937021652e-04 1.323015784e-02 3.944363694e+00 7.716144654e+00 2.838553465e-01
4.168336673e+03 3.371088140e+00 2.460725690e+00 5.929077207e-01 3.923612633e-04 1.320793668e-02 3.944149478e+00 7.724793726e+00 2.752062743e-01
4.208416834e+03 3.372398129e+00 2.469708805e+00 5.797958379e-01 3.910614119e-04 1.318634044e-02 3.943935639e+00 7.733188373e+00 2.668116268e-01
4.248496994e+03 3.373621137e+00 2.478536684e+00 5.669536564e-01 3.898014489e-04 1.316535365e-02 3.943722167e+00 7.741335532e+00 2.586644681e-01
4.288577154e+03 3.374758291e+00 2.487212263e+00 5.543765885e-01 3.885802484e-04 1.314496127e-02 3.943509053e+00 7.749241982e+00 2.507580178e-01
4.328657315e+03 3.375810733e+00 2.495738441e+00 5.420600816e-01 3.873967217e-04 1.312514863e-02 3.943296286e+00 7.756914348e+00 2.430856515e-01
4.368737475e+03 3.376779612e+00 2.504118076e+00 5.299996162e-01 3.862498177e-04 1.310590146e-02 3.943083856e+00 7.764359104e+00 2.356408955e-01
4.408817635e+03 3.377666090e+00 2.512353987e+00 5.181907128e-01 3.851385155e-04 1.308720583e-02 3.942871756e+00 7.771582570e+00 2.284174298e-01
4.448897796e+03 3.378471336e+00 2.520448954e+00 5.066289285e-01 3.840618225e-04 1.306904820e-02 3.942659974e+00 7.778590919e+00 2.214090814e-01
4.488977956e+03 3.379196522e+00 2.528405716e+00 4.953098637e-01 3.830187779e-04 1.305141532e-02 3.942448502e+00 7.785390173e+00 2.146098271e-01
4.529058116e+03 3.379842828e+00 2.536226972e+00 4.842291588e-01 3.820084654e-04 1.303429436e-02 3.942237332e+00 7.791986213e+00 2.080137871e-01
4.569138277e+03 3.380411438e+00 2.543915382e+00 4.733824999e-01 3.810299926e-04 1.301767277e-02 3.942026455e+00 7.798384773e+00 2.016152269e-01
4.609218437e+03 3.380903535e+00 2.551473564e+00 4.627656165e-01 3.800824794e-04 1.300153830e-02 3.941815862e+00 7.804591448e+00 1.954085518e-01
4.649298597e+03 3.381320306e+00 2.558904099e+00 4.523742849e-01 3.791650722e-04 1.298587905e-02 3.941605546e+00 7.810611693e+00 1.893883070e-01
4.689378758e+03 3.381662934e+00 2.566209524e+00 4.422043306e-01 3.782769489e-04 1.297068340e-02 3.941395498e+00 7.816450824e+00 1.835491755e-01
4.729458918e+03 3.381932607e+00 2.573392341e+00 4.322516230e-01 3.774173389e-04 1.295594004e-02 3.941185712e+00 7.822114028e+00 1.778859723e-01
4.769539078e+03 3.382130504e+00 2.580455007e+00 4.225120853e-01 3.765854744e-04 1.294163797e-02 3.940976179e+00 7.827606353e+00 1.723936474e-01
4.809619238e+03 3.382257805e+00 2.587399942e+00 4.129816890e-01 3.757806125e-04 1.292776643e-02 3.940766891e+00 7.832932720e+00 1.670672795e-01
4.849699399e+03 3.382315684e+00 2.594229528e+00 4.036564543e-01 3.750020164e-04 1.291431492e-02 3.940557843e+00 7.838097926e+00 1.619020738e-01
4.889779559e+03 3.382305312e+00 2.600946104e+00 3.945324562e-01 3.742489849e-04 1.290127325e-02 3.940349027e+00 7.843106638e+00 1.568933623e-01
4.929859719e+03 3.382227852e+00 2.607551973e+00 3.856058185e-01 3.735208428e-04 1.288863145e-02 3.940140436e+00 7.847963402e+00 1.520365982e-01
4.969939880e+03 3.382084463e+00 2.614049399e+00 3.768727184e-01 3.728169303e-04 1.287637983e-02 3.939932063e+00 7.852672645e+00 1.473273551e-01
5.010020040e+03 3.381876295e+00 2.620440604e+00 3.683293870e-01 3.721366049e-04 1.286450893e-02 3.939723903e+00 7.857238675e+00 1.427613250e-01
5.050100200e+03 3.381604491e+00 2.626727775e+00 3.599721055e-01 3.714792479e-04 1.285300953e-02 3.939515948e+00 7.861665686e+00 1.383343142e-01
5.090180361e+03 3.381270187e+00 2.632913061e+00 3.517972112e-01 3.708442569e-04 1.284187263e-02 3.939308193e+00 7.865957757e+00 1.340422426e-01
5.130260521e+03 3.380874507e+00 2.638998570e+00 3.438010939e-01 3.702310471e-04 1.283108948e-02 3.939100632e+00 7.870118860e+00 1.298811403e-01
5.170340681e+03 3.380418568e+00 2.644986375e+00 3.359801959e-01 3.696390485e-04 1.282065153e-02 3.938893258e+00 7.874152855e+00 1.258471454e-01
5.210420842e+03 3.379903477e+00 2.650878513e+00 3.283310156e-01 3.690677095e-04 1.281055045e-02 3.938686066e+00 7.878063498e+00 1.219365016e-01
5.250501002e+03 3.379330331e+00 2.656676980e+00 3.208501024e-01 3.685164951e-04 1.280077811e-02 3.938479050e+00 7.881854444e+00 1.181455562e-01
5.290581162e+03 3.378700215e+00 2.662383741e+00 3.135340615e-01 3.679848843e-04 1.279132660e-02 3.938272206e+00 7.885529243e+00 1.144707568e-01
5.330661323e+03 3.378014202e+00 2.668000719e+00 3.063795514e-01 3.674723710e-04 1.278218819e-02 3.938065527e+00 7.889091350e+00 1.109086500e-01
5.370741483e+03 3.377273358e+00 2.673529806e+00 2.993832827e-01 3.669784653e-04 1.277335536e-02 3.937859008e+00 7.892544121e+00 1.074558788e-01
5.410821643e+03 3.376478732e+00 2.678972856e+00 2.925420212e-01 3.665026893e-04 1.276482075e-02 3.937652645e+00 7.895890820e+00 1.041091796e-01
5.450901804e+03 3.375631365e+00 2.684331690e+00 2.858525850e-01 3.660445794e-04 1.275657722e-02 3.937446433e+00 7.899134619e+00 1.008653809e-01
5.490981964e+03 3.374732284e+00 2.689608093e+00 2.793118446e-01 3.656036856e-04 1.274861777e-02 3.937240366e+00 7.902278599e+00 9.772140074e-02
5.531062124e+03 3.373782503e+00 2.694803816e+00 2.729167246e-01 3.651795696e-04 1.274093560e-02 3.937034440e+00 7.905325756e+00 9.467424385e-02
5.571142285e+03 3.372783025e+00 2.699920577e+00 2.666641998e-01 3.647718066e-04 1.273352406e-02 3.936828650e+00 7.908278998e+00 9.172100153e-02
5.611222445e+03 3.371734840e+00 2.704960061e+00 2.605512990e-01 3.643799828e-04 1.272637669e-02 3.936622993e+00 7.911141153e+00 8.885884655e-02
5.651302605e+03 3.370638923e+00 2.709923918e+00 2.545751026e-01 3.640036959e-04 1.271948715e-02 3.936417462e+00 7.913914967e+00 8.608503250e-02
5.691382766e+03 3.369496238e+00 2.714813768e+00 2.487327403e-01 3.636425554e-04 1.271284930e-02 3.936212055e+00 7.916603106e+00 8.339689378e-02
5.731462926e+03 3.368307736e+00 2.719631199e+00 2.430213946e-01 3.632961810e-04 1.270645713e-02 3.936006767e+00 7.919208160e+00 8.079183968e-02
5.771543086e+03 3.367074352e+00 2.724377765e+00 2.374382986e-01 3.629642024e-04 1.270030476e-02 3.935801595e+00 7.921732646e+00 7.826735409e-02
5.811623246e+03 3.365797012e+00 2.729054992e+00 2.319807334e-01 3.626462610e-04 1.269438649e-02 3.935596533e+00 7.924179004e+00 7.582099604e-02
5.851703407e+03 3.364476624e+00 2.733664374e+00 2.266460310e-01 3.623420072e-04 1.268869675e-02 3.935391578e+00 7.926549606e+00 7.345039372e-02
5.891783567e+03 3.363114085e+00 2.738207374e+00 2.214315727e-01 3.620511004e-04 1.268323008e-02 3.935186727e+00 7.928846756e+00 7.115324392e-02
5.931863727e+03 3.361710279e+00 2.742685427e+00 2.163347870e-01 3.617732099e-04 1.267798119e-02 3.934981976e+00 7.931072687e+00 6.892731291e-02
5.971943888e+03 3.360266076e+00 2.747099938e+00 2.113531508e-01 3.615080133e-04 1.267294490e-02 3.934777320e+00 7.933229569e+00 6.677043100e-02
6.012024048e+03 3.358782331e+00 2.751452283e+00 2.064841890e-01 3.612551970e-04 1.266811616e-02 3.934572758e+00 7.935319509e+00 6.468049144e-02
6.052104208e+03 3.357259888e+00 2.755743809e+00 2.017254724e-01 3.610144575e-04 1.266349006e-02 3.934368284e+00 7.937344549e+00 6.265545149e-02
6.092184369e+03 3.355699576e+00 2.759975837e+00 1.970746183e-01 3.607854990e-04 1.265906178e-02 3.934163897e+00 7.939306672e+00 6.069332772e-02
6.132264529e+03 3.354102211e+00 2.764149659e+00 1.925292902e-01 3.605680333e-04 1.265482664e-02 3.933959592e+00 7.941207806e+00 5.879219427e-02
6.172344689e+03 3.352468596e+00 2.768266541e+00 1.880871959e-01 3.603617779e-04 1.265078007e-02 3.933755366e+00 7.943049816e+00 5.695018428e-02
6.212424850e+03 3.350799521e+00 2.772327721e+00 1.837460881e-01 3.601664575e-04 1.264691761e-02 3.933551217e+00 7.944834514e+00 5.516548564e-02
6.252505010e+03 3.349095761e+00 2.776334413e+00 1.795037634e-01 3.599818044e-04 1.264323491e-02 3.933347141e+00 7.946563661e+00 5.343633888e-02
6.292585170e+03 3.347358080e+00 2.780287804e+00 1.753580618e-01 3.598075638e-04 1.263972772e-02 3.933143135e+00 7.948238961e+00 5.176103880e-02
6.332665331e+03 3.345587229e+00 2.784189056e+00 1.713068654e-01 3.596434883e-04 1.263639189e-02 3.932939196e+00 7.949862069e+00 5.013793078e-02
6.372745491e+03 3.343783944e+00 2.788039307e+00 1.673480992e-01 3.594893349e-04 1.263322340e-02 3.932735323e+00 7.951434592e+00 4.856540822e-02
6.412825651e+03 3.341948951e+00 2.791839670e+00 1.634797290e-01 3.593448569e-04 1.263021829e-02 3.932531511e+00 7.952958086e+00 4.704191433e-02
6.452905812e+03 3.340082959e+00 2.795591233e+00 1.596997614e-01 3.592098094e-04 1.262737272e-02 3.932327758e+00 7.954434061e+00 4.556593909e-02
6.492985972e+03 3.338186668e+00 2.799295060e+00 1.560062436e-01 3.590839597e-04 1.262468295e-02 3.932124061e+00 7.955863984e+00 4.413601620e-02
6.533066132e+03 3.336260764e+00 2.802952195e+00 1.523972621e-01 3.589670982e-04 1.262214531e-02 3.931920419e+00 7.957249275e+00 4.275072502e-02
6.573146293e+03 3.334305925e+00 2.806563661e+00 1.488709424e-01 3.588590340e-04 1.261975620e-02 3.931716828e+00 7.958591312e+00 4.140868809e-02
6.613226453e+03 3.332322811e+00 2.810130456e+00 1.454254484e-01 3.587595647e-04 1.261751215e-02 3.931513286e+00 7.959891432e+00 4.010856776e-02
6.653306613e+03 3.330312072e+00 2.813653557e+00 1.420589817e-01 3.586684783e-04 1.261540975e-02 3.931309790e+00 7.961150932e+00 3.884906821e-02
6.693386774e+03 3.328274345e+00 2.817133915e+00 1.387697809e-01 3.585855456e-04 1.261344570e-02 3.931106339e+00 7.962371067e+00 3.762893344e-02
6.733466934e+03 3.326210256e+00 2.820572464e+00 1.355561211e-01 3.585105721e-04 1.261161676e-02 3.930902930e+00 7.963553056e+00 3.644694370e-02
6.773547094e+03 3.324120419e+00 2.823970116e+00 1.324163134e-01 3.584433686e-04 1.260991976e-02 3.930699560e+00 7.964698083e+00 3.530191743e-02
6.813627255e+03 3.322005438e+00 2.827327768e+00 1.293487037e-01 3.583837697e-04 1.260835162e-02 3.930496229e+00 7.965807290e+00 3.419270978e-02
6.853707415e+03 3.319865903e+00 2.830646290e+00 1.263516729e-01 3.583315856e-04 1.260690932e-02 3.930292932e+00 7.966881791e+00 3.311820888e-02
6.893787575e+03 3.317702396e+00 2.833926538e+00 1.234236358e-01 3.582866459e-04 1.260558993e-02 3.930089669e+00 7.967922662e+00 3.207733775e-02
6.933867735e+03 3.315515485e+00 2.837169348e+00 1.205630409e-01 3.582487892e-04 1.260439058e-02 3.929886437e+00 7.968930947e+00 3.106905321e-02
6.973947896e+03 3.313305729e+00 2.840375537e+00 1.177683691e-01 3.582178600e-04 1.260330847e-02 3.929683235e+00 7.969907658e+00 3.009234205e-02
7.014028056e+03 3.311073676e+00 2.843545903e+00 1.150381340e-01 3.581936975e-04 1.260234085e-02 3.929480060e+00 7.970853777e+00 2.914622289e-02
7.054108216e+03 3.308819861e+00 2.846681225e+00 1.123708805e-01 3.581761171e-04 1.260148509e-02 3.929276911e+00 7.971770254e+00 2.822974552e-02
7.094188377e+03 3.306544811e+00 2.849782264e+00 1.097651848e-01 3.581649658e-04 1.260073858e-02 3.929073785e+00 7.972658013e+00 2.734198689e-02
7.134268537e+03 3.304249040e+00 2.852849767e+00 1.072196536e-01 3.581600899e-04 1.260009878e-02 3.928870682e+00 7.973517947e+00 2.648205303e-02
7.174348697e+03 3.301933055e+00 2.855884464e+00 1.047329235e-01 3.581613665e-04 1.259956321e-02 3.928667598e+00 7.974350921e+00 2.564907861e-02
7.214428858e+03 3.299597353e+00 2.858887068e+00 1.023036604e-01 3.581686455e-04 1.259912945e-02 3.928464533e+00 7.975157777e+00 2.484222299e-02
7.254509018e+03 3.297242418e+00 2.861858274e+00 9.993055904e-02 3.581817902e-04 1.259879514e-02 3.928261485e+00 7.975939328e+00 2.406067202e-02
7.294589178e+03 3.294868727e+00 2.864798763e+00 9.761234277e-02 3.582006593e-04 1.259855798e-02 3.928058452e+00 7.976696362e+00 2.330363787e-02
7.334669339e+03 3.292476745e+00 2.867709199e+00 9.534776221e-02 3.582251255e-04 1.259841573e-02 3.927855433e+00 7.977429645e+00 2.257035513e-02
7.374749499e+03 3.290066931e+00 2.870590233e+00 9.313559531e-02 3.582550612e-04 1.259836618e-02 3.927652425e+00 7.978139917e+00 2.186008255e-02
7.414829659e+03 3.287639731e+00 2.873442500e+00 9.097464708e-02 3.582903384e-04 1.259840720e-02 3.927449428e+00 7.978827897e+00 2.117210299e-02
7.454909820e+03 3.285195584e+00 2.876266620e+00 8.886374815e-02 3.583308349e-04 1.259853669e-02 3.927246441e+00 7.979494280e+00 2.050571971e-02
7.494989980e+03 3.282734921e+00 2.879063200e+00 8.680175495e-02 3.583764309e-04 1.259875263e-02 3.927043460e+00 7.980139742e+00 1.986025794e-02
7.535070140e+03 3.280258162e+00 2.881832832e+00 8.478754941e-02 3.584270129e-04 1.259905301e-02 3.926840486e+00 7.980764935e+00 1.923506506e-02
7.575150301e+03 3.277765719e+00 2.884576095e+00 8.282003758e-02 3.584824666e-04 1.259943589e-02 3.926637517e+00 7.981370493e+00 1.862950694e-02
7.615230461e+03 3.275257996e+00 2.887293555e+00 8.089814977e-02 3.585426815e-04 1.259989937e-02 3.926434551e+00 7.981957031e+00 1.804296948e-02
7.655310621e+03 3.272735389e+00 2.889985764e+00 7.902084038e-02 3.586075496e-04 1.260044161e-02 3.926231587e+00 7.982525141e+00 1.747485886e-02
7.695390782e+03 3.270198284e+00 2.892653263e+00 7.718708642e-02 3.586769660e-04 1.260106080e-02 3.926028623e+00 7.983075402e+00 1.692459805e-02
7.735470942e+03 3.267647062e+00 2.895296578e+00 7.539588774e-02 3.587508282e-04 1.260175517e-02 3.925825660e+00 7.983608372e+00 1.639162829e-02
7.775551102e+03 3.265082092e+00 2.897916224e+00 7.364626700e-02 3.588290360e-04 1.260252299e-02 3.925622694e+00 7.984124590e+00 1.587540961e-02
7.815631263e+03 3.262503738e+00 2.900512705e+00 7.193726788e-02 3.589114919e-04 1.260336260e-02 3.925419726e+00 7.984624583e+00 1.537541689e-02
7.855711423e+03 3.259912358e+00 2.903086513e+00 7.026795551e-02 3.589981007e-04 1.260427233e-02 3.925216754e+00 7.985108858e+00 1.489114156e-02
7.895791583e+03 3.257308297e+00 2.905638128e+00 6.863741646e-02 3.590887700e-04 1.260525061e-02 3.925013776e+00 7.985577908e+00 1.442209214e-02
7.935871743e+03 3.254691899e+00 2.908168018e+00 6.704475742e-02 3.591834096e-04 1.260629585e-02 3.924810792e+00 7.986032208e+00 1.396779171e-02
7.975951904e+03 3.252063495e+00 2.910676641e+00 6.548910482e-02 3.592819313e-04 1.260740654e-02 3.924607801e+00 7.986472223e+00 1.352777739e-02
8.016032064e+03 3.249423414e+00 2.913164447e+00 6.396960495e-02 3.593842489e-04 1.260858118e-02 3.924404801e+00 7.986898399e+00 1.310160131e-02
8.056112224e+03 3.246771974e+00 2.915631870e+00 6.248542390e-02 3.594902772e-04 1.260981831e-02 3.924201792e+00 7.987311169e+00 1.268883079e-02
8.096192385e+03 3.244109490e+00 2.918079339e+00 6.103574558e-02 3.595999339e-04 1.261111653e-02 3.923998772e+00 7.987710955e+00 1.228904460e-02
8.136272545e+03 3.241436266e+00 2.920507270e+00 5.961977251e-02 3.597131384e-04 1.261247443e-02 3.923795740e+00 7.988098165e+00 1.190183504e-02
8.176352705e+03 3.238752602e+00 2.922916070e+00 5.823672611e-02 3.598298157e-04 1.261389068e-02 3.923592696e+00 7.988473191e+00 1.152680888e-02
8.216432866e+03 3.236058793e+00 2.925306137e+00 5.688584447e-02 3.599498893e-04 1.261536393e-02 3.923389638e+00 7.988836417e+00 1.116358327e-02
8.256513026e+03 3.233355124e+00 2.927677858e+00 5.556638304e-02 3.600732861e-04 1.261689291e-02 3.923186566e+00 7.989188212e+00 1.081178757e-02
8.296593186e+03 3.230641876e+00 2.930031614e+00 5.427761450e-02 3.601999317e-04 1.261847636e-02 3.922983478e+00 7.989528937e+00 1.047106331e-02
8.336673347e+03 3.227919325e+00 2.932367774e+00 5.301882820e-02 3.603297515e-04 1.262011304e-02 3.922780374e+00 7.989858937e+00 1.014106344e-02
8.376753507e+03 3.225187739e+00 2.934686701e+00 5.178932903e-02 3.604626758e-04 1.262180176e-02 3.922577253e+00 7.990178549e+00 9.821450714e-03
8.416833667e+03 3.222447380e+00 2.936988748e+00 5.058843788e-02 3.605986359e-04 1.262354135e-02 3.922374114e+00 7.990488101e+00 9.511898737e-03
8.456913828e+03 3.219698506e+00 2.939274257e+00 4.941549185e-02 3.607375776e-04 1.262533065e-02 3.922170957e+00 7.990787907e+00 9.212092508e-03
8.496993988e+03 3.216941369e+00 2.941543567e+00 4.826984220e-02 3.608794360e-04 1.262716855e-02 3.921967779e+00 7.991078275e+00 8.921725311e-03
8.537074148e+03 3.214176214e+00 2.943797006e+00 4.715085518e-02 3.610241538e-04 1.262905395e-02 3.921764582e+00 7.991359500e+00 8.640500304e-03
8.577154309e+03 3.211403283e+00 2.946034895e+00 4.605791210e-02 3.611716546e-04 1.263098580e-02 3.921561363e+00 7.991631869e+00 8.368130832e-03
8.617234469e+03 3.208622810e+00 2.948257549e+00 4.499040805e-02 3.613218712e-04 1.263296307e-02 3.921358122e+00 7.991895661e+00 8.104338611e-03
8.657314629e+03 3.205835028e+00 2.950465275e+00 4.394775173e-02 3.614747398e-04 1.263498473e-02 3.921154858e+00 7.992151146e+00 7.848853666e-03
8.697394790e+03 3.203040159e+00 2.952658370e+00 4.292936562e-02 3.616302082e-04 1.263704980e-02 3.920951571e+00 7.992398585e+00 7.601414877e-03
8.737474950e+03 3.200238425e+00 2.954837124e+00 4.193468585e-02 3.617882591e-04 1.263915728e-02 3.920748260e+00 7.992638230e+00 7.361769935e-03
8.777555110e+03 3.197430041e+00 2.957001821e+00 4.096316078e-02 3.619488391e-04 1.264130625e-02 3.920544924e+00 7.992870327e+00 7.129673302e-03
8.817635271e+03 3.194615216e+00 2.959152738e+00 4.001425156e-02 3.621119173e-04 1.264349575e-02 3.920341563e+00 7.993095113e+00 6.904887329e-03
8.857715431e+03 3.191794160e+00 2.961290153e+00 3.908743262e-02 3.622773475e-04 1.264572494e-02 3.920138176e+00 7.993312817e+00 6.687182958e-03
8.897795591e+03 3.188967073e+00 2.963414332e+00 3.818218952e-02 3.624450865e-04 1.264799292e-02 3.919934761e+00 7.993523663e+00 6.476337026e-03
8.937875752e+03 3.186134153e+00 2.965525536e+00 3.729801986e-02 3.626150471e-04 1.265029887e-02 3.919731320e+00 7.993727866e+00 6.272133600e-03
8.977955912e+03 3.183295591e+00 2.967624012e+00 3.643443301e-02 3.627872492e-04 1.265264191e-02 3.919527850e+00 7.993925636e+00 6.074363939e-03
9.018036072e+03 3.180451574e+00 2.969709999e+00 3.559094967e-02 3.629617514e-04 1.265502117e-02 3.919324352e+00 7.994117174e+00 5.882825894e-03
9.058116232e+03 3.177602284e+00 2.971783738e+00 3.476710121e-02 3.631385305e-04 1.265743584e-02 3.919120824e+00 7.994302677e+00 5.697323056e-03
9.098196393e+03 3.174747902e+00 2.973845461e+00 3.396242987e-02 3.633175620e-04 1.265988514e-02 3.918917267e+00 7.994482335e+00 5.517665269e-03
9.138276553e+03 3.171888619e+00 2.975895443e+00 3.317648934e-02 3.634981485e-04 1.266236859e-02 3.918713679e+00 7.994656331e+00 5.343668728e-03
9.178356713e+03 3.169024590e+00 2.977933857e+00 3.240884305e-02 3.636810728e-04 1.266488509e-02 3.918510060e+00 7.994824844e+00 5.175155534e-03
9.218436874e+03 3.166155988e+00 2.979960939e+00 3.165906450e-02 3.638659113e-04 1.266743407e-02 3.918306410e+00 7.994988047e+00 5.011953177e-03
9.258517034e+03 3.163282977e+00 2.981976901e+00 3.092673749e-02 3.640527306e-04 1.267001478e-02 3.918102728e+00 7.995146105e+00 4.853894676e-03
9.298597194e+03 3.160405719e+00 2.983981953e+00 3.021145487e-02 3.642414450e-04 1.267262654e-02 3.917899014e+00 7.995299182e+00 4.700818000e-03
9.338677355e+03 3.157524370e+00 2.985976297e+00 2.951282086e-02 3.644320240e-04 1.267526869e-02 3.917695266e+00 7.995447433e+00 4.552567257e-03
9.378757515e+03 3.154639085e+00 2.987960132e+00 2.883044587e-02 3.646244323e-04 1.267794054e-02 3.917491485e+00 7.995591010e+00 4.408989841e-03
9.418837675e+03 3.151750014e+00 2.989933653e+00 2.816395021e-02 3.648186329e-04 1.268064147e-02 3.917287670e+00 7.995730062e+00 4.269938401e-03
9.458917836e+03 3.148857303e+00 2.991897049e+00 2.751296468e-02 3.650145897e-04 1.268337084e-02 3.917083821e+00 7.995864729e+00 4.135271092e-03
9.498997996e+03 3.145961098e+00 2.993850506e+00 2.687712489e-02 3.652122673e-04 1.268612802e-02 3.916879936e+00 7.995995151e+00 4.004848559e-03
9.539078156e+03 3.143061538e+00 2.995794206e+00 2.625607476e-02 3.654116310e-04 1.268891242e-02 3.916676017e+00 7.996121464e+00 3.878535781e-03
9.579158317e+03 3.140158762e+00 2.997728324e+00 2.564947002e-02 3.656126476e-04 1.269172346e-02 3.916472061e+00 7.996243796e+00 3.756203803e-03
9.619238477e+03 3.137252901e+00 2.999653032e+00 2.505697649e-02 3.658152845e-04 1.269456055e-02 3.916268070e+00 7.996362271e+00 3.637728797e-03
9.659318637e+03 3.134344088e+00 3.001568497e+00 2.447826486e-02 3.660195099e-04 1.269742315e-02 3.916064041e+00 7.996477011e+00 3.522989302e-03
9.699398798e+03 3.131432450e+00 3.003474883e+00 2.391301325e-02 3.662252925e-04 1.270031071e-02 3.915859976e+00 7.996588132e+00 3.411867570e-03
9.739478958e+03 3.128518112e+00 3.005372351e+00 2.336090713e-02 3.664326018e-04 1.270322268e-02 3.915655873e+00 7.996695751e+00 3.304249485e-03
9.779559118e+03 3.125601197e+00 3.007261056e+00 2.282164017e-02 3.666414082e-04 1.270615856e-02 3.915451732e+00 7.996799975e+00 3.200024941e-03
9.819639279e+03 3.122681824e+00 3.009141151e+00 2.229491237e-02 3.668516825e-04 1.270911784e-02 3.915247553e+00 7.996900913e+00 3.099086907e-03
9.859719439e+03 3.119760112e+00 3.011012788e+00 2.178042787e-02 3.670633961e-04 1.271210000e-02 3.915043336e+00 7.996998670e+00 3.001330342e-03
9.899799599e+03 3.116836174e+00 3.012876110e+00 2.127790168e-02 3.672765213e-04 1.271510457e-02 3.914839079e+00 7.997093345e+00 2.906655417e-03
9.939879760e+03 3.113910121e+00 3.014731260e+00 2.078705558e-02 3.674910313e-04 1.271813107e-02 3.914634784e+00 7.997185034e+00 2.814965569e-03
9.979959920e+03 3.110982063e+00 3.016578376e+00 2.030761665e-02 3.677068995e-04 1.272117905e-02 3.914430448e+00 7.997273833e+00 2.726166614e-03
1.002004008e+04 3.108052105e+00 3.018417592e+00 1.983932032e-02 3.679241004e-04 1.272424805e-02 3.914226072e+00 7.997359832e+00 2.640168390e-03
1.006012024e+04 3.105120352e+00 3.020249041e+00 1.938190553e-02 3.681426086e-04 1.272733763e-02 3.914021657e+00 7.997443118e+00 2.556882174e-03
1.010020040e+04 3.102186905e+00 3.022072851e+00 1.893511902e-02 3.683623997e-04 1.273044735e-02 3.913817200e+00 7.997523777e+00 2.476222948e-03
1.014028056e+04 3.099251864e+00 3.023889150e+00 1.849871189e-02 3.685834495e-04 1.273357681e-02 3.913612702e+00 7.997601892e+00 2.398107547e-03
1.018036072e+04 3.096315326e+00 3.025698059e+00 1.807244175e-02 3.688057346e-04 1.273672558e-02 3.913408163e+00 7.997677544e+00 2.322455766e-03
1.022044088e+04 3.093377387e+00 3.027499699e+00 1.765607159e-02 3.690292321e-04 1.273989327e-02 3.913203582e+00 7.997750810e+00 2.249189792e-03
1.026052104e+04 3.090438138e+00 3.029294187e+00 1.724937035e-02 3.692539195e-04 1.274307948e-02 3.912998960e+00 7.997821765e+00 2.178234561e-03
1.030060120e+04 3.087497671e+00 3.031081637e+00 1.685211168e-02 3.694797749e-04 1.274628383e-02 3.912794295e+00 7.997890483e+00 2.109516837e-03
1.034068136e+04 3.084556075e+00 3.032862162e+00 1.646407569e-02 3.697067771e-04 1.274950595e-02 3.912589588e+00 7.997957034e+00 2.042966479e-03
1.038076152e+04 3.081613435e+00 3.034635870e+00 1.608504674e-02 3.699349052e-04 1.275274546e-02 3.912384837e+00 7.998021485e+00 1.978515002e-03
1.042084168e+04 3.078669836e+00 3.036402868e+00 1.571481440e-02 3.701641387e-04 1.275600202e-02 3.912180044e+00 7.998083904e+00 1.916096137e-03
1.046092184e+04 3.075725361e+00 3.038163259e+00 1.535317411e-02 3.703944580e-04 1.275927527e-02 3.911975207e+00 7.998144354e+00 1.855646299e-03
1.050100200e+04 3.072780090e+00 3.039917145e+00 1.499992414e-02 3.706258435e-04 1.276256488e-02 3.911770327e+00 7.998202897e+00 1.797102747e-03
1.054108216e+04 3.069834103e+00 3.041664626e+00 1.465486964e-02 3.708582762e-04 1.276587051e-02 3.911565402e+00 7.998259594e+00 1.740405964e-03
1.058116232e+04 3.066887475e+00 3.043405797e+00 1.431781903e-02 3.710917377e-04 1.276919183e-02 3.911360434e+00 7.998314502e+00 1.685497569e-03
1.062124248e+04 3.063940283e+00 3.045140753e+00 1.398858513e-02 3.713262098e-04 1.277252854e-02 3.911155421e+00 7.998367679e+00 1.632320984e-03
1.066132265e+04 3.060992600e+00 3.046869587e+00 1.366698617e-02 3.715616751e-04 1.277588032e-02 3.910950363e+00 7.998419178e+00 1.580821989e-03
1.070140281e+04 3.058044498e+00 3.048592388e+00 1.335284239e-02 3.717981158e-04 1.277924687e-02 3.910745261e+00 7.998469053e+00 1.530946814e-03
1.074148297e+04 3.055096047e+00 3.050309245e+00 1.304598095e-02 3.720355155e-04 1.278262789e-02 3.910540113e+00 7.998517355e+00 1.482644901e-03
1.078156313e+04 3.052147315e+00 3.052020243e+00 1.274623240e-02 3.722738575e-04 1.278602309e-02 3.910334921e+00 7.998564133e+00 1.435866905e-03
1.082164329e+04 3.049198368e+00 3.053725466e+00 1.245343107e-02 3.725131259e-04 1.278943220e-02 3.910129682e+00 7.998609435e+00 1.390564951e-03
1.086172345e+04 3.046249273e+00 3.055424995e+00 1.216741433e-02 3.727533049e-04 1.279285494e-02 3.909924398e+00 7.998653308e+00 1.346692216e-03
1.090180361e+04 3.043300093e+00 3.057118911e+00 1.188802421e-02 3.729943793e-04 1.279629103e-02 3.909719067e+00 7.998695796e+00 1.304203792e-03
1.094188377e+04 3.040350890e+00 3.058807292e+00 1.161510579e-02 3.732363342e-04 1.279974023e-02 3.909513691e+00 7.998736944e+00 1.263055812e-03
1.098196393e+04 3.037401726e+00 3.060490213e+00 1.134850820e-02 3.734791547e-04 1.280320227e-02 3.909308268e+00 7.998776794e+00 1.223206063e-03
1.102204409e+04 3.034452659e+00 3.062167749e+00 1.108808507e-02 3.737228268e-04 1.280667689e-02 3.909102798e+00 7.998815386e+00 1.184614237e-03
1.106212425e+04 3.031503749e+00 3.063839973e+00 1.083369116e-02 3.739673363e-04 1.281016387e-02 3.908897281e+00 7.998852760e+00 1.147239934e-03
1.110220441e+04 3.028555051e+00 3.065506956e+00 1.058518507e-02 3.742126695e-04 1.281366294e-02 3.908691718e+00 7.998888956e+00 1.111044273e-03
1.114228457e+04 3.025606621e+00 3.067168767e+00 1.034242988e-02 3.744588131e-04 1.281717390e-02 3.908486107e+00 7.998924010e+00 1.075990302e-03
1.118236473e+04 3.022658514e+00 3.068825474e+00 1.010529261e-02 3.747057544e-04 1.282069649e-02 3.908280449e+00 7.998957957e+00 1.042042662e-03
1.122244489e+04 3.019710781e+00 3.070477144e+00 9.873641080e-03 3.749534803e-04 1.282423051e-02 3.908074743e+00 7.998990834e+00 1.009165748e-03
1.126252505e+04 3.016763476e+00 3.072123840e+00 9.647347021e-03 3.752019786e-04 1.282777573e-02 3.907868990e+00 7.999022674e+00 9.773255454e-04
1.130260521e+04 3.013816648e+00 3.073765626e+00 9.426285951e-03 3.754512370e-04 1.283133195e-02 3.907663188e+00 7.999053510e+00 9.464895853e-04
1.134268537e+04 3.010870346e+00 3.075402562e+00 9.210336281e-03 3.757012439e-04 1.283489895e-02 3.907457338e+00 7.999083374e+00 9.166264093e-04
1.138276553e+04 3.007924618e+00 3.077034711e+00 8.999378653e-03 3.759519876e-04 1.283847653e-02 3.907251440e+00 7.999112295e+00 8.877051744e-04
1.142284569e+04 3.004979511e+00 3.078662129e+00 8.793296879e-03 3.762034569e-04 1.284206450e-02 3.907045494e+00 7.999140304e+00 8.596962306e-04
1.146292585e+04 3.002035072e+00 3.080284874e+00 8.591977349e-03 3.764556407e-04 1.284566265e-02 3.906839499e+00 7.999167429e+00 8.325707990e-04
1.150300601e+04 2.999091344e+00 3.081903003e+00 8.395309232e-03 3.767085283e-04 1.284927082e-02 3.906633455e+00 7.999193699e+00 8.063010647e-04
1.154308617e+04 2.996148371e+00 3.083516569e+00 8.203184376e-03 3.769621092e-04 1.285288879e-02 3.906427362e+00 7.999219140e+00 7.808601268e-04
1.158316633e+04 2.993206197e+00 3.085125626e+00 8.015497128e-03 3.772163730e-04 1.285651641e-02 3.906221220e+00 7.999243778e+00 7.562219173e-04
1.162324649e+04 2.990264861e+00 3.086730227e+00 7.832144014e-03 3.774713099e-04 1.286015349e-02 3.906015029e+00 7.999267639e+00 7.323610646e-04
1.166332665e+04 2.987324406e+00 3.088330422e+00 7.653024266e-03 3.777269099e-04 1.286379986e-02 3.905808789e+00 7.999290747e+00 7.092531059e-04
1.170340681e+04 2.984384870e+00 3.089926261e+00 7.478039396e-03 3.779831635e-04 1.286745536e-02 3.905602499e+00 7.999313126e+00 6.868743077e-04
1.174348697e+04 2.981446293e+00 3.091517793e+00 7.307093134e-03 3.782400614e-04 1.287111981e-02 3.905396159e+00 7.999334798e+00 6.652016342e-04
1.178356713e+04 2.978508712e+00 3.093105065e+00 7.140091389e-03 3.784975945e-04 1.287479307e-02 3.905189770e+00 7.999355787e+00 6.442127288e-04
1.182364729e+04 2.975572165e+00 3.094688124e+00 6.976942548e-03 3.787557537e-04 1.287847496e-02 3.904983330e+00 7.999376114e+00 6.238861217e-04
1.186372745e+04 2.972636686e+00 3.096267014e+00 6.817557675e-03 3.790145306e-04 1.288216535e-02 3.904776840e+00 7.999395799e+00 6.042013749e-04
1.190380762e+04 2.969702311e+00 3.097841780e+00 6.661848624e-03 3.792739165e-04 1.288586408e-02 3.904570301e+00 7.999414862e+00 5.851378482e-04
1.194388778e+04 2.966769075e+00 3.099412466e+00 6.509729733e-03 3.795339031e-04 1.288957100e-02 3.904363711e+00 7.999433324e+00 5.666758295e-04
1.198396794e+04 2.963837011e+00 3.100979114e+00 6.361117238e-03 3.797944822e-04 1.289328598e-02 3.904157070e+00 7.999451204e+00 5.487961646e-04
1.202404810e+04 2.960906153e+00 3.102541765e+00 6.215929215e-03 3.800556460e-04 1.289700887e-02 3.903950379e+00 7.999468520e+00 5.314802262e-04
1.206412826e+04 2.957976530e+00 3.104100459e+00 6.074087590e-03 3.803173868e-04 1.290073953e-02 3.903743637e+00 7.999485289e+00 5.147111603e-04
1.210420842e+04 2.955048176e+00 3.105655236e+00 5.935514173e-03 3.805796970e-04 1.290447785e-02 3.903536844e+00 7.999501529e+00 4.984714619e-04
1.214428858e+04 2.952121119e+00 3.107206134e+00 5.800132513e-03 3.808425691e-04 1.290822367e-02 3.903330000e+00 7.999517256e+00 4.827441221e-04
1.218436874e+04 2.949195391e+00 3.108753191e+00 5.667868236e-03 3.811059961e-04 1.291197689e-02 3.903123106e+00 7.999532487e+00 4.675128460e-04
1.222444890e+04 2.946271019e+00 3.110296444e+00 5.538648626e-03 3.813699707e-04 1.291573737e-02 3.902916160e+00 7.999547238e+00 4.527618043e-04
1.226452906e+04 2.943348033e+00 3.111835930e+00 5.412403068e-03 3.816344861e-04 1.291950500e-02 3.902709162e+00 7.999561524e+00 4.384758998e-04
1.230460922e+04 2.940426459e+00 3.113371682e+00 5.289063825e-03 3.818995359e-04 1.292327965e-02 3.902502114e+00 7.999575359e+00 4.246412222e-04
1.234468938e+04 2.937506324e+00 3.114903735e+00 5.168562466e-03 3.821651132e-04 1.292706122e-02 3.902295014e+00 7.999588757e+00 4.112429882e-04
1.238476954e+04 2.934587656e+00 3.116432123e+00 5.050833027e-03 3.824312116e-04 1.293084958e-02 3.902087862e+00 7.999601733e+00 3.982673825e-04
1.242484970e+04 2.931670478e+00 3.117956878e+00 4.935811052e-03 3.826978251e-04 1.293464463e-02 3.901880658e+00 7.999614299e+00 3.857010058e-04
1.246492986e+04 2.928754817e+00 3.119478034e+00 4.823433541e-03 3.829649473e-04 1.293844626e-02 3.901673403e+00 7.999626469e+00 3.735308562e-04
1.250501002e+04 2.925840696e+00 3.120995620e+00 4.713639835e-03 3.832325724e-04 1.294225437e-02 3.901466096e+00 7.999638255e+00 3.617447959e-04
1.254509018e+04 2.922928140e+00 3.122509668e+00 4.606369959e-03 3.835006946e-04 1.294606886e-02 3.901258737e+00 7.999649669e+00 3.503306892e-04
1.258517034e+04 2.920017171e+00 3.124020207e+00 4.501565139e-03 3.837693082e-04 1.294988962e-02 3.901051325e+00 7.999660723e+00 3.392766810e-04
1.262525050e+04 2.917107812e+00 3.125527267e+00 4.399168173e-03 3.840384077e-04 1.295371655e-02 3.900843862e+00 7.999671429e+00 3.285713909e-04
1.266533066e+04 2.914200085e+00 3.127030876e+00 4.299123155e-03 3.843079876e-04 1.295754957e-02 3.900636346e+00 7.999681796e+00 3.182037803e-04
1.270541082e+04 2.911294012e+00 3.128531062e+00 4.201375598e-03 3.845780425e-04 1.296138857e-02 3.900428777e+00 7.999691837e+00 3.081632107e-04
1.274549098e+04 2.908389613e+00 3.130027853e+00 4.105872853e-03 3.848485675e-04 1.296523347e-02 3.900221157e+00 7.999701560e+00 2.984396526e-04
1.278557114e+04 2.905486910e+00 3.131521275e+00 4.012562519e-03 3.851195574e-04 1.296908418e-02 3.900013483e+00 7.999710977e+00 2.890229191e-04
1.282565130e+04 2.902585921e+00 3.133011355e+00 3.921393757e-03 3.853910074e-04 1.297294061e-02 3.899805757e+00 7.999720097e+00 2.799033068e-04
1.286573146e+04 2.899686666e+00 3.134498117e+00 3.832316878e-03 3.856629125e-04 1.297680268e-02 3.899597979e+00 7.999728929e+00 2.710713975e-04
1.290581162e+04 2.896789165e+00 3.135981587e+00 3.745283301e-03 3.859352681e-04 1.298067030e-02 3.899390147e+00 7.999737482e+00 2.625180440e-04
1.294589178e+04 2.893893435e+00 3.137461790e+00 3.660246211e-03 3.862080696e-04 1.298454339e-02 3.899182263e+00 7.999745765e+00 2.542347055e-04
1.298597194e+04 2.890999495e+00 3.138938748e+00 3.577159429e-03 3.864813127e-04 1.298842187e-02 3.898974325e+00 7.999753787e+00 2.462128811e-04
1.302605210e+04 2.888107362e+00 3.140412486e+00 3.495977550e-03 3.867549928e-04 1.299230568e-02 3.898766335e+00 7.999761556e+00 2.384441845e-04
1.306613226e+04 2.885217054e+00 3.141883027e+00 3.416656402e-03 3.870291057e-04 1.299619472e-02 3.898558291e+00 7.999769079e+00 2.309205816e-04
1.310621242e+04 2.882328587e+00 3.143350392e+00 3.339152801e-03 3.873036472e-04 1.300008893e-02 3.898350194e+00 7.999776366e+00 2.236342676e-04
1.314629259e+04 2.879441977e+00 3.144814604e+00 3.263424656e-03 3.875786133e-04 1.300398823e-02 3.898142044e+00 7.999783422e+00 2.165777289e-04
1.318637275e+04 2.876557240e+00 3.146275683e+00 3.189431725e-03 3.878540000e-04 1.300789256e-02 3.897933840e+00 7.999790256e+00 2.097441264e-04
1.322645291e+04 2.873674392e+00 3.147733652e+00 3.117133340e-03 3.881298035e-04 1.301180185e-02 3.897725583e+00 7.999796874e+00 2.031261512e-04
1.326653307e+04 2.870793447e+00 3.149188529e+00 3.046490264e-03 3.884060200e-04 1.301571602e-02 3.897517273e+00 7.999803283e+00 1.967169683e-04
1.330661323e+04 2.867914421e+00 3.150640336e+00 2.977464143e-03 3.886826457e-04 1.301963502e-02 3.897308909e+00 7.999809490e+00 1.905099428e-04
1.334669339e+04 2.865037328e+00 3.152089092e+00 2.910017476e-03 3.889596771e-04 1.302355878e-02 3.897100491e+00 7.999815501e+00 1.844986305e-04
1.338677355e+04 2.862162181e+00 3.153534816e+00 2.844114163e-03 3.892371106e-04 1.302748723e-02 3.896892019e+00 7.999821323e+00 1.786770380e-04
1.342685371e+04 2.859288993e+00 3.154977527e+00 2.779718676e-03 3.895149429e-04 1.303142033e-02 3.896683494e+00 7.999826961e+00 1.730392367e-04
1.346693387e+04 2.856417780e+00 3.156417243e+00 2.716795935e-03 3.897931706e-04 1.303535799e-02 3.896474915e+00 7.999832421e+00 1.675793088e-04
1.350701403e+04 2.853548552e+00 3.157853981e+00 2.655311885e-03 3.900717904e-04 1.303930018e-02 3.896266281e+00 7.999837708e+00 1.622916205e-04
1.354709419e+04 2.850681323e+00 3.159287761e+00 2.595233237e-03 3.903507991e-04 1.304324683e-02 3.896057594e+00 7.999842829e+00 1.571707056e-04
1.358717435e+04 2.847816105e+00 3.160718598e+00 2.536527503e-03 3.906301935e-04 1.304719788e-02 3.895848853e+00 7.999847789e+00 1.522112799e-04
1.362725451e+04 2.844952909e+00 3.162146509e+00 2.479163549e-03 3.909099708e-04 1.305115328e-02 3.895640058e+00 7.999852592e+00 1.474084745e-04
1.366733467e+04 2.842091748e+00 3.163571512e+00 2.423110084e-03 3.911901279e-04 1.305511299e-02 3.895431208e+00 7.999857243e+00 1.427572108e-04
1.370741483e+04 2.839232632e+00 3.164993622e+00 2.368336853e-03 3.914706619e-04 1.305907694e-02 3.895222304e+00 7.999861747e+00 1.382526977e-04
1.374749499e+04 2.836375572e+00 3.166412854e+00 2.314814286e-03 3.917515701e-04 1.306304508e-02 3.895013346e+00 7.999866110e+00 1.338902872e-04
1.378757515e+04 2.833520580e+00 3.167829225e+00 2.262513475e-03 3.920328495e-04 1.306701738e-02 3.894804333e+00 7.999870335e+00 1.296654679e-04
1.382765531e+04 2.830667665e+00 3.169242750e+00 2.211406465e-03 3.923144976e-04 1.307099377e-02 3.894595266e+00 7.999874426e+00 1.255739789e-04
1.386773547e+04 2.827816838e+00 3.170653443e+00 2.161465867e-03 3.925965118e-04 1.307497422e-02 3.894386145e+00 7.999878388e+00 1.216116620e-04
1.390781563e+04 2.824968107e+00 3.172061318e+00 2.112664630e-03 3.928788895e-04 1.307895867e-02 3.894176969e+00 7.999882226e+00 1.177743742e-04
1.394789579e+04 2.822121484e+00 3.173466391e+00 2.064976470e-03 3.931616281e-04 1.308294708e-02 3.893967738e+00 7.999885942e+00 1.140581557e-04
1.398797595e+04 2.819276977e+00 3.174868674e+00 2.018375692e-03 3.934447254e-04 1.308693941e-02 3.893758453e+00 7.999889541e+00 1.104591620e-04
1.402805611e+04 2.816434595e+00 3.176268182e+00 1.972837189e-03 3.937281788e-04 1.309093562e-02 3.893549113e+00 7.999893026e+00 1.069736666e-04
1.406813627e+04 2.813594347e+00 3.177664927e+00 1.928336974e-03 3.940119861e-04 1.309493566e-02 3.893339718e+00 7.999896402e+00 1.035982757e-04
1.410821643e+04 2.810756242e+00 3.179058924e+00 1.884850863e-03 3.942961450e-04 1.309893949e-02 3.893130268e+00 7.999899671e+00 1.003294003e-04
1.414829659e+04 2.807920287e+00 3.180450184e+00 1.842355489e-03 3.945806534e-04 1.310294707e-02 3.892920764e+00 7.999902836e+00 9.716366687e-05
1.418837675e+04 2.805086491e+00 3.181838720e+00 1.800828009e-03 3.948655090e-04 1.310695836e-02 3.892711204e+00 7.999905902e+00 9.409780080e-05
1.422845691e+04 2.802254862e+00 3.183224545e+00 1.760246088e-03 3.951507098e-04 1.311097333e-02 3.892501590e+00 7.999908871e+00 9.112862135e-05
1.426853707e+04 2.799425407e+00 3.184607671e+00 1.720588222e-03 3.954362538e-04 1.311499194e-02 3.892291920e+00 7.999911747e+00 8.825317294e-05
1.430861723e+04 2.796598134e+00 3.185988108e+00 1.681833356e-03 3.957221389e-04 1.311901415e-02 3.892082196e+00 7.999914531e+00 8.546857394e-05
1.434869739e+04 2.793773050e+00 3.187365870e+00 1.643960485e-03 3.960083633e-04 1.312303993e-02 3.891872416e+00 7.999917228e+00 8.277186048e-05
1.438877756e+04 2.790950161e+00 3.188740966e+00 1.606949301e-03 3.962949250e-04 1.312706924e-02 3.891662581e+00 7.999919840e+00 8.016024412e-05
1.442885772e+04 2.788129475e+00 3.190113409e+00 1.570779943e-03 3.965818222e-04 1.313110205e-02 3.891452691e+00 7.999922369e+00 7.763101603e-05
1.446893788e+04 2.785310999e+00 3.191483209e+00 1.535432984e-03 3.968690531e-04 1.313513832e-02 3.891242745e+00 7.999924818e+00 7.518154276e-05
1.450901804e+04 2.782494738e+00 3.192850378e+00 1.500889465e-03 3.971566158e-04 1.313917802e-02 3.891032744e+00 7.999927191e+00 7.280927979e-05
1.454909820e+04 2.779680699e+00 3.194214924e+00 1.467131688e-03 3.974445089e-04 1.314322113e-02 3.890822688e+00 7.999929488e+00 7.051206999e-05
1.458917836e+04 2.776868887e+00 3.195576859e+00 1.434141119e-03 3.977327306e-04 1.314726761e-02 3.890612576e+00 7.999931713e+00 6.828736209e-05
1.462925852e+04 2.774059309e+00 3.196936192e+00 1.401900113e-03 3.980212792e-04 1.315131743e-02 3.890402409e+00 7.999933867e+00 6.613285428e-05
1.466933868e+04 2.771251971e+00 3.198292935e+00 1.370391410e-03 3.983101531e-04 1.315537057e-02 3.890192186e+00 7.999935954e+00 6.404631055e-05
1.470941884e+04 2.768446877e+00 3.199647095e+00 1.339598130e-03 3.985993509e-04 1.315942698e-02 3.889981908e+00 7.999937974e+00 6.202555720e-05
1.474949900e+04 2.765644034e+00 3.200998683e+00 1.309503755e-03 3.988888711e-04 1.316348665e-02 3.889771574e+00 7.999939932e+00 6.006847945e-05
1.478957916e+04 2.762843445e+00 3.202347708e+00 1.280092646e-03 3.991787121e-04 1.316754955e-02 3.889561185e+00 7.999941827e+00 5.817320347e-05
1.482965932e+04 2.760045117e+00 3.203694180e+00 1.251349247e-03 3.994688726e-04 1.317161566e-02 3.889350739e+00 7.999943662e+00 5.633781769e-05
1.486973948e+04 2.757249054e+00 3.205038106e+00 1.223257990e-03 3.997593512e-04 1.317568493e-02 3.889140238e+00 7.999945440e+00 5.456034156e-05
1.490981964e+04 2.754455260e+00 3.206379496e+00 1.195803894e-03 4.000501465e-04 1.317975736e-02 3.888929682e+00 7.999947161e+00 5.283893525e-05
1.494989980e+04 2.751663741e+00 3.207718359e+00 1.168972307e-03 4.003412573e-04 1.318383292e-02 3.888719069e+00 7.999948828e+00 5.117181178e-05
1.498997996e+04 2.748874500e+00 3.209054703e+00 1.142748897e-03 4.006326821e-04 1.318791157e-02 3.888508400e+00 7.999950443e+00 4.955723430e-05
1.503006012e+04 2.746087542e+00 3.210388536e+00 1.117119734e-03 4.009244199e-04 1.319199331e-02 3.888297676e+00 7.999952006e+00 4.799354395e-05
1.507014028e+04 2.743302871e+00 3.211719867e+00 1.092071735e-03 4.012164693e-04 1.319607810e-02 3.888086895e+00 7.999953521e+00 4.647930421e-05
1.511022044e+04 2.740520491e+00 3.213048703e+00 1.067591240e-03 4.015088293e-04 1.320016592e-02 3.887876059e+00 7.999954987e+00 4.501284022e-05
1.515030060e+04 2.737740405e+00 3.214375053e+00 1.043665242e-03 4.018014987e-04 1.320425676e-02 3.887665166e+00 7.999956407e+00 4.359263852e-05
1.519038076e+04 2.734962618e+00 3.215698923e+00 1.020281021e-03 4.020944763e-04 1.320835058e-02 3.887454218e+00 7.999957783e+00 4.221723004e-05
1.523046092e+04 2.732187133e+00 3.217020323e+00 9.974261391e-04 4.023877611e-04 1.321244737e-02 3.887243213e+00 7.999959115e+00 4.088518791e-05
1.527054108e+04 2.729413953e+00 3.218339258e+00 9.750884301e-04 4.026813520e-04 1.321654712e-02 3.887032152e+00 7.999960405e+00 3.959512520e-05
1.531062124e+04 2.726643082e+00 3.219655737e+00 9.532563626e-04 4.029752480e-04 1.322064979e-02 3.886821035e+00 7.999961654e+00 3.834580609e-05
1.535070140e+04 2.723874523e+00 3.220969767e+00 9.319183645e-04 4.032694482e-04 1.322475537e-02 3.886609862e+00 7.999962864e+00 3.713594160e-05
1.539078156e+04 2.721108279e+00 3.222281354e+00 9.110630218e-04 4.035639514e-04 1.322886384e-02 3.886398632e+00 7.999964036e+00 3.596425048e-05
1.543086172e+04 2.718344352e+00 3.223590506e+00 8.906792850e-04 4.038587568e-04 1.323297518e-02 3.886187346e+00 7.999965170e+00 3.482952226e-05
1.547094188e+04 2.715582746e+00 3.224897230e+00 8.707563484e-04 4.041538635e-04 1.323708938e-02 3.885976004e+00 7.999966269e+00 3.373058121e-05
1.551102204e+04 2.712823464e+00 3.226201532e+00 8.512836413e-04 4.044492705e-04 1.324120641e-02 3.885764605e+00 7.999967334e+00 3.266628451e-05
1.555110220e+04 2.710066508e+00 3.227503419e+00 8.322509233e-04 4.047449770e-04 1.324532627e-02 3.885553150e+00 7.999968364e+00 3.163555058e-05
1.559118236e+04 2.707311881e+00 3.228802896e+00 8.136484449e-04 4.050409823e-04 1.324944892e-02 3.885341639e+00 7.999969363e+00 3.063740688e-05
1.563126253e+04 2.704559584e+00 3.230099972e+00 7.954661668e-04 4.053372854e-04 1.325357437e-02 3.885130070e+00 7.999970329e+00 2.967076125e-05
1.567134269e+04 2.701809621e+00 3.231394651e+00 7.776944837e-04 4.056338856e-04 1.325770258e-02 3.884918446e+00 7.999971265e+00 2.873461485e-05
1.571142285e+04 2.699061994e+00 3.232686941e+00 7.603240013e-04 4.059307821e-04 1.326183355e-02 3.884706765e+00 7.999972172e+00 2.782799739e-05
1.575150301e+04 2.696316704e+00 3.233976846e+00 7.433455300e-04 4.062279742e-04 1.326596726e-02 3.884495027e+00 7.999973050e+00 2.694996560e-05
1.579158317e+04 2.693573755e+00 3.235264374e+00 7.267500771e-04 4.065254611e-04 1.327010369e-02 3.884283232e+00 7.999973900e+00 2.609960174e-05
1.583166333e+04 2.690833147e+00 3.236549530e+00 7.105293103e-04 4.068232422e-04 1.327424284e-02 3.884071381e+00 7.999974724e+00 2.527614682e-05
1.587174349e+04 2.688094882e+00 3.237832319e+00 6.946745546e-04 4.071213167e-04 1.327838468e-02 3.883859473e+00 7.999975521e+00 2.447871354e-05
1.591182365e+04 2.685358963e+00 3.239112748e+00 6.791773673e-04 4.074196840e-04 1.328252921e-02 3.883647508e+00 7.999976294e+00 2.370645150e-05
1.595190381e+04 2.682625392e+00 3.240390822e+00 6.640295758e-04 4.077183435e-04 1.328667640e-02 3.883435487e+00 7.999977041e+00 2.295855877e-05
1.599198397e+04 2.679894168e+00 3.241666546e+00 6.492231829e-04 4.080172944e-04 1.329082625e-02 3.883223408e+00 7.999977766e+00 2.223425512e-05
1.603206413e+04 2.677165296e+00 3.242939927e+00 6.347503610e-04 4.083165363e-04 1.329497875e-02 3.883011273e+00 7.999978467e+00 2.153278073e-05
1.607214429e+04 2.674438775e+00 3.244210968e+00 6.206034449e-04 4.086160685e-04 1.329913387e-02 3.882799081e+00 7.999979147e+00 2.085339488e-05
1.611222445e+04 2.671714607e+00 3.245479677e+00 6.067751262e-04 4.089158904e-04 1.330329162e-02 3.882586832e+00 7.999979805e+00 2.019543062e-05
1.615230461e+04 2.668992793e+00 3.246746057e+00 5.932586144e-04 4.092160017e-04 1.330745197e-02 3.882374526e+00 7.999980442e+00 1.955834063e-05
1.619238477e+04 2.666273335e+00 3.248010113e+00 5.800464312e-04 4.095164017e-04 1.331161492e-02 3.882162163e+00 7.999981059e+00 1.894135949e-05
1.623246493e+04 2.663556233e+00 3.249271852e+00 5.671316301e-04 4.098170899e-04 1.331578046e-02 3.881949743e+00 7.999981656e+00 1.834384612e-05
1.627254509e+04 2.660841490e+00 3.250531277e+00 5.545074139e-04 4.101180659e-04 1.331994857e-02 3.881737266e+00 7.999982235e+00 1.776517696e-05
1.631262525e+04 2.658129105e+00 3.251788393e+00 5.421671293e-04 4.104193291e-04 1.332411925e-02 3.881524731e+00 7.999982795e+00 1.720474493e-05
1.635270541e+04 2.655419081e+00 3.253043207e+00 5.301042617e-04 4.107208790e-04 1.332829247e-02 3.881312140e+00 7.999983338e+00 1.666195846e-05
1.639278557e+04 2.652711417e+00 3.254295721e+00 5.183124300e-04 4.110227154e-04 1.333246825e-02 3.881099491e+00 7.999983864e+00 1.613624037e-05
1.643286573e+04 2.650006114e+00 3.255545941e+00 5.067859613e-04 4.113248376e-04 1.333664655e-02 3.880886786e+00 7.999984373e+00 1.562717706e-05
1.647294589e+04 2.647303174e+00 3.256793872e+00 4.955186990e-04 4.116272453e-04 1.334082738e-02 3.880674023e+00 7.999984866e+00 1.513421028e-05
1.651302605e+04 2.644602597e+00 3.258039517e+00 4.845046116e-04 4.119299382e-04 1.334501072e-02 3.880461202e+00 7.999985343e+00 1.465679517e-05
1.655310621e+04 2.641904383e+00 3.259282882e+00 4.737379298e-04 4.122329157e-04 1.334919657e-02 3.880248325e+00 7.999985806e+00 1.419443598e-05
1.659318637e+04 2.639208534e+00 3.260523971e+00 4.632130090e-04 4.125361776e-04 1.335338492e-02 3.880035390e+00 7.999986253e+00 1.374665080e-05
1.663326653e+04 2.636515049e+00 3.261762788e+00 4.529243244e-04 4.128397234e-04 1.335757575e-02 3.879822398e+00 7.999986687e+00 1.331297071e-05
1.667334669e+04 2.633823930e+00 3.262999338e+00 4.428664671e-04 4.131435529e-04 1.336176906e-02 3.879609348e+00 7.999987107e+00 1.289293905e-05
1.671342685e+04 2.631135176e+00 3.264233624e+00 4.330342634e-04 4.134476656e-04 1.336596485e-02 3.879396241e+00 7.999987514e+00 1.248613937e-05
1.675350701e+04 2.628448788e+00 3.265465651e+00 4.234229514e-04 4.137520615e-04 1.337016309e-02 3.879183076e+00 7.999987908e+00 1.209223681e-05
1.679358717e+04 2.625764766e+00 3.266695423e+00 4.140272455e-04 4.140567400e-04 1.337436380e-02 3.878969854e+00 7.999988289e+00 1.171076073e-05
1.683366733e+04 2.623083111e+00 3.267922945e+00 4.048422487e-04 4.143617009e-04 1.337856695e-02 3.878756575e+00 7.999988659e+00 1.134131702e-05
1.687374749e+04 2.620403823e+00 3.269148219e+00 3.958631703e-04 4.146669440e-04 1.338277254e-02 3.878543238e+00 7.999989016e+00 1.098352284e-05
1.691382766e+04 2.617726901e+00 3.270371250e+00 3.870853233e-04 4.149724689e-04 1.338698057e-02 3.878329843e+00 7.999989363e+00 1.063700607e-05
1.695390782e+04 2.615052347e+00 3.271592042e+00 3.785041202e-04 4.152782755e-04 1.339119102e-02 3.878116391e+00 7.999989699e+00 1.030140463e-05
1.699398798e+04 2.612380159e+00 3.272810600e+00 3.701150696e-04 4.155843634e-04 1.339540390e-02 3.877902881e+00 7.999990024e+00 9.976365978e-06
1.703406814e+04 2.609710339e+00 3.274026925e+00 3.619140726e-04 4.158907325e-04 1.339961918e-02 3.877689313e+00 7.999990338e+00 9.661610299e-06
1.707414830e+04 2.607042885e+00 3.275241024e+00 3.538968295e-04 4.161973825e-04 1.340383688e-02 3.877475688e+00 7.999990643e+00 9.356804310e-06
1.711422846e+04 2.604377799e+00 3.276452898e+00 3.460590952e-04 4.165043132e-04 1.340805697e-02 3.877262005e+00 7.999990938e+00 9.061615865e-06
1.715430862e+04 2.601715079e+00 3.277662552e+00 3.383967979e-04 4.168115245e-04 1.341227946e-02 3.877048264e+00 7.999991224e+00 8.775739422e-06
1.719438878e+04 2.599054726e+00 3.278869990e+00 3.309059539e-04 4.171190160e-04 1.341650434e-02 3.876834465e+00 7.999991501e+00 8.498877898e-06
1.723446894e+04 2.596396740e+00 3.280075215e+00 3.235826638e-04 4.174267877e-04 1.342073160e-02 3.876620609e+00 7.999991769e+00 8.230742172e-06
1.727454910e+04 2.593741120e+00 3.281278230e+00 3.164231099e-04 4.177348394e-04 1.342496124e-02 3.876406694e+00 7.999992029e+00 7.971050602e-06
1.731462926e+04 2.591087866e+00 3.282479040e+00 3.094236205e-04 4.180431709e-04 1.342919325e-02 3.876192722e+00 7.999992280e+00 7.719542783e-06
1.735470942e+04 2.588436977e+00 3.283677647e+00 3.025808217e-04 4.183517820e-04 1.343342763e-02 3.875978692e+00 7.999992524e+00 7.476011558e-06
1.739478958e+04 2.585788454e+00 3.284874055e+00 2.958909889e-04 4.186606727e-04 1.343766437e-02 3.875764604e+00 7.999992760e+00 7.240166728e-06
1.743486974e+04 2.583142296e+00 3.286068268e+00 2.893506584e-04 4.189698428e-04 1.344190347e-02 3.875550458e+00 7.999992988e+00 7.011763886e-06
1.747494990e+04 2.580498503e+00 3.287260288e+00 2.829564406e-04 4.192792922e-04 1.344614492e-02 3.875336254e+00 7.999993209e+00 6.790565318e-06
1.751503006e+04 2.577857073e+00 3.288450120e+00 2.767050177e-04 4.195890207e-04 1.345038871e-02 3.875121992e+00 7.999993424e+00 6.576339608e-06
1.755511022e+04 2.575218008e+00 3.289637766e+00 2.705931412e-04 4.198990282e-04 1.345463485e-02 3.874907672e+00 7.999993631e+00 6.368861246e-06
1.759519038e+04 2.572581305e+00 3.290823230e+00 2.646176289e-04 4.202093147e-04 1.345888333e-02 3.874693294e+00 7.999993832e+00 6.167910230e-06
1.763527054e+04 2.569946965e+00 3.292006515e+00 2.587756833e-04 4.205198801e-04 1.346313414e-02 3.874478857e+00 7.999994027e+00 5.973338443e-06
1.767535070e+04 2.567314987e+00 3.293187623e+00 2.530642514e-04 4.208307243e-04 1.346738729e-02 3.874264363e+00 7.999994215e+00 5.784936540e-06
1.771543086e+04 2.564685370e+00 3.294366559e+00 2.474802768e-04 4.211418472e-04 1.347164276e-02 3.874049810e+00 7.999994398e+00 5.602486451e-06
1.775551102e+04 2.562058114e+00 3.295543326e+00 2.420208741e-04 4.214532487e-04 1.347590055e-02 3.873835199e+00 7.999994574e+00 5.425798030e-06
1.779559118e+04 2.559433218e+00 3.296717926e+00 2.366832184e-04 4.217649288e-04 1.348016066e-02 3.873620530e+00 7.999994745e+00 5.254686008e-06
1.783567134e+04 2.556810681e+00 3.297890363e+00 2.314645423e-04 4.220768874e-04 1.348442308e-02 3.873405803e+00 7.999994911e+00 5.088969669e-06
1.787575150e+04 2.554190504e+00 3.299060639e+00 2.263621342e-04 4.223891245e-04 1.348868782e-02 3.873191017e+00 7.999995072e+00 4.928472518e-06
1.791583166e+04 2.551572684e+00 3.300228758e+00 2.213733355e-04 4.227016401e-04 1.349295486e-02 3.872976173e+00 7.999995227e+00 4.773021955e-06
1.795591182e+04 2.548957221e+00 3.301394722e+00 2.164955389e-04 4.230144340e-04 1.349722421e-02 3.872761271e+00 7.999995378e+00 4.622448943e-06
1.799599198e+04 2.546344115e+00 3.302558536e+00 2.117266915e-04 4.233275064e-04 1.350149586e-02 3.872546310e+00 7.999995523e+00 4.476685435e-06
1.803607214e+04 2.543733364e+00 3.303720200e+00 2.070641496e-04 4.236408572e-04 1.350576981e-02 3.872331291e+00 7.999995664e+00 4.335543126e-06
1.807615230e+04 2.541124967e+00 3.304879719e+00 2.025054262e-04 4.239544863e-04 1.351004605e-02 3.872116214e+00 7.999995801e+00 4.198857984e-06
1.811623246e+04 2.538518925e+00 3.306037095e+00 1.980481701e-04 4.242683937e-04 1.351432459e-02 3.871901078e+00 7.999995934e+00 4.066486360e-06
1.815631263e+04 2.535915235e+00 3.307192332e+00 1.936900779e-04 4.245825796e-04 1.351860541e-02 3.871685883e+00 7.999996062e+00 3.938288154e-06
1.819639279e+04 2.533313897e+00 3.308345431e+00 1.894288928e-04 4.248970437e-04 1.352288852e-02 3.871470630e+00 7.999996186e+00 3.814126569e-06
1.823647295e+04 2.530714911e+00 3.309496396e+00 1.852624023e-04 4.252117863e-04 1.352717392e-02 3.871255319e+00 7.999996306e+00 3.693867861e-06
1.827655311e+04 2.528118274e+00 3.310645230e+00 1.811884366e-04 4.255268072e-04 1.353146160e-02 3.871039949e+00 7.999996423e+00 3.577381091e-06
1.831663327e+04 2.525523987e+00 3.311791935e+00 1.772048664e-04 4.258421065e-04 1.353575155e-02 3.870824520e+00 7.999996535e+00 3.464537872e-06
1.835671343e+04 2.522932048e+00 3.312936515e+00 1.733101870e-04 4.261576843e-04 1.354004378e-02 3.870609033e+00 7.999996645e+00 3.355318181e-06
1.839679359e+04 2.520342456e+00 3.314078970e+00 1.695020749e-04 4.264735406e-04 1.354433829e-02 3.870393487e+00 7.999996750e+00 3.249549062e-06
1.843687375e+04 2.517755209e+00 3.315219306e+00 1.657785528e-04 4.267896755e-04 1.354863507e-02 3.870177882e+00 7.999996853e+00 3.147115680e-06
1.847695391e+04 2.515170308e+00 3.316357523e+00 1.621377098e-04 4.271060889e-04 1.355293412e-02 3.869962218e+00 7.999996952e+00 3.047910774e-06
1.851703407e+04 2.512587751e+00 3.317493626e+00 1.585776749e-04 4.274227810e-04 1.355723544e-02 3.869746496e+00 7.999997048e+00 2.951829893e-06
1.855711423e+04 2.510007536e+00 3.318627615e+00 1.550966153e-04 4.277397517e-04 1.356153903e-02 3.869530715e+00 7.999997141e+00 2.858771221e-06
1.859719439e+04 2.507429663e+00 3.319759495e+00 1.516927351e-04 4.280570012e-04 1.356584488e-02 3.869314876e+00 7.999997231e+00 2.768635401e-06
1.863727455e+04 2.504854130e+00 3.320889268e+00 1.483642736e-04 4.283745295e-04 1.357015299e-02 3.869098977e+00 7.999997319e+00 2.681325356e-06
1.867735471e+04 2.502280937e+00 3.322016935e+00 1.451095308e-04 4.286923367e-04 1.357446337e-02 3.868883020e+00 7.999997403e+00 2.596750356e-06
1.871743487e+04 2.499710082e+00 3.323142501e+00 1.419272226e-04 4.290104228e-04 1.357877600e-02 3.868667004e+00 7.999997485e+00 2.514882869e-06
1.875751503e+04 2.497141564e+00 3.324265967e+00 1.388154635e-04 4.293287880e-04 1.358309089e-02 3.868450928e+00 7.999997564e+00 2.435596094e-06
1.879759519e+04 2.494575382e+00 3.325387335e+00 1.357726684e-04 4.296474322e-04 1.358740804e-02 3.868234794e+00 7.999997641e+00 2.358808022e-06
1.883767535e+04 2.492011535e+00 3.326506609e+00 1.327972857e-04 4.299663556e-04 1.359172744e-02 3.868018601e+00 7.999997716e+00 2.284438953e-06
1.887775551e+04 2.489450020e+00 3.327623791e+00 1.298877968e-04 4.302855583e-04 1.359604909e-02 3.867802349e+00 7.999997788e+00 2.212411370e-06
1.891783567e+04 2.486890838e+00 3.328738883e+00 1.270427142e-04 4.306050403e-04 1.360037300e-02 3.867586038e+00 7.999997857e+00 2.142649805e-06
1.895791583e+04 2.484333987e+00 3.329851888e+00 1.242605812e-04 4.309248018e-04 1.360469915e-02 3.867369668e+00 7.999997925e+00 2.075080711e-06
1.899799599e+04 2.481779465e+00 3.330962808e+00 1.215399699e-04 4.312448428e-04 1.360902756e-02 3.867153239e+00 7.999997990e+00 2.009632329e-06
1.903807615e+04 2.479227272e+00 3.332071646e+00 1.188795306e-04 4.315651635e-04 1.361335821e-02 3.866936751e+00 7.999998054e+00 1.946241463e-06
1.907815631e+04 2.476677405e+00 3.333178403e+00 1.162781189e-04 4.318857641e-04 1.361769111e-02 3.866720203e+00 7.999998115e+00 1.884871213e-06
1.911823647e+04 2.474129864e+00 3.334283083e+00 1.137342575e-04 4.322066447e-04 1.362202626e-02 3.866503597e+00 7.999998175e+00 1.825436365e-06
1.915831663e+04 2.471584648e+00 3.335385688e+00 1.112466567e-04 4.325278055e-04 1.362636365e-02 3.866286931e+00 7.999998232e+00 1.767875580e-06
1.919839679e+04 2.469041754e+00 3.336486220e+00 1.088140540e-04 4.328492464e-04 1.363070330e-02 3.866070206e+00 7.999998288e+00 1.712129193e-06
1.923847695e+04 2.466501182e+00 3.337584682e+00 1.064352133e-04 4.331709677e-04 1.363504518e-02 3.865853422e+00 7.999998342e+00 1.658139106e-06
1.927855711e+04 2.463962930e+00 3.338681075e+00 1.041089236e-04 4.334929696e-04 1.363938931e-02 3.865636578e+00 7.999998394e+00 1.605848691e-06
1.931863727e+04 2.461426997e+00 3.339775402e+00 1.018339983e-04 4.338152521e-04 1.364373569e-02 3.865419676e+00 7.999998445e+00 1.555202681e-06
1.935871743e+04 2.458893381e+00 3.340867666e+00 9.960927432e-05 4.341378154e-04 1.364808431e-02 3.865202714e+00 7.999998494e+00 1.506147066e-06
1.939879760e+04 2.456362082e+00 3.341957869e+00 9.743368049e-05 4.344606596e-04 1.365243517e-02 3.864985692e+00 7.999998541e+00 1.458638327e-06
1.943887776e+04 2.453833097e+00 3.343046013e+00 9.530624583e-05 4.347837844e-04 1.365678827e-02 3.864768611e+00 7.999998587e+00 1.412644512e-06
1.947895792e+04 2.451306425e+00 3.344132100e+00 9.322578010e-05 4.351071903e-04 1.366114360e-02 3.864551471e+00 7.999998632e+00 1.368102567e-06
1.951903808e+04 2.448782066e+00 3.345216133e+00 9.119123171e-05 4.354308773e-04 1.366550117e-02 3.864334272e+00 7.999998675e+00 1.324966216e-06
1.955911824e+04 2.446260016e+00 3.346298114e+00 8.920157079e-05 4.357548456e-04 1.366986098e-02 3.864117013e+00 7.999998717e+00 1.283190358e-06
1.959919840e+04 2.443740276e+00 3.347378045e+00 8.725578843e-05 4.360790953e-04 1.367422302e-02 3.863899694e+00 7.999998757e+00 1.242730988e-06
1.963927856e+04 2.441222843e+00 3.348455929e+00 8.535289587e-05 4.364036265e-04 1.367858729e-02 3.863682316e+00 7.999998796e+00 1.203545113e-06
1.967935872e+04 2.438707717e+00 3.349531768e+00 8.349192365e-05 4.367284393e-04 1.368295379e-02 3.863464879e+00 7.999998834e+00 1.165590670e-06
1.971943888e+04 2.436194894e+00 3.350605563e+00 8.167192087e-05 4.370535338e-04 1.368732253e-02 3.863247382e+00 7.999998871e+00 1.128826446e-06
1.975951904e+04 2.433684375e+00 3.351677318e+00 7.989208974e-05 4.373789107e-04 1.369169351e-02 3.863029825e+00 7.999998907e+00 1.093230464e-06
1.979959920e+04 2.431176157e+00 3.352747033e+00 7.815163520e-05 4.377045707e-04 1.369606673e-02 3.862812209e+00 7.999998941e+00 1.058779497e-06
1.983967936e+04 2.428670239e+00 3.353814711e+00 7.644954186e-05 4.380305133e-04 1.370044220e-02 3.862594533e+00 7.999998975e+00 1.025418674e-06
1.987975952e+04 2.426166620e+00 3.354880355e+00 7.478495057e-05 4.383567387e-04 1.370481990e-02 3.862376797e+00 7.999999007e+00 9.931128705e-07
1.991983968e+04 2.423665298e+00 3.355943966e+00 7.315701918e-05 4.386832473e-04 1.370919984e-02 3.862159002e+00 7.999999038e+00 9.618277416e-07
1.995991984e+04 2.421166271e+00 3.357005548e+00 7.156492183e-05 4.390100390e-04 1.371358203e-02 3.861941147e+00 7.999999068e+00 9.315296575e-07
2.000000000e+04 2.418669538e+00 3.358065101e+00 7.000784822e-05 4.393371143e-04 1.371796645e-02 3.861723232e+00 7.999999098e+00 9.021856335e-07
