time            Cj              Ck              shCj            shCk            Br              shBr            CancelC        
0.000000000e+00 1.000000000e+01 1.000000000e-05 0.000000000e+00 0.000000000e+00 1.000000000e+01 1.000000000e+01 3.000000000e+01
2.164328657e+01 6.483671852e+00 1.196872739e-03 4.342568229e-09 9.592133619e-04 9.987123084e+00 9.999999739e+00 2.757999637e+01
4.328657315e+01 5.944948883e+00 2.540745151e-03 5.398841975e-08 1.622856096e-03 9.955607223e+00 9.999998195e+00 2.777177037e+01
6.492985972e+01 5.570021158e+00 4.622673047e-03 2.254734446e-07 2.129425133e-03 9.911638048e+00 9.999994566e+00 2.790640462e+01
8.657314629e+01 5.308834381e+00 7.970608689e-03 6.027507930e-07 2.530161141e-03 9.859407928e+00 9.999988356e+00 2.800006934e+01
1.082164329e+02 5.126806549e+00 1.300614644e-02 1.262292710e-06 2.854302149e-03 9.801784980e+00 9.999979265e+00 2.806451279e+01
1.298597194e+02 4.999927504e+00 2.001367693e-02 2.265790497e-06 3.119938890e-03 9.740715089e+00 9.999967133e+00 2.810810208e+01
1.515030060e+02 4.911512260e+00 2.914494397e-02 3.657103834e-06 3.339193708e-03 9.677507436e+00 9.999951895e+00 2.813677114e+01
1.731462926e+02 4.849957583e+00 4.043950715e-02 5.461842291e-06 3.520787910e-03 9.613034582e+00 9.999933556e+00 2.815472155e+01
1.947895792e+02 4.807188858e+00 5.385028643e-02 7.688580726e-06 3.671358939e-03 9.547871518e+00 9.999912175e+00 2.816492966e+01
2.164328657e+02 4.777583972e+00 6.926848177e-02 1.033100477e-05 3.796161845e-03 9.482391627e+00 9.999887845e+00 2.816950818e+01
2.380761523e+02 4.757226278e+00 8.654523492e-02 1.337049068e-05 3.899462203e-03 9.416832633e+00 9.999860686e+00 2.816996198e+01
2.597194389e+02 4.743386174e+00 1.055090990e-01 1.677877248e-05 3.984771912e-03 9.351341674e+00 9.999830835e+00 2.816736783e+01
2.813627255e+02 4.734160250e+00 1.259793577e-01 2.052048702e-05 4.055003418e-03 9.286006041e+00 9.999798440e+00 2.816250054e+01
3.030060120e+02 4.728220477e+00 1.477756260e-01 2.455546185e-05 4.112579296e-03 9.220874030e+00 9.999763655e+00 2.815592167e+01
3.246492986e+02 4.724639859e+00 1.707244776e-01 2.884071271e-05 4.159516319e-03 9.155968973e+00 9.999726634e+00 2.814804104e+01
3.462925852e+02 4.722770414e+00 1.946634914e-01 3.333206938e-05 4.197493603e-03 9.091298695e+00 9.999687531e+00 2.813916049e+01
3.679358717e+02 4.722159018e+00 2.194437187e-01 3.798554868e-05 4.227908358e-03 9.026861754e+00 9.999646498e+00 2.812950431e+01
3.895791583e+02 4.722488014e+00 2.449306027e-01 4.275836724e-05 4.251923753e-03 8.962651564e+00 9.999603679e+00 2.811924089e+01
4.112224449e+02 4.723534483e+00 2.710041984e-01 4.760977811e-05 4.270508229e-03 8.898659050e+00 9.999559215e+00 2.810849798e+01
4.328657315e+02 4.725141352e+00 2.975585657e-01 5.250158273e-05 4.284468845e-03 8.834874330e+00 9.999513238e+00 2.809737337e+01
4.545090180e+02 4.727197640e+00 3.245009914e-01 5.739857019e-05 4.294479589e-03 8.771287737e+00 9.999465875e+00 2.808594293e+01
4.761523046e+02 4.729624438e+00 3.517508280e-01 6.226870912e-05 4.301104702e-03 8.707890409e+00 9.999417244e+00 2.807426605e+01
4.977955912e+02 4.732365163e+00 3.792383364e-01 6.708324762e-05 4.304817543e-03 8.644674601e+00 9.999367458e+00 2.806238962e+01
5.194388778e+02 4.735379081e+00 4.069035488e-01 7.181677091e-05 4.306016959e-03 8.581633811e+00 9.999316620e+00 2.805035126e+01
5.410821643e+02 4.738636278e+00 4.346950785e-01 7.644708144e-05 4.305039761e-03 8.518762797e+00 9.999264829e+00 2.803818114e+01
5.627254509e+02 4.742114538e+00 4.625690543e-01 8.095508283e-05 4.302171920e-03 8.456057518e+00 9.999212175e+00 2.802590388e+01
5.843687375e+02 4.745797061e+00 4.904880907e-01 8.532468198e-05 4.297657350e-03 8.393515051e+00 9.999158743e+00 2.801353965e+01
6.060120240e+02 4.749670790e+00 5.184205343e-01 8.954250567e-05 4.291704685e-03 8.331133480e+00 9.999104611e+00 2.800110512e+01
6.276553106e+02 4.753725452e+00 5.463396283e-01 9.359762490e-05 4.284492398e-03 8.268911782e+00 9.999049853e+00 2.798861423e+01
6.492985972e+02 4.757952468e+00 5.742226410e-01 9.748171199e-05 4.276176298e-03 8.206849717e+00 9.998994535e+00 2.797607850e+01
6.709418838e+02 4.762344773e+00 6.020505231e-01 1.011883222e-04 4.266890128e-03 8.144947722e+00 9.998938721e+00 2.796350779e+01
6.925851703e+02 4.766896192e+00 6.298072366e-01 1.047130271e-04 4.256750827e-03 8.083206814e+00 9.998882468e+00 2.795091039e+01
7.142284569e+02 4.771601271e+00 6.574793419e-01 1.080530754e-04 4.245860421e-03 8.021628502e+00 9.998825829e+00 2.793829339e+01
7.358717435e+02 4.776455055e+00 6.850555729e-01 1.112072151e-04 4.234308574e-03 7.960214712e+00 9.998768854e+00 2.792566289e+01
7.575150301e+02 4.781452938e+00 7.125265272e-01 1.141755584e-04 4.222174335e-03 7.898967720e+00 9.998711588e+00 2.791302412e+01
7.791583166e+02 4.786590659e+00 7.398843975e-01 1.169592931e-04 4.209527197e-03 7.837890086e+00 9.998654073e+00 2.790038165e+01
8.008016032e+02 4.791864122e+00 7.671226853e-01 1.195606539e-04 4.196429059e-03 7.776984609e+00 9.998596349e+00 2.788773947e+01
8.224448898e+02 4.797269402e+00 7.942360218e-01 1.219827143e-04 4.182934869e-03 7.716254282e+00 9.998538450e+00 2.787510105e+01
8.440881764e+02 4.802802768e+00 8.212199871e-01 1.242292084e-04 4.169093552e-03 7.655702252e+00 9.998480410e+00 2.786246954e+01
8.657314629e+02 4.808460495e+00 8.480709723e-01 1.263045754e-04 4.154948995e-03 7.595331782e+00 9.998422259e+00 2.784984763e+01
8.873747495e+02 4.814239071e+00 8.747859633e-01 1.282135323e-04 4.140540293e-03 7.535146238e+00 9.998364025e+00 2.783723780e+01
9.090180361e+02 4.820134964e+00 9.013626254e-01 1.299614381e-04 4.125902851e-03 7.475149043e+00 9.998305734e+00 2.782464225e+01
9.306613226e+02 4.826144759e+00 9.277990131e-01 1.315537390e-04 4.111068362e-03 7.415343687e+00 9.998247409e+00 2.781206301e+01
9.523046092e+02 4.832265105e+00 9.540936023e-01 1.329962364e-04 4.096065534e-03 7.355733676e+00 9.998189073e+00 2.779950189e+01
9.739478958e+02 4.838492704e+00 9.802451947e-01 1.342948299e-04 4.080920293e-03 7.296322540e+00 9.998130744e+00 2.778696059e+01
9.955911824e+02 4.844824312e+00 1.006252876e+00 1.354555125e-04 4.065656060e-03 7.237113811e+00 9.998072442e+00 2.777444064e+01
1.017234469e+03 4.851256736e+00 1.032115957e+00 1.364843434e-04 4.050294177e-03 7.178111018e+00 9.998014184e+00 2.776194349e+01
1.038877756e+03 4.857786834e+00 1.057833942e+00 1.373873764e-04 4.034854027e-03 7.119317672e+00 9.997955985e+00 2.774947048e+01
1.060521042e+03 4.864411507e+00 1.083406493e+00 1.381706299e-04 4.019353255e-03 7.060737262e+00 9.997897859e+00 2.773702288e+01
1.082164329e+03 4.871127705e+00 1.108833409e+00 1.388400555e-04 4.003807968e-03 7.002373247e+00 9.997839819e+00 2.772460186e+01
1.103807615e+03 4.877932418e+00 1.134114595e+00 1.394015123e-04 3.988232867e-03 6.944229051e+00 9.997781878e+00 2.771220856e+01
1.125450902e+03 4.884822682e+00 1.159250046e+00 1.398607383e-04 3.972641406e-03 6.886308059e+00 9.997724046e+00 2.769984404e+01
1.147094188e+03 4.891795573e+00 1.184239829e+00 1.402233349e-04 3.957045931e-03 6.828613609e+00 9.997666334e+00 2.768750934e+01
1.168737475e+03 4.898848208e+00 1.209084071e+00 1.404947470e-04 3.941457746e-03 6.771148993e+00 9.997608749e+00 2.767520542e+01
1.190380762e+03 4.905977746e+00 1.233782950e+00 1.406802778e-04 3.925887251e-03 6.713917453e+00 9.997551302e+00 2.766293322e+01
1.212024048e+03 4.913181385e+00 1.258336683e+00 1.407850671e-04 3.910344014e-03 6.656922175e+00 9.997493999e+00 2.765069366e+01
1.233667335e+03 4.920456358e+00 1.282745525e+00 1.408139225e-04 3.894836551e-03 6.600166294e+00 9.997436848e+00 2.763848760e+01
1.255310621e+03 4.927799946e+00 1.307009738e+00 1.407717575e-04 3.879373237e-03 6.543652882e+00 9.997379853e+00 2.762631590e+01
1.276953908e+03 4.935209462e+00 1.331129619e+00 1.406630827e-04 3.863961396e-03 6.487384957e+00 9.997323023e+00 2.761417936e+01
1.298597194e+03 4.942682258e+00 1.355105472e+00 1.404922661e-04 3.848607851e-03 6.431365473e+00 9.997266360e+00 2.760207878e+01
1.320240481e+03 4.950215724e+00 1.378937617e+00 1.402634910e-04 3.833318890e-03 6.375597325e+00 9.997209871e+00 2.759001494e+01
1.341883768e+03 4.957807288e+00 1.402626376e+00 1.399807868e-04 3.818100364e-03 6.320083343e+00 9.997153558e+00 2.757798859e+01
1.363527054e+03 4.965454417e+00 1.426172080e+00 1.396479722e-04 3.802957617e-03 6.264826295e+00 9.997097427e+00 2.756600046e+01
1.385170341e+03 4.973154612e+00 1.449575063e+00 1.392686825e-04 3.787895570e-03 6.209828885e+00 9.997041479e+00 2.755405125e+01
1.406813627e+03 4.980905412e+00 1.472835659e+00 1.388463809e-04 3.772918765e-03 6.155093751e+00 9.996985719e+00 2.754214166e+01
1.428456914e+03 4.988704393e+00 1.495954202e+00 1.383843587e-04 3.758031392e-03 6.100623466e+00 9.996930148e+00 2.753027237e+01
1.450100200e+03 4.996549168e+00 1.518931027e+00 1.378857401e-04 3.743237294e-03 6.046420538e+00 9.996874769e+00 2.751844405e+01
1.471743487e+03 5.004437385e+00 1.541766466e+00 1.373534849e-04 3.728540017e-03 5.992487407e+00 9.996819583e+00 2.750665732e+01
1.493386774e+03 5.012366728e+00 1.564460848e+00 1.367903936e-04 3.713942794e-03 5.938826449e+00 9.996764593e+00 2.749491282e+01
1.515030060e+03 5.020334917e+00 1.587014502e+00 1.361991152e-04 3.699448602e-03 5.885439971e+00 9.996709800e+00 2.748321116e+01
1.536673347e+03 5.028339709e+00 1.609427752e+00 1.355821523e-04 3.685060156e-03 5.832330215e+00 9.996655205e+00 2.747155294e+01
1.558316633e+03 5.036378894e+00 1.631700920e+00 1.349418662e-04 3.670779940e-03 5.779499354e+00 9.996600808e+00 2.745993875e+01
1.579959920e+03 5.044450300e+00 1.653834324e+00 1.342804834e-04 3.656610216e-03 5.726949497e+00 9.996546611e+00 2.744836914e+01
1.601603206e+03 5.052551788e+00 1.675828279e+00 1.336000993e-04 3.642553028e-03 5.674682684e+00 9.996492614e+00 2.743684468e+01
1.623246493e+03 5.060681254e+00 1.697683098e+00 1.329026859e-04 3.628610242e-03 5.622700889e+00 9.996438817e+00 2.742536590e+01
1.644889780e+03 5.068836631e+00 1.719399090e+00 1.321900978e-04 3.614783529e-03 5.571006017e+00 9.996385221e+00 2.741393333e+01
1.666533066e+03 5.077015883e+00 1.740976561e+00 1.314640767e-04 3.601074399e-03 5.519599909e+00 9.996331826e+00 2.740254748e+01
1.688176353e+03 5.085217012e+00 1.762415813e+00 1.307262533e-04 3.587484187e-03 5.468484337e+00 9.996278630e+00 2.739120886e+01
1.709819639e+03 5.093438052e+00 1.783717150e+00 1.299781542e-04 3.574014072e-03 5.417661010e+00 9.996225635e+00 2.737991794e+01
1.731462926e+03 5.101677071e+00 1.804880869e+00 1.292212149e-04 3.560665105e-03 5.367131567e+00 9.996172840e+00 2.736867519e+01
1.753106212e+03 5.109932172e+00 1.825907268e+00 1.284567881e-04 3.547438215e-03 5.316897583e+00 9.996120243e+00 2.735748109e+01
1.774749499e+03 5.118201491e+00 1.846796643e+00 1.276861257e-04 3.534334179e-03 5.266960567e+00 9.996067846e+00 2.734633606e+01
1.796392786e+03 5.126483196e+00 1.867549290e+00 1.269103619e-04 3.521353585e-03 5.217321964e+00 9.996015646e+00 2.733524056e+01
1.818036072e+03 5.134775491e+00 1.888165504e+00 1.261305806e-04 3.508496963e-03 5.167983152e+00 9.995963643e+00 2.732419498e+01
1.839679359e+03 5.143076611e+00 1.908645572e+00 1.253478945e-04 3.495764944e-03 5.118945445e+00 9.995911836e+00 2.731319975e+01
1.861322645e+03 5.151384828e+00 1.928989781e+00 1.245633040e-04 3.483157975e-03 5.070210092e+00 9.995860225e+00 2.730225524e+01
1.882965932e+03 5.159698437e+00 1.949198443e+00 1.237774262e-04 3.470675770e-03 5.021778280e+00 9.995808807e+00 2.729136186e+01
1.904609218e+03 5.168015768e+00 1.969271863e+00 1.229909119e-04 3.458318150e-03 4.973651132e+00 9.995757582e+00 2.728051997e+01
1.926252505e+03 5.176335204e+00 1.989210267e+00 1.222054885e-04 3.446087130e-03 4.925829706e+00 9.995706550e+00 2.726972990e+01
1.947895792e+03 5.184655125e+00 2.009014021e+00 1.214207763e-04 3.433980525e-03 4.878315000e+00 9.995655707e+00 2.725899202e+01
1.969539078e+03 5.192973969e+00 2.028683386e+00 1.206379670e-04 3.421999339e-03 4.831107946e+00 9.995605055e+00 2.724830665e+01
1.991182365e+03 5.201290196e+00 2.048218665e+00 1.198575326e-04 3.410143157e-03 4.784209419e+00 9.995554590e+00 2.723767412e+01
2.012825651e+03 5.209602297e+00 2.067620159e+00 1.190800219e-04 3.398411745e-03 4.737620231e+00 9.995504311e+00 2.722709472e+01
2.034468938e+03 5.217908792e+00 2.086888166e+00 1.183059630e-04 3.386804853e-03 4.691341139e+00 9.995454218e+00 2.721656876e+01
2.056112224e+03 5.226208235e+00 2.106022988e+00 1.175358204e-04 3.375322127e-03 4.645372838e+00 9.995404308e+00 2.720609651e+01
2.077755511e+03 5.234499213e+00 2.125024929e+00 1.167700556e-04 3.363963231e-03 4.599715956e+00 9.995354581e+00 2.719567824e+01
2.099398798e+03 5.242780340e+00 2.143894300e+00 1.160090005e-04 3.352727592e-03 4.554371065e+00 9.995305034e+00 2.718531422e+01
2.121042084e+03 5.251050265e+00 2.162631402e+00 1.152531214e-04 3.341614921e-03 4.509338681e+00 9.995255667e+00 2.717500468e+01
2.142685371e+03 5.259307657e+00 2.181236562e+00 1.145026030e-04 3.330624387e-03 4.464619264e+00 9.995206477e+00 2.716474987e+01
2.164328657e+03 5.267551221e+00 2.199710092e+00 1.137577837e-04 3.319755481e-03 4.420213217e+00 9.995157464e+00 2.715455000e+01
2.185971944e+03 5.275779692e+00 2.218052306e+00 1.130190091e-04 3.309007724e-03 4.376120886e+00 9.995108624e+00 2.714440529e+01
2.207615230e+03 5.283991832e+00 2.236263532e+00 1.122864762e-04 3.298380359e-03 4.332342562e+00 9.995059958e+00 2.713431594e+01
2.229258517e+03 5.292186431e+00 2.254344098e+00 1.115603956e-04 3.287872668e-03 4.288878480e+00 9.995011463e+00 2.712428213e+01
2.250901804e+03 5.300362310e+00 2.272294336e+00 1.108409707e-04 3.277483934e-03 4.245728823e+00 9.994963137e+00 2.711430405e+01
2.272545090e+03 5.308518316e+00 2.290114582e+00 1.101283761e-04 3.267213392e-03 4.202893718e+00 9.994914979e+00 2.710438186e+01
2.294188377e+03 5.316653326e+00 2.307805175e+00 1.094227732e-04 3.257060267e-03 4.160373242e+00 9.994866988e+00 2.709451571e+01
2.315831663e+03 5.324766241e+00 2.325366461e+00 1.087242947e-04 3.247023735e-03 4.118167419e+00 9.994819161e+00 2.708470575e+01
2.337474950e+03 5.332855995e+00 2.342798790e+00 1.080330559e-04 3.237102951e-03 4.076276221e+00 9.994771497e+00 2.707495211e+01
2.359118236e+03 5.340921543e+00 2.360102515e+00 1.073491623e-04 3.227297060e-03 4.034699571e+00 9.994723994e+00 2.706525492e+01
2.380761523e+03 5.348961872e+00 2.377277996e+00 1.066726977e-04 3.217605173e-03 3.993437340e+00 9.994676651e+00 2.705561428e+01
2.402404810e+03 5.356975992e+00 2.394325597e+00 1.060037388e-04 3.208026397e-03 3.952489353e+00 9.994629466e+00 2.704603031e+01
2.424048096e+03 5.364962941e+00 2.411245686e+00 1.053423438e-04 3.198559814e-03 3.911855386e+00 9.994582437e+00 2.703650308e+01
2.445691383e+03 5.372921783e+00 2.428038640e+00 1.046885631e-04 3.189204494e-03 3.871535167e+00 9.994535563e+00 2.702703269e+01
2.467334669e+03 5.380851607e+00 2.444704836e+00 1.040424315e-04 3.179959491e-03 3.831528376e+00 9.994488842e+00 2.701761921e+01
2.488977956e+03 5.388751525e+00 2.461244660e+00 1.034039803e-04 3.170823856e-03 3.791834654e+00 9.994442272e+00 2.700826269e+01
2.510621242e+03 5.396620679e+00 2.477658504e+00 1.027732228e-04 3.161796614e-03 3.752453589e+00 9.994395851e+00 2.699896318e+01
2.532264529e+03 5.404458233e+00 2.493946761e+00 1.021501639e-04 3.152876783e-03 3.713384725e+00 9.994349579e+00 2.698972073e+01
2.553907816e+03 5.412263377e+00 2.510109834e+00 1.015348041e-04 3.144063379e-03 3.674627565e+00 9.994303453e+00 2.698053538e+01
2.575551102e+03 5.420035323e+00 2.526148130e+00 1.009271353e-04 3.135355409e-03 3.636181572e+00 9.994257471e+00 2.697140714e+01
2.597194389e+03 5.427773309e+00 2.542062061e+00 1.003271434e-04 3.126751873e-03 3.598046163e+00 9.994211633e+00 2.696233602e+01
2.618837675e+03 5.435476594e+00 2.557852046e+00 9.973480484e-05 3.118251764e-03 3.560220714e+00 9.994165936e+00 2.695332204e+01
2.640480962e+03 5.443144463e+00 2.573518507e+00 9.915009163e-05 3.109854072e-03 3.522704565e+00 9.994120379e+00 2.694436518e+01
2.662124248e+03 5.450776221e+00 2.589061876e+00 9.857297621e-05 3.101557792e-03 3.485497015e+00 9.994074960e+00 2.693546543e+01
2.683767535e+03 5.458371198e+00 2.604482587e+00 9.800342053e-05 3.093361910e-03 3.448597325e+00 9.994029678e+00 2.692662278e+01
2.705410822e+03 5.465928745e+00 2.619781081e+00 9.744137691e-05 3.085265400e-03 3.412004714e+00 9.993984530e+00 2.691783718e+01
2.727054108e+03 5.473448235e+00 2.634957805e+00 9.688680381e-05 3.077267252e-03 3.375718371e+00 9.993939516e+00 2.690910860e+01
2.748697395e+03 5.480929063e+00 2.650013211e+00 9.633965118e-05 3.069366450e-03 3.339737443e+00 9.993894635e+00 2.690043699e+01
2.770340681e+03 5.488370646e+00 2.664947756e+00 9.579986028e-05 3.061561967e-03 3.304061043e+00 9.993849883e+00 2.689182230e+01
2.791983968e+03 5.495772423e+00 2.679761905e+00 9.526737501e-05 3.053852788e-03 3.268688251e+00 9.993805261e+00 2.688326446e+01
2.813627255e+03 5.503133851e+00 2.694456126e+00 9.474213413e-05 3.046237896e-03 3.233618109e+00 9.993760765e+00 2.687476340e+01
2.835270541e+03 5.510454409e+00 2.709030894e+00 9.422407495e-05 3.038716277e-03 3.198849632e+00 9.993716396e+00 2.686631904e+01
2.856913828e+03 5.517733598e+00 2.723486689e+00 9.371313115e-05 3.031286919e-03 3.164381798e+00 9.993672150e+00 2.685793128e+01
2.878557114e+03 5.524970936e+00 2.737823996e+00 9.320923488e-05 3.023948812e-03 3.130213555e+00 9.993628028e+00 2.684960005e+01
2.900200401e+03 5.532165963e+00 2.752043308e+00 9.271231648e-05 3.016700951e-03 3.096343821e+00 9.993584027e+00 2.684132522e+01
2.921843687e+03 5.539318235e+00 2.766145119e+00 9.222230528e-05 3.009542335e-03 3.062771484e+00 9.993540146e+00 2.683310670e+01
2.943486974e+03 5.546427331e+00 2.780129934e+00 9.173912964e-05 3.002471969e-03 3.029495403e+00 9.993496383e+00 2.682494436e+01
2.965130261e+03 5.553492846e+00 2.793998258e+00 9.126271739e-05 2.995488864e-03 2.996514408e+00 9.993452737e+00 2.681683808e+01
2.986773547e+03 5.560514395e+00 2.807750604e+00 9.079299022e-05 2.988592026e-03 2.963827302e+00 9.993409207e+00 2.680878773e+01
3.008416834e+03 5.567491608e+00 2.821387490e+00 9.032987409e-05 2.981780478e-03 2.931432862e+00 9.993365791e+00 2.680079318e+01
3.030060120e+03 5.574424136e+00 2.834909438e+00 8.987329469e-05 2.975053246e-03 2.899329838e+00 9.993322488e+00 2.679285427e+01
3.051703407e+03 5.581311645e+00 2.848316977e+00 8.942317709e-05 2.968409365e-03 2.867516957e+00 9.993279296e+00 2.678497086e+01
3.073346693e+03 5.588153821e+00 2.861610639e+00 8.897944085e-05 2.961847866e-03 2.835992919e+00 9.993236214e+00 2.677714279e+01
3.094989980e+03 5.594950364e+00 2.874790962e+00 8.854200735e-05 2.955367792e-03 2.804756400e+00 9.993193241e+00 2.676936990e+01
3.116633267e+03 5.601700992e+00 2.887858487e+00 8.811080104e-05 2.948968196e-03 2.773806057e+00 9.993150376e+00 2.676165202e+01
3.138276553e+03 5.608405438e+00 2.900813764e+00 8.768574471e-05 2.942648138e-03 2.743140521e+00 9.993107616e+00 2.675398897e+01
3.159919840e+03 5.615063452e+00 2.913657341e+00 8.726675936e-05 2.936406681e-03 2.712758402e+00 9.993064961e+00 2.674638058e+01
3.181563126e+03 5.621674800e+00 2.926389777e+00 8.685376516e-05 2.930242892e-03 2.682658289e+00 9.993022410e+00 2.673882665e+01
3.203206413e+03 5.628239262e+00 2.939011631e+00 8.644668550e-05 2.924155854e-03 2.652838754e+00 9.992979960e+00 2.673132699e+01
3.224849699e+03 5.634756634e+00 2.951523468e+00 8.604544272e-05 2.918144654e-03 2.623298346e+00 9.992937612e+00 2.672388142e+01
3.246492986e+03 5.641226727e+00 2.963925857e+00 8.564995911e-05 2.912208386e-03 2.594035597e+00 9.992895363e+00 2.671648972e+01
3.268136273e+03 5.647649366e+00 2.976219372e+00 8.526015638e-05 2.906346150e-03 2.565049020e+00 9.992853213e+00 2.670915169e+01
3.289779559e+03 5.654024390e+00 2.988404590e+00 8.487595825e-05 2.900557059e-03 2.536337111e+00 9.992811160e+00 2.670186712e+01
3.311422846e+03 5.660351653e+00 3.000482091e+00 8.449728842e-05 2.894840230e-03 2.507898351e+00 9.992769203e+00 2.669463579e+01
3.333066132e+03 5.666631020e+00 3.012452461e+00 8.412407098e-05 2.889194791e-03 2.479731203e+00 9.992727340e+00 2.668745747e+01
3.354709419e+03 5.672862373e+00 3.024316289e+00 8.375622925e-05 2.883619873e-03 2.451834114e+00 9.992685572e+00 2.668033195e+01
3.376352705e+03 5.679045605e+00 3.036074166e+00 8.339368907e-05 2.878114620e-03 2.424205519e+00 9.992643896e+00 2.667325899e+01
3.397995992e+03 5.685180621e+00 3.047726688e+00 8.303637635e-05 2.872678186e-03 2.396843838e+00 9.992602311e+00 2.666623836e+01
3.419639279e+03 5.691267341e+00 3.059274456e+00 8.268421782e-05 2.867309729e-03 2.369747477e+00 9.992560816e+00 2.665926982e+01
3.441282565e+03 5.697305695e+00 3.070718069e+00 8.233713793e-05 2.862008412e-03 2.342914826e+00 9.992519410e+00 2.665235312e+01
3.462925852e+03 5.703295626e+00 3.082058134e+00 8.199506578e-05 2.856773415e-03 2.316344270e+00 9.992478092e+00 2.664548802e+01
3.484569138e+03 5.709237089e+00 3.093295260e+00 8.165792996e-05 2.851603923e-03 2.290034177e+00 9.992436861e+00 2.663867427e+01
3.506212425e+03 5.715130049e+00 3.104430058e+00 8.132565998e-05 2.846499130e-03 2.263982907e+00 9.992395716e+00 2.663191162e+01
3.527855711e+03 5.720974483e+00 3.115463143e+00 8.099818617e-05 2.841458238e-03 2.238188810e+00 9.992354655e+00 2.662519980e+01
3.549498998e+03 5.726770381e+00 3.126395130e+00 8.067543657e-05 2.836480451e-03 2.212650219e+00 9.992313678e+00 2.661853856e+01
3.571142285e+03 5.732517742e+00 3.137226640e+00 8.035734427e-05 2.831564992e-03 2.187365466e+00 9.992272783e+00 2.661192764e+01
3.592785571e+03 5.738216573e+00 3.147958295e+00 8.004384178e-05 2.826711089e-03 2.162332872e+00 9.992231970e+00 2.660536675e+01
3.614428858e+03 5.743866894e+00 3.158590719e+00 7.973486258e-05 2.821917977e-03 2.137550751e+00 9.992191237e+00 2.659885565e+01
3.636072144e+03 5.749468735e+00 3.169124539e+00 7.943034085e-05 2.817184901e-03 2.113017408e+00 9.992150584e+00 2.659239404e+01
3.657715431e+03 5.755022136e+00 3.179560381e+00 7.913020763e-05 2.812511106e-03 2.088731136e+00 9.992110009e+00 2.658598166e+01
3.679358717e+03 5.760527143e+00 3.189898878e+00 7.883440014e-05 2.807895855e-03 2.064690228e+00 9.992069512e+00 2.657961822e+01
3.701002004e+03 5.765983815e+00 3.200140661e+00 7.854285446e-05 2.803338417e-03 2.040892972e+00 9.992029091e+00 2.657330345e+01
3.722645291e+03 5.771392217e+00 3.210286364e+00 7.825550754e-05 2.798838068e-03 2.017337646e+00 9.991988746e+00 2.656703706e+01
3.744288577e+03 5.776752425e+00 3.220336623e+00 7.797229715e-05 2.794394094e-03 1.994022527e+00 9.991948476e+00 2.656081877e+01
3.765931864e+03 5.782064526e+00 3.230292076e+00 7.769316213e-05 2.790005787e-03 1.970945878e+00 9.991908279e+00 2.655464828e+01
3.787575150e+03 5.787328610e+00 3.240153362e+00 7.741804195e-05 2.785672449e-03 1.948105969e+00 9.991868154e+00 2.654852532e+01
3.809218437e+03 5.792544779e+00 3.249921120e+00 7.714687704e-05 2.781393389e-03 1.925501064e+00 9.991828102e+00 2.654244957e+01
3.830861723e+03 5.797713140e+00 3.259595992e+00 7.687960875e-05 2.777167925e-03 1.903129420e+00 9.991788120e+00 2.653642076e+01
3.852505010e+03 5.802833809e+00 3.269178619e+00 7.661617903e-05 2.772995383e-03 1.880989296e+00 9.991748209e+00 2.653043858e+01
3.874148297e+03 5.807906907e+00 3.278669644e+00 7.635652884e-05 2.768875090e-03 1.859078941e+00 9.991708366e+00 2.652450274e+01
3.895791583e+03 5.812932564e+00 3.288069710e+00 7.610060258e-05 2.764806391e-03 1.837396609e+00 9.991668592e+00 2.651861292e+01
3.917434870e+03 5.817910918e+00 3.297379461e+00 7.584834449e-05 2.760788632e-03 1.815940552e+00 9.991628886e+00 2.651276884e+01
3.939078156e+03 5.822842110e+00 3.306599542e+00 7.559969957e-05 2.756821170e-03 1.794709020e+00 9.991589245e+00 2.650697019e+01
3.960721443e+03 5.827726292e+00 3.315730600e+00 7.535461365e-05 2.752903370e-03 1.773700263e+00 9.991549671e+00 2.650121666e+01
3.982364729e+03 5.832563631e+00 3.324773285e+00 7.511303342e-05 2.749034602e-03 1.752912524e+00 9.991510161e+00 2.649550796e+01
4.004008016e+03 5.837354286e+00 3.333728242e+00 7.487490625e-05 2.745214246e-03 1.732344057e+00 9.991470716e+00 2.648984378e+01
4.025651303e+03 5.842098427e+00 3.342596119e+00 7.464018037e-05 2.741441688e-03 1.711993110e+00 9.991431333e+00 2.648422382e+01
4.047294589e+03 5.846796233e+00 3.351377564e+00 7.440880480e-05 2.737716323e-03 1.691857936e+00 9.991392013e+00 2.647864777e+01
4.068937876e+03 5.851447882e+00 3.360073223e+00 7.418072976e-05 2.734037552e-03 1.671936785e+00 9.991352755e+00 2.647311532e+01
4.090581162e+03 5.856053546e+00 3.368683732e+00 7.395590793e-05 2.730404787e-03 1.652227909e+00 9.991313558e+00 2.646762613e+01
4.112224449e+03 5.860613416e+00 3.377209738e+00 7.373429106e-05 2.726817445e-03 1.632729564e+00 9.991274421e+00 2.646217990e+01
4.133867735e+03 5.865127681e+00 3.385651881e+00 7.351583265e-05 2.723274950e-03 1.613440009e+00 9.991235343e+00 2.645677630e+01
4.155511022e+03 5.869596543e+00 3.394010807e+00 7.330048362e-05 2.719776730e-03 1.594357502e+00 9.991196324e+00 2.645141502e+01
4.177154309e+03 5.874020255e+00 3.402287196e+00 7.308818012e-05 2.716322185e-03 1.575480306e+00 9.991157363e+00 2.644609583e+01
4.198797595e+03 5.878398990e+00 3.410481663e+00 7.287889624e-05 2.712910803e-03 1.556806688e+00 9.991118459e+00 2.644081835e+01
4.220440882e+03 5.882732968e+00 3.418594856e+00 7.267258331e-05 2.709542026e-03 1.538334915e+00 9.991079611e+00 2.643558227e+01
4.242084168e+03 5.887022412e+00 3.426627421e+00 7.246919457e-05 2.706215306e-03 1.520063263e+00 9.991040819e+00 2.643038729e+01
4.263727455e+03 5.891267541e+00 3.434579996e+00 7.226868789e-05 2.702930110e-03 1.501990008e+00 9.991002082e+00 2.642523308e+01
4.285370741e+03 5.895468581e+00 3.442453223e+00 7.207102019e-05 2.699685910e-03 1.484113433e+00 9.990963399e+00 2.642011934e+01
4.307014028e+03 5.899625763e+00 3.450247740e+00 7.187614884e-05 2.696482181e-03 1.466431824e+00 9.990924771e+00 2.641504575e+01
4.328657315e+03 5.903739325e+00 3.457964187e+00 7.168403235e-05 2.693318411e-03 1.448943475e+00 9.990886195e+00 2.641001199e+01
4.350300601e+03 5.907809499e+00 3.465603202e+00 7.149462889e-05 2.690194084e-03 1.431646677e+00 9.990847671e+00 2.640501776e+01
4.371943888e+03 5.911836532e+00 3.473165418e+00 7.130789888e-05 2.687108703e-03 1.414539740e+00 9.990809199e+00 2.640006273e+01
4.393587174e+03 5.915820660e+00 3.480651473e+00 7.112380132e-05 2.684061760e-03 1.397620961e+00 9.990770778e+00 2.639514659e+01
4.415230461e+03 5.919762137e+00 3.488061997e+00 7.094229810e-05 2.681052776e-03 1.380888663e+00 9.990732407e+00 2.639026904e+01
4.436873747e+03 5.923661208e+00 3.495397625e+00 7.076334974e-05 2.678081257e-03 1.364341157e+00 9.990694087e+00 2.638542975e+01
4.458517034e+03 5.927518127e+00 3.502658984e+00 7.058691870e-05 2.675146727e-03 1.347976773e+00 9.990655815e+00 2.638062841e+01
4.480160321e+03 5.931333149e+00 3.509846705e+00 7.041296730e-05 2.672248713e-03 1.331793839e+00 9.990617592e+00 2.637586472e+01
4.501803607e+03 5.935106532e+00 3.516961413e+00 7.024145925e-05 2.669386752e-03 1.315790699e+00 9.990579416e+00 2.637113836e+01
4.523446894e+03 5.938838534e+00 3.524003735e+00 7.007235772e-05 2.666560377e-03 1.299965689e+00 9.990541288e+00 2.636644901e+01
4.545090180e+03 5.942529416e+00 3.530974292e+00 6.990562681e-05 2.663769131e-03 1.284317164e+00 9.990503207e+00 2.636179637e+01
4.566733467e+03 5.946179442e+00 3.537873703e+00 6.974123174e-05 2.661012567e-03 1.268843486e+00 9.990465171e+00 2.635718012e+01
4.588376754e+03 5.949788883e+00 3.544702586e+00 6.957913836e-05 2.658290245e-03 1.253543024e+00 9.990427182e+00 2.635259996e+01
4.610020040e+03 5.953358004e+00 3.551461561e+00 6.941931215e-05 2.655601721e-03 1.238414152e+00 9.990389237e+00 2.634805558e+01
4.631663327e+03 5.956887078e+00 3.558151242e+00 6.926172039e-05 2.652946570e-03 1.223455256e+00 9.990351336e+00 2.634354668e+01
4.653306613e+03 5.960376375e+00 3.564772236e+00 6.910633012e-05 2.650324366e-03 1.208664727e+00 9.990313480e+00 2.633907293e+01
4.674949900e+03 5.963826165e+00 3.571325149e+00 6.895310901e-05 2.647734687e-03 1.194040963e+00 9.990275667e+00 2.633463404e+01
4.696593186e+03 5.967236724e+00 3.577810587e+00 6.880202542e-05 2.645177122e-03 1.179582372e+00 9.990237896e+00 2.633022968e+01
4.718236473e+03 5.970608331e+00 3.584229170e+00 6.865304681e-05 2.642651243e-03 1.165287368e+00 9.990200168e+00 2.632585959e+01
4.739879760e+03 5.973941266e+00 3.590581502e+00 6.850614218e-05 2.640156642e-03 1.151154375e+00 9.990162481e+00 2.632152346e+01
4.761523046e+03 5.977235801e+00 3.596868176e+00 6.836128144e-05 2.637692925e-03 1.137181824e+00 9.990124836e+00 2.631722098e+01
4.783166333e+03 5.980492206e+00 3.603089762e+00 6.821843606e-05 2.635259716e-03 1.123368156e+00 9.990087231e+00 2.631295181e+01
4.804809619e+03 5.983710758e+00 3.609246856e+00 6.807757655e-05 2.632856623e-03 1.109711822e+00 9.990049666e+00 2.630871565e+01
4.826452906e+03 5.986891749e+00 3.615340068e+00 6.793867269e-05 2.630483245e-03 1.096211280e+00 9.990012141e+00 2.630451223e+01
4.848096192e+03 5.990035465e+00 3.621370003e+00 6.780169481e-05 2.628139185e-03 1.082864999e+00 9.989974656e+00 2.630034128e+01
4.869739479e+03 5.993142199e+00 3.627337269e+00 6.766661348e-05 2.625824048e-03 1.069671455e+00 9.989937209e+00 2.629620253e+01
4.891382766e+03 5.996212217e+00 3.633242414e+00 6.753340317e-05 2.623537493e-03 1.056629136e+00 9.989899800e+00 2.629209563e+01
4.913026052e+03 5.999245794e+00 3.639085998e+00 6.740203791e-05 2.621279173e-03 1.043736537e+00 9.989862428e+00 2.628802027e+01
4.934669339e+03 6.002243192e+00 3.644868558e+00 6.727249361e-05 2.619048763e-03 1.030992163e+00 9.989825094e+00 2.628397609e+01
4.956312625e+03 6.005204737e+00 3.650590750e+00 6.714473854e-05 2.616845831e-03 1.018394530e+00 9.989787797e+00 2.627996293e+01
4.977955912e+03 6.008130702e+00 3.656253132e+00 6.701874750e-05 2.614670036e-03 1.005942161e+00 9.989750536e+00 2.627598046e+01
4.999599198e+03 6.011021366e+00 3.661856259e+00 6.689449573e-05 2.612521041e-03 9.936335907e-01 9.989713311e+00 2.627202840e+01
5.021242485e+03 6.013877014e+00 3.667400697e+00 6.677195808e-05 2.610398503e-03 9.814673657e-01 9.989676122e+00 2.626810644e+01
5.042885772e+03 6.016697930e+00 3.672887005e+00 6.665110972e-05 2.608302082e-03 9.694420376e-01 9.989638967e+00 2.626421430e+01
5.064529058e+03 6.019484396e+00 3.678315742e+00 6.653192639e-05 2.606231444e-03 9.575561742e-01 9.989601847e+00 2.626035170e+01
5.086172345e+03 6.022236697e+00 3.683687464e+00 6.641438381e-05 2.604186256e-03 9.458083424e-01 9.989564761e+00 2.625651836e+01
5.107815631e+03 6.024955115e+00 3.689002723e+00 6.629845835e-05 2.602166192e-03 9.341971265e-01 9.989527709e+00 2.625271399e+01
5.129458918e+03 6.027639935e+00 3.694262068e+00 6.618412689e-05 2.600170931e-03 9.227211241e-01 9.989490690e+00 2.624893832e+01
5.151102204e+03 6.030291439e+00 3.699466045e+00 6.607136625e-05 2.598200153e-03 9.113789316e-01 9.989453704e+00 2.624519107e+01
5.172745491e+03 6.032909909e+00 3.704615195e+00 6.596015404e-05 2.596253545e-03 9.001691669e-01 9.989416750e+00 2.624147196e+01
5.194388778e+03 6.035495628e+00 3.709710061e+00 6.585046777e-05 2.594330794e-03 8.890904456e-01 9.989379829e+00 2.623778071e+01
5.216032064e+03 6.038048877e+00 3.714751176e+00 6.574228550e-05 2.592431594e-03 8.781414026e-01 9.989342939e+00 2.623411706e+01
5.237675351e+03 6.040569936e+00 3.719739070e+00 6.563558591e-05 2.590555644e-03 8.673206877e-01 9.989306081e+00 2.623048072e+01
5.259318637e+03 6.043059087e+00 3.724674274e+00 6.553034764e-05 2.588702645e-03 8.566269516e-01 9.989269253e+00 2.622687144e+01
5.280961924e+03 6.045516609e+00 3.729557313e+00 6.542655000e-05 2.586872303e-03 8.460588643e-01 9.989232456e+00 2.622328895e+01
5.302605210e+03 6.047942781e+00 3.734388706e+00 6.532417252e-05 2.585064331e-03 8.356151015e-01 9.989195689e+00 2.621973297e+01
5.324248497e+03 6.050337878e+00 3.739168967e+00 6.522319500e-05 2.583278440e-03 8.252943468e-01 9.989158952e+00 2.621620324e+01
5.345891784e+03 6.052702180e+00 3.743898614e+00 6.512359751e-05 2.581514349e-03 8.150952973e-01 9.989122244e+00 2.621269950e+01
5.367535070e+03 6.055035967e+00 3.748578169e+00 6.502535984e-05 2.579771768e-03 8.050166575e-01 9.989085565e+00 2.620922150e+01
5.389178357e+03 6.057339517e+00 3.753208140e+00 6.492846261e-05 2.578050421e-03 7.950571428e-01 9.989048915e+00 2.620576898e+01
5.410821643e+03 6.059613088e+00 3.757789002e+00 6.483288804e-05 2.576350055e-03 7.852154801e-01 9.989012293e+00 2.620234165e+01
5.432464930e+03 6.061856950e+00 3.762321246e+00 6.473861776e-05 2.574670407e-03 7.754904048e-01 9.988975699e+00 2.619893922e+01
5.454108216e+03 6.064071422e+00 3.766805460e+00 6.464562918e-05 2.573011145e-03 7.658806639e-01 9.988939133e+00 2.619556160e+01
5.475751503e+03 6.066256727e+00 3.771242043e+00 6.455390847e-05 2.571372077e-03 7.563850154e-01 9.988902594e+00 2.619220837e+01
5.497394790e+03 6.068413154e+00 3.775631522e+00 6.446343595e-05 2.569752916e-03 7.470022271e-01 9.988866082e+00 2.618887935e+01
5.519038076e+03 6.070540969e+00 3.779974376e+00 6.437419429e-05 2.568153410e-03 7.377310787e-01 9.988829597e+00 2.618557427e+01
5.540681363e+03 6.072640441e+00 3.784271089e+00 6.428616610e-05 2.566573307e-03 7.285703582e-01 9.988793138e+00 2.618229290e+01
5.562324649e+03 6.074711838e+00 3.788522140e+00 6.419933422e-05 2.565012358e-03 7.195188635e-01 9.988756705e+00 2.617903499e+01
5.583967936e+03 6.076755424e+00 3.792728005e+00 6.411368178e-05 2.563470315e-03 7.105754037e-01 9.988720298e+00 2.617580028e+01
5.605611222e+03 6.078771465e+00 3.796889156e+00 6.402919216e-05 2.561946936e-03 7.017387965e-01 9.988683916e+00 2.617258856e+01
5.627254509e+03 6.080760223e+00 3.801006059e+00 6.394584911e-05 2.560441982e-03 6.930078755e-01 9.988647559e+00 2.616939956e+01
5.648897796e+03 6.082721961e+00 3.805079181e+00 6.386363635e-05 2.558955215e-03 6.843814735e-01 9.988611227e+00 2.616623305e+01
5.670541082e+03 6.084656940e+00 3.809108984e+00 6.378253797e-05 2.557486400e-03 6.758584385e-01 9.988574919e+00 2.616308881e+01
5.692184369e+03 6.086565418e+00 3.813095925e+00 6.370253844e-05 2.556035307e-03 6.674376333e-01 9.988538636e+00 2.615996658e+01
5.713827655e+03 6.088447653e+00 3.817040455e+00 6.362362239e-05 2.554601710e-03 6.591179292e-01 9.988502376e+00 2.615686615e+01
5.735470942e+03 6.090303902e+00 3.820943026e+00 6.354577464e-05 2.553185384e-03 6.508982064e-01 9.988466140e+00 2.615378728e+01
5.757114228e+03 6.092134419e+00 3.824804082e+00 6.346898036e-05 2.551786107e-03 6.427773590e-01 9.988429927e+00 2.615072974e+01
5.778757515e+03 6.093939457e+00 3.828624067e+00 6.339322474e-05 2.550403660e-03 6.347542848e-01 9.988393737e+00 2.614769331e+01
5.800400802e+03 6.095719269e+00 3.832403419e+00 6.331849335e-05 2.549037827e-03 6.268278964e-01 9.988357570e+00 2.614467775e+01
5.822044088e+03 6.097474105e+00 3.836142574e+00 6.324477186e-05 2.547688393e-03 6.189971128e-01 9.988321425e+00 2.614168285e+01
5.843687375e+03 6.099204214e+00 3.839841964e+00 6.317204618e-05 2.546355148e-03 6.112608641e-01 9.988285303e+00 2.613870839e+01
5.865330661e+03 6.100909843e+00 3.843502016e+00 6.310030245e-05 2.545037885e-03 6.036180911e-01 9.988249202e+00 2.613575414e+01
5.886973948e+03 6.102591238e+00 3.847123156e+00 6.302952701e-05 2.543736396e-03 5.960677427e-01 9.988213123e+00 2.613281990e+01
5.908617234e+03 6.104248645e+00 3.850705806e+00 6.295970639e-05 2.542450479e-03 5.886087785e-01 9.988177065e+00 2.612990543e+01
5.930260521e+03 6.105882304e+00 3.854250381e+00 6.289082733e-05 2.541179935e-03 5.812401688e-01 9.988141029e+00 2.612701053e+01
5.951903808e+03 6.107492459e+00 3.857757297e+00 6.282287678e-05 2.539924565e-03 5.739608925e-01 9.988105013e+00 2.612413498e+01
5.973547094e+03 6.109079347e+00 3.861226963e+00 6.275584189e-05 2.538684175e-03 5.667699389e-01 9.988069018e+00 2.612127859e+01
5.995190381e+03 6.110643208e+00 3.864659787e+00 6.268970994e-05 2.537458572e-03 5.596663066e-01 9.988033043e+00 2.611844112e+01
6.016833667e+03 6.112184277e+00 3.868056171e+00 6.262446847e-05 2.536247565e-03 5.526490044e-01 9.987997089e+00 2.611562239e+01
6.038476954e+03 6.113702789e+00 3.871416515e+00 6.256010518e-05 2.535050968e-03 5.457170504e-01 9.987961154e+00 2.611282218e+01
6.060120240e+03 6.115198978e+00 3.874741214e+00 6.249660789e-05 2.533868594e-03 5.388694716e-01 9.987925239e+00 2.611004030e+01
6.081763527e+03 6.116673074e+00 3.878030662e+00 6.243396470e-05 2.532700262e-03 5.321053056e-01 9.987889343e+00 2.610727653e+01
6.103406814e+03 6.118125307e+00 3.881285248e+00 6.237216381e-05 2.531545790e-03 5.254235986e-01 9.987853467e+00 2.610453069e+01
6.125050100e+03 6.119555905e+00 3.884505356e+00 6.231119358e-05 2.530404999e-03 5.188234057e-01 9.987817609e+00 2.610180256e+01
6.146693387e+03 6.120965095e+00 3.887691370e+00 6.225104262e-05 2.529277715e-03 5.123037929e-01 9.987781771e+00 2.609909197e+01
6.168336673e+03 6.122353101e+00 3.890843666e+00 6.219169961e-05 2.528163763e-03 5.058638334e-01 9.987745950e+00 2.609639871e+01
6.189979960e+03 6.123720146e+00 3.893962622e+00 6.213315344e-05 2.527062972e-03 4.995026106e-01 9.987710148e+00 2.609372259e+01
6.211623246e+03 6.125066452e+00 3.897048608e+00 6.207539320e-05 2.525975172e-03 4.932192176e-01 9.987674364e+00 2.609106341e+01
6.233266533e+03 6.126392238e+00 3.900101992e+00 6.201840810e-05 2.524900197e-03 4.870127566e-01 9.987638598e+00 2.608842100e+01
6.254909820e+03 6.127697722e+00 3.903123139e+00 6.196218754e-05 2.523837881e-03 4.808823383e-01 9.987602849e+00 2.608579517e+01
6.276553106e+03 6.128983120e+00 3.906112411e+00 6.190672100e-05 2.522788063e-03 4.748270818e-01 9.987567118e+00 2.608318572e+01
6.298196393e+03 6.130248646e+00 3.909070165e+00 6.185199816e-05 2.521750580e-03 4.688461161e-01 9.987531404e+00 2.608059247e+01
6.319839679e+03 6.131494515e+00 3.911996756e+00 6.179800883e-05 2.520725274e-03 4.629385784e-01 9.987495708e+00 2.607801525e+01
6.341482966e+03 6.132720935e+00 3.914892535e+00 6.174474298e-05 2.519711989e-03 4.571036148e-01 9.987460027e+00 2.607545387e+01
6.363126253e+03 6.133928117e+00 3.917757850e+00 6.169219074e-05 2.518710569e-03 4.513403807e-01 9.987424364e+00 2.607290816e+01
6.384769539e+03 6.135116269e+00 3.920593046e+00 6.164034238e-05 2.517720864e-03 4.456480398e-01 9.987388717e+00 2.607037793e+01
6.406412826e+03 6.136285596e+00 3.923398464e+00 6.158918825e-05 2.516742720e-03 4.400257638e-01 9.987353086e+00 2.606786302e+01
6.428056112e+03 6.137436302e+00 3.926174441e+00 6.153871884e-05 2.515775989e-03 4.344727331e-01 9.987317471e+00 2.606536324e+01
6.449699399e+03 6.138568590e+00 3.928921314e+00 6.148892481e-05 2.514820524e-03 4.289881367e-01 9.987281872e+00 2.606287844e+01
6.471342685e+03 6.139682660e+00 3.931639413e+00 6.143979707e-05 2.513876182e-03 4.235711737e-01 9.987246289e+00 2.606040843e+01
6.492985972e+03 6.140778713e+00 3.934329066e+00 6.139132647e-05 2.512942818e-03 4.182210494e-01 9.987210721e+00 2.605795305e+01
6.514629259e+03 6.141856945e+00 3.936990599e+00 6.134350407e-05 2.512020291e-03 4.129369780e-01 9.987175168e+00 2.605551213e+01
6.536272545e+03 6.142917551e+00 3.939624333e+00 6.129632105e-05 2.511108461e-03 4.077181820e-01 9.987139631e+00 2.605308551e+01
6.557915832e+03 6.143960726e+00 3.942230587e+00 6.124976873e-05 2.510207191e-03 4.025638926e-01 9.987104108e+00 2.605067302e+01
6.579559118e+03 6.144986661e+00 3.944809676e+00 6.120383858e-05 2.509316345e-03 3.974733488e-01 9.987068600e+00 2.604827450e+01
6.601202405e+03 6.145995549e+00 3.947361913e+00 6.115852213e-05 2.508435789e-03 3.924457977e-01 9.987033107e+00 2.604588980e+01
6.622845691e+03 6.146987576e+00 3.949887607e+00 6.111381108e-05 2.507565391e-03 3.874804946e-01 9.986997628e+00 2.604351875e+01
6.644488978e+03 6.147962931e+00 3.952387064e+00 6.106969723e-05 2.506705019e-03 3.825767025e-01 9.986962164e+00 2.604116120e+01
6.666132265e+03 6.148921800e+00 3.954860587e+00 6.102617246e-05 2.505854545e-03 3.777336920e-01 9.986926713e+00 2.603881699e+01
6.687775551e+03 6.149864365e+00 3.957308476e+00 6.098322883e-05 2.505013841e-03 3.729507421e-01 9.986891276e+00 2.603648596e+01
6.709418838e+03 6.150790809e+00 3.959731027e+00 6.094085847e-05 2.504182781e-03 3.682271395e-01 9.986855854e+00 2.603416797e+01
6.731062124e+03 6.151701313e+00 3.962128536e+00 6.089905363e-05 2.503361241e-03 3.635621784e-01 9.986820444e+00 2.603186287e+01
6.752705411e+03 6.152596055e+00 3.964501292e+00 6.085780667e-05 2.502549099e-03 3.589551604e-01 9.986785049e+00 2.602957050e+01
6.774348697e+03 6.153475212e+00 3.966849583e+00 6.081711006e-05 2.501746233e-03 3.544053947e-01 9.986749666e+00 2.602729072e+01
6.795991984e+03 6.154338961e+00 3.969173695e+00 6.077695637e-05 2.500952525e-03 3.499121984e-01 9.986714297e+00 2.602502337e+01
6.817635271e+03 6.155187474e+00 3.971473910e+00 6.073733827e-05 2.500167856e-03 3.454748960e-01 9.986678940e+00 2.602276833e+01
6.839278557e+03 6.156020924e+00 3.973750505e+00 6.069824853e-05 2.499392109e-03 3.410928190e-01 9.986643597e+00 2.602052544e+01
6.860921844e+03 6.156839482e+00 3.976003758e+00 6.065968003e-05 2.498625169e-03 3.367653065e-01 9.986608266e+00 2.601829457e+01
6.882565130e+03 6.157643317e+00 3.978233943e+00 6.062162580e-05 2.497866925e-03 3.324917046e-01 9.986572947e+00 2.601607556e+01
6.904208417e+03 6.158432596e+00 3.980441328e+00 6.058407888e-05 2.497117263e-03 3.282713668e-01 9.986537641e+00 2.601386829e+01
6.925851703e+03 6.159207485e+00 3.982626183e+00 6.054703245e-05 2.496376072e-03 3.241036537e-01 9.986502348e+00 2.601167262e+01
6.947494990e+03 6.159968148e+00 3.984788771e+00 6.051047976e-05 2.495643244e-03 3.199879328e-01 9.986467066e+00 2.600948841e+01
6.969138277e+03 6.160714748e+00 3.986929355e+00 6.047441418e-05 2.494918671e-03 3.159235787e-01 9.986431796e+00 2.600731552e+01
6.990781563e+03 6.161447445e+00 3.989048194e+00 6.043882917e-05 2.494202246e-03 3.119099731e-01 9.986396539e+00 2.600515383e+01
7.012424850e+03 6.162166399e+00 3.991145545e+00 6.040371830e-05 2.493493865e-03 3.079465043e-01 9.986361292e+00 2.600300320e+01
7.034068136e+03 6.162871768e+00 3.993221661e+00 6.036907518e-05 2.492793424e-03 3.040325677e-01 9.986326058e+00 2.600086350e+01
7.055711423e+03 6.163563709e+00 3.995276793e+00 6.033489354e-05 2.492100820e-03 3.001675651e-01 9.986290835e+00 2.599873461e+01
7.077354709e+03 6.164242375e+00 3.997311191e+00 6.030116719e-05 2.491415952e-03 2.963509051e-01 9.986255623e+00 2.599661639e+01
7.098997996e+03 6.164907920e+00 3.999325098e+00 6.026789001e-05 2.490738722e-03 2.925820031e-01 9.986220422e+00 2.599450873e+01
7.120641283e+03 6.165560497e+00 4.001318759e+00 6.023505604e-05 2.490069030e-03 2.888602811e-01 9.986185233e+00 2.599241149e+01
7.142284569e+03 6.166200255e+00 4.003292415e+00 6.020265932e-05 2.489406779e-03 2.851851675e-01 9.986150054e+00 2.599032455e+01
7.163927856e+03 6.166827342e+00 4.005246302e+00 6.017069400e-05 2.488751874e-03 2.815560970e-01 9.986114886e+00 2.598824779e+01
7.185571142e+03 6.167441906e+00 4.007180656e+00 6.013915432e-05 2.488104220e-03 2.779725109e-01 9.986079729e+00 2.598618110e+01
7.207214429e+03 6.168044093e+00 4.009095710e+00 6.010803459e-05 2.487463724e-03 2.744338567e-01 9.986044583e+00 2.598412434e+01
7.228857715e+03 6.168634047e+00 4.010991694e+00 6.007732919e-05 2.486830293e-03 2.709395881e-01 9.986009446e+00 2.598207741e+01
7.250501002e+03 6.169211910e+00 4.012868836e+00 6.004703257e-05 2.486203835e-03 2.674891655e-01 9.985974321e+00 2.598004019e+01
7.272144289e+03 6.169777825e+00 4.014727361e+00 6.001713929e-05 2.485584262e-03 2.640820547e-01 9.985939205e+00 2.597801256e+01
7.293787575e+03 6.170331930e+00 4.016567493e+00 5.998764395e-05 2.484971484e-03 2.607177282e-01 9.985904099e+00 2.597599440e+01
7.315430862e+03 6.170874365e+00 4.018389451e+00 5.995854123e-05 2.484365413e-03 2.573956641e-01 9.985869004e+00 2.597398562e+01
7.337074148e+03 6.171405266e+00 4.020193453e+00 5.992982589e-05 2.483765964e-03 2.541153467e-01 9.985833918e+00 2.597198608e+01
7.358717435e+03 6.171924768e+00 4.021979714e+00 5.990149284e-05 2.483173051e-03 2.508762663e-01 9.985798842e+00 2.596999569e+01
7.380360721e+03 6.172433005e+00 4.023748447e+00 5.987353696e-05 2.482586590e-03 2.476779189e-01 9.985763776e+00 2.596801433e+01
7.402004008e+03 6.172930110e+00 4.025499863e+00 5.984595324e-05 2.482006498e-03 2.445198062e-01 9.985728720e+00 2.596604190e+01
7.423647295e+03 6.173416215e+00 4.027234169e+00 5.981873673e-05 2.481432694e-03 2.414014357e-01 9.985693672e+00 2.596407828e+01
7.445290581e+03 6.173891448e+00 4.028951572e+00 5.979188255e-05 2.480865095e-03 2.383223207e-01 9.985658635e+00 2.596212338e+01
7.466933868e+03 6.174355939e+00 4.030652275e+00 5.976538587e-05 2.480303623e-03 2.352819800e-01 9.985623606e+00 2.596017708e+01
7.488577154e+03 6.174809816e+00 4.032336483e+00 5.973924185e-05 2.479748196e-03 2.322799383e-01 9.985588587e+00 2.595823929e+01
7.510220441e+03 6.175253205e+00 4.034004394e+00 5.971344584e-05 2.479198737e-03 2.293157254e-01 9.985553576e+00 2.595630991e+01
7.531863727e+03 6.175686231e+00 4.035656205e+00 5.968799322e-05 2.478655169e-03 2.263888766e-01 9.985518575e+00 2.595438884e+01
7.553507014e+03 6.176109015e+00 4.037292110e+00 5.966287940e-05 2.478117416e-03 2.234989327e-01 9.985483582e+00 2.595247596e+01
7.575150301e+03 6.176521682e+00 4.038912304e+00 5.963809986e-05 2.477585402e-03 2.206454396e-01 9.985448598e+00 2.595057120e+01
7.596793587e+03 6.176924351e+00 4.040516978e+00 5.961365013e-05 2.477059054e-03 2.178279487e-01 9.985413623e+00 2.594867445e+01
7.618436874e+03 6.177317139e+00 4.042106313e+00 5.958952605e-05 2.476538300e-03 2.150460175e-01 9.985378656e+00 2.594678561e+01
7.640080160e+03 6.177700166e+00 4.043680500e+00 5.956572317e-05 2.476023068e-03 2.122992072e-01 9.985343698e+00 2.594490458e+01
7.661723447e+03 6.178073547e+00 4.045239721e+00 5.954223725e-05 2.475513287e-03 2.095870848e-01 9.985308748e+00 2.594303127e+01
7.683366733e+03 6.178437399e+00 4.046784159e+00 5.951906409e-05 2.475008885e-03 2.069092224e-01 9.985273807e+00 2.594116560e+01
7.705010020e+03 6.178791835e+00 4.048313992e+00 5.949619957e-05 2.474509794e-03 2.042651968e-01 9.985238874e+00 2.593930745e+01
7.726653307e+03 6.179136968e+00 4.049829398e+00 5.947363960e-05 2.474015947e-03 2.016545901e-01 9.985203948e+00 2.593745675e+01
7.748296593e+03 6.179472910e+00 4.051330556e+00 5.945138009e-05 2.473527273e-03 1.990769896e-01 9.985169031e+00 2.593561341e+01
7.769939880e+03 6.179799773e+00 4.052817639e+00 5.942941708e-05 2.473043706e-03 1.965319873e-01 9.985134122e+00 2.593377734e+01
7.791583166e+03 6.180117666e+00 4.054290819e+00 5.940774664e-05 2.472565181e-03 1.940191795e-01 9.985099221e+00 2.593194845e+01
7.813226453e+03 6.180426696e+00 4.055750264e+00 5.938636491e-05 2.472091633e-03 1.915381675e-01 9.985064327e+00 2.593012665e+01
7.834869739e+03 6.180726970e+00 4.057196144e+00 5.936526806e-05 2.471622996e-03 1.890885575e-01 9.985029441e+00 2.592831185e+01
7.856513026e+03 6.181018596e+00 4.058628625e+00 5.934445232e-05 2.471159209e-03 1.866699601e-01 9.984994563e+00 2.592650399e+01
7.878156313e+03 6.181301675e+00 4.060047870e+00 5.932391398e-05 2.470700208e-03 1.842819909e-01 9.984959692e+00 2.592470296e+01
7.899799599e+03 6.181576312e+00 4.061454040e+00 5.930364941e-05 2.470245932e-03 1.819242704e-01 9.984924829e+00 2.592290868e+01
7.921442886e+03 6.181842609e+00 4.062847295e+00 5.928365497e-05 2.469796320e-03 1.795964225e-01 9.984889973e+00 2.592112108e+01
7.943086172e+03 6.182100667e+00 4.064227795e+00 5.926392709e-05 2.469351311e-03 1.772980763e-01 9.984855124e+00 2.591934007e+01
7.964729459e+03 6.182350586e+00 4.065595696e+00 5.924446224e-05 2.468910847e-03 1.750288650e-01 9.984820283e+00 2.591756557e+01
7.986372745e+03 6.182592465e+00 4.066951153e+00 5.922525695e-05 2.468474868e-03 1.727884263e-01 9.984785449e+00 2.591579751e+01
8.008016032e+03 6.182826401e+00 4.068294318e+00 5.920630779e-05 2.468043317e-03 1.705764023e-01 9.984750622e+00 2.591403580e+01
8.029659319e+03 6.183052492e+00 4.069625343e+00 5.918761141e-05 2.467616136e-03 1.683924399e-01 9.984715801e+00 2.591228037e+01
8.051302605e+03 6.183270833e+00 4.070944377e+00 5.916916446e-05 2.467193270e-03 1.662361894e-01 9.984680988e+00 2.591053114e+01
8.072945892e+03 6.183481517e+00 4.072251568e+00 5.915096365e-05 2.466774662e-03 1.641073053e-01 9.984646182e+00 2.590878804e+01
8.094589178e+03 6.183684640e+00 4.073547061e+00 5.913300572e-05 2.466360257e-03 1.620054467e-01 9.984611382e+00 2.590705098e+01
8.116232465e+03 6.183880292e+00 4.074831001e+00 5.911528749e-05 2.465950002e-03 1.599302762e-01 9.984576589e+00 2.590531991e+01
8.137875752e+03 6.184068565e+00 4.076103529e+00 5.909780578e-05 2.465543843e-03 1.578814610e-01 9.984541803e+00 2.590359474e+01
8.159519038e+03 6.184249550e+00 4.077364788e+00 5.908055750e-05 2.465141726e-03 1.558586728e-01 9.984507023e+00 2.590187541e+01
8.181162325e+03 6.184423336e+00 4.078614916e+00 5.906353957e-05 2.464743600e-03 1.538615861e-01 9.984472250e+00 2.590016183e+01
8.202805611e+03 6.184590010e+00 4.079854051e+00 5.904674894e-05 2.464349413e-03 1.518898799e-01 9.984437483e+00 2.589845395e+01
8.224448898e+03 6.184749661e+00 4.081082328e+00 5.903018264e-05 2.463959115e-03 1.499432369e-01 9.984402723e+00 2.589675170e+01
8.246092184e+03 6.184902374e+00 4.082299883e+00 5.901383769e-05 2.463572654e-03 1.480213435e-01 9.984367969e+00 2.589505499e+01
8.267735471e+03 6.185048234e+00 4.083506847e+00 5.899771120e-05 2.463189982e-03 1.461238901e-01 9.984333221e+00 2.589336377e+01
8.289378758e+03 6.185187327e+00 4.084703351e+00 5.898180029e-05 2.462811050e-03 1.442505714e-01 9.984298480e+00 2.589167797e+01
8.311022044e+03 6.185319734e+00 4.085889526e+00 5.896610213e-05 2.462435809e-03 1.424010851e-01 9.984263744e+00 2.588999753e+01
8.332665331e+03 6.185445538e+00 4.087065499e+00 5.895061393e-05 2.462064212e-03 1.405751326e-01 9.984229015e+00 2.588832237e+01
8.354308617e+03 6.185564822e+00 4.088231397e+00 5.893533291e-05 2.461696212e-03 1.387724189e-01 9.984194292e+00 2.588665243e+01
8.375951904e+03 6.185677664e+00 4.089387344e+00 5.892025635e-05 2.461331762e-03 1.369926526e-01 9.984159574e+00 2.588498766e+01
8.397595190e+03 6.185784145e+00 4.090533465e+00 5.890538157e-05 2.460970817e-03 1.352355460e-01 9.984124863e+00 2.588332797e+01
8.419238477e+03 6.185884343e+00 4.091669882e+00 5.889070592e-05 2.460613330e-03 1.335008148e-01 9.984090157e+00 2.588167333e+01
8.440881764e+03 6.185978336e+00 4.092796714e+00 5.887622678e-05 2.460259259e-03 1.317881789e-01 9.984055457e+00 2.588002365e+01
8.462525050e+03 6.186066200e+00 4.093914081e+00 5.886194158e-05 2.459908558e-03 1.300973603e-01 9.984020763e+00 2.587837889e+01
8.484168337e+03 6.186148012e+00 4.095022101e+00 5.884784777e-05 2.459561183e-03 1.284280850e-01 9.983986075e+00 2.587673897e+01
8.505811623e+03 6.186223846e+00 4.096120890e+00 5.883394282e-05 2.459217093e-03 1.267800823e-01 9.983951392e+00 2.587510385e+01
8.527454910e+03 6.186293777e+00 4.097210563e+00 5.882022426e-05 2.458876245e-03 1.251530848e-01 9.983916714e+00 2.587347346e+01
8.549098196e+03 6.186357878e+00 4.098291233e+00 5.880668965e-05 2.458538596e-03 1.235468283e-01 9.983882043e+00 2.587184775e+01
8.570741483e+03 6.186416220e+00 4.099363014e+00 5.879333658e-05 2.458204105e-03 1.219610527e-01 9.983847376e+00 2.587022665e+01
8.592384770e+03 6.186468877e+00 4.100426014e+00 5.878016266e-05 2.457872733e-03 1.203954998e-01 9.983812715e+00 2.586861012e+01
8.614028056e+03 6.186515917e+00 4.101480345e+00 5.876716554e-05 2.457544437e-03 1.188499151e-01 9.983778060e+00 2.586699809e+01
8.635671343e+03 6.186557412e+00 4.102526114e+00 5.875434291e-05 2.457219180e-03 1.173240470e-01 9.983743409e+00 2.586539051e+01
8.657314629e+03 6.186593430e+00 4.103563428e+00 5.874169246e-05 2.456896920e-03 1.158176472e-01 9.983708764e+00 2.586378733e+01
8.678957916e+03 6.186624040e+00 4.104592393e+00 5.872921195e-05 2.456577620e-03 1.143304703e-01 9.983674124e+00 2.586218848e+01
8.700601202e+03 6.186649309e+00 4.105613113e+00 5.871689917e-05 2.456261242e-03 1.128622747e-01 9.983639490e+00 2.586059393e+01
8.722244489e+03 6.186669303e+00 4.106625691e+00 5.870475189e-05 2.455947748e-03 1.114128209e-01 9.983604860e+00 2.585900361e+01
8.743887776e+03 6.186684088e+00 4.107630228e+00 5.869276796e-05 2.455637100e-03 1.099818722e-01 9.983570235e+00 2.585741748e+01
8.765531062e+03 6.186693730e+00 4.108626826e+00 5.868094524e-05 2.455329262e-03 1.085691953e-01 9.983535616e+00 2.585583548e+01
8.787174349e+03 6.186698293e+00 4.109615583e+00 5.866928161e-05 2.455024198e-03 1.071745595e-01 9.983501001e+00 2.585425756e+01
8.808817635e+03 6.186697840e+00 4.110596598e+00 5.865777498e-05 2.454721871e-03 1.057977369e-01 9.983466391e+00 2.585268367e+01
8.830460922e+03 6.186692434e+00 4.111569968e+00 5.864642332e-05 2.454422246e-03 1.044385031e-01 9.983431787e+00 2.585111376e+01
8.852104208e+03 6.186682137e+00 4.112535789e+00 5.863522458e-05 2.454125289e-03 1.030966359e-01 9.983397187e+00 2.584954779e+01
8.873747495e+03 6.186667010e+00 4.113494154e+00 5.862417676e-05 2.453830964e-03 1.017719158e-01 9.983362591e+00 2.584798570e+01
8.895390782e+03 6.186647115e+00 4.114445158e+00 5.861327790e-05 2.453539239e-03 1.004641259e-01 9.983328001e+00 2.584642745e+01
8.917034068e+03 6.186622510e+00 4.115388893e+00 5.860252603e-05 2.453250079e-03 9.917305215e-02 9.983293415e+00 2.584487299e+01
8.938677355e+03 6.186593255e+00 4.116325450e+00 5.859191923e-05 2.452963451e-03 9.789848311e-02 9.983258834e+00 2.584332228e+01
8.960320641e+03 6.186559409e+00 4.117254920e+00 5.858145561e-05 2.452679323e-03 9.664021015e-02 9.983224257e+00 2.584177526e+01
8.981963928e+03 6.186521028e+00 4.118177390e+00 5.857113331e-05 2.452397662e-03 9.539802751e-02 9.983189685e+00 2.584023189e+01
9.003607214e+03 6.186478171e+00 4.119092949e+00 5.856095045e-05 2.452118437e-03 9.417173120e-02 9.983155118e+00 2.583869213e+01
9.025250501e+03 6.186430893e+00 4.120001684e+00 5.855090523e-05 2.451841615e-03 9.296112007e-02 9.983120555e+00 2.583715594e+01
9.046893788e+03 6.186379250e+00 4.120903680e+00 5.854099585e-05 2.451567167e-03 9.176599544e-02 9.983085997e+00 2.583562326e+01
9.068537074e+03 6.186323297e+00 4.121799022e+00 5.853122051e-05 2.451295060e-03 9.058616110e-02 9.983051442e+00 2.583409407e+01
9.090180361e+03 6.186263088e+00 4.122687795e+00 5.852157747e-05 2.451025265e-03 8.942142325e-02 9.983016893e+00 2.583256830e+01
9.111823647e+03 6.186198678e+00 4.123570080e+00 5.851206502e-05 2.450757753e-03 8.827159129e-02 9.982982347e+00 2.583104593e+01
9.133466934e+03 6.186130119e+00 4.124445959e+00 5.850268143e-05 2.450492493e-03 8.713647582e-02 9.982947806e+00 2.582952690e+01
9.155110220e+03 6.186057464e+00 4.125315512e+00 5.849342503e-05 2.450229457e-03 8.601589024e-02 9.982913269e+00 2.582801119e+01
9.176753507e+03 6.185980764e+00 4.126178820e+00 5.848429414e-05 2.449968615e-03 8.490965021e-02 9.982878737e+00 2.582649874e+01
9.198396794e+03 6.185900070e+00 4.127035961e+00 5.847528714e-05 2.449709940e-03 8.381757371e-02 9.982844208e+00 2.582498952e+01
9.220040080e+03 6.185815433e+00 4.127887013e+00 5.846640239e-05 2.449453404e-03 8.273948092e-02 9.982809684e+00 2.582348350e+01
9.241683367e+03 6.185726904e+00 4.128732052e+00 5.845763831e-05 2.449198978e-03 8.167519491e-02 9.982775164e+00 2.582198061e+01
9.263326653e+03 6.185634530e+00 4.129571154e+00 5.844899333e-05 2.448946636e-03 8.062454026e-02 9.982740648e+00 2.582048085e+01
9.284969940e+03 6.185538362e+00 4.130404394e+00 5.844046587e-05 2.448696350e-03 7.958734374e-02 9.982706136e+00 2.581898415e+01
9.306613226e+03 6.185438447e+00 4.131231845e+00 5.843205442e-05 2.448448095e-03 7.856343441e-02 9.982671628e+00 2.581749049e+01
9.328256513e+03 6.185334832e+00 4.132053582e+00 5.842375744e-05 2.448201843e-03 7.755264342e-02 9.982637124e+00 2.581599982e+01
9.349899800e+03 6.185227565e+00 4.132869676e+00 5.841557346e-05 2.447957569e-03 7.655480401e-02 9.982602623e+00 2.581451212e+01
9.371543086e+03 6.185116692e+00 4.133680198e+00 5.840750098e-05 2.447715248e-03 7.556975187e-02 9.982568127e+00 2.581302734e+01
9.393186373e+03 6.185002259e+00 4.134485218e+00 5.839953857e-05 2.447474854e-03 7.459732463e-02 9.982533635e+00 2.581154545e+01
9.414829659e+03 6.184884311e+00 4.135284806e+00 5.839168478e-05 2.447236362e-03 7.363736153e-02 9.982499146e+00 2.581006641e+01
9.436472946e+03 6.184762893e+00 4.136079030e+00 5.838393819e-05 2.446999748e-03 7.268970404e-02 9.982464662e+00 2.580859020e+01
9.458116232e+03 6.184638049e+00 4.136867959e+00 5.837629741e-05 2.446764987e-03 7.175419560e-02 9.982430181e+00 2.580711676e+01
9.479759519e+03 6.184509822e+00 4.137651660e+00 5.836876105e-05 2.446532056e-03 7.083068158e-02 9.982395704e+00 2.580564608e+01
9.501402806e+03 6.184378257e+00 4.138430197e+00 5.836132774e-05 2.446300931e-03 6.991900942e-02 9.982361230e+00 2.580417811e+01
9.523046092e+03 6.184243394e+00 4.139203637e+00 5.835399616e-05 2.446071588e-03 6.901902886e-02 9.982326761e+00 2.580271282e+01
9.544689379e+03 6.184105277e+00 4.139972043e+00 5.834676497e-05 2.445844005e-03 6.813059073e-02 9.982292295e+00 2.580125019e+01
9.566332665e+03 6.183963947e+00 4.140735481e+00 5.833963285e-05 2.445618158e-03 6.725354806e-02 9.982257832e+00 2.579979017e+01
9.587975952e+03 6.183819445e+00 4.141494011e+00 5.833259852e-05 2.445394026e-03 6.638775569e-02 9.982223373e+00 2.579833274e+01
9.609619238e+03 6.183671812e+00 4.142247698e+00 5.832566069e-05 2.445171586e-03 6.553307027e-02 9.982188918e+00 2.579687786e+01
9.631262525e+03 6.183521087e+00 4.142996601e+00 5.831881812e-05 2.444950816e-03 6.468935022e-02 9.982154467e+00 2.579542550e+01
9.652905812e+03 6.183367310e+00 4.143740781e+00 5.831206956e-05 2.444731695e-03 6.385645644e-02 9.982120018e+00 2.579397564e+01
9.674549098e+03 6.183210520e+00 4.144480298e+00 5.830541378e-05 2.444514202e-03 6.303425059e-02 9.982085574e+00 2.579252823e+01
9.696192385e+03 6.183050756e+00 4.145215211e+00 5.829884958e-05 2.444298315e-03 6.222259641e-02 9.982051133e+00 2.579108326e+01
9.717835671e+03 6.182888056e+00 4.145945579e+00 5.829237575e-05 2.444084013e-03 6.142135937e-02 9.982016695e+00 2.578964069e+01
9.739478958e+03 6.182722457e+00 4.146671459e+00 5.828599112e-05 2.443871277e-03 6.063040656e-02 9.981982261e+00 2.578820049e+01
9.761122244e+03 6.182553998e+00 4.147392908e+00 5.827969453e-05 2.443660085e-03 5.984960679e-02 9.981947830e+00 2.578676264e+01
9.782765531e+03 6.182382713e+00 4.148109981e+00 5.827348482e-05 2.443450419e-03 5.907883091e-02 9.981913402e+00 2.578532710e+01
9.804408818e+03 6.182208640e+00 4.148822735e+00 5.826736088e-05 2.443242258e-03 5.831795101e-02 9.981878978e+00 2.578389384e+01
9.826052104e+03 6.182031815e+00 4.149531224e+00 5.826132157e-05 2.443035582e-03 5.756684068e-02 9.981844557e+00 2.578246285e+01
9.847695391e+03 6.181852272e+00 4.150235502e+00 5.825536580e-05 2.442830374e-03 5.682537521e-02 9.981810139e+00 2.578103408e+01
9.869338677e+03 6.181670047e+00 4.150935623e+00 5.824949246e-05 2.442626613e-03 5.609343148e-02 9.981775725e+00 2.577960752e+01
9.890981964e+03 6.181485175e+00 4.151631639e+00 5.824370050e-05 2.442424280e-03 5.537088785e-02 9.981741314e+00 2.577818314e+01
9.912625251e+03 6.181297689e+00 4.152323602e+00 5.823798885e-05 2.442223359e-03 5.465762458e-02 9.981706906e+00 2.577676091e+01
9.934268537e+03 6.181107623e+00 4.153011564e+00 5.823235647e-05 2.442023829e-03 5.395352339e-02 9.981672501e+00 2.577534080e+01
9.955911824e+03 6.180915010e+00 4.153695576e+00 5.822680231e-05 2.441825674e-03 5.325846698e-02 9.981638100e+00 2.577392278e+01
9.977555110e+03 6.180719884e+00 4.154375687e+00 5.822132537e-05 2.441628876e-03 5.257233980e-02 9.981603702e+00 2.577250685e+01
9.999198397e+03 6.180522276e+00 4.155051947e+00 5.821592463e-05 2.441433416e-03 5.189502773e-02 9.981569306e+00 2.577109295e+01
1.002084168e+04 6.180322218e+00 4.155724405e+00 5.821059909e-05 2.441239278e-03 5.122641807e-02 9.981534914e+00 2.576968109e+01
1.004248497e+04 6.180119743e+00 4.156393109e+00 5.820534779e-05 2.441046445e-03 5.056639954e-02 9.981500525e+00 2.576827122e+01
1.006412826e+04 6.179914881e+00 4.157058108e+00 5.820016975e-05 2.440854899e-03 4.991486261e-02 9.981466139e+00 2.576686332e+01
1.008577154e+04 6.179707664e+00 4.157719447e+00 5.819506402e-05 2.440664625e-03 4.927169919e-02 9.981431756e+00 2.576545737e+01
1.010741483e+04 6.179498121e+00 4.158377173e+00 5.819002966e-05 2.440475605e-03 4.863680187e-02 9.981397376e+00 2.576405335e+01
1.012905812e+04 6.179286283e+00 4.159031332e+00 5.818506573e-05 2.440287823e-03 4.801006492e-02 9.981363000e+00 2.576265123e+01
1.015070140e+04 6.179072180e+00 4.159681971e+00 5.818017132e-05 2.440101265e-03 4.739138393e-02 9.981328626e+00 2.576125100e+01
1.017234469e+04 6.178855841e+00 4.160329132e+00 5.817534551e-05 2.439915912e-03 4.678065580e-02 9.981294255e+00 2.575985262e+01
1.019398798e+04 6.178637295e+00 4.160972861e+00 5.817058743e-05 2.439731751e-03 4.617777870e-02 9.981259887e+00 2.575845607e+01
1.021563126e+04 6.178416570e+00 4.161613201e+00 5.816589617e-05 2.439548766e-03 4.558265246e-02 9.981225522e+00 2.575706133e+01
1.023727455e+04 6.178193695e+00 4.162250195e+00 5.816127089e-05 2.439366941e-03 4.499517832e-02 9.981191159e+00 2.575566839e+01
1.025891784e+04 6.177968698e+00 4.162883885e+00 5.815671071e-05 2.439186261e-03 4.441525793e-02 9.981156800e+00 2.575427722e+01
1.028056112e+04 6.177741606e+00 4.163514315e+00 5.815221479e-05 2.439006712e-03 4.384279461e-02 9.981122444e+00 2.575288779e+01
1.030220441e+04 6.177512446e+00 4.164141524e+00 5.814778228e-05 2.438828280e-03 4.327769286e-02 9.981088090e+00 2.575150009e+01
1.032384770e+04 6.177281246e+00 4.164765554e+00 5.814341236e-05 2.438650949e-03 4.271985837e-02 9.981053739e+00 2.575011409e+01
1.034549098e+04 6.177048032e+00 4.165386446e+00 5.813910422e-05 2.438474705e-03 4.216919803e-02 9.981019391e+00 2.574872978e+01
1.036713427e+04 6.176812830e+00 4.166004239e+00 5.813485705e-05 2.438299534e-03 4.162562019e-02 9.980985046e+00 2.574734713e+01
1.038877756e+04 6.176575666e+00 4.166618972e+00 5.813067006e-05 2.438125424e-03 4.108903456e-02 9.980950704e+00 2.574596613e+01
1.041042084e+04 6.176336566e+00 4.167230685e+00 5.812654246e-05 2.437952359e-03 4.055935121e-02 9.980916364e+00 2.574458675e+01
1.043206413e+04 6.176095555e+00 4.167839416e+00 5.812247349e-05 2.437780326e-03 4.003648171e-02 9.980882027e+00 2.574320897e+01
1.045370741e+04 6.175852657e+00 4.168445203e+00 5.811846236e-05 2.437609312e-03 3.952033875e-02 9.980847693e+00 2.574183279e+01
1.047535070e+04 6.175607898e+00 4.169048083e+00 5.811450834e-05 2.437439304e-03 3.901083609e-02 9.980813361e+00 2.574045816e+01
1.049699399e+04 6.175361302e+00 4.169648094e+00 5.811061067e-05 2.437270289e-03 3.850788859e-02 9.980779033e+00 2.573908509e+01
1.051863727e+04 6.175112892e+00 4.170245272e+00 5.810676863e-05 2.437102254e-03 3.801141241e-02 9.980744706e+00 2.573771355e+01
1.054028056e+04 6.174862693e+00 4.170839652e+00 5.810298149e-05 2.436935186e-03 3.752132499e-02 9.980710383e+00 2.573634351e+01
1.056192385e+04 6.174610728e+00 4.171431271e+00 5.809924853e-05 2.436769073e-03 3.703754411e-02 9.980676062e+00 2.573497497e+01
1.058356713e+04 6.174357020e+00 4.172020163e+00 5.809556904e-05 2.436603902e-03 3.655998893e-02 9.980641744e+00 2.573360791e+01
1.060521042e+04 6.174101591e+00 4.172606363e+00 5.809194234e-05 2.436439662e-03 3.608857959e-02 9.980607428e+00 2.573224230e+01
1.062685371e+04 6.173844465e+00 4.173189906e+00 5.808836772e-05 2.436276340e-03 3.562323726e-02 9.980573115e+00 2.573087813e+01
1.064849699e+04 6.173585664e+00 4.173770826e+00 5.808484452e-05 2.436113924e-03 3.516388408e-02 9.980538805e+00 2.572951538e+01
1.067014028e+04 6.173325209e+00 4.174349155e+00 5.808137206e-05 2.435952403e-03 3.471044338e-02 9.980504497e+00 2.572815404e+01
1.069178357e+04 6.173063123e+00 4.174924927e+00 5.807794968e-05 2.435791765e-03 3.426283971e-02 9.980470192e+00 2.572679409e+01
1.071342685e+04 6.172799426e+00 4.175498174e+00 5.807457674e-05 2.435631999e-03 3.382099788e-02 9.980435889e+00 2.572543551e+01
1.073507014e+04 6.172534140e+00 4.176068928e+00 5.807125258e-05 2.435473093e-03 3.338484397e-02 9.980401588e+00 2.572407828e+01
1.075671343e+04 6.172267286e+00 4.176637221e+00 5.806797656e-05 2.435315037e-03 3.295430499e-02 9.980367291e+00 2.572272240e+01
1.077835671e+04 6.171998884e+00 4.177203085e+00 5.806474807e-05 2.435157818e-03 3.252930884e-02 9.980332995e+00 2.572136784e+01
1.080000000e+04 6.171728955e+00 4.177766549e+00 5.806156647e-05 2.435001428e-03 3.210978435e-02 9.980298703e+00 2.572001459e+01
