time            Ap              Aq              Br              Bs              Cj              Ck             
0.000000000e+00 6.000000000e+00 5.000000000e+00 5.000000000e+00 5.000000000e+00 2.000000000e+00 1.000000000e+00
4.328657315e+02 4.037786722e+00 3.393741656e+00 4.628478063e+00 4.600221628e+00 1.731767744e+00 9.675107332e-01
8.657314629e+02 3.274501498e+00 2.783056807e+00 5.336995144e+00 5.315401050e+00 1.682203918e+00 1.048925817e+00
1.298597194e+03 2.599957052e+00 2.233555163e+00 5.941555775e+00 5.926368992e+00 1.686291503e+00 1.158950002e+00
1.731462926e+03 2.034521738e+00 1.766331107e+00 6.417173176e+00 6.407873970e+00 1.739403704e+00 1.297893132e+00
2.164328657e+03 1.578880663e+00 1.385287718e+00 6.758108900e+00 6.753923963e+00 1.838256701e+00 1.466441232e+00
2.597194389e+03 1.221963243e+00 1.083614314e+00 6.971482422e+00 6.971508599e+00 1.980527958e+00 1.665438561e+00
3.030060120e+03 9.477756643e-01 8.495849892e-01 7.070901927e+00 7.074231914e+00 2.164431578e+00 1.895620427e+00
3.462925852e+03 7.398088476e-01 6.704254585e-01 7.071994004e+00 7.077799771e+00 2.388304907e+00 2.157335657e+00
3.895791583e+03 5.832841943e-01 5.343762249e-01 6.989967960e+00 6.997539677e+00 2.650241108e+00 2.450289125e+00
4.328657315e+03 4.659673774e-01 4.315237294e-01 6.838644132e+00 6.847397954e+00 2.947792706e+00 2.773331071e+00
4.761523046e+03 3.782021775e-01 3.539373450e-01 6.630308725e+00 6.639777665e+00 3.277766922e+00 3.124318150e+00
5.194388778e+03 3.125973633e-01 2.954803787e-01 6.375923811e+00 6.385741802e+00 3.636129094e+00 3.500066899e+00
5.627254509e+03 2.636094622e-01 2.515075344e-01 6.085409966e+00 6.095294827e+00 4.018021765e+00 3.896411123e+00
6.060120240e+03 2.271387556e-01 2.185554443e-01 5.767863882e+00 5.777601844e+00 4.417893584e+00 4.308360432e+00
6.492985972e+03 2.001849418e-01 1.940714607e-01 5.431666909e+00 5.441099538e+00 4.829717540e+00 4.730341862e+00
6.925851703e+03 1.805728509e-01 1.761938470e-01 5.084494661e+00 5.093508130e+00 5.247264972e+00 5.156492746e+00
7.358717435e+03 1.667428088e-01 1.635817428e-01 4.733262945e+00 4.741779298e+00 5.664395550e+00 5.580966298e+00
7.791583166e+03 1.575951440e-01 1.552879380e-01 4.384050394e+00 4.392020380e+00 6.075325036e+00 5.998212495e+00
8.224448898e+03 1.523772180e-01 1.506659027e-01 4.042031753e+00 4.049428887e+00 6.474841247e+00 6.403205218e+00
8.657314629e+03 1.506033811e-01 1.493037280e-01 3.711445503e+00 3.718261088e+00 6.858448783e+00 6.791596489e+00
9.090180361e+03 1.519999507e-01 1.509788389e-01 3.395601509e+00 3.401840453e+00 7.222440909e+00 7.159796344e+00
9.523046092e+03 1.564685756e-01 1.556281455e-01 3.096931604e+00 3.102608914e+00 7.563900697e+00 7.504980682e+00
9.955911824e+03 1.640641262e-01 1.633306114e-01 2.817071561e+00 2.822209430e+00 7.880646880e+00 7.825042576e+00
1.038877756e+04 1.749835763e-01 1.742993507e-01 2.556964849e+00 2.561590264e+00 8.171138392e+00 8.118501172e+00
1.082164329e+04 1.895637386e-01 1.888815821e-01 2.316975657e+00 2.321118464e+00 8.434354613e+00 8.384385371e+00
1.125450902e+04 2.082858558e-01 2.075647466e-01 2.097003287e+00 2.100694666e+00 8.669662626e+00 8.622103759e+00
1.168737475e+04 2.317860304e-01 2.309879851e-01 1.896589707e+00 1.899860983e+00 8.876683160e+00 8.831312555e+00
1.212024048e+04 2.608700438e-01 2.599576859e-01 1.715015977e+00 1.717897721e+00 9.055162433e+00 9.011788994e+00
1.255310621e+04 2.965312251e-01 2.954658838e-01 1.551385672e+00 1.553907041e+00 9.204854930e+00 9.163315221e+00
1.298597194e+04 3.399694838e-01 3.387097150e-01 1.404694815e+00 1.406883070e+00 9.325420399e+00 9.285576132e+00
1.341883768e+04 3.926087957e-01 3.911092934e-01 1.273888607e+00 1.275768785e+00 9.416339189e+00 9.378075312e+00
1.385170341e+04 4.561094665e-01 4.543204108e-01 1.157907040e+00 1.159501728e+00 9.476848527e+00 9.440071733e+00
1.428456914e+04 5.323696495e-01 5.302366014e-01 1.055720350e+00 1.057049536e+00 9.505905946e+00 9.470543445e+00
1.471743487e+04 6.235091413e-01 6.209736679e-01 9.663567720e-01 9.674377425e-01 9.502185834e+00 9.468184249e+00
1.515030060e+04 7.318269156e-01 7.288281784e-01 8.889244588e-01 8.897717091e-01 9.464117124e+00 9.431441352e+00
1.558316633e+04 8.597219086e-01 8.561994805e-01 8.226292475e-01 8.232543920e-01 9.389971913e+00 9.358603815e+00
1.601603206e+04 1.009567686e+00 1.005465828e+00 7.667900868e-01 7.672017336e-01 9.278012222e+00 9.247948972e+00
1.644889780e+04 1.183533089e+00 1.178806612e+00 7.208538269e-01 7.210573947e-01 9.126698693e+00 9.097950647e+00
1.688176353e+04 1.383347480e+00 1.377969081e+00 6.844109239e-01 6.844083714e-01 8.934955942e+00 8.907543899e+00
1.731462926e+04 1.610018682e+00 1.603987310e+00 6.572136185e-01 6.570030551e-01 8.702476580e+00 8.676428377e+00
1.774749499e+04 1.863524840e+00 1.856874197e+00 6.391980772e-01 6.387732223e-01 8.430030445e+00 8.405376933e+00
1.818036072e+04 2.142515838e+00 2.135321728e+00 6.305118597e-01 6.298613210e-01 8.119731294e+00 8.096501858e+00
1.861322645e+04 2.444070038e+00 2.436454995e+00 6.315478563e-01 6.306542056e-01 7.775206211e+00 7.753424143e+00
1.904609218e+04 2.763554223e+00 2.755687932e+00 6.429853075e-01 6.418239540e-01 7.401618848e+00 7.381296977e+00
1.947895792e+04 3.094623485e+00 3.086717990e+00 6.658375417e-01 6.643754427e-01 7.005518769e+00 6.986655798e+00
1.991182365e+04 3.429375632e+00 3.421675132e+00 7.015043289e-01 6.996986425e-01 6.594521813e+00 6.577099755e+00
2.034468938e+04 3.758646095e+00 3.751412170e+00 7.518238205e-01 7.496207116e-01 6.176862395e+00 6.160845375e+00
2.077755511e+04 4.072405688e+00 4.065899608e+00 8.191145218e-01 8.164484822e-01 5.760885215e+00 5.746219699e+00
2.121042084e+04 4.360213669e+00 4.354677936e+00 9.061913294e-01 9.029855810e-01 5.354552992e+00 5.341169313e+00
2.164328657e+04 4.611687960e+00 4.607329182e+00 1.016331421e+00 1.012500210e+00 4.965036263e+00 4.952851171e+00
2.207615230e+04 4.816977896e+00 4.813952667e+00 1.153157442e+00 1.148611253e+00 4.598426654e+00 4.587346511e+00
2.250901804e+04 4.967252899e+00 4.965657723e+00 1.320400045e+00 1.315054833e+00 4.259585859e+00 4.249510138e+00
2.294188377e+04 5.055236321e+00 5.055102075e+00 1.521506840e+00 1.515298075e+00 3.952117250e+00 3.942942000e+00
2.337474950e+04 5.075802709e+00 5.077093753e+00 1.759086508e+00 1.751987928e+00 3.678432481e+00 3.670053538e+00
2.380761523e+04 5.026612103e+00 5.029229990e+00 2.034224212e+00 2.026269536e+00 3.439879779e+00 3.432195553e+00
2.424048096e+04 4.908683047e+00 4.912474677e+00 2.345772322e+00 2.337075899e+00 3.236904344e+00 3.229818072e+00
2.467334669e+04 4.726738255e+00 4.731508087e+00 2.689788066e+00 2.680558675e+00 3.069218702e+00 3.062640107e+00
2.510621242e+04 4.489138931e+00 4.494664374e+00 3.059318441e+00 3.049859954e+00 2.935969092e+00 2.929815468e+00
2.553907816e+04 4.207291870e+00 4.213340346e+00 3.444683463e+00 3.435378352e+00 2.835890268e+00 2.830086960e+00
2.597194389e+04 3.894561237e+00 3.900906872e+00 3.834278862e+00 3.825555201e+00 2.767444397e+00 2.761924814e+00
2.640480962e+04 3.564887311e+00 3.571325137e+00 4.215749238e+00 4.208037112e+00 2.728940252e+00 2.723645540e+00
2.683767535e+04 3.231410635e+00 3.237766683e+00 4.577263629e+00 4.570950331e+00 2.718629511e+00 2.713508036e+00
2.727054108e+04 2.905384879e+00 2.911521453e+00 4.908606443e+00 4.903999848e+00 2.734777274e+00 2.729784077e+00
2.770340681e+04 2.595538815e+00 2.601355245e+00 5.201890566e+00 5.199196852e+00 2.775706374e+00 2.770802714e+00
2.813627255e+04 2.307904139e+00 2.313334024e+00 5.451833495e+00 5.451150823e+00 2.839817319e+00 2.834970335e+00
2.856913828e+04 2.046010974e+00 2.051017220e+00 5.655659596e+00 5.656985402e+00 2.925588132e+00 2.920770656e+00
2.900200401e+04 1.811306135e+00 1.815875044e+00 5.812754168e+00 5.816001598e+00 3.031559788e+00 3.026750257e+00
2.943486974e+04 1.603656796e+00 1.607792157e+00 5.924202444e+00 5.929221083e+00 3.156313168e+00 3.151495603e+00
2.986773547e+04 1.421840153e+00 1.425557928e+00 5.992317370e+00 5.998914348e+00 3.298442917e+00 3.293606915e+00
3.030060120e+04 1.263962345e+00 1.267286256e+00 6.020220480e+00 6.028179362e+00 3.456532582e+00 3.451673268e+00
3.073346693e+04 1.127785487e+00 1.130743564e+00 6.011503994e+00 6.020600160e+00 3.629134131e+00 3.624252055e+00
3.116633267e+04 1.010963932e+00 1.013585949e+00 5.969977860e+00 5.979990065e+00 3.814753875e+00 3.809854800e+00
3.159919840e+04 9.112025582e-01 9.135182351e-01 5.899491717e+00 5.910210117e+00 4.011845734e+00 4.006940327e+00
3.203206413e+04 8.263539344e-01 8.283917329e-01 5.803816299e+00 5.815047515e+00 4.218811982e+00 4.213915387e+00
3.246492986e+04 7.544707123e-01 7.562570956e-01 5.686568512e+00 5.698138398e+00 4.434010893e+00 4.429142202e+00
3.289779559e+04 6.938271582e-01 6.953861803e-01 5.551166667e+00 5.562921387e+00 4.655770241e+00 4.650951867e+00
3.333066132e+04 6.429206822e-01 6.442738064e-01 5.400805469e+00 5.412611411e+00 4.882405191e+00 4.877662175e+00
3.376352705e+04 6.004613512e-01 6.016274224e-01 5.238443389e+00 5.250186311e+00 5.112238972e+00 5.107598235e+00
3.419639279e+04 5.653548998e-01 5.663502117e-01 5.066797684e+00 5.078381398e+00 5.343624683e+00 5.339114268e+00
3.462925852e+04 5.366829837e-01 5.375214003e-01 4.888344147e+00 4.899688960e+00 5.574966672e+00 5.570614991e+00
3.506212425e+04 5.136830256e-01 5.143761284e-01 4.705319834e+00 4.716360877e+00 5.804740082e+00 5.800575196e+00
3.549498998e+04 4.957290093e-01 4.962862521e-01 4.519728320e+00 4.530413882e+00 6.031507627e+00 6.027556591e+00
3.592785571e+04 4.823140161e-01 4.827428749e-01 4.333346770e+00 4.343636680e+00 6.253932737e+00 6.250221018e+00
3.636072144e+04 4.730348175e-01 4.733409273e-01 4.147734842e+00 4.157598949e+00 6.470788746e+00 6.467339728e+00
3.679358717e+04 4.675784353e-01 4.677657120e-01 3.964245338e+00 3.973662100e+00 6.680964086e+00 6.677798672e+00
3.722645291e+04 4.657109285e-01 4.657816732e-01 3.784036224e+00 3.792991425e+00 6.883463555e+00 6.880599872e+00
3.765931864e+04 4.672679427e-01 4.672229281e-01 3.608083843e+00 3.616569429e+00 7.077406045e+00 7.074859232e+00
3.809218437e+04 4.721466356e-01 4.719851778e-01 3.437197818e+00 3.445210863e+00 7.262019024e+00 7.259801117e+00
3.852505010e+04 4.802996501e-01 4.800196651e-01 3.272034768e+00 3.279576548e+00 7.436631645e+00 7.434751538e+00
3.895791583e+04 4.917294004e-01 4.913274516e-01 3.113114635e+00 3.120189815e+00 7.600664590e+00 7.599128060e+00
3.939078156e+04 5.064839047e-01 5.059552419e-01 2.960835206e+00 2.967451134e+00 7.753619944e+00 7.752429739e+00
3.982364729e+04 5.246529838e-01 5.239915795e-01 2.815487315e+00 2.821653402e+00 7.895069801e+00 7.894225764e+00
4.025651303e+04 5.463651134e-01 5.455637007e-01 2.677268866e+00 2.682996053e+00 8.024645262e+00 8.024144494e+00
4.068937876e+04 5.717844596e-01 5.708345764e-01 2.546298375e+00 2.551598678e+00 8.142025670e+00 8.141862714e+00
4.112224449e+04 6.011079336e-01 5.999999803e-01 2.422627714e+00 2.427513832e+00 8.246928617e+00 8.247095653e+00
4.155511022e+04 6.345621219e-01 6.332854383e-01 2.306253659e+00 2.310738641e+00 8.339101332e+00 8.339588385e+00
4.198797595e+04 6.723997701e-01 6.709427397e-01 2.197128561e+00 2.201225532e+00 8.418313507e+00 8.419108646e+00
4.242084168e+04 7.148956644e-01 7.132458532e-01 2.095170032e+00 2.098891954e+00 8.484351856e+00 8.485441400e+00
4.285370741e+04 7.623416172e-01 7.604859575e-01 2.000269554e+00 2.003629034e+00 8.537016861e+00 8.538385566e+00
4.328657315e+04 8.150404239e-01 8.129654486e-01 1.912300238e+00 1.915309361e+00 8.576121570e+00 8.577752814e+00
4.371943888e+04 8.732984220e-01 8.709905603e-01 1.831123675e+00 1.833793871e+00 8.601492979e+00 8.603368939e+00
4.415230461e+04 9.374166640e-01 9.348626054e-01 1.756596078e+00 1.758938003e+00 8.612975735e+00 8.615077542e+00
4.458517034e+04 1.007680551e+00 1.004867676e+00 1.688573582e+00 1.690597031e+00 8.610438200e+00 8.612746100e+00
4.501803607e+04 1.084347492e+00 1.081264385e+00 1.626917197e+00 1.628631014e+00 8.593781490e+00 8.596274985e+00
4.545090180e+04 1.167633594e+00 1.164270625e+00 1.571496859e+00 1.572908868e+00 8.562949789e+00 8.565607781e+00
4.588376754e+04 1.257697985e+00 1.254047952e+00 1.522195397e+00 1.523312337e+00 8.517943695e+00 8.520744620e+00
4.631663327e+04 1.354626726e+00 1.350685554e+00 1.478911829e+00 1.479739299e+00 8.458834071e+00 8.461756035e+00
4.674949900e+04 1.458415694e+00 1.454183167e+00 1.441564462e+00 1.442106860e+00 8.385777177e+00 8.388798091e+00
4.718236473e+04 1.568953436e+00 1.564433923e+00 1.410093638e+00 1.410354108e+00 8.299029564e+00 8.302127278e+00
4.761523046e+04 1.686004736e+00 1.681207888e+00 1.384464211e+00 1.384444592e+00 8.198962070e+00 8.202114516e+00
4.804809619e+04 1.809195759e+00 1.804137137e+00 1.364667762e+00 1.364368533e+00 8.086071886e+00 8.089257213e+00
4.848096192e+04 1.938001749e+00 1.932703331e+00 1.350724486e+00 1.350144719e+00 7.960991537e+00 7.964188255e+00
4.891382766e+04 2.071738321e+00 2.066228843e+00 1.342684765e+00 1.341822081e+00 7.824494024e+00 7.827681145e+00
4.934669339e+04 2.209557329e+00 2.203872425e+00 1.340630251e+00 1.339480790e+00 7.677493015e+00 7.680650188e+00
4.977955912e+04 2.350447755e+00 2.344629853e+00 1.344674463e+00 1.343232867e+00 7.521038028e+00 7.524145673e+00
5.021242485e+04 2.493242487e+00 2.487340441e+00 1.354962636e+00 1.353222062e+00 7.356304005e+00 7.359343430e+00
5.064529058e+04 2.636631010e+00 2.630699458e+00 1.371670715e+00 1.369622881e+00 7.184575716e+00 7.187529228e+00
5.107815631e+04 2.779178374e+00 2.773276817e+00 1.395003155e+00 1.392638439e+00 7.007227118e+00 7.010078115e+00
5.151102204e+04 2.919349174e+00 2.913540820e+00 1.425189432e+00 1.422497032e+00 6.825697441e+00 6.828430488e+00
5.194388778e+04 3.055536787e+00 3.049887174e+00 1.462478825e+00 1.459446998e+00 6.641464341e+00 6.644065218e+00
5.237675351e+04 3.186096576e+00 3.180672027e+00 1.507133270e+00 1.503749676e+00 6.456015855e+00 6.458471597e+00
5.280961924e+04 3.309381939e+00 3.304247949e+00 1.559418087e+00 1.555670237e+00 6.270822579e+00 6.273121485e+00
5.324248497e+04 3.423782702e+00 3.419002250e+00 1.619590151e+00 1.615465983e+00 6.087310904e+00 6.089442535e+00
5.367535070e+04 3.527763922e+00 3.523395850e+00 1.687883841e+00 1.683372432e+00 5.906839293e+00 5.908794446e+00
5.410821643e+04 3.619904533e+00 3.616002020e+00 1.764494527e+00 1.759586935e+00 5.730677653e+00 5.732448334e+00
5.454108216e+04 3.698935044e+00 3.695544239e+00 1.849559882e+00 1.844250117e+00 5.559990559e+00 5.561569929e+00
5.497394790e+04 3.763772511e+00 3.760931376e+00 1.943139803e+00 1.937425891e+00 5.395824824e+00 5.397207152e+00
5.540681363e+04 3.813551692e+00 3.811289112e+00 2.045195893e+00 2.039081007e+00 5.239101437e+00 5.240282041e+00
5.583967936e+04 3.847652072e+00 3.845987245e+00 2.155571138e+00 2.149064728e+00 5.090611116e+00 5.091586300e+00
5.627254509e+04 3.865718317e+00 3.864660448e+00 2.273971785e+00 2.267090654e+00 4.951013774e+00 4.951780772e+00
5.670541082e+04 3.867673462e+00 3.867221774e+00 2.399952793e+00 2.392722019e+00 4.820841031e+00 4.821397941e+00
5.713827655e+04 3.853723389e+00 3.853867436e+00 2.532908544e+00 2.525362178e+00 4.700501429e+00 4.700847149e+00
5.757114228e+04 3.824353005e+00 3.825073273e+00 2.672069488e+00 2.664250934e+00 4.590287169e+00 4.590421339e+00
5.800400802e+04 3.780311095e+00 3.781579854e+00 2.816507333e+00 2.808469345e+00 4.490383089e+00 4.490306026e+00
5.843687375e+04 3.722586629e+00 3.724369003e+00 2.965147679e+00 2.956951935e+00 4.400876153e+00 4.400588789e+00
5.886973948e+04 3.652375680e+00 3.654630875e+00 3.116790993e+00 3.108507206e+00 4.321765809e+00 4.321269622e+00
5.930260521e+04 3.571041394e+00 3.573724025e+00 3.270140471e+00 3.261845084e+00 4.252974440e+00 4.252271394e+00
5.973547094e+04 3.480068749e+00 3.483130215e+00 3.423835391e+00 3.415609896e+00 4.194357774e+00 4.193450252e+00
6.016833667e+04 3.381016854e+00 3.384406689e+00 3.576487853e+00 3.568416822e+00 4.145714930e+00 4.144605675e+00
6.060120240e+04 3.275471419e+00 3.279138575e+00 3.726720524e+00 3.718889459e+00 4.106797886e+00 4.105489938e+00
6.103406814e+04 3.164999487e+00 3.168893497e+00 3.873203481e+00 3.865696617e+00 4.077320308e+00 4.075816953e+00
6.146693387e+04 3.051109927e+00 3.055181917e+00 4.014686838e+00 4.007585010e+00 4.056965397e+00 4.055270121e+00
6.189979960e+04 2.935219850e+00 2.939423376e+00 4.150028889e+00 4.143407578e+00 4.045392927e+00 4.043509373e+00
6.233266533e+04 2.818628769e+00 2.822920470e+00 4.278217763e+00 4.272145404e+00 4.042245306e+00 4.040177246e+00
6.276553106e+04 2.702500563e+00 2.706840627e+00 4.398386405e+00 4.392923039e+00 4.047152722e+00 4.044904035e+00
6.319839679e+04 2.587852860e+00 2.592205323e+00 4.509820975e+00 4.505017253e+00 4.059737469e+00 4.057312126e+00
6.363126253e+04 2.475553519e+00 2.479886403e+00 4.611962853e+00 4.607859424e+00 4.079617386e+00 4.077019444e+00
6.406412826e+04 2.366322802e+00 2.370608126e+00 4.704405417e+00 4.701032674e+00 4.106408607e+00 4.103642210e+00
6.449699399e+04 2.260739913e+00 2.264953591e+00 4.786886751e+00 4.784264899e+00 4.139727668e+00 4.136797055e+00
6.492985972e+04 2.159253319e+00 2.163374973e+00 4.859278705e+00 4.857418122e+00 4.179193163e+00 4.176102677e+00
6.536272545e+04 2.062193127e+00 2.066205843e+00 4.921573933e+00 4.920475737e+00 4.224426924e+00 4.221181022e+00
6.579559118e+04 1.969784603e+00 1.973674643e+00 4.973871912e+00 4.973528724e+00 4.275054864e+00 4.271658135e+00
6.622845691e+04 1.882162181e+00 1.885918673e+00 5.016364368e+00 5.016761173e+00 4.330707609e+00 4.327164784e+00
6.666132265e+04 1.799383584e+00 1.802998201e+00 5.049320441e+00 5.050435552e+00 4.391020958e+00 4.387336926e+00
6.709418838e+04 1.721442472e+00 1.724909120e+00 5.073073499e+00 5.074879491e+00 4.455636189e+00 4.451816000e+00
6.752705411e+04 1.648280754e+00 1.651595268e+00 5.088007989e+00 5.090472707e+00 4.524200374e+00 4.520249250e+00
6.795991984e+04 1.579799401e+00 1.582959261e+00 5.094547896e+00 5.097635365e+00 4.596366617e+00 4.592289955e+00
6.839278557e+04 1.515868027e+00 1.518872090e+00 5.093146310e+00 5.096817621e+00 4.671794318e+00 4.667597686e+00
6.882565130e+04 1.456333181e+00 1.459181448e+00 5.084276336e+00 5.088490454e+00 4.750149445e+00 4.745838579e+00
6.925851703e+04 1.401025387e+00 1.403718784e+00 5.068423186e+00 5.073137686e+00 4.831104836e+00 4.826685631e+00
6.969138277e+04 1.349765040e+00 1.352305229e+00 5.046077461e+00 5.051249173e+00 4.914340535e+00 4.909819030e+00
7.012424850e+04 1.302367266e+00 1.304756476e+00 5.017729485e+00 5.023315066e+00 4.999544147e+00 4.994926514e+00
7.055711423e+04 1.258645824e+00 1.260886709e+00 4.983864594e+00 4.989821012e+00 5.086411221e+00 5.081703740e+00
7.098997996e+04 1.218416212e+00 1.220511728e+00 4.944959308e+00 4.951244251e+00 5.174645637e+00 5.169854675e+00
7.142284569e+04 1.181498091e+00 1.183451386e+00 4.901478214e+00 4.908050427e+00 5.263959999e+00 5.259091986e+00
7.185571142e+04 1.147717184e+00 1.149531511e+00 4.853871418e+00 4.860690974e+00 5.354076030e+00 5.349137434e+00
7.228857715e+04 1.116906506e+00 1.118585150e+00 4.802572773e+00 4.809601284e+00 5.444724917e+00 5.439722212e+00
7.272144289e+04 1.088907339e+00 1.090453552e+00 4.747998400e+00 4.755199175e+00 5.535647652e+00 5.530587294e+00
7.315430862e+04 1.063569911e+00 1.064986866e+00 4.690545570e+00 4.697883726e+00 5.626595338e+00 5.621483731e+00
7.358717435e+04 1.040753668e+00 1.042044411e+00 4.630592112e+00 4.638034650e+00 5.717329425e+00 5.712172897e+00
7.402004008e+04 1.020327365e+00 1.021494789e+00 4.568496066e+00 4.576011906e+00 5.807621900e+00 5.802426669e+00
7.445290581e+04 1.002169119e+00 1.003215938e+00 4.504595380e+00 4.512155369e+00 5.897255441e+00 5.892027588e+00
7.488577154e+04 9.861662151e-01 9.870949408e-01 4.439208086e+00 4.446784985e+00 5.986023514e+00 5.980768956e+00
7.531863727e+04 9.722148343e-01 9.730277598e-01 4.372632482e+00 4.380200941e+00 6.073730374e+00 6.068454845e+00
7.575150301e+04 9.602198126e-01 9.609190129e-01 4.305147257e+00 4.312683740e+00 6.160191023e+00 6.154900026e+00
7.618436874e+04 9.500941306e-01 9.506814439e-01 4.237012462e+00 4.244495211e+00 6.245231176e+00 6.239929986e+00
7.661723447e+04 9.417586313e-01 9.422356602e-01 4.168469572e+00 4.175878520e+00 6.328687062e+00 6.323380688e+00
7.705010020e+04 9.351415448e-01 9.355096544e-01 4.099742344e+00 4.107059042e+00 6.410405264e+00 6.405098436e+00
7.748296593e+04 9.301780542e-01 9.304383727e-01 4.031037472e+00 4.038245001e+00 6.490242484e+00 6.484939626e+00
7.791583166e+04 9.268098771e-01 9.269632981e-01 3.962545277e+00 3.969628166e+00 6.568065278e+00 6.562770497e+00
7.834869739e+04 9.249848203e-01 9.250320061e-01 3.894440484e+00 3.901384617e+00 6.643749757e+00 6.638466825e+00
7.878156313e+04 9.246563347e-01 9.245977218e-01 3.826883020e+00 3.833675551e+00 6.717181249e+00 6.711913588e+00
7.921442886e+04 9.257831427e-01 9.256189474e-01 3.760018715e+00 3.766647976e+00 6.788253991e+00 6.783004661e+00
7.964729459e+04 9.283287643e-01 9.280589898e-01 3.693980202e+00 3.700435620e+00 6.856870724e+00 6.851642412e+00
8.008016032e+04 9.322611103e-01 9.318855548e-01 3.628887708e+00 3.635159721e+00 6.922942328e+00 6.917737334e+00
8.051302605e+04 9.375521347e-01 9.370704001e-01 3.564849755e+00 3.570929725e+00 6.986387487e+00 6.981207718e+00
8.094589178e+04 9.441774665e-01 9.435889674e-01 3.501963887e+00 3.507844027e+00 7.047132343e+00 7.041979303e+00
8.137875752e+04 9.521160116e-01 9.514199850e-01 3.440317469e+00 3.445990763e+00 7.105110118e+00 7.099984900e+00
8.181162325e+04 9.613495796e-01 9.605450964e-01 3.379988412e+00 3.385448546e+00 7.160260765e+00 7.155164045e+00
8.224448898e+04 9.718625284e-01 9.709485046e-01 3.321045881e+00 3.326287172e+00 7.212530648e+00 7.207462679e+00
8.267735471e+04 9.836414205e-01 9.826166294e-01 3.263550937e+00 3.268568267e+00 7.261872245e+00 7.256832847e+00
8.311022044e+04 9.966746833e-01 9.955377685e-01 3.207557167e+00 3.212345926e+00 7.308243867e+00 7.303232427e+00
8.354308617e+04 1.010952266e+00 1.009701755e+00 3.153111313e+00 3.157667333e+00 7.351609407e+00 7.346624869e+00
8.397595190e+04 1.026465271e+00 1.025099592e+00 3.100253829e+00 3.104573335e+00 7.391938093e+00 7.386978953e+00
8.440881764e+04 1.043205711e+00 1.041723204e+00 3.049019517e+00 3.053099071e+00 7.429204332e+00 7.424268635e+00
8.484168337e+04 1.061165977e+00 1.059564915e+00 2.999437858e+00 3.003274313e+00 7.463387450e+00 7.458472778e+00
8.527454910e+04 1.080338759e+00 1.078617361e+00 2.951533730e+00 2.955124182e+00 7.494471669e+00 7.489575141e+00
8.570741483e+04 1.100716513e+00 1.098872967e+00 2.905327663e+00 2.908669408e+00 7.522445942e+00 7.517564203e+00
8.614028056e+04 1.122291223e+00 1.120323699e+00 2.860836428e+00 2.863926923e+00 7.547303796e+00 7.542433010e+00
8.657314629e+04 1.145054061e+00 1.142960736e+00 2.818073421e+00 2.820910242e+00 7.569043259e+00 7.564179101e+00
8.700601202e+04 1.168995045e+00 1.166774120e+00 2.777048898e+00 2.779629708e+00 7.587666996e+00 7.582804642e+00
8.743887776e+04 1.194102693e+00 1.191752419e+00 2.737770317e+00 2.740092828e+00 7.603182323e+00 7.598316438e+00
8.787174349e+04 1.220363733e+00 1.217882430e+00 2.700242855e+00 2.702304795e+00 7.615600913e+00 7.610725644e+00
8.830460922e+04 1.247762790e+00 1.245148868e+00 2.664469530e+00 2.666268621e+00 7.624939143e+00 7.620048099e+00
8.873747495e+04 1.276282094e+00 1.273534080e+00 2.630451558e+00 2.631985475e+00 7.631217884e+00 7.626304125e+00
8.917034068e+04 1.305901202e+00 1.303017760e+00 2.598188555e+00 2.599454905e+00 7.634462644e+00 7.629518663e+00
8.960320641e+04 1.336596576e+00 1.333576536e+00 2.567678688e+00 2.568674981e+00 7.634703851e+00 7.629721552e+00
9.003607214e+04 1.368341488e+00 1.365183865e+00 2.538918980e+00 2.539642602e+00 7.631976621e+00 7.626947304e+00
9.046893788e+04 1.401105697e+00 1.397809715e+00 2.511905444e+00 2.512353634e+00 7.626320928e+00 7.621235257e+00
9.090180361e+04 1.434855225e+00 1.431420343e+00 2.486633235e+00 2.486803061e+00 7.617781700e+00 7.612629681e+00
9.133466934e+04 1.469552238e+00 1.465978171e+00 2.463096806e+00 2.462985135e+00 7.606408746e+00 7.601179692e+00
9.176753507e+04 1.505154689e+00 1.501441429e+00 2.441289987e+00 2.440893467e+00 7.592257036e+00 7.586939534e+00
9.220040080e+04 1.541616327e+00 1.537764164e+00 2.421206119e+00 2.420521154e+00 7.575386530e+00 7.569968401e+00
9.263326653e+04 1.578886579e+00 1.574896122e+00 2.402838131e+00 2.401860853e+00 7.555862200e+00 7.550330453e+00
9.306613226e+04 1.616910444e+00 1.612782637e+00 2.386178596e+00 2.384904843e+00 7.533754057e+00 7.528094841e+00
9.349899800e+04 1.655628455e+00 1.651364593e+00 2.371219788e+00 2.369645080e+00 7.509137104e+00 7.503335647e+00
9.393186373e+04 1.694976715e+00 1.690578457e+00 2.357953718e+00 2.356073230e+00 7.482091231e+00 7.476131775e+00
9.436472946e+04 1.734886942e+00 1.730356323e+00 2.346372152e+00 2.344180686e+00 7.452701121e+00 7.446566854e+00
9.479759519e+04 1.775286571e+00 1.770626010e+00 2.336466614e+00 2.333958574e+00 7.421056107e+00 7.414729071e+00
9.523046092e+04 1.816098888e+00 1.811311196e+00 2.328228382e+00 2.325397742e+00 7.387250001e+00 7.380711006e+00
9.566332665e+04 1.857243254e+00 1.852331632e+00 2.321648467e+00 2.318488742e+00 7.351380850e+00 7.344609359e+00
9.609619238e+04 1.898635331e+00 1.893603375e+00 2.316717571e+00 2.313221783e+00 7.313550698e+00 7.306524697e+00
9.652905812e+04 1.940187397e+00 1.935039089e+00 2.313426045e+00 2.309586689e+00 7.273865298e+00 7.266561170e+00
9.696192385e+04 1.981808627e+00 1.976548333e+00 2.311763830e+00 2.307572835e+00 7.232433815e+00 7.224826177e+00
9.739478958e+04 2.023405475e+00 2.018037933e+00 2.311720395e+00 2.307169082e+00 7.189368461e+00 7.181429967e+00
9.782765531e+04 2.064882126e+00 2.059412430e+00 2.313284640e+00 2.308363682e+00 7.144784121e+00 7.136485242e+00
9.826052104e+04 2.106140947e+00 2.100574533e+00 2.316444817e+00 2.311144186e+00 7.098797905e+00 7.090106727e+00
9.869338677e+04 2.147082934e+00 2.141425558e+00 2.321188432e+00 2.315497349e+00 7.051528768e+00 7.042410672e+00
9.912625251e+04 2.187608222e+00 2.181865941e+00 2.327502141e+00 2.321409016e+00 7.003097059e+00 6.993514403e+00
9.955911824e+04 2.227616646e+00 2.221795787e+00 2.335371628e+00 2.328863998e+00 6.953624040e+00 6.943535788e+00
9.999198397e+04 2.267008260e+00 2.261115394e+00 2.344781498e+00 2.337845953e+00 6.903231436e+00 6.892592711e+00
1.004248497e+05 2.305683882e+00 2.299725794e+00 2.355715154e+00 2.348337258e+00 6.852040970e+00 6.840802541e+00
1.008577154e+05 2.343545718e+00 2.337529373e+00 2.368154657e+00 2.360318863e+00 6.800173840e+00 6.788281526e+00
1.012905812e+05 2.380497923e+00 2.374430432e+00 2.382080608e+00 2.373770153e+00 6.747750245e+00 6.735144202e+00
1.017234469e+05 2.416447105e+00 2.410335691e+00 2.397472022e+00 2.388668820e+00 6.694888964e+00 6.681502857e+00
1.021563126e+05 2.451302881e+00 2.445154842e+00 2.414306218e+00 2.404990732e+00 6.641706908e+00 6.627466919e+00
1.025891784e+05 2.484978371e+00 2.478801042e+00 2.432558673e+00 2.422709776e+00 6.588318652e+00 6.573142286e+00
1.030220441e+05 2.517390862e+00 2.511191582e+00 2.452202935e+00 2.441797746e+00 6.534836015e+00 6.518630702e+00
1.034549098e+05 2.548461980e+00 2.542248054e+00 2.473210474e+00 2.462224175e+00 6.481367661e+00 6.464029073e+00
1.038877756e+05 2.578118447e+00 2.571897116e+00 2.495550642e+00 2.483956272e+00 6.428018748e+00 6.409428711e+00
1.043206413e+05 2.606292243e+00 2.600070645e+00 2.519190541e+00 2.506958758e+00 6.374890539e+00 6.354914582e+00
1.047535070e+05 2.632921060e+00 2.626706206e+00 2.544094971e+00 2.531193780e+00 6.322080087e+00 6.300564357e+00
1.051863727e+05 2.657948566e+00 2.651747313e+00 2.570226375e+00 2.556620816e+00 6.269679923e+00 6.246447448e+00
1.056192385e+05 2.681324654e+00 2.675143684e+00 2.597544802e+00 2.583196590e+00 6.217777768e+00 6.192623794e+00
1.060521042e+05 2.703005629e+00 2.696851433e+00 2.626007889e+00 2.610875003e+00 6.166456257e+00 6.139142461e+00
1.064849699e+05 2.722954334e+00 2.716833204e+00 2.655570871e+00 2.639607074e+00 6.115792674e+00 6.086039866e+00
1.069178357e+05 2.741140217e+00 2.735058246e+00 2.686186613e+00 2.669340899e+00 6.065858685e+00 6.033337620e+00
1.073507014e+05 2.757539314e+00 2.751502407e+00 2.717805676e+00 2.700021629e+00 6.016720082e+00 5.981039772e+00
1.077835671e+05 2.772134155e+00 2.766148055e+00 2.750376411e+00 2.731591452e+00 5.968436478e+00 5.929129079e+00
1.082164329e+05 2.784913730e+00 2.778984061e+00 2.783845061e+00 2.763989572e+00 5.921060972e+00 5.877562490e+00
1.086492986e+05 2.795873020e+00 2.790005352e+00 2.818155996e+00 2.797152293e+00 5.874639745e+00 5.826264843e+00
1.090821643e+05 2.805012881e+00 2.799212827e+00 2.853251870e+00 2.831012993e+00 5.829211578e+00 5.775120812e+00
1.095150301e+05 2.812339539e+00 2.806612888e+00 2.889073921e+00 2.865502207e+00 5.784807151e+00 5.723963937e+00
1.099478958e+05 2.817864038e+00 2.812216939e+00 2.925562321e+00 2.900547705e+00 5.741448246e+00 5.672562764e+00
1.103807615e+05 2.821601573e+00 2.816040785e+00 2.962656594e+00 2.936074592e+00 5.699146611e+00 5.620602434e+00
1.108136273e+05 2.823570648e+00 2.818103873e+00 3.000296160e+00 2.972005456e+00 5.657902544e+00 5.567662029e+00
1.112464930e+05 2.823792059e+00 2.818428376e+00 3.038420980e+00 3.008260523e+00 5.617703122e+00 5.513187720e+00
1.116793587e+05 2.822287683e+00 2.817038102e+00 3.076972311e+00 3.044757811e+00 5.578520128e+00 5.456464539e+00
1.121122244e+05 2.819079052e+00 2.813957184e+00 3.115893645e+00 3.081413327e+00 5.540307895e+00 5.396594002e+00
1.125450902e+05 2.814185805e+00 2.809208620e+00 3.155131592e+00 3.118141010e+00 5.503001671e+00 5.332492580e+00
1.129779559e+05 2.807624155e+00 2.802812706e+00 3.194636701e+00 3.154852400e+00 5.466517571e+00 5.262937119e+00
1.134108216e+05 2.799405713e+00 2.794785620e+00 3.234363786e+00 3.191455500e+00 5.430755833e+00 5.186692144e+00
1.138436874e+05 2.789537286e+00 2.785138605e+00 3.274271233e+00 3.227852255e+00 5.395609215e+00 5.102746953e+00
1.142765531e+05 2.778022397e+00 2.773878463e+00 3.314318714e+00 3.263933955e+00 5.360977176e+00 5.010646806e+00
1.147094188e+05 2.764865216e+00 2.761010205e+00 3.354462964e+00 3.299574076e+00 5.326783181e+00 4.910811723e+00
1.151422846e+05 2.750076875e+00 2.746542341e+00 3.394652056e+00 3.334618782e+00 5.292988372e+00 4.804654657e+00
1.155751503e+05 2.733682762e+00 2.730494112e+00 3.434819645e+00 3.368876277e+00 5.259593862e+00 4.694347953e+00
1.160080160e+05 2.715728362e+00 2.712902545e+00 3.474880923e+00 3.402106391e+00 5.226629566e+00 4.582293389e+00
1.164408818e+05 2.696281418e+00 2.693826595e+00 3.514731240e+00 3.434010988e+00 5.194136019e+00 4.470568981e+00
1.168737475e+05 2.675430040e+00 2.673347004e+00 3.554246703e+00 3.464224117e+00 5.162148958e+00 4.360623650e+00
1.173066132e+05 2.653278395e+00 2.651562760e+00 3.593285070e+00 3.492299887e+00 5.130691894e+00 4.253278505e+00
1.177394790e+05 2.629942294e+00 2.628586490e+00 3.631685467e+00 3.517696387e+00 5.099775399e+00 4.148903622e+00
1.181723447e+05 2.605546067e+00 2.604540706e+00 3.669266298e+00 3.539755267e+00 5.069399181e+00 4.047614249e+00
1.186052104e+05 2.580221124e+00 2.579555734e+00 3.705821562e+00 3.557678305e+00 5.039554154e+00 3.949408256e+00
1.190380762e+05 2.554105786e+00 2.553769113e+00 3.741116331e+00 3.570505077e+00 5.010223560e+00 3.854239572e+00
1.194709419e+05 2.527345843e+00 2.527325929e+00 3.774882576e+00 3.577099344e+00 4.981383270e+00 3.762050215e+00
1.199038076e+05 2.500095321e+00 2.500379476e+00 3.806817313e+00 3.576157906e+00 4.953001694e+00 3.672782167e+00
1.203366733e+05 2.472516896e+00 2.473091626e+00 3.836586122e+00 3.566263071e+00 4.925039698e+00 3.586381173e+00
1.207695391e+05 2.444781297e+00 2.445632220e+00 3.863836137e+00 3.546004511e+00 4.897450882e+00 3.502797425e+00
1.212024048e+05 2.417064849e+00 2.418176626e+00 3.888222652e+00 3.514191364e+00 4.870182621e+00 3.421984686e+00
1.216352705e+05 2.389544376e+00 2.390900680e+00 3.909450782e+00 3.470147289e+00 4.843178211e+00 3.343898103e+00
1.220681363e+05 2.362389131e+00 2.363972689e+00 3.927326646e+00 3.414024705e+00 4.816380302e+00 3.268490791e+00
1.225010020e+05 2.335750528e+00 2.337543258e+00 3.941802958e+00 3.347010140e+00 4.789735353e+00 3.195709671e+00
1.229338677e+05 2.309751890e+00 2.311735151e+00 3.952997985e+00 3.271276817e+00 4.763198235e+00 3.125491595e+00
1.233667335e+05 2.284481290e+00 2.286636232e+00 3.961173648e+00 3.189631543e+00 4.736735733e+00 3.057761086e+00
1.237995992e+05 2.259989941e+00 2.262297910e+00 3.966678135e+00 3.104970061e+00 4.710327838e+00 2.992430629e+00
1.242324649e+05 2.236296430e+00 2.238739345e+00 3.969877572e+00 3.019771931e+00 4.683966616e+00 2.929403408e+00
1.246653307e+05 2.213394729e+00 2.215955393e+00 3.971103805e+00 2.935823981e+00 4.657653369e+00 2.868577433e+00
1.250981964e+05 2.191263076e+00 2.193925367e+00 3.970630752e+00 2.854207080e+00 4.631395278e+00 2.809849688e+00
1.255310621e+05 2.169871393e+00 2.172620357e+00 3.968674774e+00 2.775450532e+00 4.605202513e+00 2.753119340e+00
1.259639279e+05 2.149186342e+00 2.152008188e+00 3.965406765e+00 2.699729493e+00 4.579086229e+00 2.698289708e+00
1.263967936e+05 2.129174221e+00 2.132056274e+00 3.960965752e+00 2.627026897e+00 4.553057423e+00 2.645269191e+00
1.268296593e+05 2.109802380e+00 2.112733002e+00 3.955469317e+00 2.557237676e+00 4.527126388e+00 2.593971512e+00
1.272625251e+05 2.091039787e+00 2.094008288e+00 3.949020165e+00 2.490224802e+00 4.501302518e+00 2.544315602e+00
1.276953908e+05 2.072857170e+00 2.075853721e+00 3.941709882e+00 2.425845175e+00 4.475594281e+00 2.496225322e+00
1.281282565e+05 2.055226991e+00 2.058242543e+00 3.933621064e+00 2.363959964e+00 4.450009264e+00 2.449629132e+00
1.285611222e+05 2.038123350e+00 2.041149560e+00 3.924828609e+00 2.304437951e+00 4.424554238e+00 2.404459772e+00
1.289939880e+05 2.021521883e+00 2.024551044e+00 3.915400635e+00 2.247156210e+00 4.399235232e+00 2.360653945e+00
1.294268537e+05 2.005399651e+00 2.008424634e+00 3.905399179e+00 2.191999818e+00 4.374057597e+00 2.318152038e+00
1.298597194e+05 1.989735044e+00 1.992749243e+00 3.894880815e+00 2.138861336e+00 4.349026069e+00 2.276897857e+00
1.302925852e+05 1.974507689e+00 1.977504968e+00 3.883897174e+00 2.087640248e+00 4.324144822e+00 2.236838384e+00
1.307254509e+05 1.959698361e+00 1.962673013e+00 3.872495418e+00 2.038242415e+00 4.299417523e+00 2.197923561e+00
1.311583166e+05 1.945288911e+00 1.948235614e+00 3.860718654e+00 1.990579595e+00 4.274847372e+00 2.160106086e+00
1.315911824e+05 1.931262188e+00 1.934175971e+00 3.848606313e+00 1.944568997e+00 4.250437150e+00 2.123341226e+00
1.320240481e+05 1.917601977e+00 1.920478184e+00 3.836194487e+00 1.900132868e+00 4.226189252e+00 2.087586645e+00
1.324569138e+05 1.904292934e+00 1.907127197e+00 3.823516234e+00 1.857198113e+00 4.202105722e+00 2.052802244e+00
1.328897796e+05 1.891320530e+00 1.894108739e+00 3.810601847e+00 1.815695964e+00 4.178188290e+00 2.018950019e+00
1.333226453e+05 1.878671003e+00 1.881409280e+00 3.797479098e+00 1.775561665e+00 4.154438390e+00 1.985993925e+00
1.337555110e+05 1.866331303e+00 1.869015980e+00 3.784173461e+00 1.736734195e+00 4.130857195e+00 1.953899749e+00
1.341883768e+05 1.854289051e+00 1.856916650e+00 3.770708311e+00 1.699155998e+00 4.107445635e+00 1.922635002e+00
1.346212425e+05 1.842532497e+00 1.845099709e+00 3.757105102e+00 1.662772752e+00 4.084204423e+00 1.892168806e+00
1.350541082e+05 1.831050481e+00 1.833554148e+00 3.743383538e+00 1.627533137e+00 4.061134070e+00 1.862471795e+00
1.354869739e+05 1.819832396e+00 1.822269497e+00 3.729561713e+00 1.593388641e+00 4.038234906e+00 1.833516029e+00
1.359198397e+05 1.808868155e+00 1.811235789e+00 3.715656252e+00 1.560293371e+00 4.015507096e+00 1.805274903e+00
1.363527054e+05 1.798148163e+00 1.800443534e+00 3.701682427e+00 1.528203885e+00 3.992950653e+00 1.777723072e+00
1.367855711e+05 1.787663283e+00 1.789883691e+00 3.687654274e+00 1.497079023e+00 3.970565453e+00 1.750836375e+00
1.372184369e+05 1.777404815e+00 1.779547639e+00 3.673584694e+00 1.466879770e+00 3.948351251e+00 1.724591765e+00
1.376513026e+05 1.767364464e+00 1.769427155e+00 3.659485537e+00 1.437569119e+00 3.926307684e+00 1.698967251e+00
1.380841683e+05 1.757534324e+00 1.759514393e+00 3.645367696e+00 1.409111933e+00 3.904434290e+00 1.673941835e+00
1.385170341e+05 1.747906851e+00 1.749801859e+00 3.631241176e+00 1.381474866e+00 3.882730512e+00 1.649495455e+00
1.389498998e+05 1.738474845e+00 1.740282394e+00 3.617115172e+00 1.354626209e+00 3.861195712e+00 1.625608934e+00
1.393827655e+05 1.729231430e+00 1.730949155e+00 3.602998123e+00 1.328535775e+00 3.839829172e+00 1.602263935e+00
1.398156313e+05 1.720170038e+00 1.721795597e+00 3.588897775e+00 1.303174918e+00 3.818630107e+00 1.579442914e+00
1.402484970e+05 1.711284389e+00 1.712815460e+00 3.574821243e+00 1.278516333e+00 3.797597670e+00 1.557129076e+00
1.406813627e+05 1.702568478e+00 1.704002748e+00 3.560775047e+00 1.254533988e+00 3.776730960e+00 1.535306334e+00
1.411142285e+05 1.694016562e+00 1.695351719e+00 3.546765164e+00 1.231203101e+00 3.756029023e+00 1.513959277e+00
1.415470942e+05 1.685623141e+00 1.686856870e+00 3.532797072e+00 1.208500038e+00 3.735490862e+00 1.493073129e+00
1.419799599e+05 1.677382950e+00 1.678512925e+00 3.518875786e+00 1.186402249e+00 3.715115440e+00 1.472633721e+00
1.424128257e+05 1.669290943e+00 1.670314823e+00 3.505005886e+00 1.164888204e+00 3.694901685e+00 1.452627458e+00
1.428456914e+05 1.661342287e+00 1.662257708e+00 3.491191561e+00 1.143937359e+00 3.674848493e+00 1.433041293e+00
1.432785571e+05 1.653532348e+00 1.654336917e+00 3.477436617e+00 1.123530061e+00 3.654954731e+00 1.413862697e+00
1.437114228e+05 1.645856679e+00 1.646547971e+00 3.463744551e+00 1.103647580e+00 3.635219246e+00 1.395079633e+00
1.441442886e+05 1.638311015e+00 1.638886563e+00 3.450118497e+00 1.084271907e+00 3.615640855e+00 1.376680536e+00
1.445771543e+05 1.630891259e+00 1.631348552e+00 3.436561365e+00 1.065385932e+00 3.596218371e+00 1.358654281e+00
1.450100200e+05 1.623593479e+00 1.623929957e+00 3.423075731e+00 1.046973164e+00 3.576950575e+00 1.340990172e+00
1.454428858e+05 1.616413894e+00 1.616626940e+00 3.409663958e+00 1.029017910e+00 3.557836251e+00 1.323677918e+00
1.458757515e+05 1.609348875e+00 1.609435812e+00 3.396328178e+00 1.011505053e+00 3.538874160e+00 1.306707612e+00
1.463086172e+05 1.602394931e+00 1.602353013e+00 3.383070268e+00 9.944201623e-01 3.520063056e+00 1.290069716e+00
1.467414830e+05 1.595548702e+00 1.595375113e+00 3.369891964e+00 9.777493831e-01 3.501401695e+00 1.273755044e+00
1.471743487e+05 1.588806959e+00 1.588498805e+00 3.356794775e+00 9.614794289e-01 3.482888817e+00 1.257754743e+00
1.476072144e+05 1.582166592e+00 1.581720895e+00 3.343780056e+00 9.455975489e-01 3.464523165e+00 1.242060282e+00
1.480400802e+05 1.575624605e+00 1.575038301e+00 3.330849001e+00 9.300915049e-01 3.446303478e+00 1.226663431e+00
1.484729459e+05 1.569178117e+00 1.568448044e+00 3.318002655e+00 9.149495479e-01 3.428228494e+00 1.211556257e+00
1.489058116e+05 1.562824347e+00 1.561947246e+00 3.305241926e+00 9.001603926e-01 3.410296952e+00 1.196731104e+00
1.493386774e+05 1.556560619e+00 1.555533121e+00 3.292567598e+00 8.857131941e-01 3.392507591e+00 1.182180584e+00
1.497715431e+05 1.550384350e+00 1.549202977e+00 3.279980337e+00 8.715975270e-01 3.374859156e+00 1.167897563e+00
1.502044088e+05 1.544293050e+00 1.542954201e+00 3.267480700e+00 8.578033653e-01 3.357350394e+00 1.153875150e+00
1.506372745e+05 1.538284316e+00 1.536784267e+00 3.255069140e+00 8.443210738e-01 3.339980055e+00 1.140106693e+00
1.510701403e+05 1.532355828e+00 1.530690722e+00 3.242746022e+00 8.311413730e-01 3.322746895e+00 1.126585762e+00
1.515030060e+05 1.526505349e+00 1.524671188e+00 3.230511622e+00 8.182553315e-01 3.305649679e+00 1.113306139e+00
1.519358717e+05 1.520730713e+00 1.518723352e+00 3.218366138e+00 8.056543464e-01 3.288687176e+00 1.100261811e+00
1.523687375e+05 1.515029829e+00 1.512844970e+00 3.206309693e+00 7.933301323e-01 3.271858162e+00 1.087446963e+00
1.528016032e+05 1.509400680e+00 1.507033858e+00 3.194342339e+00 7.812747118e-01 3.255161423e+00 1.074855973e+00
1.532344689e+05 1.503841311e+00 1.501287892e+00 3.182464067e+00 7.694803961e-01 3.238595752e+00 1.062483397e+00
1.536673347e+05 1.498349834e+00 1.495605004e+00 3.170674807e+00 7.579397747e-01 3.222159950e+00 1.050323971e+00
1.541002004e+05 1.492924422e+00 1.489983176e+00 3.158974434e+00 7.466456999e-01 3.205852830e+00 1.038372595e+00
1.545330661e+05 1.487563307e+00 1.484420440e+00 3.147362778e+00 7.355912775e-01 3.189673213e+00 1.026624329e+00
1.549659319e+05 1.482264776e+00 1.478914874e+00 3.135839616e+00 7.247698566e-01 3.173619929e+00 1.015074391e+00
1.553987976e+05 1.477027169e+00 1.473464599e+00 3.124404688e+00 7.141750124e-01 3.157691821e+00 1.003718142e+00
1.558316633e+05 1.471848880e+00 1.468067775e+00 3.113057691e+00 7.038005512e-01 3.141887740e+00 9.925510910e-01
1.562645291e+05 1.466728350e+00 1.462722599e+00 3.101798291e+00 6.936404814e-01 3.126206551e+00 9.815688803e-01
1.566973948e+05 1.461664069e+00 1.457427307e+00 3.090626113e+00 6.836890273e-01 3.110647128e+00 9.707672892e-01
1.571302605e+05 1.456654571e+00 1.452180162e+00 3.079540759e+00 6.739405994e-01 3.095208357e+00 9.601422197e-01
1.575631263e+05 1.451698434e+00 1.446979458e+00 3.068541797e+00 6.643898043e-01 3.079889135e+00 9.496897006e-01
1.579959920e+05 1.446794276e+00 1.441823518e+00 3.057628773e+00 6.550314233e-01 3.064688372e+00 9.394058761e-01
1.584288577e+05 1.441940758e+00 1.436710685e+00 3.046801208e+00 6.458604146e-01 3.049604990e+00 9.292870061e-01
1.588617234e+05 1.437136576e+00 1.431639327e+00 3.036058603e+00 6.368718996e-01 3.034637922e+00 9.193294587e-01
1.592945892e+05 1.432380463e+00 1.426607828e+00 3.025400436e+00 6.280611617e-01 3.019786114e+00 9.095297090e-01
1.597274549e+05 1.427671187e+00 1.421614591e+00 3.014826171e+00 6.194236358e-01 3.005048524e+00 8.998843329e-01
1.601603206e+05 1.423007549e+00 1.416658031e+00 3.004335256e+00 6.109549025e-01 2.990424124e+00 8.903900040e-01
1.605931864e+05 1.418388382e+00 1.411736573e+00 2.993927122e+00 6.026506888e-01 2.975911897e+00 8.810434932e-01
1.610260521e+05 1.413812548e+00 1.406848653e+00 2.983601191e+00 5.945068505e-01 2.961510840e+00 8.718416589e-01
1.614589178e+05 1.409278939e+00 1.401992710e+00 2.973356868e+00 5.865193829e-01 2.947219963e+00 8.627814526e-01
1.618917836e+05 1.404786474e+00 1.397167186e+00 2.963193553e+00 5.786844000e-01 2.933038287e+00 8.538599072e-01
1.623246493e+05 1.400334100e+00 1.392370525e+00 2.953110634e+00 5.709981410e-01 2.918964848e+00 8.450741401e-01
1.627575150e+05 1.395920785e+00 1.387601166e+00 2.943107490e+00 5.634569622e-01 2.904998696e+00 8.364213485e-01
1.631903808e+05 1.391545524e+00 1.382857543e+00 2.933183497e+00 5.560573298e-01 2.891138893e+00 8.278988052e-01
1.636232465e+05 1.387207334e+00 1.378138080e+00 2.923338020e+00 5.487958222e-01 2.877384514e+00 8.195038597e-01
1.640561122e+05 1.382905252e+00 1.373441190e+00 2.913570420e+00 5.416691175e-01 2.863734648e+00 8.112339308e-01
1.644889780e+05 1.378638336e+00 1.368765270e+00 2.903880057e+00 5.346739995e-01 2.850188399e+00 8.030865098e-01
1.649218437e+05 1.374405662e+00 1.364108700e+00 2.894266286e+00 5.278073446e-01 2.836744884e+00 7.950591529e-01
1.653547094e+05 1.370206326e+00 1.359469835e+00 2.884728457e+00 5.210661247e-01 2.823403232e+00 7.871494828e-01
1.657875752e+05 1.366039437e+00 1.354847006e+00 2.875265918e+00 5.144474027e-01 2.810162589e+00 7.793551853e-01
1.662204409e+05 1.361904123e+00 1.350238513e+00 2.865878016e+00 5.079483262e-01 2.797022114e+00 7.716740065e-01
1.666533066e+05 1.357799525e+00 1.345642622e+00 2.856564102e+00 5.015661301e-01 2.783980980e+00 7.641037539e-01
1.670861723e+05 1.353724797e+00 1.341057564e+00 2.847323524e+00 4.952981269e-01 2.771038374e+00 7.566422899e-01
1.675190381e+05 1.349679107e+00 1.336481523e+00 2.838155622e+00 4.891417113e-01 2.758193499e+00 7.492875344e-01
1.679519038e+05 1.345661631e+00 1.331912639e+00 2.829059742e+00 4.830943516e-01 2.745445572e+00 7.420374603e-01
1.683847695e+05 1.341671558e+00 1.327349003e+00 2.820035234e+00 4.771535889e-01 2.732793826e+00 7.348900934e-01
1.688176353e+05 1.337708086e+00 1.322788646e+00 2.811081456e+00 4.713170345e-01 2.720237508e+00 7.278435115e-01
1.692505010e+05 1.333770420e+00 1.318229542e+00 2.802197762e+00 4.655823677e-01 2.707775880e+00 7.208958403e-01
1.696833667e+05 1.329857770e+00 1.313669590e+00 2.793383488e+00 4.599473447e-01 2.695408221e+00 7.140452529e-01
1.701162325e+05 1.325969356e+00 1.309106624e+00 2.784637982e+00 4.544097798e-01 2.683133827e+00 7.072899685e-01
1.705490982e+05 1.322104400e+00 1.304538392e+00 2.775960644e+00 4.489675143e-01 2.670952007e+00 7.006282561e-01
1.709819639e+05 1.318262127e+00 1.299962563e+00 2.767350802e+00 4.436185199e-01 2.658862088e+00 6.940584248e-01
1.714148297e+05 1.314441767e+00 1.295376721e+00 2.758807833e+00 4.383607647e-01 2.646863416e+00 6.875788271e-01
1.718476954e+05 1.310642548e+00 1.290778344e+00 2.750331106e+00 4.331923119e-01 2.634955351e+00 6.811878579e-01
1.722805611e+05 1.306863701e+00 1.286164808e+00 2.741919992e+00 4.281112513e-01 2.623137272e+00 6.748839516e-01
1.727134269e+05 1.303104455e+00 1.281533378e+00 2.733573870e+00 4.231157456e-01 2.611408577e+00 6.686655843e-01
1.731462926e+05 1.299364035e+00 1.276881198e+00 2.725292120e+00 4.182039972e-01 2.599768679e+00 6.625312676e-01
1.735791583e+05 1.295641665e+00 1.272205289e+00 2.717074130e+00 4.133742648e-01 2.588217012e+00 6.564795534e-01
1.740120240e+05 1.291936562e+00 1.267502537e+00 2.708919289e+00 4.086248518e-01 2.576753031e+00 6.505090283e-01
1.744448898e+05 1.288247940e+00 1.262769688e+00 2.700826993e+00 4.039541098e-01 2.565376207e+00 6.446183156e-01
1.748777555e+05 1.284575003e+00 1.258003339e+00 2.692796642e+00 3.993604357e-01 2.554086033e+00 6.388060731e-01
1.753106212e+05 1.280916949e+00 1.253199932e+00 2.684827643e+00 3.948422708e-01 2.542882023e+00 6.330709926e-01
1.757434870e+05 1.277272964e+00 1.248355746e+00 2.676919406e+00 3.903980992e-01 2.531763711e+00 6.274117996e-01
1.761763527e+05 1.273642225e+00 1.243466893e+00 2.669071346e+00 3.860264469e-01 2.520730655e+00 6.218272516e-01
1.766092184e+05 1.270023898e+00 1.238529308e+00 2.661282887e+00 3.817258808e-01 2.509782433e+00 6.163161383e-01
1.770420842e+05 1.266417133e+00 1.233538745e+00 2.653553454e+00 3.774950069e-01 2.498918647e+00 6.108772804e-01
1.774749499e+05 1.262821070e+00 1.228490770e+00 2.645882482e+00 3.733324699e-01 2.488138922e+00 6.055095289e-01
1.779078156e+05 1.259234829e+00 1.223380762e+00 2.638269409e+00 3.692369515e-01 2.477442909e+00 6.002117645e-01
1.783406814e+05 1.255657518e+00 1.218203910e+00 2.630713679e+00 3.652071707e-01 2.466830281e+00 5.949828976e-01
1.787735471e+05 1.252088226e+00 1.212955208e+00 2.623214743e+00 3.612418811e-01 2.456300738e+00 5.898218663e-01
1.792064128e+05 1.248526026e+00 1.207629466e+00 2.615772058e+00 3.573398710e-01 2.445854006e+00 5.847276374e-01
1.796392786e+05 1.244969970e+00 1.202221300e+00 2.608385085e+00 3.534999616e-01 2.435489837e+00 5.796992042e-01
1.800721443e+05 1.241419094e+00 1.196725156e+00 2.601053295e+00 3.497210078e-01 2.425208010e+00 5.747355875e-01
1.805050100e+05 1.237872416e+00 1.191135315e+00 2.593776162e+00 3.460018958e-01 2.415008332e+00 5.698358340e-01
1.809378758e+05 1.234328935e+00 1.185445904e+00 2.586553166e+00 3.423415432e-01 2.404890636e+00 5.649990165e-01
1.813707415e+05 1.230787632e+00 1.179650921e+00 2.579383794e+00 3.387388976e-01 2.394854785e+00 5.602242325e-01
1.818036072e+05 1.227247472e+00 1.173744259e+00 2.572267541e+00 3.351929358e-01 2.384900668e+00 5.555106044e-01
1.822364729e+05 1.223707405e+00 1.167719728e+00 2.565203906e+00 3.317026629e-01 2.375028204e+00 5.508572782e-01
1.826693387e+05 1.220166367e+00 1.161571104e+00 2.558192393e+00 3.282671117e-01 2.365237337e+00 5.462634231e-01
1.831022044e+05 1.216623283e+00 1.155292172e+00 2.551232516e+00 3.248853416e-01 2.355528042e+00 5.417282312e-01
1.835350701e+05 1.213077069e+00 1.148876764e+00 2.544323790e+00 3.215564379e-01 2.345900319e+00 5.372509162e-01
1.839679359e+05 1.209526636e+00 1.142318837e+00 2.537465741e+00 3.182795106e-01 2.336354194e+00 5.328307134e-01
1.844008016e+05 1.205970897e+00 1.135612531e+00 2.530657898e+00 3.150536942e-01 2.326889718e+00 5.284668783e-01
1.848336673e+05 1.202408767e+00 1.128752230e+00 2.523899795e+00 3.118781460e-01 2.317506966e+00 5.241586861e-01
1.852665331e+05 1.198839170e+00 1.121732668e+00 2.517190974e+00 3.087520451e-01 2.308206034e+00 5.199054308e-01
1.856993988e+05 1.195261050e+00 1.114549011e+00 2.510530980e+00 3.056745920e-01 2.298987038e+00 5.157064240e-01
1.861322645e+05 1.191673370e+00 1.107196948e+00 2.503919364e+00 3.026450071e-01 2.289850110e+00 5.115609944e-01
1.865651303e+05 1.188075126e+00 1.099672788e+00 2.497355684e+00 2.996625302e-01 2.280795398e+00 5.074684860e-01
1.869979960e+05 1.184465351e+00 1.091973570e+00 2.490839498e+00 2.967264180e-01 2.271823059e+00 5.034282577e-01
1.874308617e+05 1.180843128e+00 1.084097170e+00 2.484370373e+00 2.938359433e-01 2.262933258e+00 4.994396814e-01
1.878637275e+05 1.177207593e+00 1.076042404e+00 2.477947877e+00 2.909903968e-01 2.254126161e+00 4.955021415e-01
1.882965932e+05 1.173557949e+00 1.067809120e+00 2.471571583e+00 2.881890808e-01 2.245401934e+00 4.916150329e-01
1.887294589e+05 1.169893474e+00 1.059398306e+00 2.465241068e+00 2.854313120e-01 2.236760736e+00 4.877777600e-01
1.891623246e+05 1.166213528e+00 1.050812155e+00 2.458955910e+00 2.827164177e-01 2.228202713e+00 4.839897350e-01
1.895951904e+05 1.162517562e+00 1.042054133e+00 2.452715691e+00 2.800437362e-01 2.219727995e+00 4.802503767e-01
1.900280561e+05 1.158805127e+00 1.033129042e+00 2.446519996e+00 2.774126153e-01 2.211336690e+00 4.765591094e-01
1.904609218e+05 1.155075881e+00 1.024043019e+00 2.440368410e+00 2.748224115e-01 2.203028875e+00 4.729153608e-01
1.908937876e+05 1.151329590e+00 1.014803546e+00 2.434260520e+00 2.722724844e-01 2.194804595e+00 4.693185609e-01
1.913266533e+05 1.147566136e+00 1.005419432e+00 2.428195917e+00 2.697622043e-01 2.186663856e+00 4.657681412e-01
1.917595190e+05 1.143785520e+00 9.959007503e-01 2.422174189e+00 2.672909432e-01 2.178606619e+00 4.622635330e-01
1.921923848e+05 1.139987858e+00 9.862587537e-01 2.416194927e+00 2.648580780e-01 2.170632797e+00 4.588041667e-01
1.926252505e+05 1.136173382e+00 9.765057631e-01 2.410257722e+00 2.624629888e-01 2.162742248e+00 4.553894703e-01
1.930581162e+05 1.132342440e+00 9.666550262e-01 2.404362167e+00 2.601050581e-01 2.154934778e+00 4.520188696e-01
1.934909820e+05 1.128495484e+00 9.567205599e-01 2.398507853e+00 2.577836705e-01 2.147210129e+00 4.486917866e-01
1.939238477e+05 1.124633068e+00 9.467169678e-01 2.392694373e+00 2.554982126e-01 2.139567984e+00 4.454076399e-01
1.943567134e+05 1.120755839e+00 9.366592490e-01 2.386921320e+00 2.532480723e-01 2.132007966e+00 4.421658441e-01
1.947895792e+05 1.116864526e+00 9.265625974e-01 2.381188286e+00 2.510326395e-01 2.124529633e+00 4.389658100e-01
1.952224449e+05 1.112959929e+00 9.164422011e-01 2.375494867e+00 2.488513056e-01 2.117132481e+00 4.358069445e-01
1.956553106e+05 1.109042911e+00 9.063130488e-01 2.369840656e+00 2.467034642e-01 2.109815949e+00 4.326886514e-01
1.960881764e+05 1.105114382e+00 8.961897459e-01 2.364225250e+00 2.445885112e-01 2.102579416e+00 4.296103317e-01
1.965210421e+05 1.101175289e+00 8.860863294e-01 2.358648245e+00 2.425058456e-01 2.095422206e+00 4.265713839e-01
1.969539078e+05 1.097226606e+00 8.760161451e-01 2.353109240e+00 2.404548696e-01 2.088343591e+00 4.235712053e-01
1.973867735e+05 1.093269323e+00 8.659917136e-01 2.347607835e+00 2.384349898e-01 2.081342798e+00 4.206091928e-01
1.978196393e+05 1.089304433e+00 8.560246361e-01 2.342143633e+00 2.364456176e-01 2.074419010e+00 4.176847438e-01
1.982525050e+05 1.085332927e+00 8.461255147e-01 2.336716237e+00 2.344861698e-01 2.067571372e+00 4.147972568e-01
1.986853707e+05 1.081355783e+00 8.363039168e-01 2.331325256e+00 2.325560696e-01 2.060798997e+00 4.119461329e-01
1.991182365e+05 1.077373962e+00 8.265683500e-01 2.325970299e+00 2.306547468e-01 2.054100968e+00 4.091307766e-01
1.995511022e+05 1.073388402e+00 8.169262653e-01 2.320650979e+00 2.287816388e-01 2.047476346e+00 4.063505963e-01
1.999839679e+05 1.069400009e+00 8.073840814e-01 2.315366912e+00 2.269361910e-01 2.040924174e+00 4.036050058e-01
2.004168337e+05 1.065409662e+00 7.979472262e-01 2.310117720e+00 2.251178578e-01 2.034443478e+00 4.008934249e-01
2.008496994e+05 1.061418204e+00 7.886201905e-01 2.304903024e+00 2.233261022e-01 2.028033276e+00 3.982152799e-01
2.012825651e+05 1.057426442e+00 7.794065914e-01 2.299722453e+00 2.215603971e-01 2.021692582e+00 3.955700046e-01
2.017154309e+05 1.053435149e+00 7.703092437e-01 2.294575638e+00 2.198202248e-01 2.015420403e+00 3.929570407e-01
2.021482966e+05 1.049445060e+00 7.613302357e-01 2.289462214e+00 2.181050781e-01 2.009215750e+00 3.903758382e-01
2.025811623e+05 1.045456878e+00 7.524710047e-01 2.284381821e+00 2.164144598e-01 2.003077635e+00 3.878258560e-01
2.030140281e+05 1.041471267e+00 7.437324133e-01 2.279334101e+00 2.147478832e-01 1.997005079e+00 3.853065623e-01
2.034468938e+05 1.037488861e+00 7.351148225e-01 2.274318704e+00 2.131048722e-01 1.990997108e+00 3.828174344e-01
2.038797595e+05 1.033510259e+00 7.266181614e-01 2.269335281e+00 2.114849610e-01 1.985052759e+00 3.803579594e-01
2.043126253e+05 1.029536033e+00 7.182419929e-01 2.264383488e+00 2.098876945e-01 1.979171080e+00 3.779276339e-01
2.047454910e+05 1.025566723e+00 7.099855711e-01 2.259462986e+00 2.083126277e-01 1.973351131e+00 3.755259644e-01
2.051783567e+05 1.021602842e+00 7.018478937e-01 2.254573440e+00 2.067593262e-01 1.967591986e+00 3.731524669e-01
2.056112224e+05 1.017644877e+00 6.938277506e-01 2.249714519e+00 2.052273656e-01 1.961892733e+00 3.708066674e-01
2.060440882e+05 1.013693293e+00 6.859237638e-01 2.244885897e+00 2.037163316e-01 1.956252473e+00 3.684881013e-01
2.064769539e+05 1.009748528e+00 6.781344256e-01 2.240087250e+00 2.022258199e-01 1.950670324e+00 3.661963138e-01
2.069098196e+05 1.005811001e+00 6.704581296e-01 2.235318259e+00 2.007554347e-01 1.945145418e+00 3.639308592e-01
2.073426854e+05 1.001881110e+00 6.628931830e-01 2.230578615e+00 1.993047931e-01 1.939676904e+00 3.616913013e-01
2.077755511e+05 9.979592321e-01 6.554378778e-01 2.225867998e+00 1.978735134e-01 1.934263942e+00 3.594772130e-01
2.082084168e+05 9.940457284e-01 6.480904100e-01 2.221186113e+00 1.964612357e-01 1.928905714e+00 3.572881760e-01
2.086412826e+05 9.901409408e-01 6.408490148e-01 2.216532651e+00 1.950675966e-01 1.923601413e+00 3.551237810e-01
2.090741483e+05 9.862451950e-01 6.337118927e-01 2.211907316e+00 1.936922481e-01 1.918350247e+00 3.529836273e-01
2.095070140e+05 9.823588017e-01 6.266772528e-01 2.207309813e+00 1.923348485e-01 1.913151441e+00 3.508673227e-01
2.099398798e+05 9.784820575e-01 6.197433149e-01 2.202739852e+00 1.909950640e-01 1.908004233e+00 3.487744823e-01
2.103727455e+05 9.746152442e-01 6.129083155e-01 2.198197146e+00 1.896725690e-01 1.902907874e+00 3.467047300e-01
2.108056112e+05 9.707586309e-01 6.061705101e-01 2.193681412e+00 1.883670451e-01 1.897861632e+00 3.446576966e-01
2.112384770e+05 9.669124754e-01 5.995281780e-01 2.189192371e+00 1.870781808e-01 1.892864784e+00 3.426330202e-01
2.116713427e+05 9.630770185e-01 5.929796307e-01 2.184729748e+00 1.858056739e-01 1.887916627e+00 3.406303486e-01
2.121042084e+05 9.592524905e-01 5.865232076e-01 2.180293270e+00 1.845492289e-01 1.883016470e+00 3.386493361e-01
2.125370741e+05 9.554391112e-01 5.801572794e-01 2.175882670e+00 1.833085571e-01 1.878163633e+00 3.366896440e-01
2.129699399e+05 9.516370899e-01 5.738802441e-01 2.171497683e+00 1.820833751e-01 1.873357451e+00 3.347509398e-01
2.134028056e+05 9.478466260e-01 5.676905365e-01 2.167138048e+00 1.808734072e-01 1.868597269e+00 3.328328982e-01
2.138356713e+05 9.440679089e-01 5.615866217e-01 2.162803504e+00 1.796783838e-01 1.863882442e+00 3.309352002e-01
2.142685371e+05 9.403011176e-01 5.555669916e-01 2.158493800e+00 1.784980404e-01 1.859212343e+00 3.290575331e-01
2.147014028e+05 9.365464224e-01 5.496301733e-01 2.154208683e+00 1.773321194e-01 1.854586353e+00 3.271995907e-01
2.151342685e+05 9.328039845e-01 5.437747256e-01 2.149947907e+00 1.761803694e-01 1.850003865e+00 3.253610732e-01
2.155671343e+05 9.290739566e-01 5.379992347e-01 2.145711224e+00 1.750425438e-01 1.845464282e+00 3.235416864e-01
2.160000000e+05 9.253564829e-01 5.323023182e-01 2.141498395e+00 1.739184021e-01 1.840967019e+00 3.217411420e-01
