time            A               B               C               ReactCBC        ProduceBCC     
0.000000000e+00 1.100000000e+01 1.000000000e+01 3.000000000e+00 2.000000000e+02 2.000000000e+02
3.006012024e+01 8.798952097e+00 8.850765827e+00 2.635356533e+00 1.992255250e+02 1.995143937e+02
6.012024048e+01 8.461657079e+00 9.613483365e+00 2.860368775e+00 1.988738184e+02 1.989443939e+02
9.018036072e+01 8.107103231e+00 1.035968263e+01 3.116404808e+00 1.984633413e+02 1.983241001e+02
1.202404810e+02 7.744459722e+00 1.107377320e+01 3.408633443e+00 1.979859815e+02 1.976466015e+02
1.503006012e+02 7.383244484e+00 1.174007961e+01 3.742560825e+00 1.974330373e+02 1.969043910e+02
1.803607214e+02 7.032699498e+00 1.234294420e+01 4.123781664e+00 1.967954447e+02 1.960895702e+02
2.104208417e+02 6.701429925e+00 1.286739067e+01 4.557750546e+00 1.960641015e+02 1.951941077e+02
2.404809619e+02 6.397153606e+00 1.329980584e+01 5.049450589e+00 1.952303346e+02 1.942102157e+02
2.705410822e+02 6.126578184e+00 1.362862022e+01 5.602947475e+00 1.942865154e+02 1.931308558e+02
3.006012024e+02 5.895403027e+00 1.384497434e+01 6.220829030e+00 1.932268147e+02 1.919503658e+02
3.306613226e+02 5.708427775e+00 1.394334960e+01 6.903550802e+00 1.920480521e+02 1.906651768e+02
3.607214429e+02 5.569738887e+00 1.392212619e+01 7.648736196e+00 1.907505582e+02 1.892745555e+02
3.907815631e+02 5.482942261e+00 1.378400889e+01 8.450506400e+00 1.893389328e+02 1.877812757e+02
4.208416834e+02 5.451406440e+00 1.353623764e+01 9.298950461e+00 1.878225464e+02 1.861920929e+02
4.509018036e+02 5.478486723e+00 1.319050295e+01 1.017984853e+01 1.862156479e+02 1.845179029e+02
4.809619238e+02 5.567700243e+00 1.276250401e+01 1.107475920e+01 1.845369692e+02 1.827734828e+02
5.110220441e+02 5.722825477e+00 1.227114229e+01 1.196153839e+01 1.828088022e+02 1.809767846e+02
5.410821643e+02 5.947899826e+00 1.173741169e+01 1.281529818e+01 1.810556223e+02 1.791478302e+02
5.711422846e+02 6.247089351e+00 1.118311506e+01 1.360974311e+01 1.793024284e+02 1.773073424e+02
6.012024048e+02 6.624406436e+00 1.062957908e+01 1.431876299e+01 1.775730289e+02 1.754753069e+02
6.312625251e+02 7.083256904e+00 1.009654144e+01 1.491812937e+01 1.758885058e+02 1.736696672e+02
6.613226453e+02 7.625811403e+00 9.601344133e+00 1.538714297e+01 1.742660416e+02 1.719053231e+02
6.913827655e+02 8.252219878e+00 9.158499125e+00 1.571010073e+01 1.727182018e+02 1.701935250e+02
7.214428858e+02 8.959723318e+00 8.779619590e+00 1.587747843e+01 1.712526827e+02 1.685416805e+02
7.515030060e+02 9.741760602e+00 8.473650277e+00 1.588674278e+01 1.698724582e+02 1.669535142e+02
7.815631263e+02 1.058721098e+01 8.247295952e+00 1.574271376e+01 1.685762262e+02 1.654294833e+02
8.116232465e+02 1.147993940e+01 8.105537340e+00 1.545740656e+01 1.673590472e+02 1.639673366e+02
8.416833667e+02 1.239880660e+01 8.052133547e+00 1.504930950e+01 1.662130826e+02 1.625627162e+02
8.717434870e+02 1.331825634e+01 8.090029311e+00 1.454211602e+01 1.651283565e+02 1.612097250e+02
9.018036072e+02 1.420950416e+01 8.221608174e+00 1.396301509e+01 1.640934875e+02 1.599014129e+02
9.318637275e+02 1.504224185e+01 8.448753651e+00 1.334073613e+01 1.630963413e+02 1.586301583e+02
9.619238477e+02 1.578667508e+01 8.772700040e+00 1.270360252e+01 1.621245718e+02 1.573879427e+02
9.919839679e+02 1.641565384e+01 9.193674234e+00 1.207784778e+01 1.611660250e+02 1.561665289e+02
1.022044088e+03 1.690665179e+01 9.710352735e+00 1.148638761e+01 1.602089966e+02 1.549575588e+02
1.052104208e+03 1.724339124e+01 1.031918569e+01 1.094813805e+01 1.592423517e+02 1.537525933e+02
1.082164329e+03 1.741697303e+01 1.101367187e+01 1.047786222e+01 1.582555327e+02 1.525431131e+02
1.112224449e+03 1.742643176e+01 1.178369905e+01 1.008644277e+01 1.572384900e+02 1.513205038e+02
1.142284569e+03 1.727868735e+01 1.261508456e+01 9.781431965e+00 1.561815807e+02 1.500760433e+02
1.172344689e+03 1.698790573e+01 1.348944994e+01 9.567725658e+00 1.550754780e+02 1.488009118e+02
1.202404810e+03 1.657432687e+01 1.438453208e+01 9.448228496e+00 1.539111286e+02 1.474862441e+02
1.232464930e+03 1.606267130e+01 1.527497260e+01 9.424413291e+00 1.526797924e+02 1.461232402e+02
1.262525050e+03 1.548029192e+01 1.613354660e+01 9.496714004e+00 1.513731866e+02 1.447033520e+02
1.292585170e+03 1.485527631e+01 1.693271302e+01 9.664724631e+00 1.499837485e+02 1.432185562e+02
1.322645291e+03 1.421471168e+01 1.764631305e+01 9.927202006e+00 1.485050171e+02 1.416617163e+02
1.352705411e+03 1.358328869e+01 1.825122434e+01 1.028189155e+01 1.469321181e+02 1.400270276e+02
1.382765531e+03 1.298235212e+01 1.872879788e+01 1.072521299e+01 1.452623178e+02 1.383105180e+02
1.412825651e+03 1.242942380e+01 1.906594950e+01 1.125185954e+01 1.434955875e+02 1.365105645e+02
1.442885772e+03 1.193814892e+01 1.925583144e+01 1.185437899e+01 1.416351046e+02 1.346283617e+02
1.472945892e+03 1.151856694e+01 1.929805747e+01 1.252281585e+01 1.396876006e+02 1.326682713e+02
1.503006012e+03 1.117758714e+01 1.919849184e+01 1.324449659e+01 1.376634701e+02 1.306379753e+02
1.533066132e+03 1.091955326e+01 1.896864107e+01 1.400403053e+01 1.355765777e+02 1.285483742e+02
1.563126253e+03 1.074680198e+01 1.862471147e+01 1.478357589e+01 1.334437362e+02 1.264131989e+02
1.593186373e+03 1.066014791e+01 1.818641997e+01 1.556338423e+01 1.312838841e+02 1.242483513e+02
1.623246493e+03 1.065925441e+01 1.767566683e+01 1.632259495e+01 1.291170428e+02 1.220710336e+02
1.653306613e+03 1.074287386e+01 1.711519216e+01 1.704021131e+01 1.269631733e+02 1.198987628e+02
1.683366733e+03 1.090895769e+01 1.652733559e+01 1.769616337e+01 1.248410688e+02 1.177483878e+02
1.713426854e+03 1.115465186e+01 1.593299934e+01 1.827235071e+01 1.227674052e+02 1.156352198e+02
1.743486974e+03 1.147620181e+01 1.535087951e+01 1.875356792e+01 1.207560401e+02 1.135723603e+02
1.773547094e+03 1.186879933e+01 1.479698986e+01 1.912823636e+01 1.188176008e+02 1.115702734e+02
1.803607214e+03 1.232640880e+01 1.428446352e+01 1.938889125e+01 1.169593588e+02 1.096366079e+02
1.833667335e+03 1.284161261e+01 1.382358566e+01 1.953240609e+01 1.151853485e+02 1.077762405e+02
1.863727455e+03 1.340551533e+01 1.342199775e+01 1.955995353e+01 1.134966716e+02 1.059914905e+02
1.893787575e+03 1.400774032e+01 1.308500693e+01 1.947672537e+01 1.118919198e+02 1.042824495e+02
1.923847695e+03 1.463654378e+01 1.281594184e+01 1.929144462e+01 1.103676554e+02 1.026473689e+02
1.953907816e+03 1.527905535e+01 1.261650679e+01 1.901571788e+01 1.089188987e+02 1.010830610e+02
1.983967936e+03 1.592163887e+01 1.248710181e+01 1.866328086e+01 1.075395863e+02 9.958527803e+01
2.014028056e+03 1.655035033e+01 1.242708797e+01 1.824919755e+01 1.062229786e+02 9.814905000e+01
2.044088176e+03 1.715145616e+01 1.243499020e+01 1.778907295e+01 1.049620029e+02 9.676896929e+01
2.074148297e+03 1.771196804e+01 1.250863753e+01 1.729833366e+01 1.037495290e+02 9.543942022e+01
2.104208417e+03 1.822014917e+01 1.264524794e+01 1.679161972e+01 1.025785794e+02 9.415475631e+01
2.134268537e+03 1.866595216e+01 1.284146860e+01 1.628231521e+01 1.014424802e+02 9.290943150e+01
2.164328657e+03 1.904135887e+01 1.309338498e+01 1.578222846e+01 1.003349611e+02 9.169809282e+01
2.194388778e+03 1.934060439e+01 1.339651323e+01 1.530141657e+01 9.925021360e+01 9.051564262e+01
2.224448898e+03 1.956027918e+01 1.374578995e+01 1.484813698e+01 9.818291821e+01 8.935727745e+01
2.254509018e+03 1.969931390e+01 1.413557240e+01 1.442890062e+01 9.712824796e+01 8.821851031e+01
2.284569138e+03 1.975885951e+01 1.455965950e+01 1.404859799e+01 9.608185770e+01 8.709518175e+01
2.314629259e+03 1.974207889e+01 1.501134151e+01 1.371067148e+01 9.503986496e+01 8.598346390e+01
2.344689379e+03 1.965387141e+01 1.548348181e+01 1.341730867e+01 9.399882769e+01 8.487986112e+01
2.374749499e+03 1.950055150e+01 1.596863086e+01 1.316963841e+01 9.295572282e+01 8.378120952e+01
2.404809619e+03 1.928950261e+01 1.645916781e+01 1.296791532e+01 9.190792763e+01 8.268467688e+01
2.434869739e+03 1.902882644e+01 1.694746328e+01 1.281168451e+01 9.085320580e+01 8.158776433e+01
2.464929860e+03 1.872700590e+01 1.742605277e+01 1.269992135e+01 8.978969813e+01 8.048830970e+01
2.494989980e+03 1.839259658e+01 1.788781062e+01 1.263114556e+01 8.871591776e+01 7.938449286e+01
2.525050100e+03 1.803395779e+01 1.832611373e+01 1.260351039e+01 8.763074907e+01 7.827484238e+01
2.555110220e+03 1.765903092e+01 1.873498588e+01 1.261486971e+01 8.653344892e+01 7.715824266e+01
2.585170341e+03 1.727516847e+01 1.910921519e+01 1.266282626e+01 8.542364879e+01 7.603394081e+01
2.615230461e+03 1.688901323e+01 1.944444019e+01 1.274476516e+01 8.430135609e+01 7.490155185e+01
2.645290581e+03 1.650642448e+01 1.973720218e+01 1.285787630e+01 8.316695323e+01 7.376106125e+01
2.675350701e+03 1.613244558e+01 1.998496405e+01 1.299916940e+01 8.202119290e+01 7.261282372e+01
2.705410822e+03 1.577130587e+01 2.018609759e+01 1.316548460e+01 8.086518835e+01 7.145755723e+01
2.735470942e+03 1.542644942e+01 2.033984270e+01 1.335350136e+01 7.970039794e+01 7.029633172e+01
2.765531062e+03 1.510058320e+01 2.044624276e+01 1.355974738e+01 7.852860347e+01 6.913055210e+01
2.795591182e+03 1.479573769e+01 2.050606106e+01 1.378060887e+01 7.735188250e+01 6.796193572e+01
2.825651303e+03 1.451333462e+01 2.052068220e+01 1.401234249e+01 7.617257502e+01 6.679248460e+01
2.855711423e+03 1.425425632e+01 2.049200388e+01 1.425108912e+01 7.499324570e+01 6.562445361e+01
2.885771543e+03 1.401891368e+01 2.042232259e+01 1.449288846e+01 7.381664316e+01 6.446031564e+01
2.915831663e+03 1.380730990e+01 2.031421673e+01 1.473369339e+01 7.264565781e+01 6.330272540e+01
2.945891784e+03 1.361909841e+01 2.017043039e+01 1.496938269e+01 7.148328029e+01 6.215448354e+01
2.975951904e+03 1.345363407e+01 1.999376025e+01 1.519577024e+01 7.033256241e+01 6.101850279e+01
3.006012024e+03 1.331001739e+01 1.978694800e+01 1.540860960e+01 6.919658228e+01 5.989777765e+01
3.036072144e+03 1.318713178e+01 1.955257997e+01 1.560359274e+01 6.807841508e+01 5.879535892e+01
3.066132265e+03 1.308367458e+01 1.929299673e+01 1.577634355e+01 6.698111040e+01 5.771433346e+01
3.096192385e+03 1.299818212e+01 1.901021513e+01 1.592240781e+01 6.590767641e+01 5.665780912e+01
3.126252505e+03 1.292904994e+01 1.870586679e+01 1.603724469e+01 6.486107007e+01 5.562890310e+01
3.156312625e+03 1.287454883e+01 1.838115988e+01 1.611622923e+01 6.384419162e+01 5.463073062e+01
3.186372745e+03 1.283283734e+01 1.803687278e+01 1.615468082e+01 6.285987987e+01 5.366638855e+01
3.216432866e+03 1.280197164e+01 1.767339161e+01 1.614793931e+01 6.191090304e+01 5.273892618e+01
3.246492986e+03 1.277991290e+01 1.729080789e+01 1.609151865e+01 6.099993842e+01 5.185129322e+01
3.276553106e+03 1.276453264e+01 1.688909086e+01 1.598137068e+01 6.012953227e+01 5.100625379e+01
3.306613226e+03 1.275361607e+01 1.646834406e+01 1.581428553e+01 5.930203154e+01 5.020625716e+01
3.336673347e+03 1.274486387e+01 1.602913918e+01 1.558843162e+01 5.851948146e+01 4.945326334e+01
3.366733467e+03 1.273589340e+01 1.557289142e+01 1.530398775e+01 5.778349018e+01 4.874853607e+01
3.396793587e+03 1.272424227e+01 1.510220279e+01 1.496374730e+01 5.709507286e+01 4.809243658e+01
3.426853707e+03 1.270737898e+01 1.462106657e+01 1.457350276e+01 5.645450200e+01 4.748427171e+01
3.456913828e+03 1.268272772e+01 1.413482315e+01 1.414199731e+01 5.586120165e+01 4.692225630e+01
3.486973948e+03 1.264771472e+01 1.364980525e+01 1.368030837e+01 5.531372265e+01 4.640362988e+01
3.517034068e+03 1.259984136e+01 1.317270799e+01 1.320071119e+01 5.480981999e+01 4.592492128e+01
3.547094188e+03 1.253678393e+01 1.270982944e+01 1.271528578e+01 5.434662450e+01 4.548230046e+01
3.577154309e+03 1.245651409e+01 1.226638603e+01 1.223464590e+01 5.392087230e+01 4.507192695e+01
3.607214429e+03 1.235742968e+01 1.184607872e+01 1.176711074e+01 5.352914249e+01 4.469021569e+01
3.637274549e+03 1.223848365e+01 1.145098205e+01 1.131844056e+01 5.316805938e+01 4.433398482e+01
3.667334669e+03 1.209929849e+01 1.108171356e+01 1.089204828e+01 5.283443571e+01 4.400049586e+01
3.697394790e+03 1.194025226e+01 1.073776908e+01 1.048948267e+01 5.252535460e+01 4.368742316e+01
3.727454910e+03 1.176251981e+01 1.041790033e+01 1.011097732e+01 5.223820137e+01 4.339279153e+01
3.757515030e+03 1.156805259e+01 1.012044783e+01 9.755931671e+00 5.197066207e+01 4.311490932e+01
3.787575150e+03 1.135948443e+01 9.843589733e+00 9.423269816e+00 5.172070316e+01 4.285231044e+01
3.817635271e+03 1.113996217e+01 9.585503716e+00 9.111678657e+00 5.148654327e+01 4.260370896e+01
3.847695391e+03 1.091291656e+01 9.344459059e+00 8.819752837e+00 5.126662305e+01 4.236796525e+01
3.877755511e+03 1.068180513e+01 9.118860615e+00 8.546077875e+00 5.105957638e+01 4.214406071e+01
3.907815631e+03 1.044986694e+01 8.907263856e+00 8.289276356e+00 5.086420487e+01 4.193107946e+01
3.937875752e+03 1.021992686e+01 8.708373527e+00 8.048033661e+00 5.067945478e+01 4.172819409e+01
3.967935872e+03 9.994273728e+00 8.521034658e+00 7.821112472e+00 5.050439732e+01 4.153465485e+01
3.997995992e+03 9.774618084e+00 8.344220205e+00 7.607360695e+00 5.033821151e+01 4.134978105e+01
4.028056112e+03 9.562118014e+00 8.177017770e+00 7.405714935e+00 5.018016942e+01 4.117295389e+01
4.058116232e+03 9.357452269e+00 8.018616494e+00 7.215200610e+00 5.002962358e+01 4.100361044e+01
4.088176353e+03 9.160916673e+00 7.868294808e+00 7.034929441e+00 4.988599614e+01 4.084123824e+01
4.118236473e+03 8.972523651e+00 7.725409292e+00 6.864095015e+00 4.974876972e+01 4.068537047e+01
4.148296593e+03 8.792091788e+00 7.589384784e+00 6.701967117e+00 4.961747957e+01 4.053558155e+01
4.178356713e+03 8.619318606e+00 7.459705615e+00 6.547885281e+00 4.949170688e+01 4.039148305e+01
4.208416834e+03 8.453835083e+00 7.335908195e+00 6.401252371e+00 4.937107318e+01 4.025271999e+01
4.238476954e+03 8.295243808e+00 7.217574405e+00 6.261528061e+00 4.925523537e+01 4.011896748e+01
4.268537074e+03 8.143143708e+00 7.104326121e+00 6.128222917e+00 4.914388167e+01 3.998992767e+01
4.298597194e+03 7.997145073e+00 6.995820408e+00 6.000892862e+00 4.903672799e+01 3.986532700e+01
4.328657315e+03 7.856877736e+00 6.891745424e+00 5.879134222e+00 4.893351482e+01 3.974491376e+01
4.358717435e+03 7.721994794e+00 6.791816914e+00 5.762579341e+00 4.883400461e+01 3.962845596e+01
4.388777555e+03 7.592173739e+00 6.695775145e+00 5.650892668e+00 4.873797940e+01 3.951573934e+01
4.418837675e+03 7.467115938e+00 6.603382280e+00 5.543767345e+00 4.864523877e+01 3.940656570e+01
4.448897796e+03 7.346545422e+00 6.514420061e+00 5.440922181e+00 4.855559814e+01 3.930075138e+01
4.478957916e+03 7.230207247e+00 6.428687805e+00 5.342099011e+00 4.846888709e+01 3.919812589e+01
4.509018036e+03 7.117865764e+00 6.346000640e+00 5.247060372e+00 4.838494810e+01 3.909853074e+01
4.539078156e+03 7.009302982e+00 6.266187963e+00 5.155587456e+00 4.830363523e+01 3.900181834e+01
4.569138277e+03 6.904316922e+00 6.189092009e+00 5.067478232e+00 4.822481309e+01 3.890785105e+01
4.599198397e+03 6.802720299e+00 6.114566739e+00 4.982545965e+00 4.814835590e+01 3.881650035e+01
4.629258517e+03 6.704339108e+00 6.042476680e+00 4.900617682e+00 4.807414657e+01 3.872764606e+01
4.659318637e+03 6.609011491e+00 5.972695992e+00 4.821532956e+00 4.800207600e+01 3.864117566e+01
4.689378758e+03 6.516586684e+00 5.905107623e+00 4.745142777e+00 4.793204236e+01 3.855698364e+01
4.719438878e+03 6.426924079e+00 5.839602553e+00 4.671308562e+00 4.786395051e+01 3.847497099e+01
4.749498998e+03 6.339892319e+00 5.776079065e+00 4.599901197e+00 4.779771142e+01 3.839504468e+01
4.779559118e+03 6.255368519e+00 5.714442121e+00 4.530800215e+00 4.773324162e+01 3.831711712e+01
4.809619238e+03 6.173237652e+00 5.654602873e+00 4.463893156e+00 4.767046286e+01 3.824110585e+01
4.839679359e+03 6.093391911e+00 5.596478154e+00 4.399074899e+00 4.760930167e+01 3.816693313e+01
4.869739479e+03 6.015730099e+00 5.539989986e+00 4.336247018e+00 4.754968896e+01 3.809452562e+01
4.899799599e+03 5.940157119e+00 5.485065183e+00 4.275317259e+00 4.749155971e+01 3.802381402e+01
4.929859719e+03 5.866583532e+00 5.431634990e+00 4.216199074e+00 4.743485265e+01 3.795473277e+01
4.959919840e+03 5.794925131e+00 5.379634750e+00 4.158811184e+00 4.737951001e+01 3.788721987e+01
4.989979960e+03 5.725102554e+00 5.329003597e+00 4.103077174e+00 4.732547725e+01 3.782121655e+01
5.020040080e+03 5.657040935e+00 5.279684174e+00 4.048925137e+00 4.727270284e+01 3.775666714e+01
5.050100200e+03 5.590669584e+00 5.231622386e+00 3.996287339e+00 4.722113807e+01 3.769351880e+01
5.080160321e+03 5.525921679e+00 5.184767153e+00 3.945099908e+00 4.717073679e+01 3.763172133e+01
5.110220441e+03 5.462734004e+00 5.139070203e+00 3.895302557e+00 4.712145531e+01 3.757122706e+01
5.140280561e+03 5.401046718e+00 5.094485889e+00 3.846838355e+00 4.707325219e+01 3.751199062e+01
5.170340681e+03 5.340803128e+00 5.050971013e+00 3.799653493e+00 4.702608812e+01 3.745396885e+01
5.200400802e+03 5.281949468e+00 5.008484647e+00 3.753697054e+00 4.697992576e+01 3.739712064e+01
5.230460922e+03 5.224434701e+00 4.966987981e+00 3.708920817e+00 4.693472963e+01 3.734140682e+01
5.260521042e+03 5.168210368e+00 4.926444203e+00 3.665279103e+00 4.689046598e+01 3.728679002e+01
5.290581162e+03 5.113230420e+00 4.886818365e+00 3.622728593e+00 4.684710271e+01 3.723323458e+01
5.320641283e+03 5.059451004e+00 4.848077221e+00 3.581228141e+00 4.680460920e+01 3.718070646e+01
5.350701403e+03 5.006830466e+00 4.810189221e+00 3.540738733e+00 4.676295632e+01 3.712917311e+01
5.380761523e+03 4.955329094e+00 4.773124317e+00 3.501223265e+00 4.672211629e+01 3.707860344e+01
5.410821643e+03 4.904909021e+00 4.736853880e+00 3.462646433e+00 4.668206256e+01 3.702896769e+01
5.440881764e+03 4.855534132e+00 4.701350635e+00 3.424974632e+00 4.664276978e+01 3.698023734e+01
5.470941884e+03 4.807170020e+00 4.666588621e+00 3.388175924e+00 4.660421378e+01 3.693238516e+01
5.501002004e+03 4.759783794e+00 4.632543042e+00 3.352219836e+00 4.656637143e+01 3.688538501e+01
5.531062124e+03 4.713344023e+00 4.599190224e+00 3.317077310e+00 4.652922058e+01 3.683921182e+01
5.561122244e+03 4.667820674e+00 4.566507568e+00 3.282720636e+00 4.649274005e+01 3.679384155e+01
5.591182365e+03 4.623185022e+00 4.534473480e+00 3.249123371e+00 4.645690957e+01 3.674925113e+01
5.621242485e+03 4.579409577e+00 4.503067307e+00 3.216260254e+00 4.642170971e+01 3.670541843e+01
5.651302605e+03 4.536468013e+00 4.472269295e+00 3.184107150e+00 4.638712184e+01 3.666232217e+01
5.681362725e+03 4.494335125e+00 4.442060541e+00 3.152640991e+00 4.635312810e+01 3.661994190e+01
5.711422846e+03 4.452986740e+00 4.412422937e+00 3.121839704e+00 4.631971135e+01 3.657825797e+01
5.741482966e+03 4.412399664e+00 4.383339118e+00 3.091682145e+00 4.628685512e+01 3.653725146e+01
5.771543086e+03 4.372551647e+00 4.354792444e+00 3.062148077e+00 4.625454360e+01 3.649690416e+01
5.801603206e+03 4.333421350e+00 4.326766966e+00 3.033218124e+00 4.622276162e+01 3.645719855e+01
5.831663327e+03 4.294988275e+00 4.299247379e+00 3.004873713e+00 4.619149456e+01 3.641811777e+01
5.861723447e+03 4.257232725e+00 4.272218988e+00 2.977097034e+00 4.616072839e+01 3.637964555e+01
5.891783567e+03 4.220135764e+00 4.245667676e+00 2.949870994e+00 4.613044958e+01 3.634176623e+01
5.921843687e+03 4.183679198e+00 4.219579891e+00 2.923179200e+00 4.610064516e+01 3.630446468e+01
5.951903808e+03 4.147845505e+00 4.193942590e+00 2.897005896e+00 4.607130258e+01 3.626772633e+01
5.981963928e+03 4.112617817e+00 4.168743229e+00 2.871335946e+00 4.604240976e+01 3.623153711e+01
6.012024048e+03 4.077979908e+00 4.143969750e+00 2.846154814e+00 4.601395510e+01 3.619588344e+01
6.042084168e+03 4.043916161e+00 4.119610556e+00 2.821448531e+00 4.598592737e+01 3.616075220e+01
6.072144289e+03 4.010411514e+00 4.095654472e+00 2.797203654e+00 4.595831578e+01 3.612613072e+01
6.102204409e+03 3.977451419e+00 4.072090711e+00 2.773407230e+00 4.593110986e+01 3.609200677e+01
6.132264529e+03 3.945021889e+00 4.048908912e+00 2.750046816e+00 4.590429956e+01 3.605836850e+01
6.162324649e+03 3.913109427e+00 4.026099082e+00 2.727110429e+00 4.587787517e+01 3.602520446e+01
6.192384770e+03 3.881700987e+00 4.003651570e+00 2.704586512e+00 4.585182727e+01 3.599250359e+01
6.222444890e+03 3.850783987e+00 3.981557077e+00 2.682463938e+00 4.582614681e+01 3.596025516e+01
6.252505010e+03 3.820346282e+00 3.959806631e+00 2.660731982e+00 4.580082501e+01 3.592844882e+01
6.282565130e+03 3.790376129e+00 3.938391564e+00 2.639380296e+00 4.577585339e+01 3.589707452e+01
6.312625251e+03 3.760862189e+00 3.917303512e+00 2.618398903e+00 4.575122375e+01 3.586612253e+01
6.342685371e+03 3.731793499e+00 3.896534396e+00 2.597778175e+00 4.572692816e+01 3.583558344e+01
6.372745491e+03 3.703159452e+00 3.876076402e+00 2.577508814e+00 4.570295893e+01 3.580544812e+01
6.402805611e+03 3.674949802e+00 3.855921990e+00 2.557581852e+00 4.567930864e+01 3.577570772e+01
6.432865731e+03 3.647154632e+00 3.836063866e+00 2.537988624e+00 4.565597010e+01 3.574635365e+01
6.462925852e+03 3.619764324e+00 3.816494960e+00 2.518720743e+00 4.563293631e+01 3.571737760e+01
6.492985972e+03 3.592769585e+00 3.797208446e+00 2.499770117e+00 4.561020054e+01 3.568877148e+01
6.523046092e+03 3.566161417e+00 3.778197721e+00 2.481128925e+00 4.558775623e+01 3.566052748e+01
6.553106212e+03 3.539931100e+00 3.759456387e+00 2.462789598e+00 4.556559704e+01 3.563263798e+01
6.583166333e+03 3.514070180e+00 3.740978249e+00 2.444744814e+00 4.554371681e+01 3.560509560e+01
6.613226453e+03 3.488570468e+00 3.722757308e+00 2.426987489e+00 4.552210957e+01 3.557789317e+01
6.643286573e+03 3.463424029e+00 3.704787756e+00 2.409510775e+00 4.550076953e+01 3.555102372e+01
6.673346693e+03 3.438623160e+00 3.687063956e+00 2.392308030e+00 4.547969108e+01 3.552448050e+01
6.703406814e+03 3.414160388e+00 3.669580448e+00 2.375372824e+00 4.545886874e+01 3.549825692e+01
6.733466934e+03 3.390028466e+00 3.652331934e+00 2.358698928e+00 4.543829723e+01 3.547234659e+01
6.763527054e+03 3.366220359e+00 3.635313280e+00 2.342280310e+00 4.541797140e+01 3.544674330e+01
6.793587174e+03 3.342729236e+00 3.618519501e+00 2.326111119e+00 4.539788624e+01 3.542144098e+01
6.823647295e+03 3.319548471e+00 3.601945765e+00 2.310185689e+00 4.537803689e+01 3.539643378e+01
6.853707415e+03 3.296671624e+00 3.585587380e+00 2.294498524e+00 4.535841865e+01 3.537171596e+01
6.883767535e+03 3.274092442e+00 3.569439792e+00 2.279044294e+00 4.533902691e+01 3.534728197e+01
6.913827655e+03 3.251804848e+00 3.553498578e+00 2.263817828e+00 4.531985721e+01 3.532312637e+01
6.943887776e+03 3.229802933e+00 3.537759441e+00 2.248814108e+00 4.530090522e+01 3.529924391e+01
6.973947896e+03 3.208080956e+00 3.522218206e+00 2.234028261e+00 4.528216672e+01 3.527562945e+01
7.004008016e+03 3.186633334e+00 3.506870820e+00 2.219455563e+00 4.526363759e+01 3.525227798e+01
7.034068136e+03 3.165454633e+00 3.491713335e+00 2.205091415e+00 4.524531384e+01 3.522918462e+01
7.064128257e+03 3.144539576e+00 3.476741923e+00 2.190931364e+00 4.522719157e+01 3.520634464e+01
7.094188377e+03 3.123883019e+00 3.461952855e+00 2.176971073e+00 4.520926700e+01 3.518375340e+01
7.124248497e+03 3.103479960e+00 3.447342505e+00 2.163206333e+00 4.519153643e+01 3.516140639e+01
7.154308617e+03 3.083325533e+00 3.432907348e+00 2.149633054e+00 4.517399628e+01 3.513929921e+01
7.184368737e+03 3.063414993e+00 3.418643952e+00 2.136247256e+00 4.515664303e+01 3.511742759e+01
7.214428858e+03 3.043743731e+00 3.404548980e+00 2.123045075e+00 4.513947328e+01 3.509578733e+01
7.244488978e+03 3.024307247e+00 3.390619180e+00 2.110022750e+00 4.512248371e+01 3.507437437e+01
7.274549098e+03 3.005101164e+00 3.376851389e+00 2.097176622e+00 4.510567107e+01 3.505318472e+01
7.304609218e+03 2.986121216e+00 3.363242526e+00 2.084503136e+00 4.508903220e+01 3.503221451e+01
7.334669339e+03 2.967363243e+00 3.349789589e+00 2.071998826e+00 4.507256403e+01 3.501145993e+01
7.364729459e+03 2.948823198e+00 3.336489658e+00 2.059660328e+00 4.505626355e+01 3.499091731e+01
7.394789579e+03 2.930497126e+00 3.323339882e+00 2.047484356e+00 4.504012782e+01 3.497058303e+01
7.424849699e+03 2.912381173e+00 3.310337485e+00 2.035467718e+00 4.502415399e+01 3.495045356e+01
7.454909820e+03 2.894471588e+00 3.297479765e+00 2.023607307e+00 4.500833928e+01 3.493052546e+01
7.484969940e+03 2.876764700e+00 3.284764080e+00 2.011900089e+00 4.499268094e+01 3.491079537e+01
7.515030060e+03 2.859256935e+00 3.272187858e+00 2.000343113e+00 4.497717633e+01 3.489126001e+01
7.545090180e+03 2.841944808e+00 3.259748595e+00 1.988933508e+00 4.496182285e+01 3.487191616e+01
7.575150301e+03 2.824824911e+00 3.247443842e+00 1.977668469e+00 4.494661797e+01 3.485276070e+01
7.605210421e+03 2.807893922e+00 3.235271214e+00 1.966545265e+00 4.493155921e+01 3.483379056e+01
7.635270541e+03 2.791148602e+00 3.223228384e+00 1.955561240e+00 4.491664415e+01 3.481500274e+01
7.665330661e+03 2.774585782e+00 3.211313081e+00 1.944713794e+00 4.490187043e+01 3.479639431e+01
7.695390782e+03 2.758202369e+00 3.199523086e+00 1.934000399e+00 4.488723575e+01 3.477796242e+01
7.725450902e+03 2.741995342e+00 3.187856233e+00 1.923418585e+00 4.487273785e+01 3.475970427e+01
7.755511022e+03 2.725961747e+00 3.176310409e+00 1.912965942e+00 4.485837452e+01 3.474161711e+01
7.785571142e+03 2.710098706e+00 3.164883552e+00 1.902640126e+00 4.484414361e+01 3.472369827e+01
7.815631263e+03 2.694403405e+00 3.153573649e+00 1.892438846e+00 4.483004302e+01 3.470594513e+01
7.845691383e+03 2.678873090e+00 3.142378731e+00 1.882359865e+00 4.481607069e+01 3.468835512e+01
7.875751503e+03 2.663505068e+00 3.131296873e+00 1.872400998e+00 4.480222460e+01 3.467092573e+01
7.905811623e+03 2.648296706e+00 3.120326194e+00 1.862560112e+00 4.478850278e+01 3.465365453e+01
7.935871743e+03 2.633245430e+00 3.109464854e+00 1.852835122e+00 4.477490331e+01 3.463653910e+01
7.965931864e+03 2.618348735e+00 3.098711068e+00 1.843224006e+00 4.476142429e+01 3.461957708e+01
7.995991984e+03 2.603604158e+00 3.088063079e+00 1.833724778e+00 4.474806389e+01 3.460276618e+01
8.026052104e+03 2.589009296e+00 3.077519173e+00 1.824335500e+00 4.473482030e+01 3.458610413e+01
8.056112224e+03 2.574561794e+00 3.067077673e+00 1.815054277e+00 4.472169175e+01 3.456958873e+01
8.086172345e+03 2.560259350e+00 3.056736938e+00 1.805879259e+00 4.470867652e+01 3.455321781e+01
8.116232465e+03 2.546099711e+00 3.046495365e+00 1.796808639e+00 4.469577291e+01 3.453698927e+01
8.146292585e+03 2.532080672e+00 3.036351386e+00 1.787840649e+00 4.468297926e+01 3.452090102e+01
8.176352705e+03 2.518200073e+00 3.026303462e+00 1.778973561e+00 4.467029394e+01 3.450495102e+01
8.206412826e+03 2.504455801e+00 3.016350093e+00 1.770205685e+00 4.465771538e+01 3.448913730e+01
8.236472946e+03 2.490845795e+00 3.006489814e+00 1.761535377e+00 4.464524201e+01 3.447345788e+01
8.266533066e+03 2.477368028e+00 2.996721187e+00 1.752961021e+00 4.463287231e+01 3.445791087e+01
8.296593186e+03 2.464020518e+00 2.987042804e+00 1.744481038e+00 4.462060478e+01 3.444249437e+01
8.326653307e+03 2.450801316e+00 2.977453282e+00 1.736093881e+00 4.460843795e+01 3.442720656e+01
8.356713427e+03 2.437708517e+00 2.967951269e+00 1.727798037e+00 4.459637040e+01 3.441204563e+01
8.386773547e+03 2.424740262e+00 2.958535448e+00 1.719592031e+00 4.458440070e+01 3.439700981e+01
8.416833667e+03 2.411894731e+00 2.949204532e+00 1.711474423e+00 4.457252750e+01 3.438209736e+01
8.446893788e+03 2.399170139e+00 2.939957256e+00 1.703443800e+00 4.456074943e+01 3.436730659e+01
8.476953908e+03 2.386564724e+00 2.930792371e+00 1.695498772e+00 4.454906517e+01 3.435263582e+01
8.507014028e+03 2.374076767e+00 2.921708663e+00 1.687637982e+00 4.453747342e+01 3.433808341e+01
8.537074148e+03 2.361704587e+00 2.912704942e+00 1.679860107e+00 4.452597291e+01 3.432364777e+01
8.567134269e+03 2.349446531e+00 2.903780040e+00 1.672163847e+00 4.451456237e+01 3.430932732e+01
8.597194389e+03 2.337300982e+00 2.894932814e+00 1.664547929e+00 4.450324060e+01 3.429512051e+01
8.627254509e+03 2.325266356e+00 2.886162147e+00 1.657011112e+00 4.449200639e+01 3.428102582e+01
8.657314629e+03 2.313341099e+00 2.877466940e+00 1.649552177e+00 4.448085856e+01 3.426704176e+01
8.687374749e+03 2.301523679e+00 2.868846114e+00 1.642169926e+00 4.446979595e+01 3.425316688e+01
8.717434870e+03 2.289812597e+00 2.860298609e+00 1.634863188e+00 4.445881743e+01 3.423939973e+01
8.747494990e+03 2.278206388e+00 2.851823394e+00 1.627630817e+00 4.444792188e+01 3.422573892e+01
8.777555110e+03 2.266703611e+00 2.843419455e+00 1.620471692e+00 4.443710820e+01 3.421218304e+01
8.807615230e+03 2.255302854e+00 2.835085795e+00 1.613384711e+00 4.442637533e+01 3.419873075e+01
8.837675351e+03 2.244002727e+00 2.826821438e+00 1.606368796e+00 4.441572221e+01 3.418538072e+01
8.867735471e+03 2.232801871e+00 2.818625426e+00 1.599422890e+00 4.440514780e+01 3.417213162e+01
8.897795591e+03 2.221698951e+00 2.810496819e+00 1.592545955e+00 4.439465109e+01 3.415898218e+01
8.927855711e+03 2.210692654e+00 2.802434696e+00 1.585736977e+00 4.438423109e+01 3.414593113e+01
8.957915832e+03 2.199781693e+00 2.794438152e+00 1.578994959e+00 4.437388680e+01 3.413297722e+01
8.987975952e+03 2.188964807e+00 2.786506300e+00 1.572318926e+00 4.436361728e+01 3.412011925e+01
9.018036072e+03 2.178240754e+00 2.778638269e+00 1.565707920e+00 4.435342157e+01 3.410735600e+01
9.048096192e+03 2.167608317e+00 2.770833204e+00 1.559161002e+00 4.434329875e+01 3.409468630e+01
9.078156313e+03 2.157066300e+00 2.763090266e+00 1.552677251e+00 4.433324790e+01 3.408210900e+01
9.108216433e+03 2.146613527e+00 2.755408631e+00 1.546255763e+00 4.432326813e+01 3.406962295e+01
9.138276553e+03 2.136248845e+00 2.747787490e+00 1.539895653e+00 4.431335857e+01 3.405722704e+01
9.168336673e+03 2.125971122e+00 2.740226050e+00 1.533596052e+00 4.430351833e+01 3.404492016e+01
9.198396794e+03 2.115779243e+00 2.732723529e+00 1.527356104e+00 4.429374658e+01 3.403270124e+01
9.228456914e+03 2.105672114e+00 2.725279163e+00 1.521174975e+00 4.428404248e+01 3.402056921e+01
9.258517034e+03 2.095648663e+00 2.717892200e+00 1.515051842e+00 4.427440520e+01 3.400852303e+01
9.288577154e+03 2.085707832e+00 2.710561901e+00 1.508985900e+00 4.426483394e+01 3.399656167e+01
9.318637275e+03 2.075848583e+00 2.703287539e+00 1.502976356e+00 4.425532791e+01 3.398468412e+01
9.348697395e+03 2.066069898e+00 2.696068404e+00 1.497022435e+00 4.424588633e+01 3.397288938e+01
9.378757515e+03 2.056370775e+00 2.688903793e+00 1.491123374e+00 4.423650842e+01 3.396117648e+01
9.408817635e+03 2.046750227e+00 2.681793019e+00 1.485278424e+00 4.422719344e+01 3.394954446e+01
9.438877756e+03 2.037207287e+00 2.674735407e+00 1.479486851e+00 4.421794064e+01 3.393799238e+01
9.468937876e+03 2.027741003e+00 2.667730291e+00 1.473747933e+00 4.420874929e+01 3.392651929e+01
9.498997996e+03 2.018350438e+00 2.660777019e+00 1.468060962e+00 4.419961868e+01 3.391512429e+01
9.529058116e+03 2.009034673e+00 2.653874948e+00 1.462425240e+00 4.419054810e+01 3.390380647e+01
9.559118236e+03 1.999792803e+00 2.647023448e+00 1.456840086e+00 4.418153686e+01 3.389256495e+01
9.589178357e+03 1.990623937e+00 2.640221899e+00 1.451304826e+00 4.417258426e+01 3.388139886e+01
9.619238477e+03 1.981527200e+00 2.633469690e+00 1.445818802e+00 4.416368965e+01 3.387030734e+01
9.649298597e+03 1.972501732e+00 2.626766224e+00 1.440381367e+00 4.415485235e+01 3.385928954e+01
9.679358717e+03 1.963546686e+00 2.620110910e+00 1.434991882e+00 4.414607173e+01 3.384834463e+01
9.709418838e+03 1.954661228e+00 2.613503168e+00 1.429649723e+00 4.413734713e+01 3.383747180e+01
9.739478958e+03 1.945844539e+00 2.606942429e+00 1.424354274e+00 4.412867793e+01 3.382667023e+01
9.769539078e+03 1.937095812e+00 2.600428130e+00 1.419104931e+00 4.412006351e+01 3.381593914e+01
9.799599198e+03 1.928414256e+00 2.593959724e+00 1.413901103e+00 4.411150326e+01 3.380527775e+01
9.829659319e+03 1.919799089e+00 2.587536665e+00 1.408742203e+00 4.410299657e+01 3.379468528e+01
9.859719439e+03 1.911249541e+00 2.581158420e+00 1.403627658e+00 4.409454286e+01 3.378416097e+01
9.889779559e+03 1.902764856e+00 2.574824464e+00 1.398556904e+00 4.408614154e+01 3.377370409e+01
9.919839679e+03 1.894344292e+00 2.568534282e+00 1.393529388e+00 4.407779204e+01 3.376331390e+01
9.949899800e+03 1.885987117e+00 2.562287365e+00 1.388544565e+00 4.406949380e+01 3.375298967e+01
9.979959920e+03 1.877692608e+00 2.556083212e+00 1.383601897e+00 4.406124625e+01 3.374273069e+01
1.001002004e+04 1.869460054e+00 2.549921332e+00 1.378700858e+00 4.405304886e+01 3.373253627e+01
1.004008016e+04 1.861288758e+00 2.543801240e+00 1.373840929e+00 4.404490107e+01 3.372240570e+01
1.007014028e+04 1.853178034e+00 2.537722461e+00 1.369021603e+00 4.403680237e+01 3.371233831e+01
1.010020040e+04 1.845127202e+00 2.531684524e+00 1.364242377e+00 4.402875223e+01 3.370233343e+01
1.013026052e+04 1.837135595e+00 2.525686968e+00 1.359502758e+00 4.402075013e+01 3.369239040e+01
1.016032064e+04 1.829202556e+00 2.519729338e+00 1.354802259e+00 4.401279556e+01 3.368250856e+01
1.019038076e+04 1.821327439e+00 2.513811188e+00 1.350140406e+00 4.400488803e+01 3.367268728e+01
1.022044088e+04 1.813509607e+00 2.507932076e+00 1.345516730e+00 4.399702704e+01 3.366292591e+01
1.025050100e+04 1.805748433e+00 2.502091568e+00 1.340930767e+00 4.398921211e+01 3.365322385e+01
1.028056112e+04 1.798043297e+00 2.496289238e+00 1.336382063e+00 4.398144275e+01 3.364358047e+01
1.031062124e+04 1.790393590e+00 2.490524663e+00 1.331870170e+00 4.397371851e+01 3.363399517e+01
1.034068136e+04 1.782798715e+00 2.484797432e+00 1.327394652e+00 4.396603891e+01 3.362446735e+01
1.037074148e+04 1.775258079e+00 2.479107136e+00 1.322955072e+00 4.395840349e+01 3.361499643e+01
1.040080160e+04 1.767771099e+00 2.473453371e+00 1.318551006e+00 4.395081181e+01 3.360558182e+01
1.043086172e+04 1.760337203e+00 2.467835744e+00 1.314182034e+00 4.394326341e+01 3.359622295e+01
1.046092184e+04 1.752955824e+00 2.462253863e+00 1.309847742e+00 4.393575787e+01 3.358691926e+01
1.049098196e+04 1.745626408e+00 2.456707346e+00 1.305547727e+00 4.392829475e+01 3.357767019e+01
1.052104208e+04 1.738348403e+00 2.451195813e+00 1.301281586e+00 4.392087362e+01 3.356847521e+01
1.055110220e+04 1.731121269e+00 2.445718891e+00 1.297048925e+00 4.391349407e+01 3.355933375e+01
1.058116232e+04 1.723944471e+00 2.440276213e+00 1.292849357e+00 4.390615567e+01 3.355024530e+01
1.061122244e+04 1.716817485e+00 2.434867418e+00 1.288682500e+00 4.389885803e+01 3.354120933e+01
1.064128257e+04 1.709739793e+00 2.429492149e+00 1.284547979e+00 4.389160073e+01 3.353222531e+01
1.067134269e+04 1.702710884e+00 2.424150054e+00 1.280445423e+00 4.388438339e+01 3.352329275e+01
1.070140281e+04 1.695730253e+00 2.418840786e+00 1.276374467e+00 4.387720560e+01 3.351441113e+01
1.073146293e+04 1.688797404e+00 2.413564003e+00 1.272334751e+00 4.387006699e+01 3.350557995e+01
1.076152305e+04 1.681911848e+00 2.408319370e+00 1.268325922e+00 4.386296718e+01 3.349679874e+01
1.079158317e+04 1.675073103e+00 2.403106556e+00 1.264347634e+00 4.385590578e+01 3.348806699e+01
1.082164329e+04 1.668280692e+00 2.397925233e+00 1.260399542e+00 4.384888243e+01 3.347938424e+01
1.085170341e+04 1.661534145e+00 2.392775078e+00 1.256481307e+00 4.384189676e+01 3.347075002e+01
1.088176353e+04 1.654833001e+00 2.387655773e+00 1.252592597e+00 4.383494842e+01 3.346216385e+01
1.091182365e+04 1.648176801e+00 2.382567006e+00 1.248733083e+00 4.382803703e+01 3.345362529e+01
1.094188377e+04 1.641565097e+00 2.377508467e+00 1.244902444e+00 4.382116227e+01 3.344513387e+01
1.097194389e+04 1.634997445e+00 2.372479853e+00 1.241100360e+00 4.381432377e+01 3.343668916e+01
1.100200401e+04 1.628473406e+00 2.367480862e+00 1.237326517e+00 4.380752120e+01 3.342829071e+01
1.103206413e+04 1.621992547e+00 2.362511198e+00 1.233580605e+00 4.380075423e+01 3.341993809e+01
1.106212425e+04 1.615554442e+00 2.357570569e+00 1.229862321e+00 4.379402250e+01 3.341163087e+01
1.109218437e+04 1.609158673e+00 2.352658687e+00 1.226171364e+00 4.378732571e+01 3.340336862e+01
1.112224449e+04 1.602804823e+00 2.347775269e+00 1.222507439e+00 4.378066353e+01 3.339515093e+01
1.115230461e+04 1.596492484e+00 2.342920034e+00 1.218870252e+00 4.377403563e+01 3.338697738e+01
1.118236473e+04 1.590221251e+00 2.338092705e+00 1.215259518e+00 4.376744170e+01 3.337884758e+01
1.121242485e+04 1.583990726e+00 2.333293009e+00 1.211674951e+00 4.376088143e+01 3.337076110e+01
1.124248497e+04 1.577800515e+00 2.328520678e+00 1.208116274e+00 4.375435452e+01 3.336271757e+01
1.127254509e+04 1.571650232e+00 2.323775446e+00 1.204583210e+00 4.374786065e+01 3.335471658e+01
1.130260521e+04 1.565539491e+00 2.319057052e+00 1.201075487e+00 4.374139953e+01 3.334675775e+01
1.133266533e+04 1.559467916e+00 2.314365236e+00 1.197592838e+00 4.373497086e+01 3.333884070e+01
1.136272545e+04 1.553435132e+00 2.309699744e+00 1.194134998e+00 4.372857436e+01 3.333096505e+01
1.139278557e+04 1.547440774e+00 2.305060325e+00 1.190701710e+00 4.372220973e+01 3.332313043e+01
1.142284569e+04 1.541484478e+00 2.300446731e+00 1.187292714e+00 4.371587669e+01 3.331533647e+01
1.145290581e+04 1.535565883e+00 2.295858715e+00 1.183907758e+00 4.370957495e+01 3.330758280e+01
1.148296593e+04 1.529684636e+00 2.291296038e+00 1.180546592e+00 4.370330425e+01 3.329986908e+01
1.151302605e+04 1.523840386e+00 2.286758459e+00 1.177208969e+00 4.369706430e+01 3.329219494e+01
1.154308617e+04 1.518032789e+00 2.282245743e+00 1.173894647e+00 4.369085483e+01 3.328456003e+01
1.157314629e+04 1.512261506e+00 2.277757659e+00 1.170603388e+00 4.368467559e+01 3.327696402e+01
1.160320641e+04 1.506526199e+00 2.273293978e+00 1.167334954e+00 4.367852630e+01 3.326940655e+01
1.163326653e+04 1.500826535e+00 2.268854471e+00 1.164089112e+00 4.367240670e+01 3.326188729e+01
1.166332665e+04 1.495162187e+00 2.264438916e+00 1.160865633e+00 4.366631653e+01 3.325440591e+01
1.169338677e+04 1.489532830e+00 2.260047092e+00 1.157664288e+00 4.366025555e+01 3.324696207e+01
1.172344689e+04 1.483938144e+00 2.255678781e+00 1.154484856e+00 4.365422350e+01 3.323955546e+01
1.175350701e+04 1.478377815e+00 2.251333769e+00 1.151327116e+00 4.364822013e+01 3.323218575e+01
1.178356713e+04 1.472851530e+00 2.247011843e+00 1.148190849e+00 4.364224520e+01 3.322485263e+01
1.181362725e+04 1.467358981e+00 2.242712793e+00 1.145075841e+00 4.363629846e+01 3.321755578e+01
1.184368737e+04 1.461899863e+00 2.238436412e+00 1.141981879e+00 4.363037968e+01 3.321029489e+01
1.187374749e+04 1.456473874e+00 2.234182495e+00 1.138908753e+00 4.362448862e+01 3.320306966e+01
1.190380762e+04 1.451080719e+00 2.229950841e+00 1.135856259e+00 4.361862504e+01 3.319587978e+01
1.193386774e+04 1.445720105e+00 2.225741249e+00 1.132824192e+00 4.361278871e+01 3.318872495e+01
1.196392786e+04 1.440391740e+00 2.221553523e+00 1.129812350e+00 4.360697941e+01 3.318160489e+01
1.199398798e+04 1.435095338e+00 2.217387468e+00 1.126820535e+00 4.360119692e+01 3.317451929e+01
1.202404810e+04 1.429830617e+00 2.213242891e+00 1.123848550e+00 4.359544099e+01 3.316746787e+01
1.205410822e+04 1.424597295e+00 2.209119601e+00 1.120896202e+00 4.358971143e+01 3.316045034e+01
1.208416834e+04 1.419395101e+00 2.205017416e+00 1.117963303e+00 4.358400800e+01 3.315346642e+01
1.211422846e+04 1.414223761e+00 2.200936149e+00 1.115049664e+00 4.357833051e+01 3.314651584e+01
1.214428858e+04 1.409083005e+00 2.196875618e+00 1.112155098e+00 4.357267872e+01 3.313959832e+01
1.217434870e+04 1.403972567e+00 2.192835641e+00 1.109279422e+00 4.356705244e+01 3.313271359e+01
1.220440882e+04 1.398892185e+00 2.188816041e+00 1.106422455e+00 4.356145146e+01 3.312586137e+01
1.223446894e+04 1.393841599e+00 2.184816641e+00 1.103584018e+00 4.355587556e+01 3.311904140e+01
1.226452906e+04 1.388820540e+00 2.180837257e+00 1.100763927e+00 4.355032455e+01 3.311225342e+01
1.229458918e+04 1.383828769e+00 2.176877730e+00 1.097962017e+00 4.354479822e+01 3.310549717e+01
1.232464930e+04 1.378866029e+00 2.172937884e+00 1.095178114e+00 4.353929639e+01 3.309877239e+01
1.235470942e+04 1.373932073e+00 2.169017552e+00 1.092412046e+00 4.353381884e+01 3.309207883e+01
1.238476954e+04 1.369026655e+00 2.165116569e+00 1.089663645e+00 4.352836539e+01 3.308541623e+01
1.241482966e+04 1.364149534e+00 2.161234770e+00 1.086932748e+00 4.352293585e+01 3.307878436e+01
1.244488978e+04 1.359300472e+00 2.157371994e+00 1.084219189e+00 4.351753003e+01 3.307218295e+01
1.247494990e+04 1.354479228e+00 2.153528078e+00 1.081522807e+00 4.351214773e+01 3.306561178e+01
1.250501002e+04 1.349685571e+00 2.149702867e+00 1.078843442e+00 4.350678878e+01 3.305907059e+01
1.253507014e+04 1.344919267e+00 2.145896201e+00 1.076180936e+00 4.350145300e+01 3.305255916e+01
1.256513026e+04 1.340180088e+00 2.142107927e+00 1.073535132e+00 4.349614019e+01 3.304607724e+01
1.259519038e+04 1.335467809e+00 2.138337892e+00 1.070905878e+00 4.349085018e+01 3.303962461e+01
1.262525050e+04 1.330782204e+00 2.134585944e+00 1.068293020e+00 4.348558279e+01 3.303320103e+01
1.265531062e+04 1.326123050e+00 2.130851933e+00 1.065696408e+00 4.348033785e+01 3.302680627e+01
1.268537074e+04 1.321490129e+00 2.127135709e+00 1.063115891e+00 4.347511519e+01 3.302044012e+01
1.271543086e+04 1.316883227e+00 2.123437129e+00 1.060551326e+00 4.346991462e+01 3.301410235e+01
1.274549098e+04 1.312302128e+00 2.119756048e+00 1.058002567e+00 4.346473599e+01 3.300779273e+01
1.277555110e+04 1.307746624e+00 2.116092324e+00 1.055469472e+00 4.345957913e+01 3.300151106e+01
1.280561122e+04 1.303216507e+00 2.112445818e+00 1.052951902e+00 4.345444386e+01 3.299525712e+01
1.283567134e+04 1.298711566e+00 2.108816386e+00 1.050449712e+00 4.344933004e+01 3.298903069e+01
1.286573146e+04 1.294231598e+00 2.105203893e+00 1.047962768e+00 4.344423748e+01 3.298283156e+01
1.289579158e+04 1.289776401e+00 2.101608201e+00 1.045490932e+00 4.343916604e+01 3.297665954e+01
1.292585170e+04 1.285345778e+00 2.098029177e+00 1.043034071e+00 4.343411555e+01 3.297051440e+01
1.295591182e+04 1.280939529e+00 2.094466689e+00 1.040592052e+00 4.342908586e+01 3.296439594e+01
1.298597194e+04 1.276557457e+00 2.090920601e+00 1.038164740e+00 4.342407681e+01 3.295830397e+01
1.301603206e+04 1.272199367e+00 2.087390783e+00 1.035752007e+00 4.341908825e+01 3.295223828e+01
1.304609218e+04 1.267865070e+00 2.083877106e+00 1.033353723e+00 4.341412003e+01 3.294619869e+01
1.307615230e+04 1.263554374e+00 2.080379442e+00 1.030969762e+00 4.340917199e+01 3.294018498e+01
1.310621242e+04 1.259267094e+00 2.076897667e+00 1.028599998e+00 4.340424398e+01 3.293419697e+01
1.313627255e+04 1.255003044e+00 2.073431654e+00 1.026244307e+00 4.339933586e+01 3.292823447e+01
1.316633267e+04 1.250762040e+00 2.069981280e+00 1.023902568e+00 4.339444748e+01 3.292229728e+01
1.319639279e+04 1.246543901e+00 2.066546424e+00 1.021574657e+00 4.338957870e+01 3.291638522e+01
1.322645291e+04 1.242348448e+00 2.063126964e+00 1.019260455e+00 4.338472938e+01 3.291049810e+01
1.325651303e+04 1.238175504e+00 2.059722782e+00 1.016959845e+00 4.337989936e+01 3.290463575e+01
1.328657315e+04 1.234024893e+00 2.056333760e+00 1.014672710e+00 4.337508852e+01 3.289879797e+01
1.331663327e+04 1.229896442e+00 2.052959780e+00 1.012398934e+00 4.337029672e+01 3.289298459e+01
1.334669339e+04 1.225789976e+00 2.049600725e+00 1.010138400e+00 4.336552381e+01 3.288719543e+01
1.337675351e+04 1.221705326e+00 2.046256482e+00 1.007890996e+00 4.336076966e+01 3.288143031e+01
1.340681363e+04 1.217642325e+00 2.042926938e+00 1.005656612e+00 4.335603413e+01 3.287568906e+01
1.343687375e+04 1.213600805e+00 2.039611980e+00 1.003435135e+00 4.335131711e+01 3.286997151e+01
1.346693387e+04 1.209580600e+00 2.036311498e+00 1.001226457e+00 4.334661844e+01 3.286427749e+01
1.349699399e+04 1.205581549e+00 2.033025381e+00 9.990304690e-01 4.334193801e+01 3.285860682e+01
1.352705411e+04 1.201603490e+00 2.029753522e+00 9.968470647e-01 4.333727568e+01 3.285295934e+01
1.355711423e+04 1.197646263e+00 2.026495813e+00 9.946761386e-01 4.333263132e+01 3.284733489e+01
1.358717435e+04 1.193709708e+00 2.023252147e+00 9.925175849e-01 4.332800481e+01 3.284173330e+01
1.361723447e+04 1.189793671e+00 2.020022420e+00 9.903713010e-01 4.332339603e+01 3.283615440e+01
1.364729459e+04 1.185897995e+00 2.016806528e+00 9.882371848e-01 4.331880484e+01 3.283059803e+01
1.367735471e+04 1.182022529e+00 2.013604368e+00 9.861151356e-01 4.331423114e+01 3.282506405e+01
1.370741483e+04 1.178167119e+00 2.010415837e+00 9.840050519e-01 4.330967478e+01 3.281955228e+01
1.373747495e+04 1.174331614e+00 2.007240835e+00 9.819068355e-01 4.330513566e+01 3.281406258e+01
1.376753507e+04 1.170515867e+00 2.004079262e+00 9.798203888e-01 4.330061366e+01 3.280859478e+01
1.379759519e+04 1.166719731e+00 2.000931020e+00 9.777456152e-01 4.329610866e+01 3.280314874e+01
1.382765531e+04 1.162943059e+00 1.997796009e+00 9.756824180e-01 4.329162054e+01 3.279772430e+01
1.385771543e+04 1.159185705e+00 1.994674134e+00 9.736307024e-01 4.328714918e+01 3.279232131e+01
1.388777555e+04 1.155447528e+00 1.991565298e+00 9.715903753e-01 4.328269447e+01 3.278693963e+01
1.391783567e+04 1.151728387e+00 1.988469408e+00 9.695613444e-01 4.327825630e+01 3.278157910e+01
1.394789579e+04 1.148028142e+00 1.985386369e+00 9.675435183e-01 4.327383456e+01 3.277623959e+01
1.397795591e+04 1.144346653e+00 1.982316087e+00 9.655368047e-01 4.326942912e+01 3.277092094e+01
1.400801603e+04 1.140683782e+00 1.979258471e+00 9.635411147e-01 4.326503990e+01 3.276562302e+01
1.403807615e+04 1.137039395e+00 1.976213431e+00 9.615563600e-01 4.326066676e+01 3.276034567e+01
1.406813627e+04 1.133413357e+00 1.973180876e+00 9.595824531e-01 4.325630961e+01 3.275508877e+01
1.409819639e+04 1.129805536e+00 1.970160718e+00 9.576193075e-01 4.325196835e+01 3.274985217e+01
1.412825651e+04 1.126215796e+00 1.967152865e+00 9.556668347e-01 4.324764285e+01 3.274463574e+01
1.415831663e+04 1.122644008e+00 1.964157232e+00 9.537249512e-01 4.324333303e+01 3.273943933e+01
1.418837675e+04 1.119090043e+00 1.961173733e+00 9.517935731e-01 4.323903877e+01 3.273426282e+01
1.421843687e+04 1.115553774e+00 1.958202281e+00 9.498726172e-01 4.323475997e+01 3.272910607e+01
1.424849699e+04 1.112035074e+00 1.955242792e+00 9.479620013e-01 4.323049653e+01 3.272396894e+01
1.427855711e+04 1.108533814e+00 1.952295180e+00 9.460616425e-01 4.322624834e+01 3.271885131e+01
1.430861723e+04 1.105049872e+00 1.949359364e+00 9.441714612e-01 4.322201532e+01 3.271375305e+01
1.433867735e+04 1.101583125e+00 1.946435260e+00 9.422913778e-01 4.321779735e+01 3.270867402e+01
1.436873747e+04 1.098133451e+00 1.943522789e+00 9.404213135e-01 4.321359435e+01 3.270361410e+01
1.439879760e+04 1.094700728e+00 1.940621868e+00 9.385611898e-01 4.320940620e+01 3.269857316e+01
1.442885772e+04 1.091284835e+00 1.937732415e+00 9.367109277e-01 4.320523283e+01 3.269355109e+01
1.445891784e+04 1.087885655e+00 1.934854353e+00 9.348704518e-01 4.320107412e+01 3.268854774e+01
1.448897796e+04 1.084503070e+00 1.931987603e+00 9.330396863e-01 4.319692999e+01 3.268356301e+01
1.451903808e+04 1.081136964e+00 1.929132088e+00 9.312185565e-01 4.319280035e+01 3.267859676e+01
1.454909820e+04 1.077787220e+00 1.926287729e+00 9.294069878e-01 4.318868509e+01 3.267364888e+01
1.457915832e+04 1.074453726e+00 1.923454452e+00 9.276049065e-01 4.318458413e+01 3.266871925e+01
1.460921844e+04 1.071136368e+00 1.920632180e+00 9.258122403e-01 4.318049738e+01 3.266380775e+01
1.463927856e+04 1.067835034e+00 1.917820840e+00 9.240289176e-01 4.317642474e+01 3.265891426e+01
1.466933868e+04 1.064549613e+00 1.915020357e+00 9.222548673e-01 4.317236612e+01 3.265403867e+01
1.469939880e+04 1.061279995e+00 1.912230656e+00 9.204900174e-01 4.316832145e+01 3.264918086e+01
1.472945892e+04 1.058026069e+00 1.909451665e+00 9.187342977e-01 4.316429062e+01 3.264434071e+01
1.475951904e+04 1.054787727e+00 1.906683311e+00 9.169876398e-01 4.316027356e+01 3.263951811e+01
1.478957916e+04 1.051564864e+00 1.903925523e+00 9.152499751e-01 4.315627017e+01 3.263471296e+01
1.481963928e+04 1.048357374e+00 1.901178232e+00 9.135212360e-01 4.315228037e+01 3.262992514e+01
1.484969940e+04 1.045165150e+00 1.898441366e+00 9.118013554e-01 4.314830407e+01 3.262515453e+01
1.487975952e+04 1.041988090e+00 1.895714857e+00 9.100902670e-01 4.314434119e+01 3.262040104e+01
1.490981964e+04 1.038826090e+00 1.892998636e+00 9.083879053e-01 4.314039165e+01 3.261566454e+01
1.493987976e+04 1.035679049e+00 1.890292635e+00 9.066942054e-01 4.313645537e+01 3.261094494e+01
1.496993988e+04 1.032546866e+00 1.887596788e+00 9.050091035e-01 4.313253226e+01 3.260624212e+01
1.500000000e+04 1.029429437e+00 1.884911024e+00 9.033325327e-01 4.312862224e+01 3.260155599e+01
