time            Cj              Ak              Br             
0.000000000e+00 1.000000000e+00 7.000000000e+00 4.000000000e+00
4.048096192e+01 3.920679326e-01 2.820150701e+00 1.763449686e+00
8.096192385e+01 3.816053963e-01 2.693518877e+00 1.905198989e+00
1.214428858e+02 3.747312512e-01 2.562078664e+00 2.051417875e+00
1.619238477e+02 3.711052452e-01 2.426300894e+00 2.199779409e+00
2.024048096e+02 3.706734680e-01 2.287979755e+00 2.348710360e+00
2.428857715e+02 3.734253916e-01 2.148854350e+00 2.496526220e+00
2.833667335e+02 3.793945143e-01 2.010569909e+00 2.641484855e+00
3.238476954e+02 3.886586861e-01 1.874638399e+00 2.781842917e+00
3.643286573e+02 4.013401811e-01 1.742404165e+00 2.915908643e+00
4.048096192e+02 4.176055143e-01 1.615018071e+00 3.042087879e+00
4.452905812e+02 4.376649081e-01 1.493422598e+00 3.158919983e+00
4.857715431e+02 4.617712539e-01 1.378347800e+00 3.265102784e+00
5.262525050e+02 4.902183389e-01 1.270317345e+00 3.359506429e+00
5.667334669e+02 5.233380583e-01 1.169662753e+00 3.441177548e+00
6.072144289e+02 5.614962608e-01 1.076543704e+00 3.509335699e+00
6.476953908e+02 6.050868252e-01 9.909721636e-01 3.563364686e+00
6.881763527e+02 6.545235416e-01 9.128382059e-01 3.602801505e+00
7.286573146e+02 7.102293560e-01 8.419358585e-01 3.627325376e+00
7.691382766e+02 7.726225702e-01 7.779876345e-01 3.636749041e+00
8.096192385e+02 8.420997133e-01 7.206668797e-01 3.631013838e+00
8.501002004e+02 9.190149742e-01 6.696174120e-01 3.610189438e+00
8.905811623e+02 1.003656392e+00 6.244702701e-01 3.574478293e+00
9.310621242e+02 1.096219333e+00 5.848575927e-01 3.524224129e+00
9.715430862e+02 1.196778304e+00 5.504238089e-01 3.459923144e+00
1.012024048e+03 1.305258615e+00 5.208344718e-01 3.382235707e+00
1.052505010e+03 1.421409852e+00 4.957830336e-01 3.291996156e+00
1.092985972e+03 1.544783531e+00 4.749959585e-01 3.190218053e+00
1.133466934e+03 1.674717403e+00 4.582364419e-01 3.078092082e+00
1.173947896e+03 1.810328488e+00 4.453071166e-01 2.956974991e+00
1.214428858e+03 1.950516855e+00 4.360519372e-01 2.828368139e+00
1.254909820e+03 2.093980932e+00 4.303574954e-01 2.693885822e+00
1.295390782e+03 2.239244361e+00 4.281539440e-01 2.555214727e+00
1.335871743e+03 2.384692764e+00 4.294155567e-01 2.414066744e+00
1.376352705e+03 2.528618680e+00 4.341610337e-01 2.272129205e+00
1.416833667e+03 2.669270542e+00 4.424538930e-01 2.131015424e+00
1.457314629e+03 2.804903117e+00 4.544021988e-01 1.992220025e+00
1.497795591e+03 2.933824872e+00 4.701583058e-01 1.857081739e+00
1.538276553e+03 3.054439688e+00 4.899180780e-01 1.726756141e+00
1.578757515e+03 3.165280476e+00 5.139195290e-01 1.602199180e+00
1.619238477e+03 3.265033618e+00 5.424406570e-01 1.484161579e+00
1.659719439e+03 3.352554309e+00 5.757961173e-01 1.373193060e+00
1.700200401e+03 3.426873250e+00 6.143325353e-01 1.269654751e+00
1.740681363e+03 3.487197348e+00 6.584219119e-01 1.173737756e+00
1.781162325e+03 3.532905746e+00 7.084528656e-01 1.085485663e+00
1.821643287e+03 3.563544093e+00 7.648192300e-01 1.004819140e+00
1.862124248e+03 3.578818868e+00 8.279057497e-01 9.315608427e-01
1.902605210e+03 3.578593616e+00 8.980706069e-01 8.654594040e-01
1.943086172e+03 3.562888234e+00 9.756247471e-01 8.062115059e-01
1.983567134e+03 3.531881467e+00 1.060808592e+00 7.534814933e-01
2.024048096e+03 3.485916491e+00 1.153766256e+00 7.069183498e-01
2.064529058e+03 3.425508134e+00 1.254518957e+00 6.661698591e-01
2.105010020e+03 3.351350124e+00 1.362938795e+00 6.308941938e-01
2.145490982e+03 3.264320164e+00 1.478724666e+00 6.007692485e-01
2.185971944e+03 3.165480159e+00 1.601383212e+00 5.754997001e-01
2.226452906e+03 3.056069537e+00 1.730216217e+00 5.548224744e-01
2.266933868e+03 2.937490054e+00 1.864317150e+00 5.385107414e-01
2.307414830e+03 2.811280878e+00 2.002577559e+00 5.263767249e-01
2.347895792e+03 2.679084763e+00 2.143704702e+00 5.182736131e-01
2.388376754e+03 2.542606327e+00 2.286249576e+00 5.140967292e-01
2.428857715e+03 2.403564718e+00 2.428644503e+00 5.137841326e-01
2.469338677e+03 2.263644950e+00 2.569246837e+00 5.173167589e-01
2.509819639e+03 2.124450210e+00 2.706386803e+00 5.247181540e-01
2.550300601e+03 1.987459379e+00 2.838415428e+00 5.360538224e-01
2.590781563e+03 1.853992231e+00 2.963749388e+00 5.514301892e-01
2.631262525e+03 1.725184818e+00 3.080909408e+00 5.709929628e-01
2.671743487e+03 1.601974145e+00 3.188551892e+00 5.949251634e-01
2.712224449e+03 1.485094669e+00 3.285490202e+00 6.234441426e-01
2.752705411e+03 1.375083064e+00 3.370708068e+00 6.567978602e-01
2.793186373e+03 1.272291094e+00 3.443364419e+00 6.952599589e-01
2.833667335e+03 1.176904014e+00 3.502791973e+00 7.391235046e-01
2.874148297e+03 1.088962794e+00 3.548491242e+00 7.886930889e-01
2.914629259e+03 1.008388051e+00 3.580122046e+00 8.442751206e-01
2.955110220e+03 9.350040494e-01 3.597494651e+00 9.061662399e-01
2.995591182e+03 8.685619603e-01 3.600561562e+00 9.746395810e-01
3.036072144e+03 8.087610542e-01 3.589411480e+00 1.049929132e+00
3.076553106e+03 7.552675797e-01 3.564265695e+00 1.132212355e+00
3.117034068e+03 7.077309680e-01 3.525476836e+00 1.221591584e+00
3.157515030e+03 6.657973937e-01 3.473529484e+00 1.318074902e+00
3.197995992e+03 6.291207614e-01 3.409041414e+00 1.421557421e+00
3.238476954e+03 5.973714700e-01 3.332764547e+00 1.531804246e+00
3.278957916e+03 5.702430916e-01 3.245583504e+00 1.648436269e+00
3.319438878e+03 5.474573598e-01 3.148510728e+00 1.770920247e+00
3.359919840e+03 5.287678342e-01 3.042677203e+00 1.898564381e+00
3.400400802e+03 5.139623621e-01 2.929317433e+00 2.030520294e+00
3.440881764e+03 5.028646790e-01 2.809748872e+00 2.165791990e+00
3.481362725e+03 4.953353693e-01 2.685346300e+00 2.303251836e+00
3.521843687e+03 4.912723085e-01 2.557512062e+00 2.441662998e+00
3.562324649e+03 4.906107399e-01 2.427643882e+00 2.579707195e+00
3.602805611e+03 4.933230769e-01 2.297102138e+00 2.716016192e+00
3.643286573e+03 4.994184646e-01 2.167178611e+00 2.849205066e+00
3.683767535e+03 5.089421867e-01 2.039068722e+00 2.977905232e+00
3.724248497e+03 5.219748202e-01 1.913848641e+00 3.100795224e+00
3.764729459e+03 5.386311624e-01 1.792458465e+00 3.216627596e+00
3.805210421e+03 5.590588313e-01 1.675691898e+00 3.324250793e+00
3.845691383e+03 5.834364357e-01 1.564192405e+00 3.422625325e+00
3.886172345e+03 6.119711865e-01 1.458455325e+00 3.510834212e+00
3.926653307e+03 6.448957871e-01 1.358835067e+00 3.588088146e+00
3.967134269e+03 6.824644225e-01 1.265556316e+00 3.653726264e+00
4.007615230e+03 7.249476511e-01 1.178728091e+00 3.707213640e+00
4.048096192e+03 7.726260094e-01 1.098359507e+00 3.748136807e+00
4.088577154e+03 8.257821386e-01 1.024376282e+00 3.776198475e+00
4.129058116e+03 8.846912912e-01 9.566371061e-01 3.791212651e+00
4.169539078e+03 9.496101559e-01 8.949492482e-01 3.793100952e+00
4.210020040e+03 1.020764006e+00 8.390829503e-01 3.781890711e+00
4.250501002e+03 1.098332341e+00 7.887843221e-01 3.757715082e+00
4.290981964e+03 1.182433337e+00 7.437866105e-01 3.720815017e+00
4.331462926e+03 1.273107603e+00 7.038198232e-01 3.671542624e+00
4.371943888e+03 1.370301943e+00 6.686187753e-01 3.610365123e+00
4.412424850e+03 1.473853990e+00 6.379296854e-01 3.537868382e+00
4.452905812e+03 1.583478710e+00 6.115154727e-01 3.454758876e+00
4.493386774e+03 1.698757822e+00 5.891599374e-01 3.361862883e+00
4.533867735e+03 1.819133222e+00 5.706709955e-01 3.260121883e+00
4.574348697e+03 1.943905234e+00 5.558831186e-01 3.150583398e+00
4.614829659e+03 2.072236389e+00 5.446591403e-01 3.034386837e+00
4.655310621e+03 2.203161006e+00 5.368915519e-01 2.912744469e+00
4.695791583e+03 2.335600506e+00 5.325033833e-01 2.786918054e+00
4.736272545e+03 2.468383833e+00 5.314487595e-01 2.658192221e+00
4.776753507e+03 2.600272043e+00 5.337131809e-01 2.527845988e+00
4.817234469e+03 2.729985707e+00 5.393135614e-01 2.397124064e+00
4.857715431e+03 2.856233597e+00 5.482980328e-01 2.267209607e+00
4.898196393e+03 2.977741016e+00 5.607454966e-01 2.139199968e+00
4.938677355e+03 3.093276277e+00 5.767648820e-01 2.014086704e+00
4.979158317e+03 3.201674057e+00 5.964940462e-01 1.892740711e+00
5.019639279e+03 3.301854708e+00 6.200982240e-01 1.775902837e+00
5.060120240e+03 3.392839146e+00 6.477679131e-01 1.664180020e+00
5.100601202e+03 3.473759166e+00 6.797160635e-01 1.558046527e+00
5.141082164e+03 3.543863664e+00 7.161744190e-01 1.457849586e+00
5.181563126e+03 3.602521349e+00 7.573888462e-01 1.363818592e+00
5.222044088e+03 3.649220909e+00 8.036134963e-01 1.276076885e+00
5.262525050e+03 3.683569549e+00 8.551036544e-01 1.194655214e+00
5.303006012e+03 3.705290850e+00 9.121071667e-01 1.119506005e+00
5.343486974e+03 3.714222783e+00 9.748543950e-01 1.050517730e+00
5.383967936e+03 3.710316444e+00 1.043546738e+00 9.875287795e-01
5.424448898e+03 3.693635885e+00 1.118343855e+00 9.303404372e-01
5.464929860e+03 3.664359066e+00 1.199349884e+00 8.787286601e-01
5.505410822e+03 3.622779635e+00 1.286599089e+00 8.324545300e-01
5.545891784e+03 3.569309081e+00 1.380041520e+00 7.912732943e-01
5.586372745e+03 3.504478433e+00 1.479529437e+00 7.549420288e-01
5.626853707e+03 3.428938638e+00 1.584805358e+00 7.232260346e-01
5.667334669e+03 3.343458463e+00 1.695492473e+00 6.959039816e-01
5.707815631e+03 3.248919706e+00 1.811088922e+00 6.727721378e-01
5.748296593e+03 3.146307879e+00 1.930965512e+00 6.536475193e-01
5.788777555e+03 3.036699087e+00 2.054369169e+00 6.383703549e-01
5.829258517e+03 2.921242785e+00 2.180430408e+00 6.268059338e-01
5.869739479e+03 2.801140326e+00 2.308176749e+00 6.188457805e-01
5.910220441e+03 2.677620847e+00 2.436550222e+00 6.144084670e-01
5.950701403e+03 2.551914954e+00 2.564429113e+00 6.134399959e-01
5.991182365e+03 2.425228322e+00 2.690652139e+00 6.159138681e-01
6.031663327e+03 2.298716081e+00 2.814044179e+00 6.218308436e-01
6.072144289e+03 2.173459544e+00 2.933442147e+00 6.312184249e-01
6.112625251e+03 2.050446572e+00 3.047719390e+00 6.441300536e-01
6.153106212e+03 1.930556200e+00 3.155807706e+00 6.606440088e-01
6.193587174e+03 1.814548246e+00 3.256715875e+00 6.808619645e-01
6.234068136e+03 1.703057853e+00 3.349544204e+00 7.049071566e-01
6.274549098e+03 1.596594735e+00 3.433494907e+00 7.329221008e-01
6.315030060e+03 1.495546787e+00 3.507878518e+00 7.650657851e-01
6.355511022e+03 1.400187081e+00 3.572116540e+00 8.015102460e-01
6.395991984e+03 1.310683368e+00 3.625741004e+00 8.424364586e-01
6.436472946e+03 1.227110205e+00 3.668392718e+00 8.880294941e-01
6.476953908e+03 1.149461158e+00 3.699816783e+00 9.384728063e-01
6.517434870e+03 1.077662096e+00 3.719858512e+00 9.939417238e-01
6.557915832e+03 1.011584008e+00 3.728458943e+00 1.054596097e+00
6.598396794e+03 9.510552990e-01 3.725650866e+00 1.120572125e+00
6.638877756e+03 8.958732094e-01 3.711555613e+00 1.191973463e+00
6.679358717e+03 8.458137001e-01 3.686380813e+00 1.268862088e+00
6.719839679e+03 8.006406283e-01 3.650418906e+00 1.351248790e+00
6.760320641e+03 7.601131704e-01 3.604045896e+00 1.439083649e+00
6.800801603e+03 7.239924234e-01 3.547720391e+00 1.532247714e+00
6.841282565e+03 6.920466273e-01 3.481982561e+00 1.630544721e+00
6.881763527e+03 6.640554306e-01 3.407451512e+00 1.733695178e+00
6.922244489e+03 6.398132616e-01 3.324821744e+00 1.841331929e+00
6.962725451e+03 6.191318899e-01 3.234857596e+00 1.952998276e+00
7.003206413e+03 6.018423578e-01 3.138385581e+00 2.068148725e+00
7.043687375e+03 5.877963607e-01 3.036284466e+00 2.186152717e+00
7.084168337e+03 5.768671668e-01 2.929473211e+00 2.306301305e+00
7.124649299e+03 5.689501841e-01 2.818897150e+00 2.427816562e+00
7.165130261e+03 5.639632528e-01 2.705512430e+00 2.549863812e+00
7.205611222e+03 5.618467036e-01 2.590269909e+00 2.671565727e+00
7.246092184e+03 5.625632277e-01 2.474099259e+00 2.792017602e+00
7.286573146e+03 5.660976110e-01 2.357893097e+00 2.910303802e+00
7.327054108e+03 5.724563277e-01 2.242492859e+00 3.025514022e+00
7.367535070e+03 5.816670100e-01 2.128676515e+00 3.136758766e+00
7.408016032e+03 5.937777872e-01 2.017148600e+00 3.243183551e+00
7.448496994e+03 6.088564763e-01 1.908532980e+00 3.343981228e+00
7.488977956e+03 6.269895952e-01 1.803368396e+00 3.438402060e+00
7.529458918e+03 6.482811625e-01 1.702106707e+00 3.525761409e+00
7.569939880e+03 6.728512457e-01 1.605113748e+00 3.605445176e+00
7.610420842e+03 7.008341685e-01 1.512672259e+00 3.676912657e+00
7.650901804e+03 7.323763864e-01 1.424986814e+00 3.739698009e+00
7.691382766e+03 7.676338927e-01 1.342190143e+00 3.793409741e+00
7.731863727e+03 8.067691176e-01 1.264350169e+00 3.837728959e+00
7.772344689e+03 8.499473317e-01 1.191478402e+00 3.872407748e+00
7.812825651e+03 8.973323663e-01 1.123537629e+00 3.897266148e+00
7.853306613e+03 9.490817662e-01 1.060450258e+00 3.912190098e+00
7.893787575e+03 1.005341325e+00 1.002106050e+00 3.917129436e+00
7.934268537e+03 1.066238998e+00 9.483694811e-01 3.912096529e+00
7.974749499e+03 1.131878176e+00 8.990866293e-01 3.897165605e+00
8.015230461e+03 1.202330746e+00 8.540911514e-01 3.872472805e+00
8.055711423e+03 1.277629831e+00 8.132096378e-01 3.838216763e+00
8.096192385e+03 1.357762503e+00 7.762664696e-01 3.794659613e+00
8.136673347e+03 1.442662592e+00 7.430876879e-01 3.742127871e+00
8.177154309e+03 1.532204326e+00 7.135045188e-01 3.681013328e+00
8.217635271e+03 1.626196576e+00 6.873561543e-01 3.611773060e+00
8.258116232e+03 1.724378444e+00 6.644920756e-01 3.534928547e+00
8.298597194e+03 1.826416286e+00 6.447739244e-01 3.451063407e+00
8.339078156e+03 1.931902549e+00 6.280770031e-01 3.360819514e+00
8.379559118e+03 2.040356661e+00 6.142914420e-01 3.264891274e+00
8.420040080e+03 2.151228066e+00 6.033230214e-01 3.164018213e+00
8.460521042e+03 2.263901344e+00 5.950938503e-01 3.058975704e+00
8.501002004e+03 2.377703526e+00 5.895428078e-01 2.950564220e+00
8.541482966e+03 2.491913247e+00 5.866258160e-01 2.839597430e+00
8.581963928e+03 2.605771340e+00 5.863159746e-01 2.726889393e+00
8.622444890e+03 2.718493042e+00 5.886036072e-01 2.613241998e+00
8.662925852e+03 2.829280145e+00 5.934961351e-01 2.499432078e+00
8.703406814e+03 2.937333922e+00 6.010178830e-01 2.386199856e+00
8.743887776e+03 3.041867427e+00 6.112097487e-01 2.274238480e+00
8.784368737e+03 3.142117091e+00 6.241287437e-01 2.164185219e+00
8.824849699e+03 3.237353361e+00 6.398473705e-01 2.056614404e+00
8.865330661e+03 3.326889347e+00 6.584528415e-01 1.952032849e+00
8.905811623e+03 3.410088429e+00 6.800460888e-01 1.850877122e+00
8.946292585e+03 3.486369577e+00 7.047404675e-01 1.753512587e+00
8.986773547e+03 3.555211730e+00 7.326602512e-01 1.660234775e+00
9.027254509e+03 3.616156122e+00 7.639386984e-01 1.571271960e+00
9.067735471e+03 3.668807670e+00 7.987158272e-01 1.486789206e+00
9.108216433e+03 3.712835233e+00 8.371356617e-01 1.406893407e+00
9.148697395e+03 3.747971244e+00 8.793430677e-01 1.331639063e+00
9.189178357e+03 3.774010942e+00 9.254800875e-01 1.261034454e+00
9.229659319e+03 3.790811389e+00 9.756816366e-01 1.195048199e+00
9.270140281e+03 3.798290752e+00 1.030070957e+00 1.133615365e+00
9.310621242e+03 3.796427673e+00 1.088754386e+00 1.076643769e+00
9.351102204e+03 3.785261003e+00 1.151815793e+00 1.024019808e+00
9.391583166e+03 3.764889922e+00 1.219310746e+00 9.756138271e-01
9.432064128e+03 3.735474210e+00 1.291260483e+00 9.312850459e-01
9.472545090e+03 3.697234905e+00 1.367645926e+00 8.908859943e-01
9.513026052e+03 3.650454526e+00 1.448401942e+00 8.542663386e-01
9.553507014e+03 3.595477291e+00 1.533412048e+00 8.212762772e-01
9.593987976e+03 3.532708598e+00 1.622503877e+00 7.917694071e-01
9.634468938e+03 3.462613714e+00 1.715445606e+00 7.656051543e-01
9.674949900e+03 3.385715307e+00 1.811943649e+00 7.426507713e-01
9.715430862e+03 3.302589726e+00 1.911641785e+00 7.227829826e-01
9.755911824e+03 3.213861995e+00 2.014121981e+00 7.058893241e-01
9.796392786e+03 3.120198844e+00 2.118906805e+00 6.918691061e-01
9.836873747e+03 3.022300921e+00 2.225463997e+00 6.806341994e-01
9.877354709e+03 2.920893636e+00 2.333211968e+00 6.721096643e-01
9.917835671e+03 2.816716752e+00 2.441527708e+00 6.662340447e-01
9.958316633e+03 2.710513611e+00 2.549755492e+00 6.629595966e-01
9.998797595e+03 2.603020001e+00 2.657216741e+00 6.622523584e-01
1.003927856e+04 2.494953055e+00 2.763220661e+00 6.640920864e-01
1.007975952e+04 2.387001136e+00 2.867074757e+00 6.684720793e-01
1.012024048e+04 2.279814278e+00 2.968095494e+00 6.753988899e-01
1.016072144e+04 2.173996073e+00 3.065618328e+00 6.848919272e-01
1.020120240e+04 2.070097120e+00 3.159006773e+00 6.969829452e-01
1.024168337e+04 1.968610048e+00 3.247660414e+00 7.117154129e-01
1.028216433e+04 1.869966340e+00 3.331021542e+00 7.291437520e-01
1.032264529e+04 1.774534835e+00 3.408580367e+00 7.493324298e-01
1.036312625e+04 1.682621825e+00 3.479878802e+00 7.723548918e-01
1.040360721e+04 1.594472596e+00 3.544512861e+00 7.982923115e-01
1.044408818e+04 1.510274193e+00 3.602133823e+00 8.272321423e-01
1.048456914e+04 1.430159163e+00 3.652448340e+00 8.592664532e-01
1.052505010e+04 1.354210068e+00 3.695217682e+00 8.944900255e-01
1.056553106e+04 1.282464480e+00 3.730256394e+00 9.329982112e-01
1.060601202e+04 1.214920311e+00 3.757430490e+00 9.748845273e-01
1.064649299e+04 1.151541223e+00 3.776655498e+00 1.020238001e+00
1.068697395e+04 1.092261962e+00 3.787894457e+00 1.069140268e+00
1.072745491e+04 1.036993533e+00 3.791156045e+00 1.121662468e+00
1.076793587e+04 9.856280452e-01 3.786492843e+00 1.177861921e+00
1.080841683e+04 9.380432156e-01 3.773999956e+00 1.237778695e+00
1.084889780e+04 8.941064474e-01 3.753813785e+00 1.301432083e+00
1.088937876e+04 8.536785153e-01 3.726111167e+00 1.368817128e+00
1.092985972e+04 8.166167060e-01 3.691108384e+00 1.439901156e+00
1.097034068e+04 7.827776935e-01 3.649060709e+00 1.514620687e+00
1.101082164e+04 7.520198446e-01 3.600261208e+00 1.592878431e+00
1.105130261e+04 7.242053493e-01 3.545040131e+00 1.674540978e+00
1.109178357e+04 6.992017058e-01 3.483763130e+00 1.759436765e+00
1.113226453e+04 6.768832989e-01 3.416829973e+00 1.847354994e+00
1.117274549e+04 6.571322649e-01 3.344671702e+00 1.938044994e+00
1.121322645e+04 6.398394829e-01 3.267748067e+00 2.031216690e+00
1.125370741e+04 6.249052095e-01 3.186543828e+00 2.126541733e+00
1.129418838e+04 6.122394471e-01 3.101564435e+00 2.223655612e+00
1.133466934e+04 6.017624113e-01 3.013331395e+00 2.322160634e+00
1.137515030e+04 5.934045773e-01 2.922376744e+00 2.421629650e+00
1.141563126e+04 5.871069483e-01 2.829237601e+00 2.521610673e+00
1.145611222e+04 5.828209145e-01 2.734449953e+00 2.621631817e+00
1.149659319e+04 5.805083208e-01 2.638542869e+00 2.721207022e+00
1.153707415e+04 5.801413156e-01 2.542032524e+00 2.819841753e+00
1.157755511e+04 5.817021777e-01 2.445416560e+00 2.917039074e+00
1.161803607e+04 5.851831847e-01 2.349169048e+00 3.012305426e+00
1.165851703e+04 5.905863163e-01 2.253735803e+00 3.105156323e+00
1.169899800e+04 5.979230273e-01 2.159530611e+00 3.195121544e+00
1.173947896e+04 6.072139172e-01 2.066932099e+00 3.281749862e+00
1.177995992e+04 6.184883851e-01 1.976281514e+00 3.364613109e+00
1.182044088e+04 6.317842219e-01 1.887881283e+00 3.443309570e+00
1.186092184e+04 6.471471497e-01 1.801994411e+00 3.517466667e+00
1.190140281e+04 6.646302924e-01 1.718844628e+00 3.586742923e+00
1.194188377e+04 6.842935643e-01 1.638617255e+00 3.650829228e+00
1.198236473e+04 7.062029672e-01 1.561460628e+00 3.709449525e+00
1.202284569e+04 7.304297767e-01 1.487488044e+00 3.762360932e+00
1.206332665e+04 7.570496507e-01 1.416780186e+00 3.809353464e+00
1.210380762e+04 7.861414845e-01 1.349387563e+00 3.850249337e+00
1.214428858e+04 8.177863191e-01 1.285333654e+00 3.884902163e+00
1.218476954e+04 8.520659011e-01 1.224617618e+00 3.913195911e+00
1.222525050e+04 8.890611971e-01 1.167217398e+00 3.935043891e+00
1.226573146e+04 9.288506963e-01 1.113092628e+00 3.950387763e+00
1.230621242e+04 9.715085798e-01 1.062187520e+00 3.959196670e+00
1.234669339e+04 1.017102731e+00 1.014433552e+00 3.961466536e+00
1.238717435e+04 1.065692592e+00 9.697520501e-01 3.957219534e+00
1.242765531e+04 1.117326886e+00 9.280565676e-01 3.946503776e+00
1.246813627e+04 1.172041236e+00 8.892551057e-01 3.929393186e+00
1.250861723e+04 1.229855883e+00 8.532519214e-01 3.905987576e+00
1.254909820e+04 1.290773198e+00 8.199493512e-01 3.876412781e+00
1.258957916e+04 1.354775482e+00 7.892494549e-01 3.840820990e+00
1.263006012e+04 1.421822394e+00 7.610551284e-01 3.799390738e+00
1.267054108e+04 1.491849334e+00 7.352715609e-01 3.752327431e+00
1.271102204e+04 1.564765488e+00 7.118070137e-01 3.699862845e+00
1.275150301e+04 1.640452108e+00 6.905737965e-01 3.642255348e+00
1.279198397e+04 1.718761624e+00 6.714889399e-01 3.579789039e+00
1.283246493e+04 1.799516967e+00 6.544747760e-01 3.512772818e+00
1.287294589e+04 1.882511269e+00 6.394594496e-01 3.441539066e+00
1.291342685e+04 1.967508283e+00 6.263772925e-01 3.366441741e+00
1.295390782e+04 2.054243237e+00 6.151691262e-01 3.287854087e+00
1.299438878e+04 2.142424278e+00 6.057825052e-01 3.206165833e+00
1.303486974e+04 2.231734531e+00 5.981718921e-01 3.121779923e+00
1.307535070e+04 2.321834628e+00 5.922987755e-01 3.035108965e+00
1.311583166e+04 2.412365650e+00 5.881317456e-01 2.946571359e+00
1.315631263e+04 2.502952577e+00 5.856465365e-01 2.856587213e+00
1.319679359e+04 2.593207979e+00 5.848260278e-01 2.765574146e+00
1.323727455e+04 2.682735915e+00 5.856602188e-01 2.673943175e+00
1.327775551e+04 2.771136116e+00 5.881461724e-01 2.582094547e+00
1.331823647e+04 2.858008056e+00 5.922879306e-01 2.490413943e+00
1.335871743e+04 2.942954759e+00 5.980964053e-01 2.399269140e+00
1.339919840e+04 3.025586769e+00 6.055892334e-01 2.309006777e+00
1.343967936e+04 3.105525690e+00 6.147906030e-01 2.219949768e+00
1.348016032e+04 3.182407168e+00 6.257310350e-01 2.132395103e+00
1.352064128e+04 3.255884133e+00 6.384471480e-01 2.046612440e+00
1.356112224e+04 3.325628668e+00 6.529813025e-01 1.962843053e+00
1.360160321e+04 3.391334329e+00 6.693812995e-01 1.881299158e+00
1.364208417e+04 3.452717620e+00 6.876999313e-01 1.802163968e+00
1.368256513e+04 3.509518936e+00 7.079944721e-01 1.725592278e+00
1.372304609e+04 3.561503464e+00 7.303261120e-01 1.651711165e+00
1.376352705e+04 3.608461531e+00 7.547592797e-01 1.580621269e+00
1.380400802e+04 3.650208733e+00 7.813608747e-01 1.512398263e+00
1.384448898e+04 3.686585874e+00 8.101993843e-01 1.447094580e+00
1.388496994e+04 3.717458703e+00 8.413439156e-01 1.384741228e+00
1.392545090e+04 3.742717611e+00 8.748630052e-01 1.325349952e+00
1.396593186e+04 3.762277285e+00 9.108234423e-01 1.268915199e+00
1.400641283e+04 3.776076014e+00 9.492889094e-01 1.215415943e+00
1.404689379e+04 3.784076240e+00 9.903185489e-01 1.164818219e+00
1.408737475e+04 3.786263081e+00 1.033965271e+00 1.117076496e+00
1.412785571e+04 3.782645152e+00 1.080274188e+00 1.072136024e+00
1.416833667e+04 3.773254057e+00 1.129280814e+00 1.029934404e+00
1.420881764e+04 3.758144489e+00 1.181009305e+00 9.904032644e-01
1.424929860e+04 3.737394310e+00 1.235470620e+00 9.534698065e-01
1.428977956e+04 3.711104663e+00 1.292660765e+00 9.190581688e-01
1.433026052e+04 3.679400111e+00 1.352558968e+00 8.870907553e-01
1.437074148e+04 3.642428712e+00 1.415126064e+00 8.574893396e-01
1.441122244e+04 3.600361937e+00 1.480303051e+00 8.301759815e-01
1.445170341e+04 3.553394658e+00 1.548009809e+00 8.050740003e-01
1.449218437e+04 3.501744557e+00 1.618143921e+00 7.821086918e-01
1.453266533e+04 3.445651676e+00 1.690580010e+00 7.612080088e-01
1.457314629e+04 3.385377448e+00 1.765169260e+00 7.423031087e-01
1.461362725e+04 3.321203461e+00 1.841739345e+00 7.253288324e-01
1.465410822e+04 3.253429912e+00 1.920094735e+00 7.102240859e-01
1.469458918e+04 3.182373702e+00 2.000017406e+00 6.969321630e-01
1.473507014e+04 3.108366119e+00 2.081268020e+00 6.854010110e-01
1.477555110e+04 3.031750334e+00 2.163587431e+00 6.755834156e-01
1.481603206e+04 2.952878532e+00 2.246698627e+00 6.674371519e-01
1.485651303e+04 2.872108757e+00 2.330309072e+00 6.609250888e-01
1.489699399e+04 2.789801787e+00 2.414113272e+00 6.560152465e-01
1.493747495e+04 2.706317772e+00 2.497795571e+00 6.526808257e-01
1.497795591e+04 2.622012903e+00 2.581033246e+00 6.509002038e-01
1.501843687e+04 2.537236236e+00 2.663499538e+00 6.506569004e-01
1.505891784e+04 2.452326281e+00 2.744867073e+00 6.519395181e-01
1.509939880e+04 2.367608325e+00 2.824810811e+00 6.547416588e-01
1.513987976e+04 2.283391860e+00 2.903011065e+00 6.590618175e-01
1.518036072e+04 2.199968149e+00 2.979156410e+00 6.649032483e-01
1.522084168e+04 2.117608278e+00 3.052946333e+00 6.722738091e-01
1.526132265e+04 2.036561661e+00 3.124093570e+00 6.811857821e-01
1.530180361e+04 1.957054917e+00 3.192326119e+00 6.916556698e-01
1.534228457e+04 1.879291115e+00 3.257388938e+00 7.037039590e-01
1.538276553e+04 1.803449457e+00 3.319045393e+00 7.173548571e-01
1.542324649e+04 1.729685293e+00 3.377078133e+00 7.326359973e-01
1.546372745e+04 1.658130541e+00 3.431289913e+00 7.495781023e-01
1.550420842e+04 1.588894318e+00 3.481503939e+00 7.682146196e-01
1.554468938e+04 1.522063885e+00 3.527564023e+00 7.885813152e-01
1.558517034e+04 1.457705806e+00 3.569334460e+00 8.107158152e-01
1.562565130e+04 1.395867263e+00 3.606699736e+00 8.346571092e-01
1.566613226e+04 1.336577576e+00 3.639564035e+00 8.604449759e-01
1.570661323e+04 1.279849657e+00 3.667850687e+00 8.881194179e-01
1.574709419e+04 1.225681599e+00 3.691501525e+00 9.177200121e-01
1.578757515e+04 1.174058355e+00 3.710476264e+00 9.492852159e-01
1.582805611e+04 1.124953186e+00 3.724751555e+00 9.828515847e-01
1.586853707e+04 1.078329418e+00 3.734320742e+00 1.018453065e+00
1.590901804e+04 1.034141678e+00 3.739192796e+00 1.056120071e+00
1.594949900e+04 9.923375549e-01 3.739391865e+00 1.095878741e+00
1.598997996e+04 9.528587554e-01 3.734956845e+00 1.137749990e+00
1.603046092e+04 9.156423267e-01 3.725940972e+00 1.181748558e+00
1.607094188e+04 8.806219223e-01 3.712411170e+00 1.227882238e+00
1.611142285e+04 8.477287230e-01 3.694447923e+00 1.276150906e+00
1.615190381e+04 8.168923946e-01 3.672144924e+00 1.326545669e+00
1.619238477e+04 7.880419098e-01 3.645608807e+00 1.379048053e+00
1.623286573e+04 7.611063317e-01 3.614958892e+00 1.433629178e+00
1.627334669e+04 7.360154004e-01 3.580326951e+00 1.490249107e+00
1.631382766e+04 7.127000795e-01 3.541856912e+00 1.548856241e+00
1.635430862e+04 6.910930725e-01 3.499704516e+00 1.609386785e+00
1.639478958e+04 6.711292379e-01 3.454036918e+00 1.671764351e+00
1.643527054e+04 6.527459166e-01 3.405032201e+00 1.735899718e+00
1.647575150e+04 6.358832059e-01 3.352878782e+00 1.801690736e+00
1.651623246e+04 6.204841927e-01 3.297774708e+00 1.869022388e+00
1.655671343e+04 6.064951437e-01 3.239926829e+00 1.937766994e+00
1.659719439e+04 5.938656479e-01 3.179549857e+00 2.007784605e+00
1.663767535e+04 5.825487213e-01 3.116865289e+00 2.078923569e+00
1.667815631e+04 5.725008797e-01 3.052100236e+00 2.151021248e+00
1.671863727e+04 5.636821866e-01 2.985486130e+00 2.223904911e+00
1.675911824e+04 5.560562803e-01 2.917257355e+00 2.297392759e+00
1.679959920e+04 5.495903802e-01 2.847649807e+00 2.371295088e+00
1.684008016e+04 5.442552765e-01 2.776899407e+00 2.445415557e+00
1.688056112e+04 5.400253058e-01 2.705240594e+00 2.519552553e+00
1.692104208e+04 5.368783164e-01 2.632904827e+00 2.593500612e+00
1.696152305e+04 5.347956248e-01 2.560119111e+00 2.667051891e+00
1.700200401e+04 5.337619636e-01 2.487104585e+00 2.739997636e+00
1.704248497e+04 5.337654237e-01 2.414075188e+00 2.812129651e+00
1.708296593e+04 5.347973899e-01 2.341236429e+00 2.883241718e+00
1.712344689e+04 5.368524723e-01 2.268784274e+00 2.953130962e+00
1.716392786e+04 5.399284329e-01 2.196904176e+00 3.021599117e+00
1.720440882e+04 5.440261075e-01 2.125770253e+00 3.088453719e+00
1.724488978e+04 5.491493222e-01 2.055544618e+00 3.153509140e+00
1.728537074e+04 5.553048059e-01 1.986376865e+00 3.216587528e+00
1.732585170e+04 5.625020953e-01 1.918403723e+00 3.277519596e+00
1.736633267e+04 5.707534337e-01 1.851748857e+00 3.336145286e+00
1.740681363e+04 5.800736621e-01 1.786522826e+00 3.392314274e+00
1.744729459e+04 5.904801000e-01 1.722823179e+00 3.445886358e+00
1.748777555e+04 6.019924158e-01 1.660734675e+00 3.496731701e+00
1.752825651e+04 6.146324858e-01 1.600329619e+00 3.544730974e+00
1.756873747e+04 6.284242371e-01 1.541668305e+00 3.589775376e+00
1.760921844e+04 6.433934768e-01 1.484799536e+00 3.631766570e+00
1.764969940e+04 6.595677021e-01 1.429761222e+00 3.670616526e+00
1.769018036e+04 6.769758920e-01 1.376581027e+00 3.706247311e+00
1.773066132e+04 6.956482776e-01 1.325277066e+00 3.738590824e+00
1.777114228e+04 7.156160900e-01 1.275858628e+00 3.767588496e+00
1.781162325e+04 7.369112817e-01 1.228326907e+00 3.793190959e+00
1.785210421e+04 7.595662310e-01 1.182675749e+00 3.815357729e+00
1.789258517e+04 7.836134118e-01 1.138892389e+00 3.834056876e+00
1.793306613e+04 8.090850396e-01 1.096958176e+00 3.849264702e+00
1.797354709e+04 8.360126920e-01 1.056849281e+00 3.860965471e+00
1.801402806e+04 8.644269031e-01 1.018537365e+00 3.869151134e+00
1.805450902e+04 8.943567355e-01 9.819902363e-01 3.873821129e+00
1.809498998e+04 9.258293255e-01 9.471724543e-01 3.874982203e+00
1.813547094e+04 9.588694128e-01 9.140459093e-01 3.872648269e+00
1.817595190e+04 9.934988476e-01 8.825703583e-01 3.866840320e+00
1.821643287e+04 1.029736085e+00 8.527039218e-01 3.857586380e+00
1.825691383e+04 1.067595672e+00 8.244035407e-01 3.844921488e+00
1.829739479e+04 1.107087733e+00 7.976253940e-01 3.828887725e+00
1.833787575e+04 1.148217447e+00 7.723252802e-01 3.809534254e+00
1.837835671e+04 1.190984547e+00 7.484589604e-01 3.786917390e+00
1.841883768e+04 1.235382820e+00 7.259824661e-01 3.761100671e+00
1.845931864e+04 1.281399636e+00 7.048523781e-01 3.732154928e+00
1.849979960e+04 1.329015509e+00 6.850260665e-01 3.700158360e+00
1.854028056e+04 1.378203692e+00 6.664619063e-01 3.665196567e+00
1.858076152e+04 1.428929814e+00 6.491194664e-01 3.627362566e+00
1.862124248e+04 1.481151581e+00 6.329596729e-01 3.586756759e+00
1.866172345e+04 1.534818526e+00 6.179449498e-01 3.543486856e+00
1.870220441e+04 1.589871833e+00 6.040393393e-01 3.497667736e+00
1.874268537e+04 1.646244239e+00 5.912086025e-01 3.449421236e+00
1.878316633e+04 1.703860000e+00 5.794203067e-01 3.398875887e+00
1.882364729e+04 1.762634962e+00 5.686438930e-01 3.346166552e+00
1.886412826e+04 1.822476707e+00 5.588507335e-01 3.291433996e+00
1.890460922e+04 1.883284794e+00 5.500141769e-01 3.234824384e+00
1.894509018e+04 1.944951080e+00 5.421095821e-01 3.176488697e+00
1.898557114e+04 2.007360121e+00 5.351143457e-01 3.116582072e+00
1.902605210e+04 2.070389697e+00 5.290079194e-01 3.055263088e+00
1.906653307e+04 2.133911369e+00 5.237718213e-01 2.992692985e+00
1.910701403e+04 2.197791122e+00 5.193896411e-01 2.929034853e+00
1.914749499e+04 2.261890083e+00 5.158470385e-01 2.864452759e+00
1.918797595e+04 2.326065278e+00 5.131317388e-01 2.799110871e+00
1.922845691e+04 2.390170435e+00 5.112335271e-01 2.733172558e+00
1.926893788e+04 2.454056823e+00 5.101442354e-01 2.666799501e+00
1.930941884e+04 2.517574101e+00 5.098577280e-01 2.600150817e+00
1.934989980e+04 2.580571175e+00 5.103698835e-01 2.533382206e+00
1.939038076e+04 2.642897048e+00 5.116785744e-01 2.466645153e+00
1.943086172e+04 2.704401651e+00 5.137836446e-01 2.400086158e+00
1.947134269e+04 2.764936651e+00 5.166868839e-01 2.333846050e+00
1.951182365e+04 2.824356208e+00 5.203919982e-01 2.268059360e+00
1.955230461e+04 2.882517683e+00 5.249045774e-01 2.202853770e+00
1.959278557e+04 2.939282301e+00 5.302320600e-01 2.138349651e+00
1.963326653e+04 2.994515739e+00 5.363836931e-01 2.074659671e+00
1.967374749e+04 3.048088658e+00 5.433704870e-01 2.011888504e+00
1.971422846e+04 3.099877155e+00 5.512051655e-01 1.950132615e+00
1.975470942e+04 3.149763159e+00 5.599021093e-01 1.889480123e+00
1.979519038e+04 3.197634734e+00 5.694772923e-01 1.830010764e+00
1.983567134e+04 3.243386338e+00 5.799482103e-01 1.771795915e+00
1.987615230e+04 3.286919011e+00 5.913338000e-01 1.714898684e+00
1.991663327e+04 3.328140500e+00 6.036543499e-01 1.659374086e+00
1.995711423e+04 3.366965309e+00 6.169313981e-01 1.605269253e+00
1.999759519e+04 3.403314742e+00 6.311876195e-01 1.552623704e+00
2.003807615e+04 3.437116875e+00 6.464466990e-01 1.501469661e+00
2.007855711e+04 3.468306508e+00 6.627331923e-01 1.451832395e+00
2.011903808e+04 3.496825071e+00 6.800723687e-01 1.403730613e+00
2.015951904e+04 3.522620526e+00 6.984900407e-01 1.357176857e+00
2.020000000e+04 3.545647245e+00 7.180123770e-01 1.312177919e+00
