time            A               B               C               shA             shB             shC            
0.000000000e+00 1.100000000e+01 1.000000000e+01 3.000000000e+00 0.000000000e+00 0.000000000e+00 0.000000000e+00
1.442885772e+01 5.479431798e+00 5.445607146e+00 1.629965989e+00 1.690545523e-01 1.690545523e-01 1.690545523e-01
2.885771543e+01 5.338880381e+00 5.886472144e+00 1.775282609e+00 3.195796056e-01 3.195796056e-01 3.195796056e-01
4.328657315e+01 5.199634382e+00 6.338027216e+00 1.937421140e+00 4.694939807e-01 4.694939807e-01 4.694939807e-01
5.771543086e+01 5.052944017e+00 6.782914277e+00 2.115587560e+00 6.188102590e-01 6.188102590e-01 6.188102590e-01
7.214428858e+01 4.902237143e+00 7.214473240e+00 2.312489632e+00 7.675391001e-01 7.675391001e-01 7.675391001e-01
8.657314629e+01 4.751119211e+00 7.625663471e+00 2.530931012e+00 9.156928568e-01 9.156928568e-01 9.156928568e-01
1.010020040e+02 4.603205607e+00 8.009221955e+00 2.773766087e+00 1.063285374e+00 1.063285374e+00 1.063285374e+00
1.154308617e+02 4.462021037e+00 8.357901552e+00 3.043823483e+00 1.210331829e+00 1.210331829e+00 1.210331829e+00
1.298597194e+02 4.330923679e+00 8.664740411e+00 3.343796369e+00 1.356848535e+00 1.356848535e+00 1.356848535e+00
1.442885772e+02 4.213057463e+00 8.923354667e+00 3.676094595e+00 1.502852758e+00 1.502852758e+00 1.502852758e+00
1.587174349e+02 4.111333598e+00 9.128244744e+00 4.042655946e+00 1.648362596e+00 1.648362596e+00 1.648362596e+00
1.731462926e+02 4.028439755e+00 9.275104239e+00 4.444716633e+00 1.793396730e+00 1.793396730e+00 1.793396730e+00
1.875751503e+02 3.966872991e+00 9.361112759e+00 4.882548852e+00 1.937974300e+00 1.937974300e+00 1.937974300e+00
2.020040080e+02 3.928990385e+00 9.385192019e+00 5.355178728e+00 2.082114715e+00 2.082114715e+00 2.082114715e+00
2.164328657e+02 3.917070372e+00 9.348198109e+00 5.860107388e+00 2.225837485e+00 2.225837485e+00 2.225837485e+00
2.308617234e+02 3.933377205e+00 9.253021491e+00 6.393066232e+00 2.369162035e+00 2.369162035e+00 2.369162035e+00
2.452905812e+02 3.980220663e+00 9.104568875e+00 6.947843760e+00 2.512107548e+00 2.512107548e+00 2.512107548e+00
2.597194389e+02 4.060002525e+00 8.909612012e+00 7.516222112e+00 2.654692748e+00 2.654692748e+00 2.654692748e+00
2.741482966e+02 4.175241341e+00 8.676503089e+00 8.088057615e+00 2.796935791e+00 2.796935791e+00 2.796935791e+00
2.885771543e+02 4.328566371e+00 8.414775724e+00 8.651527827e+00 2.938853995e+00 2.938853995e+00 2.938853995e+00
3.030060120e+02 4.522670324e+00 8.134671285e+00 9.193551353e+00 3.080463801e+00 3.080463801e+00 3.080463801e+00
3.174348697e+02 4.760211928e+00 7.846639838e+00 9.700364738e+00 3.221780407e+00 3.221780407e+00 3.221780407e+00
3.318637275e+02 5.043658359e+00 7.560871383e+00 1.015822542e+01 3.362817776e+00 3.362817776e+00 3.362817776e+00
3.462925852e+02 5.375061782e+00 7.286906077e+00 1.055418951e+01 3.503588367e+00 3.503588367e+00 3.503588367e+00
3.607214429e+02 5.755767433e+00 7.033355511e+00 1.087690921e+01 3.644102926e+00 3.644102926e+00 3.644102926e+00
3.751503006e+02 6.186060870e+00 6.807749434e+00 1.111738589e+01 3.784370500e+00 3.784370500e+00 3.784370500e+00
3.895791583e+02 6.664772221e+00 6.616502041e+00 1.126961770e+01 3.924398080e+00 3.924398080e+00 3.924398080e+00
4.040080160e+02 7.188870901e+00 6.464977253e+00 1.133108279e+01 4.064190560e+00 4.064190560e+00 4.064190560e+00
4.184368737e+02 7.753096879e+00 6.357622366e+00 1.130300776e+01 4.203750544e+00 4.203750544e+00 4.203750544e+00
4.328657315e+02 8.349689751e+00 6.298136803e+00 1.119038023e+01 4.343078260e+00 4.343078260e+00 4.343078260e+00
4.472945892e+02 8.968277330e+00 6.289643296e+00 1.100168858e+01 4.482171403e+00 4.482171403e+00 4.482171403e+00
4.617234469e+02 9.595981994e+00 6.334833038e+00 1.074839871e+01 4.621025007e+00 4.621025007e+00 4.621025007e+00
4.761523046e+02 1.021778015e+01 6.436061022e+00 1.044421317e+01 4.759631380e+00 4.759631381e+00 4.759631381e+00
4.905811623e+02 1.081712122e+01 6.595374538e+00 1.010419076e+01 4.897979988e+00 4.897979985e+00 4.897979983e+00
5.050100200e+02 1.137677228e+01 6.814462614e+00 9.743827272e+00 5.036057425e+00 5.036057426e+00 5.036057426e+00
5.194388778e+02 1.187982302e+01 7.094520102e+00 9.378200695e+00 5.173847289e+00 5.173847285e+00 5.173847289e+00
5.338677355e+02 1.231075670e+01 7.436028300e+00 9.021268740e+00 5.311330181e+00 5.311330181e+00 5.311330181e+00
5.482965932e+02 1.265648310e+01 7.838462352e+00 8.685375990e+00 5.448483705e+00 5.448483693e+00 5.448483728e+00
5.627254509e+02 1.290723437e+01 8.299946181e+00 8.380987096e+00 5.585282431e+00 5.585282431e+00 5.585282431e+00
5.771543086e+02 1.305723382e+01 8.816889039e+00 8.116631791e+00 5.721697907e+00 5.721697897e+00 5.721697902e+00
5.915831663e+02 1.310508326e+01 9.383648748e+00 7.899013531e+00 5.857698679e+00 5.857698678e+00 5.857698679e+00
6.060120240e+02 1.305382621e+01 9.992276716e+00 7.733230602e+00 5.993250417e+00 5.993250416e+00 5.993250417e+00
6.204408818e+02 1.291068668e+01 1.063240141e+01 7.623049640e+00 6.128315897e+00 6.128315897e+00 6.128315897e+00
6.348697395e+02 1.268650862e+01 1.129130135e+01 7.571182246e+00 6.262855142e+00 6.262855141e+00 6.262855141e+00
6.492985972e+02 1.239495881e+01 1.195419864e+01 7.579523873e+00 6.396825504e+00 6.396825509e+00 6.396825506e+00
6.637274549e+02 1.205157448e+01 1.260478016e+01 7.649330184e+00 6.530181827e+00 6.530181832e+00 6.530181829e+00
6.781563126e+02 1.167276116e+01 1.322591958e+01 7.781313919e+00 6.662876554e+00 6.662876554e+00 6.662876554e+00
6.925851703e+02 1.127484275e+01 1.380054496e+01 7.975657098e+00 6.794859895e+00 6.794859894e+00 6.794859894e+00
7.070140281e+02 1.087325226e+01 1.431257454e+01 8.231941195e+00 6.926080017e+00 6.926080017e+00 6.926080017e+00
7.214428858e+02 1.048192303e+01 1.474783395e+01 8.549005413e+00 7.056483226e+00 7.056483226e+00 7.056483226e+00
7.358717435e+02 1.011290543e+01 1.509487109e+01 8.924750424e+00 7.186014160e+00 7.186014159e+00 7.186014159e+00
7.503006012e+02 9.776200834e+00 1.534559871e+01 9.355911846e+00 7.314616005e+00 7.314616005e+00 7.314616004e+00
7.647294589e+02 9.479779220e+00 1.549571405e+01 9.837834113e+00 7.442230715e+00 7.442230715e+00 7.442230714e+00
7.791583166e+02 9.229731850e+00 1.554486751e+01 1.036428009e+01 7.568799234e+00 7.568799234e+00 7.568799234e+00
7.935871743e+02 9.030506395e+00 1.549657448e+01 1.092731337e+01 7.694261729e+00 7.694261729e+00 7.694261729e+00
8.080160321e+02 8.885176110e+00 1.535788568e+01 1.151728738e+01 7.818557817e+00 7.818557818e+00 7.818557817e+00
8.224448898e+02 8.795703698e+00 1.513885154e+01 1.212296653e+01 7.941626802e+00 7.941626802e+00 7.941626802e+00
8.368737475e+02 8.763171441e+00 1.485183206e+01 1.273179218e+01 8.063407899e+00 8.063407900e+00 8.063407899e+00
8.513026052e+02 8.787960093e+00 1.451071784e+01 1.333028740e+01 8.183840464e+00 8.183840465e+00 8.183840464e+00
8.657314629e+02 8.869868185e+00 1.413013191e+01 1.390457799e+01 8.302864208e+00 8.302864209e+00 8.302864208e+00
8.801603206e+02 9.008170910e+00 1.372468010e+01 1.444099065e+01 8.420419409e+00 8.420419410e+00 8.420419410e+00
8.945891784e+02 9.201623551e+00 1.330830582e+01 1.492667941e+01 8.536447110e+00 8.536447111e+00 8.536447111e+00
9.090180361e+02 9.448418821e+00 1.289378721e+01 1.535022806e+01 8.650889306e+00 8.650889307e+00 8.650889306e+00
9.234468938e+02 9.746110959e+00 1.249239423e+01 1.570217947e+01 8.763689114e+00 8.763689114e+00 8.763689114e+00
9.378757515e+02 1.009152217e+01 1.211370243e+01 1.597545211e+01 8.874790928e+00 8.874790929e+00 8.874790929e+00
9.523046092e+02 1.048064872e+01 1.176554492e+01 1.616561586e+01 8.984140562e+00 8.984140562e+00 8.984140562e+00
9.667334669e+02 1.090858480e+01 1.145407354e+01 1.627101305e+01 9.091685358e+00 9.091685358e+00 9.091685359e+00
9.811623246e+02 1.136948148e+01 1.118389633e+01 1.629272335e+01 9.197374294e+00 9.197374294e+00 9.197374294e+00
9.955911824e+02 1.185655584e+01 1.095825932e+01 1.623438306e+01 9.301158051e+00 9.301158051e+00 9.301158051e+00
1.010020040e+03 1.236216072e+01 1.077924499e+01 1.610187930e+01 9.402989071e+00 9.402989071e+00 9.402989071e+00
1.024448898e+03 1.287791958e+01 1.064796615e+01 1.590294754e+01 9.502821582e+00 9.502821582e+00 9.502821583e+00
1.038877756e+03 1.339492462e+01 1.056474029e+01 1.564670530e+01 9.600611604e+00 9.600611604e+00 9.600611604e+00
1.053306613e+03 1.390398800e+01 1.052923582e+01 1.534315898e+01 9.696316922e+00 9.696316922e+00 9.696316922e+00
1.067735471e+03 1.439593073e+01 1.054058644e+01 1.500271838e+01 9.789897041e+00 9.789897041e+00 9.789897041e+00
1.082164329e+03 1.486188910e+01 1.059747396e+01 1.463575011e+01 9.881313107e+00 9.881313107e+00 9.881313107e+00
1.096593186e+03 1.529361664e+01 1.069818252e+01 1.425219419e+01 9.970527800e+00 9.970527800e+00 9.970527800e+00
1.111022044e+03 1.568376061e+01 1.084062912e+01 1.386125952e+01 1.005750520e+01 1.005750520e+01 1.005750520e+01
1.125450902e+03 1.602609495e+01 1.102237634e+01 1.347120496e+01 1.014221061e+01 1.014221061e+01 1.014221061e+01
1.139879760e+03 1.631569639e+01 1.124063366e+01 1.308920431e+01 1.022461039e+01 1.022461039e+01 1.022461039e+01
1.154308617e+03 1.654905597e+01 1.149225377e+01 1.272128717e+01 1.030467167e+01 1.030467167e+01 1.030467167e+01
1.168737475e+03 1.672412372e+01 1.177372986e+01 1.237234269e+01 1.038236212e+01 1.038236212e+01 1.038236212e+01
1.183166333e+03 1.684028900e+01 1.208119898e+01 1.204617185e+01 1.045764964e+01 1.045764964e+01 1.045764964e+01
1.197595190e+03 1.689830324e+01 1.241045568e+01 1.174557284e+01 1.053050200e+01 1.053050200e+01 1.053050200e+01
1.212024048e+03 1.690015415e+01 1.275697870e+01 1.147244610e+01 1.060088644e+01 1.060088644e+01 1.060088644e+01
1.226452906e+03 1.684890237e+01 1.311597204e+01 1.122790756e+01 1.066876921e+01 1.066876921e+01 1.066876921e+01
1.240881764e+03 1.674849283e+01 1.348242017e+01 1.101240083e+01 1.073411512e+01 1.073411512e+01 1.073411512e+01
1.255310621e+03 1.660355202e+01 1.385115569e+01 1.082580231e+01 1.079688692e+01 1.079688692e+01 1.079688692e+01
1.269739479e+03 1.641918246e+01 1.421693656e+01 1.066751503e+01 1.085704470e+01 1.085704470e+01 1.085704470e+01
1.284168337e+03 1.620076394e+01 1.457452898e+01 1.053654932e+01 1.091454513e+01 1.091454513e+01 1.091454513e+01
1.298597194e+03 1.595376957e+01 1.491879173e+01 1.043158940e+01 1.096934070e+01 1.096934070e+01 1.096934070e+01
1.313026052e+03 1.568360289e+01 1.524475728e+01 1.035104677e+01 1.102137878e+01 1.102137878e+01 1.102137878e+01
1.327454910e+03 1.539545986e+01 1.554770592e+01 1.029310135e+01 1.107060058e+01 1.107060058e+01 1.107060058e+01
1.341883768e+03 1.509421792e+01 1.582322952e+01 1.025573228e+01 1.111693997e+01 1.111693997e+01 1.111693997e+01
1.356312625e+03 1.478435240e+01 1.606728291e+01 1.023674009e+01 1.116032211e+01 1.116032211e+01 1.116032211e+01
1.370741483e+03 1.446987885e+01 1.627622226e+01 1.023376251e+01 1.120066193e+01 1.120066193e+01 1.120066193e+01
1.385170341e+03 1.415431899e+01 1.644683099e+01 1.024428583e+01 1.123786231e+01 1.123786231e+01 1.123786231e+01
1.399599198e+03 1.384068703e+01 1.657633562e+01 1.026565397e+01 1.127181207e+01 1.127181207e+01 1.127181207e+01
1.414028056e+03 1.353149261e+01 1.666241525e+01 1.029507729e+01 1.130238354e+01 1.130238354e+01 1.130238354e+01
1.428456914e+03 1.322875672e+01 1.670320969e+01 1.032964330e+01 1.132942988e+01 1.132942988e+01 1.132942988e+01
1.442885772e+03 1.293403689e+01 1.669733233e+01 1.036633124e+01 1.135278183e+01 1.135278183e+01 1.135278183e+01
1.457314629e+03 1.264845843e+01 1.664389393e+01 1.040203305e+01 1.137224403e+01 1.137224403e+01 1.137224403e+01
1.471743487e+03 1.237274885e+01 1.654254341e+01 1.043358262e+01 1.138759072e+01 1.138759072e+01 1.138759072e+01
1.486172345e+03 1.210727338e+01 1.639352962e+01 1.045779603e+01 1.139856076e+01 1.139856076e+01 1.139856076e+01
1.500601202e+03 1.185206989e+01 1.619778388e+01 1.047152461e+01 1.140485183e+01 1.140485183e+01 1.140485183e+01
1.515030060e+03 1.160688260e+01 1.595701850e+01 1.047172304e+01 1.140611381e+01 1.140611381e+01 1.140611381e+01
1.529458918e+03 1.137119431e+01 1.567382676e+01 1.045553303e+01 1.140194108e+01 1.140194108e+01 1.140194108e+01
1.543887776e+03 1.114425827e+01 1.535176358e+01 1.042038237e+01 1.139186394e+01 1.139186394e+01 1.139186394e+01
1.558316633e+03 1.092513113e+01 1.499537782e+01 1.036409679e+01 1.137533884e+01 1.137533884e+01 1.137533884e+01
1.572745491e+03 1.071270937e+01 1.461016751e+01 1.028501884e+01 1.135173779e+01 1.135173779e+01 1.135173779e+01
1.587174349e+03 1.050577159e+01 1.420243445e+01 1.018212489e+01 1.132033700e+01 1.132033700e+01 1.132033700e+01
1.601603206e+03 1.030302868e+01 1.377903230e+01 1.005512760e+01 1.128030538e+01 1.128030538e+01 1.128030538e+01
1.616032064e+03 1.010318262e+01 1.334702467e+01 9.904548379e+00 1.123069387e+01 1.123069387e+01 1.123069387e+01
1.630460922e+03 9.904992673e+00 1.291329391e+01 9.731743962e+00 1.117042684e+01 1.117042684e+01 1.117042684e+01
1.644889780e+03 9.707345473e+00 1.248415711e+01 9.538873668e+00 1.109829816e+01 1.109829816e+01 1.109829816e+01
1.659318637e+03 9.509322964e+00 1.206504717e+01 9.328800546e+00 1.101297504e+01 1.101297504e+01 1.101297504e+01
1.673747495e+03 9.310261083e+00 1.166030272e+01 9.104929399e+00 1.091301430e+01 1.091301430e+01 1.091301430e+01
1.688176353e+03 9.109791726e+00 1.127308552e+01 8.870996017e+00 1.079689697e+01 1.079689697e+01 1.079689697e+01
1.702605210e+03 8.907862064e+00 1.090541792e+01 8.630831601e+00 1.066308814e+01 1.066308814e+01 1.066308814e+01
1.717034068e+03 8.704727993e+00 1.055831225e+01 8.388131582e+00 1.051012916e+01 1.051012915e+01 1.051012916e+01
1.731462926e+03 8.500922011e+00 1.023195483e+01 8.146256873e+00 1.033676734e+01 1.033676734e+01 1.033676734e+01
1.745891784e+03 8.297199360e+00 9.925908420e+00 7.908088461e+00 1.014212372e+01 1.014212372e+01 1.014212372e+01
1.760320641e+03 8.094469142e+00 9.639304818e+00 7.675945304e+00 9.925890038e+00 9.925890038e+00 9.925890038e+00
1.774749499e+03 7.893718772e+00 9.371010201e+00 7.451564009e+00 9.688533367e+00 9.688533366e+00 9.688533366e+00
1.789178357e+03 7.695940284e+00 9.119755591e+00 7.236129767e+00 9.431471843e+00 9.431471843e+00 9.431471843e+00
1.803607214e+03 7.502065851e+00 8.884232365e+00 7.030342878e+00 9.157174062e+00 9.157174061e+00 9.157174061e+00
1.818036072e+03 7.312917641e+00 8.663156999e+00 6.834504404e+00 8.869134700e+00 8.869134700e+00 8.869134700e+00
1.832464930e+03 7.129174551e+00 8.455311201e+00 6.648606668e+00 8.571696995e+00 8.571696995e+00 8.571696995e+00
1.846893788e+03 6.951355782e+00 8.259563754e+00 6.472418259e+00 8.269728069e+00 8.269728069e+00 8.269728069e+00
1.861322645e+03 6.779819247e+00 8.074879653e+00 6.305557366e+00 7.968196176e+00 7.968196176e+00 7.968196176e+00
1.875751503e+03 6.614771551e+00 7.900320957e+00 6.147550879e+00 7.671731717e+00 7.671731717e+00 7.671731717e+00
1.890180361e+03 6.456285805e+00 7.735042680e+00 5.997879257e+00 7.384260409e+00 7.384260409e+00 7.384260409e+00
1.904609218e+03 6.304323710e+00 7.578286002e+00 5.856008697e+00 7.108773518e+00 7.108773517e+00 7.108773517e+00
1.919038076e+03 6.158758902e+00 7.429370324e+00 5.721412904e+00 6.847256895e+00 6.847256895e+00 6.847256895e+00
1.933466934e+03 6.019399355e+00 7.287685108e+00 5.593586793e+00 6.600758919e+00 6.600758919e+00 6.600758919e+00
1.947895792e+03 5.886007408e+00 7.152682054e+00 5.472054304e+00 6.369550129e+00 6.369550129e+00 6.369550129e+00
1.962324649e+03 5.758316690e+00 7.023867882e+00 5.356372114e+00 6.153321748e+00 6.153321748e+00 6.153321748e+00
1.976753507e+03 5.636045716e+00 6.900797848e+00 5.246130638e+00 5.951380183e+00 5.951380183e+00 5.951380183e+00
1.991182365e+03 5.518908327e+00 6.783070009e+00 5.140953326e+00 5.762811365e+00 5.762811365e+00 5.762811365e+00
2.005611222e+03 5.406621341e+00 6.670320199e+00 5.040494981e+00 5.586604697e+00 5.586604697e+00 5.586604697e+00
2.020040080e+03 5.298909851e+00 6.562217648e+00 4.944439577e+00 5.421737653e+00 5.421737653e+00 5.421737653e+00
2.034468938e+03 5.195510683e+00 6.458461180e+00 4.852497876e+00 5.267227784e+00 5.267227784e+00 5.267227784e+00
2.048897796e+03 5.096174410e+00 6.358775911e+00 4.764405050e+00 5.122160690e+00 5.122160690e+00 5.122160690e+00
2.063326653e+03 5.000666333e+00 6.262910380e+00 4.679918397e+00 4.985701819e+00 4.985701819e+00 4.985701819e+00
2.077755511e+03 4.908766716e+00 6.170634048e+00 4.598815225e+00 4.857098319e+00 4.857098319e+00 4.857098319e+00
2.092184369e+03 4.820270527e+00 6.081735120e+00 4.520890914e+00 4.735675342e+00 4.735675342e+00 4.735675342e+00
2.106613226e+03 4.734986860e+00 5.996018636e+00 4.445957164e+00 4.620829671e+00 4.620829671e+00 4.620829670e+00
2.121042084e+03 4.652738164e+00 5.913304798e+00 4.373840424e+00 4.512022392e+00 4.512022392e+00 4.512022391e+00
2.135470942e+03 4.573359394e+00 5.833427490e+00 4.304380483e+00 4.408771601e+00 4.408771601e+00 4.408771601e+00
2.149899800e+03 4.496697114e+00 5.756232982e+00 4.237429216e+00 4.310645601e+00 4.310645601e+00 4.310645601e+00
2.164328657e+03 4.422608626e+00 5.681578772e+00 4.172849466e+00 4.217256794e+00 4.217256794e+00 4.217256794e+00
2.178757515e+03 4.350961123e+00 5.609332561e+00 4.110514035e+00 4.128256288e+00 4.128256288e+00 4.128256288e+00
2.193186373e+03 4.281630895e+00 5.539371341e+00 4.050304797e+00 4.043329231e+00 4.043329231e+00 4.043329231e+00
2.207615230e+03 4.214502596e+00 5.471580582e+00 3.992111895e+00 3.962190763e+00 3.962190763e+00 3.962190762e+00
2.222044088e+03 4.149468559e+00 5.405853499e+00 3.935833027e+00 3.884582490e+00 3.884582490e+00 3.884582490e+00
2.236472946e+03 4.086428178e+00 5.342090397e+00 3.881372795e+00 3.810269464e+00 3.810269464e+00 3.810269464e+00
2.250901804e+03 4.025287339e+00 5.280198087e+00 3.828642134e+00 3.739037553e+00 3.739037553e+00 3.739037553e+00
2.265330661e+03 3.965957905e+00 5.220089350e+00 3.777557789e+00 3.670691176e+00 3.670691176e+00 3.670691176e+00
2.279759519e+03 3.908357247e+00 5.161682467e+00 3.728041843e+00 3.605051307e+00 3.605051307e+00 3.605051307e+00
2.294188377e+03 3.852407811e+00 5.104900776e+00 3.680021291e+00 3.541953724e+00 3.541953724e+00 3.541953724e+00
2.308617234e+03 3.798036732e+00 5.049672283e+00 3.633427657e+00 3.481247492e+00 3.481247492e+00 3.481247492e+00
2.323046092e+03 3.745175482e+00 4.995929311e+00 3.588196645e+00 3.422793657e+00 3.422793657e+00 3.422793657e+00
2.337474950e+03 3.693759547e+00 4.943608173e+00 3.544267820e+00 3.366464039e+00 3.366464039e+00 3.366464039e+00
2.351903808e+03 3.643728136e+00 4.892648879e+00 3.501584325e+00 3.312140228e+00 3.312140228e+00 3.312140228e+00
2.366332665e+03 3.595023903e+00 4.842994863e+00 3.460092610e+00 3.259712589e+00 3.259712589e+00 3.259712589e+00
2.380761523e+03 3.547592714e+00 4.794592745e+00 3.419742198e+00 3.209079549e+00 3.209079549e+00 3.209079549e+00
2.395190381e+03 3.501383414e+00 4.747392101e+00 3.380485464e+00 3.160146802e+00 3.160146802e+00 3.160146801e+00
2.409619238e+03 3.456347622e+00 4.701345261e+00 3.342277435e+00 3.112826654e+00 3.112826654e+00 3.112826654e+00
2.424048096e+03 3.412439549e+00 4.656407116e+00 3.305075606e+00 3.067037477e+00 3.067037477e+00 3.067037477e+00
2.438476954e+03 3.369615815e+00 4.612534953e+00 3.268839770e+00 3.022703173e+00 3.022703173e+00 3.022703173e+00
2.452905812e+03 3.327835297e+00 4.569688288e+00 3.233531866e+00 2.979752717e+00 2.979752717e+00 2.979752717e+00
2.467334669e+03 3.287058978e+00 4.527828724e+00 3.199115834e+00 2.938119720e+00 2.938119720e+00 2.938119720e+00
2.481763527e+03 3.247249812e+00 4.486919816e+00 3.165557485e+00 2.897742064e+00 2.897742064e+00 2.897742064e+00
2.496192385e+03 3.208372603e+00 4.446926944e+00 3.132824381e+00 2.858561559e+00 2.858561559e+00 2.858561559e+00
2.510621242e+03 3.170393884e+00 4.407817204e+00 3.100885722e+00 2.820523632e+00 2.820523632e+00 2.820523631e+00
2.525050100e+03 3.133281814e+00 4.369559295e+00 3.069712244e+00 2.783577045e+00 2.783577045e+00 2.783577045e+00
2.539478958e+03 3.097006075e+00 4.332123424e+00 3.039276121e+00 2.747673643e+00 2.747673643e+00 2.747673643e+00
2.553907816e+03 3.061537783e+00 4.295481212e+00 3.009550881e+00 2.712768117e+00 2.712768117e+00 2.712768117e+00
2.568336673e+03 3.026849404e+00 4.259605613e+00 2.980511317e+00 2.678817798e+00 2.678817798e+00 2.678817798e+00
2.582765531e+03 2.992914672e+00 4.224470836e+00 2.952133422e+00 2.645782473e+00 2.645782473e+00 2.645782473e+00
2.597194389e+03 2.959708518e+00 4.190052268e+00 2.924394309e+00 2.613624197e+00 2.613624197e+00 2.613624196e+00
2.611623246e+03 2.927207002e+00 4.156326410e+00 2.897272151e+00 2.582307148e+00 2.582307148e+00 2.582307148e+00
2.626052104e+03 2.895387247e+00 4.123270813e+00 2.870746115e+00 2.551797453e+00 2.551797453e+00 2.551797453e+00
2.640480962e+03 2.864227377e+00 4.090864016e+00 2.844796311e+00 2.522063081e+00 2.522063081e+00 2.522063081e+00
2.654909820e+03 2.833706470e+00 4.059085493e+00 2.819403735e+00 2.493073712e+00 2.493073712e+00 2.493073712e+00
2.669338677e+03 2.803804499e+00 4.027915606e+00 2.794550220e+00 2.464800593e+00 2.464800593e+00 2.464800593e+00
2.683767535e+03 2.774502285e+00 3.997335549e+00 2.770218391e+00 2.437216500e+00 2.437216500e+00 2.437216500e+00
2.698196393e+03 2.745781454e+00 3.967327310e+00 2.746391622e+00 2.410295587e+00 2.410295587e+00 2.410295586e+00
2.712625251e+03 2.717624394e+00 3.937873626e+00 2.723053997e+00 2.384013297e+00 2.384013297e+00 2.384013297e+00
2.727054108e+03 2.690014214e+00 3.908957944e+00 2.700190269e+00 2.358346303e+00 2.358346303e+00 2.358346303e+00
2.741482966e+03 2.662934705e+00 3.880564383e+00 2.677785825e+00 2.333272440e+00 2.333272440e+00 2.333272439e+00
2.755911824e+03 2.636370310e+00 3.852677705e+00 2.655826657e+00 2.308770595e+00 2.308770595e+00 2.308770595e+00
2.770340681e+03 2.610306091e+00 3.825283276e+00 2.634299329e+00 2.284820668e+00 2.284820668e+00 2.284820668e+00
2.784769539e+03 2.584727694e+00 3.798367039e+00 2.613190946e+00 2.261403525e+00 2.261403525e+00 2.261403524e+00
2.799198397e+03 2.559621320e+00 3.771915484e+00 2.592489128e+00 2.238500910e+00 2.238500910e+00 2.238500910e+00
2.813627255e+03 2.534973702e+00 3.745915622e+00 2.572181982e+00 2.216095414e+00 2.216095414e+00 2.216095414e+00
2.828056112e+03 2.510772079e+00 3.720354960e+00 2.552258085e+00 2.194170422e+00 2.194170422e+00 2.194170422e+00
2.842484970e+03 2.487004164e+00 3.695221475e+00 2.532706451e+00 2.172710056e+00 2.172710056e+00 2.172710056e+00
2.856913828e+03 2.463658135e+00 3.670503596e+00 2.513516520e+00 2.151699159e+00 2.151699159e+00 2.151699159e+00
2.871342685e+03 2.440722601e+00 3.646190178e+00 2.494678129e+00 2.131123229e+00 2.131123229e+00 2.131123229e+00
2.885771543e+03 2.418186590e+00 3.622270485e+00 2.476181499e+00 2.110968399e+00 2.110968399e+00 2.110968399e+00
2.900200401e+03 2.396039526e+00 3.598734172e+00 2.458017216e+00 2.091221399e+00 2.091221399e+00 2.091221399e+00
2.914629259e+03 2.374271211e+00 3.575571264e+00 2.440176212e+00 2.071869516e+00 2.071869516e+00 2.071869516e+00
2.929058116e+03 2.352871808e+00 3.552772140e+00 2.422649750e+00 2.052900578e+00 2.052900578e+00 2.052900578e+00
2.943486974e+03 2.331831826e+00 3.530327518e+00 2.405429407e+00 2.034302910e+00 2.034302910e+00 2.034302910e+00
2.957915832e+03 2.311142104e+00 3.508228441e+00 2.388507065e+00 2.016065321e+00 2.016065321e+00 2.016065320e+00
2.972344689e+03 2.290793797e+00 3.486466261e+00 2.371874890e+00 1.998177071e+00 1.998177071e+00 1.998177071e+00
2.986773547e+03 2.270778360e+00 3.465032622e+00 2.355525327e+00 1.980627854e+00 1.980627854e+00 1.980627854e+00
3.001202405e+03 2.251087541e+00 3.443919460e+00 2.339451084e+00 1.963407776e+00 1.963407776e+00 1.963407776e+00
3.015631263e+03 2.231713360e+00 3.423118974e+00 2.323645119e+00 1.946507326e+00 1.946507326e+00 1.946507326e+00
3.030060120e+03 2.212648109e+00 3.402623628e+00 2.308100633e+00 1.929917373e+00 1.929917373e+00 1.929917373e+00
3.044488978e+03 2.193884326e+00 3.382426131e+00 2.292811057e+00 1.913629126e+00 1.913629126e+00 1.913629126e+00
3.058917836e+03 2.175414797e+00 3.362519434e+00 2.277770042e+00 1.897634137e+00 1.897634137e+00 1.897634137e+00
3.073346693e+03 2.157232539e+00 3.342896712e+00 2.262971450e+00 1.881924268e+00 1.881924268e+00 1.881924268e+00
3.087775551e+03 2.139330797e+00 3.323551365e+00 2.248409350e+00 1.866491705e+00 1.866491705e+00 1.866491705e+00
3.102204409e+03 2.121703028e+00 3.304476999e+00 2.234078001e+00 1.851328907e+00 1.851328907e+00 1.851328907e+00
3.116633267e+03 2.104342890e+00 3.285667418e+00 2.219971847e+00 1.836428593e+00 1.836428593e+00 1.836428593e+00
3.131062124e+03 2.087244246e+00 3.267116627e+00 2.206085514e+00 1.821783773e+00 1.821783773e+00 1.821783773e+00
3.145490982e+03 2.070401151e+00 3.248818818e+00 2.192413803e+00 1.807387712e+00 1.807387712e+00 1.807387712e+00
3.159919840e+03 2.053807840e+00 3.230768359e+00 2.178951676e+00 1.793233906e+00 1.793233906e+00 1.793233906e+00
3.174348697e+03 2.037458722e+00 3.212959790e+00 2.165694254e+00 1.779316074e+00 1.779316074e+00 1.779316074e+00
3.188777555e+03 2.021348374e+00 3.195387811e+00 2.152636806e+00 1.765628139e+00 1.765628139e+00 1.765628139e+00
3.203206413e+03 2.005471538e+00 3.178047287e+00 2.139774751e+00 1.752164267e+00 1.752164267e+00 1.752164267e+00
3.217635271e+03 1.989823112e+00 3.160933236e+00 2.127103649e+00 1.738918812e+00 1.738918812e+00 1.738918812e+00
3.232064128e+03 1.974398149e+00 3.144040825e+00 2.114619198e+00 1.725886328e+00 1.725886328e+00 1.725886328e+00
3.246492986e+03 1.959191839e+00 3.127365357e+00 2.102317218e+00 1.713061530e+00 1.713061530e+00 1.713061530e+00
3.260921844e+03 1.944199514e+00 3.110902271e+00 2.090193659e+00 1.700439314e+00 1.700439314e+00 1.700439313e+00
3.275350701e+03 1.929416642e+00 3.094647143e+00 2.078244589e+00 1.688014762e+00 1.688014762e+00 1.688014762e+00
3.289779559e+03 1.914838823e+00 3.078595672e+00 2.066466197e+00 1.675783112e+00 1.675783112e+00 1.675783112e+00
3.304208417e+03 1.900461778e+00 3.062743683e+00 2.054854779e+00 1.663739754e+00 1.663739754e+00 1.663739754e+00
3.318637275e+03 1.886281349e+00 3.047087114e+00 2.043406739e+00 1.651880219e+00 1.651880219e+00 1.651880219e+00
3.333066132e+03 1.872293495e+00 3.031622017e+00 2.032118586e+00 1.640200190e+00 1.640200190e+00 1.640200190e+00
3.347494990e+03 1.858494288e+00 3.016344555e+00 2.020986928e+00 1.628695484e+00 1.628695484e+00 1.628695484e+00
3.361923848e+03 1.844879906e+00 3.001250998e+00 2.010008469e+00 1.617362050e+00 1.617362051e+00 1.617362050e+00
3.376352705e+03 1.831446633e+00 2.986337715e+00 1.999180008e+00 1.606195965e+00 1.606195965e+00 1.606195965e+00
3.390781563e+03 1.818190855e+00 2.971601176e+00 1.988498432e+00 1.595193426e+00 1.595193426e+00 1.595193426e+00
3.405210421e+03 1.805109052e+00 2.957037944e+00 1.977960713e+00 1.584350743e+00 1.584350743e+00 1.584350743e+00
3.419639279e+03 1.792197801e+00 2.942644674e+00 1.967563909e+00 1.573664343e+00 1.573664343e+00 1.573664343e+00
3.434068136e+03 1.779453768e+00 2.928418111e+00 1.957305158e+00 1.563130758e+00 1.563130758e+00 1.563130758e+00
3.448496994e+03 1.766873707e+00 2.914355085e+00 1.947181674e+00 1.552746624e+00 1.552746624e+00 1.552746624e+00
3.462925852e+03 1.754454460e+00 2.900452508e+00 1.937190749e+00 1.542508679e+00 1.542508679e+00 1.542508679e+00
3.477354709e+03 1.742192946e+00 2.886707374e+00 1.927329746e+00 1.532413755e+00 1.532413755e+00 1.532413755e+00
3.491783567e+03 1.730086168e+00 2.873116754e+00 1.917596099e+00 1.522458778e+00 1.522458778e+00 1.522458778e+00
3.506212425e+03 1.718131204e+00 2.859677792e+00 1.907987309e+00 1.512640762e+00 1.512640762e+00 1.512640762e+00
3.520641283e+03 1.706325206e+00 2.846387708e+00 1.898500943e+00 1.502956808e+00 1.502956808e+00 1.502956808e+00
3.535070140e+03 1.694665398e+00 2.833243789e+00 1.889134631e+00 1.493404100e+00 1.493404100e+00 1.493404100e+00
3.549498998e+03 1.683149077e+00 2.820243393e+00 1.879886068e+00 1.483979901e+00 1.483979901e+00 1.483979901e+00
3.563927856e+03 1.671773602e+00 2.807383940e+00 1.870753002e+00 1.474681550e+00 1.474681550e+00 1.474681550e+00
3.578356713e+03 1.660536401e+00 2.794662918e+00 1.861733243e+00 1.465506462e+00 1.465506462e+00 1.465506462e+00
3.592785571e+03 1.649434966e+00 2.782077874e+00 1.852824656e+00 1.456452125e+00 1.456452125e+00 1.456452125e+00
3.607214429e+03 1.638466845e+00 2.769626413e+00 1.844025159e+00 1.447516090e+00 1.447516090e+00 1.447516090e+00
3.621643287e+03 1.627629651e+00 2.757306203e+00 1.835332721e+00 1.438695982e+00 1.438695982e+00 1.438695982e+00
3.636072144e+03 1.616921054e+00 2.745114965e+00 1.826745366e+00 1.429989487e+00 1.429989487e+00 1.429989487e+00
3.650501002e+03 1.606338777e+00 2.733050474e+00 1.818261160e+00 1.421394352e+00 1.421394352e+00 1.421394352e+00
3.664929860e+03 1.595880599e+00 2.721110560e+00 1.809878225e+00 1.412908388e+00 1.412908388e+00 1.412908388e+00
3.679358717e+03 1.585544354e+00 2.709293102e+00 1.801594721e+00 1.404529462e+00 1.404529462e+00 1.404529462e+00
3.693787575e+03 1.575327920e+00 2.697596030e+00 1.793408857e+00 1.396255496e+00 1.396255496e+00 1.396255496e+00
3.708216433e+03 1.565229235e+00 2.686017324e+00 1.785318886e+00 1.388084470e+00 1.388084470e+00 1.388084470e+00
3.722645291e+03 1.555246275e+00 2.674555008e+00 1.777323100e+00 1.380014413e+00 1.380014413e+00 1.380014413e+00
3.737074148e+03 1.545377067e+00 2.663207150e+00 1.769419832e+00 1.372043406e+00 1.372043406e+00 1.372043406e+00
3.751503006e+03 1.535619685e+00 2.651971868e+00 1.761607458e+00 1.364169581e+00 1.364169581e+00 1.364169581e+00
3.765931864e+03 1.525972245e+00 2.640847318e+00 1.753884388e+00 1.356391115e+00 1.356391115e+00 1.356391115e+00
3.780360721e+03 1.516432904e+00 2.629831698e+00 1.746249070e+00 1.348706231e+00 1.348706231e+00 1.348706231e+00
3.794789579e+03 1.506999864e+00 2.618923248e+00 1.738699991e+00 1.341113201e+00 1.341113201e+00 1.341113201e+00
3.809218437e+03 1.497671364e+00 2.608120247e+00 1.731235670e+00 1.333610335e+00 1.333610335e+00 1.333610335e+00
3.823647295e+03 1.488445684e+00 2.597421011e+00 1.723854660e+00 1.326195986e+00 1.326195986e+00 1.326195986e+00
3.838076152e+03 1.479321144e+00 2.586823894e+00 1.716555550e+00 1.318868550e+00 1.318868551e+00 1.318868550e+00
3.852505010e+03 1.470296096e+00 2.576327286e+00 1.709336958e+00 1.311626461e+00 1.311626461e+00 1.311626461e+00
3.866933868e+03 1.461368931e+00 2.565929611e+00 1.702197533e+00 1.304468189e+00 1.304468189e+00 1.304468189e+00
3.881362725e+03 1.452538077e+00 2.555629330e+00 1.695135958e+00 1.297392245e+00 1.297392245e+00 1.297392245e+00
3.895791583e+03 1.443801992e+00 2.545424933e+00 1.688150941e+00 1.290397171e+00 1.290397171e+00 1.290397171e+00
3.910220441e+03 1.435159170e+00 2.535314946e+00 1.681241223e+00 1.283481550e+00 1.283481550e+00 1.283481550e+00
3.924649299e+03 1.426608137e+00 2.525297925e+00 1.674405568e+00 1.276643992e+00 1.276643992e+00 1.276643992e+00
3.939078156e+03 1.418147447e+00 2.515372454e+00 1.667642771e+00 1.269883144e+00 1.269883144e+00 1.269883144e+00
3.953507014e+03 1.409775687e+00 2.505537150e+00 1.660951650e+00 1.263197682e+00 1.263197682e+00 1.263197682e+00
3.967935872e+03 1.401491477e+00 2.495790659e+00 1.654331053e+00 1.256586317e+00 1.256586317e+00 1.256586317e+00
3.982364729e+03 1.393293460e+00 2.486131652e+00 1.647779848e+00 1.250047784e+00 1.250047784e+00 1.250047784e+00
3.996793587e+03 1.385180308e+00 2.476558830e+00 1.641296930e+00 1.243580850e+00 1.243580850e+00 1.243580850e+00
4.011222445e+03 1.377150726e+00 2.467070921e+00 1.634881219e+00 1.237184312e+00 1.237184312e+00 1.237184312e+00
4.025651303e+03 1.369203440e+00 2.457666678e+00 1.628531653e+00 1.230856993e+00 1.230856993e+00 1.230856993e+00
4.040080160e+03 1.361337202e+00 2.448344877e+00 1.622247196e+00 1.224597739e+00 1.224597739e+00 1.224597739e+00
4.054509018e+03 1.353550795e+00 2.439104323e+00 1.616026835e+00 1.218405428e+00 1.218405428e+00 1.218405427e+00
4.068937876e+03 1.345843020e+00 2.429943843e+00 1.609869575e+00 1.212278958e+00 1.212278958e+00 1.212278958e+00
4.083366733e+03 1.338212705e+00 2.420862287e+00 1.603774443e+00 1.206217255e+00 1.206217255e+00 1.206217255e+00
4.097795591e+03 1.330658702e+00 2.411858528e+00 1.597740487e+00 1.200219266e+00 1.200219266e+00 1.200219266e+00
4.112224449e+03 1.323179886e+00 2.402931463e+00 1.591766772e+00 1.194283964e+00 1.194283964e+00 1.194283964e+00
4.126653307e+03 1.315775152e+00 2.394080007e+00 1.585852384e+00 1.188410341e+00 1.188410341e+00 1.188410341e+00
4.141082164e+03 1.308443419e+00 2.385303100e+00 1.579996428e+00 1.182597412e+00 1.182597412e+00 1.182597412e+00
4.155511022e+03 1.301183628e+00 2.376599701e+00 1.574198027e+00 1.176844216e+00 1.176844216e+00 1.176844216e+00
4.169939880e+03 1.293994736e+00 2.367968789e+00 1.568456319e+00 1.171149809e+00 1.171149810e+00 1.171149809e+00
4.184368737e+03 1.286875726e+00 2.359409363e+00 1.562770464e+00 1.165513269e+00 1.165513269e+00 1.165513269e+00
4.198797595e+03 1.279825597e+00 2.350920441e+00 1.557139634e+00 1.159933693e+00 1.159933693e+00 1.159933693e+00
4.213226453e+03 1.272843367e+00 2.342501059e+00 1.551563020e+00 1.154410196e+00 1.154410196e+00 1.154410196e+00
4.227655311e+03 1.265928074e+00 2.334150271e+00 1.546039826e+00 1.148941911e+00 1.148941911e+00 1.148941911e+00
4.242084168e+03 1.259078774e+00 2.325867149e+00 1.540569275e+00 1.143527992e+00 1.143527992e+00 1.143527992e+00
4.256513026e+03 1.252294543e+00 2.317650787e+00 1.535150607e+00 1.138167611e+00 1.138167611e+00 1.138167611e+00
4.270941884e+03 1.245574471e+00 2.309500288e+00 1.529783071e+00 1.132859954e+00 1.132859954e+00 1.132859954e+00
4.285370741e+03 1.238917666e+00 2.301414777e+00 1.524465933e+00 1.127604223e+00 1.127604223e+00 1.127604223e+00
4.299799599e+03 1.232323253e+00 2.293393394e+00 1.519198475e+00 1.122399641e+00 1.122399641e+00 1.122399641e+00
4.314228457e+03 1.225790374e+00 2.285435294e+00 1.513979990e+00 1.117245441e+00 1.117245442e+00 1.117245441e+00
4.328657315e+03 1.219318184e+00 2.277539648e+00 1.508809786e+00 1.112140876e+00 1.112140876e+00 1.112140876e+00
4.343086172e+03 1.212905857e+00 2.269705640e+00 1.503687183e+00 1.107085210e+00 1.107085210e+00 1.107085210e+00
4.357515030e+03 1.206552581e+00 2.261932473e+00 1.498611515e+00 1.102077727e+00 1.102077727e+00 1.102077727e+00
4.371943888e+03 1.200257557e+00 2.254219361e+00 1.493582128e+00 1.097117721e+00 1.097117721e+00 1.097117721e+00
4.386372745e+03 1.194020003e+00 2.246565533e+00 1.488598379e+00 1.092204500e+00 1.092204500e+00 1.092204500e+00
4.400801603e+03 1.187839148e+00 2.238970231e+00 1.483659638e+00 1.087337386e+00 1.087337386e+00 1.087337386e+00
4.415230461e+03 1.181714238e+00 2.231432713e+00 1.478765289e+00 1.082515718e+00 1.082515718e+00 1.082515718e+00
4.429659319e+03 1.175644532e+00 2.223952247e+00 1.473914724e+00 1.077738844e+00 1.077738844e+00 1.077738844e+00
4.444088176e+03 1.169629299e+00 2.216528115e+00 1.469107346e+00 1.073006123e+00 1.073006123e+00 1.073006123e+00
4.458517034e+03 1.163667825e+00 2.209159612e+00 1.464342571e+00 1.068316931e+00 1.068316931e+00 1.068316931e+00
4.472945892e+03 1.157759406e+00 2.201846045e+00 1.459619824e+00 1.063670653e+00 1.063670653e+00 1.063670653e+00
4.487374749e+03 1.151903351e+00 2.194586732e+00 1.454938542e+00 1.059066686e+00 1.059066686e+00 1.059066686e+00
4.501803607e+03 1.146098980e+00 2.187381004e+00 1.450298171e+00 1.054504439e+00 1.054504439e+00 1.054504439e+00
4.516232465e+03 1.140345629e+00 2.180228204e+00 1.445698166e+00 1.049983333e+00 1.049983333e+00 1.049983333e+00
4.530661323e+03 1.134642640e+00 2.173127686e+00 1.441137995e+00 1.045502799e+00 1.045502799e+00 1.045502799e+00
4.545090180e+03 1.128989368e+00 2.166078812e+00 1.436617131e+00 1.041062277e+00 1.041062277e+00 1.041062277e+00
4.559519038e+03 1.123385181e+00 2.159080957e+00 1.432135058e+00 1.036661219e+00 1.036661219e+00 1.036661219e+00
4.573947896e+03 1.117829456e+00 2.152133507e+00 1.427691271e+00 1.032299087e+00 1.032299087e+00 1.032299087e+00
4.588376754e+03 1.112321581e+00 2.145235859e+00 1.423285272e+00 1.027975354e+00 1.027975354e+00 1.027975354e+00
4.602805611e+03 1.106860954e+00 2.138387418e+00 1.418916573e+00 1.023689501e+00 1.023689501e+00 1.023689501e+00
4.617234469e+03 1.101446984e+00 2.131587598e+00 1.414584691e+00 1.019441017e+00 1.019441017e+00 1.019441017e+00
4.631663327e+03 1.096079087e+00 2.124835824e+00 1.410289154e+00 1.015229404e+00 1.015229404e+00 1.015229404e+00
4.646092184e+03 1.090756693e+00 2.118131535e+00 1.406029500e+00 1.011054171e+00 1.011054171e+00 1.011054171e+00
4.660521042e+03 1.085479240e+00 2.111474171e+00 1.401805271e+00 1.006914837e+00 1.006914837e+00 1.006914837e+00
4.674949900e+03 1.080246174e+00 2.104863186e+00 1.397616019e+00 1.002810927e+00 1.002810927e+00 1.002810927e+00
4.689378758e+03 1.075056949e+00 2.098298041e+00 1.393461303e+00 9.987419752e-01 9.987419753e-01 9.987419752e-01
4.703807615e+03 1.069911032e+00 2.091778208e+00 1.389340690e+00 9.947075276e-01 9.947075277e-01 9.947075276e-01
4.718236473e+03 1.064807896e+00 2.085303167e+00 1.385253754e+00 9.907071349e-01 9.907071349e-01 9.907071349e-01
4.732665331e+03 1.059747023e+00 2.078872403e+00 1.381200076e+00 9.867403558e-01 9.867403559e-01 9.867403558e-01
4.747094188e+03 1.054727903e+00 2.072485414e+00 1.377179244e+00 9.828067571e-01 9.828067572e-01 9.828067571e-01
4.761523046e+03 1.049750035e+00 2.066141701e+00 1.373190852e+00 9.789059136e-01 9.789059136e-01 9.789059136e-01
4.775951904e+03 1.044812926e+00 2.059840777e+00 1.369234503e+00 9.750374076e-01 9.750374076e-01 9.750374076e-01
4.790380762e+03 1.039916089e+00 2.053582160e+00 1.365309804e+00 9.712008275e-01 9.712008276e-01 9.712008275e-01
4.804809619e+03 1.035059047e+00 2.047365377e+00 1.361416368e+00 9.673957691e-01 9.673957692e-01 9.673957691e-01
4.819238477e+03 1.030241329e+00 2.041189961e+00 1.357553818e+00 9.636218351e-01 9.636218352e-01 9.636218351e-01
4.833667335e+03 1.025462474e+00 2.035055455e+00 1.353721780e+00 9.598786368e-01 9.598786368e-01 9.598786367e-01
4.848096192e+03 1.020722026e+00 2.028961407e+00 1.349919888e+00 9.561657893e-01 9.561657893e-01 9.561657893e-01
4.862525050e+03 1.016019535e+00 2.022907371e+00 1.346147780e+00 9.524829152e-01 9.524829153e-01 9.524829152e-01
4.876953908e+03 1.011354561e+00 2.016892909e+00 1.342405100e+00 9.488296432e-01 9.488296432e-01 9.488296432e-01
4.891382766e+03 1.006726668e+00 2.010917591e+00 1.338691499e+00 9.452056105e-01 9.452056105e-01 9.452056105e-01
4.905811623e+03 1.002135430e+00 2.004980992e+00 1.335006634e+00 9.416104584e-01 9.416104585e-01 9.416104584e-01
4.920240481e+03 9.975804245e-01 1.999082692e+00 1.331350165e+00 9.380438342e-01 9.380438342e-01 9.380438342e-01
4.934669339e+03 9.930612362e-01 1.993222280e+00 1.327721759e+00 9.345053911e-01 9.345053911e-01 9.345053911e-01
4.949098196e+03 9.885774566e-01 1.987399350e+00 1.324121087e+00 9.309947870e-01 9.309947871e-01 9.309947870e-01
4.963527054e+03 9.841286835e-01 1.981613501e+00 1.320547827e+00 9.275116844e-01 9.275116844e-01 9.275116844e-01
4.977955912e+03 9.797145199e-01 1.975864340e+00 1.317001659e+00 9.240557521e-01 9.240557522e-01 9.240557521e-01
4.992384770e+03 9.753345752e-01 1.970151477e+00 1.313482271e+00 9.206266634e-01 9.206266635e-01 9.206266634e-01
5.006813627e+03 9.709884664e-01 1.964474533e+00 1.309989356e+00 9.172241045e-01 9.172241045e-01 9.172241044e-01
5.021242485e+03 9.666758147e-01 1.958833129e+00 1.306522611e+00 9.138477607e-01 9.138477607e-01 9.138477607e-01
5.035671343e+03 9.623962475e-01 1.953226896e+00 1.303081737e+00 9.104973235e-01 9.104973235e-01 9.104973234e-01
5.050100200e+03 9.581493967e-01 1.947655468e+00 1.299666440e+00 9.071724886e-01 9.071724886e-01 9.071724885e-01
5.064529058e+03 9.539349011e-01 1.942118484e+00 1.296276430e+00 9.038729583e-01 9.038729583e-01 9.038729582e-01
5.078957916e+03 9.497524043e-01 1.936615589e+00 1.292911424e+00 9.005984387e-01 9.005984387e-01 9.005984387e-01
5.093386774e+03 9.456015521e-01 1.931146431e+00 1.289571137e+00 8.973486313e-01 8.973486313e-01 8.973486312e-01
5.107815631e+03 9.414819988e-01 1.925710664e+00 1.286255292e+00 8.941232511e-01 8.941232512e-01 8.941232511e-01
5.122244489e+03 9.373934031e-01 1.920307948e+00 1.282963617e+00 8.909220153e-01 8.909220153e-01 8.909220152e-01
5.136673347e+03 9.333354277e-01 1.914937947e+00 1.279695843e+00 8.877446479e-01 8.877446480e-01 8.877446479e-01
5.151102204e+03 9.293077416e-01 1.909600331e+00 1.276451706e+00 8.845908746e-01 8.845908747e-01 8.845908746e-01
5.165531062e+03 9.253100188e-01 1.904294775e+00 1.273230945e+00 8.814604292e-01 8.814604292e-01 8.814604291e-01
5.179959920e+03 9.213419391e-01 1.899020960e+00 1.270033306e+00 8.783530578e-01 8.783530579e-01 8.783530578e-01
5.194388778e+03 9.174031872e-01 1.893778571e+00 1.266858540e+00 8.752685061e-01 8.752685061e-01 8.752685061e-01
5.208817635e+03 9.134934461e-01 1.888567290e+00 1.263706391e+00 8.722065020e-01 8.722065020e-01 8.722065020e-01
5.223246493e+03 9.096124060e-01 1.883386809e+00 1.260576612e+00 8.691667869e-01 8.691667869e-01 8.691667868e-01
5.237675351e+03 9.057597635e-01 1.878236823e+00 1.257468962e+00 8.661491173e-01 8.661491173e-01 8.661491173e-01
5.252104208e+03 9.019352182e-01 1.873117033e+00 1.254383203e+00 8.631532474e-01 8.631532474e-01 8.631532473e-01
5.266533066e+03 8.981384768e-01 1.868027146e+00 1.251319101e+00 8.601789459e-01 8.601789460e-01 8.601789459e-01
5.280961924e+03 8.943692477e-01 1.862966870e+00 1.248276425e+00 8.572259746e-01 8.572259746e-01 8.572259746e-01
5.295390782e+03 8.906272424e-01 1.857935916e+00 1.245254946e+00 8.542940929e-01 8.542940930e-01 8.542940929e-01
5.309819639e+03 8.869121771e-01 1.852934001e+00 1.242254437e+00 8.513830693e-01 8.513830694e-01 8.513830693e-01
5.324248497e+03 8.832237714e-01 1.847960842e+00 1.239274675e+00 8.484926727e-01 8.484926728e-01 8.484926727e-01
5.338677355e+03 8.795617507e-01 1.843016167e+00 1.236315444e+00 8.456226877e-01 8.456226878e-01 8.456226877e-01
5.353106212e+03 8.759258432e-01 1.838099701e+00 1.233376527e+00 8.427728943e-01 8.427728944e-01 8.427728943e-01
5.367535070e+03 8.723157803e-01 1.833211176e+00 1.230457712e+00 8.399430718e-01 8.399430718e-01 8.399430718e-01
5.381963928e+03 8.687312979e-01 1.828350328e+00 1.227558788e+00 8.371330064e-01 8.371330065e-01 8.371330064e-01
5.396392786e+03 8.651721348e-01 1.823516894e+00 1.224679550e+00 8.343424862e-01 8.343424862e-01 8.343424862e-01
5.410821643e+03 8.616380332e-01 1.818710616e+00 1.221819792e+00 8.315713015e-01 8.315713015e-01 8.315713015e-01
5.425250501e+03 8.581287394e-01 1.813931239e+00 1.218979314e+00 8.288192479e-01 8.288192479e-01 8.288192479e-01
5.439679359e+03 8.546440027e-01 1.809178511e+00 1.216157918e+00 8.260861257e-01 8.260861257e-01 8.260861257e-01
5.454108216e+03 8.511835761e-01 1.804452185e+00 1.213355407e+00 8.233717358e-01 8.233717358e-01 8.233717358e-01
5.468537074e+03 8.477472156e-01 1.799752015e+00 1.210571590e+00 8.206758812e-01 8.206758812e-01 8.206758812e-01
5.482965932e+03 8.443346808e-01 1.795077760e+00 1.207806275e+00 8.179983688e-01 8.179983689e-01 8.179983688e-01
5.497394790e+03 8.409457334e-01 1.790429181e+00 1.205059274e+00 8.153390043e-01 8.153390044e-01 8.153390043e-01
5.511823647e+03 8.375801397e-01 1.785806041e+00 1.202330404e+00 8.126975996e-01 8.126975997e-01 8.126975996e-01
5.526252505e+03 8.342376684e-01 1.781208110e+00 1.199619480e+00 8.100739703e-01 8.100739703e-01 8.100739702e-01
5.540681363e+03 8.309180913e-01 1.776635156e+00 1.196926324e+00 8.074679378e-01 8.074679379e-01 8.074679378e-01
5.555110220e+03 8.276211838e-01 1.772086955e+00 1.194250757e+00 8.048793228e-01 8.048793229e-01 8.048793228e-01
5.569539078e+03 8.243467230e-01 1.767563282e+00 1.191592604e+00 8.023079425e-01 8.023079426e-01 8.023079425e-01
5.583967936e+03 8.210944889e-01 1.763063914e+00 1.188951692e+00 7.997536160e-01 7.997536160e-01 7.997536160e-01
5.598396794e+03 8.178642654e-01 1.758588634e+00 1.186327849e+00 7.972161691e-01 7.972161692e-01 7.972161691e-01
5.612825651e+03 8.146558388e-01 1.754137228e+00 1.183720907e+00 7.946954373e-01 7.946954373e-01 7.946954373e-01
5.627254509e+03 8.114689983e-01 1.749709482e+00 1.181130701e+00 7.921912555e-01 7.921912555e-01 7.921912555e-01
5.641683367e+03 8.083035357e-01 1.745305186e+00 1.178557067e+00 7.897034571e-01 7.897034571e-01 7.897034571e-01
5.656112224e+03 8.051592449e-01 1.740924133e+00 1.175999841e+00 7.872318747e-01 7.872318747e-01 7.872318747e-01
5.670541082e+03 8.020359232e-01 1.736566117e+00 1.173458866e+00 7.847763479e-01 7.847763480e-01 7.847763479e-01
5.684969940e+03 7.989333698e-01 1.732230937e+00 1.170933981e+00 7.823367162e-01 7.823367163e-01 7.823367162e-01
5.699398798e+03 7.958513868e-01 1.727918392e+00 1.168425033e+00 7.799128211e-01 7.799128212e-01 7.799128211e-01
5.713827655e+03 7.927897788e-01 1.723628285e+00 1.165931868e+00 7.775045090e-01 7.775045090e-01 7.775045090e-01
5.728256513e+03 7.897483529e-01 1.719360421e+00 1.163454333e+00 7.751116268e-01 7.751116269e-01 7.751116268e-01
5.742685371e+03 7.867269186e-01 1.715114607e+00 1.160992279e+00 7.727340233e-01 7.727340233e-01 7.727340233e-01
5.757114228e+03 7.837252875e-01 1.710890652e+00 1.158545558e+00 7.703715488e-01 7.703715489e-01 7.703715488e-01
5.771543086e+03 7.807432740e-01 1.706688370e+00 1.156114024e+00 7.680240565e-01 7.680240565e-01 7.680240565e-01
5.785971944e+03 7.777806941e-01 1.702507573e+00 1.153697534e+00 7.656914003e-01 7.656914003e-01 7.656914003e-01
5.800400802e+03 7.748373669e-01 1.698348079e+00 1.151295944e+00 7.633734373e-01 7.633734373e-01 7.633734373e-01
5.814829659e+03 7.719131137e-01 1.694209706e+00 1.148909115e+00 7.610700261e-01 7.610700261e-01 7.610700261e-01
5.829258517e+03 7.690077567e-01 1.690092274e+00 1.146536908e+00 7.587810265e-01 7.587810266e-01 7.587810265e-01
5.843687375e+03 7.661211219e-01 1.685995608e+00 1.144179185e+00 7.565063012e-01 7.565063012e-01 7.565063012e-01
5.858116232e+03 7.632530372e-01 1.681919531e+00 1.141835813e+00 7.542457142e-01 7.542457143e-01 7.542457142e-01
5.872545090e+03 7.604033315e-01 1.677863872e+00 1.139506657e+00 7.519991309e-01 7.519991309e-01 7.519991309e-01
5.886973948e+03 7.575718365e-01 1.673828458e+00 1.137191585e+00 7.497664184e-01 7.497664185e-01 7.497664184e-01
5.901402806e+03 7.547583864e-01 1.669813122e+00 1.134890467e+00 7.475474464e-01 7.475474464e-01 7.475474464e-01
5.915831663e+03 7.519628167e-01 1.665817697e+00 1.132603175e+00 7.453420855e-01 7.453420855e-01 7.453420855e-01
5.930260521e+03 7.491849645e-01 1.661842017e+00 1.130329581e+00 7.431502075e-01 7.431502075e-01 7.431502075e-01
5.944689379e+03 7.464246701e-01 1.657885920e+00 1.128069561e+00 7.409716869e-01 7.409716870e-01 7.409716869e-01
5.959118236e+03 7.436817752e-01 1.653949244e+00 1.125822990e+00 7.388063996e-01 7.388063997e-01 7.388063996e-01
5.973547094e+03 7.409561221e-01 1.650031830e+00 1.123589745e+00 7.366542218e-01 7.366542218e-01 7.366542218e-01
5.987975952e+03 7.382475569e-01 1.646133521e+00 1.121369707e+00 7.345150327e-01 7.345150327e-01 7.345150327e-01
6.002404810e+03 7.355559270e-01 1.642254161e+00 1.119162755e+00 7.323887128e-01 7.323887128e-01 7.323887128e-01
6.016833667e+03 7.328810802e-01 1.638393596e+00 1.116968771e+00 7.302751429e-01 7.302751429e-01 7.302751429e-01
6.031262525e+03 7.302228676e-01 1.634551674e+00 1.114787638e+00 7.281742064e-01 7.281742064e-01 7.281742064e-01
6.045691383e+03 7.275811420e-01 1.630728245e+00 1.112619242e+00 7.260857882e-01 7.260857883e-01 7.260857882e-01
6.060120240e+03 7.249557578e-01 1.626923159e+00 1.110463470e+00 7.240097746e-01 7.240097747e-01 7.240097746e-01
6.074549098e+03 7.223465711e-01 1.623136272e+00 1.108320208e+00 7.219460532e-01 7.219460532e-01 7.219460532e-01
6.088977956e+03 7.197534390e-01 1.619367436e+00 1.106189346e+00 7.198945122e-01 7.198945123e-01 7.198945122e-01
6.103406814e+03 7.171762208e-01 1.615616509e+00 1.104070773e+00 7.178550421e-01 7.178550422e-01 7.178550421e-01
6.117835671e+03 7.146147774e-01 1.611883347e+00 1.101964381e+00 7.158275343e-01 7.158275343e-01 7.158275343e-01
6.132264529e+03 7.120689710e-01 1.608167811e+00 1.099870064e+00 7.138118815e-01 7.138118815e-01 7.138118815e-01
6.146693387e+03 7.095386655e-01 1.604469762e+00 1.097787714e+00 7.118079775e-01 7.118079775e-01 7.118079775e-01
6.161122244e+03 7.070237277e-01 1.600789062e+00 1.095717228e+00 7.098157187e-01 7.098157188e-01 7.098157187e-01
6.175551102e+03 7.045240237e-01 1.597125575e+00 1.093658503e+00 7.078350011e-01 7.078350012e-01 7.078350011e-01
6.189979960e+03 7.020394219e-01 1.593479167e+00 1.091611434e+00 7.058657223e-01 7.058657224e-01 7.058657223e-01
6.204408818e+03 6.995697923e-01 1.589849705e+00 1.089575922e+00 7.039077811e-01 7.039077811e-01 7.039077811e-01
6.218837675e+03 6.971150059e-01 1.586237056e+00 1.087551866e+00 7.019610774e-01 7.019610774e-01 7.019610774e-01
6.233266533e+03 6.946749376e-01 1.582641092e+00 1.085539169e+00 7.000255142e-01 7.000255142e-01 7.000255142e-01
6.247695391e+03 6.922494607e-01 1.579061683e+00 1.083537731e+00 6.981009931e-01 6.981009931e-01 6.981009931e-01
6.262124248e+03 6.898384509e-01 1.575498702e+00 1.081547457e+00 6.961874177e-01 6.961874178e-01 6.961874177e-01
6.276553106e+03 6.874417854e-01 1.571952024e+00 1.079568251e+00 6.942846930e-01 6.942846930e-01 6.942846930e-01
6.290981964e+03 6.850593428e-01 1.568421523e+00 1.077600019e+00 6.923927248e-01 6.923927248e-01 6.923927248e-01
6.305410822e+03 6.826910037e-01 1.564907077e+00 1.075642668e+00 6.905114208e-01 6.905114208e-01 6.905114208e-01
6.319839679e+03 6.803366490e-01 1.561408563e+00 1.073696105e+00 6.886406888e-01 6.886406889e-01 6.886406888e-01
6.334268537e+03 6.779961615e-01 1.557925861e+00 1.071760240e+00 6.867804382e-01 6.867804382e-01 6.867804382e-01
6.348697395e+03 6.756694251e-01 1.554458853e+00 1.069834982e+00 6.849305793e-01 6.849305793e-01 6.849305793e-01
6.363126253e+03 6.733563251e-01 1.551007419e+00 1.067920242e+00 6.830910234e-01 6.830910234e-01 6.830910234e-01
6.377555110e+03 6.710567478e-01 1.547571444e+00 1.066015933e+00 6.812616829e-01 6.812616829e-01 6.812616829e-01
6.391983968e+03 6.687705812e-01 1.544150811e+00 1.064121967e+00 6.794424712e-01 6.794424712e-01 6.794424712e-01
6.406412826e+03 6.664977142e-01 1.540745406e+00 1.062238259e+00 6.776333027e-01 6.776333027e-01 6.776333027e-01
6.420841683e+03 6.642380369e-01 1.537355116e+00 1.060364722e+00 6.758340928e-01 6.758340928e-01 6.758340928e-01
6.435270541e+03 6.619914408e-01 1.533979830e+00 1.058501273e+00 6.740447577e-01 6.740447578e-01 6.740447577e-01
6.449699399e+03 6.597578184e-01 1.530619436e+00 1.056647829e+00 6.722652148e-01 6.722652148e-01 6.722652148e-01
6.464128257e+03 6.575370633e-01 1.527273825e+00 1.054804308e+00 6.704953821e-01 6.704953822e-01 6.704953821e-01
6.478557114e+03 6.553290705e-01 1.523942889e+00 1.052970627e+00 6.687351789e-01 6.687351789e-01 6.687351789e-01
6.492985972e+03 6.531337359e-01 1.520626519e+00 1.051146706e+00 6.669845250e-01 6.669845251e-01 6.669845250e-01
6.507414830e+03 6.509509564e-01 1.517324611e+00 1.049332466e+00 6.652433414e-01 6.652433415e-01 6.652433414e-01
6.521843687e+03 6.487806303e-01 1.514037057e+00 1.047527828e+00 6.635115498e-01 6.635115499e-01 6.635115498e-01
6.536272545e+03 6.466226567e-01 1.510763755e+00 1.045732713e+00 6.617890728e-01 6.617890728e-01 6.617890728e-01
6.550701403e+03 6.444769365e-01 1.507504601e+00 1.043947046e+00 6.600758344e-01 6.600758344e-01 6.600758344e-01
6.565130261e+03 6.423433712e-01 1.504259495e+00 1.042170749e+00 6.583717590e-01 6.583717590e-01 6.583717590e-01
6.579559118e+03 6.402218629e-01 1.501028334e+00 1.040403748e+00 6.566767714e-01 6.566767715e-01 6.566767714e-01
6.593987976e+03 6.381123149e-01 1.497811018e+00 1.038645967e+00 6.549907977e-01 6.549907978e-01 6.549907977e-01
6.608416834e+03 6.360146317e-01 1.494607449e+00 1.036897332e+00 6.533137646e-01 6.533137646e-01 6.533137646e-01
6.622845691e+03 6.339287185e-01 1.491417529e+00 1.035157772e+00 6.516455995e-01 6.516455996e-01 6.516455995e-01
6.637274549e+03 6.318544817e-01 1.488241159e+00 1.033427212e+00 6.499862308e-01 6.499862309e-01 6.499862308e-01
6.651703407e+03 6.297918284e-01 1.485078245e+00 1.031705581e+00 6.483355874e-01 6.483355875e-01 6.483355874e-01
6.666132265e+03 6.277406690e-01 1.481928693e+00 1.029992811e+00 6.466936009e-01 6.466936009e-01 6.466936009e-01
6.680561122e+03 6.257009117e-01 1.478792407e+00 1.028288830e+00 6.450602012e-01 6.450602012e-01 6.450602012e-01
6.694989980e+03 6.236724667e-01 1.475669295e+00 1.026593569e+00 6.434353194e-01 6.434353195e-01 6.434353194e-01
6.709418838e+03 6.216552451e-01 1.472559264e+00 1.024906960e+00 6.418188878e-01 6.418188878e-01 6.418188878e-01
6.723847695e+03 6.196491589e-01 1.469462222e+00 1.023228934e+00 6.402108392e-01 6.402108392e-01 6.402108392e-01
6.738276553e+03 6.176541211e-01 1.466378080e+00 1.021559424e+00 6.386111070e-01 6.386111071e-01 6.386111070e-01
6.752705411e+03 6.156700453e-01 1.463306747e+00 1.019898365e+00 6.370196256e-01 6.370196256e-01 6.370196256e-01
6.767134269e+03 6.136968465e-01 1.460248136e+00 1.018245689e+00 6.354363299e-01 6.354363299e-01 6.354363299e-01
6.781563126e+03 6.117344418e-01 1.457202158e+00 1.016601334e+00 6.338611571e-01 6.338611571e-01 6.338611571e-01
6.795991984e+03 6.097827467e-01 1.454168727e+00 1.014965234e+00 6.322940426e-01 6.322940427e-01 6.322940426e-01
6.810420842e+03 6.078416785e-01 1.451147757e+00 1.013337326e+00 6.307349235e-01 6.307349236e-01 6.307349235e-01
6.824849699e+03 6.059111554e-01 1.448139161e+00 1.011717546e+00 6.291837375e-01 6.291837376e-01 6.291837375e-01
6.839278557e+03 6.039910963e-01 1.445142856e+00 1.010105832e+00 6.276404229e-01 6.276404230e-01 6.276404229e-01
6.853707415e+03 6.020814211e-01 1.442158758e+00 1.008502122e+00 6.261049187e-01 6.261049188e-01 6.261049187e-01
6.868136273e+03 6.001820503e-01 1.439186784e+00 1.006906355e+00 6.245771645e-01 6.245771645e-01 6.245771645e-01
6.882565130e+03 5.982929056e-01 1.436226852e+00 1.005318472e+00 6.230571008e-01 6.230571009e-01 6.230571008e-01
6.896993988e+03 5.964139099e-01 1.433278881e+00 1.003738412e+00 6.215446692e-01 6.215446693e-01 6.215446692e-01
6.911422846e+03 5.945449857e-01 1.430342791e+00 1.002166115e+00 6.200398107e-01 6.200398107e-01 6.200398107e-01
6.925851703e+03 5.926860567e-01 1.427418501e+00 1.000601524e+00 6.185424674e-01 6.185424674e-01 6.185424674e-01
6.940280561e+03 5.908370474e-01 1.424505934e+00 9.990445804e-01 6.170525820e-01 6.170525820e-01 6.170525820e-01
6.954709419e+03 5.889978831e-01 1.421605009e+00 9.974952261e-01 6.155700978e-01 6.155700979e-01 6.155700978e-01
6.969138277e+03 5.871684898e-01 1.418715651e+00 9.959534045e-01 6.140949587e-01 6.140949588e-01 6.140949587e-01
6.983567134e+03 5.853487941e-01 1.415837782e+00 9.944190592e-01 6.126271092e-01 6.126271092e-01 6.126271092e-01
6.997995992e+03 5.835387239e-01 1.412971326e+00 9.928921348e-01 6.111664945e-01 6.111664945e-01 6.111664945e-01
7.012424850e+03 5.817382075e-01 1.410116208e+00 9.913725763e-01 6.097130605e-01 6.097130605e-01 6.097130605e-01
7.026853707e+03 5.799471736e-01 1.407272354e+00 9.898603288e-01 6.082667531e-01 6.082667531e-01 6.082667531e-01
7.041282565e+03 5.781655517e-01 1.404439689e+00 9.883553382e-01 6.068275188e-01 6.068275189e-01 6.068275189e-01
7.055711423e+03 5.763932720e-01 1.401618140e+00 9.868575508e-01 6.053953051e-01 6.053953051e-01 6.053953051e-01
7.070140281e+03 5.746302655e-01 1.398807635e+00 9.853669137e-01 6.039700595e-01 6.039700596e-01 6.039700595e-01
7.084569138e+03 5.728764636e-01 1.396008101e+00 9.838833741e-01 6.025517304e-01 6.025517304e-01 6.025517304e-01
7.098997996e+03 5.711317985e-01 1.393219468e+00 9.824068802e-01 6.011402664e-01 6.011402664e-01 6.011402664e-01
7.113426854e+03 5.693962039e-01 1.390441665e+00 9.809373809e-01 5.997356174e-01 5.997356174e-01 5.997356174e-01
7.127855711e+03 5.676696131e-01 1.387674622e+00 9.794748250e-01 5.983377331e-01 5.983377331e-01 5.983377331e-01
7.142284569e+03 5.659519600e-01 1.384918269e+00 9.780191620e-01 5.969465636e-01 5.969465636e-01 5.969465636e-01
7.156713427e+03 5.642431796e-01 1.382172539e+00 9.765703417e-01 5.955620597e-01 5.955620598e-01 5.955620597e-01
7.171142285e+03 5.625432071e-01 1.379437362e+00 9.751283148e-01 5.941841727e-01 5.941841728e-01 5.941841728e-01
7.185571142e+03 5.608519787e-01 1.376712672e+00 9.736930320e-01 5.928128544e-01 5.928128544e-01 5.928128544e-01
7.200000000e+03 5.591694309e-01 1.373998401e+00 9.722644449e-01 5.914480568e-01 5.914480569e-01 5.914480568e-01
