time            Cj              Ck              Br              shCj            shCk            shBr           
0.000000000e+00 1.000000000e+01 1.000000000e-05 1.000000000e+01 0.000000000e+00 0.000000000e+00 1.000000000e+01
4.008016032e+01 6.942565018e+00 1.895103245e-02 9.958911872e+00 5.418878598e-06 1.474328100e-02 9.999962368e+00
8.016032064e+01 6.901047103e+00 4.412292848e-02 9.905115422e+00 3.821426331e-05 2.426711044e-02 9.999831404e+00
1.202404810e+02 6.885903307e+00 7.789416604e-02 9.851268405e+00 9.980988934e-05 3.085737478e-02 9.999629321e+00
1.603206413e+02 6.873137584e+00 1.184199010e-01 9.797563704e+00 1.779893555e-04 3.541808408e-02 9.999377513e+00
2.004008016e+02 6.860991310e+00 1.634703435e-01 9.743948446e+00 2.605133193e-04 3.856373037e-02 9.999091042e+00
2.404809619e+02 6.849017741e+00 2.112882054e-01 9.690389026e+00 3.388773036e-04 4.071956647e-02 9.998780473e+00
2.805611222e+02 6.837110641e+00 2.606702571e-01 9.636867672e+00 4.083518683e-04 4.218163899e-02 9.998453254e+00
3.206412826e+02 6.825283098e+00 3.108474936e-01 9.583376044e+00 4.670107010e-04 4.315689106e-02 9.998114648e+00
3.607214429e+02 6.813582819e+00 3.613476772e-01 9.529911194e+00 5.147104376e-04 4.379042397e-02 9.997768387e+00
4.008016032e+02 6.802060154e+00 4.118884487e-01 9.476473156e+00 5.522999142e-04 4.418415755e-02 9.997417110e+00
4.408817635e+02 6.790757343e+00 4.623043320e-01 9.423063567e+00 5.810841649e-04 4.440979213e-02 9.997062691e+00
4.809619238e+02 6.779706665e+00 5.125000963e-01 9.369684891e+00 6.024946693e-04 4.451777661e-02 9.996706453e+00
5.210420842e+02 6.768930966e+00 5.624221734e-01 9.316339997e+00 6.179040923e-04 4.454362947e-02 9.996349334e+00
5.611222445e+02 6.758445555e+00 6.120413388e-01 9.263031937e+00 6.285365945e-04 4.451236651e-02 9.995991991e+00
6.012024048e+02 6.748259952e+00 6.613425414e-01 9.209763824e+00 6.354328665e-04 4.444156912e-02 9.995634888e+00
6.412825651e+02 6.738379248e+00 7.103189046e-01 9.156538782e+00 6.394511078e-04 4.434361889e-02 9.995278347e+00
6.813627255e+02 6.728805393e+00 7.589682243e-01 9.103359908e+00 6.412784865e-04 4.422717346e-02 9.994922593e+00
7.214428858e+02 6.719538047e+00 8.072909369e-01 9.050230287e+00 6.414615237e-04 4.409836197e-02 9.994567779e+00
7.615230461e+02 6.710575244e+00 8.552889687e-01 8.997152966e+00 6.404242442e-04 4.396146489e-02 9.994214010e+00
8.016032064e+02 6.701913867e+00 9.029650587e-01 8.944130965e+00 6.384914505e-04 4.381946446e-02 9.993861353e+00
8.416833667e+02 6.693550011e+00 9.503223775e-01 8.891167280e+00 6.359111425e-04 4.367445603e-02 9.993509853e+00
8.817635271e+02 6.685479244e+00 9.973642990e-01 8.838264882e+00 6.328709342e-04 4.352790682e-02 9.993159537e+00
9.218436874e+02 6.677696760e+00 1.044094285e+00 8.785426721e+00 6.295097607e-04 4.338082330e-02 9.992810419e+00
9.619238477e+02 6.670197528e+00 1.090515804e+00 8.732655725e+00 6.259304460e-04 4.323390062e-02 9.992462503e+00
1.002004008e+03 6.662976396e+00 1.136632294e+00 8.679954804e+00 6.222101091e-04 4.308763188e-02 9.992115789e+00
1.042084168e+03 6.656028129e+00 1.182447150e+00 8.627326848e+00 6.184050094e-04 4.294235254e-02 9.991770273e+00
1.082164329e+03 6.649347466e+00 1.227963707e+00 8.574774731e+00 6.145557549e-04 4.279828775e-02 9.991425946e+00
1.122244489e+03 6.642929147e+00 1.273185234e+00 8.522301305e+00 6.106920547e-04 4.265559200e-02 9.991082800e+00
1.162324649e+03 6.636767941e+00 1.318114935e+00 8.469909405e+00 6.068351010e-04 4.251436662e-02 9.990740823e+00
1.202404810e+03 6.630858651e+00 1.362755946e+00 8.417601848e+00 6.029999254e-04 4.237467639e-02 9.990400003e+00
1.242484970e+03 6.625196135e+00 1.407111338e+00 8.365381430e+00 5.991971200e-04 4.223656126e-02 9.990060328e+00
1.282565130e+03 6.619775302e+00 1.451184116e+00 8.313250928e+00 5.954341536e-04 4.210004462e-02 9.989721785e+00
1.322645291e+03 6.614591128e+00 1.494977223e+00 8.261213100e+00 5.917161920e-04 4.196513804e-02 9.989384361e+00
1.362725451e+03 6.609638648e+00 1.538493537e+00 8.209270682e+00 5.880465804e-04 4.183184394e-02 9.989048042e+00
1.402805611e+03 6.604912962e+00 1.581735877e+00 8.157426389e+00 5.844272781e-04 4.170015810e-02 9.988712816e+00
1.442885772e+03 6.600409238e+00 1.624707004e+00 8.105682916e+00 5.808595895e-04 4.157007359e-02 9.988378668e+00
1.482965932e+03 6.596122710e+00 1.667409619e+00 8.054042933e+00 5.773442214e-04 4.144158096e-02 9.988045587e+00
1.523046092e+03 6.592048676e+00 1.709846369e+00 8.002509090e+00 5.738814476e-04 4.131466895e-02 9.987713558e+00
1.563126253e+03 6.588182503e+00 1.752019845e+00 7.951084014e+00 5.704712819e-04 4.118932532e-02 9.987382570e+00
1.603206413e+03 6.584519622e+00 1.793932585e+00 7.899770307e+00 5.671133763e-04 4.106553637e-02 9.987052608e+00
1.643286573e+03 6.581055528e+00 1.835587074e+00 7.848570547e+00 5.638073475e-04 4.094328840e-02 9.986723660e+00
1.683366733e+03 6.577785781e+00 1.876985748e+00 7.797487290e+00 5.605525551e-04 4.082256672e-02 9.986395714e+00
1.723446894e+03 6.574706004e+00 1.918130991e+00 7.746523064e+00 5.573484553e-04 4.070335725e-02 9.986068757e+00
1.763527054e+03 6.571811884e+00 1.959025140e+00 7.695680373e+00 5.541943465e-04 4.058564533e-02 9.985742776e+00
1.803607214e+03 6.569099166e+00 1.999670486e+00 7.644961696e+00 5.510896170e-04 4.046941683e-02 9.985417760e+00
1.843687375e+03 6.566563662e+00 2.040069273e+00 7.594369485e+00 5.480335763e-04 4.035465744e-02 9.985093695e+00
1.883767535e+03 6.564201239e+00 2.080223701e+00 7.543906164e+00 5.450255719e-04 4.024135308e-02 9.984770570e+00
1.923847695e+03 6.562007827e+00 2.120135925e+00 7.493574132e+00 5.420649238e-04 4.012948969e-02 9.984448374e+00
1.963927856e+03 6.559979411e+00 2.159808062e+00 7.443375759e+00 5.391509612e-04 4.001905333e-02 9.984127093e+00
2.004008016e+03 6.558112040e+00 2.199242182e+00 7.393313388e+00 5.362830082e-04 3.991003017e-02 9.983806717e+00
2.044088176e+03 6.556401816e+00 2.238440316e+00 7.343389335e+00 5.334603905e-04 3.980240646e-02 9.983487234e+00
2.084168337e+03 6.554844899e+00 2.277404459e+00 7.293605885e+00 5.306824408e-04 3.969616861e-02 9.983168632e+00
2.124248497e+03 6.553437502e+00 2.316136566e+00 7.243965295e+00 5.279485257e-04 3.959130323e-02 9.982850900e+00
2.164328657e+03 6.552175900e+00 2.354638554e+00 7.194469794e+00 5.252579813e-04 3.948779694e-02 9.982534027e+00
2.204408818e+03 6.551056416e+00 2.392912307e+00 7.145121578e+00 5.226102105e-04 3.938563672e-02 9.982218001e+00
2.244488978e+03 6.550075428e+00 2.430959673e+00 7.095922816e+00 5.200045905e-04 3.928480951e-02 9.981902812e+00
2.284569138e+03 6.549229368e+00 2.468782464e+00 7.046875647e+00 5.174405066e-04 3.918530244e-02 9.981588449e+00
2.324649299e+03 6.548514721e+00 2.506382461e+00 6.997982176e+00 5.149173782e-04 3.908710283e-02 9.981274900e+00
2.364729459e+03 6.547928028e+00 2.543761408e+00 6.949244482e+00 5.124346124e-04 3.899019807e-02 9.980962155e+00
2.404809619e+03 6.547465881e+00 2.580921019e+00 6.900664611e+00 5.099916381e-04 3.889457573e-02 9.980650204e+00
2.444889780e+03 6.547124913e+00 2.617862982e+00 6.852244577e+00 5.075878791e-04 3.880022345e-02 9.980339036e+00
2.484969940e+03 6.546901811e+00 2.654588953e+00 6.803986363e+00 5.052227668e-04 3.870712897e-02 9.980028640e+00
2.525050100e+03 6.546793314e+00 2.691100558e+00 6.755891922e+00 5.028957502e-04 3.861528022e-02 9.979719007e+00
2.565130261e+03 6.546796225e+00 2.727399387e+00 6.707963172e+00 5.006063156e-04 3.852466540e-02 9.979410126e+00
2.605210421e+03 6.546907386e+00 2.763487007e+00 6.660202001e+00 4.983539418e-04 3.843527276e-02 9.979101986e+00
2.645290581e+03 6.547123668e+00 2.799364969e+00 6.612610264e+00 4.961380824e-04 3.834709045e-02 9.978794579e+00
2.685370741e+03 6.547442003e+00 2.835034793e+00 6.565189783e+00 4.939582277e-04 3.826010691e-02 9.978487894e+00
2.725450902e+03 6.547859369e+00 2.870497972e+00 6.517942349e+00 4.918138795e-04 3.817431072e-02 9.978181921e+00
2.765531062e+03 6.548372800e+00 2.905755968e+00 6.470869718e+00 4.897045624e-04 3.808969068e-02 9.977876650e+00
2.805611222e+03 6.548979365e+00 2.940810229e+00 6.423973615e+00 4.876297977e-04 3.800623565e-02 9.977572073e+00
2.845691383e+03 6.549676183e+00 2.975662175e+00 6.377255730e+00 4.855891046e-04 3.792393452e-02 9.977268179e+00
2.885771543e+03 6.550460421e+00 3.010313202e+00 6.330717723e+00 4.835820253e-04 3.784277642e-02 9.976964959e+00
2.925851703e+03 6.551329283e+00 3.044764688e+00 6.284361216e+00 4.816080973e-04 3.776275051e-02 9.976662403e+00
2.965931864e+03 6.552280014e+00 3.079017992e+00 6.238187803e+00 4.796668618e-04 3.768384603e-02 9.976360503e+00
3.006012024e+03 6.553309907e+00 3.113074449e+00 6.192199040e+00 4.777578720e-04 3.760605237e-02 9.976059249e+00
3.046092184e+03 6.554416311e+00 3.146935371e+00 6.146396452e+00 4.758807115e-04 3.752935918e-02 9.975758633e+00
3.086172345e+03 6.555596608e+00 3.180602053e+00 6.100781530e+00 4.740349551e-04 3.745375612e-02 9.975458645e+00
3.126252505e+03 6.556848210e+00 3.214075775e+00 6.055355731e+00 4.722201614e-04 3.737923280e-02 9.975159275e+00
3.166332665e+03 6.558168578e+00 3.247357799e+00 6.010120478e+00 4.704359049e-04 3.730577901e-02 9.974860517e+00
3.206412826e+03 6.559555215e+00 3.280449366e+00 5.965077162e+00 4.686817786e-04 3.723338471e-02 9.974562360e+00
3.246492986e+03 6.561005673e+00 3.313351699e+00 5.920227139e+00 4.669574124e-04 3.716204017e-02 9.974264796e+00
3.286573146e+03 6.562517535e+00 3.346066006e+00 5.875571730e+00 4.652624235e-04 3.709173563e-02 9.973967817e+00
3.326653307e+03 6.564088426e+00 3.378593480e+00 5.831112226e+00 4.635964091e-04 3.702246127e-02 9.973671414e+00
3.366733467e+03 6.565716011e+00 3.410935298e+00 5.786849881e+00 4.619590021e-04 3.695420758e-02 9.973375579e+00
3.406813627e+03 6.567397995e+00 3.443092620e+00 5.742785917e+00 4.603498289e-04 3.688696504e-02 9.973080303e+00
3.446893788e+03 6.569132117e+00 3.475066594e+00 5.698921522e+00 4.587685176e-04 3.682072423e-02 9.972785578e+00
3.486973948e+03 6.570916158e+00 3.506858351e+00 5.655257851e+00 4.572146993e-04 3.675547579e-02 9.972491396e+00
3.527054108e+03 6.572747934e+00 3.538469013e+00 5.611796025e+00 4.556880295e-04 3.669121060e-02 9.972197749e+00
3.567134269e+03 6.574625300e+00 3.569899686e+00 5.568537131e+00 4.541881592e-04 3.662791956e-02 9.971904629e+00
3.607214429e+03 6.576546144e+00 3.601151465e+00 5.525482225e+00 4.527147434e-04 3.656559364e-02 9.971612027e+00
3.647294589e+03 6.578508398e+00 3.632225427e+00 5.482632327e+00 4.512674474e-04 3.650422396e-02 9.971319937e+00
3.687374749e+03 6.580510027e+00 3.663122642e+00 5.439988426e+00 4.498459427e-04 3.644380174e-02 9.971028350e+00
3.727454910e+03 6.582549030e+00 3.693844167e+00 5.397551477e+00 4.484499068e-04 3.638431827e-02 9.970737259e+00
3.767535070e+03 6.584623439e+00 3.724391049e+00 5.355322403e+00 4.470790175e-04 3.632576494e-02 9.970446655e+00
3.807615230e+03 6.586731325e+00 3.754764322e+00 5.313302093e+00 4.457329640e-04 3.626813324e-02 9.970156532e+00
3.847695391e+03 6.588870793e+00 3.784965013e+00 5.271491404e+00 4.444114386e-04 3.621141476e-02 9.969866882e+00
3.887775551e+03 6.591039979e+00 3.814994134e+00 5.229891162e+00 4.431141367e-04 3.615560114e-02 9.969577697e+00
3.927855711e+03 6.593237056e+00 3.844852691e+00 5.188502158e+00 4.418407601e-04 3.610068416e-02 9.969288970e+00
3.967935872e+03 6.595460229e+00 3.874541678e+00 5.147325154e+00 4.405910158e-04 3.604665566e-02 9.969000694e+00
4.008016032e+03 6.597707737e+00 3.904062083e+00 5.106360876e+00 4.393646160e-04 3.599350758e-02 9.968712862e+00
4.048096192e+03 6.599977849e+00 3.933414881e+00 5.065610023e+00 4.381612761e-04 3.594123193e-02 9.968425466e+00
4.088176353e+03 6.602268868e+00 3.962601041e+00 5.025073259e+00 4.369807190e-04 3.588982083e-02 9.968138499e+00
4.128256513e+03 6.604579130e+00 3.991621523e+00 4.984751219e+00 4.358226700e-04 3.583926647e-02 9.967851954e+00
4.168336673e+03 6.606907000e+00 4.020477280e+00 4.944644504e+00 4.346868594e-04 3.578956114e-02 9.967565825e+00
4.208416834e+03 6.609250875e+00 4.049169256e+00 4.904753686e+00 4.335730219e-04 3.574069718e-02 9.967280104e+00
4.248496994e+03 6.611609184e+00 4.077698388e+00 4.865079306e+00 4.324808980e-04 3.569266707e-02 9.966994785e+00
4.288577154e+03 6.613980384e+00 4.106065606e+00 4.825621874e+00 4.314102317e-04 3.564546332e-02 9.966709861e+00
4.328657315e+03 6.616362963e+00 4.134271832e+00 4.786381871e+00 4.303607712e-04 3.559907855e-02 9.966425324e+00
4.368737475e+03 6.618755440e+00 4.162317984e+00 4.747359746e+00 4.293322693e-04 3.555350546e-02 9.966141170e+00
4.408817635e+03 6.621156363e+00 4.190204970e+00 4.708555919e+00 4.283244823e-04 3.550873681e-02 9.965857390e+00
4.448897796e+03 6.623564306e+00 4.217933692e+00 4.669970781e+00 4.273371710e-04 3.546476545e-02 9.965573978e+00
4.488977956e+03 6.625977876e+00 4.245505050e+00 4.631604694e+00 4.263701006e-04 3.542158432e-02 9.965290928e+00
4.529058116e+03 6.628395706e+00 4.272919934e+00 4.593457988e+00 4.254230396e-04 3.537918642e-02 9.965008234e+00
4.569138277e+03 6.630816456e+00 4.300179229e+00 4.555530969e+00 4.244957603e-04 3.533756484e-02 9.964725888e+00
4.609218437e+03 6.633238815e+00 4.327283815e+00 4.517823910e+00 4.235880386e-04 3.529671273e-02 9.964443886e+00
4.649298597e+03 6.635661500e+00 4.354234567e+00 4.480337059e+00 4.226996545e-04 3.525662332e-02 9.964162220e+00
4.689378758e+03 6.638083254e+00 4.381032355e+00 4.443070633e+00 4.218303912e-04 3.521728991e-02 9.963880884e+00
4.729458918e+03 6.640502845e+00 4.407678044e+00 4.406024825e+00 4.209800363e-04 3.517870590e-02 9.963599873e+00
4.769539078e+03 6.642919071e+00 4.434172492e+00 4.369199798e+00 4.201483803e-04 3.514086473e-02 9.963319179e+00
4.809619238e+03 6.645330753e+00 4.460516555e+00 4.332595688e+00 4.193352169e-04 3.510375993e-02 9.963038798e+00
4.849699399e+03 6.647736738e+00 4.486711085e+00 4.296212604e+00 4.185403434e-04 3.506738508e-02 9.962758723e+00
4.889779559e+03 6.650135900e+00 4.512756926e+00 4.260050631e+00 4.177635612e-04 3.503173386e-02 9.962478948e+00
4.929859719e+03 6.652527136e+00 4.538654921e+00 4.224109826e+00 4.170046745e-04 3.499680000e-02 9.962199468e+00
4.969939880e+03 6.654909368e+00 4.564405909e+00 4.188390219e+00 4.162634905e-04 3.496257731e-02 9.961920276e+00
5.010020040e+03 6.657281544e+00 4.590010723e+00 4.152891815e+00 4.155398199e-04 3.492905965e-02 9.961641367e+00
5.050100200e+03 6.659642634e+00 4.615470194e+00 4.117614595e+00 4.148334765e-04 3.489624097e-02 9.961362735e+00
5.090180361e+03 6.661991632e+00 4.640785148e+00 4.082558515e+00 4.141442772e-04 3.486411528e-02 9.961084374e+00
5.130260521e+03 6.664327558e+00 4.665956408e+00 4.047723505e+00 4.134720419e-04 3.483267664e-02 9.960806279e+00
5.170340681e+03 6.666649451e+00 4.690984794e+00 4.013109470e+00 4.128165935e-04 3.480191920e-02 9.960528445e+00
5.210420842e+03 6.668956376e+00 4.715871121e+00 3.978716295e+00 4.121777577e-04 3.477183716e-02 9.960250865e+00
5.250501002e+03 6.671247419e+00 4.740616202e+00 3.944543836e+00 4.115553632e-04 3.474242477e-02 9.959973535e+00
5.290581162e+03 6.673521689e+00 4.765220847e+00 3.910591930e+00 4.109492413e-04 3.471367639e-02 9.959696448e+00
5.330661323e+03 6.675778316e+00 4.789685862e+00 3.876860389e+00 4.103592265e-04 3.468558638e-02 9.959419600e+00
5.370741483e+03 6.678016451e+00 4.814012050e+00 3.843349003e+00 4.097851555e-04 3.465814922e-02 9.959142985e+00
5.410821643e+03 6.680235269e+00 4.838200212e+00 3.810057538e+00 4.092268680e-04 3.463135941e-02 9.958866597e+00
5.450901804e+03 6.682433964e+00 4.862251145e+00 3.776985739e+00 4.086842063e-04 3.460521153e-02 9.958590433e+00
5.490981964e+03 6.684611751e+00 4.886165645e+00 3.744133332e+00 4.081570156e-04 3.457970023e-02 9.958314485e+00
5.531062124e+03 6.686767865e+00 4.909944502e+00 3.711500016e+00 4.076451434e-04 3.455482019e-02 9.958038750e+00
5.571142285e+03 6.688901562e+00 4.933588507e+00 3.679085475e+00 4.071484395e-04 3.453056618e-02 9.957763223e+00
5.611222445e+03 6.691012117e+00 4.957098446e+00 3.646889367e+00 4.066667566e-04 3.450693300e-02 9.957487897e+00
5.651302605e+03 6.693098825e+00 4.980475104e+00 3.614911334e+00 4.061999497e-04 3.448391554e-02 9.957212768e+00
5.691382766e+03 6.695161000e+00 5.003719260e+00 3.583150995e+00 4.057478760e-04 3.446150872e-02 9.956937832e+00
5.731462926e+03 6.697197975e+00 5.026831696e+00 3.551607951e+00 4.053103951e-04 3.443970751e-02 9.956663083e+00
5.771543086e+03 6.699209102e+00 5.049813187e+00 3.520281783e+00 4.048873689e-04 3.441850698e-02 9.956388516e+00
5.811623246e+03 6.701193751e+00 5.072664508e+00 3.489172054e+00 4.044786616e-04 3.439790219e-02 9.956114126e+00
5.851703407e+03 6.703151310e+00 5.095386430e+00 3.458278306e+00 4.040841400e-04 3.437788832e-02 9.955839909e+00
5.891783567e+03 6.705081186e+00 5.117979725e+00 3.427600064e+00 4.037036731e-04 3.435846058e-02 9.955565860e+00
5.931863727e+03 6.706982804e+00 5.140445158e+00 3.397136837e+00 4.033371319e-04 3.433961421e-02 9.955291974e+00
5.971943888e+03 6.708855605e+00 5.162783496e+00 3.366888114e+00 4.029843898e-04 3.432134453e-02 9.955018246e+00
6.012024048e+03 6.710699047e+00 5.184995501e+00 3.336853367e+00 4.026453222e-04 3.430364692e-02 9.954744672e+00
6.052104208e+03 6.712512606e+00 5.207081933e+00 3.307032050e+00 4.023198068e-04 3.428651680e-02 9.954471247e+00
6.092184369e+03 6.714295775e+00 5.229043552e+00 3.277423604e+00 4.020077233e-04 3.426994965e-02 9.954197967e+00
6.132264529e+03 6.716048059e+00 5.250881113e+00 3.248027450e+00 4.017089518e-04 3.425394096e-02 9.953924826e+00
6.172344689e+03 6.717768984e+00 5.272595370e+00 3.218842995e+00 4.014233755e-04 3.423848632e-02 9.953651822e+00
6.212424850e+03 6.719458087e+00 5.294187076e+00 3.189869630e+00 4.011508788e-04 3.422358134e-02 9.953378948e+00
6.252505010e+03 6.721114924e+00 5.315656980e+00 3.161106730e+00 4.008913489e-04 3.420922169e-02 9.953106200e+00
6.292585170e+03 6.722739066e+00 5.337005831e+00 3.132553656e+00 4.006446749e-04 3.419540309e-02 9.952833575e+00
6.332665331e+03 6.724330098e+00 5.358234376e+00 3.104209753e+00 4.004107467e-04 3.418212130e-02 9.952561068e+00
6.372745491e+03 6.725887620e+00 5.379343360e+00 3.076074353e+00 4.001894572e-04 3.416937213e-02 9.952288674e+00
6.412825651e+03 6.727411251e+00 5.400333522e+00 3.048146774e+00 3.999807046e-04 3.415715149e-02 9.952016390e+00
6.452905812e+03 6.728900620e+00 5.421205604e+00 3.020426320e+00 3.997843860e-04 3.414545527e-02 9.951744210e+00
6.492985972e+03 6.730355375e+00 5.441960343e+00 2.992912281e+00 3.996004021e-04 3.413427947e-02 9.951472131e+00
6.533066132e+03 6.731775169e+00 5.462598474e+00 2.965603935e+00 3.994286501e-04 3.412362007e-02 9.951200148e+00
6.573146293e+03 6.733159675e+00 5.483120728e+00 2.938500546e+00 3.992690333e-04 3.411347314e-02 9.950928258e+00
6.613226453e+03 6.734508578e+00 5.503527835e+00 2.911601368e+00 3.991214561e-04 3.410383480e-02 9.950656456e+00
6.653306613e+03 6.735821571e+00 5.523820525e+00 2.884905639e+00 3.989858201e-04 3.409470115e-02 9.950384738e+00
6.693386774e+03 6.737098361e+00 5.543999528e+00 2.858412590e+00 3.988620261e-04 3.408606834e-02 9.950113100e+00
6.733466934e+03 6.738338665e+00 5.564065566e+00 2.832121437e+00 3.987499784e-04 3.407793258e-02 9.949841538e+00
6.773547094e+03 6.739542217e+00 5.584019366e+00 2.806031385e+00 3.986495827e-04 3.407029011e-02 9.949570047e+00
6.813627255e+03 6.740708774e+00 5.603861650e+00 2.780141631e+00 3.985607606e-04 3.406313731e-02 9.949298625e+00
6.853707415e+03 6.741838092e+00 5.623593142e+00 2.754451359e+00 3.984834197e-04 3.405647050e-02 9.949027267e+00
6.893787575e+03 6.742929944e+00 5.643214563e+00 2.728959742e+00 3.984174755e-04 3.405028607e-02 9.948755969e+00
6.933867735e+03 6.743984126e+00 5.662726617e+00 2.703665946e+00 3.983628563e-04 3.404458058e-02 9.948484728e+00
6.973947896e+03 6.745000447e+00 5.682130011e+00 2.678569124e+00 3.983194913e-04 3.403935061e-02 9.948213538e+00
7.014028056e+03 6.745978723e+00 5.701425447e+00 2.653668422e+00 3.982873135e-04 3.403459280e-02 9.947942398e+00
7.054108216e+03 6.746918689e+00 5.720613652e+00 2.628962977e+00 3.982661924e-04 3.403030333e-02 9.947671302e+00
7.094188377e+03 6.747820223e+00 5.739695330e+00 2.604451915e+00 3.982560644e-04 3.402647893e-02 9.947400246e+00
7.134268537e+03 6.748683159e+00 5.758671182e+00 2.580134354e+00 3.982568510e-04 3.402311623e-02 9.947129229e+00
7.174348697e+03 6.749507344e+00 5.777541910e+00 2.556009406e+00 3.982684802e-04 3.402021195e-02 9.946858244e+00
7.214428858e+03 6.750292639e+00 5.796308213e+00 2.532076173e+00 3.982908777e-04 3.401776280e-02 9.946587290e+00
7.254509018e+03 6.751038911e+00 5.814970789e+00 2.508333751e+00 3.983239706e-04 3.401576557e-02 9.946316361e+00
7.294589178e+03 6.751746036e+00 5.833530332e+00 2.484781227e+00 3.983676873e-04 3.401421704e-02 9.946045456e+00
7.334669339e+03 6.752413903e+00 5.851987536e+00 2.461417682e+00 3.984219574e-04 3.401311408e-02 9.945774569e+00
7.374749499e+03 6.753042409e+00 5.870343091e+00 2.438242189e+00 3.984867123e-04 3.401245354e-02 9.945503697e+00
7.414829659e+03 6.753631462e+00 5.888597682e+00 2.415253813e+00 3.985618840e-04 3.401223238e-02 9.945232837e+00
7.454909820e+03 6.754180973e+00 5.906752005e+00 2.392451615e+00 3.986474060e-04 3.401244751e-02 9.944961986e+00
7.494989980e+03 6.754690870e+00 5.924806731e+00 2.369834650e+00 3.987432130e-04 3.401309596e-02 9.944691139e+00
7.535070140e+03 6.755161088e+00 5.942762538e+00 2.347401966e+00 3.988492409e-04 3.401417476e-02 9.944420293e+00
7.575150301e+03 6.755591560e+00 5.960620120e+00 2.325152607e+00 3.989654261e-04 3.401568093e-02 9.944149445e+00
7.615230461e+03 6.755982241e+00 5.978380145e+00 2.303085608e+00 3.990917072e-04 3.401761159e-02 9.943878591e+00
7.655310621e+03 6.756333086e+00 5.996043287e+00 2.281200003e+00 3.992280234e-04 3.401996388e-02 9.943607728e+00
7.695390782e+03 6.756644062e+00 6.013610217e+00 2.259494818e+00 3.993743152e-04 3.402273496e-02 9.943336853e+00
7.735470942e+03 6.756915141e+00 6.031081605e+00 2.237969077e+00 3.995305241e-04 3.402592205e-02 9.943065962e+00
7.775551102e+03 6.757146304e+00 6.048458116e+00 2.216621798e+00 3.996965927e-04 3.402952237e-02 9.942795052e+00
7.815631263e+03 6.757337539e+00 6.065740415e+00 2.195451994e+00 3.998724649e-04 3.403353320e-02 9.942524119e+00
7.855711423e+03 6.757488843e+00 6.082929163e+00 2.174458676e+00 4.000580856e-04 3.403795184e-02 9.942253160e+00
7.895791583e+03 6.757600217e+00 6.100025019e+00 2.153640849e+00 4.002534007e-04 3.404277563e-02 9.941982173e+00
7.935871743e+03 6.757671670e+00 6.117028640e+00 2.132997517e+00 4.004583571e-04 3.404800195e-02 9.941711153e+00
7.975951904e+03 6.757703220e+00 6.133940677e+00 2.112527679e+00 4.006729029e-04 3.405362820e-02 9.941440097e+00
8.016032064e+03 6.757694888e+00 6.150761784e+00 2.092230331e+00 4.008969870e-04 3.405965181e-02 9.941169002e+00
8.056112224e+03 6.757646705e+00 6.167492607e+00 2.072104466e+00 4.011305597e-04 3.406607025e-02 9.940897866e+00
8.096192385e+03 6.757558706e+00 6.184133793e+00 2.052149077e+00 4.013735720e-04 3.407288103e-02 9.940626684e+00
8.136272545e+03 6.757430934e+00 6.200685984e+00 2.032363150e+00 4.016259759e-04 3.408008167e-02 9.940355454e+00
8.176352705e+03 6.757263435e+00 6.217149822e+00 2.012745672e+00 4.018877246e-04 3.408766975e-02 9.940084173e+00
8.216432866e+03 6.757056264e+00 6.233525942e+00 1.993295626e+00 4.021587720e-04 3.409564285e-02 9.939812837e+00
8.256513026e+03 6.756809480e+00 6.249814982e+00 1.974011995e+00 4.024390732e-04 3.410399861e-02 9.939541443e+00
8.296593186e+03 6.756523150e+00 6.266017572e+00 1.954893759e+00 4.027285840e-04 3.411273467e-02 9.939269989e+00
8.336673347e+03 6.756197343e+00 6.282134342e+00 1.935939895e+00 4.030272614e-04 3.412184872e-02 9.938998470e+00
8.376753507e+03 6.755832135e+00 6.298165918e+00 1.917149382e+00 4.033350631e-04 3.413133849e-02 9.938726885e+00
8.416833667e+03 6.755427609e+00 6.314112926e+00 1.898521196e+00 4.036519478e-04 3.414120170e-02 9.938455230e+00
8.456913828e+03 6.754983850e+00 6.329975984e+00 1.880054312e+00 4.039778751e-04 3.415143614e-02 9.938183503e+00
8.496993988e+03 6.754500950e+00 6.345755712e+00 1.861747704e+00 4.043128055e-04 3.416203961e-02 9.937911699e+00
8.537074148e+03 6.753979005e+00 6.361452725e+00 1.843600346e+00 4.046567003e-04 3.417300994e-02 9.937639817e+00
8.577154309e+03 6.753418116e+00 6.377067635e+00 1.825611211e+00 4.050095217e-04 3.418434500e-02 9.937367853e+00
8.617234469e+03 6.752818387e+00 6.392601052e+00 1.807779272e+00 4.053712330e-04 3.419604267e-02 9.937095804e+00
8.657314629e+03 6.752179930e+00 6.408053582e+00 1.790103502e+00 4.057417980e-04 3.420810086e-02 9.936823667e+00
8.697394790e+03 6.751502858e+00 6.423425830e+00 1.772582874e+00 4.061211815e-04 3.422051753e-02 9.936551441e+00
8.737474950e+03 6.750787289e+00 6.438718395e+00 1.755216361e+00 4.065093491e-04 3.423329065e-02 9.936279120e+00
8.777555110e+03 6.750033346e+00 6.453931876e+00 1.738002936e+00 4.069062673e-04 3.424641821e-02 9.936006704e+00
8.817635271e+03 6.749241156e+00 6.469066867e+00 1.720941573e+00 4.073119034e-04 3.425989825e-02 9.935734189e+00
8.857715431e+03 6.748410848e+00 6.484123961e+00 1.704031246e+00 4.077262255e-04 3.427372882e-02 9.935461571e+00
8.897795591e+03 6.747542557e+00 6.499103746e+00 1.687270931e+00 4.081492023e-04 3.428790799e-02 9.935188849e+00
8.937875752e+03 6.746636421e+00 6.514006808e+00 1.670659603e+00 4.085808037e-04 3.430243387e-02 9.934916020e+00
8.977955912e+03 6.745692580e+00 6.528833730e+00 1.654196239e+00 4.090209999e-04 3.431730461e-02 9.934643080e+00
9.018036072e+03 6.744711180e+00 6.543585092e+00 1.637879818e+00 4.094697624e-04 3.433251834e-02 9.934370027e+00
9.058116232e+03 6.743692369e+00 6.558261471e+00 1.621709319e+00 4.099270629e-04 3.434807327e-02 9.934096859e+00
9.098196393e+03 6.742636298e+00 6.572863440e+00 1.605683723e+00 4.103928743e-04 3.436396759e-02 9.933823572e+00
9.138276553e+03 6.741543121e+00 6.587391570e+00 1.589802013e+00 4.108671701e-04 3.438019955e-02 9.933550164e+00
9.178356713e+03 6.740412995e+00 6.601846428e+00 1.574063172e+00 4.113499245e-04 3.439676740e-02 9.933276631e+00
9.218436874e+03 6.739246082e+00 6.616228580e+00 1.558466187e+00 4.118411124e-04 3.441366943e-02 9.933002972e+00
9.258517034e+03 6.738042544e+00 6.630538587e+00 1.543010044e+00 4.123407096e-04 3.443090394e-02 9.932729184e+00
9.298597194e+03 6.736802547e+00 6.644777006e+00 1.527693735e+00 4.128486926e-04 3.444846928e-02 9.932455264e+00
9.338677355e+03 6.735526261e+00 6.658944394e+00 1.512516251e+00 4.133650382e-04 3.446636380e-02 9.932181209e+00
9.378757515e+03 6.734213855e+00 6.673041302e+00 1.497476586e+00 4.138897245e-04 3.448458587e-02 9.931907017e+00
9.418837675e+03 6.732865503e+00 6.687068278e+00 1.482573739e+00 4.144227299e-04 3.450313391e-02 9.931632685e+00
9.458917836e+03 6.731481383e+00 6.701025870e+00 1.467806705e+00 4.149640339e-04 3.452200635e-02 9.931358211e+00
9.498997996e+03 6.730061671e+00 6.714914620e+00 1.453174487e+00 4.155136162e-04 3.454120164e-02 9.931083591e+00
9.539078156e+03 6.728606549e+00 6.728735066e+00 1.438676090e+00 4.160714575e-04 3.456071825e-02 9.930808824e+00
9.579158317e+03 6.727116199e+00 6.742487746e+00 1.424310522e+00 4.166375390e-04 3.458055469e-02 9.930533906e+00
9.619238477e+03 6.725590805e+00 6.756173193e+00 1.410076793e+00 4.172118427e-04 3.460070947e-02 9.930258836e+00
9.659318637e+03 6.724030554e+00 6.769791936e+00 1.395973915e+00 4.177943512e-04 3.462118114e-02 9.929983610e+00
9.699398798e+03 6.722435636e+00 6.783344502e+00 1.382000902e+00 4.183850480e-04 3.464196827e-02 9.929708226e+00
9.739478958e+03 6.720806240e+00 6.796831416e+00 1.368156774e+00 4.189839169e-04 3.466306945e-02 9.929432682e+00
9.779559118e+03 6.719142558e+00 6.810253198e+00 1.354440555e+00 4.195909425e-04 3.468448328e-02 9.929156975e+00
9.819639279e+03 6.717444784e+00 6.823610365e+00 1.340851269e+00 4.202061100e-04 3.470620841e-02 9.928881102e+00
9.859719439e+03 6.715713113e+00 6.836903430e+00 1.327387947e+00 4.208294053e-04 3.472824348e-02 9.928605061e+00
9.899799599e+03 6.713947743e+00 6.850132905e+00 1.314049618e+00 4.214608151e-04 3.475058718e-02 9.928328850e+00
9.939879760e+03 6.712148872e+00 6.863299299e+00 1.300835318e+00 4.221003263e-04 3.477323820e-02 9.928052466e+00
9.979959920e+03 6.710316700e+00 6.876403114e+00 1.287744087e+00 4.227479269e-04 3.479619527e-02 9.927775907e+00
1.002004008e+04 6.708451427e+00 6.889444853e+00 1.274774969e+00 4.234036052e-04 3.481945711e-02 9.927499170e+00
1.006012024e+04 6.706553256e+00 6.902425014e+00 1.261927011e+00 4.240673501e-04 3.484302250e-02 9.927222252e+00
1.010020040e+04 6.704622389e+00 6.915344090e+00 1.249199263e+00 4.247391513e-04 3.486689021e-02 9.926945152e+00
1.014028056e+04 6.702659034e+00 6.928202576e+00 1.236590776e+00 4.254189992e-04 3.489105906e-02 9.926667867e+00
1.018036072e+04 6.700663395e+00 6.941000959e+00 1.224100612e+00 4.261068845e-04 3.491552786e-02 9.926390394e+00
1.022044088e+04 6.698635679e+00 6.953739723e+00 1.211727832e+00 4.268027985e-04 3.494029546e-02 9.926112731e+00
1.026052104e+04 6.696576093e+00 6.966419352e+00 1.199471503e+00 4.275067335e-04 3.496536071e-02 9.925834876e+00
1.030060120e+04 6.694484845e+00 6.979040324e+00 1.187330695e+00 4.282186818e-04 3.499072251e-02 9.925556827e+00
1.034068136e+04 6.692362146e+00 6.991603116e+00 1.175304481e+00 4.289386369e-04 3.501637976e-02 9.925278580e+00
1.038076152e+04 6.690208207e+00 7.004108199e+00 1.163391941e+00 4.296665925e-04 3.504233139e-02 9.925000134e+00
1.042084168e+04 6.688023237e+00 7.016556042e+00 1.151592157e+00 4.304025429e-04 3.506857633e-02 9.924721486e+00
1.046092184e+04 6.685807448e+00 7.028947113e+00 1.139904217e+00 4.311464832e-04 3.509511354e-02 9.924442634e+00
1.050100200e+04 6.683561052e+00 7.041281874e+00 1.128327213e+00 4.318984087e-04 3.512194202e-02 9.924163575e+00
1.054108216e+04 6.681284262e+00 7.053560785e+00 1.116860240e+00 4.326583156e-04 3.514906075e-02 9.923884307e+00
1.058116232e+04 6.678977292e+00 7.065784303e+00 1.105502398e+00 4.334262007e-04 3.517646877e-02 9.923604829e+00
1.062124248e+04 6.676640356e+00 7.077952880e+00 1.094252792e+00 4.342020612e-04 3.520416511e-02 9.923325137e+00
1.066132265e+04 6.674273668e+00 7.090066968e+00 1.083110531e+00 4.349858948e-04 3.523214883e-02 9.923045229e+00
1.070140281e+04 6.671877442e+00 7.102127014e+00 1.072074730e+00 4.357776998e-04 3.526041900e-02 9.922765103e+00
1.074148297e+04 6.669451892e+00 7.114133460e+00 1.061144508e+00 4.365774752e-04 3.528897472e-02 9.922484757e+00
1.078156313e+04 6.666997235e+00 7.126086749e+00 1.050318986e+00 4.373852205e-04 3.531781510e-02 9.922204188e+00
1.082164329e+04 6.664513686e+00 7.137987317e+00 1.039597292e+00 4.382009357e-04 3.534693928e-02 9.921923395e+00
1.086172345e+04 6.662001461e+00 7.149835601e+00 1.028978559e+00 4.390246214e-04 3.537634641e-02 9.921642374e+00
1.090180361e+04 6.659460775e+00 7.161632030e+00 1.018461924e+00 4.398562786e-04 3.540603564e-02 9.921361124e+00
1.094188377e+04 6.656891844e+00 7.173377033e+00 1.008046529e+00 4.406959090e-04 3.543600617e-02 9.921079642e+00
1.098196393e+04 6.654294884e+00 7.185071035e+00 9.977315205e-01 4.415435148e-04 3.546625721e-02 9.920797926e+00
1.102204409e+04 6.651670112e+00 7.196714458e+00 9.875160495e-01 4.423990987e-04 3.549678796e-02 9.920515974e+00
1.106212425e+04 6.649017744e+00 7.208307722e+00 9.773992718e-01 4.432626641e-04 3.552759768e-02 9.920233783e+00
1.110220441e+04 6.646337995e+00 7.219851242e+00 9.673803489e-01 4.441342148e-04 3.555868562e-02 9.919951352e+00
1.114228457e+04 6.643631082e+00 7.231345430e+00 9.574584469e-01 4.450137549e-04 3.559005105e-02 9.919668678e+00
1.118236473e+04 6.640897220e+00 7.242790697e+00 9.476327368e-01 4.459012895e-04 3.562169325e-02 9.919385759e+00
1.122244489e+04 6.638136625e+00 7.254187449e+00 9.379023944e-01 4.467968239e-04 3.565361155e-02 9.919102593e+00
1.126252505e+04 6.635349514e+00 7.265536090e+00 9.282665985e-01 4.477003642e-04 3.568580526e-02 9.918819177e+00
1.130260521e+04 6.632536100e+00 7.276837020e+00 9.187245357e-01 4.486119167e-04 3.571827373e-02 9.918535510e+00
1.134268537e+04 6.629696601e+00 7.288090637e+00 9.092753965e-01 4.495314884e-04 3.575101631e-02 9.918251588e+00
1.138276553e+04 6.626831229e+00 7.299297335e+00 8.999183765e-01 4.504590868e-04 3.578403238e-02 9.917967411e+00
1.142284569e+04 6.623940200e+00 7.310457504e+00 8.906526762e-01 4.513947199e-04 3.581732133e-02 9.917682975e+00
1.146292585e+04 6.621023728e+00 7.321571535e+00 8.814775007e-01 4.523383964e-04 3.585088258e-02 9.917398279e+00
1.150300601e+04 6.618082028e+00 7.332639812e+00 8.723920594e-01 4.532901252e-04 3.588471553e-02 9.917113320e+00
1.154308617e+04 6.615115313e+00 7.343662718e+00 8.633955683e-01 4.542499161e-04 3.591881965e-02 9.916828097e+00
1.158316633e+04 6.612123795e+00 7.354640632e+00 8.544872481e-01 4.552177790e-04 3.595319437e-02 9.916542606e+00
1.162324649e+04 6.609107688e+00 7.365573930e+00 8.456663242e-01 4.561937246e-04 3.598783918e-02 9.916256846e+00
1.166332665e+04 6.606067204e+00 7.376462986e+00 8.369320273e-01 4.571777640e-04 3.602275357e-02 9.915970816e+00
1.170340681e+04 6.603002555e+00 7.387308170e+00 8.282835916e-01 4.581699090e-04 3.605793704e-02 9.915684511e+00
1.174348697e+04 6.599913951e+00 7.398109851e+00 8.197202579e-01 4.591701717e-04 3.609338911e-02 9.915397931e+00
1.178356713e+04 6.596801605e+00 7.408868393e+00 8.112412721e-01 4.601785647e-04 3.612910932e-02 9.915111074e+00
1.182364729e+04 6.593665726e+00 7.419584157e+00 8.028458847e-01 4.611951013e-04 3.616509723e-02 9.914823936e+00
1.186372745e+04 6.590506522e+00 7.430257503e+00 7.945333515e-01 4.622197952e-04 3.620135239e-02 9.914536516e+00
1.190380762e+04 6.587324205e+00 7.440888786e+00 7.863029331e-01 4.632526605e-04 3.623787440e-02 9.914248813e+00
1.194388778e+04 6.584118982e+00 7.451478360e+00 7.781538941e-01 4.642937121e-04 3.627466286e-02 9.913960823e+00
1.198396794e+04 6.580891061e+00 7.462026575e+00 7.700855059e-01 4.653429652e-04 3.631171737e-02 9.913672545e+00
1.202404810e+04 6.577640649e+00 7.472533779e+00 7.620970442e-01 4.664004355e-04 3.634903758e-02 9.913383976e+00
1.206412826e+04 6.574367952e+00 7.483000316e+00 7.541877899e-01 4.674661393e-04 3.638662312e-02 9.913095114e+00
1.210420842e+04 6.571073177e+00 7.493426527e+00 7.463570291e-01 4.685400934e-04 3.642447366e-02 9.912805958e+00
1.214428858e+04 6.567756528e+00 7.503812752e+00 7.386040519e-01 4.696223150e-04 3.646258887e-02 9.912516505e+00
1.218436874e+04 6.564418210e+00 7.514159328e+00 7.309281539e-01 4.707128220e-04 3.650096844e-02 9.912226753e+00
1.222444890e+04 6.561058427e+00 7.524466586e+00 7.233286362e-01 4.718116327e-04 3.653961208e-02 9.911936700e+00
1.226452906e+04 6.557677381e+00 7.534734859e+00 7.158048049e-01 4.729187659e-04 3.657851950e-02 9.911646343e+00
1.230460922e+04 6.554275274e+00 7.544964474e+00 7.083559709e-01 4.740342409e-04 3.661769046e-02 9.911355682e+00
1.234468938e+04 6.550852308e+00 7.555155756e+00 7.009814501e-01 4.751580776e-04 3.665712468e-02 9.911064713e+00
1.238476954e+04 6.547408683e+00 7.565309028e+00 6.936805623e-01 4.762902963e-04 3.669682195e-02 9.910773434e+00
1.242484970e+04 6.543944599e+00 7.575424609e+00 6.864526337e-01 4.774309179e-04 3.673678203e-02 9.910481844e+00
1.246492986e+04 6.540460255e+00 7.585502817e+00 6.792969953e-01 4.785799638e-04 3.677700473e-02 9.910189940e+00
1.250501002e+04 6.536955848e+00 7.595543966e+00 6.722129826e-01 4.797374559e-04 3.681748985e-02 9.909897720e+00
1.254509018e+04 6.533431576e+00 7.605548367e+00 6.651999364e-01 4.809034165e-04 3.685823721e-02 9.909605183e+00
1.258517034e+04 6.529887636e+00 7.615516330e+00 6.582572022e-01 4.820778686e-04 3.689924666e-02 9.909312325e+00
1.262525050e+04 6.526324222e+00 7.625448160e+00 6.513841296e-01 4.832608357e-04 3.694051804e-02 9.909019145e+00
1.266533066e+04 6.522741529e+00 7.635344163e+00 6.445800746e-01 4.844523417e-04 3.698205122e-02 9.908725642e+00
1.270541082e+04 6.519139751e+00 7.645204639e+00 6.378443972e-01 4.856524111e-04 3.702384608e-02 9.908431812e+00
1.274549098e+04 6.515519081e+00 7.655029887e+00 6.311764627e-01 4.868610687e-04 3.706590251e-02 9.908137653e+00
1.278557114e+04 6.511879709e+00 7.664820202e+00 6.245756411e-01 4.880783403e-04 3.710822043e-02 9.907843164e+00
1.282565130e+04 6.508221828e+00 7.674575878e+00 6.180413067e-01 4.893042517e-04 3.715079976e-02 9.907548343e+00
1.286573146e+04 6.504545627e+00 7.684297207e+00 6.115728390e-01 4.905388295e-04 3.719364043e-02 9.907253187e+00
1.290581162e+04 6.500851294e+00 7.693984477e+00 6.051696227e-01 4.917821009e-04 3.723674240e-02 9.906957694e+00
1.294589178e+04 6.497139019e+00 7.703637973e+00 5.988310470e-01 4.930340933e-04 3.728010562e-02 9.906661863e+00
1.298597194e+04 6.493408988e+00 7.713257979e+00 5.925565058e-01 4.942948350e-04 3.732373008e-02 9.906365691e+00
1.302605210e+04 6.489661387e+00 7.722844776e+00 5.863453980e-01 4.955643544e-04 3.736761578e-02 9.906069175e+00
1.306613226e+04 6.485896401e+00 7.732398643e+00 5.801971263e-01 4.968426809e-04 3.741176271e-02 9.905772315e+00
1.310621242e+04 6.482114214e+00 7.741919855e+00 5.741110992e-01 4.981298442e-04 3.745617090e-02 9.905475108e+00
1.314629259e+04 6.478315010e+00 7.751408686e+00 5.680867298e-01 4.994258744e-04 3.750084038e-02 9.905177551e+00
1.318637275e+04 6.474498971e+00 7.760865407e+00 5.621234355e-01 5.007308023e-04 3.754577120e-02 9.904879644e+00
1.322645291e+04 6.470666277e+00 7.770290287e+00 5.562206385e-01 5.020446592e-04 3.759096343e-02 9.904581382e+00
1.326653307e+04 6.466817109e+00 7.779683593e+00 5.503777657e-01 5.033674770e-04 3.763641713e-02 9.904282766e+00
1.330661323e+04 6.462951646e+00 7.789045588e+00 5.445942481e-01 5.046992880e-04 3.768213239e-02 9.903983792e+00
1.334669339e+04 6.459070067e+00 7.798376534e+00 5.388695221e-01 5.060401251e-04 3.772810932e-02 9.903684458e+00
1.338677355e+04 6.455172547e+00 7.807676690e+00 5.332030283e-01 5.073900219e-04 3.777434804e-02 9.903384763e+00
1.342685371e+04 6.451259263e+00 7.816946313e+00 5.275942120e-01 5.087490123e-04 3.782084867e-02 9.903084703e+00
1.346693387e+04 6.447330390e+00 7.826185659e+00 5.220425229e-01 5.101171307e-04 3.786761136e-02 9.902784278e+00
1.350701403e+04 6.443386103e+00 7.835394979e+00 5.165474150e-01 5.114944124e-04 3.791463626e-02 9.902483485e+00
1.354709419e+04 6.439426573e+00 7.844574523e+00 5.111083470e-01 5.128808931e-04 3.796192354e-02 9.902182322e+00
1.358717435e+04 6.435451974e+00 7.853724540e+00 5.057247823e-01 5.142766087e-04 3.800947339e-02 9.901880787e+00
1.362725451e+04 6.431462475e+00 7.862845275e+00 5.003961885e-01 5.156815962e-04 3.805728600e-02 9.901578877e+00
1.366733467e+04 6.427458246e+00 7.871936971e+00 4.951220379e-01 5.170958928e-04 3.810536159e-02 9.901276592e+00
1.370741483e+04 6.423439457e+00 7.880999869e+00 4.899018068e-01 5.185195364e-04 3.815370037e-02 9.900973927e+00
1.374749499e+04 6.419406275e+00 7.890034209e+00 4.847349758e-01 5.199525655e-04 3.820230258e-02 9.900670883e+00
1.378757515e+04 6.415358866e+00 7.899040227e+00 4.796210303e-01 5.213950190e-04 3.825116849e-02 9.900367455e+00
1.382765531e+04 6.411297396e+00 7.908018158e+00 4.745594600e-01 5.228469365e-04 3.830029833e-02 9.900063643e+00
1.386773547e+04 6.407222030e+00 7.916968234e+00 4.695497587e-01 5.243083581e-04 3.834969241e-02 9.899759444e+00
1.390781563e+04 6.403132931e+00 7.925890686e+00 4.645914247e-01 5.257793245e-04 3.839935099e-02 9.899454856e+00
1.394789579e+04 6.399030262e+00 7.934785742e+00 4.596839602e-01 5.272598771e-04 3.844927440e-02 9.899149877e+00
1.398797595e+04 6.394914183e+00 7.943653628e+00 4.548268718e-01 5.287500577e-04 3.849946294e-02 9.898844505e+00
1.402805611e+04 6.390784856e+00 7.952494567e+00 4.500196705e-01 5.302499087e-04 3.854991695e-02 9.898538738e+00
1.406813627e+04 6.386642439e+00 7.961308783e+00 4.452618713e-01 5.317594731e-04 3.860063676e-02 9.898232573e+00
1.410821643e+04 6.382487090e+00 7.970096494e+00 4.405529936e-01 5.332787947e-04 3.865162274e-02 9.897926009e+00
1.414829659e+04 6.378318966e+00 7.978857918e+00 4.358925608e-01 5.348079175e-04 3.870287525e-02 9.897619043e+00
1.418837675e+04 6.374138225e+00 7.987593272e+00 4.312801001e-01 5.363468865e-04 3.875439468e-02 9.897311673e+00
1.422845691e+04 6.369945020e+00 7.996302770e+00 4.267151433e-01 5.378957470e-04 3.880618142e-02 9.897003897e+00
1.426853707e+04 6.365739505e+00 8.004986622e+00 4.221972259e-01 5.394545451e-04 3.885823589e-02 9.896695714e+00
1.430861723e+04 6.361521834e+00 8.013645039e+00 4.177258878e-01 5.410233273e-04 3.891055850e-02 9.896387120e+00
1.434869739e+04 6.357292158e+00 8.022278229e+00 4.133006727e-01 5.426021410e-04 3.896314969e-02 9.896078114e+00
1.438877756e+04 6.353050628e+00 8.030886397e+00 4.089211282e-01 5.441910339e-04 3.901600992e-02 9.895768694e+00
1.442885772e+04 6.348797393e+00 8.039469748e+00 4.045868060e-01 5.457900545e-04 3.906913963e-02 9.895458857e+00
1.446893788e+04 6.344532603e+00 8.048028484e+00 4.002972617e-01 5.473992520e-04 3.912253932e-02 9.895148601e+00
1.450901804e+04 6.340256404e+00 8.056562804e+00 3.960520549e-01 5.490186759e-04 3.917620946e-02 9.894837924e+00
1.454909820e+04 6.335968944e+00 8.065072908e+00 3.918507491e-01 5.506483767e-04 3.923015056e-02 9.894526825e+00
1.458917836e+04 6.331670367e+00 8.073558991e+00 3.876929115e-01 5.522884054e-04 3.928436313e-02 9.894215300e+00
1.462925852e+04 6.327360819e+00 8.082021248e+00 3.835781133e-01 5.539388135e-04 3.933884770e-02 9.893903348e+00
1.466933868e+04 6.323040442e+00 8.090459871e+00 3.795059293e-01 5.555996533e-04 3.939360483e-02 9.893590966e+00
1.470941884e+04 6.318709379e+00 8.098875053e+00 3.754759385e-01 5.572709778e-04 3.944863505e-02 9.893278152e+00
1.474949900e+04 6.314367771e+00 8.107266980e+00 3.714877232e-01 5.589528404e-04 3.950393893e-02 9.892964905e+00
1.478957916e+04 6.310015758e+00 8.115635842e+00 3.675408699e-01 5.606452953e-04 3.955951707e-02 9.892651222e+00
1.482965932e+04 6.305653480e+00 8.123981823e+00 3.636349684e-01 5.623483975e-04 3.961537005e-02 9.892337100e+00
1.486973948e+04 6.301281075e+00 8.132305106e+00 3.597696123e-01 5.640622025e-04 3.967149848e-02 9.892022538e+00
1.490981964e+04 6.296898680e+00 8.140605875e+00 3.559443990e-01 5.657867665e-04 3.972790299e-02 9.891707533e+00
1.494989980e+04 6.292506431e+00 8.148884309e+00 3.521589296e-01 5.675221464e-04 3.978458421e-02 9.891392084e+00
1.498997996e+04 6.288104463e+00 8.157140586e+00 3.484128085e-01 5.692683997e-04 3.984154278e-02 9.891076188e+00
1.503006012e+04 6.283692910e+00 8.165374884e+00 3.447056439e-01 5.710255846e-04 3.989877937e-02 9.890759842e+00
1.507014028e+04 6.279271905e+00 8.173587377e+00 3.410370476e-01 5.727937601e-04 3.995629466e-02 9.890443045e+00
1.511022044e+04 6.274841581e+00 8.181778239e+00 3.374066348e-01 5.745729859e-04 4.001408933e-02 9.890125794e+00
1.515030060e+04 6.270402068e+00 8.189947642e+00 3.338140243e-01 5.763633222e-04 4.007216408e-02 9.889808087e+00
1.519038076e+04 6.265953497e+00 8.198095755e+00 3.302588384e-01 5.781648302e-04 4.013051964e-02 9.889489922e+00
1.523046092e+04 6.261495995e+00 8.206222747e+00 3.267407027e-01 5.799775714e-04 4.018915672e-02 9.889171297e+00
1.527054108e+04 6.257029693e+00 8.214328784e+00 3.232592465e-01 5.818016084e-04 4.024807608e-02 9.888852209e+00
1.531062124e+04 6.252554715e+00 8.222414033e+00 3.198141023e-01 5.836370045e-04 4.030727846e-02 9.888532656e+00
1.535070140e+04 6.248071189e+00 8.230478656e+00 3.164049060e-01 5.854838235e-04 4.036676465e-02 9.888212636e+00
1.539078156e+04 6.243579239e+00 8.238522815e+00 3.130312970e-01 5.873421300e-04 4.042653541e-02 9.887892147e+00
1.543086172e+04 6.239078990e+00 8.246546672e+00 3.096929179e-01 5.892119894e-04 4.048659156e-02 9.887571186e+00
1.547094188e+04 6.234570565e+00 8.254550384e+00 3.063894147e-01 5.910934679e-04 4.054693389e-02 9.887249751e+00
1.551102204e+04 6.230054084e+00 8.262534109e+00 3.031204366e-01 5.929866323e-04 4.060756324e-02 9.886927840e+00
1.555110220e+04 6.225529671e+00 8.270498004e+00 2.998856361e-01 5.948915503e-04 4.066848044e-02 9.886605450e+00
1.559118236e+04 6.220997444e+00 8.278442221e+00 2.966846690e-01 5.968082904e-04 4.072968635e-02 9.886282580e+00
1.563126253e+04 6.216457524e+00 8.286366914e+00 2.935171942e-01 5.987369216e-04 4.079118183e-02 9.885959226e+00
1.567134269e+04 6.211910027e+00 8.294272234e+00 2.903828738e-01 6.006775140e-04 4.085296776e-02 9.885635387e+00
1.571142285e+04 6.207355072e+00 8.302158332e+00 2.872813732e-01 6.026301382e-04 4.091504504e-02 9.885311060e+00
1.575150301e+04 6.202792775e+00 8.310025354e+00 2.842123607e-01 6.045948659e-04 4.097741457e-02 9.884986244e+00
1.579158317e+04 6.198223250e+00 8.317873449e+00 2.811755079e-01 6.065717693e-04 4.104007728e-02 9.884660934e+00
1.583166333e+04 6.193646614e+00 8.325702761e+00 2.781704896e-01 6.085609216e-04 4.110303410e-02 9.884335131e+00
1.587174349e+04 6.189062978e+00 8.333513436e+00 2.751969832e-01 6.105623968e-04 4.116628598e-02 9.884008830e+00
1.591182365e+04 6.184472455e+00 8.341305614e+00 2.722546696e-01 6.125762695e-04 4.122983389e-02 9.883682029e+00
1.595190381e+04 6.179875158e+00 8.349079438e+00 2.693432325e-01 6.146026153e-04 4.129367881e-02 9.883354727e+00
1.599198397e+04 6.175271196e+00 8.356835047e+00 2.664623588e-01 6.166415109e-04 4.135782172e-02 9.883026921e+00
1.603206413e+04 6.170660679e+00 8.364572579e+00 2.636117380e-01 6.186930333e-04 4.142226364e-02 9.882698608e+00
1.607214429e+04 6.166043717e+00 8.372292173e+00 2.607910628e-01 6.207572607e-04 4.148700559e-02 9.882369787e+00
1.611222445e+04 6.161420417e+00 8.379993963e+00 2.580000289e-01 6.228342720e-04 4.155204861e-02 9.882040454e+00
1.615230461e+04 6.156790887e+00 8.387678084e+00 2.552383346e-01 6.249241471e-04 4.161739373e-02 9.881710607e+00
1.619238477e+04 6.152155231e+00 8.395344669e+00 2.525056813e-01 6.270269667e-04 4.168304204e-02 9.881380244e+00
1.623246493e+04 6.147513556e+00 8.402993850e+00 2.498017733e-01 6.291428125e-04 4.174899462e-02 9.881049363e+00
1.627254509e+04 6.142865966e+00 8.410625757e+00 2.471263175e-01 6.312717668e-04 4.181525254e-02 9.880717961e+00
1.631262525e+04 6.138212565e+00 8.418240519e+00 2.444790238e-01 6.334139131e-04 4.188181693e-02 9.880386035e+00
1.635270541e+04 6.133553454e+00 8.425838265e+00 2.418596047e-01 6.355693357e-04 4.194868892e-02 9.880053584e+00
1.639278557e+04 6.128888735e+00 8.433419120e+00 2.392677755e-01 6.377381196e-04 4.201586963e-02 9.879720604e+00
1.643286573e+04 6.124218510e+00 8.440983211e+00 2.367032546e-01 6.399203510e-04 4.208336022e-02 9.879387093e+00
1.647294589e+04 6.119542879e+00 8.448530661e+00 2.341657625e-01 6.421161172e-04 4.215116186e-02 9.879053050e+00
1.651302605e+04 6.114861939e+00 8.456061593e+00 2.316550229e-01 6.443255059e-04 4.221927575e-02 9.878718470e+00
1.655310621e+04 6.110175790e+00 8.463576130e+00 2.291707618e-01 6.465486061e-04 4.228770306e-02 9.878383353e+00
1.659318637e+04 6.105484529e+00 8.471074391e+00 2.267127080e-01 6.487855077e-04 4.235644503e-02 9.878047694e+00
1.663326653e+04 6.100788253e+00 8.478556495e+00 2.242805930e-01 6.510363016e-04 4.242550288e-02 9.877711493e+00
1.667334669e+04 6.096087056e+00 8.486022562e+00 2.218741509e-01 6.533010797e-04 4.249487786e-02 9.877374745e+00
1.671342685e+04 6.091381035e+00 8.493472707e+00 2.194931182e-01 6.555799348e-04 4.256457122e-02 9.877037450e+00
1.675350701e+04 6.086670282e+00 8.500907047e+00 2.171372341e-01 6.578729607e-04 4.263458425e-02 9.876699604e+00
1.679358717e+04 6.081954892e+00 8.508325696e+00 2.148062403e-01 6.601802522e-04 4.270491824e-02 9.876361204e+00
1.683366733e+04 6.077234956e+00 8.515728767e+00 2.124998808e-01 6.625019051e-04 4.277557449e-02 9.876022249e+00
1.687374749e+04 6.072510566e+00 8.523116374e+00 2.102179024e-01 6.648380163e-04 4.284655433e-02 9.875682735e+00
1.691382766e+04 6.067781813e+00 8.530488626e+00 2.079600545e-01 6.671886840e-04 4.291785910e-02 9.875342660e+00
1.695390782e+04 6.063048787e+00 8.537845635e+00 2.057260885e-01 6.695540069e-04 4.298949015e-02 9.875002021e+00
1.699398798e+04 6.058311576e+00 8.545187509e+00 2.035157584e-01 6.719340850e-04 4.306144886e-02 9.874660816e+00
1.703406814e+04 6.053570270e+00 8.552514356e+00 2.013288207e-01 6.743290195e-04 4.313373661e-02 9.874319042e+00
1.707414830e+04 6.048824955e+00 8.559826284e+00 1.991650341e-01 6.767389125e-04 4.320635481e-02 9.873976697e+00
1.711422846e+04 6.044075719e+00 8.567123397e+00 1.970241599e-01 6.791638671e-04 4.327930488e-02 9.873633777e+00
1.715430862e+04 6.039322647e+00 8.574405801e+00 1.949059617e-01 6.816039879e-04 4.335258826e-02 9.873290281e+00
1.719438878e+04 6.034565824e+00 8.581673599e+00 1.928102053e-01 6.840593805e-04 4.342620640e-02 9.872946206e+00
1.723446894e+04 6.029805336e+00 8.588926894e+00 1.907366588e-01 6.865301514e-04 4.350016077e-02 9.872601548e+00
1.727454910e+04 6.025041266e+00 8.596165788e+00 1.886850927e-01 6.890164082e-04 4.357445286e-02 9.872256305e+00
1.731462926e+04 6.020273696e+00 8.603390381e+00 1.866552796e-01 6.915182599e-04 4.364908416e-02 9.871910475e+00
1.735470942e+04 6.015502709e+00 8.610600773e+00 1.846469944e-01 6.940358165e-04 4.372405622e-02 9.871564055e+00
1.739478958e+04 6.010728386e+00 8.617797062e+00 1.826600143e-01 6.965691893e-04 4.379937055e-02 9.871217042e+00
1.743486974e+04 6.005950808e+00 8.624979346e+00 1.806941189e-01 6.991184908e-04 4.387502872e-02 9.870869433e+00
1.747494990e+04 6.001170055e+00 8.632147722e+00 1.787490896e-01 7.016838346e-04 4.395103231e-02 9.870521226e+00
1.751503006e+04 5.996386205e+00 8.639302286e+00 1.768247100e-01 7.042653355e-04 4.402738289e-02 9.870172418e+00
1.755511022e+04 5.991599338e+00 8.646443131e+00 1.749207659e-01 7.068631095e-04 4.410408208e-02 9.869823005e+00
1.759519038e+04 5.986809532e+00 8.653570353e+00 1.730370454e-01 7.094772739e-04 4.418113151e-02 9.869472986e+00
1.763527054e+04 5.982016862e+00 8.660684043e+00 1.711733385e-01 7.121079473e-04 4.425853281e-02 9.869122358e+00
1.767535070e+04 5.977221406e+00 8.667784294e+00 1.693294376e-01 7.147552496e-04 4.433628766e-02 9.868771117e+00
1.771543086e+04 5.972423238e+00 8.674871197e+00 1.675051367e-01 7.174193019e-04 4.441439772e-02 9.868419261e+00
1.775551102e+04 5.967622435e+00 8.681944842e+00 1.657002322e-01 7.201002264e-04 4.449286469e-02 9.868066788e+00
1.779559118e+04 5.962819070e+00 8.689005317e+00 1.639145223e-01 7.227981470e-04 4.457169030e-02 9.867713693e+00
1.783567134e+04 5.958013217e+00 8.696052712e+00 1.621478073e-01 7.255131885e-04 4.465087627e-02 9.867359975e+00
1.787575150e+04 5.953204948e+00 8.703087114e+00 1.603998895e-01 7.282454772e-04 4.473042436e-02 9.867005630e+00
1.791583166e+04 5.948394335e+00 8.710108609e+00 1.586705734e-01 7.309951412e-04 4.481033634e-02 9.866650655e+00
1.795591182e+04 5.943581451e+00 8.717117283e+00 1.569596651e-01 7.337623095e-04 4.489061400e-02 9.866295049e+00
1.799599198e+04 5.938766365e+00 8.724113221e+00 1.552669728e-01 7.365471124e-04 4.497125915e-02 9.865938807e+00
1.803607214e+04 5.933949148e+00 8.731096506e+00 1.535923066e-01 7.393496817e-04 4.505227362e-02 9.865581926e+00
1.807615230e+04 5.929129870e+00 8.738067222e+00 1.519354784e-01 7.421701507e-04 4.513365925e-02 9.865224405e+00
1.811623246e+04 5.924308598e+00 8.745025451e+00 1.502963022e-01 7.450086541e-04 4.521541792e-02 9.864866239e+00
1.815631263e+04 5.919485402e+00 8.751971275e+00 1.486745938e-01 7.478653282e-04 4.529755150e-02 9.864507427e+00
1.819639279e+04 5.914660349e+00 8.758904774e+00 1.470701709e-01 7.507403107e-04 4.538006191e-02 9.864147964e+00
1.823647295e+04 5.909833505e+00 8.765826029e+00 1.454828528e-01 7.536337406e-04 4.546295107e-02 9.863787848e+00
1.827655311e+04 5.905004937e+00 8.772735118e+00 1.439124608e-01 7.565457583e-04 4.554622093e-02 9.863427076e+00
1.831663327e+04 5.900174710e+00 8.779632120e+00 1.423588179e-01 7.594765060e-04 4.562987345e-02 9.863065645e+00
1.835671343e+04 5.895342890e+00 8.786517112e+00 1.408217489e-01 7.624261272e-04 4.571391062e-02 9.862703552e+00
1.839679359e+04 5.890509541e+00 8.793390172e+00 1.393010804e-01 7.653947670e-04 4.579833445e-02 9.862340793e+00
1.843687375e+04 5.885674725e+00 8.800251373e+00 1.377966410e-01 7.683825725e-04 4.588314696e-02 9.861977366e+00
1.847695391e+04 5.880838507e+00 8.807100793e+00 1.363082608e-01 7.713896921e-04 4.596835021e-02 9.861613267e+00
1.851703407e+04 5.876000949e+00 8.813938504e+00 1.348357714e-01 7.744162755e-04 4.605394626e-02 9.861248494e+00
1.855711423e+04 5.871162113e+00 8.820764581e+00 1.333790064e-01 7.774624742e-04 4.613993722e-02 9.860883043e+00
1.859719439e+04 5.866322059e+00 8.827579096e+00 1.319378009e-01 7.805284414e-04 4.622632517e-02 9.860516911e+00
1.863727455e+04 5.861480849e+00 8.834382122e+00 1.305119918e-01 7.836143318e-04 4.631311227e-02 9.860150095e+00
1.867735471e+04 5.856638543e+00 8.841173730e+00 1.291014174e-01 7.867203018e-04 4.640030067e-02 9.859782592e+00
1.871743487e+04 5.851795200e+00 8.847953992e+00 1.277059184e-01 7.898465103e-04 4.648789254e-02 9.859414398e+00
1.875751503e+04 5.846950879e+00 8.854722978e+00 1.263253363e-01 7.929931172e-04 4.657589009e-02 9.859045510e+00
1.879759519e+04 5.842105638e+00 8.861480757e+00 1.249595146e-01 7.961602840e-04 4.666429553e-02 9.858675926e+00
1.883767535e+04 5.837259536e+00 8.868227398e+00 1.236082981e-01 7.993481742e-04 4.675311111e-02 9.858305641e+00
1.887775551e+04 5.832412630e+00 8.874962970e+00 1.222715333e-01 8.025569528e-04 4.684233910e-02 9.857934652e+00
1.891783567e+04 5.827564975e+00 8.881687540e+00 1.209490684e-01 8.057867869e-04 4.693198178e-02 9.857562957e+00
1.895791583e+04 5.822716629e+00 8.888401175e+00 1.196407529e-01 8.090378453e-04 4.702204147e-02 9.857190552e+00
1.899799599e+04 5.817867647e+00 8.895103940e+00 1.183464384e-01 8.123102991e-04 4.711252050e-02 9.856817433e+00
1.903807615e+04 5.813018083e+00 8.901795899e+00 1.170659775e-01 8.156043207e-04 4.720342124e-02 9.856443598e+00
1.907815631e+04 5.808167992e+00 8.908477117e+00 1.157992244e-01 8.189200844e-04 4.729474606e-02 9.856069042e+00
1.911823647e+04 5.803317428e+00 8.915147660e+00 1.145460346e-01 8.222577666e-04 4.738649737e-02 9.855693763e+00
1.915831663e+04 5.798466445e+00 8.921807591e+00 1.133062654e-01 8.256175455e-04 4.747867761e-02 9.855317757e+00
1.919839679e+04 5.793615094e+00 8.928456971e+00 1.120797754e-01 8.289996011e-04 4.757128922e-02 9.854941020e+00
1.923847695e+04 5.788763429e+00 8.935095863e+00 1.108664245e-01 8.324041157e-04 4.766433468e-02 9.854563549e+00
1.927855711e+04 5.783911501e+00 8.941724330e+00 1.096660747e-01 8.358312745e-04 4.775781651e-02 9.854185341e+00
1.931863727e+04 5.779059361e+00 8.948342432e+00 1.084785888e-01 8.392812636e-04 4.785173723e-02 9.853806393e+00
1.935871743e+04 5.774207060e+00 8.954950230e+00 1.073038309e-01 8.427542711e-04 4.794609939e-02 9.853426700e+00
1.939879760e+04 5.769354649e+00 8.961547783e+00 1.061416669e-01 8.462504873e-04 4.804090559e-02 9.853046259e+00
1.943887776e+04 5.764502177e+00 8.968135150e+00 1.049919638e-01 8.497701048e-04 4.813615841e-02 9.852665066e+00
1.947895792e+04 5.759649693e+00 8.974712391e+00 1.038545900e-01 8.533133183e-04 4.823186049e-02 9.852283119e+00
1.951903808e+04 5.754797246e+00 8.981279563e+00 1.027294154e-01 8.568803244e-04 4.832801449e-02 9.851900413e+00
1.955911824e+04 5.749944884e+00 8.987836724e+00 1.016163113e-01 8.604713232e-04 4.842462310e-02 9.851516944e+00
1.959919840e+04 5.745092655e+00 8.994383930e+00 1.005151502e-01 8.640865158e-04 4.852168903e-02 9.851132710e+00
1.963927856e+04 5.740240607e+00 9.000921238e+00 9.942580579e-02 8.677261055e-04 4.861921502e-02 9.850747707e+00
1.967935872e+04 5.735388785e+00 9.007448703e+00 9.834815310e-02 8.713902981e-04 4.871720383e-02 9.850361930e+00
1.971943888e+04 5.730537236e+00 9.013966381e+00 9.728206852e-02 8.750793016e-04 4.881565825e-02 9.849975376e+00
1.975951904e+04 5.725686007e+00 9.020474327e+00 9.622742964e-02 8.787933265e-04 4.891458111e-02 9.849588042e+00
1.979959920e+04 5.720835142e+00 9.026972595e+00 9.518411534e-02 8.825325855e-04 4.901397524e-02 9.849199923e+00
1.983967936e+04 5.715984686e+00 9.033461238e+00 9.415200622e-02 8.862972948e-04 4.911384354e-02 9.848811016e+00
1.987975952e+04 5.711134683e+00 9.039940309e+00 9.313098348e-02 8.900876716e-04 4.921418890e-02 9.848421317e+00
1.991983968e+04 5.706285179e+00 9.046409862e+00 9.212092965e-02 8.939039358e-04 4.931501425e-02 9.848030822e+00
1.995991984e+04 5.701436215e+00 9.052869947e+00 9.112172855e-02 8.977463100e-04 4.941632257e-02 9.847639528e+00
2.000000000e+04 5.696587836e+00 9.059320617e+00 9.013326517e-02 9.016150191e-04 4.951811683e-02 9.847247430e+00
